{
    "animation": [
        {
            "name": "Root",
            "time": [0.0, 0.0167, 0.0333, 0.05, 0.0667, 0.0833, 0.1, 0.1167, 0.1333, 0.15, 0.1667, 0.1833, 0.2, 0.2167, 0.2333, 0.25, 0.2667, 0.2833, 0.3, 0.3167, 0.3333, 0.35, 0.3667, 0.3833, 0.4, 0.4167, 0.4333, 0.45, 0.4667, 0.4833, 0.5, 0.5167, 0.5333, 0.55, 0.5667, 0.5833, 0.6, 0.6167, 0.6333, 0.65, 0.6667, 0.6833, 0.7, 0.7167, 0.7333, 0.75, 0.7667, 0.7833, 0.8, 0.8167, 0.8333, 0.85, 0.8667, 0.8833, 0.9, 0.9167, 0.9333, 0.95, 0.9667, 0.9833, 1.0, 1.0167, 1.0333, 1.05, 1.0667, 1.0833, 1.1, 1.1167, 1.1333, 1.15, 1.1667, 1.1833, 1.2, 1.2167, 1.2333, 1.25, 1.2667, 1.2833, 1.3, 1.3167, 1.3333, 1.35, 1.3667, 1.3833, 1.4, 1.4167, 1.4333, 1.45, 1.4667, 1.4833, 1.5, 1.5167, 1.5333, 1.55, 1.5667, 1.5833, 1.6, 1.6167, 1.6333, 1.65, 1.6667, 1.6833, 1.7, 1.7167, 1.7333, 1.75, 1.7667, 1.7833, 1.8, 1.8167, 1.8333, 1.85, 1.8667, 1.8833, 1.9, 1.9167, 1.9333, 1.95, 1.9667, 1.9833, 2.0, 2.0167, 2.0333, 2.05, 2.0667, 2.0833, 2.1, 2.1167, 2.1333, 2.15, 2.1667, 2.1833, 2.2, 2.2167, 2.2333, 2.25, 2.2667, 2.2833, 2.3, 2.3167, 2.3333, 2.35, 2.3667, 2.3833, 2.4, 2.4167, 2.4333, 2.45, 2.4667, 2.4833, 2.5, 2.5167, 2.5333, 2.55, 2.5667, 2.5833, 2.6, 2.6167, 2.6333, 2.65, 2.6667, 2.6833, 2.7, 2.7167, 2.7333, 2.75, 2.7667, 2.7833, 2.8, 2.8167, 2.8333, 2.85, 2.8667, 2.8833, 2.9, 2.9167, 2.9333, 2.95, 2.9667, 2.9833, 3.0, 3.0167],
            "transform": [
                [0.722201, 0.0, 0.691683, -5e-06, 0.691683, 0.0, -0.722201, 0.000946, 0.0, 1.0, 0.0, 0.6125, 0.0, 0.0, 0.0, 1.0],
                [0.717609, 0.0, 0.696447, -5e-06, 0.696447, 0.0, -0.717609, 0.001136, 0.0, 1.0, 0.0, 0.613656, 0.0, 0.0, 0.0, 1.0],
                [0.704978, 0.0, 0.709229, -5e-06, 0.709229, 0.0, -0.704978, 0.002464, 0.0, 1.0, 0.0, 0.61693, 0.0, 0.0, 0.0, 1.0],
                [0.685931, 0.0, 0.727666, -5e-06, 0.727666, 0.0, -0.685931, 0.006067, 0.0, 1.0, 0.0, 0.622032, 0.0, 0.0, 0.0, 1.0],
                [0.662133, 0.0, 0.749386, -5e-06, 0.749386, 0.0, -0.662133, 0.013084, 0.0, 1.0, 0.0, 0.628669, 0.0, 0.0, 0.0, 1.0],
                [0.63544, 0.0, 0.77215, -5e-06, 0.77215, 0.0, -0.63544, 0.024652, 0.0, 1.0, 0.0, 0.636551, 0.0, 0.0, 0.0, 1.0],
                [0.607964, 0.0, 0.793964, -5e-06, 0.793964, 0.0, -0.607964, 0.04191, 0.0, 1.0, 0.0, 0.645387, 0.0, 0.0, 0.0, 1.0],
                [0.582071, 0.0, 0.813138, -5e-06, 0.813138, 0.0, -0.582071, 0.078833, 0.0, 1.0, 0.0, 0.654885, 0.0, 0.0, 0.0, 1.0],
                [0.560313, 0.0, 0.828281, -5e-06, 0.828281, 0.0, -0.560313, 0.14111, 0.0, 1.0, 0.0, 0.664755, 0.0, 0.0, 0.0, 1.0],
                [0.545339, 0.0, 0.838216, -5e-06, 0.838216, 0.0, -0.545339, 0.217454, 0.0, 1.0, 0.0, 0.674705, 0.0, 0.0, 0.0, 1.0],
                [0.539782, 0.0, 0.841805, -5e-06, 0.841805, 0.0, -0.539782, 0.296576, 0.0, 1.0, 0.0, 0.684444, 0.0, 0.0, 0.0, 1.0],
                [0.553605, 0.0, 0.832779, -5e-06, 0.832779, 0.0, -0.553605, 0.368733, 0.0, 1.0, 0.0, 0.693715, 0.0, 0.0, 0.0, 1.0],
                [0.592099, 0.0, 0.805865, -5e-06, 0.805865, 0.0, -0.592099, 0.430361, 0.0, 1.0, 0.0, 0.702394, 0.0, 0.0, 0.0, 1.0],
                [0.649829, 0.0, 0.76008, -5e-06, 0.76008, 0.0, -0.649829, 0.479439, 0.0, 1.0, 0.0, 0.71039, 0.0, 0.0, 0.0, 1.0],
                [0.720231, 0.0, 0.693734, -5e-06, 0.693734, 0.0, -0.720231, 0.513948, 0.0, 1.0, 0.0, 0.717613, 0.0, 0.0, 0.0, 1.0],
                [0.795834, 0.0, 0.605515, -5e-06, 0.605515, 0.0, -0.795834, 0.534468, 0.0, 1.0, 0.0, 0.723973, 0.0, 0.0, 0.0, 1.0],
                [0.868679, 0.0, 0.495375, -5e-06, 0.495375, 0.0, -0.868679, 0.551968, 0.0, 1.0, 0.0, 0.729379, 0.0, 0.0, 0.0, 1.0],
                [0.930985, 0.0, 0.365058, -5e-06, 0.365058, 0.0, -0.930985, 0.580017, 0.0, 1.0, 0.0, 0.733741, 0.0, 0.0, 0.0, 1.0],
                [0.975916, 0.0, 0.218147, -5e-06, 0.218147, 0.0, -0.975916, 0.632183, 0.0, 1.0, 0.0, 0.736969, 0.0, 0.0, 0.0, 1.0],
                [0.998219, 0.0, 0.059655, -5e-06, 0.059655, 0.0, -0.998219, 0.722035, 0.0, 1.0, 0.0, 0.738972, 0.0, 0.0, 0.0, 1.0],
                [0.994505, 0.0, -0.10469, -5e-06, -0.10469, 0.0, -0.994505, 0.863141, 0.0, 1.0, 0.0, 0.739659, 0.0, 0.0, 0.0, 1.0],
                [0.963305, 0.0, -0.26841, -5e-06, -0.26841, 0.0, -0.963305, 1.061034, 0.0, 1.0, 0.0, 0.711378, 0.0, 0.0, 0.0, 1.0],
                [0.907048, 0.0, -0.421027, -5e-06, -0.421027, 0.0, -0.907048, 1.289107, 0.0, 1.0, 0.0, 0.642503, 0.0, 0.0, 0.0, 1.0],
                [0.834174, 0.0, -0.551501, -5e-06, -0.551501, 0.0, -0.834174, 1.512718, 0.0, 1.0, 0.0, 0.556986, 0.0, 0.0, 0.0, 1.0],
                [0.758352, 0.0, -0.651845, -5e-06, -0.651845, 0.0, -0.758352, 1.697222, 0.0, 1.0, 0.0, 0.47878, 0.0, 0.0, 0.0, 1.0],
                [0.69599, 0.0, -0.718052, -5e-06, -0.718052, 0.0, -0.69599, 1.807977, 0.0, 1.0, 0.0, 0.431837, 0.0, 0.0, 0.0, 1.0],
                [0.650578, 0.0, -0.759439, -5e-06, -0.759439, 0.0, -0.650578, 1.86282, 0.0, 1.0, 0.0, 0.411304, 0.0, 0.0, 0.0, 1.0],
                [0.61479, 0.0, -0.788691, -5e-06, -0.788691, 0.0, -0.61479, 1.903993, 0.0, 1.0, 0.0, 0.395874, 0.0, 0.0, 0.0, 1.0],
                [0.58834, 0.0, -0.808613, -5e-06, -0.808613, 0.0, -0.58834, 1.933465, 0.0, 1.0, 0.0, 0.384818, 0.0, 0.0, 0.0, 1.0],
                [0.570258, 0.0, -0.821466, -5e-06, -0.821466, 0.0, -0.570258, 1.953204, 0.0, 1.0, 0.0, 0.377406, 0.0, 0.0, 0.0, 1.0],
                [0.559159, 0.0, -0.82906, -5e-06, -0.82906, 0.0, -0.559159, 1.965179, 0.0, 1.0, 0.0, 0.372911, 0.0, 0.0, 0.0, 1.0],
                [0.553423, 0.0, -0.8329, -5e-06, -0.8329, 0.0, -0.553423, 1.971357, 0.0, 1.0, 0.0, 0.370602, 0.0, 0.0, 0.0, 1.0],
                [0.551303, 0.0, -0.834305, -5e-06, -0.834305, 0.0, -0.551303, 1.973708, 0.0, 1.0, 0.0, 0.369752, 0.0, 0.0, 0.0, 1.0],
                [0.551, 0.0, -0.834505, -5e-06, -0.834505, 0.0, -0.551, 1.974199, 0.0, 1.0, 0.0, 0.369631, 0.0, 0.0, 0.0, 1.0],
                [0.551108, 0.0, -0.834434, -5e-06, -0.834434, 0.0, -0.551108, 1.974471, 0.0, 1.0, 0.0, 0.369796, 0.0, 0.0, 0.0, 1.0],
                [0.55143, 0.0, -0.834221, -5e-06, -0.834221, 0.0, -0.55143, 1.97485, 0.0, 1.0, 0.0, 0.370288, 0.0, 0.0, 0.0, 1.0],
                [0.551962, 0.0, -0.833869, -5e-06, -0.833869, 0.0, -0.551962, 1.975335, 0.0, 1.0, 0.0, 0.371097, 0.0, 0.0, 0.0, 1.0],
                [0.552701, 0.0, -0.833379, -5e-06, -0.833379, 0.0, -0.552701, 1.975924, 0.0, 1.0, 0.0, 0.372215, 0.0, 0.0, 0.0, 1.0],
                [0.553645, 0.0, -0.832753, -5e-06, -0.832753, 0.0, -0.553645, 1.976617, 0.0, 1.0, 0.0, 0.373632, 0.0, 0.0, 0.0, 1.0],
                [0.554791, 0.0, -0.83199, -5e-06, -0.83199, 0.0, -0.554791, 1.97741, 0.0, 1.0, 0.0, 0.37534, 0.0, 0.0, 0.0, 1.0],
                [0.556134, 0.0, -0.831093, -5e-06, -0.831093, 0.0, -0.556134, 1.978303, 0.0, 1.0, 0.0, 0.37733, 0.0, 0.0, 0.0, 1.0],
                [0.557671, 0.0, -0.830062, -5e-06, -0.830062, 0.0, -0.557671, 1.979295, 0.0, 1.0, 0.0, 0.379593, 0.0, 0.0, 0.0, 1.0],
                [0.5594, 0.0, -0.828898, -5e-06, -0.828898, 0.0, -0.5594, 1.980384, 0.0, 1.0, 0.0, 0.382121, 0.0, 0.0, 0.0, 1.0],
                [0.561317, 0.0, -0.827601, -5e-06, -0.827601, 0.0, -0.561317, 1.981568, 0.0, 1.0, 0.0, 0.384904, 0.0, 0.0, 0.0, 1.0],
                [0.563418, 0.0, -0.826172, -5e-06, -0.826172, 0.0, -0.563418, 1.982846, 0.0, 1.0, 0.0, 0.387935, 0.0, 0.0, 0.0, 1.0],
                [0.565699, 0.0, -0.824612, -5e-06, -0.824612, 0.0, -0.565699, 1.984216, 0.0, 1.0, 0.0, 0.391203, 0.0, 0.0, 0.0, 1.0],
                [0.568158, 0.0, -0.82292, -5e-06, -0.82292, 0.0, -0.568158, 1.985677, 0.0, 1.0, 0.0, 0.394701, 0.0, 0.0, 0.0, 1.0],
                [0.57079, 0.0, -0.821096, -5e-06, -0.821096, 0.0, -0.57079, 1.987228, 0.0, 1.0, 0.0, 0.39842, 0.0, 0.0, 0.0, 1.0],
                [0.573592, 0.0, -0.819141, -5e-06, -0.819141, 0.0, -0.573592, 1.988867, 0.0, 1.0, 0.0, 0.402351, 0.0, 0.0, 0.0, 1.0],
                [0.576559, 0.0, -0.817055, -5e-06, -0.817055, 0.0, -0.576559, 1.990592, 0.0, 1.0, 0.0, 0.406484, 0.0, 0.0, 0.0, 1.0],
                [0.579689, 0.0, -0.814838, -5e-06, -0.814838, 0.0, -0.579689, 1.992402, 0.0, 1.0, 0.0, 0.410812, 0.0, 0.0, 0.0, 1.0],
                [0.582977, 0.0, -0.812488, -5e-06, -0.812488, 0.0, -0.582977, 1.994296, 0.0, 1.0, 0.0, 0.415326, 0.0, 0.0, 0.0, 1.0],
                [0.58642, 0.0, -0.810007, -5e-06, -0.810007, 0.0, -0.58642, 1.996271, 0.0, 1.0, 0.0, 0.420016, 0.0, 0.0, 0.0, 1.0],
                [0.590013, 0.0, -0.807394, -5e-06, -0.807394, 0.0, -0.590013, 1.998328, 0.0, 1.0, 0.0, 0.424874, 0.0, 0.0, 0.0, 1.0],
                [0.593752, 0.0, -0.804648, -5e-06, -0.804648, 0.0, -0.593752, 2.000463, 0.0, 1.0, 0.0, 0.429891, 0.0, 0.0, 0.0, 1.0],
                [0.597633, 0.0, -0.80177, -5e-06, -0.80177, 0.0, -0.597633, 2.002676, 0.0, 1.0, 0.0, 0.435059, 0.0, 0.0, 0.0, 1.0],
                [0.601653, 0.0, -0.798758, -5e-06, -0.798758, 0.0, -0.601653, 2.004964, 0.0, 1.0, 0.0, 0.440368, 0.0, 0.0, 0.0, 1.0],
                [0.605806, 0.0, -0.795613, -5e-06, -0.795613, 0.0, -0.605806, 2.007327, 0.0, 1.0, 0.0, 0.44581, 0.0, 0.0, 0.0, 1.0],
                [0.610088, 0.0, -0.792333, -5e-06, -0.792333, 0.0, -0.610088, 2.009764, 0.0, 1.0, 0.0, 0.451377, 0.0, 0.0, 0.0, 1.0],
                [0.614496, 0.0, -0.78892, -5e-06, -0.78892, 0.0, -0.614496, 2.012271, 0.0, 1.0, 0.0, 0.457058, 0.0, 0.0, 0.0, 1.0],
                [0.619025, 0.0, -0.785371, -5e-06, -0.785371, 0.0, -0.619025, 2.014849, 0.0, 1.0, 0.0, 0.462847, 0.0, 0.0, 0.0, 1.0],
                [0.62367, 0.0, -0.781687, -5e-06, -0.781687, 0.0, -0.62367, 2.017496, 0.0, 1.0, 0.0, 0.468732, 0.0, 0.0, 0.0, 1.0],
                [0.628428, 0.0, -0.777868, -5e-06, -0.777868, 0.0, -0.628428, 2.020209, 0.0, 1.0, 0.0, 0.474707, 0.0, 0.0, 0.0, 1.0],
                [0.633292, 0.0, -0.773913, -5e-06, -0.773913, 0.0, -0.633292, 2.022988, 0.0, 1.0, 0.0, 0.480762, 0.0, 0.0, 0.0, 1.0],
                [0.63826, 0.0, -0.769821, -5e-06, -0.769821, 0.0, -0.63826, 2.025831, 0.0, 1.0, 0.0, 0.486889, 0.0, 0.0, 0.0, 1.0],
                [0.643326, 0.0, -0.765593, -5e-06, -0.765593, 0.0, -0.643326, 2.028737, 0.0, 1.0, 0.0, 0.493078, 0.0, 0.0, 0.0, 1.0],
                [0.648485, 0.0, -0.761227, -5e-06, -0.761227, 0.0, -0.648485, 2.031704, 0.0, 1.0, 0.0, 0.499321, 0.0, 0.0, 0.0, 1.0],
                [0.653733, 0.0, -0.756725, -5e-06, -0.756725, 0.0, -0.653733, 2.034731, 0.0, 1.0, 0.0, 0.505609, 0.0, 0.0, 0.0, 1.0],
                [0.659065, 0.0, -0.752086, -5e-06, -0.752086, 0.0, -0.659065, 2.037816, 0.0, 1.0, 0.0, 0.511933, 0.0, 0.0, 0.0, 1.0],
                [0.664477, 0.0, -0.747309, -5e-06, -0.747309, 0.0, -0.664477, 2.040957, 0.0, 1.0, 0.0, 0.518285, 0.0, 0.0, 0.0, 1.0],
                [0.669963, 0.0, -0.742395, -5e-06, -0.742395, 0.0, -0.669963, 2.044153, 0.0, 1.0, 0.0, 0.524655, 0.0, 0.0, 0.0, 1.0],
                [0.675518, 0.0, -0.737343, -5e-06, -0.737343, 0.0, -0.675518, 2.047404, 0.0, 1.0, 0.0, 0.531036, 0.0, 0.0, 0.0, 1.0],
                [0.681138, 0.0, -0.732155, -5e-06, -0.732155, 0.0, -0.681138, 2.050706, 0.0, 1.0, 0.0, 0.537418, 0.0, 0.0, 0.0, 1.0],
                [0.686818, 0.0, -0.72683, -5e-06, -0.72683, 0.0, -0.686818, 2.054059, 0.0, 1.0, 0.0, 0.543792, 0.0, 0.0, 0.0, 1.0],
                [0.692552, 0.0, -0.721368, -5e-06, -0.721368, 0.0, -0.692552, 2.057462, 0.0, 1.0, 0.0, 0.55015, 0.0, 0.0, 0.0, 1.0],
                [0.698336, 0.0, -0.71577, -5e-06, -0.71577, 0.0, -0.698336, 2.060911, 0.0, 1.0, 0.0, 0.556482, 0.0, 0.0, 0.0, 1.0],
                [0.704165, 0.0, -0.710036, -5e-06, -0.710036, 0.0, -0.704165, 2.064408, 0.0, 1.0, 0.0, 0.562781, 0.0, 0.0, 0.0, 1.0],
                [0.710034, 0.0, -0.704167, -5e-06, -0.704167, 0.0, -0.710034, 2.067949, 0.0, 1.0, 0.0, 0.569037, 0.0, 0.0, 0.0, 1.0],
                [0.715937, 0.0, -0.698165, -5e-06, -0.698165, 0.0, -0.715937, 2.071533, 0.0, 1.0, 0.0, 0.575242, 0.0, 0.0, 0.0, 1.0],
                [0.72187, 0.0, -0.692028, -5e-06, -0.692028, 0.0, -0.72187, 2.075159, 0.0, 1.0, 0.0, 0.581386, 0.0, 0.0, 0.0, 1.0],
                [0.727828, 0.0, -0.68576, -5e-06, -0.68576, 0.0, -0.727828, 2.078825, 0.0, 1.0, 0.0, 0.587461, 0.0, 0.0, 0.0, 1.0],
                [0.733805, 0.0, -0.67936, -5e-06, -0.67936, 0.0, -0.733805, 2.08253, 0.0, 1.0, 0.0, 0.593459, 0.0, 0.0, 0.0, 1.0],
                [0.739797, 0.0, -0.67283, -5e-06, -0.67283, 0.0, -0.739797, 2.086272, 0.0, 1.0, 0.0, 0.59937, 0.0, 0.0, 0.0, 1.0],
                [0.745798, 0.0, -0.666172, -5e-06, -0.666172, 0.0, -0.745798, 2.09005, 0.0, 1.0, 0.0, 0.605185, 0.0, 0.0, 0.0, 1.0],
                [0.751804, 0.0, -0.659386, -5e-06, -0.659386, 0.0, -0.751804, 2.093863, 0.0, 1.0, 0.0, 0.610897, 0.0, 0.0, 0.0, 1.0],
                [0.75781, 0.0, -0.652475, -5e-06, -0.652475, 0.0, -0.75781, 2.097708, 0.0, 1.0, 0.0, 0.616495, 0.0, 0.0, 0.0, 1.0],
                [0.763811, 0.0, -0.64544, -5e-06, -0.64544, 0.0, -0.763811, 2.101584, 0.0, 1.0, 0.0, 0.621972, 0.0, 0.0, 0.0, 1.0],
                [0.769801, 0.0, -0.638284, -5e-06, -0.638284, 0.0, -0.769801, 2.10549, 0.0, 1.0, 0.0, 0.627319, 0.0, 0.0, 0.0, 1.0],
                [0.775777, 0.0, -0.631008, -5e-06, -0.631008, 0.0, -0.775777, 2.109425, 0.0, 1.0, 0.0, 0.632526, 0.0, 0.0, 0.0, 1.0],
                [0.781732, 0.0, -0.623614, -5e-06, -0.623614, 0.0, -0.781732, 2.113387, 0.0, 1.0, 0.0, 0.637585, 0.0, 0.0, 0.0, 1.0],
                [0.787664, 0.0, -0.616105, -5e-06, -0.616105, 0.0, -0.787664, 2.117373, 0.0, 1.0, 0.0, 0.642487, 0.0, 0.0, 0.0, 1.0],
                [0.793566, 0.0, -0.608484, -5e-06, -0.608484, 0.0, -0.793566, 2.121384, 0.0, 1.0, 0.0, 0.647224, 0.0, 0.0, 0.0, 1.0],
                [0.799435, 0.0, -0.600752, -5e-06, -0.600752, 0.0, -0.799435, 2.125417, 0.0, 1.0, 0.0, 0.651786, 0.0, 0.0, 0.0, 1.0],
                [0.805266, 0.0, -0.592914, -5e-06, -0.592914, 0.0, -0.805266, 2.129471, 0.0, 1.0, 0.0, 0.656166, 0.0, 0.0, 0.0, 1.0],
                [0.811054, 0.0, -0.584971, -5e-06, -0.584971, 0.0, -0.811054, 2.133544, 0.0, 1.0, 0.0, 0.660353, 0.0, 0.0, 0.0, 1.0],
                [0.816796, 0.0, -0.576927, -5e-06, -0.576927, 0.0, -0.816796, 2.137636, 0.0, 1.0, 0.0, 0.66434, 0.0, 0.0, 0.0, 1.0],
                [0.822486, 0.0, -0.568785, -5e-06, -0.568785, 0.0, -0.822486, 2.141743, 0.0, 1.0, 0.0, 0.668117, 0.0, 0.0, 0.0, 1.0],
                [0.828122, 0.0, -0.560548, -5e-06, -0.560548, 0.0, -0.828122, 2.145866, 0.0, 1.0, 0.0, 0.671676, 0.0, 0.0, 0.0, 1.0],
                [0.833698, 0.0, -0.552221, -5e-06, -0.552221, 0.0, -0.833698, 2.150002, 0.0, 1.0, 0.0, 0.675008, 0.0, 0.0, 0.0, 1.0],
                [0.839211, 0.0, -0.543806, -5e-06, -0.543806, 0.0, -0.839211, 2.15415, 0.0, 1.0, 0.0, 0.678185, 0.0, 0.0, 0.0, 1.0],
                [0.844657, 0.0, -0.535307, -5e-06, -0.535307, 0.0, -0.844657, 2.158308, 0.0, 1.0, 0.0, 0.681285, 0.0, 0.0, 0.0, 1.0],
                [0.850033, 0.0, -0.526729, -5e-06, -0.526729, 0.0, -0.850033, 2.162476, 0.0, 1.0, 0.0, 0.68431, 0.0, 0.0, 0.0, 1.0],
                [0.855336, 0.0, -0.518074, -5e-06, -0.518074, 0.0, -0.855336, 2.166651, 0.0, 1.0, 0.0, 0.68726, 0.0, 0.0, 0.0, 1.0],
                [0.86056, 0.0, -0.509348, -5e-06, -0.509348, 0.0, -0.86056, 2.170831, 0.0, 1.0, 0.0, 0.690137, 0.0, 0.0, 0.0, 1.0],
                [0.865705, 0.0, -0.500555, -5e-06, -0.500555, 0.0, -0.865705, 2.175017, 0.0, 1.0, 0.0, 0.69294, 0.0, 0.0, 0.0, 1.0],
                [0.870766, 0.0, -0.491698, -5e-06, -0.491698, 0.0, -0.870766, 2.179205, 0.0, 1.0, 0.0, 0.695672, 0.0, 0.0, 0.0, 1.0],
                [0.87574, 0.0, -0.482783, -5e-06, -0.482783, 0.0, -0.87574, 2.183395, 0.0, 1.0, 0.0, 0.698333, 0.0, 0.0, 0.0, 1.0],
                [0.880625, 0.0, -0.473814, -5e-06, -0.473814, 0.0, -0.880625, 2.187585, 0.0, 1.0, 0.0, 0.700923, 0.0, 0.0, 0.0, 1.0],
                [0.885418, 0.0, -0.464795, -5e-06, -0.464795, 0.0, -0.885418, 2.191773, 0.0, 1.0, 0.0, 0.703445, 0.0, 0.0, 0.0, 1.0],
                [0.890117, 0.0, -0.455732, -5e-06, -0.455732, 0.0, -0.890117, 2.195959, 0.0, 1.0, 0.0, 0.705898, 0.0, 0.0, 0.0, 1.0],
                [0.894719, 0.0, -0.446629, -5e-06, -0.446629, 0.0, -0.894719, 2.20014, 0.0, 1.0, 0.0, 0.708285, 0.0, 0.0, 0.0, 1.0],
                [0.899223, 0.0, -0.437491, -5e-06, -0.437491, 0.0, -0.899223, 2.204314, 0.0, 1.0, 0.0, 0.710605, 0.0, 0.0, 0.0, 1.0],
                [0.903626, 0.0, -0.428323, -5e-06, -0.428323, 0.0, -0.903626, 2.208482, 0.0, 1.0, 0.0, 0.712859, 0.0, 0.0, 0.0, 1.0],
                [0.907926, 0.0, -0.419129, -5e-06, -0.419129, 0.0, -0.907926, 2.212641, 0.0, 1.0, 0.0, 0.71505, 0.0, 0.0, 0.0, 1.0],
                [0.912123, 0.0, -0.409916, -5e-06, -0.409916, 0.0, -0.912123, 2.216789, 0.0, 1.0, 0.0, 0.717176, 0.0, 0.0, 0.0, 1.0],
                [0.916214, 0.0, -0.400688, -5e-06, -0.400688, 0.0, -0.916214, 2.220926, 0.0, 1.0, 0.0, 0.71924, 0.0, 0.0, 0.0, 1.0],
                [0.920199, 0.0, -0.391451, -5e-06, -0.391451, 0.0, -0.920199, 2.225049, 0.0, 1.0, 0.0, 0.721243, 0.0, 0.0, 0.0, 1.0],
                [0.924076, 0.0, -0.382209, -5e-06, -0.382209, 0.0, -0.924076, 2.229156, 0.0, 1.0, 0.0, 0.723185, 0.0, 0.0, 0.0, 1.0],
                [0.927844, 0.0, -0.372968, -5e-06, -0.372968, 0.0, -0.927844, 2.233248, 0.0, 1.0, 0.0, 0.725067, 0.0, 0.0, 0.0, 1.0],
                [0.931503, 0.0, -0.363733, -5e-06, -0.363733, 0.0, -0.931503, 2.237322, 0.0, 1.0, 0.0, 0.72689, 0.0, 0.0, 0.0, 1.0],
                [0.935052, 0.0, -0.35451, -5e-06, -0.35451, 0.0, -0.935052, 2.241376, 0.0, 1.0, 0.0, 0.728656, 0.0, 0.0, 0.0, 1.0],
                [0.938491, 0.0, -0.345303, -5e-06, -0.345303, 0.0, -0.938491, 2.24541, 0.0, 1.0, 0.0, 0.730364, 0.0, 0.0, 0.0, 1.0],
                [0.94182, 0.0, -0.336118, -5e-06, -0.336118, 0.0, -0.94182, 2.249422, 0.0, 1.0, 0.0, 0.732017, 0.0, 0.0, 0.0, 1.0],
                [0.945038, 0.0, -0.32696, -5e-06, -0.32696, 0.0, -0.945038, 2.253409, 0.0, 1.0, 0.0, 0.733614, 0.0, 0.0, 0.0, 1.0],
                [0.948146, 0.0, -0.317835, -5e-06, -0.317835, 0.0, -0.948146, 2.257371, 0.0, 1.0, 0.0, 0.735158, 0.0, 0.0, 0.0, 1.0],
                [0.951144, 0.0, -0.308748, -5e-06, -0.308748, 0.0, -0.951144, 2.261306, 0.0, 1.0, 0.0, 0.736648, 0.0, 0.0, 0.0, 1.0],
                [0.954032, 0.0, -0.299704, -5e-06, -0.299704, 0.0, -0.954032, 2.265213, 0.0, 1.0, 0.0, 0.738086, 0.0, 0.0, 0.0, 1.0],
                [0.956812, 0.0, -0.290708, -5e-06, -0.290708, 0.0, -0.956812, 2.269091, 0.0, 1.0, 0.0, 0.739472, 0.0, 0.0, 0.0, 1.0],
                [0.959483, 0.0, -0.281766, -5e-06, -0.281766, 0.0, -0.959483, 2.272937, 0.0, 1.0, 0.0, 0.740808, 0.0, 0.0, 0.0, 1.0],
                [0.962047, 0.0, -0.272882, -5e-06, -0.272882, 0.0, -0.962047, 2.27675, 0.0, 1.0, 0.0, 0.742095, 0.0, 0.0, 0.0, 1.0],
                [0.964506, 0.0, -0.264062, -5e-06, -0.264062, 0.0, -0.964506, 2.280529, 0.0, 1.0, 0.0, 0.743333, 0.0, 0.0, 0.0, 1.0],
                [0.966859, 0.0, -0.255312, -5e-06, -0.255312, 0.0, -0.966859, 2.284272, 0.0, 1.0, 0.0, 0.744523, 0.0, 0.0, 0.0, 1.0],
                [0.969109, 0.0, -0.246635, -5e-06, -0.246635, 0.0, -0.969109, 2.287978, 0.0, 1.0, 0.0, 0.745667, 0.0, 0.0, 0.0, 1.0],
                [0.971256, 0.0, -0.238036, -5e-06, -0.238036, 0.0, -0.971256, 2.291646, 0.0, 1.0, 0.0, 0.746765, 0.0, 0.0, 0.0, 1.0],
                [0.973303, 0.0, -0.229522, -5e-06, -0.229522, 0.0, -0.973303, 2.295272, 0.0, 1.0, 0.0, 0.747818, 0.0, 0.0, 0.0, 1.0],
                [0.975252, 0.0, -0.221096, -5e-06, -0.221096, 0.0, -0.975252, 2.298858, 0.0, 1.0, 0.0, 0.748827, 0.0, 0.0, 0.0, 1.0],
                [0.977104, 0.0, -0.212764, -5e-06, -0.212764, 0.0, -0.977104, 2.3024, 0.0, 1.0, 0.0, 0.749794, 0.0, 0.0, 0.0, 1.0],
                [0.97886, 0.0, -0.20453, -5e-06, -0.20453, 0.0, -0.97886, 2.305897, 0.0, 1.0, 0.0, 0.750718, 0.0, 0.0, 0.0, 1.0],
                [0.980524, 0.0, -0.196399, -5e-06, -0.196399, 0.0, -0.980524, 2.309349, 0.0, 1.0, 0.0, 0.751601, 0.0, 0.0, 0.0, 1.0],
                [0.982097, 0.0, -0.188376, -5e-06, -0.188376, 0.0, -0.982097, 2.312752, 0.0, 1.0, 0.0, 0.752444, 0.0, 0.0, 0.0, 1.0],
                [0.983582, 0.0, -0.180464, -5e-06, -0.180464, 0.0, -0.983582, 2.316107, 0.0, 1.0, 0.0, 0.753248, 0.0, 0.0, 0.0, 1.0],
                [0.98498, 0.0, -0.172669, -5e-06, -0.172669, 0.0, -0.98498, 2.31941, 0.0, 1.0, 0.0, 0.754014, 0.0, 0.0, 0.0, 1.0],
                [0.986294, 0.0, -0.164995, -5e-06, -0.164995, 0.0, -0.986294, 2.322662, 0.0, 1.0, 0.0, 0.754742, 0.0, 0.0, 0.0, 1.0],
                [0.987527, 0.0, -0.157447, -5e-06, -0.157447, 0.0, -0.987527, 2.32586, 0.0, 1.0, 0.0, 0.755434, 0.0, 0.0, 0.0, 1.0],
                [0.988682, 0.0, -0.150027, -5e-06, -0.150027, 0.0, -0.988682, 2.329003, 0.0, 1.0, 0.0, 0.756091, 0.0, 0.0, 0.0, 1.0],
                [0.98976, 0.0, -0.142742, -5e-06, -0.142742, 0.0, -0.98976, 2.332089, 0.0, 1.0, 0.0, 0.756712, 0.0, 0.0, 0.0, 1.0],
                [0.990764, 0.0, -0.135594, -5e-06, -0.135594, 0.0, -0.990764, 2.335117, 0.0, 1.0, 0.0, 0.757301, 0.0, 0.0, 0.0, 1.0],
                [0.991698, 0.0, -0.128588, -5e-06, -0.128588, 0.0, -0.991698, 2.338086, 0.0, 1.0, 0.0, 0.757856, 0.0, 0.0, 0.0, 1.0],
                [0.992564, 0.0, -0.121727, -5e-06, -0.121727, 0.0, -0.992564, 2.340993, 0.0, 1.0, 0.0, 0.75838, 0.0, 0.0, 0.0, 1.0],
                [0.993364, 0.0, -0.115017, -5e-06, -0.115017, 0.0, -0.993364, 2.343838, 0.0, 1.0, 0.0, 0.758873, 0.0, 0.0, 0.0, 1.0],
                [0.994101, 0.0, -0.10846, -5e-06, -0.10846, 0.0, -0.994101, 2.346619, 0.0, 1.0, 0.0, 0.759336, 0.0, 0.0, 0.0, 1.0],
                [0.994778, 0.0, -0.10206, -5e-06, -0.10206, 0.0, -0.994778, 2.349334, 0.0, 1.0, 0.0, 0.759771, 0.0, 0.0, 0.0, 1.0],
                [0.995399, 0.0, -0.095821, -5e-06, -0.095821, 0.0, -0.995399, 2.351983, 0.0, 1.0, 0.0, 0.760177, 0.0, 0.0, 0.0, 1.0],
                [0.995965, 0.0, -0.089746, -5e-06, -0.089746, 0.0, -0.995965, 2.354562, 0.0, 1.0, 0.0, 0.760556, 0.0, 0.0, 0.0, 1.0],
                [0.996479, 0.0, -0.08384, -5e-06, -0.08384, 0.0, -0.996479, 2.357072, 0.0, 1.0, 0.0, 0.760909, 0.0, 0.0, 0.0, 1.0],
                [0.996945, 0.0, -0.078105, -5e-06, -0.078105, 0.0, -0.996945, 2.35951, 0.0, 1.0, 0.0, 0.761237, 0.0, 0.0, 0.0, 1.0],
                [0.997365, 0.0, -0.072546, -5e-06, -0.072546, 0.0, -0.997365, 2.361875, 0.0, 1.0, 0.0, 0.76154, 0.0, 0.0, 0.0, 1.0],
                [0.997742, 0.0, -0.067165, -5e-06, -0.067165, 0.0, -0.997742, 2.364166, 0.0, 1.0, 0.0, 0.761821, 0.0, 0.0, 0.0, 1.0],
                [0.998078, 0.0, -0.061966, -5e-06, -0.061966, 0.0, -0.998078, 2.366381, 0.0, 1.0, 0.0, 0.762079, 0.0, 0.0, 0.0, 1.0],
                [0.998377, 0.0, -0.056953, -5e-06, -0.056953, 0.0, -0.998377, 2.368518, 0.0, 1.0, 0.0, 0.762315, 0.0, 0.0, 0.0, 1.0],
                [0.99864, 0.0, -0.052127, -5e-06, -0.052127, 0.0, -0.99864, 2.370576, 0.0, 1.0, 0.0, 0.762531, 0.0, 0.0, 0.0, 1.0],
                [0.998872, 0.0, -0.047494, -5e-06, -0.047494, 0.0, -0.998872, 2.372554, 0.0, 1.0, 0.0, 0.762727, 0.0, 0.0, 0.0, 1.0],
                [0.999073, 0.0, -0.043056, -5e-06, -0.043056, 0.0, -0.999073, 2.37445, 0.0, 1.0, 0.0, 0.762904, 0.0, 0.0, 0.0, 1.0],
                [0.999246, 0.0, -0.038816, -5e-06, -0.038816, 0.0, -0.999246, 2.376262, 0.0, 1.0, 0.0, 0.763064, 0.0, 0.0, 0.0, 1.0],
                [0.999395, 0.0, -0.034778, -5e-06, -0.034778, 0.0, -0.999395, 2.377989, 0.0, 1.0, 0.0, 0.763207, 0.0, 0.0, 0.0, 1.0],
                [0.999521, 0.0, -0.030944, -5e-06, -0.030944, 0.0, -0.999521, 2.379631, 0.0, 1.0, 0.0, 0.763334, 0.0, 0.0, 0.0, 1.0],
                [0.999627, 0.0, -0.027318, -5e-06, -0.027318, 0.0, -0.999627, 2.381183, 0.0, 1.0, 0.0, 0.763446, 0.0, 0.0, 0.0, 1.0],
                [0.999714, 0.0, -0.023903, -5e-06, -0.023903, 0.0, -0.999714, 2.382647, 0.0, 1.0, 0.0, 0.763545, 0.0, 0.0, 0.0, 1.0],
                [0.999786, 0.0, -0.020702, -5e-06, -0.020702, 0.0, -0.999786, 2.38402, 0.0, 1.0, 0.0, 0.76363, 0.0, 0.0, 0.0, 1.0],
                [0.999843, 0.0, -0.017718, -5e-06, -0.017718, 0.0, -0.999843, 2.385301, 0.0, 1.0, 0.0, 0.763703, 0.0, 0.0, 0.0, 1.0],
                [0.999888, 0.0, -0.014954, -5e-06, -0.014954, 0.0, -0.999888, 2.386487, 0.0, 1.0, 0.0, 0.763765, 0.0, 0.0, 0.0, 1.0],
                [0.999923, 0.0, -0.012413, -5e-06, -0.012413, 0.0, -0.999923, 2.387578, 0.0, 1.0, 0.0, 0.763816, 0.0, 0.0, 0.0, 1.0],
                [0.999949, 0.0, -0.010099, -5e-06, -0.010099, 0.0, -0.999949, 2.388573, 0.0, 1.0, 0.0, 0.763858, 0.0, 0.0, 0.0, 1.0],
                [0.999968, 0.0, -0.008015, -5e-06, -0.008015, 0.0, -0.999968, 2.389469, 0.0, 1.0, 0.0, 0.763892, 0.0, 0.0, 0.0, 1.0],
                [0.999981, 0.0, -0.006164, -5e-06, -0.006164, 0.0, -0.999981, 2.390265, 0.0, 1.0, 0.0, 0.763918, 0.0, 0.0, 0.0, 1.0],
                [0.99999, 0.0, -0.004549, -5e-06, -0.004549, 0.0, -0.99999, 2.39096, 0.0, 1.0, 0.0, 0.763938, 0.0, 0.0, 0.0, 1.0],
                [0.999995, 0.0, -0.003173, -5e-06, -0.003173, 0.0, -0.999995, 2.391552, 0.0, 1.0, 0.0, 0.763952, 0.0, 0.0, 0.0, 1.0],
                [0.999998, 0.0, -0.00204, -5e-06, -0.00204, 0.0, -0.999998, 2.39204, 0.0, 1.0, 0.0, 0.763962, 0.0, 0.0, 0.0, 1.0],
                [0.999999, 0.0, -0.001153, -5e-06, -0.001153, 0.0, -0.999999, 2.392422, 0.0, 1.0, 0.0, 0.763967, 0.0, 0.0, 0.0, 1.0],
                [1.0, 0.0, -0.000514, -5e-06, -0.000514, 0.0, -1.0, 2.392696, 0.0, 1.0, 0.0, 0.76397, 0.0, 0.0, 0.0, 1.0],
                [1.0, 0.0, -0.000129, -5e-06, -0.000129, 0.0, -1.0, 2.392862, 0.0, 1.0, 0.0, 0.763971, 0.0, 0.0, 0.0, 1.0],
                [1.0, 0.0, 0.0, -5e-06, 0.0, 0.0, -1.0, 2.392918, 0.0, 1.0, 0.0, 0.763972, 0.0, 0.0, 0.0, 1.0]
            ]
        },
        {
            "name": "Thigh_R",
            "time": [0.0, 0.0167, 0.0333, 0.05, 0.0667, 0.0833, 0.1, 0.1167, 0.1333, 0.15, 0.1667, 0.1833, 0.2, 0.2167, 0.2333, 0.25, 0.2667, 0.2833, 0.3, 0.3167, 0.3333, 0.35, 0.3667, 0.3833, 0.4, 0.4167, 0.4333, 0.45, 0.4667, 0.4833, 0.5, 0.5167, 0.5333, 0.55, 0.5667, 0.5833, 0.6, 0.6167, 0.6333, 0.65, 0.6667, 0.6833, 0.7, 0.7167, 0.7333, 0.75, 0.7667, 0.7833, 0.8, 0.8167, 0.8333, 0.85, 0.8667, 0.8833, 0.9, 0.9167, 0.9333, 0.95, 0.9667, 0.9833, 1.0, 1.0167, 1.0333, 1.05, 1.0667, 1.0833, 1.1, 1.1167, 1.1333, 1.15, 1.1667, 1.1833, 1.2, 1.2167, 1.2333, 1.25, 1.2667, 1.2833, 1.3, 1.3167, 1.3333, 1.35, 1.3667, 1.3833, 1.4, 1.4167, 1.4333, 1.45, 1.4667, 1.4833, 1.5, 1.5167, 1.5333, 1.55, 1.5667, 1.5833, 1.6, 1.6167, 1.6333, 1.65, 1.6667, 1.6833, 1.7, 1.7167, 1.7333, 1.75, 1.7667, 1.7833, 1.8, 1.8167, 1.8333, 1.85, 1.8667, 1.8833, 1.9, 1.9167, 1.9333, 1.95, 1.9667, 1.9833, 2.0, 2.0167, 2.0333, 2.05, 2.0667, 2.0833, 2.1, 2.1167, 2.1333, 2.15, 2.1667, 2.1833, 2.2, 2.2167, 2.2333, 2.25, 2.2667, 2.2833, 2.3, 2.3167, 2.3333, 2.35, 2.3667, 2.3833, 2.4, 2.4167, 2.4333, 2.45, 2.4667, 2.4833, 2.5, 2.5167, 2.5333, 2.55, 2.5667, 2.5833, 2.6, 2.6167, 2.6333, 2.65, 2.6667, 2.6833, 2.7, 2.7167, 2.7333, 2.75, 2.7667, 2.7833, 2.8, 2.8167, 2.8333, 2.85, 2.8667, 2.8833, 2.9, 2.9167, 2.9333, 2.95, 2.9667, 2.9833, 3.0, 3.0167],
            "transform": [
                [0.842242, 0.34923, -0.410689, 0.124994, 0.513968, -0.750056, 0.416233, -0.002831, -0.162679, -0.561649, -0.811225, -1.2e-05, 0.0, 0.0, 0.0, 1.0],
                [0.848638, 0.355685, -0.391536, 0.124994, 0.508633, -0.75197, 0.419323, -0.002831, -0.145276, -0.555, -0.819066, -1.2e-05, 0.0, 0.0, 0.0, 1.0],
                [0.864353, 0.372198, -0.338172, 0.124994, 0.493356, -0.757894, 0.426842, -0.002831, -0.097429, -0.53578, -0.838717, -1.2e-05, 0.0, 0.0, 0.0, 1.0],
                [0.882746, 0.393767, -0.256331, 0.124994, 0.469163, -0.768217, 0.435576, -0.002831, -0.025402, -0.504762, -0.862884, -1.2e-05, 0.0, 0.0, 0.0, 1.0],
                [0.896958, 0.414868, -0.152804, 0.124994, 0.437505, -0.783123, 0.441934, -0.002831, 0.06368, -0.463247, -0.883938, -1.2e-05, 0.0, 0.0, 0.0, 1.0],
                [0.901967, 0.430257, -0.036507, 0.124994, 0.400608, -0.802256, 0.4426, -0.002831, 0.161144, -0.413835, -0.895976, -1.2e-05, 0.0, 0.0, 0.0, 1.0],
                [0.896241, 0.435942, 0.081889, 0.124994, 0.361341, -0.824622, 0.435234, -0.002831, 0.257264, -0.360484, -0.896586, -1.2e-05, 0.0, 0.0, 0.0, 1.0],
                [0.882347, 0.429904, 0.191431, 0.124994, 0.322655, -0.848762, 0.418919, -0.002831, 0.342575, -0.307865, -0.887616, -1.2e-05, 0.0, 0.0, 0.0, 1.0],
                [0.866234, 0.412128, 0.282466, 0.124994, 0.286891, -0.873128, 0.394129, -0.002831, 0.409061, -0.26037, -0.874572, -1.2e-05, 0.0, 0.0, 0.0, 1.0],
                [0.855575, 0.38395, 0.347235, 0.124994, 0.255269, -0.896439, 0.362258, -0.002831, 0.450365, -0.2213, -0.864984, -1.2e-05, 0.0, 0.0, 0.0, 1.0],
                [0.857834, 0.347042, 0.379054, 0.124994, 0.227715, -0.917878, 0.325026, -0.002831, 0.460724, -0.192502, -0.866416, -1.2e-05, 0.0, 0.0, 0.0, 1.0],
                [0.868531, 0.303998, 0.391457, 0.124994, 0.199356, -0.937372, 0.285635, -0.002831, 0.453774, -0.170043, -0.874743, -1.2e-05, 0.0, 0.0, 0.0, 1.0],
                [0.878513, 0.257547, 0.402348, 0.124994, 0.167079, -0.954683, 0.246296, -0.002831, 0.447548, -0.14915, -0.881734, -1.2e-05, 0.0, 0.0, 0.0, 1.0],
                [0.887103, 0.209315, 0.411382, 0.124994, 0.132584, -0.969256, 0.207267, -0.002831, 0.442119, -0.129323, -0.887584, -1.2e-05, 0.0, 0.0, 0.0, 1.0],
                [0.893889, 0.161034, 0.418366, 0.124994, 0.097659, -0.980788, 0.168859, -0.002831, 0.437521, -0.110083, -0.892445, -1.2e-05, 0.0, 0.0, 0.0, 1.0],
                [0.898746, 0.114498, 0.423257, 0.124994, 0.064141, -0.989248, 0.131414, -0.002831, 0.433753, -0.090959, -0.896429, -1.2e-05, 0.0, 0.0, 0.0, 1.0],
                [0.901819, 0.071509, 0.426156, 0.124994, 0.033869, -0.994873, 0.095268, -0.002831, 0.430784, -0.071481, -0.89962, -1.2e-05, 0.0, 0.0, 0.0, 1.0],
                [0.903479, 0.033834, 0.427294, 0.124994, 0.008655, -0.998114, 0.060733, -0.002831, 0.428544, -0.051172, -0.902071, -1.2e-05, 0.0, 0.0, 0.0, 1.0],
                [0.904242, 0.003181, 0.427008, 0.124994, -0.009741, -0.999556, 0.028075, -0.002831, 0.426909, -0.029545, -0.903812, -1.2e-05, 0.0, 0.0, 0.0, 1.0],
                [0.904661, -0.018802, 0.425717, 0.124994, -0.019605, -0.999803, -0.002494, -0.002831, 0.425681, -0.006089, -0.904853, -1.2e-05, 0.0, 0.0, 0.0, 1.0],
                [0.905198, -0.030504, 0.423893, 0.124994, -0.01925, -0.999338, -0.030806, -0.002831, 0.424553, 0.019726, -0.905188, -1.2e-05, 0.0, 0.0, 0.0, 1.0],
                [0.922266, 0.057199, 0.382299, 0.124994, 0.078214, -0.996146, -0.039643, -0.002831, 0.378559, 0.066463, -0.923188, -1.2e-05, 0.0, 0.0, 0.0, 1.0],
                [0.917821, 0.283452, 0.277954, 0.124994, 0.305578, -0.951372, -0.038842, -0.002831, 0.253428, 0.120587, -0.959809, -1.2e-05, 0.0, 0.0, 0.0, 1.0],
                [0.826264, 0.543451, 0.148143, 0.124994, 0.556262, -0.828632, -0.062758, -0.002831, 0.08865, 0.134261, -0.986973, -1.2e-05, 0.0, 0.0, 0.0, 1.0],
                [0.686532, 0.725608, 0.046516, 0.124994, 0.725692, -0.67982, -0.105896, -0.002831, -0.045217, 0.106458, -0.993289, -1.2e-05, 0.0, 0.0, 0.0, 1.0],
                [0.615462, 0.788123, 0.008119, 0.124994, 0.782212, -0.609515, -0.128968, -0.002831, -0.096695, 0.085725, -0.991616, -1.2e-05, 0.0, 0.0, 0.0, 1.0],
                [0.615414, 0.788173, 0.006764, 0.124994, 0.78325, -0.610562, -0.117185, -0.002831, -0.088233, 0.077415, -0.993087, -1.2e-05, 0.0, 0.0, 0.0, 1.0],
                [0.615368, 0.788231, 0.003295, 0.124994, 0.785494, -0.61287, -0.085951, -0.002831, -0.06573, 0.05548, -0.996294, -1.2e-05, 0.0, 0.0, 0.0, 1.0],
                [0.615485, 0.788146, -0.001384, 0.124994, 0.787435, -0.615, -0.041466, -0.002831, -0.033533, 0.024432, -0.999139, -1.2e-05, 0.0, 0.0, 0.0, 1.0],
                [0.615878, 0.787814, -0.006347, 0.124994, 0.787832, -0.615809, 0.009875, -0.002831, 0.00387, -0.011082, -0.999931, -1.2e-05, 0.0, 0.0, 0.0, 1.0],
                [0.616561, 0.787233, -0.010655, 0.124994, 0.786194, -0.614912, 0.06149, -0.002831, 0.041855, -0.046288, -0.998051, -1.2e-05, 0.0, 0.0, 0.0, 1.0],
                [0.617439, 0.786503, -0.013382, 0.124994, 0.782958, -0.612835, 0.106809, -0.002831, 0.075805, -0.076426, -0.99419, -1.2e-05, 0.0, 0.0, 0.0, 1.0],
                [0.618342, 0.785789, -0.013643, 0.124994, 0.779358, -0.610858, 0.13947, -0.002831, 0.10126, -0.096872, -0.990133, -1.2e-05, 0.0, 0.0, 0.0, 1.0],
                [0.619103, 0.785237, -0.010577, 0.124994, 0.777, -0.610542, 0.15332, -0.002831, 0.113935, -0.103139, -0.98812, -1.2e-05, 0.0, 0.0, 0.0, 1.0],
                [0.619818, 0.784724, -0.005588, 0.124994, 0.775705, -0.611584, 0.155706, -0.002831, 0.118769, -0.100844, -0.987788, -1.2e-05, 0.0, 0.0, 0.0, 1.0],
                [0.620652, 0.784084, -0.000647, 0.124994, 0.774294, -0.612769, 0.158054, -0.002831, 0.123531, -0.098597, -0.987431, -1.2e-05, 0.0, 0.0, 0.0, 1.0],
                [0.621601, 0.78332, 0.004247, 0.124994, 0.772768, -0.614094, 0.160363, -0.002831, 0.128223, -0.0964, -0.987049, -1.2e-05, 0.0, 0.0, 0.0, 1.0],
                [0.622666, 0.782433, 0.009095, 0.124994, 0.771128, -0.615558, 0.162631, -0.002831, 0.132846, -0.094251, -0.986645, -1.2e-05, 0.0, 0.0, 0.0, 1.0],
                [0.623845, 0.781423, 0.013898, 0.124994, 0.769375, -0.617156, 0.164859, -0.002831, 0.137401, -0.092153, -0.98622, -1.2e-05, 0.0, 0.0, 0.0, 1.0],
                [0.625135, 0.780292, 0.018656, 0.124994, 0.767511, -0.618887, 0.167044, -0.002831, 0.141889, -0.090106, -0.985773, -1.2e-05, 0.0, 0.0, 0.0, 1.0],
                [0.626536, 0.779041, 0.02337, 0.124994, 0.765536, -0.620748, 0.169187, -0.002831, 0.146311, -0.088111, -0.985307, -1.2e-05, 0.0, 0.0, 0.0, 1.0],
                [0.628044, 0.777671, 0.028042, 0.124994, 0.763452, -0.622735, 0.171287, -0.002831, 0.150668, -0.086167, -0.984822, -1.2e-05, 0.0, 0.0, 0.0, 1.0],
                [0.629658, 0.776183, 0.032671, 0.124994, 0.76126, -0.624846, 0.173343, -0.002831, 0.15496, -0.084276, -0.98432, -1.2e-05, 0.0, 0.0, 0.0, 1.0],
                [0.631377, 0.774579, 0.037258, 0.124994, 0.75896, -0.627078, 0.175355, -0.002831, 0.15919, -0.082437, -0.9838, -1.2e-05, 0.0, 0.0, 0.0, 1.0],
                [0.633198, 0.772858, 0.041805, 0.124994, 0.756554, -0.629429, 0.177322, -0.002831, 0.163357, -0.080652, -0.983265, -1.2e-05, 0.0, 0.0, 0.0, 1.0],
                [0.635119, 0.771023, 0.04631, 0.124994, 0.754042, -0.631894, 0.179242, -0.002831, 0.167463, -0.07892, -0.982715, -1.2e-05, 0.0, 0.0, 0.0, 1.0],
                [0.637138, 0.769074, 0.050776, 0.124994, 0.751425, -0.634472, 0.181117, -0.002831, 0.171509, -0.077242, -0.98215, -1.2e-05, 0.0, 0.0, 0.0, 1.0],
                [0.639253, 0.767011, 0.055203, 0.124994, 0.748703, -0.637159, 0.182945, -0.002831, 0.175494, -0.075617, -0.981572, -1.2e-05, 0.0, 0.0, 0.0, 1.0],
                [0.641462, 0.764835, 0.05959, 0.124994, 0.745878, -0.639953, 0.184727, -0.002831, 0.17942, -0.074047, -0.980982, -1.2e-05, 0.0, 0.0, 0.0, 1.0],
                [0.643762, 0.762548, 0.063939, 0.124994, 0.74295, -0.642849, 0.18646, -0.002831, 0.183288, -0.072532, -0.98038, -1.2e-05, 0.0, 0.0, 0.0, 1.0],
                [0.646151, 0.76015, 0.06825, 0.124994, 0.73992, -0.645846, 0.188146, -0.002831, 0.187098, -0.071071, -0.979767, -1.2e-05, 0.0, 0.0, 0.0, 1.0],
                [0.648627, 0.757641, 0.072524, 0.124994, 0.736789, -0.648939, 0.189784, -0.002831, 0.190851, -0.069664, -0.979144, -1.2e-05, 0.0, 0.0, 0.0, 1.0],
                [0.651188, 0.755023, 0.07676, 0.124994, 0.733556, -0.652127, 0.191373, -0.002831, 0.194548, -0.068312, -0.978512, -1.2e-05, 0.0, 0.0, 0.0, 1.0],
                [0.65383, 0.752296, 0.080959, 0.124994, 0.730224, -0.655405, 0.192913, -0.002831, 0.198189, -0.067014, -0.977871, -1.2e-05, 0.0, 0.0, 0.0, 1.0],
                [0.656552, 0.74946, 0.085121, 0.124994, 0.726791, -0.658771, 0.194404, -0.002831, 0.201774, -0.065771, -0.977222, -1.2e-05, 0.0, 0.0, 0.0, 1.0],
                [0.659352, 0.746517, 0.089247, 0.124994, 0.72326, -0.662221, 0.195846, -0.002831, 0.205304, -0.064582, -0.976565, -1.2e-05, 0.0, 0.0, 0.0, 1.0],
                [0.662226, 0.743466, 0.093337, 0.124994, 0.71963, -0.665753, 0.197239, -0.002831, 0.20878, -0.063448, -0.975903, -1.2e-05, 0.0, 0.0, 0.0, 1.0],
                [0.665172, 0.74031, 0.097391, 0.124994, 0.715902, -0.669363, 0.198581, -0.002831, 0.212202, -0.062367, -0.975234, -1.2e-05, 0.0, 0.0, 0.0, 1.0],
                [0.668187, 0.737048, 0.10141, 0.124994, 0.712078, -0.673048, 0.199874, -0.002831, 0.21557, -0.061341, -0.97456, -1.2e-05, 0.0, 0.0, 0.0, 1.0],
                [0.671269, 0.733681, 0.105393, 0.124994, 0.708156, -0.676804, 0.201117, -0.002831, 0.218886, -0.060369, -0.973881, -1.2e-05, 0.0, 0.0, 0.0, 1.0],
                [0.674416, 0.730209, 0.10934, 0.124994, 0.704139, -0.680629, 0.20231, -0.002831, 0.222149, -0.05945, -0.973199, -1.2e-05, 0.0, 0.0, 0.0, 1.0],
                [0.677624, 0.726634, 0.113252, 0.124994, 0.700027, -0.684519, 0.203453, -0.002831, 0.225359, -0.058585, -0.972513, -1.2e-05, 0.0, 0.0, 0.0, 1.0],
                [0.680892, 0.722956, 0.117129, 0.124994, 0.69582, -0.688471, 0.204546, -0.002831, 0.228517, -0.057772, -0.971824, -1.2e-05, 0.0, 0.0, 0.0, 1.0],
                [0.684215, 0.719175, 0.12097, 0.124994, 0.691519, -0.692482, 0.205588, -0.002831, 0.231624, -0.057013, -0.971133, -1.2e-05, 0.0, 0.0, 0.0, 1.0],
                [0.687592, 0.715294, 0.124777, 0.124994, 0.687126, -0.696548, 0.206581, -0.002831, 0.234679, -0.056305, -0.970441, -1.2e-05, 0.0, 0.0, 0.0, 1.0],
                [0.69102, 0.711311, 0.128548, 0.124994, 0.68264, -0.700667, 0.207523, -0.002831, 0.237683, -0.05565, -0.969748, -1.2e-05, 0.0, 0.0, 0.0, 1.0],
                [0.694496, 0.70723, 0.132285, 0.124994, 0.678062, -0.704835, 0.208416, -0.002831, 0.240636, -0.055046, -0.969053, -1.2e-05, 0.0, 0.0, 0.0, 1.0],
                [0.698017, 0.703049, 0.135986, 0.124994, 0.673394, -0.709048, 0.209258, -0.002831, 0.243539, -0.054494, -0.968359, -1.2e-05, 0.0, 0.0, 0.0, 1.0],
                [0.701581, 0.69877, 0.139651, 0.124994, 0.668636, -0.713303, 0.210051, -0.002831, 0.246391, -0.053992, -0.967666, -1.2e-05, 0.0, 0.0, 0.0, 1.0],
                [0.705185, 0.694393, 0.143282, 0.124994, 0.663789, -0.717598, 0.210795, -0.002831, 0.249193, -0.05354, -0.966973, -1.2e-05, 0.0, 0.0, 0.0, 1.0],
                [0.708826, 0.689921, 0.146877, 0.124994, 0.658854, -0.721929, 0.211489, -0.002831, 0.251945, -0.053138, -0.966282, -1.2e-05, 0.0, 0.0, 0.0, 1.0],
                [0.712501, 0.685353, 0.150437, 0.124994, 0.653832, -0.726292, 0.212133, -0.002831, 0.254647, -0.052785, -0.965593, -1.2e-05, 0.0, 0.0, 0.0, 1.0],
                [0.716207, 0.680691, 0.153961, 0.124994, 0.648724, -0.730685, 0.212729, -0.002831, 0.2573, -0.05248, -0.964906, -1.2e-05, 0.0, 0.0, 0.0, 1.0],
                [0.719943, 0.675937, 0.157449, 0.124994, 0.643531, -0.735104, 0.213277, -0.002831, 0.259903, -0.052223, -0.964222, -1.2e-05, 0.0, 0.0, 0.0, 1.0],
                [0.723704, 0.67109, 0.160901, 0.124994, 0.638254, -0.739546, 0.213776, -0.002831, 0.262457, -0.052014, -0.963541, -1.2e-05, 0.0, 0.0, 0.0, 1.0],
                [0.727488, 0.666152, 0.164318, 0.124994, 0.632895, -0.744008, 0.214227, -0.002831, 0.264961, -0.051851, -0.962864, -1.2e-05, 0.0, 0.0, 0.0, 1.0],
                [0.731293, 0.661125, 0.167698, 0.124994, 0.627454, -0.748487, 0.21463, -0.002831, 0.267417, -0.051734, -0.962191, -1.2e-05, 0.0, 0.0, 0.0, 1.0],
                [0.735115, 0.65601, 0.171041, 0.124994, 0.621933, -0.752979, 0.214986, -0.002831, 0.269823, -0.051663, -0.961523, -1.2e-05, 0.0, 0.0, 0.0, 1.0],
                [0.738952, 0.650808, 0.174348, 0.124994, 0.616333, -0.757482, 0.215295, -0.002831, 0.272181, -0.051636, -0.96086, -1.2e-05, 0.0, 0.0, 0.0, 1.0],
                [0.742801, 0.64552, 0.177618, 0.124994, 0.610656, -0.761992, 0.215558, -0.002831, 0.27449, -0.051653, -0.960202, -1.2e-05, 0.0, 0.0, 0.0, 1.0],
