{
    "animation": [
        {
            "name": "Root",
            "time": [0.0, 0.0167, 0.0333, 0.05, 0.0667, 0.0833, 0.1, 0.1167, 0.1333, 0.15, 0.1667, 0.1833, 0.2, 0.2167, 0.2333, 0.25, 0.2667, 0.2833, 0.3, 0.3167, 0.3333, 0.35, 0.3667, 0.3833, 0.4, 0.4167, 0.4333, 0.45, 0.4667, 0.4833, 0.5, 0.5167, 0.5333, 0.55, 0.5667, 0.5833, 0.6, 0.6167, 0.6333, 0.65, 0.6667, 0.6833, 0.7, 0.7167, 0.7333, 0.75, 0.7667, 0.7833, 0.8, 0.8167, 0.8333, 0.85, 0.8667, 0.8833, 0.9, 0.9167, 0.9333, 0.95, 0.9667, 0.9833, 1.0, 1.0167, 1.0333, 1.05, 1.0667, 1.0833, 1.1, 1.1167, 1.1333, 1.15, 1.1667, 1.1833, 1.2, 1.2167, 1.2333, 1.25, 1.2667, 1.2833, 1.3, 1.3167, 1.3333, 1.35, 1.3667, 1.3833, 1.4, 1.4167, 1.4333, 1.45, 1.4667, 1.4833, 1.5, 1.5167, 1.5333, 1.55, 1.5667, 1.5833, 1.6, 1.6167, 1.6333, 1.65, 1.6667, 1.6833, 1.7, 1.7167, 1.7333, 1.75, 1.7667, 1.7833, 1.8, 1.8167, 1.8333, 1.85, 1.8667, 1.8833, 1.9, 1.9167, 1.9333, 1.95, 1.9667, 1.9833, 2.0, 2.0167, 2.0333, 2.05, 2.0667, 2.0833, 2.1, 2.1167, 2.1333, 2.15, 2.1667, 2.1833, 2.2, 2.2167, 2.2333, 2.25, 2.2667, 2.2833, 2.3, 2.3167, 2.3333, 2.35, 2.3667, 2.3833, 2.4, 2.4167, 2.4333, 2.45, 2.4667, 2.4833, 2.5, 2.5167, 2.5333, 2.55, 2.5667, 2.5833, 2.6, 2.6167, 2.6333, 2.65, 2.6667, 2.6833, 2.7, 2.7167, 2.7333, 2.75, 2.7667, 2.7833, 2.8, 2.8167, 2.8333, 2.85, 2.8667, 2.8833, 2.9, 2.9167, 2.9333, 2.95, 2.9667, 2.9833],
            "transform": [
                [0.475609, 0.0, 0.879656, -5e-06, 0.879656, 0.0, -0.475609, 0.000946, 0.0, 1.0, 0.0, 0.48495, 0.0, 0.0, 0.0, 1.0],
                [0.475609, 0.0, 0.879656, -5e-06, 0.879656, 0.0, -0.475609, 0.019578, 0.0, 1.0, 0.0, 0.48495, 0.0, 0.0, 0.0, 1.0],
                [0.475609, 0.0, 0.879656, -5e-06, 0.879656, 0.0, -0.475609, 0.068947, 0.0, 1.0, 0.0, 0.48495, 0.0, 0.0, 0.0, 1.0],
                [0.475609, 0.0, 0.879656, -5e-06, 0.879656, 0.0, -0.475609, 0.139268, 0.0, 1.0, 0.0, 0.48495, 0.0, 0.0, 0.0, 1.0],
                [0.475609, 0.0, 0.879656, -5e-06, 0.879656, 0.0, -0.475609, 0.220755, 0.0, 1.0, 0.0, 0.48495, 0.0, 0.0, 0.0, 1.0],
                [0.475609, 0.0, 0.879656, -5e-06, 0.879656, 0.0, -0.475609, 0.303619, 0.0, 1.0, 0.0, 0.48495, 0.0, 0.0, 0.0, 1.0],
                [0.475609, 0.0, 0.879656, -5e-06, 0.879656, 0.0, -0.475609, 0.378075, 0.0, 1.0, 0.0, 0.48495, 0.0, 0.0, 0.0, 1.0],
                [0.475609, 0.0, 0.879656, -5e-06, 0.879656, 0.0, -0.475609, 0.437095, 0.0, 1.0, 0.0, 0.49655, 0.0, 0.0, 0.0, 1.0],
                [0.475609, 0.0, 0.879656, -5e-06, 0.879656, 0.0, -0.475609, 0.484679, 0.0, 1.0, 0.0, 0.525551, 0.0, 0.0, 0.0, 1.0],
                [0.475609, 0.0, 0.879656, -5e-06, 0.879656, 0.0, -0.475609, 0.527589, 0.0, 1.0, 0.0, 0.563252, 0.0, 0.0, 0.0, 1.0],
                [0.475609, 0.0, 0.879656, -5e-06, 0.879656, 0.0, -0.475609, 0.572584, 0.0, 1.0, 0.0, 0.600953, 0.0, 0.0, 0.0, 1.0],
                [0.475609, 0.0, 0.879656, -5e-06, 0.879656, 0.0, -0.475609, 0.626425, 0.0, 1.0, 0.0, 0.629954, 0.0, 0.0, 0.0, 1.0],
                [0.475609, 0.0, 0.879656, -5e-06, 0.879656, 0.0, -0.475609, 0.695871, 0.0, 1.0, 0.0, 0.641555, 0.0, 0.0, 0.0, 1.0],
                [0.475609, 0.0, 0.879656, -5e-06, 0.879656, 0.0, -0.475609, 0.785655, 0.0, 1.0, 0.0, 0.618862, 0.0, 0.0, 0.0, 1.0],
                [0.475609, 0.0, 0.879656, -5e-06, 0.879656, 0.0, -0.475609, 0.892404, 0.0, 1.0, 0.0, 0.564748, 0.0, 0.0, 0.0, 1.0],
                [0.475609, 0.0, 0.879656, -5e-06, 0.879656, 0.0, -0.475609, 1.010716, 0.0, 1.0, 0.0, 0.50016, 0.0, 0.0, 0.0, 1.0],
                [0.475609, 0.0, 0.879656, -5e-06, 0.879656, 0.0, -0.475609, 1.13519, 0.0, 1.0, 0.0, 0.446046, 0.0, 0.0, 0.0, 1.0],
                [0.475609, 0.0, 0.879656, -5e-06, 0.879656, 0.0, -0.475609, 1.260424, 0.0, 1.0, 0.0, 0.423353, 0.0, 0.0, 0.0, 1.0],
                [0.489144, 0.0, 0.872203, -5e-06, 0.872203, 0.0, -0.489144, 1.381383, 0.0, 1.0, 0.0, 0.433471, 0.0, 0.0, 0.0, 1.0],
                [0.523905, 0.0, 0.851777, -5e-06, 0.851777, 0.0, -0.523905, 1.494484, 0.0, 1.0, 0.0, 0.459655, 0.0, 0.0, 0.0, 1.0],
                [0.570855, 0.0, 0.821051, -5e-06, 0.821051, 0.0, -0.570855, 1.596509, 0.0, 1.0, 0.0, 0.495645, 0.0, 0.0, 0.0, 1.0],
                [0.621221, 0.0, 0.783635, -5e-06, 0.783635, 0.0, -0.621221, 1.684242, 0.0, 1.0, 0.0, 0.535182, 0.0, 0.0, 0.0, 1.0],
                [0.667241, 0.0, 0.744842, -5e-06, 0.744842, 0.0, -0.667241, 1.754463, 0.0, 1.0, 0.0, 0.57201, 0.0, 0.0, 0.0, 1.0],
                [0.7026, 0.0, 0.711585, -5e-06, 0.711585, 0.0, -0.7026, 1.803956, 0.0, 1.0, 0.0, 0.599869, 0.0, 0.0, 0.0, 1.0],
                [0.722201, 0.0, 0.691683, -5e-06, 0.691683, 0.0, -0.722201, 1.829503, 0.0, 1.0, 0.0, 0.6125, 0.0, 0.0, 0.0, 1.0],
                [0.732203, 0.0, 0.681086, -5e-06, 0.681086, 0.0, -0.732203, 1.841924, 0.0, 1.0, 0.0, 0.615413, 0.0, 0.0, 0.0, 1.0],
                [0.741945, 0.0, 0.670461, -5e-06, 0.670461, 0.0, -0.741945, 1.854184, 0.0, 1.0, 0.0, 0.618288, 0.0, 0.0, 0.0, 1.0],
                [0.751427, 0.0, 0.659817, -5e-06, 0.659817, 0.0, -0.751427, 1.866286, 0.0, 1.0, 0.0, 0.621126, 0.0, 0.0, 0.0, 1.0],
                [0.760652, 0.0, 0.64916, -5e-06, 0.64916, 0.0, -0.760652, 1.878229, 0.0, 1.0, 0.0, 0.623927, 0.0, 0.0, 0.0, 1.0],
                [0.769623, 0.0, 0.638498, -5e-06, 0.638498, 0.0, -0.769623, 1.890015, 0.0, 1.0, 0.0, 0.626691, 0.0, 0.0, 0.0, 1.0],
                [0.778343, 0.0, 0.62784, -5e-06, 0.62784, 0.0, -0.778343, 1.901644, 0.0, 1.0, 0.0, 0.629418, 0.0, 0.0, 0.0, 1.0],
                [0.786814, 0.0, 0.61719, -5e-06, 0.61719, 0.0, -0.786814, 1.913119, 0.0, 1.0, 0.0, 0.632109, 0.0, 0.0, 0.0, 1.0],
                [0.79504, 0.0, 0.606557, -5e-06, 0.606557, 0.0, -0.79504, 1.92444, 0.0, 1.0, 0.0, 0.634764, 0.0, 0.0, 0.0, 1.0],
                [0.803025, 0.0, 0.595946, -5e-06, 0.595946, 0.0, -0.803025, 1.935608, 0.0, 1.0, 0.0, 0.637383, 0.0, 0.0, 0.0, 1.0],
                [0.81077, 0.0, 0.585364, -5e-06, 0.585364, 0.0, -0.81077, 1.946624, 0.0, 1.0, 0.0, 0.639966, 0.0, 0.0, 0.0, 1.0],
                [0.818282, 0.0, 0.574818, -5e-06, 0.574818, 0.0, -0.818282, 1.957489, 0.0, 1.0, 0.0, 0.642514, 0.0, 0.0, 0.0, 1.0],
                [0.825562, 0.0, 0.564312, -5e-06, 0.564312, 0.0, -0.825562, 1.968204, 0.0, 1.0, 0.0, 0.645027, 0.0, 0.0, 0.0, 1.0],
                [0.832615, 0.0, 0.553852, -5e-06, 0.553852, 0.0, -0.832615, 1.97877, 0.0, 1.0, 0.0, 0.647505, 0.0, 0.0, 0.0, 1.0],
                [0.839445, 0.0, 0.543445, -5e-06, 0.543445, 0.0, -0.839445, 1.989189, 0.0, 1.0, 0.0, 0.649948, 0.0, 0.0, 0.0, 1.0],
                [0.846056, 0.0, 0.533094, -5e-06, 0.533094, 0.0, -0.846056, 1.99946, 0.0, 1.0, 0.0, 0.652357, 0.0, 0.0, 0.0, 1.0],
                [0.852452, 0.0, 0.522805, -5e-06, 0.522805, 0.0, -0.852452, 2.009587, 0.0, 1.0, 0.0, 0.654732, 0.0, 0.0, 0.0, 1.0],
                [0.858638, 0.0, 0.512582, -5e-06, 0.512582, 0.0, -0.858638, 2.019568, 0.0, 1.0, 0.0, 0.657073, 0.0, 0.0, 0.0, 1.0],
                [0.864618, 0.0, 0.50243, -5e-06, 0.50243, 0.0, -0.864618, 2.029406, 0.0, 1.0, 0.0, 0.65938, 0.0, 0.0, 0.0, 1.0],
                [0.870395, 0.0, 0.492353, -5e-06, 0.492353, 0.0, -0.870395, 2.039101, 0.0, 1.0, 0.0, 0.661653, 0.0, 0.0, 0.0, 1.0],
                [0.875975, 0.0, 0.482356, -5e-06, 0.482356, 0.0, -0.875975, 2.048655, 0.0, 1.0, 0.0, 0.663894, 0.0, 0.0, 0.0, 1.0],
                [0.881362, 0.0, 0.472441, -5e-06, 0.472441, 0.0, -0.881362, 2.058068, 0.0, 1.0, 0.0, 0.666101, 0.0, 0.0, 0.0, 1.0],
                [0.886561, 0.0, 0.462612, -5e-06, 0.462612, 0.0, -0.886561, 2.067342, 0.0, 1.0, 0.0, 0.668276, 0.0, 0.0, 0.0, 1.0],
                [0.891575, 0.0, 0.452873, -5e-06, 0.452873, 0.0, -0.891575, 2.076477, 0.0, 1.0, 0.0, 0.670419, 0.0, 0.0, 0.0, 1.0],
                [0.896409, 0.0, 0.443227, -5e-06, 0.443227, 0.0, -0.896409, 2.085475, 0.0, 1.0, 0.0, 0.672529, 0.0, 0.0, 0.0, 1.0],
                [0.901068, 0.0, 0.433677, -5e-06, 0.433677, 0.0, -0.901068, 2.094337, 0.0, 1.0, 0.0, 0.674607, 0.0, 0.0, 0.0, 1.0],
                [0.905556, 0.0, 0.424226, -5e-06, 0.424226, 0.0, -0.905556, 2.103063, 0.0, 1.0, 0.0, 0.676653, 0.0, 0.0, 0.0, 1.0],
                [0.909878, 0.0, 0.414875, -5e-06, 0.414875, 0.0, -0.909878, 2.111655, 0.0, 1.0, 0.0, 0.678668, 0.0, 0.0, 0.0, 1.0],
                [0.914038, 0.0, 0.405629, -5e-06, 0.405629, 0.0, -0.914038, 2.120114, 0.0, 1.0, 0.0, 0.680652, 0.0, 0.0, 0.0, 1.0],
                [0.91804, 0.0, 0.396488, -5e-06, 0.396488, 0.0, -0.91804, 2.128441, 0.0, 1.0, 0.0, 0.682605, 0.0, 0.0, 0.0, 1.0],
                [0.921889, 0.0, 0.387454, -5e-06, 0.387454, 0.0, -0.921889, 2.136636, 0.0, 1.0, 0.0, 0.684527, 0.0, 0.0, 0.0, 1.0],
                [0.925589, 0.0, 0.378531, -5e-06, 0.378531, 0.0, -0.925589, 2.144702, 0.0, 1.0, 0.0, 0.686418, 0.0, 0.0, 0.0, 1.0],
                [0.929144, 0.0, 0.369719, -5e-06, 0.369719, 0.0, -0.929144, 2.152639, 0.0, 1.0, 0.0, 0.688279, 0.0, 0.0, 0.0, 1.0],
                [0.932558, 0.0, 0.361019, -5e-06, 0.361019, 0.0, -0.932558, 2.160447, 0.0, 1.0, 0.0, 0.690111, 0.0, 0.0, 0.0, 1.0],
                [0.935836, 0.0, 0.352435, -5e-06, 0.352435, 0.0, -0.935836, 2.168128, 0.0, 1.0, 0.0, 0.691912, 0.0, 0.0, 0.0, 1.0],
                [0.938982, 0.0, 0.343965, -5e-06, 0.343965, 0.0, -0.938982, 2.175684, 0.0, 1.0, 0.0, 0.693684, 0.0, 0.0, 0.0, 1.0],
                [0.942, 0.0, 0.335613, -5e-06, 0.335613, 0.0, -0.942, 2.183115, 0.0, 1.0, 0.0, 0.695426, 0.0, 0.0, 0.0, 1.0],
                [0.944893, 0.0, 0.327378, -5e-06, 0.327378, 0.0, -0.944893, 2.190422, 0.0, 1.0, 0.0, 0.69714, 0.0, 0.0, 0.0, 1.0],
                [0.947666, 0.0, 0.319262, -5e-06, 0.319262, 0.0, -0.947666, 2.197605, 0.0, 1.0, 0.0, 0.698825, 0.0, 0.0, 0.0, 1.0],
                [0.950323, 0.0, 0.311265, -5e-06, 0.311265, 0.0, -0.950323, 2.204668, 0.0, 1.0, 0.0, 0.700481, 0.0, 0.0, 0.0, 1.0],
                [0.952867, 0.0, 0.303388, -5e-06, 0.303388, 0.0, -0.952867, 2.21161, 0.0, 1.0, 0.0, 0.702109, 0.0, 0.0, 0.0, 1.0],
                [0.955302, 0.0, 0.295632, -5e-06, 0.295632, 0.0, -0.955302, 2.218431, 0.0, 1.0, 0.0, 0.703709, 0.0, 0.0, 0.0, 1.0],
                [0.957632, 0.0, 0.287996, -5e-06, 0.287996, 0.0, -0.957632, 2.225135, 0.0, 1.0, 0.0, 0.705281, 0.0, 0.0, 0.0, 1.0],
                [0.959859, 0.0, 0.280482, -5e-06, 0.280482, 0.0, -0.959859, 2.23172, 0.0, 1.0, 0.0, 0.706825, 0.0, 0.0, 0.0, 1.0],
                [0.961989, 0.0, 0.273088, -5e-06, 0.273088, 0.0, -0.961989, 2.238189, 0.0, 1.0, 0.0, 0.708342, 0.0, 0.0, 0.0, 1.0],
                [0.964024, 0.0, 0.265817, -5e-06, 0.265817, 0.0, -0.964024, 2.244543, 0.0, 1.0, 0.0, 0.709832, 0.0, 0.0, 0.0, 1.0],
                [0.965967, 0.0, 0.258667, -5e-06, 0.258667, 0.0, -0.965967, 2.250782, 0.0, 1.0, 0.0, 0.711295, 0.0, 0.0, 0.0, 1.0],
                [0.967822, 0.0, 0.251638, -5e-06, 0.251638, 0.0, -0.967822, 2.256908, 0.0, 1.0, 0.0, 0.712732, 0.0, 0.0, 0.0, 1.0],
                [0.969591, 0.0, 0.24473, -5e-06, 0.24473, 0.0, -0.969591, 2.262921, 0.0, 1.0, 0.0, 0.714142, 0.0, 0.0, 0.0, 1.0],
                [0.971279, 0.0, 0.237943, -5e-06, 0.237943, 0.0, -0.971279, 2.268823, 0.0, 1.0, 0.0, 0.715526, 0.0, 0.0, 0.0, 1.0],
                [0.972888, 0.0, 0.231277, -5e-06, 0.231277, 0.0, -0.972888, 2.274615, 0.0, 1.0, 0.0, 0.716884, 0.0, 0.0, 0.0, 1.0],
                [0.974421, 0.0, 0.224731, -5e-06, 0.224731, 0.0, -0.974421, 2.280297, 0.0, 1.0, 0.0, 0.718217, 0.0, 0.0, 0.0, 1.0],
                [0.975881, 0.0, 0.218305, -5e-06, 0.218305, 0.0, -0.975881, 2.285871, 0.0, 1.0, 0.0, 0.719524, 0.0, 0.0, 0.0, 1.0],
                [0.97727, 0.0, 0.211999, -5e-06, 0.211999, 0.0, -0.97727, 2.291338, 0.0, 1.0, 0.0, 0.720806, 0.0, 0.0, 0.0, 1.0],
                [0.978592, 0.0, 0.205811, -5e-06, 0.205811, 0.0, -0.978592, 2.296699, 0.0, 1.0, 0.0, 0.722063, 0.0, 0.0, 0.0, 1.0],
                [0.979849, 0.0, 0.199741, -5e-06, 0.199741, 0.0, -0.979849, 2.301955, 0.0, 1.0, 0.0, 0.723296, 0.0, 0.0, 0.0, 1.0],
                [0.981043, 0.0, 0.193789, -5e-06, 0.193789, 0.0, -0.981043, 2.307106, 0.0, 1.0, 0.0, 0.724504, 0.0, 0.0, 0.0, 1.0],
                [0.982178, 0.0, 0.187954, -5e-06, 0.187954, 0.0, -0.982178, 2.312155, 0.0, 1.0, 0.0, 0.725688, 0.0, 0.0, 0.0, 1.0],
                [0.983255, 0.0, 0.182235, -5e-06, 0.182235, 0.0, -0.983255, 2.317101, 0.0, 1.0, 0.0, 0.726848, 0.0, 0.0, 0.0, 1.0],
                [0.984277, 0.0, 0.176631, -5e-06, 0.176631, 0.0, -0.984277, 2.321947, 0.0, 1.0, 0.0, 0.727984, 0.0, 0.0, 0.0, 1.0],
                [0.985246, 0.0, 0.171142, -5e-06, 0.171142, 0.0, -0.985246, 2.326692, 0.0, 1.0, 0.0, 0.729097, 0.0, 0.0, 0.0, 1.0],
                [0.986165, 0.0, 0.165765, -5e-06, 0.165765, 0.0, -0.986165, 2.331339, 0.0, 1.0, 0.0, 0.730187, 0.0, 0.0, 0.0, 1.0],
                [0.987036, 0.0, 0.160502, -5e-06, 0.160502, 0.0, -0.987036, 2.335888, 0.0, 1.0, 0.0, 0.731254, 0.0, 0.0, 0.0, 1.0],
                [0.987859, 0.0, 0.15535, -5e-06, 0.15535, 0.0, -0.987859, 2.340341, 0.0, 1.0, 0.0, 0.732298, 0.0, 0.0, 0.0, 1.0],
                [0.988639, 0.0, 0.150309, -5e-06, 0.150309, 0.0, -0.988639, 2.344697, 0.0, 1.0, 0.0, 0.733319, 0.0, 0.0, 0.0, 1.0],
                [0.989376, 0.0, 0.145378, -5e-06, 0.145378, 0.0, -0.989376, 2.348959, 0.0, 1.0, 0.0, 0.734319, 0.0, 0.0, 0.0, 1.0],
                [0.990073, 0.0, 0.140555, -5e-06, 0.140555, 0.0, -0.990073, 2.353127, 0.0, 1.0, 0.0, 0.735296, 0.0, 0.0, 0.0, 1.0],
                [0.990731, 0.0, 0.135841, -5e-06, 0.135841, 0.0, -0.990731, 2.357203, 0.0, 1.0, 0.0, 0.736252, 0.0, 0.0, 0.0, 1.0],
                [0.991352, 0.0, 0.131232, -5e-06, 0.131232, 0.0, -0.991352, 2.361187, 0.0, 1.0, 0.0, 0.737186, 0.0, 0.0, 0.0, 1.0],
                [0.991937, 0.0, 0.126729, -5e-06, 0.126729, 0.0, -0.991937, 2.36508, 0.0, 1.0, 0.0, 0.7381, 0.0, 0.0, 0.0, 1.0],
                [0.992489, 0.0, 0.12233, -5e-06, 0.12233, 0.0, -0.992489, 2.368884, 0.0, 1.0, 0.0, 0.738992, 0.0, 0.0, 0.0, 1.0],
                [0.993009, 0.0, 0.118035, -5e-06, 0.118035, 0.0, -0.993009, 2.372599, 0.0, 1.0, 0.0, 0.739863, 0.0, 0.0, 0.0, 1.0],
                [0.993499, 0.0, 0.113841, -5e-06, 0.113841, 0.0, -0.993499, 2.376227, 0.0, 1.0, 0.0, 0.740714, 0.0, 0.0, 0.0, 1.0],
                [0.993959, 0.0, 0.109749, -5e-06, 0.109749, 0.0, -0.993959, 2.379769, 0.0, 1.0, 0.0, 0.741544, 0.0, 0.0, 0.0, 1.0],
                [0.994392, 0.0, 0.105756, -5e-06, 0.105756, 0.0, -0.994392, 2.383225, 0.0, 1.0, 0.0, 0.742355, 0.0, 0.0, 0.0, 1.0],
                [0.994799, 0.0, 0.101861, -5e-06, 0.101861, 0.0, -0.994799, 2.386597, 0.0, 1.0, 0.0, 0.743146, 0.0, 0.0, 0.0, 1.0],
                [0.99518, 0.0, 0.098064, -5e-06, 0.098064, 0.0, -0.99518, 2.389886, 0.0, 1.0, 0.0, 0.743917, 0.0, 0.0, 0.0, 1.0],
                [0.995538, 0.0, 0.094363, -5e-06, 0.094363, 0.0, -0.995538, 2.393092, 0.0, 1.0, 0.0, 0.744669, 0.0, 0.0, 0.0, 1.0],
                [0.995873, 0.0, 0.090757, -5e-06, 0.090757, 0.0, -0.995873, 2.396218, 0.0, 1.0, 0.0, 0.745402, 0.0, 0.0, 0.0, 1.0],
                [0.996187, 0.0, 0.087245, -5e-06, 0.087245, 0.0, -0.996187, 2.399263, 0.0, 1.0, 0.0, 0.746116, 0.0, 0.0, 0.0, 1.0],
                [0.996481, 0.0, 0.083825, -5e-06, 0.083825, 0.0, -0.996481, 2.402229, 0.0, 1.0, 0.0, 0.746811, 0.0, 0.0, 0.0, 1.0],
                [0.996755, 0.0, 0.080496, -5e-06, 0.080496, 0.0, -0.996755, 2.405117, 0.0, 1.0, 0.0, 0.747489, 0.0, 0.0, 0.0, 1.0],
                [0.997011, 0.0, 0.077257, -5e-06, 0.077257, 0.0, -0.997011, 2.407928, 0.0, 1.0, 0.0, 0.748148, 0.0, 0.0, 0.0, 1.0],
                [0.99725, 0.0, 0.074107, -5e-06, 0.074107, 0.0, -0.99725, 2.410663, 0.0, 1.0, 0.0, 0.748789, 0.0, 0.0, 0.0, 1.0],
                [0.997473, 0.0, 0.071044, -5e-06, 0.071044, 0.0, -0.997473, 2.413324, 0.0, 1.0, 0.0, 0.749413, 0.0, 0.0, 0.0, 1.0],
                [0.997681, 0.0, 0.068068, -5e-06, 0.068068, 0.0, -0.997681, 2.41591, 0.0, 1.0, 0.0, 0.75002, 0.0, 0.0, 0.0, 1.0],
                [0.997874, 0.0, 0.065177, -5e-06, 0.065177, 0.0, -0.997874, 2.418423, 0.0, 1.0, 0.0, 0.750609, 0.0, 0.0, 0.0, 1.0],
                [0.998053, 0.0, 0.062369, -5e-06, 0.062369, 0.0, -0.998053, 2.420865, 0.0, 1.0, 0.0, 0.751182, 0.0, 0.0, 0.0, 1.0],
                [0.99822, 0.0, 0.059644, -5e-06, 0.059644, 0.0, -0.99822, 2.423236, 0.0, 1.0, 0.0, 0.751738, 0.0, 0.0, 0.0, 1.0],
                [0.998374, 0.0, 0.056999, -5e-06, 0.056999, 0.0, -0.998374, 2.425537, 0.0, 1.0, 0.0, 0.752277, 0.0, 0.0, 0.0, 1.0],
                [0.998517, 0.0, 0.054435, -5e-06, 0.054435, 0.0, -0.998517, 2.42777, 0.0, 1.0, 0.0, 0.752801, 0.0, 0.0, 0.0, 1.0],
                [0.99865, 0.0, 0.051949, -5e-06, 0.051949, 0.0, -0.99865, 2.429934, 0.0, 1.0, 0.0, 0.753309, 0.0, 0.0, 0.0, 1.0],
                [0.998772, 0.0, 0.049541, -5e-06, 0.049541, 0.0, -0.998772, 2.432032, 0.0, 1.0, 0.0, 0.753801, 0.0, 0.0, 0.0, 1.0],
                [0.998885, 0.0, 0.047209, -5e-06, 0.047209, 0.0, -0.998885, 2.434065, 0.0, 1.0, 0.0, 0.754277, 0.0, 0.0, 0.0, 1.0],
                [0.998989, 0.0, 0.044952, -5e-06, 0.044952, 0.0, -0.998989, 2.436033, 0.0, 1.0, 0.0, 0.754739, 0.0, 0.0, 0.0, 1.0],
                [0.999085, 0.0, 0.042768, -5e-06, 0.042768, 0.0, -0.999085, 2.437938, 0.0, 1.0, 0.0, 0.755186, 0.0, 0.0, 0.0, 1.0],
                [0.999173, 0.0, 0.040657, -5e-06, 0.040657, 0.0, -0.999173, 2.43978, 0.0, 1.0, 0.0, 0.755618, 0.0, 0.0, 0.0, 1.0],
                [0.999254, 0.0, 0.038617, -5e-06, 0.038617, 0.0, -0.999254, 2.441561, 0.0, 1.0, 0.0, 0.756035, 0.0, 0.0, 0.0, 1.0],
                [0.999328, 0.0, 0.036647, -5e-06, 0.036647, 0.0, -0.999328, 2.443281, 0.0, 1.0, 0.0, 0.756439, 0.0, 0.0, 0.0, 1.0],
                [0.999396, 0.0, 0.034745, -5e-06, 0.034745, 0.0, -0.999396, 2.444942, 0.0, 1.0, 0.0, 0.756828, 0.0, 0.0, 0.0, 1.0],
                [0.999458, 0.0, 0.032911, -5e-06, 0.032911, 0.0, -0.999458, 2.446545, 0.0, 1.0, 0.0, 0.757204, 0.0, 0.0, 0.0, 1.0],
                [0.999515, 0.0, 0.031142, -5e-06, 0.031142, 0.0, -0.999515, 2.448091, 0.0, 1.0, 0.0, 0.757567, 0.0, 0.0, 0.0, 1.0],
                [0.999567, 0.0, 0.029439, -5e-06, 0.029439, 0.0, -0.999567, 2.44958, 0.0, 1.0, 0.0, 0.757916, 0.0, 0.0, 0.0, 1.0],
                [0.999614, 0.0, 0.027799, -5e-06, 0.027799, 0.0, -0.999614, 2.451014, 0.0, 1.0, 0.0, 0.758252, 0.0, 0.0, 0.0, 1.0],
                [0.999656, 0.0, 0.026222, -5e-06, 0.026222, 0.0, -0.999656, 2.452394, 0.0, 1.0, 0.0, 0.758576, 0.0, 0.0, 0.0, 1.0],
                [0.999695, 0.0, 0.024705, -5e-06, 0.024705, 0.0, -0.999695, 2.453722, 0.0, 1.0, 0.0, 0.758887, 0.0, 0.0, 0.0, 1.0],
                [0.99973, 0.0, 0.023249, -5e-06, 0.023249, 0.0, -0.99973, 2.454997, 0.0, 1.0, 0.0, 0.759186, 0.0, 0.0, 0.0, 1.0],
                [0.999761, 0.0, 0.021851, -5e-06, 0.021851, 0.0, -0.999761, 2.45622, 0.0, 1.0, 0.0, 0.759473, 0.0, 0.0, 0.0, 1.0],
                [0.99979, 0.0, 0.020511, -5e-06, 0.020511, 0.0, -0.99979, 2.457395, 0.0, 1.0, 0.0, 0.759748, 0.0, 0.0, 0.0, 1.0],
                [0.999815, 0.0, 0.019227, -5e-06, 0.019227, 0.0, -0.999815, 2.45852, 0.0, 1.0, 0.0, 0.760012, 0.0, 0.0, 0.0, 1.0],
                [0.999838, 0.0, 0.017997, -5e-06, 0.017997, 0.0, -0.999838, 2.459597, 0.0, 1.0, 0.0, 0.760265, 0.0, 0.0, 0.0, 1.0],
                [0.999858, 0.0, 0.016822, -5e-06, 0.016822, 0.0, -0.999858, 2.460628, 0.0, 1.0, 0.0, 0.760507, 0.0, 0.0, 0.0, 1.0],
                [0.999877, 0.0, 0.015699, -5e-06, 0.015699, 0.0, -0.999877, 2.461612, 0.0, 1.0, 0.0, 0.760738, 0.0, 0.0, 0.0, 1.0],
                [0.999893, 0.0, 0.014627, -5e-06, 0.014627, 0.0, -0.999893, 2.462552, 0.0, 1.0, 0.0, 0.760958, 0.0, 0.0, 0.0, 1.0],
                [0.999907, 0.0, 0.013605, -5e-06, 0.013605, 0.0, -0.999907, 2.463448, 0.0, 1.0, 0.0, 0.761168, 0.0, 0.0, 0.0, 1.0],
                [0.99992, 0.0, 0.012633, -5e-06, 0.012633, 0.0, -0.99992, 2.464302, 0.0, 1.0, 0.0, 0.761368, 0.0, 0.0, 0.0, 1.0],
                [0.999931, 0.0, 0.011708, -5e-06, 0.011708, 0.0, -0.999931, 2.465114, 0.0, 1.0, 0.0, 0.761559, 0.0, 0.0, 0.0, 1.0],
                [0.999941, 0.0, 0.010829, -5e-06, 0.010829, 0.0, -0.999941, 2.465885, 0.0, 1.0, 0.0, 0.76174, 0.0, 0.0, 0.0, 1.0],
                [0.99995, 0.0, 0.009995, -5e-06, 0.009995, 0.0, -0.99995, 2.466617, 0.0, 1.0, 0.0, 0.761911, 0.0, 0.0, 0.0, 1.0],
                [0.999958, 0.0, 0.009206, -5e-06, 0.009206, 0.0, -0.999958, 2.46731, 0.0, 1.0, 0.0, 0.762074, 0.0, 0.0, 0.0, 1.0],
                [0.999964, 0.0, 0.008459, -5e-06, 0.008459, 0.0, -0.999964, 2.467966, 0.0, 1.0, 0.0, 0.762228, 0.0, 0.0, 0.0, 1.0],
                [0.99997, 0.0, 0.007754, -5e-06, 0.007754, 0.0, -0.99997, 2.468585, 0.0, 1.0, 0.0, 0.762373, 0.0, 0.0, 0.0, 1.0],
                [0.999975, 0.0, 0.007089, -5e-06, 0.007089, 0.0, -0.999975, 2.46917, 0.0, 1.0, 0.0, 0.76251, 0.0, 0.0, 0.0, 1.0],
                [0.999979, 0.0, 0.006463, -5e-06, 0.006463, 0.0, -0.999979, 2.469719, 0.0, 1.0, 0.0, 0.762639, 0.0, 0.0, 0.0, 1.0],
                [0.999983, 0.0, 0.005876, -5e-06, 0.005876, 0.0, -0.999983, 2.470236, 0.0, 1.0, 0.0, 0.76276, 0.0, 0.0, 0.0, 1.0],
                [0.999986, 0.0, 0.005325, -5e-06, 0.005325, 0.0, -0.999986, 2.47072, 0.0, 1.0, 0.0, 0.762873, 0.0, 0.0, 0.0, 1.0],
                [0.999988, 0.0, 0.00481, -5e-06, 0.00481, 0.0, -0.999988, 2.471173, 0.0, 1.0, 0.0, 0.76298, 0.0, 0.0, 0.0, 1.0],
                [0.999991, 0.0, 0.004329, -5e-06, 0.004329, 0.0, -0.999991, 2.471595, 0.0, 1.0, 0.0, 0.763079, 0.0, 0.0, 0.0, 1.0],
                [0.999992, 0.0, 0.003881, -5e-06, 0.003881, 0.0, -0.999992, 2.471988, 0.0, 1.0, 0.0, 0.763171, 0.0, 0.0, 0.0, 1.0],
                [0.999994, 0.0, 0.003466, -5e-06, 0.003466, 0.0, -0.999994, 2.472354, 0.0, 1.0, 0.0, 0.763257, 0.0, 0.0, 0.0, 1.0],
                [0.999995, 0.0, 0.003081, -5e-06, 0.003081, 0.0, -0.999995, 2.472692, 0.0, 1.0, 0.0, 0.763336, 0.0, 0.0, 0.0, 1.0],
                [0.999996, 0.0, 0.002725, -5e-06, 0.002725, 0.0, -0.999996, 2.473005, 0.0, 1.0, 0.0, 0.763409, 0.0, 0.0, 0.0, 1.0],
                [0.999997, 0.0, 0.002399, -5e-06, 0.002399, 0.0, -0.999997, 2.473292, 0.0, 1.0, 0.0, 0.763477, 0.0, 0.0, 0.0, 1.0],
                [0.999998, 0.0, 0.002099, -5e-06, 0.002099, 0.0, -0.999998, 2.473556, 0.0, 1.0, 0.0, 0.763538, 0.0, 0.0, 0.0, 1.0],
                [0.999998, 0.0, 0.001826, -5e-06, 0.001826, 0.0, -0.999998, 2.473796, 0.0, 1.0, 0.0, 0.763595, 0.0, 0.0, 0.0, 1.0],
                [0.999999, 0.0, 0.001577, -5e-06, 0.001577, 0.0, -0.999999, 2.474015, 0.0, 1.0, 0.0, 0.763646, 0.0, 0.0, 0.0, 1.0],
                [0.999999, 0.0, 0.001352, -5e-06, 0.001352, 0.0, -0.999999, 2.474213, 0.0, 1.0, 0.0, 0.763693, 0.0, 0.0, 0.0, 1.0],
                [0.999999, 0.0, 0.00115, -5e-06, 0.00115, 0.0, -0.999999, 2.474391, 0.0, 1.0, 0.0, 0.763734, 0.0, 0.0, 0.0, 1.0],
                [1.0, 0.0, 0.000968, -5e-06, 0.000968, 0.0, -1.0, 2.47455, 0.0, 1.0, 0.0, 0.763772, 0.0, 0.0, 0.0, 1.0],
                [1.0, 0.0, 0.000807, -5e-06, 0.000807, 0.0, -1.0, 2.474692, 0.0, 1.0, 0.0, 0.763805, 0.0, 0.0, 0.0, 1.0],
                [1.0, 0.0, 0.000665, -5e-06, 0.000665, 0.0, -1.0, 2.474817, 0.0, 1.0, 0.0, 0.763834, 0.0, 0.0, 0.0, 1.0],
                [1.0, 0.0, 0.000541, -5e-06, 0.000541, 0.0, -1.0, 2.474927, 0.0, 1.0, 0.0, 0.76386, 0.0, 0.0, 0.0, 1.0],
                [1.0, 0.0, 0.000433, -5e-06, 0.000433, 0.0, -1.0, 2.475022, 0.0, 1.0, 0.0, 0.763882, 0.0, 0.0, 0.0, 1.0],
                [1.0, 0.0, 0.000341, -5e-06, 0.000341, 0.0, -1.0, 2.475103, 0.0, 1.0, 0.0, 0.763901, 0.0, 0.0, 0.0, 1.0],
                [1.0, 0.0, 0.000262, -5e-06, 0.000262, 0.0, -1.0, 2.475172, 0.0, 1.0, 0.0, 0.763917, 0.0, 0.0, 0.0, 1.0],
                [1.0, 0.0, 0.000197, -5e-06, 0.000197, 0.0, -1.0, 2.475229, 0.0, 1.0, 0.0, 0.763931, 0.0, 0.0, 0.0, 1.0],
                [1.0, 0.0, 0.000144, -5e-06, 0.000144, 0.0, -1.0, 2.475276, 0.0, 1.0, 0.0, 0.763942, 0.0, 0.0, 0.0, 1.0],
                [1.0, 0.0, 0.000101, -5e-06, 0.000101, 0.0, -1.0, 2.475314, 0.0, 1.0, 0.0, 0.763951, 0.0, 0.0, 0.0, 1.0],
                [1.0, 0.0, 6.8e-05, -5e-06, 6.8e-05, 0.0, -1.0, 2.475343, 0.0, 1.0, 0.0, 0.763958, 0.0, 0.0, 0.0, 1.0],
                [1.0, 0.0, 4.3e-05, -5e-06, 4.3e-05, 0.0, -1.0, 2.475365, 0.0, 1.0, 0.0, 0.763963, 0.0, 0.0, 0.0, 1.0],
                [1.0, 0.0, 2.4e-05, -5e-06, 2.4e-05, 0.0, -1.0, 2.475381, 0.0, 1.0, 0.0, 0.763966, 0.0, 0.0, 0.0, 1.0],
                [1.0, 0.0, 1.3e-05, -5e-06, 1.3e-05, 0.0, -1.0, 2.475391, 0.0, 1.0, 0.0, 0.763969, 0.0, 0.0, 0.0, 1.0],
                [1.0, 0.0, 5e-06, -5e-06, 5e-06, 0.0, -1.0, 2.475398, 0.0, 1.0, 0.0, 0.76397, 0.0, 0.0, 0.0, 1.0],
                [1.0, 0.0, 1e-06, -5e-06, 1e-06, 0.0, -1.0, 2.475401, 0.0, 1.0, 0.0, 0.763971, 0.0, 0.0, 0.0, 1.0],
                [1.0, 0.0, 0.0, -5e-06, 0.0, 0.0, -1.0, 2.475402, 0.0, 1.0, 0.0, 0.763972, 0.0, 0.0, 0.0, 1.0],
                [1.0, 0.0, 0.0, -5e-06, 0.0, 0.0, -1.0, 2.475403, 0.0, 1.0, 0.0, 0.763972, 0.0, 0.0, 0.0, 1.0]
            ]
        },
        {
            "name": "Thigh_R",
            "time": [0.0, 0.0167, 0.0333, 0.05, 0.0667, 0.0833, 0.1, 0.1167, 0.1333, 0.15, 0.1667, 0.1833, 0.2, 0.2167, 0.2333, 0.25, 0.2667, 0.2833, 0.3, 0.3167, 0.3333, 0.35, 0.3667, 0.3833, 0.4, 0.4167, 0.4333, 0.45, 0.4667, 0.4833, 0.5, 0.5167, 0.5333, 0.55, 0.5667, 0.5833, 0.6, 0.6167, 0.6333, 0.65, 0.6667, 0.6833, 0.7, 0.7167, 0.7333, 0.75, 0.7667, 0.7833, 0.8, 0.8167, 0.8333, 0.85, 0.8667, 0.8833, 0.9, 0.9167, 0.9333, 0.95, 0.9667, 0.9833, 1.0, 1.0167, 1.0333, 1.05, 1.0667, 1.0833, 1.1, 1.1167, 1.1333, 1.15, 1.1667, 1.1833, 1.2, 1.2167, 1.2333, 1.25, 1.2667, 1.2833, 1.3, 1.3167, 1.3333, 1.35, 1.3667, 1.3833, 1.4, 1.4167, 1.4333, 1.45, 1.4667, 1.4833, 1.5, 1.5167, 1.5333, 1.55, 1.5667, 1.5833, 1.6, 1.6167, 1.6333, 1.65, 1.6667, 1.6833, 1.7, 1.7167, 1.7333, 1.75, 1.7667, 1.7833, 1.8, 1.8167, 1.8333, 1.85, 1.8667, 1.8833, 1.9, 1.9167, 1.9333, 1.95, 1.9667, 1.9833, 2.0, 2.0167, 2.0333, 2.05, 2.0667, 2.0833, 2.1, 2.1167, 2.1333, 2.15, 2.1667, 2.1833, 2.2, 2.2167, 2.2333, 2.25, 2.2667, 2.2833, 2.3, 2.3167, 2.3333, 2.35, 2.3667, 2.3833, 2.4, 2.4167, 2.4333, 2.45, 2.4667, 2.4833, 2.5, 2.5167, 2.5333, 2.55, 2.5667, 2.5833, 2.6, 2.6167, 2.6333, 2.65, 2.6667, 2.6833, 2.7, 2.7167, 2.7333, 2.75, 2.7667, 2.7833, 2.8, 2.8167, 2.8333, 2.85, 2.8667, 2.8833, 2.9, 2.9167, 2.9333, 2.95, 2.9667, 2.9833],
            "transform": [
                [0.480071, -0.388539, -0.786491, 0.124994, 0.564088, -0.549891, 0.615974, -0.002831, -0.671815, -0.73936, -0.044817, -1.2e-05, 0.0, 0.0, 0.0, 1.0],
                [0.560297, -0.373589, -0.739255, 0.124994, 0.530177, -0.523956, 0.666619, -0.002831, -0.63638, -0.765439, -0.095503, -1.2e-05, 0.0, 0.0, 0.0, 1.0],
                [0.748358, -0.316916, -0.582687, 0.124994, 0.414776, -0.461936, 0.783949, -0.002831, -0.51761, -0.828357, -0.214245, -1.2e-05, 0.0, 0.0, 0.0, 1.0],
                [0.929977, -0.204225, -0.305669, 0.124994, 0.206076, -0.398945, 0.893518, -0.002831, -0.304424, -0.893941, -0.328925, -1.2e-05, 0.0, 0.0, 0.0, 1.0],
                [0.997827, -0.064255, 0.014551, 0.124994, -0.037514, -0.372571, 0.927245, -0.002831, -0.054159, -0.925774, -0.374173, -1.2e-05, 0.0, 0.0, 0.0, 1.0],
                [0.96721, 0.041719, 0.250526, 0.124994, -0.215663, -0.386068, 0.896906, -0.002831, 0.134139, -0.921524, -0.364413, -1.2e-05, 0.0, 0.0, 0.0, 1.0],
                [0.94023, 0.075472, 0.33207, 0.124994, -0.273199, -0.414956, 0.867856, -0.002831, 0.203294, -0.906703, -0.369536, -1.2e-05, 0.0, 0.0, 0.0, 1.0],
                [0.942681, 0.061816, 0.327919, 0.124994, -0.260041, -0.479743, 0.837988, -0.002831, 0.209118, -0.875226, -0.436172, -1.2e-05, 0.0, 0.0, 0.0, 1.0],
                [0.945485, 0.041622, 0.322993, 0.124994, -0.237443, -0.590683, 0.771177, -0.002831, 0.222884, -0.805827, -0.548601, -1.2e-05, 0.0, 0.0, 0.0, 1.0],
                [0.950598, 0.024513, 0.309455, 0.124994, -0.200312, -0.713118, 0.671816, -0.002831, 0.237146, -0.700612, -0.67298, -1.2e-05, 0.0, 0.0, 0.0, 1.0],
                [0.958755, 0.022388, 0.283349, 0.124994, -0.146058, -0.816392, 0.55872, -0.002831, 0.243833, -0.57706, -0.779453, -1.2e-05, 0.0, 0.0, 0.0, 1.0],
                [0.968584, 0.047027, 0.244197, 0.124994, -0.074648, -0.881691, 0.465881, -0.002831, 0.237216, -0.469473, -0.850484, -1.2e-05, 0.0, 0.0, 0.0, 1.0],
                [0.975939, 0.106693, 0.190157, 0.124994, 0.014211, -0.901372, 0.432809, -0.002831, 0.21758, -0.419691, -0.881202, -1.2e-05, 0.0, 0.0, 0.0, 1.0],
                [0.971927, 0.207569, 0.110776, 0.124994, 0.127421, -0.860177, 0.493819, -0.002831, 0.197788, -0.46584, -0.86248, -1.2e-05, 0.0, 0.0, 0.0, 1.0],
                [0.946641, 0.322265, -0.003867, 0.124994, 0.256915, -0.747321, 0.612783, -0.002831, 0.194588, -0.581078, -0.790242, -1.2e-05, 0.0, 0.0, 0.0, 1.0],
                [0.902702, 0.406013, -0.142416, 0.124994, 0.375669, -0.58236, 0.720921, -0.002831, 0.209766, -0.704277, -0.678226, -1.2e-05, 0.0, 0.0, 0.0, 1.0],
                [0.858184, 0.436794, -0.269686, 0.124994, 0.461849, -0.427636, 0.77706, -0.002831, 0.224087, -0.791413, -0.568725, -1.2e-05, 0.0, 0.0, 0.0, 1.0],
                [0.835889, 0.423305, -0.349429, 0.124994, 0.509496, -0.361514, 0.780847, -0.002831, 0.204213, -0.830732, -0.517859, -1.2e-05, 0.0, 0.0, 0.0, 1.0],
                [0.831888, 0.397431, -0.38731, 0.124994, 0.53459, -0.386646, 0.751477, -0.002831, 0.148909, -0.832195, -0.534111, -1.2e-05, 0.0, 0.0, 0.0, 1.0],
                [0.829555, 0.379619, -0.409545, 0.124994, 0.552128, -0.447753, 0.703329, -0.002831, 0.083622, -0.809569, -0.581036, -1.2e-05, 0.0, 0.0, 0.0, 1.0],
                [0.829205, 0.368526, -0.420246, 0.124994, 0.558766, -0.527589, 0.639866, -0.002831, 0.01409, -0.765398, -0.643401, -1.2e-05, 0.0, 0.0, 0.0, 1.0],
                [0.830927, 0.361844, -0.422645, 0.124994, 0.553922, -0.609353, 0.567325, -0.002831, -0.052257, -0.705516, -0.706763, -1.2e-05, 0.0, 0.0, 0.0, 1.0],
                [0.834319, 0.357316, -0.419805, 0.124994, 0.540645, -0.6792, 0.496375, -0.002831, -0.107769, -0.641099, -0.759853, -1.2e-05, 0.0, 0.0, 0.0, 1.0],
                [0.838487, 0.353368, -0.414813, 0.124994, 0.524963, -0.727957, 0.441011, -0.002831, -0.146127, -0.587542, -0.79589, -1.2e-05, 0.0, 0.0, 0.0, 1.0],
                [0.842242, 0.34923, -0.410689, 0.124994, 0.513968, -0.750056, 0.416233, -0.002831, -0.162679, -0.561649, -0.811225, -1.2e-05, 0.0, 0.0, 0.0, 1.0],
                [0.845363, 0.344897, -0.40793, 0.124994, 0.507469, -0.757004, 0.411604, -0.002831, -0.166844, -0.554965, -0.81497, -1.2e-05, 0.0, 0.0, 0.0, 1.0],
                [0.848455, 0.340621, -0.405093, 0.124994, 0.500963, -0.763782, 0.407027, -0.002831, -0.170761, -0.548279, -0.818675, -1.2e-05, 0.0, 0.0, 0.0, 1.0],
                [0.851521, 0.336401, -0.402176, 0.124994, 0.494454, -0.770393, 0.402502, -0.002831, -0.174432, -0.541595, -0.822343, -1.2e-05, 0.0, 0.0, 0.0, 1.0],
                [0.85456, 0.332236, -0.399181, 0.124994, 0.487947, -0.776839, 0.398027, -0.002831, -0.177861, -0.534916, -0.825972, -1.2e-05, 0.0, 0.0, 0.0, 1.0],
                [0.857573, 0.328127, -0.396106, 0.124994, 0.481445, -0.783125, 0.393604, -0.002831, -0.181049, -0.528246, -0.829564, -1.2e-05, 0.0, 0.0, 0.0, 1.0],
                [0.860561, 0.324072, -0.392952, 0.124994, 0.474951, -0.789251, 0.389232, -0.002831, -0.183999, -0.521589, -0.833119, -1.2e-05, 0.0, 0.0, 0.0, 1.0],
                [0.863523, 0.320071, -0.389719, 0.124994, 0.46847, -0.795221, 0.38491, -0.002831, -0.186715, -0.51495, -0.836638, -1.2e-05, 0.0, 0.0, 0.0, 1.0],
                [0.866461, 0.316124, -0.386407, 0.124994, 0.462006, -0.801038, 0.380639, -0.002831, -0.189198, -0.50833, -0.840122, -1.2e-05, 0.0, 0.0, 0.0, 1.0],
                [0.869374, 0.312229, -0.383016, 0.124994, 0.45556, -0.806704, 0.376417, -0.002831, -0.191453, -0.501733, -0.843569, -1.2e-05, 0.0, 0.0, 0.0, 1.0],
                [0.872262, 0.308387, -0.379547, 0.124994, 0.449137, -0.812223, 0.372246, -0.002831, -0.193481, -0.495163, -0.846982, -1.2e-05, 0.0, 0.0, 0.0, 1.0],
                [0.875126, 0.304597, -0.375999, 0.124994, 0.442739, -0.817597, 0.368123, -0.002831, -0.195287, -0.488622, -0.850359, -1.2e-05, 0.0, 0.0, 0.0, 1.0],
                [0.877965, 0.300858, -0.372372, 0.124994, 0.43637, -0.822828, 0.36405, -0.002831, -0.196872, -0.482114, -0.853702, -1.2e-05, 0.0, 0.0, 0.0, 1.0],
                [0.88078, 0.297169, -0.368668, 0.124994, 0.430031, -0.82792, 0.360025, -0.002831, -0.19824, -0.475641, -0.85701, -1.2e-05, 0.0, 0.0, 0.0, 1.0],
                [0.883571, 0.29353, -0.364886, 0.124994, 0.423727, -0.832876, 0.356049, -0.002831, -0.199394, -0.469205, -0.860284, -1.2e-05, 0.0, 0.0, 0.0, 1.0],
                [0.886337, 0.289941, -0.361026, 0.124994, 0.417458, -0.837697, 0.35212, -0.002831, -0.200337, -0.462809, -0.863523, -1.2e-05, 0.0, 0.0, 0.0, 1.0],
                [0.889079, 0.286401, -0.357089, 0.124994, 0.411228, -0.842388, 0.348239, -0.002831, -0.201072, -0.456456, -0.866728, -1.2e-05, 0.0, 0.0, 0.0, 1.0],
                [0.891796, 0.282909, -0.353075, 0.124994, 0.405039, -0.84695, 0.344406, -0.002831, -0.201602, -0.450148, -0.869898, -1.2e-05, 0.0, 0.0, 0.0, 1.0],
                [0.894487, 0.279465, -0.348985, 0.124994, 0.398893, -0.851387, 0.340619, -0.002831, -0.201931, -0.443886, -0.873034, -1.2e-05, 0.0, 0.0, 0.0, 1.0],
                [0.897154, 0.276068, -0.34482, 0.124994, 0.392792, -0.855701, 0.336878, -0.002831, -0.202062, -0.437673, -0.876135, -1.2e-05, 0.0, 0.0, 0.0, 1.0],
                [0.899795, 0.272718, -0.340579, 0.124994, 0.386738, -0.859895, 0.333184, -0.002831, -0.201997, -0.43151, -0.879202, -1.2e-05, 0.0, 0.0, 0.0, 1.0],
                [0.90241, 0.269413, -0.336263, 0.124994, 0.380732, -0.863971, 0.329535, -0.002831, -0.20174, -0.4254, -0.882233, -1.2e-05, 0.0, 0.0, 0.0, 1.0],
                [0.904998, 0.266155, -0.331872, 0.124994, 0.374778, -0.867933, 0.325932, -0.002831, -0.201295, -0.419345, -0.885229, -1.2e-05, 0.0, 0.0, 0.0, 1.0],
                [0.90756, 0.262941, -0.327409, 0.124994, 0.368875, -0.871782, 0.322373, -0.002831, -0.200664, -0.413345, -0.888189, -1.2e-05, 0.0, 0.0, 0.0, 1.0],
                [0.910094, 0.259772, -0.322872, 0.124994, 0.363026, -0.875521, 0.318859, -0.002831, -0.199851, -0.407402, -0.891113, -1.2e-05, 0.0, 0.0, 0.0, 1.0],
                [0.912601, 0.256647, -0.318263, 0.124994, 0.357232, -0.879154, 0.31539, -0.002831, -0.198859, -0.401517, -0.894001, -1.2e-05, 0.0, 0.0, 0.0, 1.0],
                [0.915079, 0.253566, -0.313583, 0.124994, 0.351495, -0.882682, 0.311964, -0.002831, -0.197691, -0.395693, -0.896853, -1.2e-05, 0.0, 0.0, 0.0, 1.0],
                [0.917528, 0.250528, -0.308832, 0.124994, 0.345815, -0.886107, 0.308582, -0.002831, -0.19635, -0.38993, -0.899667, -1.2e-05, 0.0, 0.0, 0.0, 1.0],
                [0.919948, 0.247532, -0.30401, 0.124994, 0.340194, -0.889433, 0.305243, -0.002831, -0.19484, -0.384229, -0.902444, -1.2e-05, 0.0, 0.0, 0.0, 1.0],
                [0.922338, 0.244579, -0.29912, 0.124994, 0.334633, -0.892662, 0.301946, -0.002831, -0.193164, -0.378591, -0.905183, -1.2e-05, 0.0, 0.0, 0.0, 1.0],
                [0.924697, 0.241667, -0.294161, 0.124994, 0.329134, -0.895796, 0.298693, -0.002831, -0.191325, -0.373018, -0.907884, -1.2e-05, 0.0, 0.0, 0.0, 1.0],
                [0.927026, 0.238797, -0.289135, 0.124994, 0.323696, -0.898837, 0.295481, -0.002831, -0.189326, -0.367509, -0.910545, -1.2e-05, 0.0, 0.0, 0.0, 1.0],
                [0.929322, 0.235967, -0.284043, 0.124994, 0.318321, -0.901788, 0.292311, -0.002831, -0.187171, -0.362067, -0.913167, -1.2e-05, 0.0, 0.0, 0.0, 1.0],
                [0.931585, 0.233178, -0.278885, 0.124994, 0.313009, -0.904652, 0.289183, -0.002831, -0.184862, -0.356691, -0.915749, -1.2e-05, 0.0, 0.0, 0.0, 1.0],
                [0.933815, 0.23043, -0.273662, 0.124994, 0.307762, -0.907429, 0.286096, -0.002831, -0.182404, -0.351383, -0.918291, -1.2e-05, 0.0, 0.0, 0.0, 1.0],
                [0.936011, 0.22772, -0.268376, 0.124994, 0.30258, -0.910123, 0.283051, -0.002831, -0.179799, -0.346143, -0.920792, -1.2e-05, 0.0, 0.0, 0.0, 1.0],
                [0.938172, 0.225051, -0.263028, 0.124994, 0.297464, -0.912735, 0.280045, -0.002831, -0.177051, -0.340971, -0.92325, -1.2e-05, 0.0, 0.0, 0.0, 1.0],
                [0.940298, 0.22242, -0.257619, 0.124994, 0.292414, -0.915269, 0.277081, -0.002831, -0.174162, -0.335869, -0.925667, -1.2e-05, 0.0, 0.0, 0.0, 1.0],
                [0.942388, 0.219828, -0.252149, 0.124994, 0.28743, -0.917725, 0.274156, -0.002831, -0.171137, -0.330836, -0.928041, -1.2e-05, 0.0, 0.0, 0.0, 1.0],
                [0.944441, 0.217275, -0.246621, 0.124994, 0.282514, -0.920105, 0.271271, -0.002831, -0.167977, -0.325873, -0.930371, -1.2e-05, 0.0, 0.0, 0.0, 1.0],
                [0.946456, 0.214759, -0.241035, 0.124994, 0.277665, -0.922413, 0.268426, -0.002831, -0.164687, -0.32098, -0.932658, -1.2e-05, 0.0, 0.0, 0.0, 1.0],
                [0.948433, 0.212282, -0.235393, 0.124994, 0.272884, -0.924649, 0.26562, -0.002831, -0.16127, -0.316157, -0.934899, -1.2e-05, 0.0, 0.0, 0.0, 1.0],
                [0.950371, 0.209842, -0.229696, 0.124994, 0.268171, -0.926816, 0.262854, -0.002831, -0.157729, -0.311406, -0.937096, -1.2e-05, 0.0, 0.0, 0.0, 1.0],
                [0.952269, 0.207439, -0.223945, 0.124994, 0.263526, -0.928916, 0.260126, -0.002831, -0.154067, -0.306725, -0.939246, -1.2e-05, 0.0, 0.0, 0.0, 1.0],
                [0.954127, 0.205072, -0.218142, 0.124994, 0.25895, -0.93095, 0.257438, -0.002831, -0.150287, -0.302115, -0.94135, -1.2e-05, 0.0, 0.0, 0.0, 1.0],
                [0.955943, 0.202743, -0.212289, 0.124994, 0.254442, -0.93292, 0.254787, -0.002831, -0.146392, -0.297576, -0.943407, -1.2e-05, 0.0, 0.0, 0.0, 1.0],
                [0.957718, 0.20045, -0.206385, 0.124994, 0.250003, -0.934828, 0.252175, -0.002831, -0.142387, -0.293109, -0.945417, -1.2e-05, 0.0, 0.0, 0.0, 1.0],
                [0.95945, 0.198193, -0.200434, 0.124994, 0.245632, -0.936675, 0.249601, -0.002831, -0.138273, -0.288712, -0.947379, -1.2e-05, 0.0, 0.0, 0.0, 1.0],
                [0.961139, 0.195972, -0.194437, 0.124994, 0.24133, -0.938464, 0.247065, -0.002831, -0.134054, -0.284387, -0.949291, -1.2e-05, 0.0, 0.0, 0.0, 1.0],
                [0.962784, 0.193787, -0.188394, 0.124994, 0.237097, -0.940196, 0.244567, -0.002831, -0.129734, -0.280132, -0.951155, -1.2e-05, 0.0, 0.0, 0.0, 1.0],
                [0.964385, 0.191637, -0.182308, 0.124994, 0.232933, -0.941872, 0.242106, -0.002831, -0.125315, -0.275948, -0.952969, -1.2e-05, 0.0, 0.0, 0.0, 1.0],
                [0.96594, 0.189523, -0.176181, 0.124994, 0.228836, -0.943495, 0.239683, -0.002831, -0.120801, -0.271835, -0.954732, -1.2e-05, 0.0, 0.0, 0.0, 1.0],
                [0.96745, 0.187444, -0.170014, 0.124994, 0.224808, -0.945065, 0.237297, -0.002831, -0.116194, -0.267793, -0.956445, -1.2e-05, 0.0, 0.0, 0.0, 1.0],
                [0.968913, 0.185399, -0.163808, 0.124994, 0.220849, -0.946584, 0.234948, -0.002831, -0.111499, -0.26382, -0.958106, -1.2e-05, 0.0, 0.0, 0.0, 1.0],
                [0.97033, 0.18339, -0.157565, 0.124994, 0.216957, -0.948054, 0.232636, -0.002831, -0.106718, -0.259918, -0.959716, -1.2e-05, 0.0, 0.0, 0.0, 1.0],
                [0.971699, 0.181415, -0.151288, 0.124994, 0.213132, -0.949476, 0.230361, -0.002831, -0.101854, -0.256085, -0.961273, -1.2e-05, 0.0, 0.0, 0.0, 1.0],
                [0.973021, 0.179474, -0.144978, 0.124994, 0.209375, -0.950851, 0.228122, -0.002831, -0.096911, -0.252321, -0.962779, -1.2e-05, 0.0, 0.0, 0.0, 1.0],
                [0.974294, 0.177567, -0.138636, 0.124994, 0.205685, -0.952182, 0.22592, -0.002831, -0.091891, -0.248627, -0.964231, -1.2e-05, 0.0, 0.0, 0.0, 1.0],
                [0.975518, 0.175695, -0.132265, 0.124994, 0.202062, -0.953468, 0.223754, -0.002831, -0.086798, -0.245001, -0.96563, -1.2e-05, 0.0, 0.0, 0.0, 1.0],
                [0.976694, 0.173857, -0.125866, 0.124994, 0.198505, -0.954712, 0.221624, -0.002831, -0.081635, -0.241443, -0.966975, -1.2e-05, 0.0, 0.0, 0.0, 1.0],
