{
    "animation": [
        {
            "name": "Root",
            "time": [0.0, 0.0167, 0.0333, 0.05, 0.0667, 0.0833, 0.1, 0.1167, 0.1333, 0.15, 0.1667, 0.1833, 0.2, 0.2167, 0.2333, 0.25, 0.2667, 0.2833, 0.3, 0.3167, 0.3333, 0.35, 0.3667, 0.3833, 0.4, 0.4167, 0.4333, 0.45, 0.4667, 0.4833, 0.5, 0.5167, 0.5333, 0.55, 0.5667, 0.5833, 0.6, 0.6167, 0.6333, 0.65, 0.6667, 0.6833, 0.7, 0.7167, 0.7333, 0.75, 0.7667, 0.7833, 0.8, 0.8167, 0.8333, 0.85, 0.8667, 0.8833, 0.9, 0.9167, 0.9333, 0.95, 0.9667, 0.9833, 1.0, 1.0167, 1.0333, 1.05, 1.0667, 1.0833, 1.1, 1.1167, 1.1333, 1.15, 1.1667, 1.1833, 1.2, 1.2167, 1.2333, 1.25, 1.2667, 1.2833, 1.3, 1.3167, 1.3333, 1.35, 1.3667, 1.3833, 1.4, 1.4167, 1.4333, 1.45, 1.4667, 1.4833, 1.5, 1.5167, 1.5333, 1.55, 1.5667, 1.5833, 1.6, 1.6167, 1.6333, 1.65, 1.6667, 1.6833, 1.7, 1.7167, 1.7333, 1.75, 1.7667, 1.7833, 1.8, 1.8167, 1.8333, 1.85, 1.8667, 1.8833, 1.9, 1.9167, 1.9333, 1.95, 1.9667, 1.9833, 2.0, 2.0167, 2.0333, 2.05, 2.0667, 2.0833, 2.1, 2.1167, 2.1333, 2.15, 2.1667, 2.1833, 2.2, 2.2167, 2.2333, 2.25, 2.2667, 2.2833, 2.3, 2.3167, 2.3333, 2.35, 2.3667, 2.3833, 2.4, 2.4167, 2.4333, 2.45, 2.4667, 2.4833, 2.5, 2.5167, 2.5333, 2.55, 2.5667, 2.5833, 2.6, 2.6167, 2.6333, 2.65, 2.6667, 2.6833, 2.7, 2.7167, 2.7333, 2.75, 2.7667, 2.7833, 2.8, 2.8167, 2.8333, 2.85, 2.8667, 2.8833, 2.9, 2.9167, 2.9333, 2.95, 2.9667, 2.9833, 3.0],
            "transform": [
                [0.997758, 0.0, -0.066927, -5e-06, -0.066927, 0.0, -0.997758, 0.000946, 0.0, 1.0, 0.0, 0.763972, 0.0, 0.0, 0.0, 1.0],
                [0.997758, 0.0, -0.066927, -5e-06, -0.066927, 0.0, -0.997758, 0.00421, 0.0, 1.0, 0.0, 0.758722, 0.0, 0.0, 0.0, 1.0],
                [0.997758, 0.0, -0.066927, -5e-06, -0.066927, 0.0, -0.997758, 0.013443, 0.0, 1.0, 0.0, 0.744395, 0.0, 0.0, 0.0, 1.0],
                [0.997758, 0.0, -0.066927, -5e-06, -0.066927, 0.0, -0.997758, 0.027807, 0.0, 1.0, 0.0, 0.723124, 0.0, 0.0, 0.0, 1.0],
                [0.997758, 0.0, -0.066927, -5e-06, -0.066927, 0.0, -0.997758, 0.046465, 0.0, 1.0, 0.0, 0.697042, 0.0, 0.0, 0.0, 1.0],
                [0.997758, 0.0, -0.066927, -5e-06, -0.066927, 0.0, -0.997758, 0.068579, 0.0, 1.0, 0.0, 0.66828, 0.0, 0.0, 0.0, 1.0],
                [0.997758, 0.0, -0.066927, -5e-06, -0.066927, 0.0, -0.997758, 0.093313, 0.0, 1.0, 0.0, 0.638973, 0.0, 0.0, 0.0, 1.0],
                [0.997758, 0.0, -0.066927, -5e-06, -0.066927, 0.0, -0.997758, 0.119827, 0.0, 1.0, 0.0, 0.611252, 0.0, 0.0, 0.0, 1.0],
                [0.997758, 0.0, -0.066927, -5e-06, -0.066927, 0.0, -0.997758, 0.147286, 0.0, 1.0, 0.0, 0.587252, 0.0, 0.0, 0.0, 1.0],
                [0.997758, 0.0, -0.066927, -5e-06, -0.066927, 0.0, -0.997758, 0.17485, 0.0, 1.0, 0.0, 0.569103, 0.0, 0.0, 0.0, 1.0],
                [0.997758, 0.0, -0.066927, -5e-06, -0.066927, 0.0, -0.997758, 0.201684, 0.0, 1.0, 0.0, 0.558941, 0.0, 0.0, 0.0, 1.0],
                [0.998076, 0.0, -0.062007, -5e-06, -0.062007, 0.0, -0.998076, 0.227571, 0.0, 1.0, 0.0, 0.554009, 0.0, 0.0, 0.0, 1.0],
                [0.998907, 0.0, -0.046748, -5e-06, -0.046748, 0.0, -0.998907, 0.254784, 0.0, 1.0, 0.0, 0.55006, 0.0, 0.0, 0.0, 1.0],
                [0.999792, 0.0, -0.020372, -5e-06, -0.020372, 0.0, -0.999792, 0.286218, 0.0, 1.0, 0.0, 0.546985, 0.0, 0.0, 0.0, 1.0],
                [0.999839, 0.0, 0.017929, -5e-06, 0.017929, 0.0, -0.999839, 0.324769, 0.0, 1.0, 0.0, 0.544674, 0.0, 0.0, 0.0, 1.0],
                [0.997621, 0.0, 0.068934, -5e-06, 0.068934, 0.0, -0.997621, 0.373331, 0.0, 1.0, 0.0, 0.543018, 0.0, 0.0, 0.0, 1.0],
                [0.991079, 0.0, 0.133276, -5e-06, 0.133276, 0.0, -0.991079, 0.4348, 0.0, 1.0, 0.0, 0.541908, 0.0, 0.0, 0.0, 1.0],
                [0.977435, 0.0, 0.211234, -5e-06, 0.211234, 0.0, -0.977435, 0.51207, 0.0, 1.0, 0.0, 0.541234, 0.0, 0.0, 0.0, 1.0],
                [0.953174, 0.0, 0.302424, -5e-06, 0.302424, 0.0, -0.953174, 0.608036, 0.0, 1.0, 0.0, 0.540889, 0.0, 0.0, 0.0, 1.0],
                [0.914146, 0.0, 0.405384, -5e-06, 0.405384, 0.0, -0.914146, 0.725594, 0.0, 1.0, 0.0, 0.540761, 0.0, 0.0, 0.0, 1.0],
                [0.855916, 0.0, 0.517115, -5e-06, 0.517115, 0.0, -0.855916, 0.867639, 0.0, 1.0, 0.0, 0.540743, 0.0, 0.0, 0.0, 1.0],
                [0.772424, 0.0, 0.635108, -5e-06, 0.635108, 0.0, -0.772424, 1.034799, 0.0, 1.0, 0.0, 0.56018, 0.0, 0.0, 0.0, 1.0],
                [0.659807, 0.0, 0.751435, -5e-06, 0.751435, 0.0, -0.659807, 1.218642, 0.0, 1.0, 0.0, 0.606529, 0.0, 0.0, 0.0, 1.0],
                [0.521166, 0.0, 0.853455, -5e-06, 0.853455, 0.0, -0.521166, 1.408466, 0.0, 1.0, 0.0, 0.661849, 0.0, 0.0, 0.0, 1.0],
                [0.365587, 0.0, 0.930777, -5e-06, 0.930777, 0.0, -0.365587, 1.593573, 0.0, 1.0, 0.0, 0.708199, 0.0, 0.0, 0.0, 1.0],
                [0.206864, 0.0, 0.97837, -5e-06, 0.97837, 0.0, -0.206864, 1.763262, 0.0, 1.0, 0.0, 0.727636, 0.0, 0.0, 0.0, 1.0],
                [0.058611, 0.0, 0.998281, 0.006199, 0.998281, 0.0, -0.058611, 1.908983, 0.0, 1.0, 0.0, 0.719955, 0.0, 0.0, 0.0, 1.0],
                [-0.073959, 0.0, 0.997261, 0.023039, 0.997261, 0.0, 0.073959, 2.03078, 0.0, 1.0, 0.0, 0.699106, 0.0, 0.0, 0.0, 1.0],
                [-0.189341, 0.0, 0.981912, 0.047855, 0.981912, 0.0, 0.189341, 2.130846, 0.0, 1.0, 0.0, 0.668382, 0.0, 0.0, 0.0, 1.0],
                [-0.287312, 0.0, 0.957837, 0.077988, 0.957837, 0.0, 0.287312, 2.211376, 0.0, 1.0, 0.0, 0.631074, 0.0, 0.0, 0.0, 1.0],
                [-0.368356, 0.0, 0.929685, 0.110781, 0.929685, 0.0, 0.368356, 2.274563, 0.0, 1.0, 0.0, 0.590474, 0.0, 0.0, 0.0, 1.0],
                [-0.433275, 0.0, 0.901262, 0.143573, 0.901262, 0.0, 0.433275, 2.322599, 0.0, 1.0, 0.0, 0.549874, 0.0, 0.0, 0.0, 1.0],
                [-0.482916, 0.0, 0.875667, 0.173707, 0.875667, 0.0, 0.482916, 2.35768, 0.0, 1.0, 0.0, 0.512566, 0.0, 0.0, 0.0, 1.0],
                [-0.517999, 0.0, 0.855381, 0.198523, 0.855381, 0.0, 0.517999, 2.381999, 0.0, 1.0, 0.0, 0.481842, 0.0, 0.0, 0.0, 1.0],
                [-0.538989, 0.0, 0.842313, 0.215362, 0.842313, 0.0, 0.538989, 2.397747, 0.0, 1.0, 0.0, 0.460993, 0.0, 0.0, 0.0, 1.0],
                [-0.546016, 0.0, 0.837775, 0.221566, 0.837775, 0.0, 0.546016, 2.407121, 0.0, 1.0, 0.0, 0.453312, 0.0, 0.0, 0.0, 1.0],
                [-0.545806, 0.0, 0.837911, 0.221535, 0.837911, 0.0, 0.545806, 2.413898, 0.0, 1.0, 0.0, 0.453409, 0.0, 0.0, 0.0, 1.0],
                [-0.545182, 0.0, 0.838318, 0.221441, 0.838318, 0.0, 0.545182, 2.420402, 0.0, 1.0, 0.0, 0.453695, 0.0, 0.0, 0.0, 1.0],
                [-0.544147, 0.0, 0.83899, 0.221286, 0.83899, 0.0, 0.544147, 2.426638, 0.0, 1.0, 0.0, 0.454167, 0.0, 0.0, 0.0, 1.0],
                [-0.542706, 0.0, 0.839923, 0.22107, 0.839923, 0.0, 0.542706, 2.432612, 0.0, 1.0, 0.0, 0.45482, 0.0, 0.0, 0.0, 1.0],
                [-0.540862, 0.0, 0.841111, 0.220794, 0.841111, 0.0, 0.540862, 2.438331, 0.0, 1.0, 0.0, 0.455648, 0.0, 0.0, 0.0, 1.0],
                [-0.538617, 0.0, 0.842551, 0.22046, 0.842551, 0.0, 0.538617, 2.4438, 0.0, 1.0, 0.0, 0.456648, 0.0, 0.0, 0.0, 1.0],
                [-0.535973, 0.0, 0.844235, 0.220067, 0.844235, 0.0, 0.535973, 2.449026, 0.0, 1.0, 0.0, 0.457815, 0.0, 0.0, 0.0, 1.0],
                [-0.532933, 0.0, 0.846158, 0.219617, 0.846158, 0.0, 0.532933, 2.454015, 0.0, 1.0, 0.0, 0.459145, 0.0, 0.0, 0.0, 1.0],
                [-0.529495, 0.0, 0.848313, 0.219111, 0.848313, 0.0, 0.529495, 2.458773, 0.0, 1.0, 0.0, 0.460632, 0.0, 0.0, 0.0, 1.0],
                [-0.525662, 0.0, 0.850693, 0.21855, 0.850693, 0.0, 0.525662, 2.463306, 0.0, 1.0, 0.0, 0.462272, 0.0, 0.0, 0.0, 1.0],
                [-0.521433, 0.0, 0.853292, 0.217934, 0.853292, 0.0, 0.521433, 2.46762, 0.0, 1.0, 0.0, 0.46406, 0.0, 0.0, 0.0, 1.0],
                [-0.516807, 0.0, 0.856102, 0.217265, 0.856102, 0.0, 0.516807, 2.471721, 0.0, 1.0, 0.0, 0.465993, 0.0, 0.0, 0.0, 1.0],
                [-0.511783, 0.0, 0.859115, 0.216543, 0.859115, 0.0, 0.511783, 2.475616, 0.0, 1.0, 0.0, 0.468064, 0.0, 0.0, 0.0, 1.0],
                [-0.50636, 0.0, 0.862322, 0.215769, 0.862322, 0.0, 0.50636, 2.479311, 0.0, 1.0, 0.0, 0.470271, 0.0, 0.0, 0.0, 1.0],
                [-0.500536, 0.0, 0.865716, 0.214943, 0.865716, 0.0, 0.500536, 2.482812, 0.0, 1.0, 0.0, 0.472607, 0.0, 0.0, 0.0, 1.0],
                [-0.494309, 0.0, 0.869286, 0.214068, 0.869286, 0.0, 0.494309, 2.486124, 0.0, 1.0, 0.0, 0.475069, 0.0, 0.0, 0.0, 1.0],
                [-0.487677, 0.0, 0.873025, 0.213144, 0.873025, 0.0, 0.487677, 2.489254, 0.0, 1.0, 0.0, 0.477651, 0.0, 0.0, 0.0, 1.0],
                [-0.480636, 0.0, 0.87692, 0.212171, 0.87692, 0.0, 0.480636, 2.492208, 0.0, 1.0, 0.0, 0.48035, 0.0, 0.0, 0.0, 1.0],
                [-0.473184, 0.0, 0.880964, 0.21115, 0.880964, 0.0, 0.473184, 2.494993, 0.0, 1.0, 0.0, 0.48316, 0.0, 0.0, 0.0, 1.0],
                [-0.465318, 0.0, 0.885143, 0.210083, 0.885143, 0.0, 0.465318, 2.497614, 0.0, 1.0, 0.0, 0.486077, 0.0, 0.0, 0.0, 1.0],
                [-0.457036, 0.0, 0.889448, 0.20897, 0.889448, 0.0, 0.457036, 2.500078, 0.0, 1.0, 0.0, 0.489097, 0.0, 0.0, 0.0, 1.0],
                [-0.448333, 0.0, 0.893867, 0.207812, 0.893867, 0.0, 0.448333, 2.50239, 0.0, 1.0, 0.0, 0.492215, 0.0, 0.0, 0.0, 1.0],
                [-0.439206, 0.0, 0.898386, 0.20661, 0.898386, 0.0, 0.439206, 2.504557, 0.0, 1.0, 0.0, 0.495425, 0.0, 0.0, 0.0, 1.0],
                [-0.429653, 0.0, 0.902994, 0.205365, 0.902994, 0.0, 0.429653, 2.506585, 0.0, 1.0, 0.0, 0.498724, 0.0, 0.0, 0.0, 1.0],
                [-0.419669, 0.0, 0.907678, 0.204078, 0.907678, 0.0, 0.419669, 2.50848, 0.0, 1.0, 0.0, 0.502107, 0.0, 0.0, 0.0, 1.0],
                [-0.409251, 0.0, 0.912422, 0.202749, 0.912422, 0.0, 0.409251, 2.510249, 0.0, 1.0, 0.0, 0.50557, 0.0, 0.0, 0.0, 1.0],
                [-0.398397, 0.0, 0.917213, 0.20138, 0.917213, 0.0, 0.398397, 2.511896, 0.0, 1.0, 0.0, 0.509107, 0.0, 0.0, 0.0, 1.0],
                [-0.387104, 0.0, 0.922036, 0.199971, 0.922036, 0.0, 0.387104, 2.513429, 0.0, 1.0, 0.0, 0.512714, 0.0, 0.0, 0.0, 1.0],
                [-0.375368, 0.0, 0.926876, 0.198523, 0.926876, 0.0, 0.375368, 2.514854, 0.0, 1.0, 0.0, 0.516387, 0.0, 0.0, 0.0, 1.0],
                [-0.363188, 0.0, 0.931716, 0.197037, 0.931716, 0.0, 0.363188, 2.516176, 0.0, 1.0, 0.0, 0.52012, 0.0, 0.0, 0.0, 1.0],
                [-0.350562, 0.0, 0.93654, 0.195514, 0.93654, 0.0, 0.350562, 2.517402, 0.0, 1.0, 0.0, 0.52391, 0.0, 0.0, 0.0, 1.0],
                [-0.337487, 0.0, 0.94133, 0.193955, 0.94133, 0.0, 0.337487, 2.518539, 0.0, 1.0, 0.0, 0.527752, 0.0, 0.0, 0.0, 1.0],
                [-0.323963, 0.0, 0.94607, 0.192361, 0.94607, 0.0, 0.323963, 2.519591, 0.0, 1.0, 0.0, 0.531641, 0.0, 0.0, 0.0, 1.0],
                [-0.30999, 0.0, 0.95074, 0.190732, 0.95074, 0.0, 0.30999, 2.520566, 0.0, 1.0, 0.0, 0.535572, 0.0, 0.0, 0.0, 1.0],
                [-0.295566, 0.0, 0.955322, 0.18907, 0.955322, 0.0, 0.295566, 2.521468, 0.0, 1.0, 0.0, 0.539541, 0.0, 0.0, 0.0, 1.0],
                [-0.280694, 0.0, 0.959798, 0.187375, 0.959798, 0.0, 0.280694, 2.522306, 0.0, 1.0, 0.0, 0.543543, 0.0, 0.0, 0.0, 1.0],
                [-0.265373, 0.0, 0.964146, 0.185648, 0.964146, 0.0, 0.265373, 2.523084, 0.0, 1.0, 0.0, 0.547574, 0.0, 0.0, 0.0, 1.0],
                [-0.249606, 0.0, 0.968347, 0.18389, 0.968347, 0.0, 0.249606, 2.523809, 0.0, 1.0, 0.0, 0.551629, 0.0, 0.0, 0.0, 1.0],
                [-0.233397, 0.0, 0.972382, 0.182102, 0.972382, 0.0, 0.233397, 2.524487, 0.0, 1.0, 0.0, 0.555703, 0.0, 0.0, 0.0, 1.0],
                [-0.216748, 0.0, 0.976228, 0.180285, 0.976228, 0.0, 0.216748, 2.525123, 0.0, 1.0, 0.0, 0.559792, 0.0, 0.0, 0.0, 1.0],
                [-0.199664, 0.0, 0.979864, 0.178439, 0.979864, 0.0, 0.199664, 2.525725, 0.0, 1.0, 0.0, 0.563891, 0.0, 0.0, 0.0, 1.0],
                [-0.182151, 0.0, 0.98327, 0.176566, 0.98327, 0.0, 0.182151, 2.526299, 0.0, 1.0, 0.0, 0.567996, 0.0, 0.0, 0.0, 1.0],
                [-0.164217, 0.0, 0.986424, 0.174667, 0.986424, 0.0, 0.164217, 2.526849, 0.0, 1.0, 0.0, 0.572102, 0.0, 0.0, 0.0, 1.0],
                [-0.145869, 0.0, 0.989304, 0.172741, 0.989304, 0.0, 0.145869, 2.527384, 0.0, 1.0, 0.0, 0.576204, 0.0, 0.0, 0.0, 1.0],
                [-0.127115, 0.0, 0.991888, 0.170791, 0.991888, 0.0, 0.127115, 2.527907, 0.0, 1.0, 0.0, 0.580298, 0.0, 0.0, 0.0, 1.0],
                [-0.107967, 0.0, 0.994154, 0.168817, 0.994154, 0.0, 0.107967, 2.528427, 0.0, 1.0, 0.0, 0.584379, 0.0, 0.0, 0.0, 1.0],
                [-0.088435, 0.0, 0.996082, 0.16682, 0.996082, 0.0, 0.088435, 2.528949, 0.0, 1.0, 0.0, 0.588443, 0.0, 0.0, 0.0, 1.0],
                [-0.068533, 0.0, 0.997649, 0.1648, 0.997649, 0.0, 0.068533, 2.529479, 0.0, 1.0, 0.0, 0.592485, 0.0, 0.0, 0.0, 1.0],
                [-0.048275, 0.0, 0.998834, 0.162759, 0.998834, 0.0, 0.048275, 2.530023, 0.0, 1.0, 0.0, 0.5965, 0.0, 0.0, 0.0, 1.0],
                [-0.027676, 0.0, 0.999617, 0.160698, 0.999617, 0.0, 0.027676, 2.530587, 0.0, 1.0, 0.0, 0.600483, 0.0, 0.0, 0.0, 1.0],
                [-0.006752, 0.0, 0.999977, 0.158617, 0.999977, 0.0, 0.006752, 2.531178, 0.0, 1.0, 0.0, 0.604431, 0.0, 0.0, 0.0, 1.0],
                [0.014478, 0.0, 0.999895, 0.156517, 0.999895, 0.0, -0.014478, 2.531801, 0.0, 1.0, 0.0, 0.608338, 0.0, 0.0, 0.0, 1.0],
                [0.035995, 0.0, 0.999352, 0.154399, 0.999352, 0.0, -0.035995, 2.532463, 0.0, 1.0, 0.0, 0.6122, 0.0, 0.0, 0.0, 1.0],
                [0.057778, 0.0, 0.998329, 0.152265, 0.998329, 0.0, -0.057778, 2.53317, 0.0, 1.0, 0.0, 0.616013, 0.0, 0.0, 0.0, 1.0],
                [0.079805, 0.0, 0.996811, 0.150114, 0.996811, 0.0, -0.079805, 2.533928, 0.0, 1.0, 0.0, 0.619771, 0.0, 0.0, 0.0, 1.0],
                [0.102053, 0.0, 0.994779, 0.147948, 0.994779, 0.0, -0.102053, 2.534742, 0.0, 1.0, 0.0, 0.623471, 0.0, 0.0, 0.0, 1.0],
                [0.124498, 0.0, 0.99222, 0.145767, 0.99222, 0.0, -0.124498, 2.535609, 0.0, 1.0, 0.0, 0.627112, 0.0, 0.0, 0.0, 1.0],
                [0.147114, 0.0, 0.989119, 0.143573, 0.989119, 0.0, -0.147114, 2.536525, 0.0, 1.0, 0.0, 0.630696, 0.0, 0.0, 0.0, 1.0],
                [0.169875, 0.0, 0.985466, 0.141367, 0.985466, 0.0, -0.169875, 2.537486, 0.0, 1.0, 0.0, 0.634221, 0.0, 0.0, 0.0, 1.0],
                [0.192753, 0.0, 0.981247, 0.139148, 0.981247, 0.0, -0.192753, 2.53849, 0.0, 1.0, 0.0, 0.637689, 0.0, 0.0, 0.0, 1.0],
                [0.21572, 0.0, 0.976455, 0.136919, 0.976455, 0.0, -0.21572, 2.539531, 0.0, 1.0, 0.0, 0.6411, 0.0, 0.0, 0.0, 1.0],
                [0.238746, 0.0, 0.971082, 0.13468, 0.971082, 0.0, -0.238746, 2.540607, 0.0, 1.0, 0.0, 0.644455, 0.0, 0.0, 0.0, 1.0],
                [0.261802, 0.0, 0.965122, 0.132431, 0.965122, 0.0, -0.261802, 2.541713, 0.0, 1.0, 0.0, 0.647753, 0.0, 0.0, 0.0, 1.0],
                [0.284858, 0.0, 0.95857, 0.130175, 0.95857, 0.0, -0.284858, 2.542845, 0.0, 1.0, 0.0, 0.650996, 0.0, 0.0, 0.0, 1.0],
                [0.307882, 0.0, 0.951424, 0.12791, 0.951424, 0.0, -0.307882, 2.544, 0.0, 1.0, 0.0, 0.654183, 0.0, 0.0, 0.0, 1.0],
                [0.330844, 0.0, 0.943685, 0.12564, 0.943685, 0.0, -0.330844, 2.545174, 0.0, 1.0, 0.0, 0.657315, 0.0, 0.0, 0.0, 1.0],
                [0.353713, 0.0, 0.935354, 0.123363, 0.935354, 0.0, -0.353713, 2.546363, 0.0, 1.0, 0.0, 0.660392, 0.0, 0.0, 0.0, 1.0],
                [0.376456, 0.0, 0.926434, 0.121082, 0.926434, 0.0, -0.376456, 2.547562, 0.0, 1.0, 0.0, 0.663415, 0.0, 0.0, 0.0, 1.0],
                [0.399044, 0.0, 0.916932, 0.118797, 0.916932, 0.0, -0.399044, 2.548769, 0.0, 1.0, 0.0, 0.666385, 0.0, 0.0, 0.0, 1.0],
                [0.421446, 0.0, 0.906854, 0.116509, 0.906854, 0.0, -0.421446, 2.549979, 0.0, 1.0, 0.0, 0.6693, 0.0, 0.0, 0.0, 1.0],
                [0.443631, 0.0, 0.89621, 0.114219, 0.89621, 0.0, -0.443631, 2.551189, 0.0, 1.0, 0.0, 0.672163, 0.0, 0.0, 0.0, 1.0],
                [0.465569, 0.0, 0.885012, 0.111927, 0.885012, 0.0, -0.465569, 2.552395, 0.0, 1.0, 0.0, 0.674973, 0.0, 0.0, 0.0, 1.0],
                [0.487233, 0.0, 0.873272, 0.109635, 0.873272, 0.0, -0.487233, 2.553592, 0.0, 1.0, 0.0, 0.677731, 0.0, 0.0, 0.0, 1.0],
                [0.508593, 0.0, 0.861007, 0.107343, 0.861007, 0.0, -0.508593, 2.554778, 0.0, 1.0, 0.0, 0.680436, 0.0, 0.0, 0.0, 1.0],
                [0.529624, 0.0, 0.848233, 0.105053, 0.848233, 0.0, -0.529624, 2.555947, 0.0, 1.0, 0.0, 0.68309, 0.0, 0.0, 0.0, 1.0],
                [0.550298, 0.0, 0.834968, 0.102765, 0.834968, 0.0, -0.550298, 2.557097, 0.0, 1.0, 0.0, 0.685693, 0.0, 0.0, 0.0, 1.0],
                [0.570593, 0.0, 0.821233, 0.10048, 0.821233, 0.0, -0.570593, 2.558224, 0.0, 1.0, 0.0, 0.688245, 0.0, 0.0, 0.0, 1.0],
                [0.590484, 0.0, 0.80705, 0.098198, 0.80705, 0.0, -0.590484, 2.559323, 0.0, 1.0, 0.0, 0.690747, 0.0, 0.0, 0.0, 1.0],
                [0.60995, 0.0, 0.79244, 0.095922, 0.79244, 0.0, -0.60995, 2.560391, 0.0, 1.0, 0.0, 0.693199, 0.0, 0.0, 0.0, 1.0],
                [0.628971, 0.0, 0.777429, 0.093651, 0.777429, 0.0, -0.628971, 2.561424, 0.0, 1.0, 0.0, 0.695601, 0.0, 0.0, 0.0, 1.0],
                [0.647529, 0.0, 0.762041, 0.091387, 0.762041, 0.0, -0.647529, 2.562418, 0.0, 1.0, 0.0, 0.697954, 0.0, 0.0, 0.0, 1.0],
                [0.665607, 0.0, 0.746303, 0.08913, 0.746303, 0.0, -0.665607, 2.56337, 0.0, 1.0, 0.0, 0.700258, 0.0, 0.0, 0.0, 1.0],
                [0.683189, 0.0, 0.730241, 0.086882, 0.730241, 0.0, -0.683189, 2.564275, 0.0, 1.0, 0.0, 0.702514, 0.0, 0.0, 0.0, 1.0],
                [0.700264, 0.0, 0.713884, 0.084643, 0.713884, 0.0, -0.700264, 2.56513, 0.0, 1.0, 0.0, 0.704722, 0.0, 0.0, 0.0, 1.0],
                [0.716818, 0.0, 0.69726, 0.082413, 0.69726, 0.0, -0.716818, 2.56593, 0.0, 1.0, 0.0, 0.706882, 0.0, 0.0, 0.0, 1.0],
                [0.732844, 0.0, 0.680397, 0.080195, 0.680397, 0.0, -0.732844, 2.566673, 0.0, 1.0, 0.0, 0.708994, 0.0, 0.0, 0.0, 1.0],
                [0.748333, 0.0, 0.663323, 0.077988, 0.663323, 0.0, -0.748333, 2.567353, 0.0, 1.0, 0.0, 0.71106, 0.0, 0.0, 0.0, 1.0],
                [0.763279, 0.0, 0.646069, 0.075794, 0.646069, 0.0, -0.763279, 2.567968, 0.0, 1.0, 0.0, 0.71308, 0.0, 0.0, 0.0, 1.0],
                [0.777678, 0.0, 0.628662, 0.073614, 0.628662, 0.0, -0.777678, 2.568514, 0.0, 1.0, 0.0, 0.715053, 0.0, 0.0, 0.0, 1.0],
                [0.791528, 0.0, 0.611133, 0.071448, 0.611133, 0.0, -0.791528, 2.568986, 0.0, 1.0, 0.0, 0.71698, 0.0, 0.0, 0.0, 1.0],
                [0.804828, 0.0, 0.593508, 0.069297, 0.593508, 0.0, -0.804828, 2.569381, 0.0, 1.0, 0.0, 0.718863, 0.0, 0.0, 0.0, 1.0],
                [0.817578, 0.0, 0.575817, 0.067162, 0.575817, 0.0, -0.817578, 2.569695, 0.0, 1.0, 0.0, 0.7207, 0.0, 0.0, 0.0, 1.0],
                [0.829782, 0.0, 0.558087, 0.065045, 0.558087, 0.0, -0.829782, 2.569923, 0.0, 1.0, 0.0, 0.722493, 0.0, 0.0, 0.0, 1.0],
                [0.841443, 0.0, 0.540347, 0.062945, 0.540347, 0.0, -0.841443, 2.570063, 0.0, 1.0, 0.0, 0.724241, 0.0, 0.0, 0.0, 1.0],
                [0.852566, 0.0, 0.52262, 0.060864, 0.52262, 0.0, -0.852566, 2.570111, 0.0, 1.0, 0.0, 0.725946, 0.0, 0.0, 0.0, 1.0],
                [0.863157, 0.0, 0.504935, 0.058803, 0.504935, 0.0, -0.863157, 2.570067, 0.0, 1.0, 0.0, 0.727607, 0.0, 0.0, 0.0, 1.0],
                [0.873226, 0.0, 0.487316, 0.056762, 0.487316, 0.0, -0.873226, 2.569939, 0.0, 1.0, 0.0, 0.729226, 0.0, 0.0, 0.0, 1.0],
                [0.88278, 0.0, 0.469787, 0.054742, 0.469787, 0.0, -0.88278, 2.56973, 0.0, 1.0, 0.0, 0.730802, 0.0, 0.0, 0.0, 1.0],
                [0.891829, 0.0, 0.452372, 0.052745, 0.452372, 0.0, -0.891829, 2.569443, 0.0, 1.0, 0.0, 0.732335, 0.0, 0.0, 0.0, 1.0],
                [0.900386, 0.0, 0.435092, 0.050771, 0.435092, 0.0, -0.900386, 2.569082, 0.0, 1.0, 0.0, 0.733827, 0.0, 0.0, 0.0, 1.0],
                [0.908461, 0.0, 0.41797, 0.048821, 0.41797, 0.0, -0.908461, 2.56865, 0.0, 1.0, 0.0, 0.735277, 0.0, 0.0, 0.0, 1.0],
                [0.916067, 0.0, 0.401026, 0.046895, 0.401026, 0.0, -0.916067, 2.568152, 0.0, 1.0, 0.0, 0.736687, 0.0, 0.0, 0.0, 1.0],
                [0.923217, 0.0, 0.384279, 0.044996, 0.384279, 0.0, -0.923217, 2.56759, 0.0, 1.0, 0.0, 0.738055, 0.0, 0.0, 0.0, 1.0],
                [0.929926, 0.0, 0.367748, 0.043123, 0.367748, 0.0, -0.929926, 2.566968, 0.0, 1.0, 0.0, 0.739384, 0.0, 0.0, 0.0, 1.0],
                [0.936207, 0.0, 0.35145, 0.041277, 0.35145, 0.0, -0.936207, 2.566289, 0.0, 1.0, 0.0, 0.740672, 0.0, 0.0, 0.0, 1.0],
                [0.942075, 0.0, 0.335402, 0.03946, 0.335402, 0.0, -0.942075, 2.565558, 0.0, 1.0, 0.0, 0.741921, 0.0, 0.0, 0.0, 1.0],
                [0.947546, 0.0, 0.319619, 0.037672, 0.319619, 0.0, -0.947546, 2.564777, 0.0, 1.0, 0.0, 0.743131, 0.0, 0.0, 0.0, 1.0],
                [0.952635, 0.0, 0.304116, 0.035914, 0.304116, 0.0, -0.952635, 2.563951, 0.0, 1.0, 0.0, 0.744302, 0.0, 0.0, 0.0, 1.0],
                [0.957357, 0.0, 0.288906, 0.034187, 0.288906, 0.0, -0.957357, 2.563082, 0.0, 1.0, 0.0, 0.745435, 0.0, 0.0, 0.0, 1.0],
                [0.961729, 0.0, 0.274002, 0.032492, 0.274002, 0.0, -0.961729, 2.562174, 0.0, 1.0, 0.0, 0.74653, 0.0, 0.0, 0.0, 1.0],
                [0.965765, 0.0, 0.259417, 0.03083, 0.259417, 0.0, -0.965765, 2.561231, 0.0, 1.0, 0.0, 0.747587, 0.0, 0.0, 0.0, 1.0],
                [0.969483, 0.0, 0.24516, 0.029201, 0.24516, 0.0, -0.969483, 2.560256, 0.0, 1.0, 0.0, 0.748607, 0.0, 0.0, 0.0, 1.0],
                [0.972896, 0.0, 0.231242, 0.027606, 0.231242, 0.0, -0.972896, 2.559253, 0.0, 1.0, 0.0, 0.749591, 0.0, 0.0, 0.0, 1.0],
                [0.976022, 0.0, 0.217673, 0.026047, 0.217673, 0.0, -0.976022, 2.558226, 0.0, 1.0, 0.0, 0.750538, 0.0, 0.0, 0.0, 1.0],
                [0.978875, 0.0, 0.204461, 0.024525, 0.204461, 0.0, -0.978875, 2.557177, 0.0, 1.0, 0.0, 0.751449, 0.0, 0.0, 0.0, 1.0],
                [0.98147, 0.0, 0.191614, 0.023039, 0.191614, 0.0, -0.98147, 2.55611, 0.0, 1.0, 0.0, 0.752324, 0.0, 0.0, 0.0, 1.0],
                [0.983824, 0.0, 0.17914, 0.021591, 0.17914, 0.0, -0.983824, 2.55503, 0.0, 1.0, 0.0, 0.753165, 0.0, 0.0, 0.0, 1.0],
                [0.985949, 0.0, 0.167045, 0.020182, 0.167045, 0.0, -0.985949, 2.553938, 0.0, 1.0, 0.0, 0.75397, 0.0, 0.0, 0.0, 1.0],
                [0.987862, 0.0, 0.155336, 0.018813, 0.155336, 0.0, -0.987862, 2.55284, 0.0, 1.0, 0.0, 0.754741, 0.0, 0.0, 0.0, 1.0],
                [0.989575, 0.0, 0.144018, 0.017484, 0.144018, 0.0, -0.989575, 2.551739, 0.0, 1.0, 0.0, 0.755478, 0.0, 0.0, 0.0, 1.0],
                [0.991103, 0.0, 0.133097, 0.016196, 0.133097, 0.0, -0.991103, 2.550637, 0.0, 1.0, 0.0, 0.756181, 0.0, 0.0, 0.0, 1.0],
                [0.992459, 0.0, 0.122577, 0.014951, 0.122577, 0.0, -0.992459, 2.549539, 0.0, 1.0, 0.0, 0.756851, 0.0, 0.0, 0.0, 1.0],
                [0.993656, 0.0, 0.112463, 0.013749, 0.112463, 0.0, -0.993656, 2.548447, 0.0, 1.0, 0.0, 0.757488, 0.0, 0.0, 0.0, 1.0],
                [0.994706, 0.0, 0.102759, 0.012592, 0.102759, 0.0, -0.994706, 2.547367, 0.0, 1.0, 0.0, 0.758093, 0.0, 0.0, 0.0, 1.0],
                [0.995622, 0.0, 0.09347, 0.011479, 0.09347, 0.0, -0.995622, 2.5463, 0.0, 1.0, 0.0, 0.758665, 0.0, 0.0, 0.0, 1.0],
                [0.996415, 0.0, 0.084598, 0.010412, 0.084598, 0.0, -0.996415, 2.545251, 0.0, 1.0, 0.0, 0.759206, 0.0, 0.0, 0.0, 1.0],
                [0.997097, 0.0, 0.076147, 0.009391, 0.076147, 0.0, -0.997097, 2.544224, 0.0, 1.0, 0.0, 0.759715, 0.0, 0.0, 0.0, 1.0],
                [0.997677, 0.0, 0.068122, 0.008418, 0.068122, 0.0, -0.997677, 2.543221, 0.0, 1.0, 0.0, 0.760194, 0.0, 0.0, 0.0, 1.0],
                [0.998167, 0.0, 0.060524, 0.007494, 0.060524, 0.0, -0.998167, 2.542246, 0.0, 1.0, 0.0, 0.760642, 0.0, 0.0, 0.0, 1.0],
                [0.998575, 0.0, 0.053357, 0.006618, 0.053357, 0.0, -0.998575, 2.541303, 0.0, 1.0, 0.0, 0.76106, 0.0, 0.0, 0.0, 1.0],
                [0.998912, 0.0, 0.046625, 0.005793, 0.046625, 0.0, -0.998912, 2.540395, 0.0, 1.0, 0.0, 0.761448, 0.0, 0.0, 0.0, 1.0],
                [0.999186, 0.0, 0.040331, 0.005019, 0.040331, 0.0, -0.999186, 2.539526, 0.0, 1.0, 0.0, 0.761806, 0.0, 0.0, 0.0, 1.0],
                [0.999406, 0.0, 0.034477, 0.004297, 0.034477, 0.0, -0.999406, 2.5387, 0.0, 1.0, 0.0, 0.762136, 0.0, 0.0, 0.0, 1.0],
                [0.999577, 0.0, 0.029067, 0.003627, 0.029067, 0.0, -0.999577, 2.537919, 0.0, 1.0, 0.0, 0.762437, 0.0, 0.0, 0.0, 1.0],
                [0.999709, 0.0, 0.024105, 0.003012, 0.024105, 0.0, -0.999709, 2.537188, 0.0, 1.0, 0.0, 0.76271, 0.0, 0.0, 0.0, 1.0],
                [0.999808, 0.0, 0.019594, 0.00245, 0.019594, 0.0, -0.999808, 2.536509, 0.0, 1.0, 0.0, 0.762955, 0.0, 0.0, 0.0, 1.0],
                [0.999879, 0.0, 0.015538, 0.001944, 0.015538, 0.0, -0.999879, 2.535887, 0.0, 1.0, 0.0, 0.763172, 0.0, 0.0, 0.0, 1.0],
                [0.999929, 0.0, 0.011941, 0.001495, 0.011941, 0.0, -0.999929, 2.535325, 0.0, 1.0, 0.0, 0.763363, 0.0, 0.0, 0.0, 1.0],
                [0.999961, 0.0, 0.008806, 0.001102, 0.008806, 0.0, -0.999961, 2.534827, 0.0, 1.0, 0.0, 0.763527, 0.0, 0.0, 0.0, 1.0],
                [0.999981, 0.0, 0.00614, 0.000768, 0.00614, 0.0, -0.999981, 2.534395, 0.0, 1.0, 0.0, 0.763664, 0.0, 0.0, 0.0, 1.0],
                [0.999992, 0.0, 0.003945, 0.000492, 0.003945, 0.0, -0.999992, 2.534034, 0.0, 1.0, 0.0, 0.763776, 0.0, 0.0, 0.0, 1.0],
                [0.999997, 0.0, 0.002229, 0.000276, 0.002229, 0.0, -0.999997, 2.533747, 0.0, 1.0, 0.0, 0.763862, 0.0, 0.0, 0.0, 1.0],
                [1.0, 0.0, 0.000995, 0.000121, 0.000995, 0.0, -1.0, 2.533538, 0.0, 1.0, 0.0, 0.763923, 0.0, 0.0, 0.0, 1.0],
                [1.0, 0.0, 0.00025, 2.7e-05, 0.00025, 0.0, -1.0, 2.53341, 0.0, 1.0, 0.0, 0.76396, 0.0, 0.0, 0.0, 1.0],
                [1.0, 0.0, 0.0, -5e-06, 0.0, 0.0, -1.0, 2.533366, 0.0, 1.0, 0.0, 0.763972, 0.0, 0.0, 0.0, 1.0]
            ]
        },
        {
            "name": "Thigh_R",
            "time": [0.0, 0.0167, 0.0333, 0.05, 0.0667, 0.0833, 0.1, 0.1167, 0.1333, 0.15, 0.1667, 0.1833, 0.2, 0.2167, 0.2333, 0.25, 0.2667, 0.2833, 0.3, 0.3167, 0.3333, 0.35, 0.3667, 0.3833, 0.4, 0.4167, 0.4333, 0.45, 0.4667, 0.4833, 0.5, 0.5167, 0.5333, 0.55, 0.5667, 0.5833, 0.6, 0.6167, 0.6333, 0.65, 0.6667, 0.6833, 0.7, 0.7167, 0.7333, 0.75, 0.7667, 0.7833, 0.8, 0.8167, 0.8333, 0.85, 0.8667, 0.8833, 0.9, 0.9167, 0.9333, 0.95, 0.9667, 0.9833, 1.0, 1.0167, 1.0333, 1.05, 1.0667, 1.0833, 1.1, 1.1167, 1.1333, 1.15, 1.1667, 1.1833, 1.2, 1.2167, 1.2333, 1.25, 1.2667, 1.2833, 1.3, 1.3167, 1.3333, 1.35, 1.3667, 1.3833, 1.4, 1.4167, 1.4333, 1.45, 1.4667, 1.4833, 1.5, 1.5167, 1.5333, 1.55, 1.5667, 1.5833, 1.6, 1.6167, 1.6333, 1.65, 1.6667, 1.6833, 1.7, 1.7167, 1.7333, 1.75, 1.7667, 1.7833, 1.8, 1.8167, 1.8333, 1.85, 1.8667, 1.8833, 1.9, 1.9167, 1.9333, 1.95, 1.9667, 1.9833, 2.0, 2.0167, 2.0333, 2.05, 2.0667, 2.0833, 2.1, 2.1167, 2.1333, 2.15, 2.1667, 2.1833, 2.2, 2.2167, 2.2333, 2.25, 2.2667, 2.2833, 2.3, 2.3167, 2.3333, 2.35, 2.3667, 2.3833, 2.4, 2.4167, 2.4333, 2.45, 2.4667, 2.4833, 2.5, 2.5167, 2.5333, 2.55, 2.5667, 2.5833, 2.6, 2.6167, 2.6333, 2.65, 2.6667, 2.6833, 2.7, 2.7167, 2.7333, 2.75, 2.7667, 2.7833, 2.8, 2.8167, 2.8333, 2.85, 2.8667, 2.8833, 2.9, 2.9167, 2.9333, 2.95, 2.9667, 2.9833, 3.0],
            "transform": [
                [0.941764, 0.118009, 0.314886, 0.124994, 0.073184, -0.98588, 0.150597, -0.002831, 0.328212, -0.118782, -0.937106, -1.2e-05, 0.0, 0.0, 0.0, 1.0],
                [0.941138, 0.126619, 0.31341, 0.124994, 0.078212, -0.983599, 0.162519, -0.002831, 0.328848, -0.12844, -0.935608, -1.2e-05, 0.0, 0.0, 0.0, 1.0],
                [0.939212, 0.149938, 0.308867, 0.124994, 0.091831, -0.97653, 0.194814, -0.002831, 0.330829, -0.154607, -0.93094, -1.2e-05, 0.0, 0.0, 0.0, 1.0],
                [0.93577, 0.184082, 0.300744, 0.124994, 0.11178, -0.963783, 0.242122, -0.002831, 0.334422, -0.192952, -0.922459, -1.2e-05, 0.0, 0.0, 0.0, 1.0],
                [0.930634, 0.224998, 0.288609, 0.124994, 0.135698, -0.944602, 0.298847, -0.002831, 0.339861, -0.238953, -0.909613, -1.2e-05, 0.0, 0.0, 0.0, 1.0],
                [0.923877, 0.268556, 0.272633, 0.124994, 0.161177, -0.919205, 0.359279, -0.002831, 0.347092, -0.287986, -0.892519, -1.2e-05, 0.0, 0.0, 0.0, 1.0],
                [0.915947, 0.310787, 0.253875, 0.124994, 0.185898, -0.88926, 0.417918, -0.002831, 0.355645, -0.335594, -0.872292, -1.2e-05, 0.0, 0.0, 0.0, 1.0],
                [0.907679, 0.348159, 0.234313, 0.124994, 0.207791, -0.857938, 0.469854, -0.002831, 0.364611, -0.377787, -0.851079, -1.2e-05, 0.0, 0.0, 0.0, 1.0],
                [0.900209, 0.377745, 0.216634, 0.124994, 0.225134, -0.829572, 0.511001, -0.002831, 0.372742, -0.411235, -0.831835, -1.2e-05, 0.0, 0.0, 0.0, 1.0],
                [0.894822, 0.397147, 0.203881, 0.124994, 0.236514, -0.809082, 0.538001, -0.002831, 0.378622, -0.433193, -0.817917, -1.2e-05, 0.0, 0.0, 0.0, 1.0],
                [0.892775, 0.40415, 0.199035, 0.124994, 0.240623, -0.801291, 0.54775, -0.002831, 0.380859, -0.441124, -0.812623, -1.2e-05, 0.0, 0.0, 0.0, 1.0],
                [0.892775, 0.40415, 0.199035, 0.124994, 0.240623, -0.801291, 0.54775, -0.002831, 0.380859, -0.441124, -0.812623, -1.2e-05, 0.0, 0.0, 0.0, 1.0],
                [0.892775, 0.40415, 0.199035, 0.124994, 0.240623, -0.801291, 0.54775, -0.002831, 0.380859, -0.441124, -0.812623, -1.2e-05, 0.0, 0.0, 0.0, 1.0],
                [0.892775, 0.40415, 0.199035, 0.124994, 0.240623, -0.801291, 0.54775, -0.002831, 0.380859, -0.441124, -0.812623, -1.2e-05, 0.0, 0.0, 0.0, 1.0],
                [0.892775, 0.40415, 0.199035, 0.124994, 0.240623, -0.801291, 0.54775, -0.002831, 0.380859, -0.441124, -0.812623, -1.2e-05, 0.0, 0.0, 0.0, 1.0],
                [0.892775, 0.40415, 0.199035, 0.124994, 0.240623, -0.801291, 0.54775, -0.002831, 0.380859, -0.441124, -0.812623, -1.2e-05, 0.0, 0.0, 0.0, 1.0],
                [0.892775, 0.40415, 0.199035, 0.124994, 0.240623, -0.801291, 0.54775, -0.002831, 0.380859, -0.441124, -0.812623, -1.2e-05, 0.0, 0.0, 0.0, 1.0],
                [0.892775, 0.40415, 0.199035, 0.124994, 0.240623, -0.801291, 0.54775, -0.002831, 0.380859, -0.441124, -0.812623, -1.2e-05, 0.0, 0.0, 0.0, 1.0],
                [0.892775, 0.40415, 0.199035, 0.124994, 0.240623, -0.801291, 0.54775, -0.002831, 0.380859, -0.441124, -0.812623, -1.2e-05, 0.0, 0.0, 0.0, 1.0],
                [0.892775, 0.40415, 0.199035, 0.124994, 0.240623, -0.801291, 0.54775, -0.002831, 0.380859, -0.441124, -0.812623, -1.2e-05, 0.0, 0.0, 0.0, 1.0],
                [0.892775, 0.40415, 0.199035, 0.124994, 0.240623, -0.801291, 0.54775, -0.002831, 0.380859, -0.441124, -0.812623, -1.2e-05, 0.0, 0.0, 0.0, 1.0],
                [0.897832, 0.382834, 0.217565, 0.124994, 0.224041, -0.822509, 0.522763, -0.002831, 0.379081, -0.420609, -0.824248, -1.2e-05, 0.0, 0.0, 0.0, 1.0],
                [0.90803, 0.329134, 0.259134, 0.124994, 0.183682, -0.868793, 0.459845, -0.002831, 0.376485, -0.369953, -0.849349, -1.2e-05, 0.0, 0.0, 0.0, 1.0],
                [0.916605, 0.260432, 0.303331, 0.124994, 0.134537, -0.915398, 0.379398, -0.002831, 0.376477, -0.306948, -0.874099, -1.2e-05, 0.0, 0.0, 0.0, 1.0],
                [0.920676, 0.1998, 0.335313, 0.124994, 0.093108, -0.946674, 0.308439, -0.002831, 0.379058, -0.252751, -0.890186, -1.2e-05, 0.0, 0.0, 0.0, 1.0],
                [0.921533, 0.173729, 0.347267, 0.124994, 0.075793, -0.957602, 0.277939, -0.002831, 0.380831, -0.229809, -0.895632, -1.2e-05, 0.0, 0.0, 0.0, 1.0],
                [0.9228, 0.184636, 0.338155, 0.124994, 0.086675, -0.954677, 0.284737, -0.002831, 0.375402, -0.233445, -0.896982, -1.2e-05, 0.0, 0.0, 0.0, 1.0],
                [0.925371, 0.214027, 0.312857, 0.124994, 0.116448, -0.945944, 0.302698, -0.002831, 0.360731, -0.243675, -0.900275, -1.2e-05, 0.0, 0.0, 0.0, 1.0],
                [0.926807, 0.256637, 0.274164, 0.124994, 0.160841, -0.930973, 0.327742, -0.002831, 0.339351, -0.259656, -0.904113, -1.2e-05, 0.0, 0.0, 0.0, 1.0],
                [0.924715, 0.306942, 0.225141, 0.124994, 0.21529, -0.909476, 0.355667, -0.002831, 0.31393, -0.280419, -0.907091, -1.2e-05, 0.0, 0.0, 0.0, 1.0],
                [0.917624, 0.359433, 0.169627, 0.124994, 0.274763, -0.882066, 0.382703, -0.002831, 0.287179, -0.304569, -0.908166, -1.2e-05, 0.0, 0.0, 0.0, 1.0],
                [0.905558, 0.409084, 0.112314, 0.124994, 0.333926, -0.850661, 0.406036, -0.002831, 0.261645, -0.330184, -0.906929, -1.2e-05, 0.0, 0.0, 0.0, 1.0],
                [0.890199, 0.451801, 0.058475, 0.124994, 0.387541, -0.818478, 0.424149, -0.002831, 0.239492, -0.354914, -0.903703, -1.2e-05, 0.0, 0.0, 0.0, 1.0],
                [0.874609, 0.484638, 0.013528, 0.124994, 0.430821, -0.789678, 0.436804, -0.002831, 0.222375, -0.376204, -0.899455, -1.2e-05, 0.0, 0.0, 0.0, 1.0],
                [0.862603, 0.505584, -0.017296, 0.124994, 0.459542, -0.768832, 0.444652, -0.002831, 0.211511, -0.391506, -0.895537, -1.2e-05, 0.0, 0.0, 0.0, 1.0],
                [0.857943, 0.512922, -0.029042, 0.124994, 0.469773, -0.760373, 0.44849, -0.002831, 0.207958, -0.398421, -0.893317, -1.2e-05, 0.0, 0.0, 0.0, 1.0],
                [0.858193, 0.512479, -0.029465, 0.124994, 0.469094, -0.759639, 0.45044, -0.002831, 0.208458, -0.400386, -0.892321, -1.2e-05, 0.0, 0.0, 0.0, 1.0],
                [0.858785, 0.511482, -0.029552, 0.124994, 0.467786, -0.759278, 0.452405, -0.002831, 0.208959, -0.402341, -0.891323, -1.2e-05, 0.0, 0.0, 0.0, 1.0],
                [0.859703, 0.50995, -0.029309, 0.124994, 0.465872, -0.759274, 0.454383, -0.002831, 0.209459, -0.404288, -0.890325, -1.2e-05, 0.0, 0.0, 0.0, 1.0],
                [0.860932, 0.507905, -0.028747, 0.124994, 0.463371, -0.759612, 0.456371, -0.002831, 0.209957, -0.406224, -0.889325, -1.2e-05, 0.0, 0.0, 0.0, 1.0],
                [0.862455, 0.505364, -0.027871, 0.124994, 0.460304, -0.760274, 0.458367, -0.002831, 0.210452, -0.40815, -0.888326, -1.2e-05, 0.0, 0.0, 0.0, 1.0],
                [0.864254, 0.502345, -0.026692, 0.124994, 0.45669, -0.761244, 0.460369, -0.002831, 0.210945, -0.410064, -0.887327, -1.2e-05, 0.0, 0.0, 0.0, 1.0],
                [0.866311, 0.498866, -0.025215, 0.124994, 0.452548, -0.762503, 0.46237, -0.002831, 0.211434, -0.411967, -0.886329, -1.2e-05, 0.0, 0.0, 0.0, 1.0],
                [0.868607, 0.494945, -0.023451, 0.124994, 0.447897, -0.764034, 0.464369, -0.002831, 0.21192, -0.413857, -0.885332, -1.2e-05, 0.0, 0.0, 0.0, 1.0],
                [0.871123, 0.490597, -0.021406, 0.124994, 0.442753, -0.765817, 0.46636, -0.002831, 0.212402, -0.415733, -0.884337, -1.2e-05, 0.0, 0.0, 0.0, 1.0],
                [0.873839, 0.48584, -0.01909, 0.124994, 0.437136, -0.767834, 0.468338, -0.002831, 0.212879, -0.417595, -0.883344, -1.2e-05, 0.0, 0.0, 0.0, 1.0],
                [0.876735, 0.480689, -0.016509, 0.124994, 0.431063, -0.770066, 0.470298, -0.002831, 0.213354, -0.419442, -0.882354, -1.2e-05, 0.0, 0.0, 0.0, 1.0],
                [0.879792, 0.475161, -0.013674, 0.124994, 0.424552, -0.772494, 0.472235, -0.002831, 0.213824, -0.421273, -0.881367, -1.2e-05, 0.0, 0.0, 0.0, 1.0],
                [0.882989, 0.469272, -0.010592, 0.124994, 0.417622, -0.775098, 0.474143, -0.002831, 0.214292, -0.423085, -0.880385, -1.2e-05, 0.0, 0.0, 0.0, 1.0],
                [0.886307, 0.46304, -0.007273, 0.124994, 0.410291, -0.77786, 0.476017, -0.002831, 0.214757, -0.42488, -0.879407, -1.2e-05, 0.0, 0.0, 0.0, 1.0],
                [0.889725, 0.45648, -0.003726, 0.124994, 0.402578, -0.78076, 0.477851, -0.002831, 0.215221, -0.426655, -0.878434, -1.2e-05, 0.0, 0.0, 0.0, 1.0],
                [0.893224, 0.449611, 4e-05, 0.124994, 0.394502, -0.78378, 0.47964, -0.002831, 0.215683, -0.428408, -0.877466, -1.2e-05, 0.0, 0.0, 0.0, 1.0],
                [0.896783, 0.44245, 0.004016, 0.124994, 0.386083, -0.786901, 0.481377, -0.002831, 0.216146, -0.430139, -0.876505, -1.2e-05, 0.0, 0.0, 0.0, 1.0],
                [0.900385, 0.435015, 0.008191, 0.124994, 0.377341, -0.790105, 0.483058, -0.002831, 0.216609, -0.431847, -0.87555, -1.2e-05, 0.0, 0.0, 0.0, 1.0],
                [0.904011, 0.427324, 0.012554, 0.124994, 0.368297, -0.793374, 0.484678, -0.002831, 0.217075, -0.433529, -0.874603, -1.2e-05, 0.0, 0.0, 0.0, 1.0],
                [0.907641, 0.419398, 0.017096, 0.124994, 0.358973, -0.79669, 0.486231, -0.002831, 0.217545, -0.435185, -0.873663, -1.2e-05, 0.0, 0.0, 0.0, 1.0],
                [0.911259, 0.411254, 0.021806, 0.124994, 0.34939, -0.800037, 0.487713, -0.002831, 0.21802, -0.436813, -0.872732, -1.2e-05, 0.0, 0.0, 0.0, 1.0],
                [0.914848, 0.402915, 0.026673, 0.124994, 0.339572, -0.803399, 0.48912, -0.002831, 0.218503, -0.438412, -0.871809, -1.2e-05, 0.0, 0.0, 0.0, 1.0],
                [0.918391, 0.394401, 0.031684, 0.124994, 0.329542, -0.80676, 0.490446, -0.002831, 0.218994, -0.439979, -0.870896, -1.2e-05, 0.0, 0.0, 0.0, 1.0],
                [0.921874, 0.385733, 0.03683, 0.124994, 0.319325, -0.810105, 0.491689, -0.002831, 0.219497, -0.441514, -0.869992, -1.2e-05, 0.0, 0.0, 0.0, 1.0],
                [0.925282, 0.376934, 0.042097, 0.124994, 0.308944, -0.813421, 0.492846, -0.002831, 0.220013, -0.443015, -0.869098, -1.2e-05, 0.0, 0.0, 0.0, 1.0],
                [0.928602, 0.368027, 0.047473, 0.124993, 0.298426, -0.816694, 0.493913, -0.002831, 0.220545, -0.44448, -0.868215, -1.2e-05, 0.0, 0.0, 0.0, 1.0],
                [0.93182, 0.359035, 0.052947, 0.124994, 0.287798, -0.819911, 0.494889, -0.002831, 0.221094, -0.445909, -0.867342, -1.2e-05, 0.0, 0.0, 0.0, 1.0],
                [0.934927, 0.349982, 0.058505, 0.124994, 0.277084, -0.823062, 0.495772, -0.002831, 0.221665, -0.447298, -0.866481, -1.2e-05, 0.0, 0.0, 0.0, 1.0],
                [0.937911, 0.340893, 0.064135, 0.124994, 0.266314, -0.826137, 0.49656, -0.002831, 0.222258, -0.448647, -0.865631, -1.2e-05, 0.0, 0.0, 0.0, 1.0],
                [0.940764, 0.331793, 0.069824, 0.124994, 0.255515, -0.829125, 0.497253, -0.002831, 0.222878, -0.449955, -0.864792, -1.2e-05, 0.0, 0.0, 0.0, 1.0],
                [0.943477, 0.322708, 0.075559, 0.124994, 0.244715, -0.832019, 0.497851, -0.002831, 0.223527, -0.451219, -0.863966, -1.2e-05, 0.0, 0.0, 0.0, 1.0],
                [0.946045, 0.313663, 0.081326, 0.124994, 0.233944, -0.834811, 0.498355, -0.002831, 0.224208, -0.452439, -0.863151, -1.2e-05, 0.0, 0.0, 0.0, 1.0],
                [0.94846, 0.304685, 0.087114, 0.124994, 0.223229, -0.837495, 0.498765, -0.002831, 0.224924, -0.453612, -0.862349, -1.2e-05, 0.0, 0.0, 0.0, 1.0],
                [0.95072, 0.295801, 0.092908, 0.124994, 0.212602, -0.840066, 0.499085, -0.002831, 0.225679, -0.454737, -0.861559, -1.2e-05, 0.0, 0.0, 0.0, 1.0],
                [0.952821, 0.287038, 0.098695, 0.124994, 0.202091, -0.84252, 0.499316, -0.002831, 0.226475, -0.455812, -0.860781, -1.2e-05, 0.0, 0.0, 0.0, 1.0],
                [0.95476, 0.278423, 0.104463, 0.124994, 0.191726, -0.844853, 0.499461, -0.002831, 0.227317, -0.456836, -0.860016, -1.2e-05, 0.0, 0.0, 0.0, 1.0],
                [0.956538, 0.269983, 0.110197, 0.124994, 0.181538, -0.847063, 0.499524, -0.002831, 0.228207, -0.457808, -0.859263, -1.2e-05, 0.0, 0.0, 0.0, 1.0],
                [0.958153, 0.261747, 0.115886, 0.124994, 0.171557, -0.84915, 0.49951, -0.002831, 0.22915, -0.458725, -0.858523, -1.2e-05, 0.0, 0.0, 0.0, 1.0],
                [0.959608, 0.253742, 0.121515, 0.124994, 0.161812, -0.851112, 0.499422, -0.002831, 0.230148, -0.459586, -0.857795, -1.2e-05, 0.0, 0.0, 0.0, 1.0],
                [0.960905, 0.245995, 0.127073, 0.124994, 0.152335, -0.85295, 0.499267, -0.002831, 0.231205, -0.460389, -0.85708, -1.2e-05, 0.0, 0.0, 0.0, 1.0],
                [0.962045, 0.238535, 0.132547, 0.124994, 0.143154, -0.854665, 0.49905, -0.002831, 0.232325, -0.461133, -0.856377, -1.2e-05, 0.0, 0.0, 0.0, 1.0],
                [0.963034, 0.231389, 0.137924, 0.124994, 0.134301, -0.85626, 0.498778, -0.002831, 0.233511, -0.461816, -0.855686, -1.2e-05, 0.0, 0.0, 0.0, 1.0],
                [0.963876, 0.224584, 0.143192, 0.124994, 0.125804, -0.857736, 0.498458, -0.002831, 0.234767, -0.462436, -0.855007, -1.2e-05, 0.0, 0.0, 0.0, 1.0],
                [0.964575, 0.218148, 0.148339, 0.124994, 0.117693, -0.859096, 0.498095, -0.002831, 0.236097, -0.462991, -0.85434, -1.2e-05, 0.0, 0.0, 0.0, 1.0],
                [0.965138, 0.212108, 0.153353, 0.124994, 0.109998, -0.860345, 0.497699, -0.002831, 0.237503, -0.463479, -0.853686, -1.2e-05, 0.0, 0.0, 0.0, 1.0],
