{
    "animation": [
        {
            "name": "Root",
            "time": [0.0, 0.0167, 0.0333, 0.05, 0.0667, 0.0833, 0.1, 0.1167, 0.1333, 0.15, 0.1667, 0.1833, 0.2, 0.2167, 0.2333, 0.25, 0.2667, 0.2833, 0.3, 0.3167, 0.3333, 0.35, 0.3667, 0.3833, 0.4, 0.4167, 0.4333, 0.45, 0.4667, 0.4833, 0.5, 0.5167, 0.5333, 0.55, 0.5667, 0.5833, 0.6, 0.6167, 0.6333, 0.65, 0.6667, 0.6833, 0.7, 0.7167, 0.7333, 0.75, 0.7667, 0.7833, 0.8, 0.8167, 0.8333, 0.85, 0.8667, 0.8833, 0.9, 0.9167, 0.9333, 0.95, 0.9667, 0.9833, 1.0, 1.0167, 1.0333, 1.05, 1.0667, 1.0833, 1.1, 1.1167, 1.1333, 1.15, 1.1667, 1.1833, 1.2, 1.2167, 1.2333, 1.25, 1.2667, 1.2833, 1.3, 1.3167, 1.3333, 1.35, 1.3667, 1.3833, 1.4, 1.4167, 1.4333, 1.45, 1.4667, 1.4833, 1.5, 1.5167, 1.5333, 1.55, 1.5667, 1.5833, 1.6, 1.6167, 1.6333, 1.65, 1.6667, 1.6833, 1.7, 1.7167, 1.7333, 1.75, 1.7667, 1.7833, 1.8, 1.8167, 1.8333, 1.85, 1.8667, 1.8833, 1.9, 1.9167, 1.9333, 1.95, 1.9667, 1.9833, 2.0, 2.0167, 2.0333, 2.05, 2.0667, 2.0833, 2.1, 2.1167, 2.1333, 2.15, 2.1667, 2.1833, 2.2, 2.2167, 2.2333, 2.25, 2.2667, 2.2833, 2.3, 2.3167, 2.3333, 2.35, 2.3667, 2.3833, 2.4, 2.4167, 2.4333, 2.45, 2.4667, 2.4833, 2.5, 2.5167, 2.5333, 2.55, 2.5667, 2.5833, 2.6, 2.6167, 2.6333, 2.65, 2.6667, 2.6833, 2.7, 2.7167, 2.7333, 2.75, 2.7667, 2.7833, 2.8, 2.8167, 2.8333, 2.85, 2.8667, 2.8833, 2.9, 2.9167, 2.9333, 2.95, 2.9667, 2.9833, 3.0],
            "transform": [
                [-0.500536, 0.0, 0.865716, -5e-06, 0.865716, 0.0, 0.500536, 0.000946, 0.0, 1.0, 0.0, 0.472607, 0.0, 0.0, 0.0, 1.0],
                [-0.513351, 0.0, 0.858179, 0.019936, 0.858179, 0.0, 0.513351, 0.019902, 0.0, 1.0, 0.0, 0.47443, 0.0, 0.0, 0.0, 1.0],
                [-0.549156, 0.0, 0.83572, 0.069786, 0.83572, 0.0, 0.549156, 0.072308, 0.0, 1.0, 0.0, 0.479646, 0.0, 0.0, 0.0, 1.0],
                [-0.603271, 0.0, 0.797536, 0.134591, 0.797536, 0.0, 0.603271, 0.151475, 0.0, 1.0, 0.0, 0.487879, 0.0, 0.0, 0.0, 1.0],
                [-0.670214, 0.0, 0.742168, 0.199396, 0.742168, 0.0, 0.670214, 0.250713, 0.0, 1.0, 0.0, 0.498752, 0.0, 0.0, 0.0, 1.0],
                [-0.743876, 0.0, 0.668317, 0.249247, 0.668317, 0.0, 0.743876, 0.363331, 0.0, 1.0, 0.0, 0.511888, 0.0, 0.0, 0.0, 1.0],
                [-0.817808, 0.0, 0.575491, 0.269187, 0.575491, 0.0, 0.817808, 0.482639, 0.0, 1.0, 0.0, 0.526909, 0.0, 0.0, 0.0, 1.0],
                [-0.885628, 0.0, 0.464396, 0.24216, 0.464396, 0.0, 0.885628, 0.601947, 0.0, 1.0, 0.0, 0.543439, 0.0, 0.0, 0.0, 1.0],
                [-0.941498, 0.0, 0.33702, 0.182702, 0.33702, 0.0, 0.941498, 0.714565, 0.0, 1.0, 0.0, 0.561099, 0.0, 0.0, 0.0, 1.0],
                [-0.980519, 0.0, 0.196423, 0.123244, 0.196423, 0.0, 0.980519, 0.813802, 0.0, 1.0, 0.0, 0.579514, 0.0, 0.0, 0.0, 1.0],
                [-0.998926, 0.0, 0.046324, 0.096218, 0.046324, 0.0, 0.998926, 0.892969, 0.0, 1.0, 0.0, 0.598306, 0.0, 0.0, 0.0, 1.0],
                [-0.994031, 0.0, -0.109098, 0.096218, -0.109098, 0.0, 0.994031, 0.947657, 0.0, 1.0, 0.0, 0.617099, 0.0, 0.0, 0.0, 1.0],
                [-0.964486, 0.0, -0.264135, 0.096218, -0.264135, 0.0, 0.964486, 0.982582, 0.0, 1.0, 0.0, 0.635514, 0.0, 0.0, 0.0, 1.0],
                [-0.91056, 0.0, -0.413378, 0.096218, -0.413378, 0.0, 0.91056, 1.004741, 0.0, 1.0, 0.0, 0.653174, 0.0, 0.0, 0.0, 1.0],
                [-0.833364, 0.0, -0.552725, 0.096218, -0.552725, 0.0, 0.833364, 1.021133, 0.0, 1.0, 0.0, 0.669704, 0.0, 0.0, 0.0, 1.0],
                [-0.733939, 0.0, -0.679215, 0.096218, -0.679215, 0.0, 0.733939, 1.038754, 0.0, 1.0, 0.0, 0.684725, 0.0, 0.0, 0.0, 1.0],
                [-0.612562, 0.0, -0.790423, 0.096218, -0.790423, 0.0, 0.612562, 1.064604, 0.0, 1.0, 0.0, 0.697861, 0.0, 0.0, 0.0, 1.0],
                [-0.46836, 0.0, -0.883538, 0.096218, -0.883538, 0.0, 0.46836, 1.105678, 0.0, 1.0, 0.0, 0.708734, 0.0, 0.0, 0.0, 1.0],
                [-0.299334, 0.0, -0.954148, 0.096218, -0.954148, 0.0, 0.299334, 1.168976, 0.0, 1.0, 0.0, 0.716967, 0.0, 0.0, 0.0, 1.0],
                [-0.102969, 0.0, -0.994685, 0.096218, -0.994685, 0.0, 0.102969, 1.261494, 0.0, 1.0, 0.0, 0.722183, 0.0, 0.0, 0.0, 1.0],
                [0.121991, 0.0, -0.992531, 0.096218, -0.992531, 0.0, -0.121991, 1.390231, 0.0, 1.0, 0.0, 0.724006, 0.0, 0.0, 0.0, 1.0],
                [0.443206, 0.0, -0.89642, 0.147239, -0.89642, 0.0, -0.443206, 1.584533, 0.0, 1.0, 0.0, 0.693192, 0.0, 0.0, 0.0, 1.0],
                [0.819896, 0.0, -0.572513, 0.241993, -0.572513, 0.0, -0.819896, 1.838154, 0.0, 1.0, 0.0, 0.619712, 0.0, 0.0, 0.0, 1.0],
                [0.998496, 0.0, -0.054826, 0.293014, -0.054826, 0.0, -0.998496, 2.104699, 0.0, 1.0, 0.0, 0.53201, 0.0, 0.0, 0.0, 1.0],
                [0.927401, 0.0, 0.374069, 0.293014, 0.374069, 0.0, -0.927401, 2.337772, 0.0, 1.0, 0.0, 0.45853, 0.0, 0.0, 0.0, 1.0],
                [0.826447, 0.0, 0.563014, 0.293014, 0.563014, 0.0, -0.826447, 2.490979, 0.0, 1.0, 0.0, 0.427716, 0.0, 0.0, 0.0, 1.0],
                [0.78034, 0.0, 0.625356, 0.293014, 0.625356, 0.0, -0.78034, 2.582403, 0.0, 1.0, 0.0, 0.428117, 0.0, 0.0, 0.0, 1.0],
                [0.736428, 0.0, 0.676515, 0.293014, 0.676515, 0.0, -0.736428, 2.661639, 0.0, 1.0, 0.0, 0.429279, 0.0, 0.0, 0.0, 1.0],
                [0.695519, 0.0, 0.718508, 0.293014, 0.718508, 0.0, -0.695519, 2.729561, 0.0, 1.0, 0.0, 0.431139, 0.0, 0.0, 0.0, 1.0],
                [0.658043, 0.0, 0.75298, 0.293014, 0.75298, 0.0, -0.658043, 2.787042, 0.0, 1.0, 0.0, 0.433634, 0.0, 0.0, 0.0, 1.0],
                [0.624202, 0.0, 0.781263, 0.293014, 0.781263, 0.0, -0.624202, 2.834955, 0.0, 1.0, 0.0, 0.4367, 0.0, 0.0, 0.0, 1.0],
                [0.594055, 0.0, 0.804425, 0.293014, 0.804425, 0.0, -0.594055, 2.874173, 0.0, 1.0, 0.0, 0.440275, 0.0, 0.0, 0.0, 1.0],
                [0.56758, 0.0, 0.823318, 0.293014, 0.823318, 0.0, -0.56758, 2.905572, 0.0, 1.0, 0.0, 0.444296, 0.0, 0.0, 0.0, 1.0],
                [0.544711, 0.0, 0.838624, 0.293014, 0.838624, 0.0, -0.544711, 2.930023, 0.0, 1.0, 0.0, 0.448699, 0.0, 0.0, 0.0, 1.0],
                [0.525352, 0.0, 0.850885, 0.293014, 0.850885, 0.0, -0.525352, 2.9484, 0.0, 1.0, 0.0, 0.453423, 0.0, 0.0, 0.0, 1.0],
                [0.509394, 0.0, 0.860534, 0.293014, 0.860534, 0.0, -0.509394, 2.961576, 0.0, 1.0, 0.0, 0.458403, 0.0, 0.0, 0.0, 1.0],
                [0.496711, 0.0, 0.867916, 0.293014, 0.867916, 0.0, -0.496711, 2.970427, 0.0, 1.0, 0.0, 0.463577, 0.0, 0.0, 0.0, 1.0],
                [0.487164, 0.0, 0.873311, 0.293014, 0.873311, 0.0, -0.487164, 2.975822, 0.0, 1.0, 0.0, 0.468881, 0.0, 0.0, 0.0, 1.0],
                [0.480594, 0.0, 0.876943, 0.293014, 0.876943, 0.0, -0.480594, 2.978639, 0.0, 1.0, 0.0, 0.474254, 0.0, 0.0, 0.0, 1.0],
                [0.476815, 0.0, 0.879004, 0.293014, 0.879004, 0.0, -0.476815, 2.979748, 0.0, 1.0, 0.0, 0.479631, 0.0, 0.0, 0.0, 1.0],
                [0.475609, 0.0, 0.879656, 0.293014, 0.879656, 0.0, -0.475609, 2.980025, 0.0, 1.0, 0.0, 0.48495, 0.0, 0.0, 0.0, 1.0],
                [0.475749, 0.0, 0.879581, 0.292857, 0.879581, 0.0, -0.475749, 2.980196, 0.0, 1.0, 0.0, 0.490158, 0.0, 0.0, 0.0, 1.0],
                [0.476164, 0.0, 0.879356, 0.292394, 0.879356, 0.0, -0.476164, 2.980409, 0.0, 1.0, 0.0, 0.495247, 0.0, 0.0, 0.0, 1.0],
                [0.476851, 0.0, 0.878984, 0.291634, 0.878984, 0.0, -0.476851, 2.980665, 0.0, 1.0, 0.0, 0.50022, 0.0, 0.0, 0.0, 1.0],
                [0.477806, 0.0, 0.878465, 0.290585, 0.878465, 0.0, -0.477806, 2.980965, 0.0, 1.0, 0.0, 0.505077, 0.0, 0.0, 0.0, 1.0],
                [0.479025, 0.0, 0.877801, 0.289256, 0.877801, 0.0, -0.479025, 2.98131, 0.0, 1.0, 0.0, 0.509821, 0.0, 0.0, 0.0, 1.0],
                [0.480502, 0.0, 0.876994, 0.287657, 0.876994, 0.0, -0.480502, 2.981702, 0.0, 1.0, 0.0, 0.514454, 0.0, 0.0, 0.0, 1.0],
                [0.482235, 0.0, 0.876042, 0.285796, 0.876042, 0.0, -0.482235, 2.982142, 0.0, 1.0, 0.0, 0.518979, 0.0, 0.0, 0.0, 1.0],
                [0.484217, 0.0, 0.874948, 0.283683, 0.874948, 0.0, -0.484217, 2.982632, 0.0, 1.0, 0.0, 0.523397, 0.0, 0.0, 0.0, 1.0],
                [0.486445, 0.0, 0.873711, 0.281327, 0.873711, 0.0, -0.486445, 2.983171, 0.0, 1.0, 0.0, 0.52771, 0.0, 0.0, 0.0, 1.0],
                [0.488915, 0.0, 0.872332, 0.278736, 0.872332, 0.0, -0.488915, 2.983764, 0.0, 1.0, 0.0, 0.53192, 0.0, 0.0, 0.0, 1.0],
                [0.49162, 0.0, 0.87081, 0.275921, 0.87081, 0.0, -0.49162, 2.984409, 0.0, 1.0, 0.0, 0.53603, 0.0, 0.0, 0.0, 1.0],
                [0.494558, 0.0, 0.869145, 0.272889, 0.869145, 0.0, -0.494558, 2.985108, 0.0, 1.0, 0.0, 0.540042, 0.0, 0.0, 0.0, 1.0],
                [0.497722, 0.0, 0.867336, 0.26965, 0.867336, 0.0, -0.497722, 2.985864, 0.0, 1.0, 0.0, 0.543957, 0.0, 0.0, 0.0, 1.0],
                [0.501109, 0.0, 0.865384, 0.266214, 0.865384, 0.0, -0.501109, 2.986676, 0.0, 1.0, 0.0, 0.547777, 0.0, 0.0, 0.0, 1.0],
                [0.504712, 0.0, 0.863288, 0.262588, 0.863288, 0.0, -0.504712, 2.987547, 0.0, 1.0, 0.0, 0.551506, 0.0, 0.0, 0.0, 1.0],
                [0.508527, 0.0, 0.861046, 0.258782, 0.861046, 0.0, -0.508527, 2.988477, 0.0, 1.0, 0.0, 0.555144, 0.0, 0.0, 0.0, 1.0],
                [0.512549, 0.0, 0.858658, 0.254806, 0.858658, 0.0, -0.512549, 2.989469, 0.0, 1.0, 0.0, 0.558695, 0.0, 0.0, 0.0, 1.0],
                [0.516773, 0.0, 0.856122, 0.250668, 0.856122, 0.0, -0.516773, 2.990522, 0.0, 1.0, 0.0, 0.562159, 0.0, 0.0, 0.0, 1.0],
                [0.521193, 0.0, 0.853439, 0.246377, 0.853439, 0.0, -0.521193, 2.991639, 0.0, 1.0, 0.0, 0.565539, 0.0, 0.0, 0.0, 1.0],
                [0.525804, 0.0, 0.850606, 0.241942, 0.850606, 0.0, -0.525804, 2.992821, 0.0, 1.0, 0.0, 0.568838, 0.0, 0.0, 0.0, 1.0],
                [0.530601, 0.0, 0.847622, 0.237373, 0.847622, 0.0, -0.530601, 2.994069, 0.0, 1.0, 0.0, 0.572056, 0.0, 0.0, 0.0, 1.0],
                [0.535578, 0.0, 0.844486, 0.232678, 0.844486, 0.0, -0.535578, 2.995384, 0.0, 1.0, 0.0, 0.575197, 0.0, 0.0, 0.0, 1.0],
                [0.540729, 0.0, 0.841197, 0.227867, 0.841197, 0.0, -0.540729, 2.996769, 0.0, 1.0, 0.0, 0.578262, 0.0, 0.0, 0.0, 1.0],
                [0.546049, 0.0, 0.837753, 0.222948, 0.837753, 0.0, -0.546049, 2.998223, 0.0, 1.0, 0.0, 0.581254, 0.0, 0.0, 0.0, 1.0],
                [0.551531, 0.0, 0.834154, 0.217931, 0.834154, 0.0, -0.551531, 2.999748, 0.0, 1.0, 0.0, 0.584174, 0.0, 0.0, 0.0, 1.0],
                [0.557171, 0.0, 0.830398, 0.212824, 0.830398, 0.0, -0.557171, 3.001346, 0.0, 1.0, 0.0, 0.587024, 0.0, 0.0, 0.0, 1.0],
                [0.562961, 0.0, 0.826483, 0.207638, 0.826483, 0.0, -0.562961, 3.003018, 0.0, 1.0, 0.0, 0.589807, 0.0, 0.0, 0.0, 1.0],
                [0.568897, 0.0, 0.822409, 0.20238, 0.822409, 0.0, -0.568897, 3.004765, 0.0, 1.0, 0.0, 0.592525, 0.0, 0.0, 0.0, 1.0],
                [0.574971, 0.0, 0.818174, 0.19706, 0.818174, 0.0, -0.574971, 3.006588, 0.0, 1.0, 0.0, 0.59518, 0.0, 0.0, 0.0, 1.0],
                [0.581178, 0.0, 0.813776, 0.191686, 0.813776, 0.0, -0.581178, 3.008489, 0.0, 1.0, 0.0, 0.597773, 0.0, 0.0, 0.0, 1.0],
                [0.587511, 0.0, 0.809216, 0.186269, 0.809216, 0.0, -0.587511, 3.010469, 0.0, 1.0, 0.0, 0.600308, 0.0, 0.0, 0.0, 1.0],
                [0.593964, 0.0, 0.804492, 0.180817, 0.804492, 0.0, -0.593964, 3.01253, 0.0, 1.0, 0.0, 0.602785, 0.0, 0.0, 0.0, 1.0],
                [0.60053, 0.0, 0.799602, 0.175339, 0.799602, 0.0, -0.60053, 3.014672, 0.0, 1.0, 0.0, 0.605207, 0.0, 0.0, 0.0, 1.0],
                [0.607203, 0.0, 0.794547, 0.169843, 0.794547, 0.0, -0.607203, 3.016897, 0.0, 1.0, 0.0, 0.607577, 0.0, 0.0, 0.0, 1.0],
                [0.613976, 0.0, 0.789324, 0.16434, 0.789324, 0.0, -0.613976, 3.019206, 0.0, 1.0, 0.0, 0.609895, 0.0, 0.0, 0.0, 1.0],
                [0.620843, 0.0, 0.783935, 0.158839, 0.783935, 0.0, -0.620843, 3.021601, 0.0, 1.0, 0.0, 0.612165, 0.0, 0.0, 0.0, 1.0],
                [0.627796, 0.0, 0.778378, 0.153347, 0.778378, 0.0, -0.627796, 3.024082, 0.0, 1.0, 0.0, 0.614389, 0.0, 0.0, 0.0, 1.0],
                [0.63483, 0.0, 0.772652, 0.147875, 0.772652, 0.0, -0.63483, 3.026651, 0.0, 1.0, 0.0, 0.616567, 0.0, 0.0, 0.0, 1.0],
                [0.641936, 0.0, 0.766758, 0.142432, 0.766758, 0.0, -0.641936, 3.02931, 0.0, 1.0, 0.0, 0.618703, 0.0, 0.0, 0.0, 1.0],
                [0.649108, 0.0, 0.760696, 0.137025, 0.760696, 0.0, -0.649108, 3.03206, 0.0, 1.0, 0.0, 0.620799, 0.0, 0.0, 0.0, 1.0],
                [0.65634, 0.0, 0.754466, 0.131666, 0.754466, 0.0, -0.65634, 3.034901, 0.0, 1.0, 0.0, 0.622856, 0.0, 0.0, 0.0, 1.0],
                [0.663623, 0.0, 0.748067, 0.126361, 0.748067, 0.0, -0.663623, 3.037836, 0.0, 1.0, 0.0, 0.624877, 0.0, 0.0, 0.0, 1.0],
                [0.670952, 0.0, 0.741501, 0.121122, 0.741501, 0.0, -0.670952, 3.040865, 0.0, 1.0, 0.0, 0.626864, 0.0, 0.0, 0.0, 1.0],
                [0.678319, 0.0, 0.734768, 0.115956, 0.734768, 0.0, -0.678319, 3.04399, 0.0, 1.0, 0.0, 0.628818, 0.0, 0.0, 0.0, 1.0],
                [0.685717, 0.0, 0.727868, 0.110873, 0.727868, 0.0, -0.685717, 3.047212, 0.0, 1.0, 0.0, 0.630743, 0.0, 0.0, 0.0, 1.0],
                [0.693138, 0.0, 0.720804, 0.105881, 0.720804, 0.0, -0.693138, 3.050533, 0.0, 1.0, 0.0, 0.632639, 0.0, 0.0, 0.0, 1.0],
                [0.700577, 0.0, 0.713576, 0.100991, 0.713576, 0.0, -0.700577, 3.053953, 0.0, 1.0, 0.0, 0.634509, 0.0, 0.0, 0.0, 1.0],
                [0.708026, 0.0, 0.706186, 0.09621, 0.706186, 0.0, -0.708026, 3.057474, 0.0, 1.0, 0.0, 0.636356, 0.0, 0.0, 0.0, 1.0],
                [0.715478, 0.0, 0.698636, 0.091548, 0.698636, 0.0, -0.715478, 3.061097, 0.0, 1.0, 0.0, 0.638181, 0.0, 0.0, 0.0, 1.0],
                [0.722925, 0.0, 0.690926, 0.087015, 0.690926, 0.0, -0.722925, 3.064825, 0.0, 1.0, 0.0, 0.639985, 0.0, 0.0, 0.0, 1.0],
                [0.730362, 0.0, 0.68306, 0.082618, 0.68306, 0.0, -0.730362, 3.068656, 0.0, 1.0, 0.0, 0.641773, 0.0, 0.0, 0.0, 1.0],
                [0.737781, 0.0, 0.67504, 0.078368, 0.67504, 0.0, -0.737781, 3.072595, 0.0, 1.0, 0.0, 0.643544, 0.0, 0.0, 0.0, 1.0],
                [0.745175, 0.0, 0.666869, 0.074272, 0.666869, 0.0, -0.745175, 3.07664, 0.0, 1.0, 0.0, 0.645302, 0.0, 0.0, 0.0, 1.0],
                [0.752539, 0.0, 0.658548, 0.070341, 0.658548, 0.0, -0.752539, 3.080794, 0.0, 1.0, 0.0, 0.647049, 0.0, 0.0, 0.0, 1.0],
                [0.759864, 0.0, 0.650082, 0.066583, 0.650082, 0.0, -0.759864, 3.085059, 0.0, 1.0, 0.0, 0.648786, 0.0, 0.0, 0.0, 1.0],
                [0.767145, 0.0, 0.641474, 0.063008, 0.641474, 0.0, -0.767145, 3.089434, 0.0, 1.0, 0.0, 0.650516, 0.0, 0.0, 0.0, 1.0],
                [0.774375, 0.0, 0.632727, 0.059624, 0.632727, 0.0, -0.774375, 3.093922, 0.0, 1.0, 0.0, 0.652241, 0.0, 0.0, 0.0, 1.0],
                [0.781548, 0.0, 0.623845, 0.05644, 0.623845, 0.0, -0.781548, 3.098525, 0.0, 1.0, 0.0, 0.653963, 0.0, 0.0, 0.0, 1.0],
                [0.788658, 0.0, 0.614832, 0.053466, 0.614832, 0.0, -0.788658, 3.103242, 0.0, 1.0, 0.0, 0.655683, 0.0, 0.0, 0.0, 1.0],
                [0.795699, 0.0, 0.605692, 0.050711, 0.605692, 0.0, -0.795699, 3.108075, 0.0, 1.0, 0.0, 0.657404, 0.0, 0.0, 0.0, 1.0],
                [0.802665, 0.0, 0.59643, 0.048183, 0.59643, 0.0, -0.802665, 3.113027, 0.0, 1.0, 0.0, 0.659129, 0.0, 0.0, 0.0, 1.0],
                [0.809551, 0.0, 0.58705, 0.045892, 0.58705, 0.0, -0.809551, 3.118098, 0.0, 1.0, 0.0, 0.660858, 0.0, 0.0, 0.0, 1.0],
                [0.81635, 0.0, 0.577557, 0.043846, 0.577557, 0.0, -0.81635, 3.123289, 0.0, 1.0, 0.0, 0.662595, 0.0, 0.0, 0.0, 1.0],
                [0.823058, 0.0, 0.567957, 0.042056, 0.567957, 0.0, -0.823058, 3.128602, 0.0, 1.0, 0.0, 0.664341, 0.0, 0.0, 0.0, 1.0],
                [0.82967, 0.0, 0.558254, 0.040417, 0.558254, 0.0, -0.82967, 3.134036, 0.0, 1.0, 0.0, 0.666098, 0.0, 0.0, 0.0, 1.0],
                [0.836181, 0.0, 0.548453, 0.038822, 0.548453, 0.0, -0.836181, 3.139588, 0.0, 1.0, 0.0, 0.667865, 0.0, 0.0, 0.0, 1.0],
                [0.842586, 0.0, 0.538562, 0.037269, 0.538562, 0.0, -0.842586, 3.145254, 0.0, 1.0, 0.0, 0.669642, 0.0, 0.0, 0.0, 1.0],
                [0.84888, 0.0, 0.528585, 0.035758, 0.528585, 0.0, -0.84888, 3.151026, 0.0, 1.0, 0.0, 0.671427, 0.0, 0.0, 0.0, 1.0],
                [0.855061, 0.0, 0.518528, 0.034288, 0.518528, 0.0, -0.855061, 3.156902, 0.0, 1.0, 0.0, 0.67322, 0.0, 0.0, 0.0, 1.0],
                [0.861122, 0.0, 0.508398, 0.03286, 0.508398, 0.0, -0.861122, 3.162874, 0.0, 1.0, 0.0, 0.67502, 0.0, 0.0, 0.0, 1.0],
                [0.867062, 0.0, 0.4982, 0.031471, 0.4982, 0.0, -0.867062, 3.16894, 0.0, 1.0, 0.0, 0.676826, 0.0, 0.0, 0.0, 1.0],
                [0.872876, 0.0, 0.487942, 0.030122, 0.487942, 0.0, -0.872876, 3.175092, 0.0, 1.0, 0.0, 0.678636, 0.0, 0.0, 0.0, 1.0],
                [0.878561, 0.0, 0.47763, 0.028813, 0.47763, 0.0, -0.878561, 3.181327, 0.0, 1.0, 0.0, 0.680451, 0.0, 0.0, 0.0, 1.0],
                [0.884115, 0.0, 0.46727, 0.027542, 0.46727, 0.0, -0.884115, 3.187639, 0.0, 1.0, 0.0, 0.682269, 0.0, 0.0, 0.0, 1.0],
                [0.889534, 0.0, 0.456868, 0.026308, 0.456868, 0.0, -0.889534, 3.194023, 0.0, 1.0, 0.0, 0.684089, 0.0, 0.0, 0.0, 1.0],
                [0.894817, 0.0, 0.446433, 0.025113, 0.446433, 0.0, -0.894817, 3.200473, 0.0, 1.0, 0.0, 0.685911, 0.0, 0.0, 0.0, 1.0],
                [0.899961, 0.0, 0.435971, 0.023953, 0.435971, 0.0, -0.899961, 3.206985, 0.0, 1.0, 0.0, 0.687733, 0.0, 0.0, 0.0, 1.0],
                [0.904964, 0.0, 0.425489, 0.022831, 0.425489, 0.0, -0.904964, 3.213555, 0.0, 1.0, 0.0, 0.689555, 0.0, 0.0, 0.0, 1.0],
                [0.909824, 0.0, 0.414994, 0.021743, 0.414994, 0.0, -0.909824, 3.220175, 0.0, 1.0, 0.0, 0.691375, 0.0, 0.0, 0.0, 1.0],
                [0.914541, 0.0, 0.404492, 0.020691, 0.404492, 0.0, -0.914541, 3.226843, 0.0, 1.0, 0.0, 0.693193, 0.0, 0.0, 0.0, 1.0],
                [0.919114, 0.0, 0.393992, 0.019674, 0.393992, 0.0, -0.919114, 3.233551, 0.0, 1.0, 0.0, 0.695008, 0.0, 0.0, 0.0, 1.0],
                [0.923541, 0.0, 0.3835, 0.01869, 0.3835, 0.0, -0.923541, 3.240296, 0.0, 1.0, 0.0, 0.696819, 0.0, 0.0, 0.0, 1.0],
                [0.927822, 0.0, 0.373024, 0.01774, 0.373024, 0.0, -0.927822, 3.247072, 0.0, 1.0, 0.0, 0.698625, 0.0, 0.0, 0.0, 1.0],
                [0.931957, 0.0, 0.36257, 0.016822, 0.36257, 0.0, -0.931957, 3.253875, 0.0, 1.0, 0.0, 0.700425, 0.0, 0.0, 0.0, 1.0],
                [0.935945, 0.0, 0.352145, 0.015936, 0.352145, 0.0, -0.935945, 3.260698, 0.0, 1.0, 0.0, 0.702218, 0.0, 0.0, 0.0, 1.0],
                [0.939788, 0.0, 0.341758, 0.015083, 0.341758, 0.0, -0.939788, 3.267537, 0.0, 1.0, 0.0, 0.704004, 0.0, 0.0, 0.0, 1.0],
                [0.943485, 0.0, 0.331414, 0.01426, 0.331414, 0.0, -0.943485, 3.274387, 0.0, 1.0, 0.0, 0.705781, 0.0, 0.0, 0.0, 1.0],
                [0.947038, 0.0, 0.321122, 0.013468, 0.321122, 0.0, -0.947038, 3.281243, 0.0, 1.0, 0.0, 0.707549, 0.0, 0.0, 0.0, 1.0],
                [0.950447, 0.0, 0.310887, 0.012705, 0.310887, 0.0, -0.950447, 3.288099, 0.0, 1.0, 0.0, 0.709306, 0.0, 0.0, 0.0, 1.0],
                [0.953713, 0.0, 0.300717, 0.011972, 0.300717, 0.0, -0.953713, 3.294951, 0.0, 1.0, 0.0, 0.711052, 0.0, 0.0, 0.0, 1.0],
                [0.956839, 0.0, 0.290619, 0.011268, 0.290619, 0.0, -0.956839, 3.301794, 0.0, 1.0, 0.0, 0.712786, 0.0, 0.0, 0.0, 1.0],
                [0.959825, 0.0, 0.2806, 0.010592, 0.2806, 0.0, -0.959825, 3.308621, 0.0, 1.0, 0.0, 0.714506, 0.0, 0.0, 0.0, 1.0],
                [0.962673, 0.0, 0.270666, 0.009943, 0.270666, 0.0, -0.962673, 3.315429, 0.0, 1.0, 0.0, 0.716213, 0.0, 0.0, 0.0, 1.0],
                [0.965387, 0.0, 0.260823, 0.009322, 0.260823, 0.0, -0.965387, 3.322213, 0.0, 1.0, 0.0, 0.717905, 0.0, 0.0, 0.0, 1.0],
                [0.967967, 0.0, 0.251079, 0.008726, 0.251079, 0.0, -0.967967, 3.328966, 0.0, 1.0, 0.0, 0.71958, 0.0, 0.0, 0.0, 1.0],
                [0.970416, 0.0, 0.24144, 0.008157, 0.24144, 0.0, -0.970416, 3.335684, 0.0, 1.0, 0.0, 0.72124, 0.0, 0.0, 0.0, 1.0],
                [0.972737, 0.0, 0.231912, 0.007613, 0.231912, 0.0, -0.972737, 3.342362, 0.0, 1.0, 0.0, 0.722881, 0.0, 0.0, 0.0, 1.0],
                [0.974932, 0.0, 0.222502, 0.007094, 0.222502, 0.0, -0.974932, 3.348995, 0.0, 1.0, 0.0, 0.724504, 0.0, 0.0, 0.0, 1.0],
                [0.977005, 0.0, 0.213214, 0.006599, 0.213214, 0.0, -0.977005, 3.355577, 0.0, 1.0, 0.0, 0.726108, 0.0, 0.0, 0.0, 1.0],
                [0.978959, 0.0, 0.204057, 0.006128, 0.204057, 0.0, -0.978959, 3.362105, 0.0, 1.0, 0.0, 0.727691, 0.0, 0.0, 0.0, 1.0],
                [0.980796, 0.0, 0.195034, 0.005679, 0.195034, 0.0, -0.980796, 3.368571, 0.0, 1.0, 0.0, 0.729253, 0.0, 0.0, 0.0, 1.0],
                [0.982521, 0.0, 0.186153, 0.005253, 0.186153, 0.0, -0.982521, 3.374972, 0.0, 1.0, 0.0, 0.730793, 0.0, 0.0, 0.0, 1.0],
                [0.984136, 0.0, 0.177419, 0.004849, 0.177419, 0.0, -0.984136, 3.381302, 0.0, 1.0, 0.0, 0.73231, 0.0, 0.0, 0.0, 1.0],
                [0.985644, 0.0, 0.168837, 0.004466, 0.168837, 0.0, -0.985644, 3.387557, 0.0, 1.0, 0.0, 0.733803, 0.0, 0.0, 0.0, 1.0],
                [0.98705, 0.0, 0.160412, 0.004103, 0.160412, 0.0, -0.98705, 3.39373, 0.0, 1.0, 0.0, 0.735271, 0.0, 0.0, 0.0, 1.0],
                [0.988357, 0.0, 0.15215, 0.003761, 0.15215, 0.0, -0.988357, 3.399818, 0.0, 1.0, 0.0, 0.736714, 0.0, 0.0, 0.0, 1.0],
                [0.989569, 0.0, 0.144057, 0.003439, 0.144057, 0.0, -0.989569, 3.405814, 0.0, 1.0, 0.0, 0.738129, 0.0, 0.0, 0.0, 1.0],
                [0.99069, 0.0, 0.136137, 0.003135, 0.136137, 0.0, -0.99069, 3.411714, 0.0, 1.0, 0.0, 0.739517, 0.0, 0.0, 0.0, 1.0],
                [0.991723, 0.0, 0.128394, 0.00285, 0.128394, 0.0, -0.991723, 3.417513, 0.0, 1.0, 0.0, 0.740877, 0.0, 0.0, 0.0, 1.0],
                [0.992673, 0.0, 0.120835, 0.002582, 0.120835, 0.0, -0.992673, 3.423206, 0.0, 1.0, 0.0, 0.742207, 0.0, 0.0, 0.0, 1.0],
                [0.993542, 0.0, 0.113464, 0.002332, 0.113464, 0.0, -0.993542, 3.428787, 0.0, 1.0, 0.0, 0.743507, 0.0, 0.0, 0.0, 1.0],
                [0.994336, 0.0, 0.106284, 0.002099, 0.106284, 0.0, -0.994336, 3.434252, 0.0, 1.0, 0.0, 0.744776, 0.0, 0.0, 0.0, 1.0],
                [0.995057, 0.0, 0.099302, 0.001881, 0.099302, 0.0, -0.995057, 3.439595, 0.0, 1.0, 0.0, 0.746013, 0.0, 0.0, 0.0, 1.0],
                [0.995711, 0.0, 0.092521, 0.001679, 0.092521, 0.0, -0.995711, 3.444811, 0.0, 1.0, 0.0, 0.747217, 0.0, 0.0, 0.0, 1.0],
                [0.9963, 0.0, 0.085945, 0.001492, 0.085945, 0.0, -0.9963, 3.449895, 0.0, 1.0, 0.0, 0.748387, 0.0, 0.0, 0.0, 1.0],
                [0.996829, 0.0, 0.079579, 0.00132, 0.079579, 0.0, -0.996829, 3.454842, 0.0, 1.0, 0.0, 0.749522, 0.0, 0.0, 0.0, 1.0],
                [0.997301, 0.0, 0.073427, 0.001161, 0.073427, 0.0, -0.997301, 3.459647, 0.0, 1.0, 0.0, 0.750621, 0.0, 0.0, 0.0, 1.0],
                [0.99772, 0.0, 0.067494, 0.001016, 0.067494, 0.0, -0.99772, 3.464305, 0.0, 1.0, 0.0, 0.751684, 0.0, 0.0, 0.0, 1.0],
                [0.99809, 0.0, 0.061782, 0.000883, 0.061782, 0.0, -0.99809, 3.468811, 0.0, 1.0, 0.0, 0.752709, 0.0, 0.0, 0.0, 1.0],
                [0.998414, 0.0, 0.056297, 0.000762, 0.056297, 0.0, -0.998414, 3.47316, 0.0, 1.0, 0.0, 0.753696, 0.0, 0.0, 0.0, 1.0],
                [0.998697, 0.0, 0.051042, 0.000653, 0.051042, 0.0, -0.998697, 3.477345, 0.0, 1.0, 0.0, 0.754643, 0.0, 0.0, 0.0, 1.0],
                [0.99894, 0.0, 0.046021, 0.000554, 0.046021, 0.0, -0.99894, 3.481364, 0.0, 1.0, 0.0, 0.75555, 0.0, 0.0, 0.0, 1.0],
                [0.999149, 0.0, 0.041238, 0.000466, 0.041238, 0.0, -0.999149, 3.48521, 0.0, 1.0, 0.0, 0.756417, 0.0, 0.0, 0.0, 1.0],
                [0.999326, 0.0, 0.036696, 0.000388, 0.036696, 0.0, -0.999326, 3.488878, 0.0, 1.0, 0.0, 0.757241, 0.0, 0.0, 0.0, 1.0],
                [0.999475, 0.0, 0.0324, 0.000319, 0.0324, 0.0, -0.999475, 3.492363, 0.0, 1.0, 0.0, 0.758022, 0.0, 0.0, 0.0, 1.0],
                [0.999598, 0.0, 0.028353, 0.000258, 0.028353, 0.0, -0.999598, 3.495661, 0.0, 1.0, 0.0, 0.758759, 0.0, 0.0, 0.0, 1.0],
                [0.999698, 0.0, 0.024559, 0.000206, 0.024559, 0.0, -0.999698, 3.498765, 0.0, 1.0, 0.0, 0.759452, 0.0, 0.0, 0.0, 1.0],
                [0.999779, 0.0, 0.021022, 0.000161, 0.021022, 0.0, -0.999779, 3.501672, 0.0, 1.0, 0.0, 0.760099, 0.0, 0.0, 0.0, 1.0],
                [0.999843, 0.0, 0.017745, 0.000123, 0.017745, 0.0, -0.999843, 3.504374, 0.0, 1.0, 0.0, 0.760699, 0.0, 0.0, 0.0, 1.0],
                [0.999891, 0.0, 0.014732, 9.1e-05, 0.014732, 0.0, -0.999891, 3.506869, 0.0, 1.0, 0.0, 0.761252, 0.0, 0.0, 0.0, 1.0],
                [0.999928, 0.0, 0.011988, 6.5e-05, 0.011988, 0.0, -0.999928, 3.50915, 0.0, 1.0, 0.0, 0.761756, 0.0, 0.0, 0.0, 1.0],
                [0.999955, 0.0, 0.009516, 4.4e-05, 0.009516, 0.0, -0.999955, 3.511213, 0.0, 1.0, 0.0, 0.762212, 0.0, 0.0, 0.0, 1.0],
                [0.999973, 0.0, 0.007319, 2.8e-05, 0.007319, 0.0, -0.999973, 3.513052, 0.0, 1.0, 0.0, 0.762617, 0.0, 0.0, 0.0, 1.0],
                [0.999985, 0.0, 0.005402, 1.6e-05, 0.005402, 0.0, -0.999985, 3.514663, 0.0, 1.0, 0.0, 0.762971, 0.0, 0.0, 0.0, 1.0],
                [0.999993, 0.0, 0.003769, 7e-06, 0.003769, 0.0, -0.999993, 3.51604, 0.0, 1.0, 0.0, 0.763273, 0.0, 0.0, 0.0, 1.0],
                [0.999997, 0.0, 0.002423, 2e-06, 0.002423, 0.0, -0.999997, 3.517177, 0.0, 1.0, 0.0, 0.763522, 0.0, 0.0, 0.0, 1.0],
                [0.999999, 0.0, 0.00137, -2e-06, 0.00137, 0.0, -0.999999, 3.518071, 0.0, 1.0, 0.0, 0.763717, 0.0, 0.0, 0.0, 1.0],
                [1.0, 0.0, 0.000612, -4e-06, 0.000612, 0.0, -1.0, 3.518716, 0.0, 1.0, 0.0, 0.763858, 0.0, 0.0, 0.0, 1.0],
                [1.0, 0.0, 0.000154, -5e-06, 0.000154, 0.0, -1.0, 3.519107, 0.0, 1.0, 0.0, 0.763943, 0.0, 0.0, 0.0, 1.0],
                [1.0, 0.0, 0.0, -5e-06, 0.0, 0.0, -1.0, 3.519238, 0.0, 1.0, 0.0, 0.763972, 0.0, 0.0, 0.0, 1.0]
            ]
        },
        {
            "name": "Thigh_R",
            "time": [0.0, 0.0167, 0.0333, 0.05, 0.0667, 0.0833, 0.1, 0.1167, 0.1333, 0.15, 0.1667, 0.1833, 0.2, 0.2167, 0.2333, 0.25, 0.2667, 0.2833, 0.3, 0.3167, 0.3333, 0.35, 0.3667, 0.3833, 0.4, 0.4167, 0.4333, 0.45, 0.4667, 0.4833, 0.5, 0.5167, 0.5333, 0.55, 0.5667, 0.5833, 0.6, 0.6167, 0.6333, 0.65, 0.6667, 0.6833, 0.7, 0.7167, 0.7333, 0.75, 0.7667, 0.7833, 0.8, 0.8167, 0.8333, 0.85, 0.8667, 0.8833, 0.9, 0.9167, 0.9333, 0.95, 0.9667, 0.9833, 1.0, 1.0167, 1.0333, 1.05, 1.0667, 1.0833, 1.1, 1.1167, 1.1333, 1.15, 1.1667, 1.1833, 1.2, 1.2167, 1.2333, 1.25, 1.2667, 1.2833, 1.3, 1.3167, 1.3333, 1.35, 1.3667, 1.3833, 1.4, 1.4167, 1.4333, 1.45, 1.4667, 1.4833, 1.5, 1.5167, 1.5333, 1.55, 1.5667, 1.5833, 1.6, 1.6167, 1.6333, 1.65, 1.6667, 1.6833, 1.7, 1.7167, 1.7333, 1.75, 1.7667, 1.7833, 1.8, 1.8167, 1.8333, 1.85, 1.8667, 1.8833, 1.9, 1.9167, 1.9333, 1.95, 1.9667, 1.9833, 2.0, 2.0167, 2.0333, 2.05, 2.0667, 2.0833, 2.1, 2.1167, 2.1333, 2.15, 2.1667, 2.1833, 2.2, 2.2167, 2.2333, 2.25, 2.2667, 2.2833, 2.3, 2.3167, 2.3333, 2.35, 2.3667, 2.3833, 2.4, 2.4167, 2.4333, 2.45, 2.4667, 2.4833, 2.5, 2.5167, 2.5333, 2.55, 2.5667, 2.5833, 2.6, 2.6167, 2.6333, 2.65, 2.6667, 2.6833, 2.7, 2.7167, 2.7333, 2.75, 2.7667, 2.7833, 2.8, 2.8167, 2.8333, 2.85, 2.8667, 2.8833, 2.9, 2.9167, 2.9333, 2.95, 2.9667, 2.9833, 3.0],
            "transform": [
                [0.889725, 0.45648, -0.003726, 0.124994, 0.402578, -0.78076, 0.477851, -0.002831, 0.215221, -0.426655, -0.878434, -1.2e-05, 0.0, 0.0, 0.0, 1.0],
                [0.892879, 0.449477, -0.027135, 0.124994, 0.405352, -0.776054, 0.483144, -0.002831, 0.196104, -0.442387, -0.875121, -1.2e-05, 0.0, 0.0, 0.0, 1.0],
                [0.899078, 0.428233, -0.090961, 0.124994, 0.413621, -0.762831, 0.496995, -0.002831, 0.143441, -0.484459, -0.862973, -1.2e-05, 0.0, 0.0, 0.0, 1.0],
                [0.901602, 0.391027, -0.184961, 0.124994, 0.427747, -0.742286, 0.515792, -0.002831, 0.064395, -0.544154, -0.83651, -1.2e-05, 0.0, 0.0, 0.0, 1.0],
                [0.893535, 0.336796, -0.296921, 0.124994, 0.447832, -0.716021, 0.535497, -0.002831, -0.032249, -0.611455, -0.790621, -1.2e-05, 0.0, 0.0, 0.0, 1.0],
                [0.870615, 0.267608, -0.412814, 0.124994, 0.472917, -0.686471, 0.552364, -0.002831, -0.135568, -0.676121, -0.72421, -1.2e-05, 0.0, 0.0, 0.0, 1.0],
                [0.833424, 0.189686, -0.519061, 0.124994, 0.50068, -0.656757, 0.563904, -0.002831, -0.233932, -0.729853, -0.642331, -1.2e-05, 0.0, 0.0, 0.0, 1.0],
                [0.787771, 0.112452, -0.605616, 0.124994, 0.527821, -0.63006, 0.569585, -0.002831, -0.317524, -0.768358, -0.5557, -1.2e-05, 0.0, 0.0, 0.0, 1.0],
                [0.74302, 0.046316, -0.667664, 0.124994, 0.55082, -0.608973, 0.570743, -0.002831, -0.380156, -0.791834, -0.477993, -1.2e-05, 0.0, 0.0, 0.0, 1.0],
                [0.709535, 0.000786, -0.704669, 0.124994, 0.566538, -0.595295, 0.569786, -0.002831, -0.419039, -0.803504, -0.42283, -1.2e-05, 0.0, 0.0, 0.0, 1.0],
                [0.696647, -0.016035, -0.717235, 0.124994, 0.572323, -0.590404, 0.569094, -0.002831, -0.432585, -0.806946, -0.402127, -1.2e-05, 0.0, 0.0, 0.0, 1.0],
                [0.70196, 0.003211, -0.712209, 0.124994, 0.568456, -0.604976, 0.557548, -0.002831, -0.42908, -0.796235, -0.426496, -1.2e-05, 0.0, 0.0, 0.0, 1.0],
                [0.716293, 0.055343, -0.695602, 0.124994, 0.558329, -0.643394, 0.523747, -0.002831, -0.418561, -0.763529, -0.49176, -1.2e-05, 0.0, 0.0, 0.0, 1.0],
                [0.736936, 0.13104, -0.66314, 0.124994, 0.544591, -0.696244, 0.467613, -0.002831, -0.400432, -0.70574, -0.584452, -1.2e-05, 0.0, 0.0, 0.0, 1.0],
                [0.760649, 0.219055, -0.611087, 0.124994, 0.530278, -0.752664, 0.390256, -0.002831, -0.374456, -0.620892, -0.688676, -1.2e-05, 0.0, 0.0, 0.0, 1.0],
                [0.783909, 0.306838, -0.539756, 0.124994, 0.518253, -0.802111, 0.296697, -0.002831, -0.341907, -0.512312, -0.787804, -1.2e-05, 0.0, 0.0, 0.0, 1.0],
                [0.803668, 0.383119, -0.455342, 0.124994, 0.510405, -0.837193, 0.196446, -0.002831, -0.305948, -0.390285, -0.868374, -1.2e-05, 0.0, 0.0, 0.0, 1.0],
                [0.818195, 0.440945, -0.368949, 0.124994, 0.507053, -0.855913, 0.101521, -0.002831, -0.271024, -0.270139, -0.923889, -1.2e-05, 0.0, 0.0, 0.0, 1.0],
                [0.827348, 0.478884, -0.293538, 0.124994, 0.507026, -0.861611, 0.023416, -0.002831, -0.241703, -0.168204, -0.955661, -1.2e-05, 0.0, 0.0, 0.0, 1.0],
                [0.832091, 0.499502, -0.241085, 0.124994, 0.508341, -0.860675, -0.028723, -0.002831, -0.221843, -0.098653, -0.970079, -1.2e-05, 0.0, 0.0, 0.0, 1.0],
                [0.833542, 0.506055, -0.22162, 0.124994, 0.509083, -0.859395, -0.047654, -0.002831, -0.214576, -0.073101, -0.973968, -1.2e-05, 0.0, 0.0, 0.0, 1.0],
                [0.82511, 0.485869, -0.288311, 0.124994, 0.517466, -0.854744, 0.040479, -0.002831, -0.226765, -0.18259, -0.956681, -1.2e-05, 0.0, 0.0, 0.0, 1.0],
                [0.801306, 0.401774, -0.443266, 0.124994, 0.541171, -0.802648, 0.250773, -0.002831, -0.255033, -0.440827, -0.860598, -1.2e-05, 0.0, 0.0, 0.0, 1.0],
                [0.766251, 0.237288, -0.597121, 0.124994, 0.575543, -0.666637, 0.473649, -0.002831, -0.285672, -0.706601, -0.647383, -1.2e-05, 0.0, 0.0, 0.0, 1.0],
                [0.728912, 0.050232, -0.682762, 0.124994, 0.607003, -0.508625, 0.610612, -0.002831, -0.316598, -0.859519, -0.401235, -1.2e-05, 0.0, 0.0, 0.0, 1.0],
                [0.696185, -0.074005, -0.714038, 0.124994, 0.618247, -0.44369, 0.648775, -0.002831, -0.364824, -0.893117, -0.263138, -1.2e-05, 0.0, 0.0, 0.0, 1.0],
                [0.666863, -0.139901, -0.73193, 0.124994, 0.612127, -0.457297, 0.645119, -0.002831, -0.424963, -0.878238, -0.219318, -1.2e-05, 0.0, 0.0, 0.0, 1.0],
                [0.637762, -0.195794, -0.744932, 0.124994, 0.606021, -0.469374, 0.642204, -0.002831, -0.475392, -0.861016, -0.180694, -1.2e-05, 0.0, 0.0, 0.0, 1.0],
                [0.610175, -0.242451, -0.754257, 0.124994, 0.600152, -0.48005, 0.639818, -0.002831, -0.517207, -0.843069, -0.147408, -1.2e-05, 0.0, 0.0, 0.0, 1.0],
                [0.584959, -0.280782, -0.76091, 0.124994, 0.594672, -0.489483, 0.637785, -0.002831, -0.551532, -0.825569, -0.119354, -1.2e-05, 0.0, 0.0, 0.0, 1.0],
                [0.562616, -0.311737, -0.765692, 0.124994, 0.589673, -0.49783, 0.635964, -0.002831, -0.579439, -0.809309, -0.096265, -1.2e-05, 0.0, 0.0, 0.0, 1.0],
                [0.543376, -0.336238, -0.769212, 0.124994, 0.585199, -0.505249, 0.634243, -0.002831, -0.601901, -0.794772, -0.077774, -1.2e-05, 0.0, 0.0, 0.0, 1.0],
                [0.527264, -0.35515, -0.77192, 0.124994, 0.581261, -0.511881, 0.632544, -0.002831, -0.619781, -0.782203, -0.063462, -1.2e-05, 0.0, 0.0, 0.0, 1.0],
                [0.514157, -0.369265, -0.774136, 0.124994, 0.577844, -0.517858, 0.630808, -0.002831, -0.633828, -0.771662, -0.052883, -1.2e-05, 0.0, 0.0, 0.0, 1.0],
                [0.503823, -0.379308, -0.776072, 0.124994, 0.574913, -0.523295, 0.628995, -0.002831, -0.644699, -0.763075, -0.045579, -1.2e-05, 0.0, 0.0, 0.0, 1.0],
                [0.495955, -0.385943, -0.777866, 0.124994, 0.572419, -0.528298, 0.627085, -0.002831, -0.652965, -0.75627, -0.041091, -1.2e-05, 0.0, 0.0, 0.0, 1.0],
                [0.490196, -0.389785, -0.779599, 0.124994, 0.570301, -0.532961, 0.625066, -0.002831, -0.659139, -0.75101, -0.038961, -1.2e-05, 0.0, 0.0, 0.0, 1.0],
                [0.486152, -0.391415, -0.781313, 0.124994, 0.56849, -0.537372, 0.622936, -0.002831, -0.663683, -0.747009, -0.038729, -1.2e-05, 0.0, 0.0, 0.0, 1.0],
                [0.483405, -0.391389, -0.783029, 0.124994, 0.566907, -0.541612, 0.620702, -0.002831, -0.667035, -0.743954, -0.039937, -1.2e-05, 0.0, 0.0, 0.0, 1.0],
                [0.481525, -0.390251, -0.784753, 0.124994, 0.56547, -0.545759, 0.618376, -0.002831, -0.66961, -0.741516, -0.042122, -1.2e-05, 0.0, 0.0, 0.0, 1.0],
                [0.480071, -0.388539, -0.786491, 0.124994, 0.564088, -0.549891, 0.615974, -0.002831, -0.671815, -0.73936, -0.044817, -1.2e-05, 0.0, 0.0, 0.0, 1.0],
                [0.478857, -0.386617, -0.788177, 0.124994, 0.562615, -0.554048, 0.613591, -0.002831, -0.673913, -0.737261, -0.047794, -1.2e-05, 0.0, 0.0, 0.0, 1.0],
                [0.477991, -0.384492, -0.78974, 0.124994, 0.560972, -0.558223, 0.611306, -0.002831, -0.675895, -0.73522, -0.051137, -1.2e-05, 0.0, 0.0, 0.0, 1.0],
                [0.47747, -0.382169, -0.791182, 0.124994, 0.559163, -0.562416, 0.609117, -0.002831, -0.67776, -0.733233, -0.054843, -1.2e-05, 0.0, 0.0, 0.0, 1.0],
                [0.477292, -0.37965, -0.792501, 0.124994, 0.55719, -0.566627, 0.607019, -0.002831, -0.679508, -0.731297, -0.05891, -1.2e-05, 0.0, 0.0, 0.0, 1.0],
                [0.477454, -0.376939, -0.793696, 0.124994, 0.555057, -0.570855, 0.605008, -0.002831, -0.681138, -0.729408, -0.063335, -1.2e-05, 0.0, 0.0, 0.0, 1.0],
                [0.477954, -0.37404, -0.794766, 0.124994, 0.552765, -0.575101, 0.603081, -0.002831, -0.682649, -0.727563, -0.068116, -1.2e-05, 0.0, 0.0, 0.0, 1.0],
                [0.478789, -0.370956, -0.795709, 0.124994, 0.550319, -0.579366, 0.601234, -0.002831, -0.684039, -0.725757, -0.07325, -1.2e-05, 0.0, 0.0, 0.0, 1.0],
                [0.479955, -0.36769, -0.796521, 0.124994, 0.547721, -0.583648, 0.599462, -0.002831, -0.685306, -0.723985, -0.078734, -1.2e-05, 0.0, 0.0, 0.0, 1.0],
                [0.48145, -0.364245, -0.797202, 0.124994, 0.544973, -0.58795, 0.597761, -0.002831, -0.686447, -0.722244, -0.084565, -1.2e-05, 0.0, 0.0, 0.0, 1.0],
                [0.483271, -0.360623, -0.797746, 0.124994, 0.542077, -0.59227, 0.596127, -0.002831, -0.687459, -0.720529, -0.090742, -1.2e-05, 0.0, 0.0, 0.0, 1.0],
                [0.485414, -0.356829, -0.798152, 0.124994, 0.539037, -0.596609, 0.594554, -0.002831, -0.68834, -0.718837, -0.097259, -1.2e-05, 0.0, 0.0, 0.0, 1.0],
                [0.487876, -0.352864, -0.798413, 0.124994, 0.535853, -0.600969, 0.59304, -0.002831, -0.689085, -0.717161, -0.104115, -1.2e-05, 0.0, 0.0, 0.0, 1.0],
                [0.490652, -0.348732, -0.798527, 0.124994, 0.532529, -0.605348, 0.591579, -0.002831, -0.68969, -0.715497, -0.111306, -1.2e-05, 0.0, 0.0, 0.0, 1.0],
                [0.49374, -0.344435, -0.798489, 0.124994, 0.529066, -0.609747, 0.590165, -0.002831, -0.690152, -0.71384, -0.118828, -1.2e-05, 0.0, 0.0, 0.0, 1.0],
                [0.497134, -0.339977, -0.798293, 0.124994, 0.525467, -0.614168, 0.588796, -0.002831, -0.690464, -0.712186, -0.126678, -1.2e-05, 0.0, 0.0, 0.0, 1.0],
                [0.500832, -0.335361, -0.797935, 0.124994, 0.521733, -0.618609, 0.587465, -0.002831, -0.690624, -0.710529, -0.134851, -1.2e-05, 0.0, 0.0, 0.0, 1.0],
                [0.504827, -0.330588, -0.797409, 0.124994, 0.517867, -0.623073, 0.586167, -0.002831, -0.690625, -0.708863, -0.143344, -1.2e-05, 0.0, 0.0, 0.0, 1.0],
                [0.509116, -0.325663, -0.796708, 0.124994, 0.513871, -0.627558, 0.584899, -0.002831, -0.690462, -0.707185, -0.152152, -1.2e-05, 0.0, 0.0, 0.0, 1.0],
                [0.513694, -0.320589, -0.795827, 0.124994, 0.509746, -0.632065, 0.583653, -0.002831, -0.690128, -0.705487, -0.16127, -1.2e-05, 0.0, 0.0, 0.0, 1.0],
                [0.518555, -0.315368, -0.79476, 0.124994, 0.505495, -0.636595, 0.582426, -0.002831, -0.68962, -0.703766, -0.170693, -1.2e-05, 0.0, 0.0, 0.0, 1.0],
                [0.523694, -0.310003, -0.7935, 0.124994, 0.50112, -0.641147, 0.581212, -0.002831, -0.688929, -0.702014, -0.180417, -1.2e-05, 0.0, 0.0, 0.0, 1.0],
                [0.529105, -0.304499, -0.792041, 0.124994, 0.496623, -0.645722, 0.580006, -0.002831, -0.688051, -0.700228, -0.190434, -1.2e-05, 0.0, 0.0, 0.0, 1.0],
                [0.534782, -0.298858, -0.790375, 0.124994, 0.492006, -0.650321, 0.578802, -0.002831, -0.686978, -0.6984, -0.200741, -1.2e-05, 0.0, 0.0, 0.0, 1.0],
                [0.540719, -0.293083, -0.788495, 0.124994, 0.487272, -0.654942, 0.577594, -0.002831, -0.685703, -0.696526, -0.211329, -1.2e-05, 0.0, 0.0, 0.0, 1.0],
                [0.546909, -0.28718, -0.786395, 0.124994, 0.482422, -0.659587, 0.576379, -0.002831, -0.684222, -0.6946, -0.222193, -1.2e-05, 0.0, 0.0, 0.0, 1.0],
                [0.553346, -0.281151, -0.784068, 0.124994, 0.477459, -0.664254, 0.57515, -0.002831, -0.682525, -0.692616, -0.233325, -1.2e-05, 0.0, 0.0, 0.0, 1.0],
                [0.560021, -0.275, -0.781506, 0.124994, 0.472387, -0.668944, 0.573901, -0.002831, -0.680608, -0.690568, -0.244718, -1.2e-05, 0.0, 0.0, 0.0, 1.0],
                [0.566928, -0.268731, -0.778702, 0.124994, 0.467207, -0.673657, 0.572627, -0.002831, -0.678462, -0.688451, -0.256363, -1.2e-05, 0.0, 0.0, 0.0, 1.0],
                [0.574058, -0.262349, -0.775648, 0.124994, 0.461921, -0.678392, 0.571324, -0.002831, -0.676081, -0.68626, -0.268253, -1.2e-05, 0.0, 0.0, 0.0, 1.0],
                [0.581404, -0.255858, -0.772338, 0.124994, 0.456534, -0.683149, 0.569984, -0.002831, -0.673458, -0.683988, -0.280379, -1.2e-05, 0.0, 0.0, 0.0, 1.0],
                [0.588955, -0.249262, -0.768765, 0.124994, 0.451048, -0.687928, 0.568603, -0.002831, -0.670587, -0.68163, -0.292731, -1.2e-05, 0.0, 0.0, 0.0, 1.0],
                [0.596704, -0.242567, -0.764922, 0.124994, 0.445466, -0.692727, 0.567175, -0.002831, -0.667461, -0.679181, -0.305299, -1.2e-05, 0.0, 0.0, 0.0, 1.0],
                [0.604641, -0.235777, -0.760801, 0.124994, 0.439791, -0.697545, 0.565696, -0.002831, -0.664072, -0.676635, -0.318073, -1.2e-05, 0.0, 0.0, 0.0, 1.0],
                [0.612756, -0.228898, -0.756396, 0.124994, 0.434028, -0.702383, 0.564159, -0.002831, -0.660416, -0.673987, -0.331043, -1.2e-05, 0.0, 0.0, 0.0, 1.0],
                [0.621039, -0.221934, -0.751701, 0.124994, 0.428178, -0.70724, 0.56256, -0.002831, -0.656485, -0.671232, -0.344198, -1.2e-05, 0.0, 0.0, 0.0, 1.0],
                [0.62948, -0.214892, -0.74671, 0.124994, 0.422247, -0.712113, 0.560893, -0.002831, -0.652274, -0.668366, -0.357524, -1.2e-05, 0.0, 0.0, 0.0, 1.0],
                [0.638067, -0.207777, -0.741417, 0.124994, 0.416238, -0.717002, 0.559153, -0.002831, -0.647777, -0.665382, -0.371012, -1.2e-05, 0.0, 0.0, 0.0, 1.0],
                [0.64679, -0.200595, -0.735815, 0.124994, 0.410156, -0.721905, 0.557335, -0.002831, -0.642989, -0.662276, -0.384647, -1.2e-05, 0.0, 0.0, 0.0, 1.0],
