{
    "animation": [
        {
            "name": "Root",
            "time": [0.0, 0.0167, 0.0333, 0.05, 0.0667, 0.0833, 0.1, 0.1167, 0.1333, 0.15, 0.1667, 0.1833, 0.2, 0.2167, 0.2333, 0.25, 0.2667, 0.2833, 0.3, 0.3167, 0.3333, 0.35, 0.3667, 0.3833, 0.4, 0.4167, 0.4333, 0.45, 0.4667, 0.4833, 0.5, 0.5167, 0.5333, 0.55, 0.5667, 0.5833, 0.6, 0.6167, 0.6333, 0.65, 0.6667, 0.6833, 0.7, 0.7167, 0.7333, 0.75, 0.7667, 0.7833, 0.8, 0.8167, 0.8333, 0.85, 0.8667, 0.8833, 0.9, 0.9167, 0.9333, 0.95, 0.9667, 0.9833, 1.0, 1.0167, 1.0333, 1.05, 1.0667, 1.0833, 1.1, 1.1167, 1.1333, 1.15, 1.1667, 1.1833, 1.2, 1.2167, 1.2333, 1.25, 1.2667, 1.2833, 1.3, 1.3167, 1.3333, 1.35, 1.3667, 1.3833, 1.4, 1.4167, 1.4333, 1.45, 1.4667, 1.4833, 1.5, 1.5167, 1.5333, 1.55, 1.5667, 1.5833, 1.6, 1.6167, 1.6333, 1.65, 1.6667, 1.6833, 1.7, 1.7167, 1.7333, 1.75, 1.7667, 1.7833, 1.8, 1.8167, 1.8333, 1.85, 1.8667, 1.8833, 1.9, 1.9167, 1.9333, 1.95, 1.9667, 1.9833, 2.0, 2.0167],
            "transform": [
                [0.996898, 0.0, -0.078706, -5e-06, -0.078706, 0.0, -0.996898, 0.303296, 0.0, 1.0, 0.0, 0.619946, 0.0, 0.0, 0.0, 1.0],
                [0.996716, 0.0, -0.080978, -5e-06, -0.080978, 0.0, -0.996716, 0.303296, 0.0, 1.0, 0.0, 0.620421, 0.0, 0.0, 0.0, 1.0],
                [0.996036, 0.0, -0.088952, -5e-06, -0.088952, 0.0, -0.996036, 0.303296, 0.0, 1.0, 0.0, 0.621797, 0.0, 0.0, 0.0, 1.0],
                [0.994538, 0.0, -0.104373, -5e-06, -0.104373, 0.0, -0.994538, 0.303296, 0.0, 1.0, 0.0, 0.624001, 0.0, 0.0, 0.0, 1.0],
                [0.991646, 0.0, -0.128985, -5e-06, -0.128985, 0.0, -0.991646, 0.303296, 0.0, 1.0, 0.0, 0.62696, 0.0, 0.0, 0.0, 1.0],
                [0.986373, 0.0, -0.164522, -5e-06, -0.164522, 0.0, -0.986373, 0.303296, 0.0, 1.0, 0.0, 0.630601, 0.0, 0.0, 0.0, 1.0],
                [0.977131, 0.0, -0.21264, -5e-06, -0.21264, 0.0, -0.977131, 0.303296, 0.0, 1.0, 0.0, 0.634851, 0.0, 0.0, 0.0, 1.0],
                [0.961509, 0.0, -0.274774, -5e-06, -0.274774, 0.0, -0.961509, 0.303296, 0.0, 1.0, 0.0, 0.639637, 0.0, 0.0, 0.0, 1.0],
                [0.93606, 0.0, -0.351841, -5e-06, -0.351841, 0.0, -0.93606, 0.303296, 0.0, 1.0, 0.0, 0.644885, 0.0, 0.0, 0.0, 1.0],
                [0.896156, 0.0, -0.443738, -5e-06, -0.443738, 0.0, -0.896156, 0.303296, 0.0, 1.0, 0.0, 0.650524, 0.0, 0.0, 0.0, 1.0],
                [0.836088, 0.0, -0.548595, -5e-06, -0.548595, 0.0, -0.836088, 0.303296, 0.0, 1.0, 0.0, 0.65648, 0.0, 0.0, 0.0, 1.0],
                [0.749635, 0.0, -0.661851, -5e-06, -0.661851, 0.0, -0.749635, 0.303296, 0.0, 1.0, 0.0, 0.662679, 0.0, 0.0, 0.0, 1.0],
                [0.631395, 0.0, -0.775461, -5e-06, -0.775461, 0.0, -0.631395, 0.303296, 0.0, 1.0, 0.0, 0.66905, 0.0, 0.0, 0.0, 1.0],
                [0.473563, 0.0, -0.88076, -5e-06, -0.88076, 0.0, -0.473563, 0.325189, 0.0, 1.0, 0.0, 0.675465, 0.0, 0.0, 0.0, 1.0],
                [0.27854, 0.0, -0.960425, -5e-06, -0.960425, 0.0, -0.27854, 0.383214, 0.0, 1.0, 0.0, 0.681588, 0.0, 0.0, 0.0, 1.0],
                [0.064729, 0.0, -0.997903, -5e-06, -0.997903, 0.0, -0.064729, 0.465883, 0.0, 1.0, 0.0, 0.687029, 0.0, 0.0, 0.0, 1.0],
                [-0.14547, 0.0, -0.989363, -5e-06, -0.989363, 0.0, 0.14547, 0.561711, 0.0, 1.0, 0.0, 0.691399, 0.0, 0.0, 0.0, 1.0],
                [-0.332918, 0.0, -0.942956, -5e-06, -0.942956, 0.0, 0.332918, 0.659213, 0.0, 1.0, 0.0, 0.694306, 0.0, 0.0, 0.0, 1.0],
                [-0.486058, 0.0, -0.873927, -5e-06, -0.873927, 0.0, 0.486058, 0.746904, 0.0, 1.0, 0.0, 0.695362, 0.0, 0.0, 0.0, 1.0],
                [-0.616125, 0.0, -0.787648, -0.003176, -0.787648, 0.0, 0.616125, 0.815865, 0.0, 1.0, 0.0, 0.695353, 0.0, 0.0, 0.0, 1.0],
                [-0.73518, 0.0, -0.677872, -0.011872, -0.677872, 0.0, 0.73518, 0.867451, 0.0, 1.0, 0.0, 0.69529, 0.0, 0.0, 0.0, 1.0],
                [-0.838352, 0.0, -0.545129, -0.024866, -0.545129, 0.0, 0.838352, 0.905584, 0.0, 1.0, 0.0, 0.695117, 0.0, 0.0, 0.0, 1.0],
                [-0.920357, 0.0, -0.391079, -0.040928, -0.391079, 0.0, 0.920357, 0.934186, 0.0, 1.0, 0.0, 0.694781, 0.0, 0.0, 0.0, 1.0],
                [-0.97575, 0.0, -0.218889, -0.058832, -0.218889, 0.0, 0.97575, 0.957178, 0.0, 1.0, 0.0, 0.694227, 0.0, 0.0, 0.0, 1.0],
                [-0.999436, 0.0, -0.033577, -0.07735, -0.033577, 0.0, 0.999436, 0.978484, 0.0, 1.0, 0.0, 0.6934, 0.0, 0.0, 0.0, 1.0],
                [-0.987463, 0.0, 0.157851, -0.095255, 0.157851, 0.0, 0.987463, 1.002024, 0.0, 1.0, 0.0, 0.692246, 0.0, 0.0, 0.0, 1.0],
                [-0.937978, 0.0, 0.346695, -0.111317, 0.346695, 0.0, 0.937978, 1.031721, 0.0, 1.0, 0.0, 0.690711, 0.0, 0.0, 0.0, 1.0],
                [-0.852085, 0.0, 0.523404, -0.12431, 0.523404, 0.0, 0.852085, 1.071497, 0.0, 1.0, 0.0, 0.688739, 0.0, 0.0, 0.0, 1.0],
                [-0.73423, 0.0, 0.678901, -0.133007, 0.678901, 0.0, 0.73423, 1.125273, 0.0, 1.0, 0.0, 0.686277, 0.0, 0.0, 0.0, 1.0],
                [-0.591835, 0.0, 0.806059, -0.136178, 0.806059, 0.0, 0.591835, 1.196973, 0.0, 1.0, 0.0, 0.68327, 0.0, 0.0, 0.0, 1.0],
                [-0.392204, 0.0, 0.919878, -0.128635, 0.919878, 0.0, 0.392204, 1.290785, 0.0, 1.0, 0.0, 0.670492, 0.0, 0.0, 0.0, 1.0],
                [-0.084853, 0.0, 0.996393, -0.109182, 0.996393, 0.0, 0.084853, 1.411974, 0.0, 1.0, 0.0, 0.642702, 0.0, 0.0, 0.0, 1.0],
                [0.312374, 0.0, 0.949959, -0.082582, 0.949959, 0.0, -0.312374, 1.56607, 0.0, 1.0, 0.0, 0.605828, 0.0, 0.0, 0.0, 1.0],
                [0.697442, 0.0, 0.716641, -0.053601, 0.716641, 0.0, -0.697442, 1.758605, 0.0, 1.0, 0.0, 0.565795, 0.0, 0.0, 0.0, 1.0],
                [0.935766, 0.0, 0.352623, -0.027001, 0.352623, 0.0, -0.935766, 1.984474, 0.0, 1.0, 0.0, 0.52853, 0.0, 0.0, 0.0, 1.0],
                [0.999984, 0.0, 0.005573, -0.007548, 0.005573, 0.0, -0.999984, 2.196031, 0.0, 1.0, 0.0, 0.499959, 0.0, 0.0, 0.0, 1.0],
                [0.974801, 0.0, -0.223078, -5e-06, -0.223078, 0.0, -0.974801, 2.334992, 0.0, 1.0, 0.0, 0.486009, 0.0, 0.0, 0.0, 1.0],
                [0.933195, 0.0, -0.35937, -5e-06, -0.35937, 0.0, -0.933195, 2.409294, 0.0, 1.0, 0.0, 0.481843, 0.0, 0.0, 0.0, 1.0],
                [0.8878, 0.0, -0.460229, -5e-06, -0.460229, 0.0, -0.8878, 2.467111, 0.0, 1.0, 0.0, 0.478599, 0.0, 0.0, 0.0, 1.0],
                [0.84606, 0.0, -0.533088, -5e-06, -0.533088, 0.0, -0.84606, 2.51052, 0.0, 1.0, 0.0, 0.476161, 0.0, 0.0, 0.0, 1.0],
                [0.81146, 0.0, -0.584408, -5e-06, -0.584408, 0.0, -0.81146, 2.541597, 0.0, 1.0, 0.0, 0.474415, 0.0, 0.0, 0.0, 1.0],
                [0.785149, 0.0, -0.619307, -5e-06, -0.619307, 0.0, -0.785149, 2.562419, 0.0, 1.0, 0.0, 0.473244, 0.0, 0.0, 0.0, 1.0],
                [0.766927, 0.0, -0.641734, -5e-06, -0.641734, 0.0, -0.766927, 2.575064, 0.0, 1.0, 0.0, 0.472533, 0.0, 0.0, 0.0, 1.0],
                [0.755804, 0.0, -0.654798, -5e-06, -0.654798, 0.0, -0.755804, 2.581609, 0.0, 1.0, 0.0, 0.472169, 0.0, 0.0, 0.0, 1.0],
                [0.750301, 0.0, -0.661097, -5e-06, -0.661097, 0.0, -0.750301, 2.58413, 0.0, 1.0, 0.0, 0.472034, 0.0, 0.0, 0.0, 1.0],
                [0.748625, 0.0, -0.662993, -5e-06, -0.662993, 0.0, -0.748625, 2.584703, 0.0, 1.0, 0.0, 0.472015, 0.0, 0.0, 0.0, 1.0],
                [0.748193, 0.0, -0.663481, -5e-06, -0.663481, 0.0, -0.748193, 2.585061, 0.0, 1.0, 0.0, 0.472127, 0.0, 0.0, 0.0, 1.0],
                [0.747718, 0.0, -0.664016, -5e-06, -0.664016, 0.0, -0.747718, 2.585545, 0.0, 1.0, 0.0, 0.472458, 0.0, 0.0, 0.0, 1.0],
                [0.747203, 0.0, -0.664596, -5e-06, -0.664596, 0.0, -0.747203, 2.586152, 0.0, 1.0, 0.0, 0.473003, 0.0, 0.0, 0.0, 1.0],
                [0.746647, 0.0, -0.665221, -5e-06, -0.665221, 0.0, -0.746647, 2.586879, 0.0, 1.0, 0.0, 0.473755, 0.0, 0.0, 0.0, 1.0],
                [0.746051, 0.0, -0.665888, -5e-06, -0.665888, 0.0, -0.746051, 2.587722, 0.0, 1.0, 0.0, 0.474709, 0.0, 0.0, 0.0, 1.0],
                [0.745419, 0.0, -0.666597, -5e-06, -0.666597, 0.0, -0.745419, 2.588677, 0.0, 1.0, 0.0, 0.475859, 0.0, 0.0, 0.0, 1.0],
                [0.744749, 0.0, -0.667345, -5e-06, -0.667345, 0.0, -0.744749, 2.589742, 0.0, 1.0, 0.0, 0.477199, 0.0, 0.0, 0.0, 1.0],
                [0.744044, 0.0, -0.66813, -5e-06, -0.66813, 0.0, -0.744044, 2.590912, 0.0, 1.0, 0.0, 0.478722, 0.0, 0.0, 0.0, 1.0],
                [0.743305, 0.0, -0.668953, -5e-06, -0.668953, 0.0, -0.743305, 2.592184, 0.0, 1.0, 0.0, 0.480424, 0.0, 0.0, 0.0, 1.0],
                [0.742533, 0.0, -0.66981, -5e-06, -0.66981, 0.0, -0.742533, 2.593555, 0.0, 1.0, 0.0, 0.482297, 0.0, 0.0, 0.0, 1.0],
                [0.741728, 0.0, -0.6707, -5e-06, -0.6707, 0.0, -0.741728, 2.59502, 0.0, 1.0, 0.0, 0.484337, 0.0, 0.0, 0.0, 1.0],
                [0.740893, 0.0, -0.671623, -5e-06, -0.671623, 0.0, -0.740893, 2.596577, 0.0, 1.0, 0.0, 0.486537, 0.0, 0.0, 0.0, 1.0],
                [0.740029, 0.0, -0.672575, -5e-06, -0.672575, 0.0, -0.740029, 2.598221, 0.0, 1.0, 0.0, 0.48889, 0.0, 0.0, 0.0, 1.0],
                [0.739136, 0.0, -0.673556, -5e-06, -0.673556, 0.0, -0.739136, 2.59995, 0.0, 1.0, 0.0, 0.491393, 0.0, 0.0, 0.0, 1.0],
                [0.738216, 0.0, -0.674564, -5e-06, -0.674564, 0.0, -0.738216, 2.60176, 0.0, 1.0, 0.0, 0.494037, 0.0, 0.0, 0.0, 1.0],
                [0.737271, 0.0, -0.675598, -5e-06, -0.675598, 0.0, -0.737271, 2.603647, 0.0, 1.0, 0.0, 0.496819, 0.0, 0.0, 0.0, 1.0],
                [0.7363, 0.0, -0.676655, -5e-06, -0.676655, 0.0, -0.7363, 2.605608, 0.0, 1.0, 0.0, 0.49973, 0.0, 0.0, 0.0, 1.0],
                [0.735307, 0.0, -0.677735, -5e-06, -0.677735, 0.0, -0.735307, 2.607639, 0.0, 1.0, 0.0, 0.502766, 0.0, 0.0, 0.0, 1.0],
                [0.734291, 0.0, -0.678835, -5e-06, -0.678835, 0.0, -0.734291, 2.609736, 0.0, 1.0, 0.0, 0.505921, 0.0, 0.0, 0.0, 1.0],
                [0.733254, 0.0, -0.679955, -5e-06, -0.679955, 0.0, -0.733254, 2.611897, 0.0, 1.0, 0.0, 0.509189, 0.0, 0.0, 0.0, 1.0],
                [0.732198, 0.0, -0.681092, -5e-06, -0.681092, 0.0, -0.732198, 2.614118, 0.0, 1.0, 0.0, 0.512563, 0.0, 0.0, 0.0, 1.0],
                [0.731123, 0.0, -0.682245, -5e-06, -0.682245, 0.0, -0.731123, 2.616395, 0.0, 1.0, 0.0, 0.516038, 0.0, 0.0, 0.0, 1.0],
                [0.730032, 0.0, -0.683413, -5e-06, -0.683413, 0.0, -0.730032, 2.618724, 0.0, 1.0, 0.0, 0.519608, 0.0, 0.0, 0.0, 1.0],
                [0.728924, 0.0, -0.684594, -5e-06, -0.684594, 0.0, -0.728924, 2.621102, 0.0, 1.0, 0.0, 0.523267, 0.0, 0.0, 0.0, 1.0],
                [0.727802, 0.0, -0.685787, -5e-06, -0.685787, 0.0, -0.727802, 2.623526, 0.0, 1.0, 0.0, 0.527009, 0.0, 0.0, 0.0, 1.0],
                [0.726667, 0.0, -0.686989, -5e-06, -0.686989, 0.0, -0.726667, 2.625992, 0.0, 1.0, 0.0, 0.530828, 0.0, 0.0, 0.0, 1.0],
                [0.725521, 0.0, -0.6882, -5e-06, -0.6882, 0.0, -0.725521, 2.628496, 0.0, 1.0, 0.0, 0.534719, 0.0, 0.0, 0.0, 1.0],
                [0.724363, 0.0, -0.689418, -5e-06, -0.689418, 0.0, -0.724363, 2.631035, 0.0, 1.0, 0.0, 0.538674, 0.0, 0.0, 0.0, 1.0],
                [0.723197, 0.0, -0.690642, -5e-06, -0.690642, 0.0, -0.723197, 2.633606, 0.0, 1.0, 0.0, 0.542689, 0.0, 0.0, 0.0, 1.0],
                [0.722022, 0.0, -0.69187, -5e-06, -0.69187, 0.0, -0.722022, 2.636205, 0.0, 1.0, 0.0, 0.546758, 0.0, 0.0, 0.0, 1.0],
                [0.720841, 0.0, -0.6931, -5e-06, -0.6931, 0.0, -0.720841, 2.638828, 0.0, 1.0, 0.0, 0.550873, 0.0, 0.0, 0.0, 1.0],
                [0.719655, 0.0, -0.694332, -5e-06, -0.694332, 0.0, -0.719655, 2.641471, 0.0, 1.0, 0.0, 0.555031, 0.0, 0.0, 0.0, 1.0],
                [0.718465, 0.0, -0.695563, -5e-06, -0.695563, 0.0, -0.718465, 2.644133, 0.0, 1.0, 0.0, 0.559224, 0.0, 0.0, 0.0, 1.0],
                [0.717273, 0.0, -0.696793, -5e-06, -0.696793, 0.0, -0.717273, 2.646807, 0.0, 1.0, 0.0, 0.563446, 0.0, 0.0, 0.0, 1.0],
                [0.716079, 0.0, -0.698019, -5e-06, -0.698019, 0.0, -0.716079, 2.649493, 0.0, 1.0, 0.0, 0.567692, 0.0, 0.0, 0.0, 1.0],
                [0.714886, 0.0, -0.699241, -5e-06, -0.699241, 0.0, -0.714886, 2.652184, 0.0, 1.0, 0.0, 0.571956, 0.0, 0.0, 0.0, 1.0],
                [0.713694, 0.0, -0.700458, -5e-06, -0.700458, 0.0, -0.713694, 2.654879, 0.0, 1.0, 0.0, 0.576232, 0.0, 0.0, 0.0, 1.0],
                [0.712505, 0.0, -0.701667, -5e-06, -0.701667, 0.0, -0.712505, 2.657574, 0.0, 1.0, 0.0, 0.580514, 0.0, 0.0, 0.0, 1.0],
                [0.711321, 0.0, -0.702867, -5e-06, -0.702867, 0.0, -0.711321, 2.660265, 0.0, 1.0, 0.0, 0.584796, 0.0, 0.0, 0.0, 1.0],
                [0.710142, 0.0, -0.704058, -5e-06, -0.704058, 0.0, -0.710142, 2.662949, 0.0, 1.0, 0.0, 0.589072, 0.0, 0.0, 0.0, 1.0],
                [0.708971, 0.0, -0.705238, -5e-06, -0.705238, 0.0, -0.708971, 2.665621, 0.0, 1.0, 0.0, 0.593336, 0.0, 0.0, 0.0, 1.0],
                [0.707808, 0.0, -0.706405, -5e-06, -0.706405, 0.0, -0.707808, 2.668279, 0.0, 1.0, 0.0, 0.597582, 0.0, 0.0, 0.0, 1.0],
                [0.706656, 0.0, -0.707558, -5e-06, -0.707558, 0.0, -0.706656, 2.670919, 0.0, 1.0, 0.0, 0.601805, 0.0, 0.0, 0.0, 1.0],
                [0.705514, 0.0, -0.708696, -5e-06, -0.708696, 0.0, -0.705514, 2.673538, 0.0, 1.0, 0.0, 0.605998, 0.0, 0.0, 0.0, 1.0],
                [0.704385, 0.0, -0.709818, -5e-06, -0.709818, 0.0, -0.704385, 2.676132, 0.0, 1.0, 0.0, 0.610155, 0.0, 0.0, 0.0, 1.0],
                [0.703271, 0.0, -0.710922, -5e-06, -0.710922, 0.0, -0.703271, 2.678697, 0.0, 1.0, 0.0, 0.614271, 0.0, 0.0, 0.0, 1.0],
                [0.702172, 0.0, -0.712007, -5e-06, -0.712007, 0.0, -0.702172, 2.68123, 0.0, 1.0, 0.0, 0.618339, 0.0, 0.0, 0.0, 1.0],
                [0.70109, 0.0, -0.713072, -5e-06, -0.713072, 0.0, -0.70109, 2.683728, 0.0, 1.0, 0.0, 0.622354, 0.0, 0.0, 0.0, 1.0],
                [0.700027, 0.0, -0.714116, -5e-06, -0.714116, 0.0, -0.700027, 2.686186, 0.0, 1.0, 0.0, 0.62631, 0.0, 0.0, 0.0, 1.0],
                [0.698984, 0.0, -0.715138, -5e-06, -0.715138, 0.0, -0.698984, 2.688601, 0.0, 1.0, 0.0, 0.6302, 0.0, 0.0, 0.0, 1.0],
                [0.697962, 0.0, -0.716135, -5e-06, -0.716135, 0.0, -0.697962, 2.690971, 0.0, 1.0, 0.0, 0.634019, 0.0, 0.0, 0.0, 1.0],
                [0.696962, 0.0, -0.717108, -5e-06, -0.717108, 0.0, -0.696962, 2.693291, 0.0, 1.0, 0.0, 0.637761, 0.0, 0.0, 0.0, 1.0],
                [0.695987, 0.0, -0.718054, -5e-06, -0.718054, 0.0, -0.695987, 2.695557, 0.0, 1.0, 0.0, 0.64142, 0.0, 0.0, 0.0, 1.0],
                [0.695037, 0.0, -0.718974, -5e-06, -0.718974, 0.0, -0.695037, 2.697767, 0.0, 1.0, 0.0, 0.644991, 0.0, 0.0, 0.0, 1.0],
                [0.694115, 0.0, -0.719864, -5e-06, -0.719864, 0.0, -0.694115, 2.699916, 0.0, 1.0, 0.0, 0.648466, 0.0, 0.0, 0.0, 1.0],
                [0.693221, 0.0, -0.720725, -5e-06, -0.720725, 0.0, -0.693221, 2.702002, 0.0, 1.0, 0.0, 0.65184, 0.0, 0.0, 0.0, 1.0],
                [0.692356, 0.0, -0.721556, -5e-06, -0.721556, 0.0, -0.692356, 2.70402, 0.0, 1.0, 0.0, 0.655107, 0.0, 0.0, 0.0, 1.0],
                [0.691523, 0.0, -0.722354, -5e-06, -0.722354, 0.0, -0.691523, 2.705968, 0.0, 1.0, 0.0, 0.658262, 0.0, 0.0, 0.0, 1.0],
                [0.690723, 0.0, -0.723119, -5e-06, -0.723119, 0.0, -0.690723, 2.707841, 0.0, 1.0, 0.0, 0.661298, 0.0, 0.0, 0.0, 1.0],
                [0.689957, 0.0, -0.72385, -5e-06, -0.72385, 0.0, -0.689957, 2.709636, 0.0, 1.0, 0.0, 0.66421, 0.0, 0.0, 0.0, 1.0],
                [0.689226, 0.0, -0.724546, -5e-06, -0.724546, 0.0, -0.689226, 2.711349, 0.0, 1.0, 0.0, 0.666991, 0.0, 0.0, 0.0, 1.0],
                [0.688533, 0.0, -0.725205, -5e-06, -0.725205, 0.0, -0.688533, 2.712978, 0.0, 1.0, 0.0, 0.669636, 0.0, 0.0, 0.0, 1.0],
                [0.687877, 0.0, -0.725827, -5e-06, -0.725827, 0.0, -0.687877, 2.714518, 0.0, 1.0, 0.0, 0.672138, 0.0, 0.0, 0.0, 1.0],
                [0.687262, 0.0, -0.72641, -5e-06, -0.72641, 0.0, -0.687262, 2.715966, 0.0, 1.0, 0.0, 0.674492, 0.0, 0.0, 0.0, 1.0],
                [0.686687, 0.0, -0.726953, -5e-06, -0.726953, 0.0, -0.686687, 2.717319, 0.0, 1.0, 0.0, 0.676692, 0.0, 0.0, 0.0, 1.0],
                [0.686156, 0.0, -0.727455, -5e-06, -0.727455, 0.0, -0.686156, 2.718572, 0.0, 1.0, 0.0, 0.678731, 0.0, 0.0, 0.0, 1.0],
                [0.685668, 0.0, -0.727914, -5e-06, -0.727914, 0.0, -0.685668, 2.719723, 0.0, 1.0, 0.0, 0.680605, 0.0, 0.0, 0.0, 1.0],
                [0.685226, 0.0, -0.72833, -5e-06, -0.72833, 0.0, -0.685226, 2.720767, 0.0, 1.0, 0.0, 0.682306, 0.0, 0.0, 0.0, 1.0],
                [0.684831, 0.0, -0.728702, -5e-06, -0.728702, 0.0, -0.684831, 2.721702, 0.0, 1.0, 0.0, 0.68383, 0.0, 0.0, 0.0, 1.0],
                [0.684484, 0.0, -0.729028, -5e-06, -0.729028, 0.0, -0.684484, 2.722524, 0.0, 1.0, 0.0, 0.68517, 0.0, 0.0, 0.0, 1.0],
                [0.684186, 0.0, -0.729307, -5e-06, -0.729307, 0.0, -0.684186, 2.723229, 0.0, 1.0, 0.0, 0.686319, 0.0, 0.0, 0.0, 1.0],
                [0.68394, 0.0, -0.729539, -5e-06, -0.729539, 0.0, -0.68394, 2.723814, 0.0, 1.0, 0.0, 0.687274, 0.0, 0.0, 0.0, 1.0],
                [0.683746, 0.0, -0.729721, -5e-06, -0.729721, 0.0, -0.683746, 2.724274, 0.0, 1.0, 0.0, 0.688026, 0.0, 0.0, 0.0, 1.0],
                [0.683605, 0.0, -0.729852, -5e-06, -0.729852, 0.0, -0.683605, 2.724608, 0.0, 1.0, 0.0, 0.688571, 0.0, 0.0, 0.0, 1.0],
                [0.68352, 0.0, -0.729932, -5e-06, -0.729932, 0.0, -0.68352, 2.724811, 0.0, 1.0, 0.0, 0.688902, 0.0, 0.0, 0.0, 1.0],
                [0.683491, 0.0, -0.729959, -5e-06, -0.729959, 0.0, -0.683491, 2.724879, 0.0, 1.0, 0.0, 0.689013, 0.0, 0.0, 0.0, 1.0]
            ]
        },
        {
            "name": "Thigh_R",
            "time": [0.0, 0.0167, 0.0333, 0.05, 0.0667, 0.0833, 0.1, 0.1167, 0.1333, 0.15, 0.1667, 0.1833, 0.2, 0.2167, 0.2333, 0.25, 0.2667, 0.2833, 0.3, 0.3167, 0.3333, 0.35, 0.3667, 0.3833, 0.4, 0.4167, 0.4333, 0.45, 0.4667, 0.4833, 0.5, 0.5167, 0.5333, 0.55, 0.5667, 0.5833, 0.6, 0.6167, 0.6333, 0.65, 0.6667, 0.6833, 0.7, 0.7167, 0.7333, 0.75, 0.7667, 0.7833, 0.8, 0.8167, 0.8333, 0.85, 0.8667, 0.8833, 0.9, 0.9167, 0.9333, 0.95, 0.9667, 0.9833, 1.0, 1.0167, 1.0333, 1.05, 1.0667, 1.0833, 1.1, 1.1167, 1.1333, 1.15, 1.1667, 1.1833, 1.2, 1.2167, 1.2333, 1.25, 1.2667, 1.2833, 1.3, 1.3167, 1.3333, 1.35, 1.3667, 1.3833, 1.4, 1.4167, 1.4333, 1.45, 1.4667, 1.4833, 1.5, 1.5167, 1.5333, 1.55, 1.5667, 1.5833, 1.6, 1.6167, 1.6333, 1.65, 1.6667, 1.6833, 1.7, 1.7167, 1.7333, 1.75, 1.7667, 1.7833, 1.8, 1.8167, 1.8333, 1.85, 1.8667, 1.8833, 1.9, 1.9167, 1.9333, 1.95, 1.9667, 1.9833, 2.0, 2.0167],
            "transform": [
                [0.985591, -0.016205, -0.168368, 0.124994, 0.058899, -0.900222, 0.431426, -0.002831, -0.15856, -0.435125, -0.886298, -1.2e-05, 0.0, 0.0, 0.0, 1.0],
                [0.985645, -0.017105, -0.167961, 0.124994, 0.057843, -0.900429, 0.431136, -0.002831, -0.158612, -0.434661, -0.886516, -1.2e-05, 0.0, 0.0, 0.0, 1.0],
                [0.985843, -0.019477, -0.166535, 0.124994, 0.054823, -0.901192, 0.429934, -0.002831, -0.158455, -0.432977, -0.887369, -1.2e-05, 0.0, 0.0, 0.0, 1.0],
                [0.98623, -0.022832, -0.163792, 0.124994, 0.050071, -0.90271, 0.427322, -0.002831, -0.157614, -0.429638, -0.889139, -1.2e-05, 0.0, 0.0, 0.0, 1.0],
                [0.986846, -0.026694, -0.159444, 0.124994, 0.043826, -0.905164, 0.422792, -0.002831, -0.15561, -0.424218, -0.89209, -1.2e-05, 0.0, 0.0, 0.0, 1.0],
                [0.987719, -0.030614, -0.153208, 0.124994, 0.036335, -0.908716, 0.415826, -0.002831, -0.151953, -0.416286, -0.896446, -1.2e-05, 0.0, 0.0, 0.0, 1.0],
                [0.988871, -0.034178, -0.144794, 0.124994, 0.027858, -0.913499, 0.405882, -0.002831, -0.146141, -0.405398, -0.902383, -1.2e-05, 0.0, 0.0, 0.0, 1.0],
                [0.990304, -0.037018, -0.133895, 0.124994, 0.018676, -0.919612, 0.39238, -0.002831, -0.137656, -0.391076, -0.910006, -1.2e-05, 0.0, 0.0, 0.0, 1.0],
                [0.991994, -0.038818, -0.120169, 0.124994, 0.009111, -0.927102, 0.374694, -0.002831, -0.125954, -0.372788, -0.919328, -1.2e-05, 0.0, 0.0, 0.0, 1.0],
                [0.99388, -0.039326, -0.103224, 0.124994, -0.000462, -0.935948, 0.352133, -0.002831, -0.110461, -0.34993, -0.930241, -1.2e-05, 0.0, 0.0, 0.0, 1.0],
                [0.995844, -0.038365, -0.082602, 0.124994, -0.009577, -0.946029, 0.323934, -0.002831, -0.090572, -0.321796, -0.942467, -1.2e-05, 0.0, 0.0, 0.0, 1.0],
                [0.997686, -0.035854, -0.057764, 0.124994, -0.017648, -0.957088, 0.289253, -0.002831, -0.065656, -0.287564, -0.955509, -1.2e-05, 0.0, 0.0, 0.0, 1.0],
                [0.999098, -0.031839, -0.028078, 0.124994, -0.023923, -0.968673, 0.247175, -0.002831, -0.035069, -0.24628, -0.968564, -1.2e-05, 0.0, 0.0, 0.0, 1.0],
                [0.999195, 0.020911, 0.034235, 0.124994, 0.014605, -0.984449, 0.175051, -0.002831, 0.037363, -0.17441, -0.983964, -1.2e-05, 0.0, 0.0, 0.0, 1.0],
                [0.977833, 0.140309, 0.15542, 0.124994, 0.130713, -0.988917, 0.070382, -0.002831, 0.163573, -0.048507, -0.985338, -1.2e-05, 0.0, 0.0, 0.0, 1.0],
                [0.906395, 0.273766, 0.321714, 0.124994, 0.29821, -0.954079, -0.02829, -0.002831, 0.299196, 0.12158, -0.946415, -1.2e-05, 0.0, 0.0, 0.0, 1.0],
                [0.786656, 0.369697, 0.494465, 0.124994, 0.467367, -0.879901, -0.085668, -0.002831, 0.40341, 0.298488, -0.864966, -1.2e-05, 0.0, 0.0, 0.0, 1.0],
                [0.660679, 0.407852, 0.630206, 0.124994, 0.587143, -0.803852, -0.095301, -0.002831, 0.467724, 0.432984, -0.770557, -1.2e-05, 0.0, 0.0, 0.0, 1.0],
                [0.581965, 0.401637, 0.70711, 0.124994, 0.62844, -0.773976, -0.0776, -0.002831, 0.51612, 0.489536, -0.702833, -1.2e-05, 0.0, 0.0, 0.0, 1.0],
                [0.55913, 0.3702, 0.741839, 0.124994, 0.602867, -0.795782, -0.057265, -0.002831, 0.569143, 0.479249, -0.668129, -1.2e-05, 0.0, 0.0, 0.0, 1.0],
                [0.562026, 0.325325, 0.760454, 0.124994, 0.543317, -0.83843, -0.042863, -0.002831, 0.623644, 0.437257, -0.647976, -1.2e-05, 0.0, 0.0, 0.0, 1.0],
                [0.578111, 0.273966, 0.768589, 0.124994, 0.463028, -0.885744, -0.032549, -0.002831, 0.671857, 0.374694, -0.638914, -1.2e-05, 0.0, 0.0, 0.0, 1.0],
                [0.596952, 0.224897, 0.770111, 0.124994, 0.379296, -0.924965, -0.023892, -0.002831, 0.706953, 0.306362, -0.637463, -1.2e-05, 0.0, 0.0, 0.0, 1.0],
                [0.611138, 0.190163, 0.768341, 0.124994, 0.314419, -0.949161, -0.015172, -0.002831, 0.726395, 0.250852, -0.639861, -1.2e-05, 0.0, 0.0, 0.0, 1.0],
                [0.657235, 0.18051, 0.73175, 0.124994, 0.281021, -0.959571, -0.015694, -0.002831, 0.699334, 0.215952, -0.681393, -1.2e-05, 0.0, 0.0, 0.0, 1.0],
                [0.749847, 0.189964, 0.633752, 0.124994, 0.266375, -0.963507, -0.026364, -0.002831, 0.605617, 0.188585, -0.773087, -1.2e-05, 0.0, 0.0, 0.0, 1.0],
                [0.846903, 0.207848, 0.489442, 0.124994, 0.257494, -0.965626, -0.035486, -0.002831, 0.465243, 0.156081, -0.871314, -1.2e-05, 0.0, 0.0, 0.0, 1.0],
                [0.917247, 0.222041, 0.330689, 0.124994, 0.245363, -0.968966, -0.029959, -0.002831, 0.313775, 0.108618, -0.943264, -1.2e-05, 0.0, 0.0, 0.0, 1.0],
                [0.954271, 0.221353, 0.200918, 0.124994, 0.225046, -0.974335, 0.004565, -0.002831, 0.196773, 0.040859, -0.979598, -1.2e-05, 0.0, 0.0, 0.0, 1.0],
                [0.969389, 0.199819, 0.142675, 0.124994, 0.189621, -0.978429, 0.081952, -0.002831, 0.155973, -0.052389, -0.986371, -1.2e-05, 0.0, 0.0, 0.0, 1.0],
                [0.965226, 0.14076, 0.220281, 0.124994, 0.089623, -0.969766, 0.226975, -0.002831, 0.245571, -0.19934, -0.948662, -1.2e-05, 0.0, 0.0, 0.0, 1.0],
                [0.906444, 0.090277, 0.412564, 0.124994, -0.075422, -0.926575, 0.368464, -0.002831, 0.415536, -0.365108, -0.833082, -1.2e-05, 0.0, 0.0, 0.0, 1.0],
                [0.792482, 0.104737, 0.600834, 0.124994, -0.193017, -0.891436, 0.409979, -0.002831, 0.578546, -0.440872, -0.686233, -1.2e-05, 0.0, 0.0, 0.0, 1.0],
                [0.678012, 0.173583, 0.714261, 0.124994, -0.085827, -0.946372, 0.311465, -0.002831, 0.730022, -0.272479, -0.626755, -1.2e-05, 0.0, 0.0, 0.0, 1.0],
                [0.569584, 0.235082, 0.787598, 0.124994, 0.238273, -0.964303, 0.115509, -0.002831, 0.786638, 0.121871, -0.605266, -1.2e-05, 0.0, 0.0, 0.0, 1.0],
                [0.484222, 0.256683, 0.836447, 0.124994, 0.546048, -0.835624, -0.059678, -0.002831, 0.683637, 0.485636, -0.54479, -1.2e-05, 0.0, 0.0, 0.0, 1.0],
                [0.442538, 0.262109, 0.857589, 0.124994, 0.666645, -0.735793, -0.119122, -0.002831, 0.599786, 0.624423, -0.500351, -1.2e-05, 0.0, 0.0, 0.0, 1.0],
                [0.424453, 0.271589, 0.863759, 0.124994, 0.67587, -0.729836, -0.102643, -0.002831, 0.602527, 0.627355, -0.493341, -1.2e-05, 0.0, 0.0, 0.0, 1.0],
                [0.407843, 0.282801, 0.868152, 0.124994, 0.679849, -0.728752, -0.08199, -0.002831, 0.609482, 0.62365, -0.489479, -1.2e-05, 0.0, 0.0, 0.0, 1.0],
                [0.392867, 0.295429, 0.870849, 0.124994, 0.679404, -0.731438, -0.058364, -0.002831, 0.61973, 0.614586, -0.488074, -1.2e-05, 0.0, 0.0, 0.0, 1.0],
                [0.379694, 0.309069, 0.871957, 0.124994, 0.675326, -0.736782, -0.032915, -0.002831, 0.632271, 0.601352, -0.488475, -1.2e-05, 0.0, 0.0, 0.0, 1.0],
                [0.368483, 0.32324, 0.871628, 0.124994, 0.668444, -0.743729, -0.006776, -0.002831, 0.646066, 0.585131, -0.490121, -1.2e-05, 0.0, 0.0, 0.0, 1.0],
                [0.359358, 0.337406, 0.870069, 0.124994, 0.65966, -0.751324, 0.018904, -0.002831, 0.660083, 0.567155, -0.492569, -1.2e-05, 0.0, 0.0, 0.0, 1.0],
                [0.352395, 0.350988, 0.86754, 0.124994, 0.649968, -0.758745, 0.042956, -0.002831, 0.673319, 0.548735, -0.49551, -1.2e-05, 0.0, 0.0, 0.0, 1.0],
                [0.347611, 0.363395, 0.864356, 0.124994, 0.640453, -0.765308, 0.064188, -0.002831, 0.684825, 0.531266, -0.498769, -1.2e-05, 0.0, 0.0, 0.0, 1.0],
                [0.344975, 0.374034, 0.860867, 0.124994, 0.632268, -0.770461, 0.081386, -0.002831, 0.693706, 0.516222, -0.502281, -1.2e-05, 0.0, 0.0, 0.0, 1.0],
                [0.343918, 0.383363, 0.857178, 0.124994, 0.625009, -0.774725, 0.095721, -0.002831, 0.700774, 0.502823, -0.506048, -1.2e-05, 0.0, 0.0, 0.0, 1.0],
                [0.343899, 0.392221, 0.853168, 0.124994, 0.617501, -0.778951, 0.109198, -0.002831, 0.707407, 0.489278, -0.510079, -1.2e-05, 0.0, 0.0, 0.0, 1.0],
                [0.344893, 0.4006, 0.848863, 0.124994, 0.60977, -0.783155, 0.121843, -0.002831, 0.713602, 0.475588, -0.51438, -1.2e-05, 0.0, 0.0, 0.0, 1.0],
                [0.346869, 0.408491, 0.844285, 0.124994, 0.60184, -0.787346, 0.133682, -0.002831, 0.719354, 0.461754, -0.518954, -1.2e-05, 0.0, 0.0, 0.0, 1.0],
                [0.349798, 0.415886, 0.839452, 0.124994, 0.593731, -0.791536, 0.144742, -0.002831, 0.724654, 0.447778, -0.523804, -1.2e-05, 0.0, 0.0, 0.0, 1.0],
                [0.353649, 0.422776, 0.834382, 0.124994, 0.58546, -0.795734, 0.15505, -0.002831, 0.729498, 0.433664, -0.52893, -1.2e-05, 0.0, 0.0, 0.0, 1.0],
                [0.358389, 0.429153, 0.829087, 0.124994, 0.577043, -0.799946, 0.164632, -0.002831, 0.733878, 0.419415, -0.534334, -1.2e-05, 0.0, 0.0, 0.0, 1.0],
                [0.363988, 0.43501, 0.823577, 0.124994, 0.568492, -0.80418, 0.173516, -0.002831, 0.737787, 0.405038, -0.540013, -1.2e-05, 0.0, 0.0, 0.0, 1.0],
                [0.370411, 0.440339, 0.817861, 0.124994, 0.559817, -0.808441, 0.181727, -0.002831, 0.741215, 0.390538, -0.545966, -1.2e-05, 0.0, 0.0, 0.0, 1.0],
                [0.377623, 0.445133, 0.811946, 0.124994, 0.551028, -0.812732, 0.189291, -0.002831, 0.744156, 0.375923, -0.552189, -1.2e-05, 0.0, 0.0, 0.0, 1.0],
                [0.385591, 0.449385, 0.805837, 0.124994, 0.542131, -0.817057, 0.196235, -0.002831, 0.746601, 0.361202, -0.558677, -1.2e-05, 0.0, 0.0, 0.0, 1.0],
                [0.394278, 0.453088, 0.799535, 0.124994, 0.533133, -0.821417, 0.202584, -0.002831, 0.74854, 0.346384, -0.565424, -1.2e-05, 0.0, 0.0, 0.0, 1.0],
                [0.403648, 0.456236, 0.793042, 0.124994, 0.524038, -0.825812, 0.208362, -0.002831, 0.749967, 0.331479, -0.572424, -1.2e-05, 0.0, 0.0, 0.0, 1.0],
                [0.413664, 0.458824, 0.786359, 0.124994, 0.51485, -0.830243, 0.213594, -0.002831, 0.750873, 0.3165, -0.579669, -1.2e-05, 0.0, 0.0, 0.0, 1.0],
                [0.424289, 0.460847, 0.779486, 0.124994, 0.505571, -0.834708, 0.218306, -0.002831, 0.75125, 0.30146, -0.58715, -1.2e-05, 0.0, 0.0, 0.0, 1.0],
                [0.435483, 0.4623, 0.77242, 0.124994, 0.496202, -0.839205, 0.222519, -0.002831, 0.751091, 0.286373, -0.594855, -1.2e-05, 0.0, 0.0, 0.0, 1.0],
                [0.447208, 0.46318, 0.765159, 0.124994, 0.486746, -0.843731, 0.226259, -0.002831, 0.750388, 0.271253, -0.602776, -1.2e-05, 0.0, 0.0, 0.0, 1.0],
                [0.459423, 0.463484, 0.757702, 0.124994, 0.477203, -0.848282, 0.229547, -0.002831, 0.749137, 0.256118, -0.610898, -1.2e-05, 0.0, 0.0, 0.0, 1.0],
                [0.472089, 0.463211, 0.750045, 0.124994, 0.467574, -0.852853, 0.232407, -0.002831, 0.747332, 0.240984, -0.61921, -1.2e-05, 0.0, 0.0, 0.0, 1.0],
                [0.485164, 0.46236, 0.742184, 0.124994, 0.457859, -0.857439, 0.234861, -0.002831, 0.74497, 0.225869, -0.627697, -1.2e-05, 0.0, 0.0, 0.0, 1.0],
                [0.498608, 0.460933, 0.734119, 0.124994, 0.448059, -0.862035, 0.236931, -0.002831, 0.742046, 0.210792, -0.636344, -1.2e-05, 0.0, 0.0, 0.0, 1.0],
                [0.512378, 0.45893, 0.725845, 0.124994, 0.438174, -0.866633, 0.238638, -0.002831, 0.738561, 0.195773, -0.645136, -1.2e-05, 0.0, 0.0, 0.0, 1.0],
                [0.526433, 0.456356, 0.717362, 0.124994, 0.428205, -0.871226, 0.240004, -0.002831, 0.734513, 0.180831, -0.654057, -1.2e-05, 0.0, 0.0, 0.0, 1.0],
                [0.540729, 0.453214, 0.708667, 0.124994, 0.418153, -0.875808, 0.241049, -0.002831, 0.729904, 0.165989, -0.66309, -1.2e-05, 0.0, 0.0, 0.0, 1.0],
                [0.555225, 0.449513, 0.699759, 0.124994, 0.40802, -0.880371, 0.241793, -0.002831, 0.724738, 0.151266, -0.672216, -1.2e-05, 0.0, 0.0, 0.0, 1.0],
                [0.569878, 0.44526, 0.690639, 0.124994, 0.397808, -0.884905, 0.242258, -0.002831, 0.719019, 0.136684, -0.681417, -1.2e-05, 0.0, 0.0, 0.0, 1.0],
                [0.584646, 0.440464, 0.681307, 0.124994, 0.387519, -0.889403, 0.242461, -0.002831, 0.712753, 0.122265, -0.690676, -1.2e-05, 0.0, 0.0, 0.0, 1.0],
                [0.599488, 0.435137, 0.671766, 0.124994, 0.377157, -0.893857, 0.242423, -0.002831, 0.705951, 0.108031, -0.699973, -1.2e-05, 0.0, 0.0, 0.0, 1.0],
                [0.614361, 0.429293, 0.662018, 0.124994, 0.366725, -0.898258, 0.242161, -0.002831, 0.698622, 0.094004, -0.709289, -1.2e-05, 0.0, 0.0, 0.0, 1.0],
                [0.629226, 0.422945, 0.652067, 0.124994, 0.356229, -0.902596, 0.241696, -0.002831, 0.690779, 0.080204, -0.718604, -1.2e-05, 0.0, 0.0, 0.0, 1.0],
                [0.644042, 0.416112, 0.641919, 0.124994, 0.345674, -0.906865, 0.241043, -0.002831, 0.682436, 0.066653, -0.7279, -1.2e-05, 0.0, 0.0, 0.0, 1.0],
                [0.65877, 0.408811, 0.631581, 0.124994, 0.335066, -0.911055, 0.240221, -0.002831, 0.673611, 0.053371, -0.737157, -1.2e-05, 0.0, 0.0, 0.0, 1.0],
                [0.673374, 0.401063, 0.62106, 0.124994, 0.324413, -0.915158, 0.239246, -0.002831, 0.664322, 0.040377, -0.746356, -1.2e-05, 0.0, 0.0, 0.0, 1.0],
                [0.687816, 0.392889, 0.610366, 0.124994, 0.313721, -0.919166, 0.238135, -0.002831, 0.654589, 0.027691, -0.755478, -1.2e-05, 0.0, 0.0, 0.0, 1.0],
                [0.702062, 0.384314, 0.599509, 0.124994, 0.303001, -0.923073, 0.236903, -0.002831, 0.644436, 0.015331, -0.764504, -1.2e-05, 0.0, 0.0, 0.0, 1.0],
                [0.716079, 0.375361, 0.588502, 0.124994, 0.292261, -0.92687, 0.235565, -0.002831, 0.633888, 0.003313, -0.773418, -1.2e-05, 0.0, 0.0, 0.0, 1.0],
                [0.729836, 0.366058, 0.577357, 0.124994, 0.281512, -0.930552, 0.234136, -0.002831, 0.622969, -0.008348, -0.782202, -1.2e-05, 0.0, 0.0, 0.0, 1.0],
                [0.743302, 0.356432, 0.56609, 0.124994, 0.270765, -0.934113, 0.232629, -0.002831, 0.611709, -0.019636, -0.790839, -1.2e-05, 0.0, 0.0, 0.0, 1.0],
                [0.756452, 0.346512, 0.554716, 0.124994, 0.260032, -0.937546, 0.231057, -0.002831, 0.600136, -0.03054, -0.799314, -1.2e-05, 0.0, 0.0, 0.0, 1.0],
                [0.769259, 0.336328, 0.543252, 0.124994, 0.249324, -0.940848, 0.229433, -0.002831, 0.588283, -0.041047, -0.807613, -1.2e-05, 0.0, 0.0, 0.0, 1.0],
                [0.781703, 0.325911, 0.531716, 0.124994, 0.238656, -0.944013, 0.227768, -0.002831, 0.57618, -0.05115, -0.815721, -1.2e-05, 0.0, 0.0, 0.0, 1.0],
                [0.793761, 0.315293, 0.520128, 0.124994, 0.22804, -0.94704, 0.226073, -0.002831, 0.563862, -0.060838, -0.823625, -1.2e-05, 0.0, 0.0, 0.0, 1.0],
                [0.805417, 0.304506, 0.508506, 0.124994, 0.217491, -0.949925, 0.224359, -0.002831, 0.551362, -0.070107, -0.831315, -1.2e-05, 0.0, 0.0, 0.0, 1.0],
                [0.816655, 0.293583, 0.496873, 0.124994, 0.207022, -0.952665, 0.222635, -0.002831, 0.538716, -0.078952, -0.83878, -1.2e-05, 0.0, 0.0, 0.0, 1.0],
                [0.827463, 0.282556, 0.485249, 0.124994, 0.19665, -0.955261, 0.220909, -0.002831, 0.525959, -0.08737, -0.84601, -1.2e-05, 0.0, 0.0, 0.0, 1.0],
                [0.83783, 0.27146, 0.473656, 0.124994, 0.186387, -0.957712, 0.21919, -0.002831, 0.513128, -0.09536, -0.852999, -1.2e-05, 0.0, 0.0, 0.0, 1.0],
                [0.847748, 0.260328, 0.462117, 0.124994, 0.176251, -0.960017, 0.217484, -0.002831, 0.500258, -0.102923, -0.859738, -1.2e-05, 0.0, 0.0, 0.0, 1.0],
                [0.857212, 0.249192, 0.450656, 0.124994, 0.166256, -0.962177, 0.215799, -0.002831, 0.487387, -0.110061, -0.866222, -1.2e-05, 0.0, 0.0, 0.0, 1.0],
                [0.866218, 0.238086, 0.439295, 0.124994, 0.156418, -0.964196, 0.21414, -0.002831, 0.474551, -0.116778, -0.872447, -1.2e-05, 0.0, 0.0, 0.0, 1.0],
                [0.874767, 0.227043, 0.428058, 0.124994, 0.146752, -0.966074, 0.212512, -0.002831, 0.461786, -0.12308, -0.878411, -1.2e-05, 0.0, 0.0, 0.0, 1.0],
                [0.882859, 0.216095, 0.416969, 0.124994, 0.137273, -0.967814, 0.210921, -0.002831, 0.449128, -0.128974, -0.88411, -1.2e-05, 0.0, 0.0, 0.0, 1.0],
                [0.890497, 0.205272, 0.406051, 0.124994, 0.127998, -0.969421, 0.209369, -0.002831, 0.436613, -0.134468, -0.889544, -1.2e-05, 0.0, 0.0, 0.0, 1.0],
                [0.897687, 0.194607, 0.395329, 0.124994, 0.118941, -0.970898, 0.20786, -0.002831, 0.424275, -0.139573, -0.894712, -1.2e-05, 0.0, 0.0, 0.0, 1.0],
                [0.904437, 0.184129, 0.384825, 0.124994, 0.110117, -0.97225, 0.206398, -0.002831, 0.412151, -0.144298, -0.899617, -1.2e-05, 0.0, 0.0, 0.0, 1.0],
                [0.910753, 0.173868, 0.374563, 0.124994, 0.101541, -0.973482, 0.204984, -0.002831, 0.400271, -0.148656, -0.904259, -1.2e-05, 0.0, 0.0, 0.0, 1.0],
                [0.916648, 0.163852, 0.364567, 0.124994, 0.093228, -0.974599, 0.203621, -0.002831, 0.388671, -0.152661, -0.908642, -1.2e-05, 0.0, 0.0, 0.0, 1.0],
                [0.922131, 0.154109, 0.354858, 0.124994, 0.085193, -0.975607, 0.20231, -0.002831, 0.377381, -0.156325, -0.912769, -1.2e-05, 0.0, 0.0, 0.0, 1.0],
                [0.927215, 0.144665, 0.345461, 0.124994, 0.077449, -0.976512, 0.201053, -0.002831, 0.366432, -0.159663, -0.916644, -1.2e-05, 0.0, 0.0, 0.0, 1.0],
                [0.931914, 0.135546, 0.336396, 0.124994, 0.07001, -0.97732, 0.19985, -0.002831, 0.355856, -0.162692, -0.920271, -1.2e-05, 0.0, 0.0, 0.0, 1.0],
                [0.936242, 0.126778, 0.327686, 0.124994, 0.062891, -0.978038, 0.198703, -0.002831, 0.345681, -0.165425, -0.923656, -1.2e-05, 0.0, 0.0, 0.0, 1.0],
                [0.940212, 0.118383, 0.319353, 0.124994, 0.056105, -0.978671, 0.197612, -0.002831, 0.335936, -0.16788, -0.926803, -1.2e-05, 0.0, 0.0, 0.0, 1.0],
                [0.94384, 0.110386, 0.311416, 0.124994, 0.049665, -0.979227, 0.196578, -0.002831, 0.326647, -0.170072, -0.929719, -1.2e-05, 0.0, 0.0, 0.0, 1.0],
                [0.947141, 0.102808, 0.303898, 0.124994, 0.043584, -0.979712, 0.195602, -0.002831, 0.317842, -0.172017, -0.932409, -1.2e-05, 0.0, 0.0, 0.0, 1.0],
                [0.950129, 0.095672, 0.296817, 0.124994, 0.037875, -0.980132, 0.194684, -0.002831, 0.309547, -0.173733, -0.934879, -1.2e-05, 0.0, 0.0, 0.0, 1.0],
                [0.95282, 0.088997, 0.290195, 0.124994, 0.03255, -0.980494, 0.193825, -0.002831, 0.301785, -0.175234, -0.937134, -1.2e-05, 0.0, 0.0, 0.0, 1.0],
                [0.955226, 0.082804, 0.284051, 0.124994, 0.027623, -0.980803, 0.193026, -0.002831, 0.294582, -0.176536, -0.939179, -1.2e-05, 0.0, 0.0, 0.0, 1.0],
                [0.957363, 0.077114, 0.278404, 0.124994, 0.023105, -0.981064, 0.192288, -0.002831, 0.287961, -0.177656, -0.941019, -1.2e-05, 0.0, 0.0, 0.0, 1.0],
                [0.959242, 0.071944, 0.273274, 0.124994, 0.01901, -0.981284, 0.191612, -0.002831, 0.281945, -0.178607, -0.942659, -1.2e-05, 0.0, 0.0, 0.0, 1.0],
                [0.960875, 0.067314, 0.268678, 0.124994, 0.01535, -0.981468, 0.191002, -0.002831, 0.276557, -0.179405, -0.944103, -1.2e-05, 0.0, 0.0, 0.0, 1.0],
                [0.962272, 0.063243, 0.264636, 0.124994, 0.012136, -0.981618, 0.190459, -0.002831, 0.271817, -0.180061, -0.945354, -1.2e-05, 0.0, 0.0, 0.0, 1.0],
                [0.963442, 0.059748, 0.261167, 0.124994, 0.009382, -0.98174, 0.189986, -0.002831, 0.267749, -0.18059, -0.946413, -1.2e-05, 0.0, 0.0, 0.0, 1.0],
                [0.964394, 0.056847, 0.258288, 0.124994, 0.0071, -0.981836, 0.189587, -0.002831, 0.264374, -0.181002, -0.947283, -1.2e-05, 0.0, 0.0, 0.0, 1.0],
                [0.965131, 0.05456, 0.256017, 0.124994, 0.005302, -0.981909, 0.189266, -0.002831, 0.261712, -0.181309, -0.947963, -1.2e-05, 0.0, 0.0, 0.0, 1.0],
                [0.965658, 0.052903, 0.254373, 0.124994, 0.004003, -0.981961, 0.189029, -0.002831, 0.259785, -0.181519, -0.948453, -1.2e-05, 0.0, 0.0, 0.0, 1.0],
                [0.965975, 0.051896, 0.253374, 0.124994, 0.003213, -0.981993, 0.188881, -0.002831, 0.258613, -0.18164, -0.94875, -1.2e-05, 0.0, 0.0, 0.0, 1.0],
                [0.966082, 0.051556, 0.253036, 0.124994, 0.002947, -0.982003, 0.18883, -0.002831, 0.258218, -0.18168, -0.94885, -1.2e-05, 0.0, 0.0, 0.0, 1.0]
            ]
        },
        {
            "name": "Leg_R",
            "time": [0.0, 0.0167, 0.0333, 0.05, 0.0667, 0.0833, 0.1, 0.1167, 0.1333, 0.15, 0.1667, 0.1833, 0.2, 0.2167, 0.2333, 0.25, 0.2667, 0.2833, 0.3, 0.3167, 0.3333, 0.35, 0.3667, 0.3833, 0.4, 0.4167, 0.4333, 0.45, 0.4667, 0.4833, 0.5, 0.5167, 0.5333, 0.55, 0.5667, 0.5833, 0.6, 0.6167, 0.6333, 0.65, 0.6667, 0.6833, 0.7, 0.7167, 0.7333, 0.75, 0.7667, 0.7833, 0.8, 0.8167, 0.8333, 0.85, 0.8667, 0.8833, 0.9, 0.9167, 0.9333, 0.95, 0.9667, 0.9833, 1.0, 1.0167, 1.0333, 1.05, 1.0667, 1.0833, 1.1, 1.1167, 1.1333, 1.15, 1.1667, 1.1833, 1.2, 1.2167, 1.2333, 1.25, 1.2667, 1.2833, 1.3, 1.3167, 1.3333, 1.35, 1.3667, 1.3833, 1.4, 1.4167, 1.4333, 1.45, 1.4667, 1.4833, 1.5, 1.5167, 1.5333, 1.55, 1.5667, 1.5833, 1.6, 1.6167, 1.6333, 1.65, 1.6667, 1.6833, 1.7, 1.7167, 1.7333, 1.75, 1.7667, 1.7833, 1.8, 1.8167, 1.8333, 1.85, 1.8667, 1.8833, 1.9, 1.9167, 1.9333, 1.95, 1.9667, 1.9833, 2.0, 2.0167],
            "transform": [
                [1.0, 0.0, 1e-06, 0.0, -0.0, 0.950078, 0.312013, 0.37472, -1e-06, -0.312013, 0.950077, -0.0, 0.0, 0.0, 0.0, 1.0],
                [1.0, 0.0, 1e-06, -0.0, -0.0, 0.949364, 0.314181, 0.37472, -1e-06, -0.314181, 0.949363, -0.0, 0.0, 0.0, 0.0, 1.0],
                [1.0, 0.0, 1e-06, 0.0, -0.0, 0.947382, 0.320108, 0.37472, -1e-06, -0.320108, 0.94738, 0.0, 0.0, 0.0, 0.0, 1.0],
                [1.0, 0.0, 1e-06, -0.0, -0.0, 0.944372, 0.32888, 0.37472, -1e-06, -0.328881, 0.944371, -0.0, 0.0, 0.0, 0.0, 1.0],
                [1.0, 0.0, 1e-06, -0.0, -0.0, 0.940578, 0.339578, 0.37472, -1e-06, -0.339578, 0.940577, -0.0, 0.0, 0.0, 0.0, 1.0],
                [1.0, 0.0, 1e-06, -0.0, -0.0, 0.936252, 0.35133, 0.37472, -1e-06, -0.351331, 0.936251, 0.0, 0.0, 0.0, 0.0, 1.0],
                [1.0, 0.0, 1e-06, -0.0, -0.0, 0.931653, 0.36335, 0.37472, -1e-06, -0.363351, 0.931652, -0.0, 0.0, 0.0, 0.0, 1.0],
                [1.0, 0.0, 1e-06, 0.0, -0.0, 0.927047, 0.374947, 0.37472, -1e-06, -0.374947, 0.927046, 0.0, 0.0, 0.0, 0.0, 1.0],
