{
    "animation": [
        {
            "name": "Root",
            "time": [0.0, 0.0167, 0.0333, 0.05, 0.0667, 0.0833, 0.1, 0.1167, 0.1333, 0.15, 0.1667, 0.1833, 0.2, 0.2167, 0.2333, 0.25, 0.2667, 0.2833, 0.3, 0.3167, 0.3333, 0.35, 0.3667, 0.3833, 0.4, 0.4167, 0.4333, 0.45, 0.4667, 0.4833, 0.5, 0.5167, 0.5333, 0.55, 0.5667, 0.5833, 0.6, 0.6167, 0.6333, 0.65, 0.6667, 0.6833, 0.7, 0.7167, 0.7333, 0.75, 0.7667, 0.7833, 0.8, 0.8167, 0.8333, 0.85, 0.8667, 0.8833, 0.9, 0.9167, 0.9333, 0.95, 0.9667, 0.9833, 1.0, 1.0167, 1.0333, 1.05, 1.0667, 1.0833, 1.1, 1.1167, 1.1333, 1.15, 1.1667, 1.1833, 1.2, 1.2167, 1.2333, 1.25, 1.2667, 1.2833, 1.3, 1.3167, 1.3333, 1.35, 1.3667, 1.3833, 1.4],
            "transform": [
                [0.813249, 0.0, -0.581916, -5e-06, -0.581916, 0.0, -0.813249, 0.000946, 0.0, 1.0, 0.0, 0.689013, 0.0, 0.0, 0.0, 1.0],
                [0.813249, 0.0, -0.581916, -5e-06, -0.581916, 0.0, -0.813249, 0.021751, 0.0, 1.0, 0.0, 0.689013, 0.0, 0.0, 0.0, 1.0],
                [0.813249, 0.0, -0.581916, -5e-06, -0.581916, 0.0, -0.813249, 0.071347, 0.0, 1.0, 0.0, 0.689013, 0.0, 0.0, 0.0, 1.0],
                [0.813249, 0.0, -0.581916, -5e-06, -0.581916, 0.0, -0.813249, 0.130514, 0.0, 1.0, 0.0, 0.689013, 0.0, 0.0, 0.0, 1.0],
                [0.813249, 0.0, -0.581916, -5e-06, -0.581916, 0.0, -0.813249, 0.180026, 0.0, 1.0, 0.0, 0.689013, 0.0, 0.0, 0.0, 1.0],
                [0.813249, 0.0, -0.581916, -0.000165, -0.581916, 0.0, -0.813249, 0.215203, 0.0, 1.0, 0.0, 0.688628, 0.0, 0.0, 0.0, 1.0],
                [0.813249, 0.0, -0.581916, -0.001284, -0.581916, 0.0, -0.813249, 0.244532, 0.0, 1.0, 0.0, 0.687564, 0.0, 0.0, 0.0, 1.0],
                [0.813249, 0.0, -0.581916, -0.004322, -0.581916, 0.0, -0.813249, 0.268544, 0.0, 1.0, 0.0, 0.685955, 0.0, 0.0, 0.0, 1.0],
                [0.813249, 0.0, -0.581916, -0.01024, -0.581916, 0.0, -0.813249, 0.287772, 0.0, 1.0, 0.0, 0.683939, 0.0, 0.0, 0.0, 1.0],
                [0.813249, 0.0, -0.581916, -0.019995, -0.581916, 0.0, -0.813249, 0.302746, 0.0, 1.0, 0.0, 0.681651, 0.0, 0.0, 0.0, 1.0],
                [0.813249, 0.0, -0.581916, -0.034548, -0.581916, 0.0, -0.813249, 0.314, 0.0, 1.0, 0.0, 0.679227, 0.0, 0.0, 0.0, 1.0],
                [0.813249, 0.0, -0.581916, -0.054858, -0.581916, 0.0, -0.813249, 0.322063, 0.0, 1.0, 0.0, 0.676803, 0.0, 0.0, 0.0, 1.0],
                [0.813249, 0.0, -0.581916, -0.081885, -0.581916, 0.0, -0.813249, 0.327468, 0.0, 1.0, 0.0, 0.674515, 0.0, 0.0, 0.0, 1.0],
                [0.813249, 0.0, -0.581916, -0.123, -0.581916, 0.0, -0.813249, 0.330746, 0.0, 1.0, 0.0, 0.672499, 0.0, 0.0, 0.0, 1.0],
                [0.813249, 0.0, -0.581916, -0.173536, -0.581916, 0.0, -0.813249, 0.33243, 0.0, 1.0, 0.0, 0.67089, 0.0, 0.0, 0.0, 1.0],
                [0.813249, 0.0, -0.581916, -0.216397, -0.581916, 0.0, -0.813249, 0.33305, 0.0, 1.0, 0.0, 0.669825, 0.0, 0.0, 0.0, 1.0],
                [0.813249, 0.0, -0.581916, -0.234483, -0.581916, 0.0, -0.813249, 0.333139, 0.0, 1.0, 0.0, 0.66944, 0.0, 0.0, 0.0, 1.0],
                [0.813249, 0.0, -0.581916, -0.234333, -0.581916, 0.0, -0.813249, 0.333139, 0.0, 1.0, 0.0, 0.669453, 0.0, 0.0, 0.0, 1.0],
                [0.813249, 0.0, -0.581916, -0.233887, -0.581916, 0.0, -0.813249, 0.333139, 0.0, 1.0, 0.0, 0.66949, 0.0, 0.0, 0.0, 1.0],
                [0.813249, 0.0, -0.581916, -0.233154, -0.581916, 0.0, -0.813249, 0.333139, 0.0, 1.0, 0.0, 0.669551, 0.0, 0.0, 0.0, 1.0],
                [0.813249, 0.0, -0.581916, -0.232145, -0.581916, 0.0, -0.813249, 0.333139, 0.0, 1.0, 0.0, 0.669636, 0.0, 0.0, 0.0, 1.0],
                [0.813249, 0.0, -0.581916, -0.230867, -0.581916, 0.0, -0.813249, 0.333139, 0.0, 1.0, 0.0, 0.669742, 0.0, 0.0, 0.0, 1.0],
                [0.813249, 0.0, -0.581916, -0.229329, -0.581916, 0.0, -0.813249, 0.333139, 0.0, 1.0, 0.0, 0.669871, 0.0, 0.0, 0.0, 1.0],
                [0.813249, 0.0, -0.581916, -0.227541, -0.581916, 0.0, -0.813249, 0.333139, 0.0, 1.0, 0.0, 0.67002, 0.0, 0.0, 0.0, 1.0],
                [0.813249, 0.0, -0.581916, -0.225511, -0.581916, 0.0, -0.813249, 0.333139, 0.0, 1.0, 0.0, 0.670189, 0.0, 0.0, 0.0, 1.0],
                [0.813249, 0.0, -0.581916, -0.223248, -0.581916, 0.0, -0.813249, 0.333139, 0.0, 1.0, 0.0, 0.670378, 0.0, 0.0, 0.0, 1.0],
                [0.813249, 0.0, -0.581916, -0.220762, -0.581916, 0.0, -0.813249, 0.333139, 0.0, 1.0, 0.0, 0.670586, 0.0, 0.0, 0.0, 1.0],
                [0.813249, 0.0, -0.581916, -0.218061, -0.581916, 0.0, -0.813249, 0.333139, 0.0, 1.0, 0.0, 0.670811, 0.0, 0.0, 0.0, 1.0],
                [0.813249, 0.0, -0.581916, -0.215154, -0.581916, 0.0, -0.813249, 0.333139, 0.0, 1.0, 0.0, 0.671054, 0.0, 0.0, 0.0, 1.0],
                [0.813249, 0.0, -0.581916, -0.21205, -0.581916, 0.0, -0.813249, 0.333139, 0.0, 1.0, 0.0, 0.671313, 0.0, 0.0, 0.0, 1.0],
                [0.813249, 0.0, -0.581916, -0.208759, -0.581916, 0.0, -0.813249, 0.333139, 0.0, 1.0, 0.0, 0.671588, 0.0, 0.0, 0.0, 1.0],
                [0.813249, 0.0, -0.581916, -0.205288, -0.581916, 0.0, -0.813249, 0.333139, 0.0, 1.0, 0.0, 0.671877, 0.0, 0.0, 0.0, 1.0],
                [0.813249, 0.0, -0.581916, -0.201648, -0.581916, 0.0, -0.813249, 0.333139, 0.0, 1.0, 0.0, 0.672181, 0.0, 0.0, 0.0, 1.0],
                [0.813249, 0.0, -0.581916, -0.197846, -0.581916, 0.0, -0.813249, 0.333139, 0.0, 1.0, 0.0, 0.672499, 0.0, 0.0, 0.0, 1.0],
                [0.813249, 0.0, -0.581916, -0.193892, -0.581916, 0.0, -0.813249, 0.333139, 0.0, 1.0, 0.0, 0.672829, 0.0, 0.0, 0.0, 1.0],
                [0.813249, 0.0, -0.581916, -0.189795, -0.581916, 0.0, -0.813249, 0.333139, 0.0, 1.0, 0.0, 0.673171, 0.0, 0.0, 0.0, 1.0],
                [0.813249, 0.0, -0.581916, -0.185564, -0.581916, 0.0, -0.813249, 0.333139, 0.0, 1.0, 0.0, 0.673524, 0.0, 0.0, 0.0, 1.0],
                [0.813249, 0.0, -0.581916, -0.181207, -0.581916, 0.0, -0.813249, 0.333139, 0.0, 1.0, 0.0, 0.673887, 0.0, 0.0, 0.0, 1.0],
                [0.813249, 0.0, -0.581916, -0.176735, -0.581916, 0.0, -0.813249, 0.333139, 0.0, 1.0, 0.0, 0.674261, 0.0, 0.0, 0.0, 1.0],
                [0.813249, 0.0, -0.581916, -0.172154, -0.581916, 0.0, -0.813249, 0.333139, 0.0, 1.0, 0.0, 0.674643, 0.0, 0.0, 0.0, 1.0],
                [0.813249, 0.0, -0.581916, -0.167476, -0.581916, 0.0, -0.813249, 0.333139, 0.0, 1.0, 0.0, 0.675034, 0.0, 0.0, 0.0, 1.0],
                [0.813249, 0.0, -0.581916, -0.162708, -0.581916, 0.0, -0.813249, 0.333139, 0.0, 1.0, 0.0, 0.675432, 0.0, 0.0, 0.0, 1.0],
                [0.813249, 0.0, -0.581916, -0.157859, -0.581916, 0.0, -0.813249, 0.333139, 0.0, 1.0, 0.0, 0.675837, 0.0, 0.0, 0.0, 1.0],
                [0.813249, 0.0, -0.581916, -0.152939, -0.581916, 0.0, -0.813249, 0.333139, 0.0, 1.0, 0.0, 0.676247, 0.0, 0.0, 0.0, 1.0],
                [0.813249, 0.0, -0.581916, -0.147956, -0.581916, 0.0, -0.813249, 0.333139, 0.0, 1.0, 0.0, 0.676663, 0.0, 0.0, 0.0, 1.0],
                [0.813249, 0.0, -0.581916, -0.142919, -0.581916, 0.0, -0.813249, 0.333139, 0.0, 1.0, 0.0, 0.677084, 0.0, 0.0, 0.0, 1.0],
                [0.813249, 0.0, -0.581916, -0.137838, -0.581916, 0.0, -0.813249, 0.333139, 0.0, 1.0, 0.0, 0.677508, 0.0, 0.0, 0.0, 1.0],
                [0.813249, 0.0, -0.581916, -0.132721, -0.581916, 0.0, -0.813249, 0.333139, 0.0, 1.0, 0.0, 0.677935, 0.0, 0.0, 0.0, 1.0],
                [0.813249, 0.0, -0.581916, -0.127577, -0.581916, 0.0, -0.813249, 0.333139, 0.0, 1.0, 0.0, 0.678364, 0.0, 0.0, 0.0, 1.0],
                [0.813249, 0.0, -0.581916, -0.122415, -0.581916, 0.0, -0.813249, 0.333139, 0.0, 1.0, 0.0, 0.678795, 0.0, 0.0, 0.0, 1.0],
                [0.813249, 0.0, -0.581916, -0.117244, -0.581916, 0.0, -0.813249, 0.333139, 0.0, 1.0, 0.0, 0.679227, 0.0, 0.0, 0.0, 1.0],
                [0.813249, 0.0, -0.581916, -0.112073, -0.581916, 0.0, -0.813249, 0.333139, 0.0, 1.0, 0.0, 0.679659, 0.0, 0.0, 0.0, 1.0],
                [0.813249, 0.0, -0.581916, -0.106911, -0.581916, 0.0, -0.813249, 0.333139, 0.0, 1.0, 0.0, 0.680089, 0.0, 0.0, 0.0, 1.0],
                [0.813249, 0.0, -0.581916, -0.101767, -0.581916, 0.0, -0.813249, 0.333139, 0.0, 1.0, 0.0, 0.680519, 0.0, 0.0, 0.0, 1.0],
                [0.813249, 0.0, -0.581916, -0.09665, -0.581916, 0.0, -0.813249, 0.333139, 0.0, 1.0, 0.0, 0.680946, 0.0, 0.0, 0.0, 1.0],
                [0.813249, 0.0, -0.581916, -0.091569, -0.581916, 0.0, -0.813249, 0.333139, 0.0, 1.0, 0.0, 0.68137, 0.0, 0.0, 0.0, 1.0],
                [0.813249, 0.0, -0.581916, -0.086532, -0.581916, 0.0, -0.813249, 0.333139, 0.0, 1.0, 0.0, 0.681791, 0.0, 0.0, 0.0, 1.0],
                [0.813249, 0.0, -0.581916, -0.081549, -0.581916, 0.0, -0.813249, 0.333139, 0.0, 1.0, 0.0, 0.682207, 0.0, 0.0, 0.0, 1.0],
                [0.813249, 0.0, -0.581916, -0.076629, -0.581916, 0.0, -0.813249, 0.333139, 0.0, 1.0, 0.0, 0.682617, 0.0, 0.0, 0.0, 1.0],
                [0.813249, 0.0, -0.581916, -0.07178, -0.581916, 0.0, -0.813249, 0.333139, 0.0, 1.0, 0.0, 0.683022, 0.0, 0.0, 0.0, 1.0],
                [0.813249, 0.0, -0.581916, -0.067012, -0.581916, 0.0, -0.813249, 0.333139, 0.0, 1.0, 0.0, 0.68342, 0.0, 0.0, 0.0, 1.0],
                [0.813249, 0.0, -0.581916, -0.062333, -0.581916, 0.0, -0.813249, 0.333139, 0.0, 1.0, 0.0, 0.683811, 0.0, 0.0, 0.0, 1.0],
                [0.813249, 0.0, -0.581916, -0.057753, -0.581916, 0.0, -0.813249, 0.333139, 0.0, 1.0, 0.0, 0.684193, 0.0, 0.0, 0.0, 1.0],
                [0.813249, 0.0, -0.581916, -0.05328, -0.581916, 0.0, -0.813249, 0.333139, 0.0, 1.0, 0.0, 0.684566, 0.0, 0.0, 0.0, 1.0],
                [0.813249, 0.0, -0.581916, -0.048924, -0.581916, 0.0, -0.813249, 0.333139, 0.0, 1.0, 0.0, 0.68493, 0.0, 0.0, 0.0, 1.0],
                [0.813249, 0.0, -0.581916, -0.044693, -0.581916, 0.0, -0.813249, 0.333139, 0.0, 1.0, 0.0, 0.685283, 0.0, 0.0, 0.0, 1.0],
                [0.813249, 0.0, -0.581916, -0.040596, -0.581916, 0.0, -0.813249, 0.333139, 0.0, 1.0, 0.0, 0.685625, 0.0, 0.0, 0.0, 1.0],
                [0.813249, 0.0, -0.581916, -0.036642, -0.581916, 0.0, -0.813249, 0.333139, 0.0, 1.0, 0.0, 0.685955, 0.0, 0.0, 0.0, 1.0],
                [0.813249, 0.0, -0.581916, -0.03284, -0.581916, 0.0, -0.813249, 0.333139, 0.0, 1.0, 0.0, 0.686273, 0.0, 0.0, 0.0, 1.0],
                [0.813249, 0.0, -0.581916, -0.0292, -0.581916, 0.0, -0.813249, 0.333139, 0.0, 1.0, 0.0, 0.686576, 0.0, 0.0, 0.0, 1.0],
                [0.813249, 0.0, -0.581916, -0.025729, -0.581916, 0.0, -0.813249, 0.333139, 0.0, 1.0, 0.0, 0.686866, 0.0, 0.0, 0.0, 1.0],
                [0.813249, 0.0, -0.581916, -0.022437, -0.581916, 0.0, -0.813249, 0.333139, 0.0, 1.0, 0.0, 0.687141, 0.0, 0.0, 0.0, 1.0],
                [0.813249, 0.0, -0.581916, -0.019334, -0.581916, 0.0, -0.813249, 0.333139, 0.0, 1.0, 0.0, 0.6874, 0.0, 0.0, 0.0, 1.0],
                [0.813249, 0.0, -0.581916, -0.016427, -0.581916, 0.0, -0.813249, 0.333139, 0.0, 1.0, 0.0, 0.687643, 0.0, 0.0, 0.0, 1.0],
                [0.813249, 0.0, -0.581916, -0.013726, -0.581916, 0.0, -0.813249, 0.333139, 0.0, 1.0, 0.0, 0.687868, 0.0, 0.0, 0.0, 1.0],
                [0.813249, 0.0, -0.581916, -0.01124, -0.581916, 0.0, -0.813249, 0.333139, 0.0, 1.0, 0.0, 0.688076, 0.0, 0.0, 0.0, 1.0],
                [0.813249, 0.0, -0.581916, -0.008977, -0.581916, 0.0, -0.813249, 0.333139, 0.0, 1.0, 0.0, 0.688264, 0.0, 0.0, 0.0, 1.0],
                [0.813249, 0.0, -0.581916, -0.006947, -0.581916, 0.0, -0.813249, 0.333139, 0.0, 1.0, 0.0, 0.688434, 0.0, 0.0, 0.0, 1.0],
                [0.813249, 0.0, -0.581916, -0.005159, -0.581916, 0.0, -0.813249, 0.333139, 0.0, 1.0, 0.0, 0.688583, 0.0, 0.0, 0.0, 1.0],
                [0.813249, 0.0, -0.581916, -0.003621, -0.581916, 0.0, -0.813249, 0.333139, 0.0, 1.0, 0.0, 0.688712, 0.0, 0.0, 0.0, 1.0],
                [0.813249, 0.0, -0.581916, -0.002343, -0.581916, 0.0, -0.813249, 0.333139, 0.0, 1.0, 0.0, 0.688818, 0.0, 0.0, 0.0, 1.0],
                [0.813249, 0.0, -0.581916, -0.001333, -0.581916, 0.0, -0.813249, 0.333139, 0.0, 1.0, 0.0, 0.688903, 0.0, 0.0, 0.0, 1.0],
                [0.813249, 0.0, -0.581916, -0.000601, -0.581916, 0.0, -0.813249, 0.333139, 0.0, 1.0, 0.0, 0.688964, 0.0, 0.0, 0.0, 1.0],
                [0.813249, 0.0, -0.581916, -0.000155, -0.581916, 0.0, -0.813249, 0.333139, 0.0, 1.0, 0.0, 0.689001, 0.0, 0.0, 0.0, 1.0],
                [0.813249, 0.0, -0.581916, -5e-06, -0.581916, 0.0, -0.813249, 0.333139, 0.0, 1.0, 0.0, 0.689013, 0.0, 0.0, 0.0, 1.0]
            ]
        },
        {
            "name": "Thigh_R",
            "time": [0.0, 0.0167, 0.0333, 0.05, 0.0667, 0.0833, 0.1, 0.1167, 0.1333, 0.15, 0.1667, 0.1833, 0.2, 0.2167, 0.2333, 0.25, 0.2667, 0.2833, 0.3, 0.3167, 0.3333, 0.35, 0.3667, 0.3833, 0.4, 0.4167, 0.4333, 0.45, 0.4667, 0.4833, 0.5, 0.5167, 0.5333, 0.55, 0.5667, 0.5833, 0.6, 0.6167, 0.6333, 0.65, 0.6667, 0.6833, 0.7, 0.7167, 0.7333, 0.75, 0.7667, 0.7833, 0.8, 0.8167, 0.8333, 0.85, 0.8667, 0.8833, 0.9, 0.9167, 0.9333, 0.95, 0.9667, 0.9833, 1.0, 1.0167, 1.0333, 1.05, 1.0667, 1.0833, 1.1, 1.1167, 1.1333, 1.15, 1.1667, 1.1833, 1.2, 1.2167, 1.2333, 1.25, 1.2667, 1.2833, 1.3, 1.3167, 1.3333, 1.35, 1.3667, 1.3833, 1.4],
            "transform": [
                [0.966082, 0.051556, 0.253036, 0.124994, 0.002947, -0.982003, 0.18883, -0.002831, 0.258218, -0.18168, -0.94885, -1.2e-05, 0.0, 0.0, 0.0, 1.0],
                [0.966846, 0.064208, 0.247154, 0.124994, 0.024411, -0.986677, 0.160835, -0.002831, 0.254188, -0.149469, -0.955535, -1.2e-05, 0.0, 0.0, 0.0, 1.0],
                [0.967031, 0.097705, 0.235166, 0.124994, 0.076246, -0.99219, 0.098697, -0.002831, 0.242973, -0.077512, -0.966931, -1.2e-05, 0.0, 0.0, 0.0, 1.0],
                [0.96363, 0.144275, 0.224948, 0.124994, 0.139554, -0.989527, 0.036833, -0.002831, 0.227907, -0.004101, -0.973674, -1.2e-05, 0.0, 0.0, 0.0, 1.0],
                [0.95573, 0.194469, 0.22082, 0.124994, 0.196766, -0.980378, 0.011771, -0.002831, 0.218776, 0.0322, -0.975244, -1.2e-05, 0.0, 0.0, 0.0, 1.0],
                [0.944601, 0.237966, 0.226055, 0.124994, 0.238856, -0.970761, 0.023822, -0.002831, 0.225114, 0.031492, -0.973824, -1.2e-05, 0.0, 0.0, 0.0, 1.0],
                [0.931236, 0.271998, 0.242521, 0.124994, 0.268752, -0.962058, 0.047036, -0.002831, 0.246113, 0.021376, -0.969006, -1.2e-05, 0.0, 0.0, 0.0, 1.0],
                [0.915726, 0.298307, 0.269181, 0.124994, 0.287896, -0.95445, 0.078336, -0.002831, 0.280289, 0.005761, -0.959899, -1.2e-05, 0.0, 0.0, 0.0, 1.0],
                [0.897449, 0.318459, 0.305235, 0.124994, 0.297471, -0.947861, 0.11431, -0.002831, 0.325724, -0.011789, -0.945392, -1.2e-05, 0.0, 0.0, 0.0, 1.0],
                [0.875339, 0.333705, 0.349889, 0.124994, 0.29876, -0.942263, 0.151257, -0.002831, 0.380163, -0.027868, -0.9245, -1.2e-05, 0.0, 0.0, 0.0, 1.0],
                [0.848125, 0.34486, 0.402186, 0.124994, 0.293463, -0.937835, 0.185312, -0.002831, 0.441092, -0.039141, -0.896608, -1.2e-05, 0.0, 0.0, 0.0, 1.0],
                [0.814566, 0.352192, 0.460914, 0.124994, 0.283935, -0.934968, 0.212633, -0.002831, 0.505828, -0.042334, -0.861595, -1.2e-05, 0.0, 0.0, 0.0, 1.0],
                [0.773675, 0.355312, 0.524576, 0.124994, 0.273296, -0.934116, 0.229636, -0.002831, 0.571608, -0.034299, -0.81981, -1.2e-05, 0.0, 0.0, 0.0, 1.0],
                [0.728237, 0.338365, 0.595969, 0.124994, 0.265736, -0.940995, 0.209546, -0.002831, 0.631708, 0.005771, -0.775185, -1.2e-05, 0.0, 0.0, 0.0, 1.0],
                [0.685854, 0.295347, 0.665112, 0.124994, 0.264171, -0.95264, 0.150618, -0.002831, 0.678098, 0.072401, -0.731397, -1.2e-05, 0.0, 0.0, 0.0, 1.0],
                [0.655011, 0.246414, 0.714311, 0.124994, 0.265391, -0.960127, 0.087855, -0.002831, 0.707479, 0.132026, -0.694292, -1.2e-05, 0.0, 0.0, 0.0, 1.0],
                [0.644486, 0.217948, 0.732895, 0.124994, 0.261634, -0.963512, 0.056458, -0.002831, 0.71846, 0.155364, -0.677995, -1.2e-05, 0.0, 0.0, 0.0, 1.0],
                [0.646948, 0.208987, 0.733337, 0.124994, 0.252589, -0.966146, 0.052501, -0.002831, 0.719484, 0.151267, -0.677836, -1.2e-05, 0.0, 0.0, 0.0, 1.0],
                [0.64978, 0.200441, 0.733218, 0.124994, 0.243679, -0.968623, 0.048846, -0.002831, 0.720004, 0.14693, -0.678237, -1.2e-05, 0.0, 0.0, 0.0, 1.0],
                [0.652976, 0.192301, 0.732559, 0.124994, 0.234902, -0.970952, 0.045499, -0.002831, 0.72003, 0.142369, -0.679182, -1.2e-05, 0.0, 0.0, 0.0, 1.0],
                [0.656527, 0.184554, 0.731376, 0.124994, 0.226256, -0.97314, 0.04246, -0.002831, 0.719569, 0.137602, -0.680651, -1.2e-05, 0.0, 0.0, 0.0, 1.0],
                [0.660424, 0.177189, 0.729688, 0.124994, 0.217741, -0.975195, 0.039733, -0.002831, 0.718629, 0.132642, -0.682625, -1.2e-05, 0.0, 0.0, 0.0, 1.0],
                [0.664655, 0.170192, 0.727508, 0.124994, 0.209357, -0.977125, 0.037318, -0.002831, 0.717219, 0.127505, -0.685084, -1.2e-05, 0.0, 0.0, 0.0, 1.0],
                [0.669209, 0.163551, 0.724852, 0.124994, 0.201103, -0.978935, 0.035217, -0.002831, 0.715343, 0.122202, -0.688004, -1.2e-05, 0.0, 0.0, 0.0, 1.0],
                [0.674072, 0.157254, 0.721732, 0.124994, 0.19298, -0.980631, 0.033428, -0.002831, 0.713011, 0.116747, -0.691365, -1.2e-05, 0.0, 0.0, 0.0, 1.0],
                [0.679232, 0.151287, 0.718162, 0.124994, 0.184991, -0.982219, 0.031951, -0.002831, 0.710226, 0.111151, -0.695143, -1.2e-05, 0.0, 0.0, 0.0, 1.0],
                [0.684672, 0.145638, 0.714152, 0.124994, 0.177136, -0.983703, 0.030784, -0.002831, 0.706998, 0.105424, -0.699314, -1.2e-05, 0.0, 0.0, 0.0, 1.0],
                [0.690379, 0.140292, 0.709715, 0.124994, 0.169417, -0.985088, 0.029926, -0.002831, 0.703331, 0.099578, -0.703854, -1.2e-05, 0.0, 0.0, 0.0, 1.0],
                [0.696335, 0.135239, 0.704861, 0.124994, 0.161838, -0.986378, 0.029372, -0.002831, 0.699232, 0.09362, -0.708738, -1.2e-05, 0.0, 0.0, 0.0, 1.0],
                [0.702523, 0.130463, 0.6996, 0.124994, 0.154401, -0.987577, 0.029121, -0.002831, 0.694709, 0.087561, -0.713941, -1.2e-05, 0.0, 0.0, 0.0, 1.0],
                [0.708927, 0.125954, 0.693944, 0.124994, 0.147109, -0.988688, 0.029166, -0.002831, 0.689769, 0.081409, -0.719438, -1.2e-05, 0.0, 0.0, 0.0, 1.0],
                [0.715528, 0.121698, 0.687902, 0.124994, 0.139967, -0.989714, 0.029504, -0.002831, 0.684418, 0.075172, -0.725204, -1.2e-05, 0.0, 0.0, 0.0, 1.0],
                [0.722308, 0.117682, 0.681485, 0.124994, 0.132977, -0.990659, 0.03013, -0.002831, 0.678666, 0.068859, -0.731212, -1.2e-05, 0.0, 0.0, 0.0, 1.0],
                [0.729248, 0.113895, 0.674703, 0.124994, 0.126144, -0.991524, 0.031036, -0.002831, 0.672521, 0.062477, -0.737437, -1.2e-05, 0.0, 0.0, 0.0, 1.0],
                [0.73633, 0.110325, 0.667568, 0.124994, 0.119473, -0.992312, 0.032216, -0.002831, 0.665991, 0.056034, -0.743852, -1.2e-05, 0.0, 0.0, 0.0, 1.0],
                [0.743533, 0.10696, 0.660089, 0.124994, 0.112966, -0.993026, 0.033663, -0.002831, 0.659088, 0.049538, -0.750433, -1.2e-05, 0.0, 0.0, 0.0, 1.0],
                [0.750839, 0.103788, 0.652279, 0.124994, 0.106629, -0.993667, 0.035369, -0.002831, 0.651821, 0.042995, -0.757153, -1.2e-05, 0.0, 0.0, 0.0, 1.0],
                [0.758228, 0.100799, 0.64415, 0.124994, 0.100465, -0.994238, 0.037325, -0.002831, 0.644202, 0.036413, -0.763988, -1.2e-05, 0.0, 0.0, 0.0, 1.0],
                [0.765681, 0.097982, 0.635714, 0.124994, 0.094479, -0.99474, 0.039523, -0.002831, 0.636243, 0.0298, -0.770913, -1.2e-05, 0.0, 0.0, 0.0, 1.0],
                [0.773178, 0.095325, 0.626984, 0.124994, 0.088676, -0.995174, 0.041953, -0.002831, 0.627958, 0.023161, -0.777902, -1.2e-05, 0.0, 0.0, 0.0, 1.0],
                [0.7807, 0.09282, 0.617973, 0.124994, 0.083058, -0.995544, 0.044604, -0.002831, 0.619361, 0.016505, -0.784933, -1.2e-05, 0.0, 0.0, 0.0, 1.0],
                [0.788229, 0.090457, 0.608697, 0.124994, 0.077629, -0.99585, 0.047465, -0.002831, 0.610465, 0.009839, -0.791982, -1.2e-05, 0.0, 0.0, 0.0, 1.0],
                [0.795745, 0.088225, 0.599171, 0.124994, 0.072394, -0.996093, 0.050527, -0.002831, 0.601289, 0.00317, -0.799026, -1.2e-05, 0.0, 0.0, 0.0, 1.0],
                [0.80323, 0.086118, 0.58941, 0.124994, 0.067354, -0.996277, 0.053776, -0.002831, 0.591847, -0.003496, -0.806043, -1.2e-05, 0.0, 0.0, 0.0, 1.0],
                [0.810668, 0.084124, 0.579431, 0.124994, 0.062513, -0.996401, 0.057202, -0.002831, 0.582159, -0.01015, -0.813012, -1.2e-05, 0.0, 0.0, 0.0, 1.0],
                [0.81804, 0.082238, 0.569251, 0.124994, 0.057873, -0.996469, 0.060791, -0.002831, 0.572242, -0.016785, -0.819913, -1.2e-05, 0.0, 0.0, 0.0, 1.0],
                [0.82533, 0.080451, 0.558889, 0.124994, 0.053436, -0.996482, 0.064531, -0.002831, 0.562116, -0.023394, -0.826728, -1.2e-05, 0.0, 0.0, 0.0, 1.0],
                [0.832523, 0.078756, 0.548364, 0.124994, 0.049204, -0.996441, 0.068408, -0.002831, 0.551801, -0.02997, -0.833437, -1.2e-05, 0.0, 0.0, 0.0, 1.0],
                [0.839602, 0.077147, 0.537695, 0.124994, 0.045177, -0.996349, 0.07241, -0.002831, 0.541319, -0.036504, -0.840025, -1.2e-05, 0.0, 0.0, 0.0, 1.0],
                [0.846555, 0.075616, 0.526902, 0.124994, 0.041356, -0.996208, 0.076522, -0.002831, 0.530691, -0.04299, -0.846474, -1.2e-05, 0.0, 0.0, 0.0, 1.0],
                [0.853368, 0.074159, 0.516007, 0.124994, 0.03774, -0.996019, 0.080732, -0.002831, 0.51994, -0.04942, -0.852772, -1.2e-05, 0.0, 0.0, 0.0, 1.0],
                [0.860028, 0.07277, 0.505031, 0.124994, 0.034329, -0.995785, 0.085024, -0.002831, 0.50909, -0.055785, -0.858904, -1.2e-05, 0.0, 0.0, 0.0, 1.0],
                [0.866524, 0.071444, 0.493996, 0.124994, 0.031122, -0.995509, 0.089385, -0.002831, 0.498164, -0.06208, -0.864858, -1.2e-05, 0.0, 0.0, 0.0, 1.0],
                [0.872845, 0.070177, 0.482924, 0.124994, 0.028117, -0.995192, 0.093801, -0.002831, 0.487186, -0.068295, -0.870624, -1.2e-05, 0.0, 0.0, 0.0, 1.0],
                [0.878982, 0.068965, 0.47184, 0.124994, 0.025311, -0.994837, 0.098257, -0.002831, 0.476181, -0.074424, -0.876192, -1.2e-05, 0.0, 0.0, 0.0, 1.0],
                [0.884927, 0.067804, 0.460766, 0.124994, 0.022701, -0.994447, 0.10274, -0.002831, 0.465175, -0.080458, -0.881555, -1.2e-05, 0.0, 0.0, 0.0, 1.0],
                [0.890672, 0.066691, 0.449727, 0.124994, 0.020284, -0.994024, 0.107236, -0.002831, 0.454192, -0.08639, -0.886705, -1.2e-05, 0.0, 0.0, 0.0, 1.0],
                [0.896211, 0.065624, 0.438747, 0.124994, 0.018055, -0.993572, 0.111731, -0.002831, 0.44326, -0.092213, -0.891638, -1.2e-05, 0.0, 0.0, 0.0, 1.0],
                [0.901538, 0.0646, 0.427849, 0.124994, 0.01601, -0.993093, 0.11621, -0.002831, 0.432402, -0.097918, -0.896348, -1.2e-05, 0.0, 0.0, 0.0, 1.0],
                [0.90665, 0.063617, 0.41706, 0.124994, 0.014143, -0.992591, 0.120662, -0.002831, 0.421646, -0.103499, -0.900834, -1.2e-05, 0.0, 0.0, 0.0, 1.0],
                [0.911542, 0.062674, 0.406402, 0.124994, 0.012449, -0.992067, 0.125071, -0.002831, 0.411018, -0.108948, -0.905094, -1.2e-05, 0.0, 0.0, 0.0, 1.0],
                [0.916212, 0.061769, 0.395902, 0.124994, 0.010921, -0.991527, 0.129426, -0.002831, 0.400543, -0.114258, -0.909127, -1.2e-05, 0.0, 0.0, 0.0, 1.0],
                [0.92066, 0.060902, 0.385584, 0.124994, 0.009553, -0.990972, 0.133713, -0.002831, 0.390247, -0.11942, -0.912933, -1.2e-05, 0.0, 0.0, 0.0, 1.0],
                [0.924884, 0.060072, 0.375473, 0.124994, 0.008337, -0.990406, 0.13792, -0.002831, 0.380157, -0.124429, -0.916514, -1.2e-05, 0.0, 0.0, 0.0, 1.0],
                [0.928885, 0.059278, 0.365593, 0.124994, 0.007266, -0.989833, 0.142035, -0.002831, 0.370297, -0.129277, -0.919874, -1.2e-05, 0.0, 0.0, 0.0, 1.0],
                [0.932663, 0.058522, 0.35597, 0.124994, 0.006332, -0.989255, 0.146045, -0.002831, 0.360693, -0.133957, -0.923015, -1.2e-05, 0.0, 0.0, 0.0, 1.0],
                [0.93622, 0.057801, 0.346627, 0.124994, 0.005526, -0.988677, 0.14994, -0.002831, 0.35137, -0.138461, -0.925942, -1.2e-05, 0.0, 0.0, 0.0, 1.0],
                [0.939559, 0.057118, 0.337589, 0.124994, 0.004841, -0.988102, 0.153708, -0.002831, 0.342352, -0.142783, -0.928659, -1.2e-05, 0.0, 0.0, 0.0, 1.0],
                [0.942681, 0.056472, 0.32888, 0.124994, 0.004267, -0.987533, 0.157339, -0.002831, 0.333665, -0.146917, -0.931173, -1.2e-05, 0.0, 0.0, 0.0, 1.0],
                [0.945592, 0.055863, 0.320523, 0.124994, 0.003796, -0.986974, 0.160821, -0.002831, 0.325332, -0.150854, -0.933489, -1.2e-05, 0.0, 0.0, 0.0, 1.0],
                [0.948293, 0.055293, 0.312543, 0.124994, 0.003418, -0.986428, 0.164144, -0.002831, 0.317378, -0.154588, -0.935614, -1.2e-05, 0.0, 0.0, 0.0, 1.0],
                [0.950788, 0.054763, 0.304962, 0.124994, 0.003125, -0.985899, 0.167299, -0.002831, 0.309824, -0.158113, -0.937555, -1.2e-05, 0.0, 0.0, 0.0, 1.0],
                [0.953082, 0.054272, 0.297805, 0.124994, 0.002907, -0.98539, 0.170276, -0.002831, 0.302695, -0.161421, -0.939318, -1.2e-05, 0.0, 0.0, 0.0, 1.0],
                [0.955179, 0.053821, 0.291093, 0.124994, 0.002754, -0.984904, 0.173065, -0.002831, 0.296014, -0.164506, -0.940911, -1.2e-05, 0.0, 0.0, 0.0, 1.0],
                [0.957083, 0.053412, 0.284849, 0.124994, 0.002659, -0.984446, 0.175657, -0.002831, 0.289801, -0.167361, -0.942341, -1.2e-05, 0.0, 0.0, 0.0, 1.0],
                [0.958797, 0.053043, 0.279097, 0.124994, 0.002612, -0.984017, 0.178043, -0.002831, 0.28408, -0.169978, -0.943613, -1.2e-05, 0.0, 0.0, 0.0, 1.0],
                [0.960324, 0.052717, 0.273857, 0.124994, 0.002604, -0.983622, 0.180215, -0.002831, 0.278873, -0.172352, -0.944736, -1.2e-05, 0.0, 0.0, 0.0, 1.0],
                [0.961669, 0.052432, 0.269153, 0.124994, 0.002625, -0.983263, 0.182164, -0.002831, 0.2742, -0.174474, -0.945713, -1.2e-05, 0.0, 0.0, 0.0, 1.0],
                [0.962833, 0.052189, 0.265006, 0.124994, 0.002669, -0.982943, 0.18388, -0.002831, 0.270083, -0.176339, -0.946552, -1.2e-05, 0.0, 0.0, 0.0, 1.0],
                [0.963819, 0.051987, 0.261438, 0.124994, 0.002726, -0.982665, 0.185357, -0.002831, 0.266542, -0.177937, -0.947256, -1.2e-05, 0.0, 0.0, 0.0, 1.0],
                [0.964628, 0.051826, 0.25847, 0.124994, 0.002788, -0.982433, 0.186584, -0.002831, 0.2636, -0.179263, -0.947829, -1.2e-05, 0.0, 0.0, 0.0, 1.0],
                [0.96526, 0.051704, 0.256125, 0.124994, 0.002848, -0.982248, 0.187553, -0.002831, 0.261276, -0.180308, -0.948274, -1.2e-05, 0.0, 0.0, 0.0, 1.0],
                [0.965714, 0.05162, 0.254423, 0.124994, 0.002899, -0.982113, 0.188257, -0.002831, 0.259591, -0.181064, -0.948593, -1.2e-05, 0.0, 0.0, 0.0, 1.0],
                [0.965989, 0.051571, 0.253386, 0.124994, 0.002934, -0.982031, 0.188686, -0.002831, 0.258564, -0.181524, -0.948785, -1.2e-05, 0.0, 0.0, 0.0, 1.0],
                [0.966082, 0.051556, 0.253036, 0.124994, 0.002947, -0.982003, 0.18883, -0.002831, 0.258218, -0.18168, -0.94885, -1.2e-05, 0.0, 0.0, 0.0, 1.0]
            ]
        },
        {
            "name": "Leg_R",
            "time": [0.0, 0.0167, 0.0333, 0.05, 0.0667, 0.0833, 0.1, 0.1167, 0.1333, 0.15, 0.1667, 0.1833, 0.2, 0.2167, 0.2333, 0.25, 0.2667, 0.2833, 0.3, 0.3167, 0.3333, 0.35, 0.3667, 0.3833, 0.4, 0.4167, 0.4333, 0.45, 0.4667, 0.4833, 0.5, 0.5167, 0.5333, 0.55, 0.5667, 0.5833, 0.6, 0.6167, 0.6333, 0.65, 0.6667, 0.6833, 0.7, 0.7167, 0.7333, 0.75, 0.7667, 0.7833, 0.8, 0.8167, 0.8333, 0.85, 0.8667, 0.8833, 0.9, 0.9167, 0.9333, 0.95, 0.9667, 0.9833, 1.0, 1.0167, 1.0333, 1.05, 1.0667, 1.0833, 1.1, 1.1167, 1.1333, 1.15, 1.1667, 1.1833, 1.2, 1.2167, 1.2333, 1.25, 1.2667, 1.2833, 1.3, 1.3167, 1.3333, 1.35, 1.3667, 1.3833, 1.4],
            "transform": [
                [1.0, 0.0, 1e-06, -0.0, -0.0, 0.920149, 0.391569, 0.37472, -1e-06, -0.39157, 0.920148, -0.0, 0.0, 0.0, 0.0, 1.0],
                [1.0, 0.0, 1e-06, 0.0, -0.0, 0.920149, 0.391569, 0.37472, -1e-06, -0.39157, 0.920148, -0.0, 0.0, 0.0, 0.0, 1.0],
                [1.0, 0.0, 1e-06, 0.0, -0.0, 0.92015, 0.391569, 0.37472, -1e-06, -0.39157, 0.920148, 0.0, 0.0, 0.0, 0.0, 1.0],
                [1.0, 0.0, 1e-06, 0.0, -0.0, 0.920149, 0.391569, 0.37472, -1e-06, -0.39157, 0.920148, -0.0, 0.0, 0.0, 0.0, 1.0],
                [1.0, 0.0, 1e-06, -0.0, -0.0, 0.920149, 0.391569, 0.37472, -1e-06, -0.39157, 0.920148, 0.0, 0.0, 0.0, 0.0, 1.0],
                [1.0, 0.0, 1e-06, -0.0, -0.0, 0.920149, 0.391569, 0.37472, -1e-06, -0.39157, 0.920148, 0.0, 0.0, 0.0, 0.0, 1.0],
                [1.0, 0.0, 1e-06, -0.0, -0.0, 0.920149, 0.391569, 0.37472, -1e-06, -0.39157, 0.920148, 0.0, 0.0, 0.0, 0.0, 1.0],
                [1.0, 0.0, 1e-06, -0.0, -0.0, 0.920149, 0.391569, 0.37472, -1e-06, -0.39157, 0.920148, -0.0, 0.0, 0.0, 0.0, 1.0],
                [1.0, 0.0, 1e-06, 0.0, -0.0, 0.920149, 0.391569, 0.37472, -1e-06, -0.39157, 0.920148, 0.0, 0.0, 0.0, 0.0, 1.0],
                [1.0, 0.0, 1e-06, -0.0, -0.0, 0.920149, 0.391569, 0.37472, -1e-06, -0.39157, 0.920148, 0.0, 0.0, 0.0, 0.0, 1.0],
                [1.0, 0.0, 1e-06, 0.0, -0.0, 0.920149, 0.391569, 0.37472, -1e-06, -0.39157, 0.920148, 0.0, 0.0, 0.0, 0.0, 1.0],
                [1.0, 0.0, 1e-06, -0.0, -0.0, 0.920149, 0.391569, 0.37472, -1e-06, -0.39157, 0.920148, -0.0, 0.0, 0.0, 0.0, 1.0],
                [1.0, 0.0, 1e-06, -0.0, -0.0, 0.920149, 0.391569, 0.37472, -1e-06, -0.39157, 0.920148, -0.0, 0.0, 0.0, 0.0, 1.0],
                [1.0, 0.0, 1e-06, -0.0, -0.0, 0.920149, 0.391569, 0.37472, -1e-06, -0.39157, 0.920148, 0.0, 0.0, 0.0, 0.0, 1.0],
                [1.0, 0.0, 1e-06, 0.0, -0.0, 0.920149, 0.391569, 0.37472, -1e-06, -0.39157, 0.920148, -0.0, 0.0, 0.0, 0.0, 1.0],
                [1.0, 0.0, 1e-06, 0.0, -0.0, 0.920149, 0.391569, 0.37472, -1e-06, -0.391569, 0.920148, -0.0, 0.0, 0.0, 0.0, 1.0],
                [1.0, 0.0, 1e-06, 0.0, -0.0, 0.920149, 0.391569, 0.37472, -1e-06, -0.39157, 0.920148, 0.0, 0.0, 0.0, 0.0, 1.0],
                [1.0, 0.0, 1e-06, 0.0, -0.0, 0.920149, 0.391569, 0.37472, -1e-06, -0.39157, 0.920148, -0.0, 0.0, 0.0, 0.0, 1.0],
                [1.0, 0.0, 1e-06, -0.0, -0.0, 0.920149, 0.391569, 0.37472, -1e-06, -0.39157, 0.920148, 0.0, 0.0, 0.0, 0.0, 1.0],
                [1.0, 0.0, 1e-06, -0.0, -0.0, 0.920149, 0.391569, 0.37472, -1e-06, -0.39157, 0.920148, -0.0, 0.0, 0.0, 0.0, 1.0],
                [1.0, 0.0, 1e-06, -0.0, -0.0, 0.920149, 0.391569, 0.37472, -1e-06, -0.39157, 0.920148, 0.0, 0.0, 0.0, 0.0, 1.0],
                [1.0, 0.0, 1e-06, 0.0, -0.0, 0.920149, 0.391569, 0.37472, -1e-06, -0.39157, 0.920148, -0.0, 0.0, 0.0, 0.0, 1.0],
                [1.0, 0.0, 1e-06, -0.0, -0.0, 0.920149, 0.391569, 0.37472, -1e-06, -0.39157, 0.920148, -0.0, 0.0, 0.0, 0.0, 1.0],
                [1.0, 0.0, 1e-06, -0.0, -0.0, 0.920149, 0.391569, 0.37472, -1e-06, -0.39157, 0.920148, -0.0, 0.0, 0.0, 0.0, 1.0],
                [1.0, 0.0, 1e-06, -0.0, -0.0, 0.920149, 0.391569, 0.37472, -1e-06, -0.39157, 0.920148, -0.0, 0.0, 0.0, 0.0, 1.0],
                [1.0, 0.0, 1e-06, -0.0, -0.0, 0.920149, 0.391569, 0.37472, -1e-06, -0.39157, 0.920148, 0.0, 0.0, 0.0, 0.0, 1.0],
                [1.0, 0.0, 1e-06, -0.0, -0.0, 0.920149, 0.391569, 0.37472, -1e-06, -0.39157, 0.920148, -0.0, 0.0, 0.0, 0.0, 1.0],
                [1.0, 0.0, 1e-06, -0.0, -0.0, 0.920149, 0.391569, 0.37472, -1e-06, -0.39157, 0.920148, -0.0, 0.0, 0.0, 0.0, 1.0],
                [1.0, 0.0, 1e-06, 0.0, -0.0, 0.920149, 0.391569, 0.37472, -1e-06, -0.391569, 0.920148, -0.0, 0.0, 0.0, 0.0, 1.0],
                [1.0, 0.0, 1e-06, 0.0, -0.0, 0.920149, 0.391569, 0.37472, -1e-06, -0.39157, 0.920148, 0.0, 0.0, 0.0, 0.0, 1.0],
                [1.0, 0.0, 1e-06, -0.0, -0.0, 0.920149, 0.391569, 0.37472, -1e-06, -0.39157, 0.920148, 0.0, 0.0, 0.0, 0.0, 1.0],
                [1.0, 0.0, 1e-06, 0.0, -0.0, 0.92015, 0.391569, 0.37472, -1e-06, -0.39157, 0.920148, 0.0, 0.0, 0.0, 0.0, 1.0],
                [1.0, 0.0, 1e-06, -0.0, -0.0, 0.920149, 0.391569, 0.37472, -1e-06, -0.39157, 0.920148, 0.0, 0.0, 0.0, 0.0, 1.0],
                [1.0, 0.0, 1e-06, 0.0, -0.0, 0.920149, 0.391569, 0.37472, -1e-06, -0.39157, 0.920148, -0.0, 0.0, 0.0, 0.0, 1.0],
                [1.0, 0.0, 1e-06, -0.0, -0.0, 0.920149, 0.391569, 0.37472, -1e-06, -0.39157, 0.920148, -0.0, 0.0, 0.0, 0.0, 1.0],
                [1.0, 0.0, 1e-06, 0.0, -0.0, 0.920149, 0.391569, 0.37472, -1e-06, -0.39157, 0.920148, 0.0, 0.0, 0.0, 0.0, 1.0],
                [1.0, 0.0, 1e-06, -0.0, -0.0, 0.92015, 0.391569, 0.37472, -1e-06, -0.39157, 0.920148, 0.0, 0.0, 0.0, 0.0, 1.0],
                [1.0, 0.0, 1e-06, -0.0, -0.0, 0.920149, 0.391569, 0.37472, -1e-06, -0.39157, 0.920148, 0.0, 0.0, 0.0, 0.0, 1.0],
                [1.0, 0.0, 1e-06, -0.0, -0.0, 0.920149, 0.391569, 0.37472, -1e-06, -0.39157, 0.920148, -0.0, 0.0, 0.0, 0.0, 1.0],
                [1.0, 0.0, 1e-06, -0.0, -0.0, 0.920149, 0.391569, 0.37472, -1e-06, -0.39157, 0.920148, -0.0, 0.0, 0.0, 0.0, 1.0],
                [1.0, 0.0, 1e-06, 0.0, -0.0, 0.920149, 0.391569, 0.37472, -1e-06, -0.39157, 0.920148, 0.0, 0.0, 0.0, 0.0, 1.0],
                [1.0, 0.0, 1e-06, 0.0, -0.0, 0.920149, 0.391569, 0.37472, -1e-06, -0.391569, 0.920148, 0.0, 0.0, 0.0, 0.0, 1.0],
                [1.0, 0.0, 1e-06, 0.0, -0.0, 0.920149, 0.391569, 0.37472, -1e-06, -0.39157, 0.920148, -0.0, 0.0, 0.0, 0.0, 1.0],
                [1.0, 0.0, 1e-06, 0.0, -0.0, 0.920149, 0.391569, 0.37472, -1e-06, -0.39157, 0.920148, 0.0, 0.0, 0.0, 0.0, 1.0],
                [1.0, 0.0, 1e-06, 0.0, -0.0, 0.920149, 0.391569, 0.37472, -1e-06, -0.39157, 0.920148, 0.0, 0.0, 0.0, 0.0, 1.0],
                [1.0, 0.0, 1e-06, 0.0, -0.0, 0.920149, 0.391569, 0.37472, -1e-06, -0.39157, 0.920148, 0.0, 0.0, 0.0, 0.0, 1.0],
                [1.0, 0.0, 1e-06, 0.0, -0.0, 0.920149, 0.391569, 0.37472, -1e-06, -0.39157, 0.920148, -0.0, 0.0, 0.0, 0.0, 1.0],
                [1.0, 0.0, 1e-06, -0.0, -0.0, 0.920149, 0.391569, 0.37472, -1e-06, -0.39157, 0.920148, -0.0, 0.0, 0.0, 0.0, 1.0],
                [1.0, 0.0, 1e-06, 0.0, -0.0, 0.920149, 0.391569, 0.37472, -1e-06, -0.39157, 0.920148, 0.0, 0.0, 0.0, 0.0, 1.0],
                [1.0, 0.0, 1e-06, 0.0, -0.0, 0.920149, 0.391569, 0.37472, -1e-06, -0.39157, 0.920148, -0.0, 0.0, 0.0, 0.0, 1.0],
                [1.0, 0.0, 1e-06, 0.0, -0.0, 0.920149, 0.391569, 0.37472, -1e-06, -0.39157, 0.920148, -0.0, 0.0, 0.0, 0.0, 1.0],
                [1.0, 0.0, 1e-06, -0.0, -0.0, 0.920149, 0.391569, 0.37472, -1e-06, -0.39157, 0.920148, -0.0, 0.0, 0.0, 0.0, 1.0],
                [1.0, 0.0, 1e-06, 0.0, -0.0, 0.920149, 0.391569, 0.37472, -1e-06, -0.39157, 0.920148, -0.0, 0.0, 0.0, 0.0, 1.0],
                [1.0, 0.0, 1e-06, -0.0, -0.0, 0.920149, 0.391569, 0.37472, -1e-06, -0.39157, 0.920148, 0.0, 0.0, 0.0, 0.0, 1.0],
                [1.0, 0.0, 1e-06, -0.0, -0.0, 0.920149, 0.391569, 0.37472, -1e-06, -0.39157, 0.920148, 0.0, 0.0, 0.0, 0.0, 1.0],
                [1.0, 0.0, 1e-06, 0.0, -0.0, 0.920149, 0.391569, 0.37472, -1e-06, -0.39157, 0.920148, -0.0, 0.0, 0.0, 0.0, 1.0],
                [1.0, 0.0, 1e-06, 0.0, -0.0, 0.920149, 0.391569, 0.37472, -1e-06, -0.39157, 0.920148, -0.0, 0.0, 0.0, 0.0, 1.0],
                [1.0, 0.0, 1e-06, -0.0, -0.0, 0.920149, 0.391569, 0.37472, -1e-06, -0.39157, 0.920148, 0.0, 0.0, 0.0, 0.0, 1.0],
                [1.0, 0.0, 1e-06, -0.0, -0.0, 0.920149, 0.391569, 0.37472, -1e-06, -0.39157, 0.920148, 0.0, 0.0, 0.0, 0.0, 1.0],
                [1.0, 0.0, 1e-06, 0.0, -0.0, 0.920149, 0.391569, 0.37472, -1e-06, -0.39157, 0.920148, -0.0, 0.0, 0.0, 0.0, 1.0],
                [1.0, 0.0, 1e-06, -0.0, -0.0, 0.920149, 0.391569, 0.37472, -1e-06, -0.39157, 0.920148, -0.0, 0.0, 0.0, 0.0, 1.0],
                [1.0, 0.0, 1e-06, -0.0, -0.0, 0.920149, 0.391569, 0.37472, -1e-06, -0.39157, 0.920148, -0.0, 0.0, 0.0, 0.0, 1.0],
                [1.0, 0.0, 1e-06, 0.0, -0.0, 0.920149, 0.391569, 0.37472, -1e-06, -0.39157, 0.920148, 0.0, 0.0, 0.0, 0.0, 1.0],
                [1.0, 0.0, 1e-06, -0.0, -0.0, 0.920149, 0.391569, 0.37472, -1e-06, -0.39157, 0.920148, 0.0, 0.0, 0.0, 0.0, 1.0],
                [1.0, 0.0, 1e-06, 0.0, -0.0, 0.920149, 0.391569, 0.37472, -1e-06, -0.39157, 0.920148, 0.0, 0.0, 0.0, 0.0, 1.0],
                [1.0, 0.0, 1e-06, 0.0, -0.0, 0.920149, 0.391569, 0.37472, -1e-06, -0.39157, 0.920148, -0.0, 0.0, 0.0, 0.0, 1.0],
                [1.0, 0.0, 1e-06, 0.0, -0.0, 0.92015, 0.391569, 0.37472, -1e-06, -0.39157, 0.920148, 0.0, 0.0, 0.0, 0.0, 1.0],
                [1.0, 0.0, 1e-06, -0.0, -0.0, 0.920149, 0.391569, 0.37472, -1e-06, -0.39157, 0.920148, 0.0, 0.0, 0.0, 0.0, 1.0],
                [1.0, 0.0, 1e-06, 0.0, -0.0, 0.920149, 0.391569, 0.37472, -1e-06, -0.39157, 0.920148, -0.0, 0.0, 0.0, 0.0, 1.0],
                [1.0, 0.0, 1e-06, -0.0, -0.0, 0.920149, 0.391569, 0.37472, -1e-06, -0.39157, 0.920148, 0.0, 0.0, 0.0, 0.0, 1.0],
                [1.0, 0.0, 1e-06, 0.0, -0.0, 0.920149, 0.391569, 0.37472, -1e-06, -0.39157, 0.920148, -0.0, 0.0, 0.0, 0.0, 1.0],
                [1.0, 0.0, 1e-06, 0.0, -0.0, 0.920149, 0.391569, 0.37472, -1e-06, -0.39157, 0.920148, -0.0, 0.0, 0.0, 0.0, 1.0],
                [1.0, 0.0, 1e-06, -0.0, -0.0, 0.920149, 0.391569, 0.37472, -1e-06, -0.39157, 0.920148, 0.0, 0.0, 0.0, 0.0, 1.0],
                [1.0, 0.0, 1e-06, 0.0, -0.0, 0.920149, 0.391569, 0.37472, -1e-06, -0.39157, 0.920148, 0.0, 0.0, 0.0, 0.0, 1.0],
                [1.0, 0.0, 1e-06, -0.0, -0.0, 0.920149, 0.391569, 0.37472, -1e-06, -0.39157, 0.920148, 0.0, 0.0, 0.0, 0.0, 1.0],
                [1.0, 0.0, 1e-06, -0.0, -0.0, 0.920149, 0.391569, 0.37472, -1e-06, -0.39157, 0.920148, 0.0, 0.0, 0.0, 0.0, 1.0],
                [1.0, 0.0, 1e-06, -0.0, -0.0, 0.920149, 0.391569, 0.37472, -1e-06, -0.39157, 0.920148, 0.0, 0.0, 0.0, 0.0, 1.0],
                [1.0, 0.0, 1e-06, 0.0, -0.0, 0.920149, 0.391569, 0.37472, -1e-06, -0.39157, 0.920148, 0.0, 0.0, 0.0, 0.0, 1.0],
                [1.0, 0.0, 1e-06, -0.0, -0.0, 0.920149, 0.391569, 0.37472, -1e-06, -0.39157, 0.920148, 0.0, 0.0, 0.0, 0.0, 1.0],
                [1.0, 0.0, 1e-06, -0.0, -0.0, 0.920149, 0.391569, 0.37472, -1e-06, -0.39157, 0.920148, 0.0, 0.0, 0.0, 0.0, 1.0],
                [1.0, 0.0, 1e-06, 0.0, -0.0, 0.920149, 0.391569, 0.37472, -1e-06, -0.39157, 0.920148, -0.0, 0.0, 0.0, 0.0, 1.0],
                [1.0, 0.0, 1e-06, 0.0, -0.0, 0.920149, 0.391569, 0.37472, -1e-06, -0.39157, 0.920148, 0.0, 0.0, 0.0, 0.0, 1.0],
                [1.0, 0.0, 1e-06, -0.0, -0.0, 0.920149, 0.391569, 0.37472, -1e-06, -0.39157, 0.920148, 0.0, 0.0, 0.0, 0.0, 1.0],
                [1.0, 0.0, 1e-06, 0.0, -0.0, 0.920149, 0.391569, 0.37472, -1e-06, -0.39157, 0.920148, 0.0, 0.0, 0.0, 0.0, 1.0],
                [1.0, 0.0, 1e-06, -0.0, -0.0, 0.920149, 0.391569, 0.37472, -1e-06, -0.39157, 0.920148, 0.0, 0.0, 0.0, 0.0, 1.0]
            ]
        },
        {
            "name": "Knee_R",
            "time": [0.0, 0.0167, 0.0333, 0.05, 0.0667, 0.0833, 0.1, 0.1167, 0.1333, 0.15, 0.1667, 0.1833, 0.2, 0.2167, 0.2333, 0.25, 0.2667, 0.2833, 0.3, 0.3167, 0.3333, 0.35, 0.3667, 0.3833, 0.4, 0.4167, 0.4333, 0.45, 0.4667, 0.4833, 0.5, 0.5167, 0.5333, 0.55, 0.5667, 0.5833, 0.6, 0.6167, 0.6333, 0.65, 0.6667, 0.6833, 0.7, 0.7167, 0.7333, 0.75, 0.7667, 0.7833, 0.8, 0.8167, 0.8333, 0.85, 0.8667, 0.8833, 0.9, 0.9167, 0.9333, 0.95, 0.9667, 0.9833, 1.0, 1.0167, 1.0333, 1.05, 1.0667, 1.0833, 1.1, 1.1167, 1.1333, 1.15, 1.1667, 1.1833, 1.2, 1.2167, 1.2333, 1.25, 1.2667, 1.2833, 1.3, 1.3167, 1.3333, 1.35, 1.3667, 1.3833, 1.4],
            "transform": [
                [1.0, 0.0, -0.0, -0.0, -0.0, 0.0, -1.0, 0.37472, -0.0, 1.0, 0.0, -0.0, 0.0, 0.0, 0.0, 1.0],
                [1.0, 0.0, -0.0, 0.0, -0.0, 0.0, -1.0, 0.37472, -0.0, 1.0, 0.0, -0.0, 0.0, 0.0, 0.0, 1.0],
                [1.0, 0.0, -0.0, 0.0, -0.0, 0.0, -1.0, 0.37472, -0.0, 1.0, 0.0, 0.0, 0.0, 0.0, 0.0, 1.0],
                [1.0, 0.0, -1e-06, 0.0, -0.0, 0.0, -1.0, 0.37472, -0.0, 1.0, 0.0, 0.0, 0.0, 0.0, 0.0, 1.0],
                [1.0, 0.0, -0.0, -0.0, -0.0, 0.0, -1.0, 0.37472, -0.0, 1.0, 0.0, -0.0, 0.0, 0.0, 0.0, 1.0],
                [1.0, 0.0, -0.0, 0.0, -0.0, 0.0, -1.0, 0.37472, -0.0, 1.0, 0.0, 0.0, 0.0, 0.0, 0.0, 1.0],
                [1.0, 0.0, -0.0, -0.0, -0.0, 0.0, -1.0, 0.37472, -0.0, 1.0, 0.0, 0.0, 0.0, 0.0, 0.0, 1.0],
                [1.0, 0.0, -0.0, 0.0, -0.0, 0.0, -1.0, 0.37472, -0.0, 1.0, 0.0, -0.0, 0.0, 0.0, 0.0, 1.0],
