{
    "animation": [
        {
            "name": "Root",
            "time": [0.0, 0.0167, 0.0333, 0.05, 0.0667, 0.0833, 0.1, 0.1167, 0.1333, 0.15, 0.1667, 0.1833, 0.2, 0.2167, 0.2333, 0.25, 0.2667, 0.2833, 0.3, 0.3167, 0.3333, 0.35, 0.3667, 0.3833, 0.4, 0.4167, 0.4333, 0.45, 0.4667, 0.4833, 0.5, 0.5167, 0.5333, 0.55, 0.5667, 0.5833, 0.6, 0.6167, 0.6333, 0.65, 0.6667, 0.6833, 0.7, 0.7167, 0.7333, 0.75, 0.7667, 0.7833, 0.8, 0.8167, 0.8333, 0.85, 0.8667, 0.8833, 0.9, 0.9167, 0.9333, 0.95, 0.9667, 0.9833, 1.0, 1.0167, 1.0333, 1.05, 1.0667, 1.0833, 1.1, 1.1167, 1.1333, 1.15, 1.1667, 1.1833, 1.2, 1.2167, 1.2333, 1.25, 1.2667, 1.2833, 1.3],
            "transform": [
                [0.813249, 0.0, -0.581916, -5e-06, -0.581916, 0.0, -0.813249, 0.000946, 0.0, 1.0, 0.0, 0.670812, 0.0, 0.0, 0.0, 1.0],
                [0.818404, 0.0, -0.574643, 0.000354, -0.574643, 0.0, -0.818404, 0.001079, 0.0, 1.0, 0.0, 0.670916, 0.0, 0.0, 0.0, 1.0],
                [0.832527, 0.0, -0.553984, 0.001356, -0.553984, 0.0, -0.832527, 0.002007, 0.0, 1.0, 0.0, 0.67121, 0.0, 0.0, 0.0, 1.0],
                [0.853285, 0.0, -0.521445, 0.002896, -0.521445, 0.0, -0.853285, 0.004527, 0.0, 1.0, 0.0, 0.671661, 0.0, 0.0, 0.0, 1.0],
                [0.878102, 0.0, -0.478473, 0.004866, -0.478473, 0.0, -0.878102, 0.009433, 0.0, 1.0, 0.0, 0.672238, 0.0, 0.0, 0.0, 1.0],
                [0.904379, 0.0, -0.426731, 0.007158, -0.426731, 0.0, -0.904379, 0.017522, 0.0, 1.0, 0.0, 0.67291, 0.0, 0.0, 0.0, 1.0],
                [0.92972, 0.0, -0.368268, 0.009664, -0.368268, 0.0, -0.92972, 0.029588, 0.0, 1.0, 0.0, 0.673644, 0.0, 0.0, 0.0, 1.0],
                [0.952168, 0.0, -0.305574, 0.012279, -0.305574, 0.0, -0.952168, 0.046429, 0.0, 1.0, 0.0, 0.67441, 0.0, 0.0, 0.0, 1.0],
                [0.970394, 0.0, -0.241526, 0.014893, -0.241526, 0.0, -0.970394, 0.068838, 0.0, 1.0, 0.0, 0.675176, 0.0, 0.0, 0.0, 1.0],
                [0.983806, 0.0, -0.179234, 0.0174, -0.179234, 0.0, -0.983806, 0.097613, 0.0, 1.0, 0.0, 0.67591, 0.0, 0.0, 0.0, 1.0],
                [0.992547, 0.0, -0.121865, 0.019692, -0.121865, 0.0, -0.992547, 0.133547, 0.0, 1.0, 0.0, 0.676582, 0.0, 0.0, 0.0, 1.0],
                [0.99737, 0.0, -0.072476, 0.021661, -0.072476, 0.0, -0.99737, 0.177438, 0.0, 1.0, 0.0, 0.677159, 0.0, 0.0, 0.0, 1.0],
                [0.999424, 0.0, -0.033934, 0.023201, -0.033934, 0.0, -0.999424, 0.230081, 0.0, 1.0, 0.0, 0.67761, 0.0, 0.0, 0.0, 1.0],
                [0.99996, 0.0, -0.008915, 0.024204, -0.008915, 0.0, -0.99996, 0.292271, 0.0, 1.0, 0.0, 0.677904, 0.0, 0.0, 0.0, 1.0],
                [1.0, 0.0, 0.0, 0.024562, 0.0, 0.0, -1.0, 0.364804, 0.0, 1.0, 0.0, 0.678009, 0.0, 0.0, 0.0, 1.0],
                [1.0, 0.0, 0.0, 0.022742, 0.0, 0.0, -1.0, 0.481068, 0.0, 1.0, 0.0, 0.672956, 0.0, 0.0, 0.0, 1.0],
                [1.0, 0.0, 0.0, 0.018193, 0.0, 0.0, -1.0, 0.651526, 0.0, 1.0, 0.0, 0.660322, 0.0, 0.0, 0.0, 1.0],
                [1.0, 0.0, 0.0, 0.012279, 0.0, 0.0, -1.0, 0.842583, 0.0, 1.0, 0.0, 0.643899, 0.0, 0.0, 0.0, 1.0],
                [1.0, 0.0, 0.0, 0.006365, 0.0, 0.0, -1.0, 1.020646, 0.0, 1.0, 0.0, 0.627476, 0.0, 0.0, 0.0, 1.0],
                [1.0, 0.0, 0.0, 0.001815, 0.0, 0.0, -1.0, 1.152119, 0.0, 1.0, 0.0, 0.614843, 0.0, 0.0, 0.0, 1.0],
                [1.0, 0.0, 0.0, -5e-06, 0.0, 0.0, -1.0, 1.203409, 0.0, 1.0, 0.0, 0.60979, 0.0, 0.0, 0.0, 1.0],
                [1.0, 0.0, -0.000539, -5e-06, -0.000539, 0.0, -1.0, 1.203162, 0.0, 1.0, 0.0, 0.60986, 0.0, 0.0, 0.0, 1.0],
                [0.999998, 0.0, -0.00213, -5e-06, -0.00213, 0.0, -0.999998, 1.202456, 0.0, 1.0, 0.0, 0.610066, 0.0, 0.0, 0.0, 1.0],
                [0.999989, 0.0, -0.004738, -5e-06, -0.004738, 0.0, -0.999989, 1.201337, 0.0, 1.0, 0.0, 0.610404, 0.0, 0.0, 0.0, 1.0],
                [0.999965, 0.0, -0.008325, -5e-06, -0.008325, 0.0, -0.999965, 1.199855, 0.0, 1.0, 0.0, 0.610868, 0.0, 0.0, 0.0, 1.0],
                [0.999917, 0.0, -0.012855, -5e-06, -0.012855, 0.0, -0.999917, 1.198058, 0.0, 1.0, 0.0, 0.611455, 0.0, 0.0, 0.0, 1.0],
                [0.999833, 0.0, -0.018292, -5e-06, -0.018292, 0.0, -0.999833, 1.195995, 0.0, 1.0, 0.0, 0.612158, 0.0, 0.0, 0.0, 1.0],
                [0.999697, 0.0, -0.024601, -5e-06, -0.024601, 0.0, -0.999697, 1.193713, 0.0, 1.0, 0.0, 0.612973, 0.0, 0.0, 0.0, 1.0],
                [0.999496, 0.0, -0.031744, -5e-06, -0.031744, 0.0, -0.999496, 1.191262, 0.0, 1.0, 0.0, 0.613896, 0.0, 0.0, 0.0, 1.0],
                [0.999212, 0.0, -0.039687, -5e-06, -0.039687, 0.0, -0.999212, 1.188689, 0.0, 1.0, 0.0, 0.614921, 0.0, 0.0, 0.0, 1.0],
                [0.998828, 0.0, -0.048392, -5e-06, -0.048392, 0.0, -0.998828, 1.186044, 0.0, 1.0, 0.0, 0.616043, 0.0, 0.0, 0.0, 1.0],
                [0.998327, 0.0, -0.057822, -5e-06, -0.057822, 0.0, -0.998327, 1.183375, 0.0, 1.0, 0.0, 0.617258, 0.0, 0.0, 0.0, 1.0],
                [0.997689, 0.0, -0.067939, -5e-06, -0.067939, 0.0, -0.997689, 1.18073, 0.0, 1.0, 0.0, 0.61856, 0.0, 0.0, 0.0, 1.0],
                [0.996898, 0.0, -0.078706, -5e-06, -0.078706, 0.0, -0.996898, 1.178158, 0.0, 1.0, 0.0, 0.619946, 0.0, 0.0, 0.0, 1.0],
                [0.995934, 0.0, -0.090083, -5e-06, -0.090083, 0.0, -0.995934, 1.175707, 0.0, 1.0, 0.0, 0.621409, 0.0, 0.0, 0.0, 1.0],
                [0.994781, 0.0, -0.102032, -5e-06, -0.102032, 0.0, -0.994781, 1.173425, 0.0, 1.0, 0.0, 0.622946, 0.0, 0.0, 0.0, 1.0],
                [0.993422, 0.0, -0.114511, -5e-06, -0.114511, 0.0, -0.993422, 1.171362, 0.0, 1.0, 0.0, 0.62455, 0.0, 0.0, 0.0, 1.0],
                [0.991841, 0.0, -0.12748, -5e-06, -0.12748, 0.0, -0.991841, 1.169565, 0.0, 1.0, 0.0, 0.626218, 0.0, 0.0, 0.0, 1.0],
                [0.990024, 0.0, -0.140897, -5e-06, -0.140897, 0.0, -0.990024, 1.168083, 0.0, 1.0, 0.0, 0.627945, 0.0, 0.0, 0.0, 1.0],
                [0.987958, 0.0, -0.15472, -5e-06, -0.15472, 0.0, -0.987958, 1.166964, 0.0, 1.0, 0.0, 0.629725, 0.0, 0.0, 0.0, 1.0],
                [0.985632, 0.0, -0.168904, -5e-06, -0.168904, 0.0, -0.985632, 1.166257, 0.0, 1.0, 0.0, 0.631554, 0.0, 0.0, 0.0, 1.0],
                [0.983037, 0.0, -0.183408, -5e-06, -0.183408, 0.0, -0.983037, 1.166011, 0.0, 1.0, 0.0, 0.633426, 0.0, 0.0, 0.0, 1.0],
                [0.980164, 0.0, -0.198186, -5e-06, -0.198186, 0.0, -0.980164, 1.166696, 0.0, 1.0, 0.0, 0.635338, 0.0, 0.0, 0.0, 1.0],
                [0.97701, 0.0, -0.213195, -5e-06, -0.213195, 0.0, -0.97701, 1.168699, 0.0, 1.0, 0.0, 0.637284, 0.0, 0.0, 0.0, 1.0],
                [0.97357, 0.0, -0.228389, -5e-06, -0.228389, 0.0, -0.97357, 1.171946, 0.0, 1.0, 0.0, 0.639259, 0.0, 0.0, 0.0, 1.0],
                [0.969845, 0.0, -0.243723, -5e-06, -0.243723, 0.0, -0.969845, 1.176362, 0.0, 1.0, 0.0, 0.641258, 0.0, 0.0, 0.0, 1.0],
                [0.965836, 0.0, -0.259154, -5e-06, -0.259154, 0.0, -0.965836, 1.18187, 0.0, 1.0, 0.0, 0.643277, 0.0, 0.0, 0.0, 1.0],
                [0.961549, 0.0, -0.274635, -5e-06, -0.274635, 0.0, -0.961549, 1.188395, 0.0, 1.0, 0.0, 0.64531, 0.0, 0.0, 0.0, 1.0],
                [0.956989, 0.0, -0.290123, -5e-06, -0.290123, 0.0, -0.956989, 1.195863, 0.0, 1.0, 0.0, 0.647354, 0.0, 0.0, 0.0, 1.0],
                [0.952168, 0.0, -0.305574, -5e-06, -0.305574, 0.0, -0.952168, 1.204198, 0.0, 1.0, 0.0, 0.649402, 0.0, 0.0, 0.0, 1.0],
                [0.947098, 0.0, -0.320945, -5e-06, -0.320945, 0.0, -0.947098, 1.213323, 0.0, 1.0, 0.0, 0.65145, 0.0, 0.0, 0.0, 1.0],
                [0.941793, 0.0, -0.336194, -5e-06, -0.336194, 0.0, -0.941793, 1.223165, 0.0, 1.0, 0.0, 0.653493, 0.0, 0.0, 0.0, 1.0],
                [0.936271, 0.0, -0.351279, -5e-06, -0.351279, 0.0, -0.936271, 1.233648, 0.0, 1.0, 0.0, 0.655526, 0.0, 0.0, 0.0, 1.0],
                [0.930552, 0.0, -0.366161, -5e-06, -0.366161, 0.0, -0.930552, 1.244695, 0.0, 1.0, 0.0, 0.657545, 0.0, 0.0, 0.0, 1.0],
                [0.924658, 0.0, -0.380799, -5e-06, -0.380799, 0.0, -0.924658, 1.256233, 0.0, 1.0, 0.0, 0.659545, 0.0, 0.0, 0.0, 1.0],
                [0.918613, 0.0, -0.395157, -5e-06, -0.395157, 0.0, -0.918613, 1.268185, 0.0, 1.0, 0.0, 0.66152, 0.0, 0.0, 0.0, 1.0],
                [0.912445, 0.0, -0.409199, -5e-06, -0.409199, 0.0, -0.912445, 1.280476, 0.0, 1.0, 0.0, 0.663465, 0.0, 0.0, 0.0, 1.0],
                [0.906182, 0.0, -0.422889, -5e-06, -0.422889, 0.0, -0.906182, 1.293031, 0.0, 1.0, 0.0, 0.665377, 0.0, 0.0, 0.0, 1.0],
                [0.899853, 0.0, -0.436194, -5e-06, -0.436194, 0.0, -0.899853, 1.305775, 0.0, 1.0, 0.0, 0.66725, 0.0, 0.0, 0.0, 1.0],
                [0.89349, 0.0, -0.449084, -5e-06, -0.449084, 0.0, -0.89349, 1.318631, 0.0, 1.0, 0.0, 0.669078, 0.0, 0.0, 0.0, 1.0],
                [0.887126, 0.0, -0.461527, -5e-06, -0.461527, 0.0, -0.887126, 1.331525, 0.0, 1.0, 0.0, 0.670859, 0.0, 0.0, 0.0, 1.0],
                [0.880796, 0.0, -0.473495, -5e-06, -0.473495, 0.0, -0.880796, 1.344382, 0.0, 1.0, 0.0, 0.672585, 0.0, 0.0, 0.0, 1.0],
                [0.874535, 0.0, -0.484962, -5e-06, -0.484962, 0.0, -0.874535, 1.357125, 0.0, 1.0, 0.0, 0.674253, 0.0, 0.0, 0.0, 1.0],
                [0.868379, 0.0, -0.495902, -5e-06, -0.495902, 0.0, -0.868379, 1.36968, 0.0, 1.0, 0.0, 0.675858, 0.0, 0.0, 0.0, 1.0],
                [0.862363, 0.0, -0.50629, -5e-06, -0.50629, 0.0, -0.862363, 1.381972, 0.0, 1.0, 0.0, 0.677394, 0.0, 0.0, 0.0, 1.0],
                [0.856526, 0.0, -0.516103, -5e-06, -0.516103, 0.0, -0.856526, 1.393924, 0.0, 1.0, 0.0, 0.678858, 0.0, 0.0, 0.0, 1.0],
                [0.850905, 0.0, -0.52532, -5e-06, -0.52532, 0.0, -0.850905, 1.405461, 0.0, 1.0, 0.0, 0.680243, 0.0, 0.0, 0.0, 1.0],
                [0.845536, 0.0, -0.533919, -5e-06, -0.533919, 0.0, -0.845536, 1.416509, 0.0, 1.0, 0.0, 0.681546, 0.0, 0.0, 0.0, 1.0],
                [0.840456, 0.0, -0.54188, -5e-06, -0.54188, 0.0, -0.840456, 1.426992, 0.0, 1.0, 0.0, 0.68276, 0.0, 0.0, 0.0, 1.0],
                [0.835703, 0.0, -0.549182, -5e-06, -0.549182, 0.0, -0.835703, 1.436833, 0.0, 1.0, 0.0, 0.683883, 0.0, 0.0, 0.0, 1.0],
                [0.831312, 0.0, -0.555807, -5e-06, -0.555807, 0.0, -0.831312, 1.445959, 0.0, 1.0, 0.0, 0.684908, 0.0, 0.0, 0.0, 1.0],
                [0.827318, 0.0, -0.561733, -5e-06, -0.561733, 0.0, -0.827318, 1.454293, 0.0, 1.0, 0.0, 0.68583, 0.0, 0.0, 0.0, 1.0],
                [0.823757, 0.0, -0.566943, -5e-06, -0.566943, 0.0, -0.823757, 1.461761, 0.0, 1.0, 0.0, 0.686645, 0.0, 0.0, 0.0, 1.0],
                [0.820662, 0.0, -0.571414, -5e-06, -0.571414, 0.0, -0.820662, 1.468287, 0.0, 1.0, 0.0, 0.687349, 0.0, 0.0, 0.0, 1.0],
                [0.818065, 0.0, -0.575126, -5e-06, -0.575126, 0.0, -0.818065, 1.473795, 0.0, 1.0, 0.0, 0.687935, 0.0, 0.0, 0.0, 1.0],
                [0.815997, 0.0, -0.578057, -5e-06, -0.578057, 0.0, -0.815997, 1.47821, 0.0, 1.0, 0.0, 0.6884, 0.0, 0.0, 0.0, 1.0],
                [0.814487, 0.0, -0.580182, -5e-06, -0.580182, 0.0, -0.814487, 1.481457, 0.0, 1.0, 0.0, 0.688737, 0.0, 0.0, 0.0, 1.0],
                [0.813562, 0.0, -0.581478, -5e-06, -0.581478, 0.0, -0.813562, 1.483461, 0.0, 1.0, 0.0, 0.688944, 0.0, 0.0, 0.0, 1.0],
                [0.813249, 0.0, -0.581916, -5e-06, -0.581916, 0.0, -0.813249, 1.484146, 0.0, 1.0, 0.0, 0.689013, 0.0, 0.0, 0.0, 1.0]
            ]
        },
        {
            "name": "Thigh_R",
            "time": [0.0, 0.0167, 0.0333, 0.05, 0.0667, 0.0833, 0.1, 0.1167, 0.1333, 0.15, 0.1667, 0.1833, 0.2, 0.2167, 0.2333, 0.25, 0.2667, 0.2833, 0.3, 0.3167, 0.3333, 0.35, 0.3667, 0.3833, 0.4, 0.4167, 0.4333, 0.45, 0.4667, 0.4833, 0.5, 0.5167, 0.5333, 0.55, 0.5667, 0.5833, 0.6, 0.6167, 0.6333, 0.65, 0.6667, 0.6833, 0.7, 0.7167, 0.7333, 0.75, 0.7667, 0.7833, 0.8, 0.8167, 0.8333, 0.85, 0.8667, 0.8833, 0.9, 0.9167, 0.9333, 0.95, 0.9667, 0.9833, 1.0, 1.0167, 1.0333, 1.05, 1.0667, 1.0833, 1.1, 1.1167, 1.1333, 1.15, 1.1667, 1.1833, 1.2, 1.2167, 1.2333, 1.25, 1.2667, 1.2833, 1.3],
            "transform": [
                [0.690379, 0.140292, 0.709715, 0.124994, 0.169417, -0.985088, 0.029926, -0.002831, 0.703331, 0.099578, -0.703854, -1.2e-05, 0.0, 0.0, 0.0, 1.0],
                [0.696448, 0.143246, 0.703165, 0.124994, 0.163594, -0.985763, 0.038785, -0.002831, 0.69871, 0.088022, -0.709969, -1.2e-05, 0.0, 0.0, 0.0, 1.0],
                [0.713503, 0.151013, 0.684184, 0.124994, 0.147517, -0.986984, 0.06401, -0.002831, 0.684946, 0.055257, -0.726496, -1.2e-05, 0.0, 0.0, 0.0, 1.0],
                [0.739672, 0.1614, 0.653326, 0.124994, 0.123581, -0.986879, 0.10389, -0.002831, 0.661523, 0.003894, -0.749915, -1.2e-05, 0.0, 0.0, 0.0, 1.0],
                [0.772774, 0.17172, 0.611009, 0.124994, 0.094583, -0.983109, 0.156673, -0.002831, 0.627593, -0.063282, -0.775965, -1.2e-05, 0.0, 0.0, 0.0, 1.0],
                [0.810241, 0.179143, 0.558047, 0.124994, 0.063647, -0.973403, 0.220071, -0.002831, 0.58263, -0.142792, -0.800096, -1.2e-05, 0.0, 0.0, 0.0, 1.0],
                [0.849185, 0.181149, 0.496053, 0.124994, 0.033994, -0.956127, 0.290968, -0.002831, 0.526999, -0.230223, -0.818089, -1.2e-05, 0.0, 0.0, 0.0, 1.0],
                [0.886665, 0.17602, 0.427601, 0.124994, 0.008546, -0.930795, 0.365437, -0.002831, 0.462334, -0.320365, -0.826809, -1.2e-05, 0.0, 0.0, 0.0, 1.0],
                [0.920089, 0.163247, 0.356069, 0.124994, -0.010529, -0.898379, 0.439091, -0.002831, 0.391566, -0.407751, -0.824872, -1.2e-05, 0.0, 0.0, 0.0, 1.0],
                [0.94763, 0.143703, 0.285211, 0.124994, -0.022182, -0.861274, 0.507653, -0.002831, 0.318597, -0.487393, -0.812984, -1.2e-05, 0.0, 0.0, 0.0, 1.0],
                [0.968471, 0.119474, 0.218606, 0.124994, -0.026584, -0.822926, 0.567524, -0.002831, 0.247701, -0.555441, -0.793806, -1.2e-05, 0.0, 0.0, 0.0, 1.0],
                [0.982809, 0.093463, 0.159215, 0.124994, -0.024942, -0.787267, 0.616105, -0.002831, 0.182928, -0.609484, -0.771405, -1.2e-05, 0.0, 0.0, 0.0, 1.0],
                [0.991628, 0.068893, 0.109211, 0.124994, -0.019106, -0.758179, 0.651764, -0.002831, 0.127703, -0.648393, -0.750518, -1.2e-05, 0.0, 0.0, 0.0, 1.0],
                [0.996341, 0.048897, 0.070098, 0.124994, -0.011109, -0.739123, 0.673477, -0.002831, 0.084742, -0.67179, -0.735877, -1.2e-05, 0.0, 0.0, 0.0, 1.0],
                [0.998413, 0.036257, 0.043077, 0.124994, -0.002732, -0.732967, 0.680257, -0.002831, 0.056238, -0.679294, -0.731707, -1.2e-05, 0.0, 0.0, 0.0, 1.0],
                [0.999145, 0.032798, 0.025172, 0.124994, 0.007425, -0.741287, 0.671145, -0.002831, 0.040672, -0.670383, -0.740899, -1.2e-05, 0.0, 0.0, 0.0, 1.0],
                [0.999246, 0.036893, 0.012028, 0.124994, 0.02026, -0.76038, 0.649161, -0.002831, 0.033096, -0.648427, -0.760557, -1.2e-05, 0.0, 0.0, 0.0, 1.0],
                [0.998959, 0.045523, 0.002972, 0.124994, 0.033919, -0.784721, 0.618918, -0.002831, 0.030507, -0.618172, -0.78545, -1.2e-05, 0.0, 0.0, 0.0, 1.0],
                [0.998456, 0.055461, -0.002804, 0.124994, 0.046601, -0.809337, 0.58549, -0.002831, 0.030203, -0.584716, -0.810675, -1.2e-05, 0.0, 0.0, 0.0, 1.0],
                [0.997965, 0.063435, -0.006453, 0.124994, 0.056357, -0.830195, 0.554614, -0.002831, 0.029825, -0.553848, -0.832083, -1.2e-05, 0.0, 0.0, 0.0, 1.0],
                [0.99776, 0.066216, -0.009462, 0.124994, 0.061074, -0.844178, 0.53257, -0.002831, 0.027277, -0.531954, -0.846333, -1.2e-05, 0.0, 0.0, 0.0, 1.0],
                [0.997815, 0.06459, -0.01385, 0.124994, 0.062416, -0.853204, 0.517827, -0.002831, 0.02163, -0.517559, -0.855374, -1.2e-05, 0.0, 0.0, 0.0, 1.0],
                [0.997892, 0.061597, -0.020425, 0.124994, 0.063478, -0.86108, 0.504488, -0.002831, 0.013488, -0.50472, -0.863178, -1.2e-05, 0.0, 0.0, 0.0, 1.0],
                [0.997929, 0.057417, -0.028973, 0.124994, 0.064236, -0.867933, 0.492507, -0.002831, 0.003132, -0.493348, -0.869826, -1.2e-05, 0.0, 0.0, 0.0, 1.0],
                [0.997863, 0.052215, -0.039265, 0.124994, 0.064687, -0.873871, 0.481831, -0.002831, -0.009153, -0.483341, -0.875384, -1.2e-05, 0.0, 0.0, 0.0, 1.0],
                [0.997629, 0.046148, -0.051059, 0.124994, 0.064838, -0.878997, 0.472395, -0.002831, -0.023081, -0.474584, -0.879907, -1.2e-05, 0.0, 0.0, 0.0, 1.0],
                [0.997166, 0.039366, -0.064104, 0.124994, 0.064711, -0.883401, 0.464125, -0.002831, -0.038359, -0.466958, -0.883447, -1.2e-05, 0.0, 0.0, 0.0, 1.0],
                [0.996428, 0.032011, -0.078142, 0.124994, 0.064335, -0.887164, 0.456943, -0.002831, -0.054697, -0.460337, -0.886057, -1.2e-05, 0.0, 0.0, 0.0, 1.0],
                [0.99538, 0.024227, -0.092907, 0.124994, 0.063744, -0.890364, 0.45076, -0.002831, -0.0718, -0.454599, -0.887798, -1.2e-05, 0.0, 0.0, 0.0, 1.0],
                [0.994005, 0.016154, -0.108133, 0.124994, 0.062976, -0.89307, 0.445485, -0.002831, -0.089374, -0.449623, -0.888736, -1.2e-05, 0.0, 0.0, 0.0, 1.0],
                [0.992306, 0.007933, -0.123555, 0.124994, 0.06207, -0.895347, 0.441018, -0.002831, -0.107126, -0.445293, -0.888953, -1.2e-05, 0.0, 0.0, 0.0, 1.0],
                [0.990305, -0.000296, -0.138907, 0.124994, 0.061065, -0.897258, 0.437258, -0.002831, -0.124765, -0.441501, -0.888544, -1.2e-05, 0.0, 0.0, 0.0, 1.0],
                [0.988046, -0.00839, -0.15393, 0.124994, 0.059996, -0.898864, 0.434098, -0.002831, -0.142004, -0.438143, -0.887618, -1.2e-05, 0.0, 0.0, 0.0, 1.0],
                [0.985591, -0.016205, -0.168368, 0.124994, 0.058899, -0.900222, 0.431426, -0.002831, -0.15856, -0.435125, -0.886298, -1.2e-05, 0.0, 0.0, 0.0, 1.0],
                [0.98302, -0.023597, -0.181975, 0.124994, 0.057803, -0.901389, 0.42913, -0.002831, -0.174157, -0.432361, -0.884722, -1.2e-05, 0.0, 0.0, 0.0, 1.0],
                [0.980428, -0.030419, -0.194511, 0.124994, 0.056733, -0.902423, 0.427095, -0.002831, -0.188523, -0.42977, -0.883038, -1.2e-05, 0.0, 0.0, 0.0, 1.0],
                [0.977924, -0.036527, -0.205742, 0.124994, 0.055714, -0.90338, 0.425203, -0.002831, -0.201395, -0.427278, -0.881404, -1.2e-05, 0.0, 0.0, 0.0, 1.0],
                [0.975622, -0.041773, -0.215443, 0.124994, 0.054764, -0.904314, 0.423337, -0.002831, -0.212513, -0.424814, -0.879984, -1.2e-05, 0.0, 0.0, 0.0, 1.0],
                [0.973642, -0.046011, -0.223392, 0.124994, 0.0539, -0.90528, 0.421377, -0.002831, -0.221621, -0.42231, -0.878941, -1.2e-05, 0.0, 0.0, 0.0, 1.0],
                [0.9721, -0.049095, -0.229369, 0.124994, 0.053138, -0.906334, 0.419204, -0.002831, -0.228466, -0.419696, -0.878441, -1.2e-05, 0.0, 0.0, 0.0, 1.0],
                [0.971108, -0.05088, -0.233154, 0.124994, 0.052496, -0.907526, 0.416699, -0.002831, -0.232795, -0.416898, -0.878637, -1.2e-05, 0.0, 0.0, 0.0, 1.0],
                [0.970761, -0.051223, -0.23452, 0.124994, 0.051993, -0.908908, 0.413738, -0.002831, -0.23435, -0.413833, -0.879671, -1.2e-05, 0.0, 0.0, 0.0, 1.0],
                [0.971022, -0.050476, -0.233596, 0.124994, 0.051362, -0.910522, 0.410253, -0.002831, -0.233403, -0.410362, -0.881548, -1.2e-05, 0.0, 0.0, 0.0, 1.0],
                [0.971775, -0.049122, -0.230736, 0.124994, 0.050345, -0.912363, 0.40627, -0.002831, -0.230472, -0.406418, -0.884142, -1.2e-05, 0.0, 0.0, 0.0, 1.0],
                [0.972973, -0.047209, -0.226039, 0.124994, 0.048981, -0.914409, 0.401812, -0.002831, -0.225662, -0.402023, -0.887386, -1.2e-05, 0.0, 0.0, 0.0, 1.0],
                [0.974561, -0.044789, -0.2196, 0.124994, 0.047308, -0.916639, 0.396903, -0.002831, -0.219071, -0.397194, -0.891204, -1.2e-05, 0.0, 0.0, 0.0, 1.0],
                [0.976476, -0.041915, -0.211514, 0.124994, 0.045367, -0.919031, 0.391562, -0.002831, -0.2108, -0.391946, -0.895512, -1.2e-05, 0.0, 0.0, 0.0, 1.0],
                [0.978649, -0.038638, -0.201873, 0.124994, 0.0432, -0.921564, 0.385812, -0.002831, -0.200946, -0.386294, -0.900221, -1.2e-05, 0.0, 0.0, 0.0, 1.0],
                [0.98101, -0.035013, -0.190771, 0.124994, 0.040847, -0.924217, 0.379673, -0.002831, -0.189607, -0.380255, -0.905238, -1.2e-05, 0.0, 0.0, 0.0, 1.0],
                [0.983484, -0.031091, -0.178304, 0.124994, 0.03835, -0.926969, 0.373168, -0.002831, -0.176885, -0.373842, -0.910469, -1.2e-05, 0.0, 0.0, 0.0, 1.0],
                [0.985997, -0.026926, -0.16457, 0.124994, 0.03575, -0.9298, 0.366321, -0.002831, -0.162881, -0.367074, -0.91582, -1.2e-05, 0.0, 0.0, 0.0, 1.0],
                [0.988478, -0.02257, -0.14967, 0.124994, 0.033086, -0.932688, 0.359157, -0.002831, -0.147702, -0.35997, -0.921198, -1.2e-05, 0.0, 0.0, 0.0, 1.0],
                [0.990855, -0.018073, -0.13371, 0.124994, 0.030395, -0.935616, 0.351704, -0.002831, -0.131458, -0.352552, -0.926513, -1.2e-05, 0.0, 0.0, 0.0, 1.0],
                [0.993064, -0.013484, -0.116799, 0.124994, 0.027714, -0.938561, 0.343993, -0.002831, -0.114261, -0.344843, -0.93168, -1.2e-05, 0.0, 0.0, 0.0, 1.0],
                [0.995043, -0.008852, -0.09905, 0.124994, 0.025077, -0.941506, 0.336056, -0.002831, -0.096231, -0.336873, -0.93662, -1.2e-05, 0.0, 0.0, 0.0, 1.0],
                [0.996739, -0.00422, -0.080583, 0.124994, 0.022513, -0.944433, 0.327927, -0.002831, -0.077489, -0.328671, -0.94126, -1.2e-05, 0.0, 0.0, 0.0, 1.0],
                [0.998105, 0.000369, -0.061519, 0.124994, 0.020052, -0.947323, 0.319645, -0.002831, -0.05816, -0.320273, -0.945539, -1.2e-05, 0.0, 0.0, 0.0, 1.0],
                [0.999106, 0.004877, -0.041985, 0.124994, 0.017717, -0.950161, 0.31125, -0.002831, -0.038374, -0.311715, -0.949401, -1.2e-05, 0.0, 0.0, 0.0, 1.0],
                [0.999712, 0.009267, -0.022109, 0.124994, 0.015529, -0.952931, 0.302783, -0.002831, -0.018262, -0.303039, -0.952803, -1.2e-05, 0.0, 0.0, 0.0, 1.0],
                [0.999906, 0.013508, -0.002023, 0.124994, 0.013506, -0.955619, 0.294288, -0.002831, 0.002043, -0.294287, -0.955715, -1.2e-05, 0.0, 0.0, 0.0, 1.0],
                [0.999681, 0.017574, 0.018141, 0.124994, 0.011658, -0.958213, 0.285811, -0.002831, 0.022406, -0.285508, -0.958115, -1.2e-05, 0.0, 0.0, 0.0, 1.0],
                [0.999038, 0.02144, 0.038249, 0.124994, 0.009997, -0.960701, 0.277398, -0.002831, 0.042694, -0.276748, -0.959994, -1.2e-05, 0.0, 0.0, 0.0, 1.0],
                [0.997991, 0.025088, 0.058169, 0.124994, 0.008525, -0.963074, 0.269096, -0.002831, 0.062772, -0.268059, -0.961356, -1.2e-05, 0.0, 0.0, 0.0, 1.0],
                [0.996564, 0.028502, 0.077769, 0.124994, 0.007245, -0.965322, 0.260953, -0.002831, 0.08251, -0.259492, -0.962214, -1.2e-05, 0.0, 0.0, 0.0, 1.0],
                [0.994788, 0.031673, 0.096919, 0.124994, 0.006152, -0.96744, 0.253017, -0.002831, 0.101778, -0.251102, -0.962595, -1.2e-05, 0.0, 0.0, 0.0, 1.0],
                [0.992705, 0.034594, 0.115493, 0.124994, 0.005239, -0.969422, 0.245337, -0.002831, 0.120449, -0.242941, -0.962534, -1.2e-05, 0.0, 0.0, 0.0, 1.0],
                [0.990366, 0.037261, 0.133367, 0.124994, 0.004498, -0.971263, 0.237958, -0.002831, 0.138402, -0.235065, -0.962076, -1.2e-05, 0.0, 0.0, 0.0, 1.0],
                [0.987825, 0.039677, 0.150422, 0.124994, 0.003916, -0.972961, 0.230927, -0.002831, 0.155517, -0.227526, -0.961274, -1.2e-05, 0.0, 0.0, 0.0, 1.0],
                [0.985146, 0.041844, 0.166541, 0.124994, 0.003476, -0.974514, 0.224289, -0.002831, 0.171682, -0.220378, -0.960187, -1.2e-05, 0.0, 0.0, 0.0, 1.0],
                [0.982395, 0.043768, 0.181612, 0.124994, 0.003162, -0.975922, 0.21809, -0.002831, 0.186785, -0.213675, -0.958882, -1.2e-05, 0.0, 0.0, 0.0, 1.0],
                [0.979644, 0.045457, 0.195528, 0.124994, 0.002956, -0.977183, 0.212371, -0.002831, 0.200721, -0.207469, -0.957428, -1.2e-05, 0.0, 0.0, 0.0, 1.0],
                [0.976963, 0.046921, 0.208183, 0.124994, 0.002838, -0.978298, 0.207175, -0.002831, 0.213386, -0.201812, -0.955897, -1.2e-05, 0.0, 0.0, 0.0, 1.0],
                [0.974428, 0.048169, 0.219476, 0.124994, 0.002788, -0.979267, 0.202544, -0.002831, 0.224682, -0.196752, -0.954362, -1.2e-05, 0.0, 0.0, 0.0, 1.0],
                [0.972109, 0.04921, 0.229306, 0.124994, 0.002787, -0.980091, 0.198518, -0.002831, 0.23451, -0.192341, -0.952896, -1.2e-05, 0.0, 0.0, 0.0, 1.0],
                [0.970079, 0.050054, 0.237574, 0.124994, 0.002817, -0.98077, 0.195135, -0.002831, 0.242773, -0.188627, -0.951568, -1.2e-05, 0.0, 0.0, 0.0, 1.0],
                [0.968402, 0.050708, 0.244182, 0.124994, 0.002861, -0.981303, 0.192436, -0.002831, 0.249375, -0.185656, -0.950444, -1.2e-05, 0.0, 0.0, 0.0, 1.0],
                [0.967142, 0.051176, 0.24903, 0.124994, 0.002905, -0.981689, 0.190459, -0.002831, 0.254218, -0.183478, -0.949584, -1.2e-05, 0.0, 0.0, 0.0, 1.0],
                [0.966353, 0.05146, 0.252017, 0.124994, 0.002936, -0.981923, 0.189244, -0.002831, 0.2572, -0.182137, -0.949039, -1.2e-05, 0.0, 0.0, 0.0, 1.0],
                [0.966082, 0.051556, 0.253036, 0.124994, 0.002947, -0.982003, 0.18883, -0.002831, 0.258218, -0.18168, -0.94885, -1.2e-05, 0.0, 0.0, 0.0, 1.0]
            ]
        },
        {
            "name": "Leg_R",
            "time": [0.0, 0.0167, 0.0333, 0.05, 0.0667, 0.0833, 0.1, 0.1167, 0.1333, 0.15, 0.1667, 0.1833, 0.2, 0.2167, 0.2333, 0.25, 0.2667, 0.2833, 0.3, 0.3167, 0.3333, 0.35, 0.3667, 0.3833, 0.4, 0.4167, 0.4333, 0.45, 0.4667, 0.4833, 0.5, 0.5167, 0.5333, 0.55, 0.5667, 0.5833, 0.6, 0.6167, 0.6333, 0.65, 0.6667, 0.6833, 0.7, 0.7167, 0.7333, 0.75, 0.7667, 0.7833, 0.8, 0.8167, 0.8333, 0.85, 0.8667, 0.8833, 0.9, 0.9167, 0.9333, 0.95, 0.9667, 0.9833, 1.0, 1.0167, 1.0333, 1.05, 1.0667, 1.0833, 1.1, 1.1167, 1.1333, 1.15, 1.1667, 1.1833, 1.2, 1.2167, 1.2333, 1.25, 1.2667, 1.2833, 1.3],
            "transform": [
                [1.0, 0.0, 1e-06, -0.0, -0.0, 0.920149, 0.391569, 0.37472, -1e-06, -0.39157, 0.920148, -0.0, 0.0, 0.0, 0.0, 1.0],
                [1.0, 0.0, 1e-06, -0.0, -0.0, 0.918894, 0.394506, 0.37472, -1e-06, -0.394507, 0.918892, -0.0, 0.0, 0.0, 0.0, 1.0],
                [1.0, 0.0, 1e-06, 0.0, -0.0, 0.915267, 0.402848, 0.37472, -1e-06, -0.402849, 0.915266, -0.0, 0.0, 0.0, 0.0, 1.0],
                [1.0, 0.0, 1e-06, -0.0, -0.0, 0.909365, 0.416, 0.37472, -1e-06, -0.416001, 0.909364, -0.0, 0.0, 0.0, 0.0, 1.0],
                [1.0, 0.0, 1e-06, -0.0, -0.0, 0.901179, 0.433448, 0.37472, -1e-06, -0.433449, 0.901178, 0.0, 0.0, 0.0, 0.0, 1.0],
                [1.0, 0.0, 1e-06, 0.0, -0.0, 0.890658, 0.454674, 0.37472, -1e-06, -0.454675, 0.890657, 0.0, 0.0, 0.0, 0.0, 1.0],
                [1.0, 0.0, 1e-06, -0.0, -0.0, 0.87777, 0.479084, 0.37472, -1e-06, -0.479085, 0.877768, 0.0, 0.0, 0.0, 0.0, 1.0],
                [1.0, -0.0, 1e-06, -0.0, -0.0, 0.862571, 0.505936, 0.37472, -1e-06, -0.505937, 0.86257, -0.0, 0.0, 0.0, 0.0, 1.0],
                [1.0, -0.0, 1e-06, -0.0, -0.0, 0.845307, 0.534281, 0.37472, -1e-06, -0.534281, 0.845306, -0.0, 0.0, 0.0, 0.0, 1.0],
                [1.0, -0.0, 1e-06, 0.0, -0.0, 0.826514, 0.562916, 0.37472, -1e-06, -0.562917, 0.826513, -0.0, 0.0, 0.0, 0.0, 1.0],
                [1.0, -0.0, 1e-06, -0.0, -0.0, 0.807129, 0.590376, 0.37472, -1e-06, -0.590377, 0.807128, 0.0, 0.0, 0.0, 0.0, 1.0],
                [1.0, -0.0, 1e-06, -0.0, -0.0, 0.788558, 0.614961, 0.37472, -1e-06, -0.614962, 0.788556, 0.0, 0.0, 0.0, 0.0, 1.0],
                [1.0, -0.0, 1e-06, -0.0, -0.0, 0.772664, 0.634816, 0.37472, -1e-06, -0.634817, 0.772663, -0.0, 0.0, 0.0, 0.0, 1.0],
                [1.0, -0.0, 1e-06, 0.0, -0.0, 0.761607, 0.648039, 0.37472, -1e-06, -0.64804, 0.761606, 0.0, 0.0, 0.0, 0.0, 1.0],
                [1.0, -0.0, 1e-06, -0.0, -0.0, 0.757516, 0.652817, 0.37472, -1e-06, -0.652818, 0.757515, -0.0, 0.0, 0.0, 0.0, 1.0],
                [1.0, -0.0, 1e-06, -0.0, -0.0, 0.774987, 0.631977, 0.37472, -1e-06, -0.631978, 0.774986, -0.0, 0.0, 0.0, 0.0, 1.0],
                [1.0, -0.0, 1e-06, 0.0, -0.0, 0.816093, 0.577921, 0.37472, -1e-06, -0.577922, 0.816091, 0.0, 0.0, 0.0, 0.0, 1.0],
                [1.0, 0.0, 1e-06, 0.0, -0.0, 0.863586, 0.504203, 0.37472, -1e-06, -0.504203, 0.863584, 0.0, 0.0, 0.0, 0.0, 1.0],
                [1.0, 0.0, 1e-06, 0.0, -0.0, 0.904061, 0.427405, 0.37472, -1e-06, -0.427406, 0.904059, 0.0, 0.0, 0.0, 0.0, 1.0],
                [1.0, 0.0, 1e-06, 0.0, -0.0, 0.930545, 0.366179, 0.37472, -1e-06, -0.36618, 0.930543, -0.0, 0.0, 0.0, 0.0, 1.0],
                [1.0, 0.0, 1e-06, 0.0, -0.0, 0.940904, 0.338673, 0.37472, -1e-06, -0.338674, 0.940903, 0.0, 0.0, 0.0, 0.0, 1.0],
                [1.0, 0.0, 1e-06, 0.0, -0.0, 0.942614, 0.333887, 0.37472, -1e-06, -0.333887, 0.942613, -0.0, 0.0, 0.0, 0.0, 1.0],
                [1.0, 0.0, 1e-06, -0.0, -0.0, 0.944093, 0.32968, 0.37472, -1e-06, -0.329681, 0.944092, 0.0, 0.0, 0.0, 0.0, 1.0],
                [1.0, 0.0, 1e-06, 0.0, -0.0, 0.945366, 0.326013, 0.37472, -1e-06, -0.326014, 0.945364, -0.0, 0.0, 0.0, 0.0, 1.0],
                [1.0, 0.0, 1e-06, -0.0, -0.0, 0.946452, 0.322848, 0.37472, -1e-06, -0.322848, 0.94645, -0.0, 0.0, 0.0, 0.0, 1.0],
                [1.0, 0.0, 1e-06, 0.0, -0.0, 0.947368, 0.320149, 0.37472, -1e-06, -0.32015, 0.947367, -0.0, 0.0, 0.0, 0.0, 1.0],
                [1.0, 0.0, 1e-06, 0.0, -0.0, 0.948129, 0.317886, 0.37472, -1e-06, -0.317886, 0.948128, -0.0, 0.0, 0.0, 0.0, 1.0],
                [1.0, 0.0, 1e-06, -0.0, -0.0, 0.94875, 0.316029, 0.37472, -1e-06, -0.316029, 0.948749, 0.0, 0.0, 0.0, 0.0, 1.0],
                [1.0, 0.0, 1e-06, -0.0, -0.0, 0.949241, 0.31455, 0.37472, -1e-06, -0.314551, 0.94924, 0.0, 0.0, 0.0, 0.0, 1.0],
                [1.0, 0.0, 1e-06, 0.0, -0.0, 0.949613, 0.313425, 0.37472, -1e-06, -0.313426, 0.949612, -0.0, 0.0, 0.0, 0.0, 1.0],
                [1.0, 0.0, 1e-06, 0.0, -0.0, 0.949875, 0.31263, 0.37472, -1e-06, -0.312631, 0.949874, 0.0, 0.0, 0.0, 0.0, 1.0],
                [1.0, 0.0, 1e-06, 0.0, -0.0, 0.950036, 0.312143, 0.37472, -1e-06, -0.312144, 0.950034, 0.0, 0.0, 0.0, 0.0, 1.0],
                [1.0, 0.0, 1e-06, 0.0, -0.0, 0.950101, 0.311944, 0.37472, -1e-06, -0.311944, 0.9501, -0.0, 0.0, 0.0, 0.0, 1.0],
                [1.0, 0.0, 1e-06, 0.0, -0.0, 0.950078, 0.312013, 0.37472, -1e-06, -0.312013, 0.950077, -0.0, 0.0, 0.0, 0.0, 1.0],
                [1.0, 0.0, 1e-06, -0.0, -0.0, 0.949974, 0.312332, 0.37472, -1e-06, -0.312333, 0.949972, -0.0, 0.0, 0.0, 0.0, 1.0],
                [1.0, 0.0, 1e-06, 0.0, -0.0, 0.949792, 0.312885, 0.37472, -1e-06, -0.312885, 0.94979, 0.0, 0.0, 0.0, 0.0, 1.0],
                [1.0, 0.0, 1e-06, 0.0, -0.0, 0.949538, 0.313654, 0.37472, -1e-06, -0.313655, 0.949536, -0.0, 0.0, 0.0, 0.0, 1.0],
                [1.0, 0.0, 1e-06, -0.0, -0.0, 0.949216, 0.314626, 0.37472, -1e-06, -0.314626, 0.949215, 0.0, 0.0, 0.0, 0.0, 1.0],
                [1.0, 0.0, 1e-06, -0.0, -0.0, 0.948831, 0.315785, 0.37472, -1e-06, -0.315786, 0.94883, -0.0, 0.0, 0.0, 0.0, 1.0],
                [1.0, 0.0, 1e-06, 0.0, -0.0, 0.948387, 0.317118, 0.37472, -1e-06, -0.317118, 0.948385, 0.0, 0.0, 0.0, 0.0, 1.0],
                [1.0, 0.0, 1e-06, 0.0, -0.0, 0.947886, 0.31861, 0.37472, -1e-06, -0.318611, 0.947885, -0.0, 0.0, 0.0, 0.0, 1.0],
                [1.0, 0.0, 1e-06, 0.0, -0.0, 0.947333, 0.320251, 0.37472, -1e-06, -0.320252, 0.947332, 0.0, 0.0, 0.0, 0.0, 1.0],
                [1.0, 0.0, 1e-06, 0.0, -0.0, 0.946731, 0.322027, 0.37472, -1e-06, -0.322027, 0.94673, -0.0, 0.0, 0.0, 0.0, 1.0],
                [1.0, 0.0, 1e-06, 0.0, -0.0, 0.946083, 0.323927, 0.37472, -1e-06, -0.323927, 0.946081, 0.0, 0.0, 0.0, 0.0, 1.0],
                [1.0, 0.0, 1e-06, -0.0, -0.0, 0.945391, 0.325939, 0.37472, -1e-06, -0.325939, 0.94539, -0.0, 0.0, 0.0, 0.0, 1.0],
                [1.0, 0.0, 1e-06, 0.0, -0.0, 0.94466, 0.328052, 0.37472, -1e-06, -0.328052, 0.944659, -0.0, 0.0, 0.0, 0.0, 1.0],
                [1.0, 0.0, 1e-06, 0.0, -0.0, 0.943892, 0.330256, 0.37472, -1e-06, -0.330256, 0.943891, -0.0, 0.0, 0.0, 0.0, 1.0],
                [1.0, 0.0, 1e-06, 0.0, -0.0, 0.94309, 0.33254, 0.37472, -1e-06, -0.33254, 0.943088, -0.0, 0.0, 0.0, 0.0, 1.0],
                [1.0, 0.0, 1e-06, 0.0, -0.0, 0.942257, 0.334894, 0.37472, -1e-06, -0.334894, 0.942255, 0.0, 0.0, 0.0, 0.0, 1.0],
                [1.0, 0.0, 1e-06, 0.0, -0.0, 0.941395, 0.337308, 0.37472, -1e-06, -0.337308, 0.941394, -0.0, 0.0, 0.0, 0.0, 1.0],
                [1.0, 0.0, 1e-06, 0.0, -0.0, 0.940508, 0.339772, 0.37472, -1e-06, -0.339772, 0.940507, 0.0, 0.0, 0.0, 0.0, 1.0],
                [1.0, 0.0, 1e-06, 0.0, -0.0, 0.9396, 0.342276, 0.37472, -1e-06, -0.342277, 0.939599, 0.0, 0.0, 0.0, 0.0, 1.0],
                [1.0, 0.0, 1e-06, -0.0, -0.0, 0.938672, 0.344812, 0.37472, -1e-06, -0.344812, 0.938671, -0.0, 0.0, 0.0, 0.0, 1.0],
                [1.0, 0.0, 1e-06, -0.0, -0.0, 0.937729, 0.347369, 0.37472, -1e-06, -0.34737, 0.937728, -0.0, 0.0, 0.0, 0.0, 1.0],
                [1.0, 0.0, 1e-06, -0.0, -0.0, 0.936773, 0.349939, 0.37472, -1e-06, -0.349939, 0.936772, 0.0, 0.0, 0.0, 0.0, 1.0],
                [1.0, 0.0, 1e-06, -0.0, -0.0, 0.935808, 0.352511, 0.37472, -1e-06, -0.352512, 0.935807, 0.0, 0.0, 0.0, 0.0, 1.0],
                [1.0, 0.0, 1e-06, -0.0, -0.0, 0.934837, 0.355078, 0.37472, -1e-06, -0.355079, 0.934836, -0.0, 0.0, 0.0, 0.0, 1.0],
                [1.0, 0.0, 1e-06, -0.0, -0.0, 0.933864, 0.35763, 0.37472, -1e-06, -0.35763, 0.933863, 0.0, 0.0, 0.0, 0.0, 1.0],
                [1.0, 0.0, 1e-06, 0.0, -0.0, 0.932892, 0.360157, 0.37472, -1e-06, -0.360158, 0.932891, 0.0, 0.0, 0.0, 0.0, 1.0],
                [1.0, 0.0, 1e-06, -0.0, -0.0, 0.931925, 0.362652, 0.37472, -1e-06, -0.362652, 0.931924, 0.0, 0.0, 0.0, 0.0, 1.0],
                [1.0, 0.0, 1e-06, -0.0, -0.0, 0.930967, 0.365104, 0.37472, -1e-06, -0.365105, 0.930966, -0.0, 0.0, 0.0, 0.0, 1.0],
                [1.0, 0.0, 1e-06, -0.0, -0.0, 0.930022, 0.367505, 0.37472, -1e-06, -0.367505, 0.930021, -0.0, 0.0, 0.0, 0.0, 1.0],
                [1.0, 0.0, 1e-06, 0.0, -0.0, 0.929094, 0.369846, 0.37472, -1e-06, -0.369846, 0.929092, 0.0, 0.0, 0.0, 0.0, 1.0],
                [1.0, 0.0, 1e-06, -0.0, -0.0, 0.928186, 0.372117, 0.37472, -1e-06, -0.372118, 0.928185, -0.0, 0.0, 0.0, 0.0, 1.0],
                [1.0, 0.0, 1e-06, -0.0, -0.0, 0.927304, 0.37431, 0.37472, -1e-06, -0.374311, 0.927303, -0.0, 0.0, 0.0, 0.0, 1.0],
                [1.0, 0.0, 1e-06, -0.0, -0.0, 0.926451, 0.376416, 0.37472, -1e-06, -0.376416, 0.92645, -0.0, 0.0, 0.0, 0.0, 1.0],
                [1.0, 0.0, 1e-06, 0.0, -0.0, 0.925632, 0.378425, 0.37472, -1e-06, -0.378425, 0.925631, -0.0, 0.0, 0.0, 0.0, 1.0],
                [1.0, 0.0, 1e-06, 0.0, -0.0, 0.924852, 0.380328, 0.37472, -1e-06, -0.380329, 0.924851, -0.0, 0.0, 0.0, 0.0, 1.0],
                [1.0, 0.0, 1e-06, -0.0, -0.0, 0.924115, 0.382116, 0.37472, -1e-06, -0.382117, 0.924114, 0.0, 0.0, 0.0, 0.0, 1.0],
                [1.0, 0.0, 1e-06, -0.0, -0.0, 0.923425, 0.383779, 0.37472, -1e-06, -0.38378, 0.923424, -0.0, 0.0, 0.0, 0.0, 1.0],
                [1.0, 0.0, 1e-06, -0.0, -0.0, 0.922788, 0.385309, 0.37472, -1e-06, -0.38531, 0.922787, -0.0, 0.0, 0.0, 0.0, 1.0],
                [1.0, 0.0, 1e-06, 0.0, -0.0, 0.922208, 0.386695, 0.37472, -1e-06, -0.386696, 0.922207, 0.0, 0.0, 0.0, 0.0, 1.0],
                [1.0, 0.0, 1e-06, -0.0, -0.0, 0.92169, 0.387929, 0.37472, -1e-06, -0.387929, 0.921689, 0.0, 0.0, 0.0, 0.0, 1.0],
                [1.0, 0.0, 1e-06, -0.0, -0.0, 0.921239, 0.388999, 0.37472, -1e-06, -0.389, 0.921237, -0.0, 0.0, 0.0, 0.0, 1.0],
                [1.0, 0.0, 1e-06, 0.0, -0.0, 0.920859, 0.389897, 0.37472, -1e-06, -0.389898, 0.920857, -0.0, 0.0, 0.0, 0.0, 1.0],
                [1.0, 0.0, 1e-06, 0.0, -0.0, 0.920555, 0.390614, 0.37472, -1e-06, -0.390614, 0.920554, -0.0, 0.0, 0.0, 0.0, 1.0],
                [1.0, 0.0, 1e-06, 0.0, -0.0, 0.920333, 0.391138, 0.37472, -1e-06, -0.391138, 0.920331, 0.0, 0.0, 0.0, 0.0, 1.0],
                [1.0, 0.0, 1e-06, -0.0, -0.0, 0.920196, 0.391459, 0.37472, -1e-06, -0.39146, 0.920194, 0.0, 0.0, 0.0, 0.0, 1.0],
                [1.0, 0.0, 1e-06, -0.0, -0.0, 0.920149, 0.391569, 0.37472, -1e-06, -0.39157, 0.920148, 0.0, 0.0, 0.0, 0.0, 1.0]
            ]
        },
        {
            "name": "Knee_R",
            "time": [0.0, 0.0167, 0.0333, 0.05, 0.0667, 0.0833, 0.1, 0.1167, 0.1333, 0.15, 0.1667, 0.1833, 0.2, 0.2167, 0.2333, 0.25, 0.2667, 0.2833, 0.3, 0.3167, 0.3333, 0.35, 0.3667, 0.3833, 0.4, 0.4167, 0.4333, 0.45, 0.4667, 0.4833, 0.5, 0.5167, 0.5333, 0.55, 0.5667, 0.5833, 0.6, 0.6167, 0.6333, 0.65, 0.6667, 0.6833, 0.7, 0.7167, 0.7333, 0.75, 0.7667, 0.7833, 0.8, 0.8167, 0.8333, 0.85, 0.8667, 0.8833, 0.9, 0.9167, 0.9333, 0.95, 0.9667, 0.9833, 1.0, 1.0167, 1.0333, 1.05, 1.0667, 1.0833, 1.1, 1.1167, 1.1333, 1.15, 1.1667, 1.1833, 1.2, 1.2167, 1.2333, 1.25, 1.2667, 1.2833, 1.3],
            "transform": [
                [1.0, 0.0, -1e-06, 0.0, -0.0, 0.0, -1.0, 0.37472, -0.0, 1.0, 0.0, -0.0, 0.0, 0.0, 0.0, 1.0],
                [1.0, 0.0, -0.0, -0.0, -0.0, 0.0, -1.0, 0.37472, -0.0, 1.0, 0.0, -0.0, 0.0, 0.0, 0.0, 1.0],
                [1.0, 0.0, -0.0, 0.0, -0.0, 0.0, -1.0, 0.37472, -0.0, 1.0, 0.0, 0.0, 0.0, 0.0, 0.0, 1.0],
                [1.0, 0.0, -0.0, -0.0, -0.0, 0.0, -1.0, 0.37472, -0.0, 1.0, 0.0, -0.0, 0.0, 0.0, 0.0, 1.0],
                [1.0, 0.0, -0.0, -0.0, -0.0, 0.0, -1.0, 0.37472, -0.0, 1.0, 0.0, 0.0, 0.0, 0.0, 0.0, 1.0],
                [1.0, 0.0, -0.0, 0.0, -0.0, 0.0, -1.0, 0.37472, -0.0, 1.0, 0.0, -0.0, 0.0, 0.0, 0.0, 1.0],
                [1.0, 0.0, -0.0, 0.0, -0.0, 0.0, -1.0, 0.37472, -0.0, 1.0, 0.0, 0.0, 0.0, 0.0, 0.0, 1.0],
                [1.0, 0.0, -0.0, 0.0, -0.0, 0.0, -1.0, 0.375442, -0.0, 1.0, 0.0, 0.0, 0.0, 0.0, 0.0, 1.0],
                [1.0, 0.0, -0.0, -0.0, -0.0, 0.0, -1.0, 0.378928, -0.0, 1.0, 0.0, -0.0, 0.0, 0.0, 0.0, 1.0],
                [1.0, 0.0, -0.0, 0.0, -0.0, 0.0, -1.0, 0.382526, -0.0, 1.0, 0.0, -0.0, 0.0, 0.0, 0.0, 1.0],
                [1.0, 0.0, -0.0, -0.0, -0.0, 0.0, -1.0, 0.386057, -0.0, 1.0, 0.0, -0.0, 0.0, 0.0, 0.0, 1.0],
                [1.0, 0.0, -0.0, -0.0, -0.0, 0.0, -1.0, 0.389293, -0.0, 1.0, 0.0, -0.0, 0.0, 0.0, 0.0, 1.0],
                [1.0, 0.0, -0.0, -0.0, -0.0, 0.0, -1.0, 0.391965, -0.0, 1.0, 0.0, -0.0, 0.0, 0.0, 0.0, 1.0],
                [1.0, 0.0, -0.0, 0.0, -0.0, 0.0, -1.0, 0.393776, -0.0, 1.0, 0.0, 0.0, 0.0, 0.0, 0.0, 1.0],
                [1.0, 0.0, -0.0, 0.0, -0.0, 0.0, -1.0, 0.394436, -0.0, 1.0, 0.0, 0.0, 0.0, 0.0, 0.0, 1.0],
                [1.0, 0.0, -0.0, -0.0, -0.0, 0.0, -1.0, 0.39158, -0.0, 1.0, 0.0, 0.0, 0.0, 0.0, 0.0, 1.0],
                [1.0, 0.0, -0.0, 0.0, -0.0, 0.0, -1.0, 0.384445, -0.0, 1.0, 0.0, 0.0, 0.0, 0.0, 0.0, 1.0],
                [1.0, 0.0, -0.0, -0.0, -0.0, 0.0, -1.0, 0.375231, -0.0, 1.0, 0.0, 0.0, 0.0, 0.0, 0.0, 1.0],
                [1.0, 0.0, -0.0, 0.0, -0.0, 0.0, -1.0, 0.37472, -0.0, 1.0, 0.0, -0.0, 0.0, 0.0, 0.0, 1.0],
                [1.0, 0.0, -0.0, 0.0, -0.0, 0.0, -1.0, 0.37472, -0.0, 1.0, 0.0, -0.0, 0.0, 0.0, 0.0, 1.0],
                [1.0, 0.0, -0.0, 0.0, -0.0, 0.0, -1.0, 0.37472, -0.0, 1.0, 0.0, 0.0, 0.0, 0.0, 0.0, 1.0],
                [1.0, 0.0, -0.0, -0.0, -0.0, 0.0, -1.0, 0.37472, -0.0, 1.0, 0.0, -0.0, 0.0, 0.0, 0.0, 1.0],
                [1.0, 0.0, -0.0, -0.0, -0.0, 0.0, -1.0, 0.37472, -0.0, 1.0, 0.0, 0.0, 0.0, 0.0, 0.0, 1.0],
                [1.0, 0.0, -0.0, 0.0, -0.0, 0.0, -1.0, 0.37472, -0.0, 1.0, 0.0, -0.0, 0.0, 0.0, 0.0, 1.0],
                [1.0, 0.0, -0.0, 0.0, -0.0, 0.0, -1.0, 0.37472, -0.0, 1.0, 0.0, -0.0, 0.0, 0.0, 0.0, 1.0],
                [1.0, 0.0, -0.0, -0.0, -0.0, 0.0, -1.0, 0.37472, -0.0, 1.0, 0.0, -0.0, 0.0, 0.0, 0.0, 1.0],
                [1.0, 0.0, -0.0, 0.0, -0.0, 0.0, -1.0, 0.37472, -0.0, 1.0, 0.0, 0.0, 0.0, 0.0, 0.0, 1.0],
                [1.0, 0.0, -0.0, -0.0, -0.0, 0.0, -1.0, 0.37472, -0.0, 1.0, 0.0, 0.0, 0.0, 0.0, 0.0, 1.0],
                [1.0, 0.0, -0.0, -0.0, -0.0, 0.0, -1.0, 0.37472, -0.0, 1.0, 0.0, 0.0, 0.0, 0.0, 0.0, 1.0],
                [1.0, 0.0, -0.0, -0.0, -0.0, 0.0, -1.0, 0.37472, -0.0, 1.0, 0.0, 0.0, 0.0, 0.0, 0.0, 1.0],
                [1.0, 0.0, -0.0, 0.0, -0.0, 0.0, -1.0, 0.37472, -0.0, 1.0, 0.0, 0.0, 0.0, 0.0, 0.0, 1.0],
                [1.0, 0.0, -0.0, 0.0, -0.0, 0.0, -1.0, 0.37472, -0.0, 1.0, 0.0, 0.0, 0.0, 0.0, 0.0, 1.0],
                [1.0, 0.0, -0.0, 0.0, -0.0, 0.0, -1.0, 0.37472, -0.0, 1.0, 0.0, -0.0, 0.0, 0.0, 0.0, 1.0],
                [1.0, 0.0, -0.0, 0.0, -0.0, 0.0, -1.0, 0.37472, -0.0, 1.0, 0.0, -0.0, 0.0, 0.0, 0.0, 1.0],
                [1.0, 0.0, -0.0, -0.0, -0.0, 0.0, -1.0, 0.37472, -0.0, 1.0, 0.0, -0.0, 0.0, 0.0, 0.0, 1.0],
