{
    "animation": [
        {
            "name": "Root",
            "time": [0.0, 0.0167, 0.0333, 0.05, 0.0667, 0.0833, 0.1, 0.1167, 0.1333, 0.15, 0.1667, 0.1833, 0.2, 0.2167, 0.2333, 0.25, 0.2667, 0.2833, 0.3, 0.3167, 0.3333, 0.35, 0.3667, 0.3833, 0.4, 0.4167, 0.4333, 0.45, 0.4667, 0.4833, 0.5, 0.5167, 0.5333, 0.55, 0.5667, 0.5833, 0.6, 0.6167, 0.6333, 0.65, 0.6667, 0.6833, 0.7, 0.7167, 0.7333, 0.75, 0.7667, 0.7833, 0.8, 0.8167, 0.8333, 0.85, 0.8667, 0.8833, 0.9, 0.9167, 0.9333, 0.95, 0.9667, 0.9833, 1.0, 1.0167, 1.0333, 1.05, 1.0667, 1.0833, 1.1, 1.1167, 1.1333, 1.15, 1.1667, 1.1833, 1.2, 1.2167, 1.2333, 1.25, 1.2667, 1.2833, 1.3, 1.3167, 1.3333, 1.35, 1.3667, 1.3833, 1.4, 1.4167, 1.4333, 1.45, 1.4667, 1.4833, 1.5, 1.5167, 1.5333, 1.55, 1.5667, 1.5833, 1.6, 1.6167, 1.6333, 1.65, 1.6667, 1.6833, 1.7, 1.7167, 1.7333, 1.75, 1.7667, 1.7833, 1.8, 1.8167, 1.8333, 1.85, 1.8667, 1.8833, 1.9, 1.9167, 1.9333, 1.95, 1.9667, 1.9833, 2.0, 2.0167, 2.0333, 2.05, 2.0667, 2.0833, 2.1, 2.1167, 2.1333, 2.15, 2.1667, 2.1833, 2.2, 2.2167, 2.2333, 2.25, 2.2667, 2.2833, 2.3, 2.3167, 2.3333],
            "transform": [
                [0.870046, 0.0, 0.49297, -5e-06, 0.49297, 0.0, -0.870046, 0.000946, 0.0, 1.0, 0.0, 0.644939, 0.0, 0.0, 0.0, 1.0],
                [0.870046, 0.0, 0.49297, -5e-06, 0.49297, 0.0, -0.870046, 0.006273, 0.0, 1.0, 0.0, 0.640564, 0.0, 0.0, 0.0, 1.0],
                [0.870046, 0.0, 0.49297, -5e-06, 0.49297, 0.0, -0.870046, 0.021001, 0.0, 1.0, 0.0, 0.628688, 0.0, 0.0, 0.0, 1.0],
                [0.870046, 0.0, 0.49297, -5e-06, 0.49297, 0.0, -0.870046, 0.043248, 0.0, 1.0, 0.0, 0.611187, 0.0, 0.0, 0.0, 1.0],
                [0.870046, 0.0, 0.49297, -5e-06, 0.49297, 0.0, -0.870046, 0.071136, 0.0, 1.0, 0.0, 0.589936, 0.0, 0.0, 0.0, 1.0],
                [0.870046, 0.0, 0.49297, -5e-06, 0.49297, 0.0, -0.870046, 0.102784, 0.0, 1.0, 0.0, 0.56681, 0.0, 0.0, 0.0, 1.0],
                [0.870046, 0.0, 0.49297, -5e-06, 0.49297, 0.0, -0.870046, 0.136313, 0.0, 1.0, 0.0, 0.543684, 0.0, 0.0, 0.0, 1.0],
                [0.870046, 0.0, 0.49297, -5e-06, 0.49297, 0.0, -0.870046, 0.169841, 0.0, 1.0, 0.0, 0.522432, 0.0, 0.0, 0.0, 1.0],
                [0.870046, 0.0, 0.49297, -5e-06, 0.49297, 0.0, -0.870046, 0.201489, 0.0, 1.0, 0.0, 0.504932, 0.0, 0.0, 0.0, 1.0],
                [0.870046, 0.0, 0.49297, -5e-06, 0.49297, 0.0, -0.870046, 0.229377, 0.0, 1.0, 0.0, 0.493056, 0.0, 0.0, 0.0, 1.0],
                [0.870046, 0.0, 0.49297, -5e-06, 0.49297, 0.0, -0.870046, 0.251625, 0.0, 1.0, 0.0, 0.488681, 0.0, 0.0, 0.0, 1.0],
                [0.870482, 0.0, 0.4922, -5e-06, 0.4922, 0.0, -0.870482, 0.267127, 0.0, 1.0, 0.0, 0.49404, 0.0, 0.0, 0.0, 1.0],
                [0.872388, 0.0, 0.488814, -5e-06, 0.488814, 0.0, -0.872388, 0.277875, 0.0, 1.0, 0.0, 0.508587, 0.0, 0.0, 0.0, 1.0],
                [0.876612, 0.0, 0.481198, -5e-06, 0.481198, 0.0, -0.876612, 0.286637, 0.0, 1.0, 0.0, 0.530024, 0.0, 0.0, 0.0, 1.0],
                [0.883887, 0.0, 0.467701, -5e-06, 0.467701, 0.0, -0.883887, 0.29618, 0.0, 1.0, 0.0, 0.556054, 0.0, 0.0, 0.0, 1.0],
                [0.89475, 0.0, 0.446568, -5e-06, 0.446568, 0.0, -0.89475, 0.30927, 0.0, 1.0, 0.0, 0.584382, 0.0, 0.0, 0.0, 1.0],
                [0.909435, 0.0, 0.415846, -5e-06, 0.415846, 0.0, -0.909435, 0.328675, 0.0, 1.0, 0.0, 0.61271, 0.0, 0.0, 0.0, 1.0],
                [0.927712, 0.0, 0.373297, -5e-06, 0.373297, 0.0, -0.927712, 0.357162, 0.0, 1.0, 0.0, 0.63874, 0.0, 0.0, 0.0, 1.0],
                [0.948652, 0.0, 0.316323, -5e-06, 0.316323, 0.0, -0.948652, 0.397497, 0.0, 1.0, 0.0, 0.660177, 0.0, 0.0, 0.0, 1.0],
                [0.970283, 0.0, 0.241971, -5e-06, 0.241971, 0.0, -0.970283, 0.452447, 0.0, 1.0, 0.0, 0.674724, 0.0, 0.0, 0.0, 1.0],
                [0.98912, 0.0, 0.147109, -5e-06, 0.147109, 0.0, -0.98912, 0.52478, 0.0, 1.0, 0.0, 0.680083, 0.0, 0.0, 0.0, 1.0],
                [0.99998, 0.0, -0.00625, -5e-06, -0.00625, 0.0, -0.99998, 0.61601, 0.0, 1.0, 0.0, 0.680083, 0.0, 0.0, 0.0, 1.0],
                [0.974232, 0.0, -0.225549, -5e-06, -0.225549, 0.0, -0.974232, 0.719492, 0.0, 1.0, 0.0, 0.680083, 0.0, 0.0, 0.0, 1.0],
                [0.89051, 0.0, -0.454964, -5e-06, -0.454964, 0.0, -0.89051, 0.825752, 0.0, 1.0, 0.0, 0.680083, 0.0, 0.0, 0.0, 1.0],
                [0.768945, 0.0, -0.639315, -5e-06, -0.639315, 0.0, -0.768945, 0.925317, 0.0, 1.0, 0.0, 0.680083, 0.0, 0.0, 0.0, 1.0],
                [0.660724, 0.0, -0.750629, -5e-06, -0.750629, 0.0, -0.660724, 1.008716, 0.0, 1.0, 0.0, 0.680083, 0.0, 0.0, 0.0, 1.0],
                [0.582518, 0.0, -0.812818, -5e-06, -0.812818, 0.0, -0.582518, 1.073897, 0.0, 1.0, 0.0, 0.675496, 0.0, 0.0, 0.0, 1.0],
                [0.514909, 0.0, -0.857245, -5e-06, -0.857245, 0.0, -0.514909, 1.126091, 0.0, 1.0, 0.0, 0.663044, 0.0, 0.0, 0.0, 1.0],
                [0.459011, 0.0, -0.888431, -5e-06, -0.888431, 0.0, -0.459011, 1.166739, 0.0, 1.0, 0.0, 0.644694, 0.0, 0.0, 0.0, 1.0],
                [0.414718, 0.0, -0.90995, -5e-06, -0.90995, 0.0, -0.414718, 1.197285, 0.0, 1.0, 0.0, 0.622411, 0.0, 0.0, 0.0, 1.0],
                [0.381211, 0.0, -0.924488, -5e-06, -0.924488, 0.0, -0.381211, 1.219173, 0.0, 1.0, 0.0, 0.598163, 0.0, 0.0, 0.0, 1.0],
                [0.35727, 0.0, -0.934001, -5e-06, -0.934001, 0.0, -0.35727, 1.233845, 0.0, 1.0, 0.0, 0.573915, 0.0, 0.0, 0.0, 1.0],
                [0.34146, 0.0, -0.939896, -5e-06, -0.939896, 0.0, -0.34146, 1.242744, 0.0, 1.0, 0.0, 0.551632, 0.0, 0.0, 0.0, 1.0],
                [0.332223, 0.0, -0.943201, -5e-06, -0.943201, 0.0, -0.332223, 1.247314, 0.0, 1.0, 0.0, 0.533282, 0.0, 0.0, 0.0, 1.0],
                [0.327921, 0.0, -0.944705, -5e-06, -0.944705, 0.0, -0.327921, 1.248998, 0.0, 1.0, 0.0, 0.52083, 0.0, 0.0, 0.0, 1.0],
                [0.326868, 0.0, -0.94507, -5e-06, -0.94507, 0.0, -0.326868, 1.249238, 0.0, 1.0, 0.0, 0.516243, 0.0, 0.0, 0.0, 1.0],
                [0.326868, 0.0, -0.94507, -5e-06, -0.94507, 0.0, -0.326868, 1.249238, 0.0, 1.0, 0.0, 0.516243, 0.0, 0.0, 0.0, 1.0],
                [0.326868, 0.0, -0.94507, -5e-06, -0.94507, 0.0, -0.326868, 1.249238, 0.0, 1.0, 0.0, 0.516243, 0.0, 0.0, 0.0, 1.0],
                [0.327176, 0.0, -0.944963, -5e-06, -0.944963, 0.0, -0.327176, 1.249358, 0.0, 1.0, 0.0, 0.516308, 0.0, 0.0, 0.0, 1.0],
                [0.328092, 0.0, -0.944646, -5e-06, -0.944646, 0.0, -0.328092, 1.249715, 0.0, 1.0, 0.0, 0.516502, 0.0, 0.0, 0.0, 1.0],
                [0.329605, 0.0, -0.944119, -5e-06, -0.944119, 0.0, -0.329605, 1.250305, 0.0, 1.0, 0.0, 0.516822, 0.0, 0.0, 0.0, 1.0],
                [0.331701, 0.0, -0.943385, -5e-06, -0.943385, 0.0, -0.331701, 1.251121, 0.0, 1.0, 0.0, 0.517266, 0.0, 0.0, 0.0, 1.0],
                [0.334368, 0.0, -0.942442, -5e-06, -0.942442, 0.0, -0.334368, 1.252161, 0.0, 1.0, 0.0, 0.517831, 0.0, 0.0, 0.0, 1.0],
                [0.337596, 0.0, -0.941291, -5e-06, -0.941291, 0.0, -0.337596, 1.253419, 0.0, 1.0, 0.0, 0.518515, 0.0, 0.0, 0.0, 1.0],
                [0.34137, 0.0, -0.939929, -5e-06, -0.939929, 0.0, -0.34137, 1.254891, 0.0, 1.0, 0.0, 0.519314, 0.0, 0.0, 0.0, 1.0],
                [0.345679, 0.0, -0.938353, -5e-06, -0.938353, 0.0, -0.345679, 1.256571, 0.0, 1.0, 0.0, 0.520227, 0.0, 0.0, 0.0, 1.0],
                [0.35051, 0.0, -0.936559, -5e-06, -0.936559, 0.0, -0.35051, 1.258455, 0.0, 1.0, 0.0, 0.521251, 0.0, 0.0, 0.0, 1.0],
                [0.35585, 0.0, -0.934543, -5e-06, -0.934543, 0.0, -0.35585, 1.260539, 0.0, 1.0, 0.0, 0.522384, 0.0, 0.0, 0.0, 1.0],
                [0.361687, 0.0, -0.9323, -5e-06, -0.9323, 0.0, -0.361687, 1.262817, 0.0, 1.0, 0.0, 0.523622, 0.0, 0.0, 0.0, 1.0],
                [0.368006, 0.0, -0.929823, -5e-06, -0.929823, 0.0, -0.368006, 1.265286, 0.0, 1.0, 0.0, 0.524963, 0.0, 0.0, 0.0, 1.0],
                [0.374796, 0.0, -0.927107, -5e-06, -0.927107, 0.0, -0.374796, 1.26794, 0.0, 1.0, 0.0, 0.526405, 0.0, 0.0, 0.0, 1.0],
                [0.382041, 0.0, -0.924145, -5e-06, -0.924145, 0.0, -0.382041, 1.270774, 0.0, 1.0, 0.0, 0.527946, 0.0, 0.0, 0.0, 1.0],
                [0.389728, 0.0, -0.92093, -5e-06, -0.92093, 0.0, -0.389728, 1.273785, 0.0, 1.0, 0.0, 0.529581, 0.0, 0.0, 0.0, 1.0],
                [0.397843, 0.0, -0.917453, -5e-06, -0.917453, 0.0, -0.397843, 1.276967, 0.0, 1.0, 0.0, 0.53131, 0.0, 0.0, 0.0, 1.0],
                [0.406371, 0.0, -0.913708, -5e-06, -0.913708, 0.0, -0.406371, 1.280315, 0.0, 1.0, 0.0, 0.53313, 0.0, 0.0, 0.0, 1.0],
                [0.415296, 0.0, -0.909686, -5e-06, -0.909686, 0.0, -0.415296, 1.283825, 0.0, 1.0, 0.0, 0.535038, 0.0, 0.0, 0.0, 1.0],
                [0.424603, 0.0, -0.90538, -5e-06, -0.90538, 0.0, -0.424603, 1.287493, 0.0, 1.0, 0.0, 0.53703, 0.0, 0.0, 0.0, 1.0],
                [0.434277, 0.0, -0.90078, -5e-06, -0.90078, 0.0, -0.434277, 1.291313, 0.0, 1.0, 0.0, 0.539106, 0.0, 0.0, 0.0, 1.0],
                [0.444299, 0.0, -0.895878, -5e-06, -0.895878, 0.0, -0.444299, 1.29528, 0.0, 1.0, 0.0, 0.541262, 0.0, 0.0, 0.0, 1.0],
                [0.454655, 0.0, -0.890668, -5e-06, -0.890668, 0.0, -0.454655, 1.299391, 0.0, 1.0, 0.0, 0.543496, 0.0, 0.0, 0.0, 1.0],
                [0.465325, 0.0, -0.88514, -5e-06, -0.88514, 0.0, -0.465325, 1.30364, 0.0, 1.0, 0.0, 0.545805, 0.0, 0.0, 0.0, 1.0],
                [0.476293, 0.0, -0.879287, -5e-06, -0.879287, 0.0, -0.476293, 1.308024, 0.0, 1.0, 0.0, 0.548187, 0.0, 0.0, 0.0, 1.0],
                [0.48754, 0.0, -0.873101, -5e-06, -0.873101, 0.0, -0.48754, 1.312536, 0.0, 1.0, 0.0, 0.550639, 0.0, 0.0, 0.0, 1.0],
                [0.499046, 0.0, -0.866576, -5e-06, -0.866576, 0.0, -0.499046, 1.317172, 0.0, 1.0, 0.0, 0.553158, 0.0, 0.0, 0.0, 1.0],
                [0.510792, 0.0, -0.859704, -5e-06, -0.859704, 0.0, -0.510792, 1.321928, 0.0, 1.0, 0.0, 0.555743, 0.0, 0.0, 0.0, 1.0],
                [0.52276, 0.0, -0.85248, -5e-06, -0.85248, 0.0, -0.52276, 1.326799, 0.0, 1.0, 0.0, 0.55839, 0.0, 0.0, 0.0, 1.0],
                [0.534927, 0.0, -0.844898, -5e-06, -0.844898, 0.0, -0.534927, 1.33178, 0.0, 1.0, 0.0, 0.561096, 0.0, 0.0, 0.0, 1.0],
                [0.547273, 0.0, -0.836954, -5e-06, -0.836954, 0.0, -0.547273, 1.336867, 0.0, 1.0, 0.0, 0.563861, 0.0, 0.0, 0.0, 1.0],
                [0.559778, 0.0, -0.828642, -5e-06, -0.828642, 0.0, -0.559778, 1.342055, 0.0, 1.0, 0.0, 0.56668, 0.0, 0.0, 0.0, 1.0],
                [0.572419, 0.0, -0.819961, -5e-06, -0.819961, 0.0, -0.572419, 1.347339, 0.0, 1.0, 0.0, 0.569551, 0.0, 0.0, 0.0, 1.0],
                [0.585175, 0.0, -0.810907, -5e-06, -0.810907, 0.0, -0.585175, 1.352714, 0.0, 1.0, 0.0, 0.572472, 0.0, 0.0, 0.0, 1.0],
                [0.598024, 0.0, -0.801478, -5e-06, -0.801478, 0.0, -0.598024, 1.358177, 0.0, 1.0, 0.0, 0.57544, 0.0, 0.0, 0.0, 1.0],
                [0.610942, 0.0, -0.791675, -5e-06, -0.791675, 0.0, -0.610942, 1.363721, 0.0, 1.0, 0.0, 0.578453, 0.0, 0.0, 0.0, 1.0],
                [0.623908, 0.0, -0.781498, -5e-06, -0.781498, 0.0, -0.623908, 1.369343, 0.0, 1.0, 0.0, 0.581508, 0.0, 0.0, 0.0, 1.0],
                [0.636899, 0.0, -0.770947, -5e-06, -0.770947, 0.0, -0.636899, 1.375037, 0.0, 1.0, 0.0, 0.584602, 0.0, 0.0, 0.0, 1.0],
                [0.649892, 0.0, -0.760026, -5e-06, -0.760026, 0.0, -0.649892, 1.3808, 0.0, 1.0, 0.0, 0.587734, 0.0, 0.0, 0.0, 1.0],
                [0.662865, 0.0, -0.748739, -5e-06, -0.748739, 0.0, -0.662865, 1.386626, 0.0, 1.0, 0.0, 0.5909, 0.0, 0.0, 0.0, 1.0],
                [0.675794, 0.0, -0.73709, -5e-06, -0.73709, 0.0, -0.675794, 1.39251, 0.0, 1.0, 0.0, 0.594097, 0.0, 0.0, 0.0, 1.0],
                [0.688658, 0.0, -0.725086, -5e-06, -0.725086, 0.0, -0.688658, 1.398449, 0.0, 1.0, 0.0, 0.597324, 0.0, 0.0, 0.0, 1.0],
                [0.701435, 0.0, -0.712734, -5e-06, -0.712734, 0.0, -0.701435, 1.404437, 0.0, 1.0, 0.0, 0.600578, 0.0, 0.0, 0.0, 1.0],
                [0.714102, 0.0, -0.700042, -5e-06, -0.700042, 0.0, -0.714102, 1.410469, 0.0, 1.0, 0.0, 0.603856, 0.0, 0.0, 0.0, 1.0],
                [0.726638, 0.0, -0.68702, -5e-06, -0.68702, 0.0, -0.726638, 1.416541, 0.0, 1.0, 0.0, 0.607156, 0.0, 0.0, 0.0, 1.0],
                [0.739024, 0.0, -0.67368, -5e-06, -0.67368, 0.0, -0.739024, 1.422649, 0.0, 1.0, 0.0, 0.610475, 0.0, 0.0, 0.0, 1.0],
                [0.751237, 0.0, -0.660032, -5e-06, -0.660032, 0.0, -0.751237, 1.428787, 0.0, 1.0, 0.0, 0.61381, 0.0, 0.0, 0.0, 1.0],
                [0.763259, 0.0, -0.646092, -5e-06, -0.646092, 0.0, -0.763259, 1.43495, 0.0, 1.0, 0.0, 0.617159, 0.0, 0.0, 0.0, 1.0],
                [0.775072, 0.0, -0.631873, -5e-06, -0.631873, 0.0, -0.775072, 1.441135, 0.0, 1.0, 0.0, 0.62052, 0.0, 0.0, 0.0, 1.0],
                [0.786657, 0.0, -0.61739, -5e-06, -0.61739, 0.0, -0.786657, 1.447336, 0.0, 1.0, 0.0, 0.62389, 0.0, 0.0, 0.0, 1.0],
                [0.797997, 0.0, -0.602661, -5e-06, -0.602661, 0.0, -0.797997, 1.45355, 0.0, 1.0, 0.0, 0.627266, 0.0, 0.0, 0.0, 1.0],
                [0.809077, 0.0, -0.587702, -5e-06, -0.587702, 0.0, -0.809077, 1.459769, 0.0, 1.0, 0.0, 0.630646, 0.0, 0.0, 0.0, 1.0],
                [0.819882, 0.0, -0.572533, -5e-06, -0.572533, 0.0, -0.819882, 1.465992, 0.0, 1.0, 0.0, 0.634028, 0.0, 0.0, 0.0, 1.0],
                [0.830397, 0.0, -0.557173, -5e-06, -0.557173, 0.0, -0.830397, 1.472212, 0.0, 1.0, 0.0, 0.637408, 0.0, 0.0, 0.0, 1.0],
                [0.84061, 0.0, -0.54164, -5e-06, -0.54164, 0.0, -0.84061, 1.478425, 0.0, 1.0, 0.0, 0.640784, 0.0, 0.0, 0.0, 1.0],
                [0.850511, 0.0, -0.525958, -5e-06, -0.525958, 0.0, -0.850511, 1.484626, 0.0, 1.0, 0.0, 0.644154, 0.0, 0.0, 0.0, 1.0],
                [0.860088, 0.0, -0.510146, -5e-06, -0.510146, 0.0, -0.860088, 1.490811, 0.0, 1.0, 0.0, 0.647514, 0.0, 0.0, 0.0, 1.0],
                [0.869332, 0.0, -0.494228, -5e-06, -0.494228, 0.0, -0.869332, 1.496975, 0.0, 1.0, 0.0, 0.650864, 0.0, 0.0, 0.0, 1.0],
                [0.878238, 0.0, -0.478224, -5e-06, -0.478224, 0.0, -0.878238, 1.503113, 0.0, 1.0, 0.0, 0.654199, 0.0, 0.0, 0.0, 1.0],
                [0.886797, 0.0, -0.462159, -5e-06, -0.462159, 0.0, -0.886797, 1.50922, 0.0, 1.0, 0.0, 0.657518, 0.0, 0.0, 0.0, 1.0],
                [0.895006, 0.0, -0.446055, -5e-06, -0.446055, 0.0, -0.895006, 1.515293, 0.0, 1.0, 0.0, 0.660818, 0.0, 0.0, 0.0, 1.0],
                [0.90286, 0.0, -0.429935, -5e-06, -0.429935, 0.0, -0.90286, 1.521325, 0.0, 1.0, 0.0, 0.664096, 0.0, 0.0, 0.0, 1.0],
                [0.910358, 0.0, -0.413823, -5e-06, -0.413823, 0.0, -0.910358, 1.527313, 0.0, 1.0, 0.0, 0.66735, 0.0, 0.0, 0.0, 1.0],
                [0.917498, 0.0, -0.397742, -5e-06, -0.397742, 0.0, -0.917498, 1.533251, 0.0, 1.0, 0.0, 0.670577, 0.0, 0.0, 0.0, 1.0],
                [0.92428, 0.0, -0.381715, -5e-06, -0.381715, 0.0, -0.92428, 1.539136, 0.0, 1.0, 0.0, 0.673774, 0.0, 0.0, 0.0, 1.0],
                [0.930707, 0.0, -0.365765, -5e-06, -0.365765, 0.0, -0.930707, 1.544962, 0.0, 1.0, 0.0, 0.67694, 0.0, 0.0, 0.0, 1.0],
                [0.936781, 0.0, -0.349916, -5e-06, -0.349916, 0.0, -0.936781, 1.550724, 0.0, 1.0, 0.0, 0.680071, 0.0, 0.0, 0.0, 1.0],
                [0.942506, 0.0, -0.33419, -5e-06, -0.33419, 0.0, -0.942506, 1.556419, 0.0, 1.0, 0.0, 0.683166, 0.0, 0.0, 0.0, 1.0],
                [0.947886, 0.0, -0.31861, -5e-06, -0.31861, 0.0, -0.947886, 1.562041, 0.0, 1.0, 0.0, 0.686221, 0.0, 0.0, 0.0, 1.0],
                [0.952928, 0.0, -0.303196, -5e-06, -0.303196, 0.0, -0.952928, 1.567585, 0.0, 1.0, 0.0, 0.689234, 0.0, 0.0, 0.0, 1.0],
                [0.957639, 0.0, -0.287972, -5e-06, -0.287972, 0.0, -0.957639, 1.573047, 0.0, 1.0, 0.0, 0.692202, 0.0, 0.0, 0.0, 1.0],
                [0.962026, 0.0, -0.272957, -5e-06, -0.272957, 0.0, -0.962026, 1.578423, 0.0, 1.0, 0.0, 0.695123, 0.0, 0.0, 0.0, 1.0],
                [0.966099, 0.0, -0.258172, -5e-06, -0.258172, 0.0, -0.966099, 1.583707, 0.0, 1.0, 0.0, 0.697994, 0.0, 0.0, 0.0, 1.0],
                [0.969866, 0.0, -0.243638, -5e-06, -0.243638, 0.0, -0.969866, 1.588894, 0.0, 1.0, 0.0, 0.700813, 0.0, 0.0, 0.0, 1.0],
                [0.973339, 0.0, -0.229373, -5e-06, -0.229373, 0.0, -0.973339, 1.593981, 0.0, 1.0, 0.0, 0.703577, 0.0, 0.0, 0.0, 1.0],
                [0.976527, 0.0, -0.215396, -5e-06, -0.215396, 0.0, -0.976527, 1.598962, 0.0, 1.0, 0.0, 0.706284, 0.0, 0.0, 0.0, 1.0],
                [0.979442, 0.0, -0.201725, -5e-06, -0.201725, 0.0, -0.979442, 1.603833, 0.0, 1.0, 0.0, 0.708931, 0.0, 0.0, 0.0, 1.0],
                [0.982097, 0.0, -0.188377, -5e-06, -0.188377, 0.0, -0.982097, 1.60859, 0.0, 1.0, 0.0, 0.711516, 0.0, 0.0, 0.0, 1.0],
                [0.984503, 0.0, -0.17537, -5e-06, -0.17537, 0.0, -0.984503, 1.613226, 0.0, 1.0, 0.0, 0.714035, 0.0, 0.0, 0.0, 1.0],
                [0.986672, 0.0, -0.162719, -5e-06, -0.162719, 0.0, -0.986672, 1.617738, 0.0, 1.0, 0.0, 0.716487, 0.0, 0.0, 0.0, 1.0],
                [0.988619, 0.0, -0.150441, -5e-06, -0.150441, 0.0, -0.988619, 1.622121, 0.0, 1.0, 0.0, 0.718869, 0.0, 0.0, 0.0, 1.0],
                [0.990356, 0.0, -0.138549, -5e-06, -0.138549, 0.0, -0.990356, 1.62637, 0.0, 1.0, 0.0, 0.721178, 0.0, 0.0, 0.0, 1.0],
                [0.991895, 0.0, -0.12706, -5e-06, -0.12706, 0.0, -0.991895, 1.630481, 0.0, 1.0, 0.0, 0.723412, 0.0, 0.0, 0.0, 1.0],
                [0.993251, 0.0, -0.115985, -5e-06, -0.115985, 0.0, -0.993251, 1.634449, 0.0, 1.0, 0.0, 0.725568, 0.0, 0.0, 0.0, 1.0],
                [0.994436, 0.0, -0.10534, -5e-06, -0.10534, 0.0, -0.994436, 1.638269, 0.0, 1.0, 0.0, 0.727643, 0.0, 0.0, 0.0, 1.0],
                [0.995464, 0.0, -0.095136, -5e-06, -0.095136, 0.0, -0.995464, 1.641936, 0.0, 1.0, 0.0, 0.729636, 0.0, 0.0, 0.0, 1.0],
                [0.996348, 0.0, -0.085386, -5e-06, -0.085386, 0.0, -0.996348, 1.645446, 0.0, 1.0, 0.0, 0.731544, 0.0, 0.0, 0.0, 1.0],
                [0.9971, 0.0, -0.076103, -5e-06, -0.076103, 0.0, -0.9971, 1.648795, 0.0, 1.0, 0.0, 0.733363, 0.0, 0.0, 0.0, 1.0],
                [0.997733, 0.0, -0.067298, -5e-06, -0.067298, 0.0, -0.997733, 1.651976, 0.0, 1.0, 0.0, 0.735092, 0.0, 0.0, 0.0, 1.0],
                [0.998259, 0.0, -0.058982, -5e-06, -0.058982, 0.0, -0.998259, 1.654987, 0.0, 1.0, 0.0, 0.736728, 0.0, 0.0, 0.0, 1.0],
                [0.99869, 0.0, -0.051166, -5e-06, -0.051166, 0.0, -0.99869, 1.657822, 0.0, 1.0, 0.0, 0.738269, 0.0, 0.0, 0.0, 1.0],
                [0.999038, 0.0, -0.043862, -5e-06, -0.043862, 0.0, -0.999038, 1.660476, 0.0, 1.0, 0.0, 0.739711, 0.0, 0.0, 0.0, 1.0],
                [0.999312, 0.0, -0.03708, -5e-06, -0.03708, 0.0, -0.999312, 1.662944, 0.0, 1.0, 0.0, 0.741052, 0.0, 0.0, 0.0, 1.0],
                [0.999525, 0.0, -0.030831, -5e-06, -0.030831, 0.0, -0.999525, 1.665223, 0.0, 1.0, 0.0, 0.74229, 0.0, 0.0, 0.0, 1.0],
                [0.999684, 0.0, -0.025125, -5e-06, -0.025125, 0.0, -0.999684, 1.667307, 0.0, 1.0, 0.0, 0.743423, 0.0, 0.0, 0.0, 1.0],
                [0.999801, 0.0, -0.019973, -5e-06, -0.019973, 0.0, -0.999801, 1.669191, 0.0, 1.0, 0.0, 0.744447, 0.0, 0.0, 0.0, 1.0],
                [0.999882, 0.0, -0.015385, -5e-06, -0.015385, 0.0, -0.999882, 1.670871, 0.0, 1.0, 0.0, 0.74536, 0.0, 0.0, 0.0, 1.0],
                [0.999935, 0.0, -0.011373, -5e-06, -0.011373, 0.0, -0.999935, 1.672342, 0.0, 1.0, 0.0, 0.746159, 0.0, 0.0, 0.0, 1.0],
                [0.999968, 0.0, -0.007947, -5e-06, -0.007947, 0.0, -0.999968, 1.6736, 0.0, 1.0, 0.0, 0.746843, 0.0, 0.0, 0.0, 1.0],
                [0.999987, 0.0, -0.005118, -5e-06, -0.005118, 0.0, -0.999987, 1.67464, 0.0, 1.0, 0.0, 0.747408, 0.0, 0.0, 0.0, 1.0],
                [0.999996, 0.0, -0.002897, -5e-06, -0.002897, 0.0, -0.999996, 1.675457, 0.0, 1.0, 0.0, 0.747852, 0.0, 0.0, 0.0, 1.0],
                [0.999999, 0.0, -0.001296, -5e-06, -0.001296, 0.0, -0.999999, 1.676046, 0.0, 1.0, 0.0, 0.748172, 0.0, 0.0, 0.0, 1.0],
                [1.0, 0.0, -0.000326, -5e-06, -0.000326, 0.0, -1.0, 1.676403, 0.0, 1.0, 0.0, 0.748366, 0.0, 0.0, 0.0, 1.0],
                [1.0, 0.0, 0.0, -5e-06, 0.0, 0.0, -1.0, 1.676523, 0.0, 1.0, 0.0, 0.748431, 0.0, 0.0, 0.0, 1.0]
            ]
        },
        {
            "name": "Thigh_R",
            "time": [0.0, 0.0167, 0.0333, 0.05, 0.0667, 0.0833, 0.1, 0.1167, 0.1333, 0.15, 0.1667, 0.1833, 0.2, 0.2167, 0.2333, 0.25, 0.2667, 0.2833, 0.3, 0.3167, 0.3333, 0.35, 0.3667, 0.3833, 0.4, 0.4167, 0.4333, 0.45, 0.4667, 0.4833, 0.5, 0.5167, 0.5333, 0.55, 0.5667, 0.5833, 0.6, 0.6167, 0.6333, 0.65, 0.6667, 0.6833, 0.7, 0.7167, 0.7333, 0.75, 0.7667, 0.7833, 0.8, 0.8167, 0.8333, 0.85, 0.8667, 0.8833, 0.9, 0.9167, 0.9333, 0.95, 0.9667, 0.9833, 1.0, 1.0167, 1.0333, 1.05, 1.0667, 1.0833, 1.1, 1.1167, 1.1333, 1.15, 1.1667, 1.1833, 1.2, 1.2167, 1.2333, 1.25, 1.2667, 1.2833, 1.3, 1.3167, 1.3333, 1.35, 1.3667, 1.3833, 1.4, 1.4167, 1.4333, 1.45, 1.4667, 1.4833, 1.5, 1.5167, 1.5333, 1.55, 1.5667, 1.5833, 1.6, 1.6167, 1.6333, 1.65, 1.6667, 1.6833, 1.7, 1.7167, 1.7333, 1.75, 1.7667, 1.7833, 1.8, 1.8167, 1.8333, 1.85, 1.8667, 1.8833, 1.9, 1.9167, 1.9333, 1.95, 1.9667, 1.9833, 2.0, 2.0167, 2.0333, 2.05, 2.0667, 2.0833, 2.1, 2.1167, 2.1333, 2.15, 2.1667, 2.1833, 2.2, 2.2167, 2.2333, 2.25, 2.2667, 2.2833, 2.3, 2.3167, 2.3333],
            "transform": [
                [0.869438, 0.392203, 0.300422, 0.124994, 0.170388, -0.808825, 0.562821, -0.002831, 0.46373, -0.438148, -0.770052, -1.2e-05, 0.0, 0.0, 0.0, 1.0],
                [0.873003, 0.392155, 0.289962, 0.124994, 0.170462, -0.802379, 0.571951, -0.002831, 0.456954, -0.449886, -0.76733, -1.2e-05, 0.0, 0.0, 0.0, 1.0],
                [0.882398, 0.3912, 0.26141, 0.124994, 0.171022, -0.784272, 0.596378, -0.002831, 0.43832, -0.481534, -0.758946, -1.2e-05, 0.0, 0.0, 0.0, 1.0],
                [0.895423, 0.387624, 0.219008, 0.124994, 0.172859, -0.756005, 0.631327, -0.002831, 0.41029, -0.527446, -0.743951, -1.2e-05, 0.0, 0.0, 0.0, 1.0],
                [0.909817, 0.379792, 0.167303, 0.124994, 0.176725, -0.719305, 0.671838, -0.002831, 0.375501, -0.581681, -0.721557, -1.2e-05, 0.0, 0.0, 0.0, 1.0],
                [0.923586, 0.366889, 0.111264, 0.124994, 0.182906, -0.676711, 0.713166, -0.002831, 0.336947, -0.638318, -0.69211, -1.2e-05, 0.0, 0.0, 0.0, 1.0],
                [0.935296, 0.349393, 0.056077, 0.124994, 0.190961, -0.631763, 0.751271, -0.002831, 0.297916, -0.691951, -0.657608, -1.2e-05, 0.0, 0.0, 0.0, 1.0],
                [0.944254, 0.329148, 0.006736, 0.124994, 0.199666, -0.588823, 0.783211, -0.002831, 0.261759, -0.738204, -0.62172, -1.2e-05, 0.0, 0.0, 0.0, 1.0],
                [0.950485, 0.309084, -0.032306, 0.124994, 0.207162, -0.552682, 0.807233, -0.002831, 0.231648, -0.773954, -0.589349, -1.2e-05, 0.0, 0.0, 0.0, 1.0],
                [0.954501, 0.292667, -0.057216, 0.124994, 0.211244, -0.52816, 0.822449, -0.002831, 0.210484, -0.797113, -0.565955, -1.2e-05, 0.0, 0.0, 0.0, 1.0],
                [0.956876, 0.283247, -0.064486, 0.124994, 0.209696, -0.519866, 0.82811, -0.002831, 0.201036, -0.805919, -0.556845, -1.2e-05, 0.0, 0.0, 0.0, 1.0],
                [0.959856, 0.275008, -0.055193, 0.124994, 0.200313, -0.534338, 0.821192, -0.002831, 0.196343, -0.79928, -0.567978, -1.2e-05, 0.0, 0.0, 0.0, 1.0],
                [0.964805, 0.260629, -0.034963, 0.124994, 0.1833, -0.571215, 0.800071, -0.002831, 0.18855, -0.77832, -0.598886, -1.2e-05, 0.0, 0.0, 0.0, 1.0],
                [0.970645, 0.240408, -0.007208, 0.124994, 0.160217, -0.623934, 0.764876, -0.002831, 0.179385, -0.743576, -0.644138, -1.2e-05, 0.0, 0.0, 0.0, 1.0],
                [0.976349, 0.214806, 0.024512, 0.124994, 0.132839, -0.685473, 0.715877, -0.002831, 0.170577, -0.695687, -0.697797, -1.2e-05, 0.0, 0.0, 0.0, 1.0],
                [0.981111, 0.184939, 0.056732, 0.124994, 0.103328, -0.748941, 0.654529, -0.002831, 0.163537, -0.636302, -0.753906, -1.2e-05, 0.0, 0.0, 0.0, 1.0],
                [0.984471, 0.152799, 0.086416, 0.124994, 0.074204, -0.808361, 0.58399, -0.002831, 0.159089, -0.568507, -0.807149, -1.2e-05, 0.0, 0.0, 0.0, 1.0],
                [0.986372, 0.121176, 0.11129, 0.124994, 0.048145, -0.859399, 0.509031, -0.002831, 0.157325, -0.496734, -0.853524, -1.2e-05, 0.0, 0.0, 0.0, 1.0],
                [0.987106, 0.093372, 0.130007, 0.124994, 0.027755, -0.899766, 0.435484, -0.002831, 0.157639, -0.42626, -0.890759, -1.2e-05, 0.0, 0.0, 0.0, 1.0],
                [0.987172, 0.072877, 0.142057, 0.124994, 0.015413, -0.929088, 0.369533, -0.002831, 0.158914, -0.362602, -0.918295, -1.2e-05, 0.0, 0.0, 0.0, 1.0],
                [0.987056, 0.063163, 0.14741, 0.124994, 0.013313, -0.948271, 0.317176, -0.002831, 0.159819, -0.311107, -0.936841, -1.2e-05, 0.0, 0.0, 0.0, 1.0],
                [0.987232, 0.08261, 0.136189, 0.124994, 0.041193, -0.95832, 0.282704, -0.002831, 0.153868, -0.273484, -0.94949, -1.2e-05, 0.0, 0.0, 0.0, 1.0],
                [0.984414, 0.139957, 0.106494, 0.124994, 0.108, -0.959001, 0.262011, -0.002831, 0.138798, -0.246425, -0.959172, -1.2e-05, 0.0, 0.0, 0.0, 1.0],
                [0.972435, 0.222592, 0.069438, 0.124994, 0.199316, -0.948067, 0.247866, -0.002831, 0.121005, -0.227193, -0.966303, -1.2e-05, 0.0, 0.0, 0.0, 1.0],
                [0.947841, 0.316694, 0.036077, 0.124994, 0.3, -0.924611, 0.234715, -0.002831, 0.10769, -0.211648, -0.971395, -1.2e-05, 0.0, 0.0, 0.0, 1.0],
                [0.91238, 0.408962, 0.017636, 0.124994, 0.395462, -0.891746, 0.219988, -0.002831, 0.105693, -0.193738, -0.975343, -1.2e-05, 0.0, 0.0, 0.0, 1.0],
                [0.872027, 0.489211, 0.015498, 0.124994, 0.476404, -0.855608, 0.202411, -0.002831, 0.112282, -0.169124, -0.979178, -1.2e-05, 0.0, 0.0, 0.0, 1.0],
                [0.83083, 0.556069, 0.022509, 0.124994, 0.543464, -0.819377, 0.18239, -0.002831, 0.119864, -0.139302, -0.982969, -1.2e-05, 0.0, 0.0, 0.0, 1.0],
                [0.790917, 0.610816, 0.036758, 0.124994, 0.598477, -0.784664, 0.161631, -0.002831, 0.127569, -0.105838, -0.986167, -1.2e-05, 0.0, 0.0, 0.0, 1.0],
                [0.753841, 0.654649, 0.056181, 0.124994, 0.643071, -0.75264, 0.141387, -0.002831, 0.134843, -0.070454, -0.988359, -1.2e-05, 0.0, 0.0, 0.0, 1.0],
                [0.720761, 0.688709, 0.078624, 0.124994, 0.678616, -0.72419, 0.122585, -0.002831, 0.141364, -0.034998, -0.989339, -1.2e-05, 0.0, 0.0, 0.0, 1.0],
                [0.692558, 0.71413, 0.101881, 0.124994, 0.706232, -0.700009, 0.105933, -0.002831, 0.146968, -0.001413, -0.989141, -1.2e-05, 0.0, 0.0, 0.0, 1.0],
                [0.669915, 0.732053, 0.123733, 0.124994, 0.7268, -0.680657, 0.09201, -0.002831, 0.151576, 0.028291, -0.988041, -1.2e-05, 0.0, 0.0, 0.0, 1.0],
                [0.653353, 0.743619, 0.141978, 0.124994, 0.74099, -0.66657, 0.081337, -0.002831, 0.155122, 0.052063, -0.986523, -1.2e-05, 0.0, 0.0, 0.0, 1.0],
                [0.643256, 0.749909, 0.154455, 0.124994, 0.749282, -0.658051, 0.074457, -0.002831, 0.157475, 0.067835, -0.985191, -1.2e-05, 0.0, 0.0, 0.0, 1.0],
                [0.639863, 0.751845, 0.159066, 0.124994, 0.751996, -0.655222, 0.072, -0.002831, 0.158356, 0.073547, -0.984639, -1.2e-05, 0.0, 0.0, 0.0, 1.0],
                [0.639863, 0.751845, 0.159066, 0.124994, 0.751996, -0.655222, 0.072, -0.002831, 0.158356, 0.073547, -0.984639, -1.2e-05, 0.0, 0.0, 0.0, 1.0],
                [0.639863, 0.751845, 0.159066, 0.124994, 0.751996, -0.655222, 0.072, -0.002831, 0.158356, 0.073547, -0.984639, -1.2e-05, 0.0, 0.0, 0.0, 1.0],
                [0.64001, 0.75171, 0.159112, 0.124994, 0.751854, -0.65538, 0.072049, -0.002831, 0.158439, 0.073517, -0.984628, -1.2e-05, 0.0, 0.0, 0.0, 1.0],
                [0.640446, 0.751309, 0.159251, 0.124994, 0.75143, -0.655849, 0.072195, -0.002831, 0.158685, 0.073429, -0.984595, -1.2e-05, 0.0, 0.0, 0.0, 1.0],
                [0.641166, 0.750646, 0.15948, 0.124994, 0.75073, -0.656624, 0.072436, -0.002831, 0.159092, 0.073283, -0.984541, -1.2e-05, 0.0, 0.0, 0.0, 1.0],
                [0.642162, 0.749726, 0.159797, 0.124994, 0.749758, -0.657697, 0.07277, -0.002831, 0.159655, 0.073079, -0.984464, -1.2e-05, 0.0, 0.0, 0.0, 1.0],
                [0.643429, 0.748554, 0.160202, 0.124994, 0.748519, -0.65906, 0.073193, -0.002831, 0.160372, 0.07282, -0.984367, -1.2e-05, 0.0, 0.0, 0.0, 1.0],
                [0.644958, 0.747131, 0.160693, 0.124994, 0.747015, -0.660707, 0.073705, -0.002831, 0.161238, 0.072504, -0.984249, -1.2e-05, 0.0, 0.0, 0.0, 1.0],
                [0.646742, 0.745463, 0.161268, 0.124994, 0.745251, -0.662629, 0.074302, -0.002831, 0.16225, 0.072131, -0.98411, -1.2e-05, 0.0, 0.0, 0.0, 1.0],
                [0.648774, 0.743552, 0.161927, 0.124994, 0.74323, -0.664819, 0.074982, -0.002831, 0.163405, 0.071703, -0.98395, -1.2e-05, 0.0, 0.0, 0.0, 1.0],
                [0.651046, 0.741402, 0.162669, 0.124994, 0.740955, -0.667268, 0.075742, -0.002831, 0.164699, 0.071219, -0.98377, -1.2e-05, 0.0, 0.0, 0.0, 1.0],
                [0.653549, 0.739015, 0.163491, 0.124994, 0.738428, -0.669969, 0.07658, -0.002831, 0.166127, 0.070678, -0.983569, -1.2e-05, 0.0, 0.0, 0.0, 1.0],
                [0.656275, 0.736393, 0.164394, 0.124994, 0.735652, -0.672911, 0.077492, -0.002831, 0.167687, 0.070081, -0.983346, -1.2e-05, 0.0, 0.0, 0.0, 1.0],
                [0.659217, 0.733541, 0.165376, 0.124994, 0.732629, -0.676087, 0.078477, -0.002831, 0.169374, 0.069426, -0.983104, -1.2e-05, 0.0, 0.0, 0.0, 1.0],
                [0.662364, 0.730459, 0.166436, 0.124994, 0.729362, -0.679487, 0.07953, -0.002831, 0.171185, 0.068715, -0.98284, -1.2e-05, 0.0, 0.0, 0.0, 1.0],
                [0.665708, 0.727151, 0.167574, 0.124994, 0.725853, -0.683103, 0.08065, -0.002831, 0.173115, 0.067945, -0.982555, -1.2e-05, 0.0, 0.0, 0.0, 1.0],
                [0.669241, 0.723619, 0.168788, 0.124994, 0.722104, -0.686925, 0.081833, -0.002831, 0.175161, 0.067117, -0.98225, -1.2e-05, 0.0, 0.0, 0.0, 1.0],
                [0.672952, 0.719865, 0.170078, 0.124994, 0.718118, -0.690944, 0.083075, -0.002831, 0.177317, 0.06623, -0.981923, -1.2e-05, 0.0, 0.0, 0.0, 1.0],
                [0.676834, 0.715892, 0.171442, 0.124994, 0.713895, -0.695149, 0.084375, -0.002831, 0.179582, 0.065284, -0.981575, -1.2e-05, 0.0, 0.0, 0.0, 1.0],
                [0.680875, 0.711701, 0.17288, 0.124994, 0.709438, -0.699532, 0.085729, -0.002831, 0.181949, 0.064277, -0.981205, -1.2e-05, 0.0, 0.0, 0.0, 1.0],
                [0.685068, 0.707296, 0.174391, 0.124994, 0.70475, -0.704083, 0.087133, -0.002831, 0.184415, 0.06321, -0.980814, -1.2e-05, 0.0, 0.0, 0.0, 1.0],
                [0.689402, 0.702678, 0.175973, 0.124994, 0.699832, -0.708791, 0.088585, -0.002831, 0.186975, 0.062081, -0.980401, -1.2e-05, 0.0, 0.0, 0.0, 1.0],
                [0.693867, 0.697851, 0.177627, 0.124994, 0.694687, -0.713647, 0.090082, -0.002831, 0.189626, 0.06089, -0.979967, -1.2e-05, 0.0, 0.0, 0.0, 1.0],
                [0.698454, 0.692816, 0.17935, 0.124994, 0.689317, -0.718641, 0.091619, -0.002831, 0.192363, 0.059637, -0.97951, -1.2e-05, 0.0, 0.0, 0.0, 1.0],
                [0.703153, 0.687576, 0.181141, 0.124994, 0.683725, -0.723763, 0.093194, -0.002831, 0.195181, 0.058321, -0.979032, -1.2e-05, 0.0, 0.0, 0.0, 1.0],
                [0.707954, 0.682136, 0.183, 0.124994, 0.677913, -0.729002, 0.094804, -0.002831, 0.198077, 0.056942, -0.978531, -1.2e-05, 0.0, 0.0, 0.0, 1.0],
                [0.712848, 0.676496, 0.184926, 0.124994, 0.671884, -0.734349, 0.096445, -0.002831, 0.201045, 0.055498, -0.978009, -1.2e-05, 0.0, 0.0, 0.0, 1.0],
                [0.717825, 0.670661, 0.186917, 0.124994, 0.66564, -0.739793, 0.098114, -0.002831, 0.204081, 0.053991, -0.977464, -1.2e-05, 0.0, 0.0, 0.0, 1.0],
                [0.722875, 0.664635, 0.188972, 0.124994, 0.659187, -0.745324, 0.099808, -0.002831, 0.207181, 0.052419, -0.976897, -1.2e-05, 0.0, 0.0, 0.0, 1.0],
                [0.727988, 0.658419, 0.191089, 0.124994, 0.652526, -0.750933, 0.101524, -0.002831, 0.21034, 0.050783, -0.976309, -1.2e-05, 0.0, 0.0, 0.0, 1.0],
                [0.733155, 0.65202, 0.193268, 0.124994, 0.645661, -0.756609, 0.103258, -0.002831, 0.213554, 0.049082, -0.975698, -1.2e-05, 0.0, 0.0, 0.0, 1.0],
                [0.738365, 0.64544, 0.195506, 0.124994, 0.638597, -0.762342, 0.105007, -0.002831, 0.216818, 0.047316, -0.975065, -1.2e-05, 0.0, 0.0, 0.0, 1.0],
                [0.74361, 0.638683, 0.197803, 0.124994, 0.631337, -0.768122, 0.106768, -0.002831, 0.220128, 0.045486, -0.97441, -1.2e-05, 0.0, 0.0, 0.0, 1.0],
                [0.748881, 0.631754, 0.200156, 0.124994, 0.623887, -0.773939, 0.108539, -0.002831, 0.223478, 0.043592, -0.973734, -1.2e-05, 0.0, 0.0, 0.0, 1.0],
                [0.754167, 0.624658, 0.202563, 0.124994, 0.61625, -0.779785, 0.110315, -0.002831, 0.226865, 0.041634, -0.973036, -1.2e-05, 0.0, 0.0, 0.0, 1.0],
                [0.75946, 0.6174, 0.205024, 0.124994, 0.608431, -0.785648, 0.112094, -0.002831, 0.230284, 0.039613, -0.972317, -1.2e-05, 0.0, 0.0, 0.0, 1.0],
                [0.764751, 0.609985, 0.207537, 0.124994, 0.600437, -0.791521, 0.113872, -0.002831, 0.23373, 0.037529, -0.971577, -1.2e-05, 0.0, 0.0, 0.0, 1.0],
                [0.770032, 0.602419, 0.210098, 0.124994, 0.592273, -0.797393, 0.115648, -0.002831, 0.237199, 0.035383, -0.970817, -1.2e-05, 0.0, 0.0, 0.0, 1.0],
                [0.775292, 0.594706, 0.212707, 0.124994, 0.583944, -0.803256, 0.117418, -0.002831, 0.240687, 0.033176, -0.970036, -1.2e-05, 0.0, 0.0, 0.0, 1.0],
                [0.780526, 0.586854, 0.215361, 0.124994, 0.575457, -0.8091, 0.119179, -0.002831, 0.244189, 0.030909, -0.969235, -1.2e-05, 0.0, 0.0, 0.0, 1.0],
                [0.785723, 0.578867, 0.218058, 0.124994, 0.566817, -0.814918, 0.120929, -0.002831, 0.247701, 0.028583, -0.968415, -1.2e-05, 0.0, 0.0, 0.0, 1.0],
                [0.790878, 0.570754, 0.220796, 0.124994, 0.558033, -0.8207, 0.122664, -0.002831, 0.251218, 0.026199, -0.967576, -1.2e-05, 0.0, 0.0, 0.0, 1.0],
                [0.795981, 0.56252, 0.223572, 0.124994, 0.549111, -0.82644, 0.124383, -0.002831, 0.254737, 0.023759, -0.966719, -1.2e-05, 0.0, 0.0, 0.0, 1.0],
                [0.801025, 0.554172, 0.226384, 0.124994, 0.540058, -0.832128, 0.126084, -0.002831, 0.258253, 0.021265, -0.965843, -1.2e-05, 0.0, 0.0, 0.0, 1.0],
                [0.806005, 0.545718, 0.22923, 0.124994, 0.530882, -0.837757, 0.127763, -0.002831, 0.261762, 0.018717, -0.964951, -1.2e-05, 0.0, 0.0, 0.0, 1.0],
                [0.810912, 0.537164, 0.232108, 0.124994, 0.521591, -0.843321, 0.129418, -0.002831, 0.26526, 0.016119, -0.964042, -1.2e-05, 0.0, 0.0, 0.0, 1.0],
                [0.815742, 0.528519, 0.235013, 0.124994, 0.512193, -0.848812, 0.131048, -0.002831, 0.268744, 0.013471, -0.963118, -1.2e-05, 0.0, 0.0, 0.0, 1.0],
                [0.820487, 0.51979, 0.237945, 0.124994, 0.502695, -0.854223, 0.13265, -0.002831, 0.272209, 0.010776, -0.962178, -1.2e-05, 0.0, 0.0, 0.0, 1.0],
                [0.825142, 0.510985, 0.2409, 0.124994, 0.493108, -0.859549, 0.134223, -0.002831, 0.275652, 0.008037, -0.961224, -1.2e-05, 0.0, 0.0, 0.0, 1.0],
                [0.829703, 0.502112, 0.243875, 0.124994, 0.483439, -0.864784, 0.135765, -0.002831, 0.279069, 0.005255, -0.960257, -1.2e-05, 0.0, 0.0, 0.0, 1.0],
                [0.834163, 0.493179, 0.246869, 0.124994, 0.473697, -0.869922, 0.137273, -0.002831, 0.282457, 0.002433, -0.959277, -1.2e-05, 0.0, 0.0, 0.0, 1.0],
                [0.838519, 0.484195, 0.249877, 0.124994, 0.463892, -0.874957, 0.138747, -0.002831, 0.285813, -0.000426, -0.958286, -1.2e-05, 0.0, 0.0, 0.0, 1.0],
                [0.842767, 0.475169, 0.252897, 0.124994, 0.454033, -0.879886, 0.140186, -0.002831, 0.289133, -0.00332, -0.957284, -1.2e-05, 0.0, 0.0, 0.0, 1.0],
                [0.846902, 0.466108, 0.255926, 0.124994, 0.444128, -0.884703, 0.141587, -0.002831, 0.292414, -0.006246, -0.956272, -1.2e-05, 0.0, 0.0, 0.0, 1.0],
                [0.850922, 0.457022, 0.258962, 0.124994, 0.434189, -0.889405, 0.14295, -0.002831, 0.295654, -0.0092, -0.955251, -1.2e-05, 0.0, 0.0, 0.0, 1.0],
                [0.854823, 0.447919, 0.262001, 0.124994, 0.424224, -0.893988, 0.144274, -0.002831, 0.298849, -0.012181, -0.954223, -1.2e-05, 0.0, 0.0, 0.0, 1.0],
                [0.858603, 0.438809, 0.265041, 0.124994, 0.414244, -0.898449, 0.145557, -0.002831, 0.301998, -0.015184, -0.953188, -1.2e-05, 0.0, 0.0, 0.0, 1.0],
                [0.862259, 0.4297, 0.268077, 0.124994, 0.404258, -0.902786, 0.1468, -0.002831, 0.305097, -0.018207, -0.952148, -1.2e-05, 0.0, 0.0, 0.0, 1.0],
                [0.865791, 0.420601, 0.271109, 0.124994, 0.394276, -0.906994, 0.148001, -0.002831, 0.308144, -0.021246, -0.951103, -1.2e-05, 0.0, 0.0, 0.0, 1.0],
                [0.869195, 0.411521, 0.274132, 0.124994, 0.384308, -0.911074, 0.14916, -0.002831, 0.311137, -0.024298, -0.950055, -1.2e-05, 0.0, 0.0, 0.0, 1.0],
                [0.872472, 0.40247, 0.277143, 0.124994, 0.374364, -0.915022, 0.150277, -0.002831, 0.314075, -0.02736, -0.949004, -1.2e-05, 0.0, 0.0, 0.0, 1.0],
                [0.875621, 0.393456, 0.280141, 0.124994, 0.364454, -0.918838, 0.151351, -0.002831, 0.316954, -0.030428, -0.947953, -1.2e-05, 0.0, 0.0, 0.0, 1.0],
                [0.878642, 0.384487, 0.283121, 0.124994, 0.354588, -0.92252, 0.152383, -0.002831, 0.319774, -0.033498, -0.946902, -1.2e-05, 0.0, 0.0, 0.0, 1.0],
                [0.881533, 0.375574, 0.28608, 0.124994, 0.344776, -0.926068, 0.153371, -0.002831, 0.322533, -0.036568, -0.945852, -1.2e-05, 0.0, 0.0, 0.0, 1.0],
                [0.884297, 0.366724, 0.289017, 0.124994, 0.335029, -0.929483, 0.154317, -0.002831, 0.325229, -0.039633, -0.944805, -1.2e-05, 0.0, 0.0, 0.0, 1.0],
                [0.886933, 0.357947, 0.291928, 0.124994, 0.325355, -0.932763, 0.155221, -0.002831, 0.327861, -0.04269, -0.943761, -1.2e-05, 0.0, 0.0, 0.0, 1.0],
                [0.889443, 0.349252, 0.29481, 0.124994, 0.315765, -0.93591, 0.156082, -0.002831, 0.330428, -0.045735, -0.942723, -1.2e-05, 0.0, 0.0, 0.0, 1.0],
                [0.891828, 0.340646, 0.297661, 0.124994, 0.306268, -0.938924, 0.156902, -0.002831, 0.332929, -0.048765, -0.94169, -1.2e-05, 0.0, 0.0, 0.0, 1.0],
                [0.89409, 0.332139, 0.300477, 0.124994, 0.296875, -0.941806, 0.15768, -0.002831, 0.335363, -0.051775, -0.940665, -1.2e-05, 0.0, 0.0, 0.0, 1.0],
                [0.89623, 0.323739, 0.303256, 0.124994, 0.287594, -0.944558, 0.158418, -0.002831, 0.337729, -0.054763, -0.939649, -1.2e-05, 0.0, 0.0, 0.0, 1.0],
                [0.898251, 0.315454, 0.305996, 0.124994, 0.278436, -0.947181, 0.159116, -0.002831, 0.340027, -0.057725, -0.938643, -1.2e-05, 0.0, 0.0, 0.0, 1.0],
                [0.900155, 0.307294, 0.308693, 0.124994, 0.269409, -0.949677, 0.159774, -0.002831, 0.342256, -0.060657, -0.937647, -1.2e-05, 0.0, 0.0, 0.0, 1.0],
                [0.901945, 0.299264, 0.311345, 0.124994, 0.260523, -0.952049, 0.160395, -0.002831, 0.344416, -0.063554, -0.936664, -1.2e-05, 0.0, 0.0, 0.0, 1.0],
                [0.903624, 0.291374, 0.31395, 0.124994, 0.251787, -0.954298, 0.160978, -0.002831, 0.346507, -0.066415, -0.935694, -1.2e-05, 0.0, 0.0, 0.0, 1.0],
                [0.905195, 0.283632, 0.316504, 0.124994, 0.243209, -0.956428, 0.161525, -0.002831, 0.348527, -0.069234, -0.934738, -1.2e-05, 0.0, 0.0, 0.0, 1.0],
                [0.90666, 0.276045, 0.319006, 0.124994, 0.234799, -0.958441, 0.162036, -0.002831, 0.350478, -0.072009, -0.933799, -1.2e-05, 0.0, 0.0, 0.0, 1.0],
                [0.908025, 0.26862, 0.321454, 0.124994, 0.226566, -0.96034, 0.162514, -0.002831, 0.35236, -0.074736, -0.932876, -1.2e-05, 0.0, 0.0, 0.0, 1.0],
                [0.909292, 0.261366, 0.323844, 0.124994, 0.218517, -0.962128, 0.162958, -0.002831, 0.354171, -0.077411, -0.931971, -1.2e-05, 0.0, 0.0, 0.0, 1.0],
                [0.910465, 0.25429, 0.326174, 0.124994, 0.210662, -0.963809, 0.163371, -0.002831, 0.355913, -0.08003, -0.931086, -1.2e-05, 0.0, 0.0, 0.0, 1.0],
                [0.911548, 0.247398, 0.328443, 0.124994, 0.203009, -0.965385, 0.163753, -0.002831, 0.357586, -0.082591, -0.930221, -1.2e-05, 0.0, 0.0, 0.0, 1.0],
                [0.912544, 0.240698, 0.330647, 0.124994, 0.195565, -0.966861, 0.164106, -0.002831, 0.35919, -0.08509, -0.929377, -1.2e-05, 0.0, 0.0, 0.0, 1.0],
                [0.913458, 0.234197, 0.332785, 0.124994, 0.188339, -0.968239, 0.164431, -0.002831, 0.360725, -0.087524, -0.928557, -1.2e-05, 0.0, 0.0, 0.0, 1.0],
