{
    "animation": [
        {
            "name": "Root",
            "time": [0.0, 0.0167, 0.0333, 0.05, 0.0667, 0.0833, 0.1, 0.1167, 0.1333, 0.15, 0.1667, 0.1833, 0.2, 0.2167, 0.2333, 0.25, 0.2667, 0.2833, 0.3, 0.3167, 0.3333, 0.35, 0.3667, 0.3833, 0.4, 0.4167, 0.4333, 0.45, 0.4667, 0.4833, 0.5, 0.5167, 0.5333, 0.55, 0.5667, 0.5833, 0.6, 0.6167, 0.6333, 0.65, 0.6667, 0.6833, 0.7, 0.7167, 0.7333, 0.75, 0.7667, 0.7833, 0.8, 0.8167, 0.8333, 0.85, 0.8667, 0.8833, 0.9, 0.9167, 0.9333, 0.95, 0.9667, 0.9833, 1.0, 1.0167, 1.0333, 1.05, 1.0667, 1.0833, 1.1, 1.1167, 1.1333, 1.15, 1.1667, 1.1833, 1.2, 1.2167, 1.2333, 1.25, 1.2667, 1.2833, 1.3, 1.3167, 1.3333, 1.35, 1.3667, 1.3833, 1.4, 1.4167, 1.4333, 1.45, 1.4667, 1.4833, 1.5, 1.5167, 1.5333, 1.55, 1.5667, 1.5833, 1.6, 1.6167, 1.6333, 1.65, 1.6667, 1.6833, 1.7, 1.7167, 1.7333, 1.75, 1.7667, 1.7833, 1.8, 1.8167, 1.8333, 1.85, 1.8667, 1.8833, 1.9, 1.9167, 1.9333, 1.95, 1.9667, 1.9833, 2.0, 2.0167, 2.0333, 2.05, 2.0667, 2.0833, 2.1, 2.1167, 2.1333, 2.15, 2.1667, 2.1833, 2.2, 2.2167, 2.2333, 2.25, 2.2667, 2.2833, 2.3, 2.3167, 2.3333, 2.35, 2.3667, 2.3833, 2.4, 2.4167, 2.4333, 2.45, 2.4667, 2.4833, 2.5, 2.5167, 2.5333, 2.55, 2.5667, 2.5833, 2.6, 2.6167, 2.6333, 2.65, 2.6667, 2.6833],
            "transform": [
                [0.849401, 0.0, -0.527748, -5e-06, -0.527748, 0.0, -0.849401, 0.000946, 0.0, 1.0, 0.0, 0.535063, 0.0, 0.0, 0.0, 1.0],
                [0.852307, 0.0, -0.523042, -5e-06, -0.523042, 0.0, -0.852307, 0.007628, 0.0, 1.0, 0.0, 0.533013, 0.0, 0.0, 0.0, 1.0],
                [0.860295, 0.0, -0.509797, -5e-06, -0.509797, 0.0, -0.860295, 0.026268, 0.0, 1.0, 0.0, 0.52739, 0.0, 0.0, 0.0, 1.0],
                [0.872148, 0.0, -0.489243, -5e-06, -0.489243, 0.0, -0.872148, 0.05476, 0.0, 1.0, 0.0, 0.51899, 0.0, 0.0, 0.0, 1.0],
                [0.886572, 0.0, -0.462591, -5e-06, -0.462591, 0.0, -0.886572, 0.091, 0.0, 1.0, 0.0, 0.508604, 0.0, 0.0, 0.0, 1.0],
                [0.902292, 0.0, -0.431126, -5e-06, -0.431126, 0.0, -0.902292, 0.13288, 0.0, 1.0, 0.0, 0.497029, 0.0, 0.0, 0.0, 1.0],
                [0.918137, 0.0, -0.396264, -5e-06, -0.396264, 0.0, -0.918137, 0.178295, 0.0, 1.0, 0.0, 0.485056, 0.0, 0.0, 0.0, 1.0],
                [0.933117, 0.0, -0.359574, -5e-06, -0.359574, 0.0, -0.933117, 0.225139, 0.0, 1.0, 0.0, 0.47348, 0.0, 0.0, 0.0, 1.0],
                [0.946478, 0.0, -0.322767, -5e-06, -0.322767, 0.0, -0.946478, 0.271306, 0.0, 1.0, 0.0, 0.463095, 0.0, 0.0, 0.0, 1.0],
                [0.957732, 0.0, -0.28766, -5e-06, -0.28766, 0.0, -0.957732, 0.314691, 0.0, 1.0, 0.0, 0.454694, 0.0, 0.0, 0.0, 1.0],
                [0.966643, 0.0, -0.256126, -5e-06, -0.256126, 0.0, -0.966643, 0.353186, 0.0, 1.0, 0.0, 0.449072, 0.0, 0.0, 0.0, 1.0],
                [0.973181, 0.0, -0.230041, -5e-06, -0.230041, 0.0, -0.973181, 0.384687, 0.0, 1.0, 0.0, 0.447021, 0.0, 0.0, 0.0, 1.0],
                [0.977562, 0.0, -0.210648, -5e-06, -0.210648, 0.0, -0.977562, 0.407895, 0.0, 1.0, 0.0, 0.449494, 0.0, 0.0, 0.0, 1.0],
                [0.98045, 0.0, -0.196769, -5e-06, -0.196769, 0.0, -0.98045, 0.424736, 0.0, 1.0, 0.0, 0.456329, 0.0, 0.0, 0.0, 1.0],
                [0.98244, 0.0, -0.186577, -5e-06, -0.186577, 0.0, -0.98244, 0.437947, 0.0, 1.0, 0.0, 0.466654, 0.0, 0.0, 0.0, 1.0],
                [0.983988, 0.0, -0.178232, -5e-06, -0.178232, 0.0, -0.983988, 0.450262, 0.0, 1.0, 0.0, 0.479597, 0.0, 0.0, 0.0, 1.0],
                [0.985462, 0.0, -0.169893, -5e-06, -0.169893, 0.0, -0.985462, 0.464416, 0.0, 1.0, 0.0, 0.494285, 0.0, 0.0, 0.0, 1.0],
                [0.987161, 0.0, -0.159727, -5e-06, -0.159727, 0.0, -0.987161, 0.483145, 0.0, 1.0, 0.0, 0.509846, 0.0, 0.0, 0.0, 1.0],
                [0.9893, 0.0, -0.145897, -5e-06, -0.145897, 0.0, -0.9893, 0.509182, 0.0, 1.0, 0.0, 0.525407, 0.0, 0.0, 0.0, 1.0],
                [0.99196, 0.0, -0.126554, -5e-06, -0.126554, 0.0, -0.99196, 0.545263, 0.0, 1.0, 0.0, 0.540095, 0.0, 0.0, 0.0, 1.0],
                [0.995006, 0.0, -0.099818, -5e-06, -0.099818, 0.0, -0.995006, 0.594123, 0.0, 1.0, 0.0, 0.553038, 0.0, 0.0, 0.0, 1.0],
                [0.997964, 0.0, -0.063779, -5e-06, -0.063779, 0.0, -0.997964, 0.658496, 0.0, 1.0, 0.0, 0.563364, 0.0, 0.0, 0.0, 1.0],
                [0.999864, 0.0, -0.016523, -5e-06, -0.016523, 0.0, -0.999864, 0.741119, 0.0, 1.0, 0.0, 0.570199, 0.0, 0.0, 0.0, 1.0],
                [0.999042, 0.0, 0.04377, -5e-06, 0.04377, 0.0, -0.999042, 0.844725, 0.0, 1.0, 0.0, 0.572671, 0.0, 0.0, 0.0, 1.0],
                [0.99207, 0.0, 0.125683, -5e-06, 0.125683, 0.0, -0.99207, 0.984573, 0.0, 1.0, 0.0, 0.562604, 0.0, 0.0, 0.0, 1.0],
                [0.97406, 0.0, 0.226289, -5e-06, 0.226289, 0.0, -0.97406, 1.155516, 0.0, 1.0, 0.0, 0.536185, 0.0, 0.0, 0.0, 1.0],
                [0.944141, 0.0, 0.329542, -5e-06, 0.329542, 0.0, -0.944141, 1.329679, 0.0, 1.0, 0.0, 0.499088, 0.0, 0.0, 0.0, 1.0],
                [0.9074, 0.0, 0.420269, -5e-06, 0.420269, 0.0, -0.9074, 1.479187, 0.0, 1.0, 0.0, 0.456989, 0.0, 0.0, 0.0, 1.0],
                [0.874046, 0.0, 0.485842, -5e-06, 0.485842, 0.0, -0.874046, 1.576165, 0.0, 1.0, 0.0, 0.415561, 0.0, 0.0, 0.0, 1.0],
                [0.84757, 0.0, 0.530683, -5e-06, 0.530683, 0.0, -0.84757, 1.632425, 0.0, 1.0, 0.0, 0.379447, 0.0, 0.0, 0.0, 1.0],
                [0.823687, 0.0, 0.567045, -5e-06, 0.567045, 0.0, -0.823687, 1.678997, 0.0, 1.0, 0.0, 0.349165, 0.0, 0.0, 0.0, 1.0],
                [0.802935, 0.0, 0.596067, -5e-06, 0.596067, 0.0, -0.802935, 1.716835, 0.0, 1.0, 0.0, 0.324202, 0.0, 0.0, 0.0, 1.0],
                [0.785547, 0.0, 0.618801, -5e-06, 0.618801, 0.0, -0.785547, 1.746895, 0.0, 1.0, 0.0, 0.304046, 0.0, 0.0, 0.0, 1.0],
                [0.771524, 0.0, 0.6362, -5e-06, 0.6362, 0.0, -0.771524, 1.77013, 0.0, 1.0, 0.0, 0.288182, 0.0, 0.0, 0.0, 1.0],
                [0.760692, 0.0, 0.649113, -5e-06, 0.649113, 0.0, -0.760692, 1.787494, 0.0, 1.0, 0.0, 0.276099, 0.0, 0.0, 0.0, 1.0],
                [0.752753, 0.0, 0.658303, -5e-06, 0.658303, 0.0, -0.752753, 1.799943, 0.0, 1.0, 0.0, 0.267282, 0.0, 0.0, 0.0, 1.0],
                [0.747325, 0.0, 0.664459, -5e-06, 0.664459, 0.0, -0.747325, 1.80843, 0.0, 1.0, 0.0, 0.261219, 0.0, 0.0, 0.0, 1.0],
                [0.743964, 0.0, 0.66822, -5e-06, 0.66822, 0.0, -0.743964, 1.81391, 0.0, 1.0, 0.0, 0.257396, 0.0, 0.0, 0.0, 1.0],
                [0.74219, 0.0, 0.670189, -5e-06, 0.670189, 0.0, -0.74219, 1.817338, 0.0, 1.0, 0.0, 0.255301, 0.0, 0.0, 0.0, 1.0],
                [0.741502, 0.0, 0.670951, -5e-06, 0.670951, 0.0, -0.741502, 1.819667, 0.0, 1.0, 0.0, 0.25442, 0.0, 0.0, 0.0, 1.0],
                [0.741387, 0.0, 0.671077, -5e-06, 0.671077, 0.0, -0.741387, 1.821853, 0.0, 1.0, 0.0, 0.254241, 0.0, 0.0, 0.0, 1.0],
                [0.741387, 0.0, 0.671077, -5e-06, 0.671077, 0.0, -0.741387, 1.824684, 0.0, 1.0, 0.0, 0.254897, 0.0, 0.0, 0.0, 1.0],
                [0.741387, 0.0, 0.671077, -5e-06, 0.671077, 0.0, -0.741387, 1.82829, 0.0, 1.0, 0.0, 0.256825, 0.0, 0.0, 0.0, 1.0],
                [0.741387, 0.0, 0.671077, -5e-06, 0.671077, 0.0, -0.741387, 1.832635, 0.0, 1.0, 0.0, 0.259965, 0.0, 0.0, 0.0, 1.0],
                [0.741387, 0.0, 0.671077, -5e-06, 0.671077, 0.0, -0.741387, 1.837684, 0.0, 1.0, 0.0, 0.264256, 0.0, 0.0, 0.0, 1.0],
                [0.741387, 0.0, 0.671077, -5e-06, 0.671077, 0.0, -0.741387, 1.843402, 0.0, 1.0, 0.0, 0.269639, 0.0, 0.0, 0.0, 1.0],
                [0.741387, 0.0, 0.671077, -5e-06, 0.671077, 0.0, -0.741387, 1.849752, 0.0, 1.0, 0.0, 0.276052, 0.0, 0.0, 0.0, 1.0],
                [0.741387, 0.0, 0.671077, -5e-06, 0.671077, 0.0, -0.741387, 1.8567, 0.0, 1.0, 0.0, 0.283435, 0.0, 0.0, 0.0, 1.0],
                [0.741387, 0.0, 0.671077, -5e-06, 0.671077, 0.0, -0.741387, 1.864209, 0.0, 1.0, 0.0, 0.291729, 0.0, 0.0, 0.0, 1.0],
                [0.741387, 0.0, 0.671077, -5e-06, 0.671077, 0.0, -0.741387, 1.872244, 0.0, 1.0, 0.0, 0.300872, 0.0, 0.0, 0.0, 1.0],
                [0.741387, 0.0, 0.671077, -5e-06, 0.671077, 0.0, -0.741387, 1.88077, 0.0, 1.0, 0.0, 0.310804, 0.0, 0.0, 0.0, 1.0],
                [0.741387, 0.0, 0.671077, -5e-06, 0.671077, 0.0, -0.741387, 1.88975, 0.0, 1.0, 0.0, 0.321465, 0.0, 0.0, 0.0, 1.0],
                [0.741387, 0.0, 0.671077, -5e-06, 0.671077, 0.0, -0.741387, 1.899151, 0.0, 1.0, 0.0, 0.332794, 0.0, 0.0, 0.0, 1.0],
                [0.741387, 0.0, 0.671077, -5e-06, 0.671077, 0.0, -0.741387, 1.908935, 0.0, 1.0, 0.0, 0.344732, 0.0, 0.0, 0.0, 1.0],
                [0.741387, 0.0, 0.671077, -5e-06, 0.671077, 0.0, -0.741387, 1.919067, 0.0, 1.0, 0.0, 0.357217, 0.0, 0.0, 0.0, 1.0],
                [0.741387, 0.0, 0.671077, -5e-06, 0.671077, 0.0, -0.741387, 1.929512, 0.0, 1.0, 0.0, 0.37019, 0.0, 0.0, 0.0, 1.0],
                [0.741387, 0.0, 0.671077, -5e-06, 0.671077, 0.0, -0.741387, 1.940234, 0.0, 1.0, 0.0, 0.383589, 0.0, 0.0, 0.0, 1.0],
                [0.741387, 0.0, 0.671077, -5e-06, 0.671077, 0.0, -0.741387, 1.951198, 0.0, 1.0, 0.0, 0.397356, 0.0, 0.0, 0.0, 1.0],
                [0.741387, 0.0, 0.671077, -5e-06, 0.671077, 0.0, -0.741387, 1.962368, 0.0, 1.0, 0.0, 0.411428, 0.0, 0.0, 0.0, 1.0],
                [0.741387, 0.0, 0.671077, -5e-06, 0.671077, 0.0, -0.741387, 1.973709, 0.0, 1.0, 0.0, 0.425747, 0.0, 0.0, 0.0, 1.0],
                [0.741387, 0.0, 0.671077, -5e-06, 0.671077, 0.0, -0.741387, 1.985184, 0.0, 1.0, 0.0, 0.440251, 0.0, 0.0, 0.0, 1.0],
                [0.741387, 0.0, 0.671077, -5e-06, 0.671077, 0.0, -0.741387, 1.996759, 0.0, 1.0, 0.0, 0.45488, 0.0, 0.0, 0.0, 1.0],
                [0.741387, 0.0, 0.671077, -5e-06, 0.671077, 0.0, -0.741387, 2.008398, 0.0, 1.0, 0.0, 0.469575, 0.0, 0.0, 0.0, 1.0],
                [0.741387, 0.0, 0.671077, -5e-06, 0.671077, 0.0, -0.741387, 2.020065, 0.0, 1.0, 0.0, 0.484273, 0.0, 0.0, 0.0, 1.0],
                [0.741387, 0.0, 0.671077, -5e-06, 0.671077, 0.0, -0.741387, 2.031725, 0.0, 1.0, 0.0, 0.498916, 0.0, 0.0, 0.0, 1.0],
                [0.741387, 0.0, 0.671077, -5e-06, 0.671077, 0.0, -0.741387, 2.043342, 0.0, 1.0, 0.0, 0.513443, 0.0, 0.0, 0.0, 1.0],
                [0.741387, 0.0, 0.671077, -5e-06, 0.671077, 0.0, -0.741387, 2.05488, 0.0, 1.0, 0.0, 0.527792, 0.0, 0.0, 0.0, 1.0],
                [0.741387, 0.0, 0.671077, -5e-06, 0.671077, 0.0, -0.741387, 2.066305, 0.0, 1.0, 0.0, 0.541905, 0.0, 0.0, 0.0, 1.0],
                [0.741387, 0.0, 0.671077, -5e-06, 0.671077, 0.0, -0.741387, 2.07758, 0.0, 1.0, 0.0, 0.555721, 0.0, 0.0, 0.0, 1.0],
                [0.741387, 0.0, 0.671077, -5e-06, 0.671077, 0.0, -0.741387, 2.08867, 0.0, 1.0, 0.0, 0.569179, 0.0, 0.0, 0.0, 1.0],
                [0.741387, 0.0, 0.671077, -5e-06, 0.671077, 0.0, -0.741387, 2.09954, 0.0, 1.0, 0.0, 0.582218, 0.0, 0.0, 0.0, 1.0],
                [0.741387, 0.0, 0.671077, -5e-06, 0.671077, 0.0, -0.741387, 2.110153, 0.0, 1.0, 0.0, 0.59478, 0.0, 0.0, 0.0, 1.0],
                [0.741387, 0.0, 0.671077, -5e-06, 0.671077, 0.0, -0.741387, 2.120475, 0.0, 1.0, 0.0, 0.606802, 0.0, 0.0, 0.0, 1.0],
                [0.741387, 0.0, 0.671077, -5e-06, 0.671077, 0.0, -0.741387, 2.130469, 0.0, 1.0, 0.0, 0.618225, 0.0, 0.0, 0.0, 1.0],
                [0.741387, 0.0, 0.671077, -5e-06, 0.671077, 0.0, -0.741387, 2.140101, 0.0, 1.0, 0.0, 0.628989, 0.0, 0.0, 0.0, 1.0],
                [0.741387, 0.0, 0.671077, -5e-06, 0.671077, 0.0, -0.741387, 2.149334, 0.0, 1.0, 0.0, 0.639033, 0.0, 0.0, 0.0, 1.0],
                [0.741387, 0.0, 0.671077, -5e-06, 0.671077, 0.0, -0.741387, 2.158133, 0.0, 1.0, 0.0, 0.648297, 0.0, 0.0, 0.0, 1.0],
                [0.741387, 0.0, 0.671077, -5e-06, 0.671077, 0.0, -0.741387, 2.166463, 0.0, 1.0, 0.0, 0.65672, 0.0, 0.0, 0.0, 1.0],
                [0.741387, 0.0, 0.671077, -5e-06, 0.671077, 0.0, -0.741387, 2.174288, 0.0, 1.0, 0.0, 0.664242, 0.0, 0.0, 0.0, 1.0],
                [0.741387, 0.0, 0.671077, -5e-06, 0.671077, 0.0, -0.741387, 2.181571, 0.0, 1.0, 0.0, 0.670802, 0.0, 0.0, 0.0, 1.0],
                [0.741387, 0.0, 0.671077, -5e-06, 0.671077, 0.0, -0.741387, 2.188279, 0.0, 1.0, 0.0, 0.676341, 0.0, 0.0, 0.0, 1.0],
                [0.741612, 0.0, 0.67083, -5e-06, 0.67083, 0.0, -0.741612, 2.194461, 0.0, 1.0, 0.0, 0.681207, 0.0, 0.0, 0.0, 1.0],
                [0.742277, 0.0, 0.670094, -5e-06, 0.670094, 0.0, -0.742277, 2.200202, 0.0, 1.0, 0.0, 0.685792, 0.0, 0.0, 0.0, 1.0],
                [0.74337, 0.0, 0.668881, -5e-06, 0.668881, 0.0, -0.74337, 2.20552, 0.0, 1.0, 0.0, 0.690106, 0.0, 0.0, 0.0, 1.0],
                [0.744878, 0.0, 0.667201, -5e-06, 0.667201, 0.0, -0.744878, 2.210435, 0.0, 1.0, 0.0, 0.694157, 0.0, 0.0, 0.0, 1.0],
                [0.746787, 0.0, 0.665063, -5e-06, 0.665063, 0.0, -0.746787, 2.214964, 0.0, 1.0, 0.0, 0.697955, 0.0, 0.0, 0.0, 1.0],
                [0.749083, 0.0, 0.662476, -5e-06, 0.662476, 0.0, -0.749083, 2.219127, 0.0, 1.0, 0.0, 0.701506, 0.0, 0.0, 0.0, 1.0],
                [0.751751, 0.0, 0.659448, -5e-06, 0.659448, 0.0, -0.751751, 2.222941, 0.0, 1.0, 0.0, 0.704821, 0.0, 0.0, 0.0, 1.0],
                [0.754774, 0.0, 0.655985, -5e-06, 0.655985, 0.0, -0.754774, 2.226426, 0.0, 1.0, 0.0, 0.707907, 0.0, 0.0, 0.0, 1.0],
                [0.758137, 0.0, 0.652095, -5e-06, 0.652095, 0.0, -0.758137, 2.229599, 0.0, 1.0, 0.0, 0.710774, 0.0, 0.0, 0.0, 1.0],
                [0.761824, 0.0, 0.647784, -5e-06, 0.647784, 0.0, -0.761824, 2.23248, 0.0, 1.0, 0.0, 0.713429, 0.0, 0.0, 0.0, 1.0],
                [0.765817, 0.0, 0.643058, -5e-06, 0.643058, 0.0, -0.765817, 2.235086, 0.0, 1.0, 0.0, 0.715882, 0.0, 0.0, 0.0, 1.0],
                [0.770099, 0.0, 0.637924, -5e-06, 0.637924, 0.0, -0.770099, 2.237437, 0.0, 1.0, 0.0, 0.71814, 0.0, 0.0, 0.0, 1.0],
                [0.774653, 0.0, 0.632387, -5e-06, 0.632387, 0.0, -0.774653, 2.239549, 0.0, 1.0, 0.0, 0.720214, 0.0, 0.0, 0.0, 1.0],
                [0.77946, 0.0, 0.626452, -5e-06, 0.626452, 0.0, -0.77946, 2.241444, 0.0, 1.0, 0.0, 0.72211, 0.0, 0.0, 0.0, 1.0],
                [0.784502, 0.0, 0.620126, -5e-06, 0.620126, 0.0, -0.784502, 2.243138, 0.0, 1.0, 0.0, 0.723838, 0.0, 0.0, 0.0, 1.0],
                [0.789761, 0.0, 0.613415, -5e-06, 0.613415, 0.0, -0.789761, 2.24465, 0.0, 1.0, 0.0, 0.725406, 0.0, 0.0, 0.0, 1.0],
                [0.795217, 0.0, 0.606325, -5e-06, 0.606325, 0.0, -0.795217, 2.245998, 0.0, 1.0, 0.0, 0.726823, 0.0, 0.0, 0.0, 1.0],
                [0.800853, 0.0, 0.598861, -5e-06, 0.598861, 0.0, -0.800853, 2.247202, 0.0, 1.0, 0.0, 0.728097, 0.0, 0.0, 0.0, 1.0],
                [0.806648, 0.0, 0.591032, -5e-06, 0.591032, 0.0, -0.806648, 2.248279, 0.0, 1.0, 0.0, 0.729238, 0.0, 0.0, 0.0, 1.0],
                [0.812585, 0.0, 0.582843, -5e-06, 0.582843, 0.0, -0.812585, 2.249249, 0.0, 1.0, 0.0, 0.730253, 0.0, 0.0, 0.0, 1.0],
                [0.818643, 0.0, 0.574303, -5e-06, 0.574303, 0.0, -0.818643, 2.250129, 0.0, 1.0, 0.0, 0.731151, 0.0, 0.0, 0.0, 1.0],
                [0.824804, 0.0, 0.565419, -5e-06, 0.565419, 0.0, -0.824804, 2.250938, 0.0, 1.0, 0.0, 0.731941, 0.0, 0.0, 0.0, 1.0],
                [0.831048, 0.0, 0.556201, -5e-06, 0.556201, 0.0, -0.831048, 2.251695, 0.0, 1.0, 0.0, 0.732631, 0.0, 0.0, 0.0, 1.0],
                [0.837358, 0.0, 0.546656, -5e-06, 0.546656, 0.0, -0.837358, 2.252418, 0.0, 1.0, 0.0, 0.73323, 0.0, 0.0, 0.0, 1.0],
                [0.843713, 0.0, 0.536794, -5e-06, 0.536794, 0.0, -0.843713, 2.253125, 0.0, 1.0, 0.0, 0.733747, 0.0, 0.0, 0.0, 1.0],
                [0.850096, 0.0, 0.526627, -5e-06, 0.526627, 0.0, -0.850096, 2.253835, 0.0, 1.0, 0.0, 0.734189, 0.0, 0.0, 0.0, 1.0],
                [0.856489, 0.0, 0.516165, -5e-06, 0.516165, 0.0, -0.856489, 2.254567, 0.0, 1.0, 0.0, 0.734567, 0.0, 0.0, 0.0, 1.0],
                [0.862874, 0.0, 0.505419, -5e-06, 0.505419, 0.0, -0.862874, 2.255339, 0.0, 1.0, 0.0, 0.734887, 0.0, 0.0, 0.0, 1.0],
                [0.869233, 0.0, 0.494403, -5e-06, 0.494403, 0.0, -0.869233, 2.25617, 0.0, 1.0, 0.0, 0.73516, 0.0, 0.0, 0.0, 1.0],
                [0.875549, 0.0, 0.483129, -5e-06, 0.483129, 0.0, -0.875549, 2.257077, 0.0, 1.0, 0.0, 0.735392, 0.0, 0.0, 0.0, 1.0],
                [0.881807, 0.0, 0.471611, -5e-06, 0.471611, 0.0, -0.881807, 2.25808, 0.0, 1.0, 0.0, 0.735594, 0.0, 0.0, 0.0, 1.0],
                [0.88799, 0.0, 0.459864, -5e-06, 0.459864, 0.0, -0.88799, 2.259197, 0.0, 1.0, 0.0, 0.735773, 0.0, 0.0, 0.0, 1.0],
                [0.894083, 0.0, 0.447902, -5e-06, 0.447902, 0.0, -0.894083, 2.260447, 0.0, 1.0, 0.0, 0.735939, 0.0, 0.0, 0.0, 1.0],
                [0.900072, 0.0, 0.435742, -5e-06, 0.435742, 0.0, -0.900072, 2.261847, 0.0, 1.0, 0.0, 0.736099, 0.0, 0.0, 0.0, 1.0],
                [0.905943, 0.0, 0.423401, -5e-06, 0.423401, 0.0, -0.905943, 2.263417, 0.0, 1.0, 0.0, 0.736262, 0.0, 0.0, 0.0, 1.0],
                [0.911683, 0.0, 0.410895, -5e-06, 0.410895, 0.0, -0.911683, 2.265175, 0.0, 1.0, 0.0, 0.736437, 0.0, 0.0, 0.0, 1.0],
                [0.91728, 0.0, 0.398242, -5e-06, 0.398242, 0.0, -0.91728, 2.267134, 0.0, 1.0, 0.0, 0.736631, 0.0, 0.0, 0.0, 1.0],
                [0.922724, 0.0, 0.385461, -5e-06, 0.385461, 0.0, -0.922724, 2.269289, 0.0, 1.0, 0.0, 0.736845, 0.0, 0.0, 0.0, 1.0],
                [0.928003, 0.0, 0.372571, -5e-06, 0.372571, 0.0, -0.928003, 2.271627, 0.0, 1.0, 0.0, 0.737076, 0.0, 0.0, 0.0, 1.0],
                [0.93311, 0.0, 0.359592, -5e-06, 0.359592, 0.0, -0.93311, 2.274138, 0.0, 1.0, 0.0, 0.737325, 0.0, 0.0, 0.0, 1.0],
                [0.938034, 0.0, 0.346542, -5e-06, 0.346542, 0.0, -0.938034, 2.27681, 0.0, 1.0, 0.0, 0.737589, 0.0, 0.0, 0.0, 1.0],
                [0.94277, 0.0, 0.333443, -5e-06, 0.333443, 0.0, -0.94277, 2.279632, 0.0, 1.0, 0.0, 0.737869, 0.0, 0.0, 0.0, 1.0],
                [0.947311, 0.0, 0.320314, -5e-06, 0.320314, 0.0, -0.947311, 2.282593, 0.0, 1.0, 0.0, 0.738162, 0.0, 0.0, 0.0, 1.0],
                [0.951652, 0.0, 0.307177, -5e-06, 0.307177, 0.0, -0.951652, 2.285681, 0.0, 1.0, 0.0, 0.738468, 0.0, 0.0, 0.0, 1.0],
                [0.955789, 0.0, 0.294053, -5e-06, 0.294053, 0.0, -0.955789, 2.288885, 0.0, 1.0, 0.0, 0.738785, 0.0, 0.0, 0.0, 1.0],
                [0.959718, 0.0, 0.280964, -5e-06, 0.280964, 0.0, -0.959718, 2.292194, 0.0, 1.0, 0.0, 0.739113, 0.0, 0.0, 0.0, 1.0],
                [0.963439, 0.0, 0.26793, -5e-06, 0.26793, 0.0, -0.963439, 2.295596, 0.0, 1.0, 0.0, 0.73945, 0.0, 0.0, 0.0, 1.0],
                [0.966948, 0.0, 0.254972, -5e-06, 0.254972, 0.0, -0.966948, 2.29908, 0.0, 1.0, 0.0, 0.739795, 0.0, 0.0, 0.0, 1.0],
                [0.970248, 0.0, 0.242114, -5e-06, 0.242114, 0.0, -0.970248, 2.302635, 0.0, 1.0, 0.0, 0.740147, 0.0, 0.0, 0.0, 1.0],
                [0.973338, 0.0, 0.229375, -5e-06, 0.229375, 0.0, -0.973338, 2.30625, 0.0, 1.0, 0.0, 0.740505, 0.0, 0.0, 0.0, 1.0],
                [0.976221, 0.0, 0.216778, -5e-06, 0.216778, 0.0, -0.976221, 2.309913, 0.0, 1.0, 0.0, 0.740867, 0.0, 0.0, 0.0, 1.0],
                [0.978899, 0.0, 0.204343, -5e-06, 0.204343, 0.0, -0.978899, 2.313612, 0.0, 1.0, 0.0, 0.741234, 0.0, 0.0, 0.0, 1.0],
                [0.981377, 0.0, 0.192092, -5e-06, 0.192092, 0.0, -0.981377, 2.317338, 0.0, 1.0, 0.0, 0.741603, 0.0, 0.0, 0.0, 1.0],
                [0.983658, 0.0, 0.180046, -5e-06, 0.180046, 0.0, -0.983658, 2.321077, 0.0, 1.0, 0.0, 0.741973, 0.0, 0.0, 0.0, 1.0],
                [0.985749, 0.0, 0.168224, -5e-06, 0.168224, 0.0, -0.985749, 2.32482, 0.0, 1.0, 0.0, 0.742344, 0.0, 0.0, 0.0, 1.0],
                [0.987655, 0.0, 0.156648, -5e-06, 0.156648, 0.0, -0.987655, 2.328554, 0.0, 1.0, 0.0, 0.742714, 0.0, 0.0, 0.0, 1.0],
                [0.989382, 0.0, 0.145337, -5e-06, 0.145337, 0.0, -0.989382, 2.332268, 0.0, 1.0, 0.0, 0.743081, 0.0, 0.0, 0.0, 1.0],
                [0.990939, 0.0, 0.134312, -5e-06, 0.134312, 0.0, -0.990939, 2.335952, 0.0, 1.0, 0.0, 0.743446, 0.0, 0.0, 0.0, 1.0],
                [0.992333, 0.0, 0.123591, -5e-06, 0.123591, 0.0, -0.992333, 2.339594, 0.0, 1.0, 0.0, 0.743807, 0.0, 0.0, 0.0, 1.0],
                [0.993573, 0.0, 0.113194, -5e-06, 0.113194, 0.0, -0.993573, 2.343181, 0.0, 1.0, 0.0, 0.744162, 0.0, 0.0, 0.0, 1.0],
                [0.994667, 0.0, 0.10314, -5e-06, 0.10314, 0.0, -0.994667, 2.346705, 0.0, 1.0, 0.0, 0.744511, 0.0, 0.0, 0.0, 1.0],
                [0.995624, 0.0, 0.093446, -5e-06, 0.093446, 0.0, -0.995624, 2.350151, 0.0, 1.0, 0.0, 0.744852, 0.0, 0.0, 0.0, 1.0],
                [0.996455, 0.0, 0.084131, -5e-06, 0.084131, 0.0, -0.996455, 2.353511, 0.0, 1.0, 0.0, 0.745185, 0.0, 0.0, 0.0, 1.0],
                [0.997168, 0.0, 0.075212, -5e-06, 0.075212, 0.0, -0.997168, 2.356772, 0.0, 1.0, 0.0, 0.745508, 0.0, 0.0, 0.0, 1.0],
                [0.997773, 0.0, 0.066708, -5e-06, 0.066708, 0.0, -0.997773, 2.359922, 0.0, 1.0, 0.0, 0.74582, 0.0, 0.0, 0.0, 1.0],
                [0.99828, 0.0, 0.058634, -5e-06, 0.058634, 0.0, -0.99828, 2.362952, 0.0, 1.0, 0.0, 0.74612, 0.0, 0.0, 0.0, 1.0],
                [0.998698, 0.0, 0.051009, -5e-06, 0.051009, 0.0, -0.998698, 2.365849, 0.0, 1.0, 0.0, 0.746407, 0.0, 0.0, 0.0, 1.0],
                [0.999038, 0.0, 0.043848, -5e-06, 0.043848, 0.0, -0.999038, 2.368601, 0.0, 1.0, 0.0, 0.746679, 0.0, 0.0, 0.0, 1.0],
                [0.999309, 0.0, 0.037167, -5e-06, 0.037167, 0.0, -0.999309, 2.371199, 0.0, 1.0, 0.0, 0.746937, 0.0, 0.0, 0.0, 1.0],
                [0.99952, 0.0, 0.030984, -5e-06, 0.030984, 0.0, -0.99952, 2.37363, 0.0, 1.0, 0.0, 0.747177, 0.0, 0.0, 0.0, 1.0],
                [0.99968, 0.0, 0.025314, -5e-06, 0.025314, 0.0, -0.99968, 2.375883, 0.0, 1.0, 0.0, 0.7474, 0.0, 0.0, 0.0, 1.0],
                [0.999797, 0.0, 0.020173, -5e-06, 0.020173, 0.0, -0.999797, 2.377946, 0.0, 1.0, 0.0, 0.747605, 0.0, 0.0, 0.0, 1.0],
                [0.999879, 0.0, 0.015577, -5e-06, 0.015577, 0.0, -0.999879, 2.37981, 0.0, 1.0, 0.0, 0.747789, 0.0, 0.0, 0.0, 1.0],
                [0.999933, 0.0, 0.011541, -5e-06, 0.011541, 0.0, -0.999933, 2.381461, 0.0, 1.0, 0.0, 0.747953, 0.0, 0.0, 0.0, 1.0],
                [0.999967, 0.0, 0.008083, -5e-06, 0.008083, 0.0, -0.999967, 2.38289, 0.0, 1.0, 0.0, 0.748094, 0.0, 0.0, 0.0, 1.0],
                [0.999986, 0.0, 0.005217, -5e-06, 0.005217, 0.0, -0.999986, 2.384084, 0.0, 1.0, 0.0, 0.748213, 0.0, 0.0, 0.0, 1.0],
                [0.999996, 0.0, 0.002959, -5e-06, 0.002959, 0.0, -0.999996, 2.385033, 0.0, 1.0, 0.0, 0.748307, 0.0, 0.0, 0.0, 1.0],
                [0.999999, 0.0, 0.001326, -5e-06, 0.001326, 0.0, -0.999999, 2.385724, 0.0, 1.0, 0.0, 0.748375, 0.0, 0.0, 0.0, 1.0],
                [1.0, 0.0, 0.000334, -5e-06, 0.000334, 0.0, -1.0, 2.386147, 0.0, 1.0, 0.0, 0.748417, 0.0, 0.0, 0.0, 1.0],
                [1.0, 0.0, 0.0, -5e-06, 0.0, 0.0, -1.0, 2.386291, 0.0, 1.0, 0.0, 0.748431, 0.0, 0.0, 0.0, 1.0],
                [1.0, 0.0, 0.0, -5e-06, 0.0, 0.0, -1.0, 2.386291, 0.0, 1.0, 0.0, 0.748431, 0.0, 0.0, 0.0, 1.0]
            ]
        },
        {
            "name": "Thigh_R",
            "time": [0.0, 0.0167, 0.0333, 0.05, 0.0667, 0.0833, 0.1, 0.1167, 0.1333, 0.15, 0.1667, 0.1833, 0.2, 0.2167, 0.2333, 0.25, 0.2667, 0.2833, 0.3, 0.3167, 0.3333, 0.35, 0.3667, 0.3833, 0.4, 0.4167, 0.4333, 0.45, 0.4667, 0.4833, 0.5, 0.5167, 0.5333, 0.55, 0.5667, 0.5833, 0.6, 0.6167, 0.6333, 0.65, 0.6667, 0.6833, 0.7, 0.7167, 0.7333, 0.75, 0.7667, 0.7833, 0.8, 0.8167, 0.8333, 0.85, 0.8667, 0.8833, 0.9, 0.9167, 0.9333, 0.95, 0.9667, 0.9833, 1.0, 1.0167, 1.0333, 1.05, 1.0667, 1.0833, 1.1, 1.1167, 1.1333, 1.15, 1.1667, 1.1833, 1.2, 1.2167, 1.2333, 1.25, 1.2667, 1.2833, 1.3, 1.3167, 1.3333, 1.35, 1.3667, 1.3833, 1.4, 1.4167, 1.4333, 1.45, 1.4667, 1.4833, 1.5, 1.5167, 1.5333, 1.55, 1.5667, 1.5833, 1.6, 1.6167, 1.6333, 1.65, 1.6667, 1.6833, 1.7, 1.7167, 1.7333, 1.75, 1.7667, 1.7833, 1.8, 1.8167, 1.8333, 1.85, 1.8667, 1.8833, 1.9, 1.9167, 1.9333, 1.95, 1.9667, 1.9833, 2.0, 2.0167, 2.0333, 2.05, 2.0667, 2.0833, 2.1, 2.1167, 2.1333, 2.15, 2.1667, 2.1833, 2.2, 2.2167, 2.2333, 2.25, 2.2667, 2.2833, 2.3, 2.3167, 2.3333, 2.35, 2.3667, 2.3833, 2.4, 2.4167, 2.4333, 2.45, 2.4667, 2.4833, 2.5, 2.5167, 2.5333, 2.55, 2.5667, 2.5833, 2.6, 2.6167, 2.6333, 2.65, 2.6667, 2.6833],
            "transform": [
                [0.580815, 0.638836, 0.50452, 0.124994, 0.678535, -0.722334, 0.133495, -0.002831, 0.449714, 0.264798, -0.853018, -1.2e-05, 0.0, 0.0, 0.0, 1.0],
                [0.575075, 0.63571, 0.514936, 0.124994, 0.682669, -0.719751, 0.126169, -0.002831, 0.450833, 0.278974, -0.847893, -1.2e-05, 0.0, 0.0, 0.0, 1.0],
                [0.559197, 0.626202, 0.543294, 0.124994, 0.694091, -0.712001, 0.10625, -0.002831, 0.45336, 0.317681, -0.832792, -1.2e-05, 0.0, 0.0, 0.0, 1.0],
                [0.535162, 0.609436, 0.584968, 0.124994, 0.711342, -0.698608, 0.077056, -0.002831, 0.455624, 0.374874, -0.807388, -1.2e-05, 0.0, 0.0, 0.0, 1.0],
                [0.505119, 0.58452, 0.634972, 0.124994, 0.732841, -0.679091, 0.042162, -0.002831, 0.455848, 0.444036, -0.771384, -1.2e-05, 0.0, 0.0, 0.0, 1.0],
                [0.471513, 0.551453, 0.688167, 0.124994, 0.756807, -0.653616, 0.005226, -0.002831, 0.452679, 0.518345, -0.725534, -1.2e-05, 0.0, 0.0, 0.0, 1.0],
                [0.437017, 0.511709, 0.739709, 0.124994, 0.781313, -0.6234, -0.030346, -0.002831, 0.445606, 0.591205, -0.672243, -1.2e-05, 0.0, 0.0, 0.0, 1.0],
                [0.404314, 0.468375, 0.785592, 0.124994, 0.804455, -0.590789, -0.061788, -0.002831, 0.43518, 0.656954, -0.615653, -1.2e-05, 0.0, 0.0, 0.0, 1.0],
                [0.37582, 0.425847, 0.823051, 0.124994, 0.824542, -0.559031, -0.087256, -0.002831, 0.422953, 0.711432, -0.561225, -1.2e-05, 0.0, 0.0, 0.0, 1.0],
                [0.353531, 0.38924, 0.850593, 0.124994, 0.840201, -0.531847, -0.105832, -0.002831, 0.411191, 0.752082, -0.515065, -1.2e-05, 0.0, 0.0, 0.0, 1.0],
                [0.339056, 0.363777, 0.867587, 0.124994, 0.850342, -0.513008, -0.117213, -0.002831, 0.40244, 0.777487, -0.483274, -1.2e-05, 0.0, 0.0, 0.0, 1.0],
                [0.333872, 0.354317, 0.873492, 0.124994, 0.853968, -0.506023, -0.12115, -0.002831, 0.399082, 0.786382, -0.471524, -1.2e-05, 0.0, 0.0, 0.0, 1.0],
                [0.333873, 0.354317, 0.873492, 0.124994, 0.853968, -0.506023, -0.12115, -0.002831, 0.399082, 0.786382, -0.471524, -1.2e-05, 0.0, 0.0, 0.0, 1.0],
                [0.333873, 0.354317, 0.873492, 0.124994, 0.853968, -0.506023, -0.12115, -0.002831, 0.399082, 0.786382, -0.471524, -1.2e-05, 0.0, 0.0, 0.0, 1.0],
                [0.333873, 0.354317, 0.873492, 0.124994, 0.853968, -0.506023, -0.12115, -0.002831, 0.399082, 0.786382, -0.471524, -1.2e-05, 0.0, 0.0, 0.0, 1.0],
                [0.333873, 0.354317, 0.873492, 0.124994, 0.853968, -0.506023, -0.12115, -0.002831, 0.399082, 0.786382, -0.471524, -1.2e-05, 0.0, 0.0, 0.0, 1.0],
                [0.333872, 0.354317, 0.873492, 0.124994, 0.853968, -0.506023, -0.12115, -0.002831, 0.399082, 0.786382, -0.471524, -1.2e-05, 0.0, 0.0, 0.0, 1.0],
                [0.333872, 0.354317, 0.873492, 0.124994, 0.853968, -0.506023, -0.12115, -0.002831, 0.399082, 0.786382, -0.471524, -1.2e-05, 0.0, 0.0, 0.0, 1.0],
                [0.333872, 0.354317, 0.873492, 0.124994, 0.853968, -0.506023, -0.12115, -0.002831, 0.399082, 0.786382, -0.471524, -1.2e-05, 0.0, 0.0, 0.0, 1.0],
                [0.333872, 0.354317, 0.873492, 0.124994, 0.853968, -0.506023, -0.12115, -0.002831, 0.399082, 0.786382, -0.471524, -1.2e-05, 0.0, 0.0, 0.0, 1.0],
                [0.333872, 0.354317, 0.873492, 0.124994, 0.853968, -0.506023, -0.12115, -0.002831, 0.399082, 0.786382, -0.471524, -1.2e-05, 0.0, 0.0, 0.0, 1.0],
                [0.333872, 0.354317, 0.873492, 0.124994, 0.853968, -0.506023, -0.12115, -0.002831, 0.399082, 0.786382, -0.471524, -1.2e-05, 0.0, 0.0, 0.0, 1.0],
                [0.333872, 0.354317, 0.873492, 0.124994, 0.853968, -0.506023, -0.12115, -0.002831, 0.399082, 0.786382, -0.471524, -1.2e-05, 0.0, 0.0, 0.0, 1.0],
                [0.333872, 0.354317, 0.873492, 0.124994, 0.853968, -0.506023, -0.12115, -0.002831, 0.399082, 0.786382, -0.471524, -1.2e-05, 0.0, 0.0, 0.0, 1.0],
                [0.381215, 0.444048, 0.810861, 0.124994, 0.804199, -0.591906, -0.05394, -0.002831, 0.456002, 0.672655, -0.582748, -1.2e-05, 0.0, 0.0, 0.0, 1.0],
                [0.535252, 0.609679, 0.584633, 0.124994, 0.644837, -0.741987, 0.183407, -0.002831, 0.54561, 0.278823, -0.790296, -1.2e-05, 0.0, 0.0, 0.0, 1.0],
                [0.752299, 0.618194, 0.227771, 0.124994, 0.425876, -0.720095, 0.547805, -0.002831, 0.502667, -0.31511, -0.805004, -1.2e-05, 0.0, 0.0, 0.0, 1.0],
                [0.892457, 0.450041, -0.03133, 0.124994, 0.289166, -0.51736, 0.805432, -0.002831, 0.346269, -0.727872, -0.59186, -1.2e-05, 0.0, 0.0, 0.0, 1.0],
                [0.931471, 0.344788, -0.11611, 0.124994, 0.250826, -0.377434, 0.89142, -0.002831, 0.263527, -0.859454, -0.438052, -1.2e-05, 0.0, 0.0, 0.0, 1.0],
                [0.933279, 0.333991, -0.132058, 0.124994, 0.246114, -0.32695, 0.912432, -0.002831, 0.261568, -0.884053, -0.387336, -1.2e-05, 0.0, 0.0, 0.0, 1.0],
                [0.932513, 0.329097, -0.148707, 0.124994, 0.246352, -0.278595, 0.928275, -0.002831, 0.264064, -0.902261, -0.340869, -1.2e-05, 0.0, 0.0, 0.0, 1.0],
                [0.929654, 0.328823, -0.166185, 0.124994, 0.250224, -0.232429, 0.939875, -0.002831, 0.270427, -0.91534, -0.298359, -1.2e-05, 0.0, 0.0, 0.0, 1.0],
                [0.925054, 0.332069, -0.1844, 0.124994, 0.256654, -0.188577, 0.947928, -0.002831, 0.280004, -0.92421, -0.259672, -1.2e-05, 0.0, 0.0, 0.0, 1.0],
                [0.919024, 0.337866, -0.203079, 0.124994, 0.264737, -0.147287, 0.953006, -0.002831, 0.292077, -0.929596, -0.224807, -1.2e-05, 0.0, 0.0, 0.0, 1.0],
                [0.911895, 0.345336, -0.221787, 0.124994, 0.273686, -0.108957, 0.955628, -0.002831, 0.305847, -0.932131, -0.193872, -1.2e-05, 0.0, 0.0, 0.0, 1.0],
                [0.904071, 0.353671, -0.23994, 0.124994, 0.282807, -0.074141, 0.956307, -0.002831, 0.320429, -0.932425, -0.16705, -1.2e-05, 0.0, 0.0, 0.0, 1.0],
                [0.896055, 0.362115, -0.25682, 0.124994, 0.291481, -0.04355, 0.955585, -0.002831, 0.334847, -0.931113, -0.144573, -1.2e-05, 0.0, 0.0, 0.0, 1.0],
                [0.888469, 0.369945, -0.271593, 0.124994, 0.299145, -0.018034, 0.954037, -0.002831, 0.348044, -0.928876, -0.12669, -1.2e-05, 0.0, 0.0, 0.0, 1.0],
                [0.882043, 0.376455, -0.283339, 0.124994, 0.305277, 0.001449, 0.952263, -0.002831, 0.358895, -0.926431, -0.113646, -1.2e-05, 0.0, 0.0, 0.0, 1.0],
                [0.877587, 0.38093, -0.291088, 0.124994, 0.309363, 0.013878, 0.950843, -0.002831, 0.366245, -0.924497, -0.105667, -1.2e-05, 0.0, 0.0, 0.0, 1.0],
                [0.875927, 0.382606, -0.293877, 0.124994, 0.310858, 0.018235, 0.950282, -0.002831, 0.368942, -0.92373, -0.102964, -1.2e-05, 0.0, 0.0, 0.0, 1.0],
                [0.87613, 0.38311, -0.292611, 0.124994, 0.310078, 0.016901, 0.950561, -0.002831, 0.369116, -0.923546, -0.103987, -1.2e-05, 0.0, 0.0, 0.0, 1.0],
                [0.87672, 0.384585, -0.288886, 0.124994, 0.307793, 0.012969, 0.951365, -0.002831, 0.369627, -0.922996, -0.107003, -1.2e-05, 0.0, 0.0, 0.0, 1.0],
                [0.87766, 0.386955, -0.282802, 0.124994, 0.304077, 0.006533, 0.952625, -0.002831, 0.370471, -0.922073, -0.111931, -1.2e-05, 0.0, 0.0, 0.0, 1.0],
                [0.878905, 0.390134, -0.274444, 0.124994, 0.299001, -0.002321, 0.95425, -0.002831, 0.371649, -0.920753, -0.118691, -1.2e-05, 0.0, 0.0, 0.0, 1.0],
                [0.880402, 0.394023, -0.263889, 0.124994, 0.292636, -0.013515, 0.956129, -0.002831, 0.37317, -0.918999, -0.127205, -1.2e-05, 0.0, 0.0, 0.0, 1.0],
                [0.882091, 0.398509, -0.251207, 0.124994, 0.285049, -0.026975, 0.958133, -0.002831, 0.375048, -0.916766, -0.13739, -1.2e-05, 0.0, 0.0, 0.0, 1.0],
                [0.883909, 0.40347, -0.236464, 0.124994, 0.27631, -0.042625, 0.960123, -0.002831, 0.377302, -0.913997, -0.149161, -1.2e-05, 0.0, 0.0, 0.0, 1.0],
                [0.885788, 0.408776, -0.219728, 0.124994, 0.266489, -0.06039, 0.961944, -0.002831, 0.379951, -0.910632, -0.162428, -1.2e-05, 0.0, 0.0, 0.0, 1.0],
                [0.887656, 0.414289, -0.201072, 0.124994, 0.255662, -0.080186, 0.963435, -0.002831, 0.383018, -0.906604, -0.177097, -1.2e-05, 0.0, 0.0, 0.0, 1.0],
                [0.889442, 0.419864, -0.180572, 0.124994, 0.243909, -0.101924, 0.964427, -0.002831, 0.386524, -0.901843, -0.193065, -1.2e-05, 0.0, 0.0, 0.0, 1.0],
                [0.891072, 0.425353, -0.158317, 0.124994, 0.231315, -0.1255, 0.96475, -0.002831, 0.390491, -0.896281, -0.210221, -1.2e-05, 0.0, 0.0, 0.0, 1.0],
                [0.892475, 0.430605, -0.134407, 0.124994, 0.217974, -0.150801, 0.964234, -0.002831, 0.394936, -0.88985, -0.228448, -1.2e-05, 0.0, 0.0, 0.0, 1.0],
                [0.893584, 0.435471, -0.108958, 0.124994, 0.203985, -0.177698, 0.962712, -0.002831, 0.399872, -0.882488, -0.247619, -1.2e-05, 0.0, 0.0, 0.0, 1.0],
                [0.894332, 0.439804, -0.0821, 0.124994, 0.189457, -0.206044, 0.960027, -0.002831, 0.405308, -0.874136, -0.267597, -1.2e-05, 0.0, 0.0, 0.0, 1.0],
                [0.894664, 0.443464, -0.053981, 0.124994, 0.174504, -0.235678, 0.956036, -0.002831, 0.411246, -0.864749, -0.28824, -1.2e-05, 0.0, 0.0, 0.0, 1.0],
                [0.89453, 0.44632, -0.024766, 0.124994, 0.159248, -0.266421, 0.95061, -0.002831, 0.417679, -0.854291, -0.309399, -1.2e-05, 0.0, 0.0, 0.0, 1.0],
                [0.893888, 0.448256, 0.005364, 0.124994, 0.143816, -0.298081, 0.943644, -0.002831, 0.424593, -0.842739, -0.330919, -1.2e-05, 0.0, 0.0, 0.0, 1.0],
                [0.892712, 0.449169, 0.03621, 0.124994, 0.128339, -0.330451, 0.935057, -0.002831, 0.431965, -0.830088, -0.352645, -1.2e-05, 0.0, 0.0, 0.0, 1.0],
                [0.890984, 0.448978, 0.067563, 0.124994, 0.112951, -0.363312, 0.924795, -0.002831, 0.439759, -0.816345, -0.374419, -1.2e-05, 0.0, 0.0, 0.0, 1.0],
                [0.888703, 0.447622, 0.099201, 0.124994, 0.097785, -0.39644, 0.912838, -0.002831, 0.447934, -0.80154, -0.396089, -1.2e-05, 0.0, 0.0, 0.0, 1.0],
                [0.885879, 0.445066, 0.130895, 0.124994, 0.082973, -0.429606, 0.899196, -0.002831, 0.456435, -0.785717, -0.417509, -1.2e-05, 0.0, 0.0, 0.0, 1.0],
                [0.882539, 0.441299, 0.162413, 0.124994, 0.068642, -0.462581, 0.883915, -0.002831, 0.4652, -0.76894, -0.43854, -1.2e-05, 0.0, 0.0, 0.0, 1.0],
                [0.878724, 0.436338, 0.193523, 0.124994, 0.054912, -0.495143, 0.867074, -0.002831, 0.47416, -0.75129, -0.459056, -1.2e-05, 0.0, 0.0, 0.0, 1.0],
                [0.874487, 0.430226, 0.224, 0.124994, 0.041895, -0.527078, 0.848783, -0.002831, 0.483235, -0.732864, -0.478949, -1.2e-05, 0.0, 0.0, 0.0, 1.0],
                [0.869895, 0.423032, 0.253625, 0.124994, 0.029692, -0.558184, 0.829185, -0.002831, 0.492342, -0.713771, -0.498124, -1.2e-05, 0.0, 0.0, 0.0, 1.0],
                [0.865024, 0.414848, 0.282194, 0.124994, 0.018392, -0.58828, 0.808447, -0.002831, 0.501393, -0.694135, -0.516508, -1.2e-05, 0.0, 0.0, 0.0, 1.0],
                [0.859961, 0.40579, 0.309517, 0.124994, 0.00807, -0.617203, 0.786762, -0.002831, 0.510295, -0.674085, -0.534047, -1.2e-05, 0.0, 0.0, 0.0, 1.0],
                [0.854799, 0.39599, 0.335424, 0.124994, -0.001212, -0.644812, 0.764339, -0.002831, 0.518957, -0.653761, -0.550707, -1.2e-05, 0.0, 0.0, 0.0, 1.0],
                [0.849637, 0.3856, 0.359762, 0.124994, -0.009406, -0.670994, 0.741402, -0.002831, 0.527284, -0.633305, -0.566476, -1.2e-05, 0.0, 0.0, 0.0, 1.0],
                [0.844575, 0.37478, 0.382403, 0.124994, -0.016477, -0.695656, 0.718185, -0.002831, 0.535183, -0.61286, -0.58136, -1.2e-05, 0.0, 0.0, 0.0, 1.0],
                [0.839715, 0.363703, 0.403235, 0.124994, -0.022401, -0.718732, 0.694924, -0.002831, 0.542565, -0.59257, -0.595385, -1.2e-05, 0.0, 0.0, 0.0, 1.0],
                [0.835156, 0.352545, 0.422167, 0.124994, -0.027166, -0.74018, 0.671858, -0.002831, 0.54934, -0.572574, -0.608591, -1.2e-05, 0.0, 0.0, 0.0, 1.0],
                [0.830997, 0.341484, 0.439127, 0.124994, -0.030768, -0.759977, 0.64922, -0.002831, 0.555425, -0.553009, -0.621034, -1.2e-05, 0.0, 0.0, 0.0, 1.0],
                [0.827327, 0.330698, 0.454056, 0.124994, -0.03321, -0.77812, 0.627235, -0.002831, 0.560737, -0.534007, -0.632779, -1.2e-05, 0.0, 0.0, 0.0, 1.0],
                [0.824233, 0.320362, 0.466911, 0.124994, -0.0345, -0.794622, 0.606122, -0.002831, 0.565197, -0.515693, -0.643903, -1.2e-05, 0.0, 0.0, 0.0, 1.0],
                [0.821793, 0.310645, 0.477656, 0.124994, -0.034649, -0.809509, 0.586083, -0.002831, 0.568731, -0.498187, -0.654487, -1.2e-05, 0.0, 0.0, 0.0, 1.0],
                [0.820074, 0.301709, 0.48626, 0.124994, -0.033665, -0.822815, 0.567309, -0.002831, 0.571265, -0.481604, -0.664614, -1.2e-05, 0.0, 0.0, 0.0, 1.0],
                [0.819137, 0.293706, 0.492697, 0.124994, -0.031557, -0.834581, 0.549978, -0.002831, 0.572728, -0.466054, -0.67437, -1.2e-05, 0.0, 0.0, 0.0, 1.0],
                [0.81903, 0.28678, 0.496937, 0.124994, -0.028328, -0.84485, 0.53425, -0.002831, 0.57305, -0.451643, -0.683836, -1.2e-05, 0.0, 0.0, 0.0, 1.0],
                [0.819791, 0.281062, 0.498945, 0.124994, -0.023974, -0.853662, 0.520272, -0.002831, 0.572161, -0.438475, -0.693088, -1.2e-05, 0.0, 0.0, 0.0, 1.0],
                [0.821027, 0.276052, 0.499709, 0.124994, -0.019126, -0.861523, 0.507355, -0.002831, 0.570569, -0.426109, -0.702056, -1.2e-05, 0.0, 0.0, 0.0, 1.0],
                [0.822326, 0.271167, 0.500248, 0.124994, -0.01442, -0.868929, 0.494724, -0.002831, 0.568834, -0.414037, -0.710634, -1.2e-05, 0.0, 0.0, 0.0, 1.0],
                [0.823682, 0.266409, 0.500573, 0.124994, -0.009855, -0.875903, 0.482383, -0.002831, 0.566966, -0.402262, -0.718843, -1.2e-05, 0.0, 0.0, 0.0, 1.0],
                [0.825092, 0.261779, 0.500694, 0.124994, -0.005429, -0.88247, 0.470333, -0.002831, 0.564972, -0.390785, -0.7267, -1.2e-05, 0.0, 0.0, 0.0, 1.0],
                [0.826551, 0.257277, 0.50062, 0.124994, -0.00114, -0.888652, 0.458577, -0.002831, 0.562859, -0.379607, -0.734226, -1.2e-05, 0.0, 0.0, 0.0, 1.0],
                [0.828056, 0.252903, 0.500363, 0.124994, 0.003014, -0.894469, 0.447115, -0.002831, 0.560637, -0.368727, -0.741435, -1.2e-05, 0.0, 0.0, 0.0, 1.0],
                [0.829601, 0.248657, 0.499931, 0.124994, 0.007034, -0.899943, 0.435947, -0.002831, 0.558312, -0.358145, -0.748345, -1.2e-05, 0.0, 0.0, 0.0, 1.0],
                [0.831184, 0.244539, 0.499333, 0.124994, 0.010923, -0.905091, 0.425073, -0.002831, 0.55589, -0.347858, -0.754971, -1.2e-05, 0.0, 0.0, 0.0, 1.0],
                [0.8328, 0.240548, 0.498578, 0.124994, 0.014683, -0.909933, 0.41449, -0.002831, 0.553378, -0.337866, -0.761327, -1.2e-05, 0.0, 0.0, 0.0, 1.0],
                [0.834447, 0.236682, 0.497673, 0.124994, 0.018318, -0.914486, 0.404198, -0.002831, 0.550782, -0.328165, -0.767428, -1.2e-05, 0.0, 0.0, 0.0, 1.0],
                [0.836122, 0.23294, 0.496627, 0.124994, 0.021829, -0.918766, 0.394195, -0.002831, 0.548108, -0.318753, -0.773287, -1.2e-05, 0.0, 0.0, 0.0, 1.0],
                [0.83782, 0.229322, 0.495447, 0.124994, 0.025219, -0.922788, 0.384477, -0.002831, 0.545363, -0.309627, -0.778916, -1.2e-05, 0.0, 0.0, 0.0, 1.0],
                [0.83954, 0.225824, 0.494141, 0.124994, 0.028491, -0.926568, 0.375041, -0.002831, 0.54255, -0.300783, -0.784328, -1.2e-05, 0.0, 0.0, 0.0, 1.0],
                [0.841278, 0.222446, 0.492715, 0.124994, 0.031648, -0.93012, 0.365886, -0.002831, 0.539674, -0.292217, -0.789532, -1.2e-05, 0.0, 0.0, 0.0, 1.0],
                [0.843032, 0.219185, 0.491176, 0.124994, 0.034693, -0.933456, 0.357006, -0.002831, 0.536743, -0.283926, -0.79454, -1.2e-05, 0.0, 0.0, 0.0, 1.0],
                [0.844799, 0.216039, 0.489531, 0.124994, 0.037628, -0.936589, 0.348399, -0.002831, 0.533758, -0.275906, -0.799361, -1.2e-05, 0.0, 0.0, 0.0, 1.0],
                [0.846577, 0.213006, 0.487786, 0.124994, 0.040457, -0.939531, 0.34006, -0.002831, 0.530726, -0.268152, -0.804005, -1.2e-05, 0.0, 0.0, 0.0, 1.0],
                [0.848363, 0.210084, 0.485946, 0.124994, 0.043182, -0.942293, 0.331986, -0.002831, 0.52765, -0.26066, -0.808482, -1.2e-05, 0.0, 0.0, 0.0, 1.0],
                [0.850156, 0.20727, 0.484018, 0.124994, 0.045806, -0.944886, 0.324173, -0.002831, 0.524534, -0.253425, -0.812797, -1.2e-05, 0.0, 0.0, 0.0, 1.0],
