{
    "animation": [
        {
            "name": "Root",
            "time": [0.0, 0.0167, 0.0333, 0.05, 0.0667, 0.0833, 0.1, 0.1167, 0.1333, 0.15, 0.1667, 0.1833, 0.2, 0.2167, 0.2333, 0.25, 0.2667, 0.2833, 0.3, 0.3167, 0.3333, 0.35, 0.3667, 0.3833, 0.4, 0.4167, 0.4333, 0.45, 0.4667, 0.4833, 0.5, 0.5167, 0.5333, 0.55, 0.5667, 0.5833, 0.6, 0.6167, 0.6333, 0.65, 0.6667, 0.6833, 0.7, 0.7167, 0.7333, 0.75, 0.7667, 0.7833, 0.8, 0.8167, 0.8333, 0.85, 0.8667, 0.8833, 0.9, 0.9167, 0.9333, 0.95, 0.9667, 0.9833, 1.0, 1.0167, 1.0333, 1.05, 1.0667, 1.0833, 1.1, 1.1167, 1.1333, 1.15, 1.1667, 1.1833, 1.2, 1.2167, 1.2333, 1.25, 1.2667, 1.2833, 1.3, 1.3167, 1.3333],
            "transform": [
                [1.0, 0.0, 0.0, -5e-06, 0.0, 0.0, -1.0, 0.000946, 0.0, 1.0, 0.0, 0.748431, 0.0, 0.0, 0.0, 1.0],
                [0.999978, 0.0, -0.006557, 0.002955, -0.006557, 0.0, -0.999978, 0.001608, 0.0, 1.0, 0.0, 0.748361, 0.0, 0.0, 0.0, 1.0],
                [0.999703, 0.0, -0.024352, 0.01099, -0.024352, 0.0, -0.999703, 0.006237, 0.0, 1.0, 0.0, 0.747867, 0.0, 0.0, 0.0, 1.0],
                [0.998721, 0.0, -0.05056, 0.02283, -0.05056, 0.0, -0.998721, 0.018801, 0.0, 1.0, 0.0, 0.746529, 0.0, 0.0, 0.0, 1.0],
                [0.996605, 0.0, -0.082327, 0.037207, -0.082327, 0.0, -0.996605, 0.043268, 0.0, 1.0, 0.0, 0.743921, 0.0, 0.0, 0.0, 1.0],
                [0.993157, 0.0, -0.116789, 0.052853, -0.116789, 0.0, -0.993157, 0.083606, 0.0, 1.0, 0.0, 0.739623, 0.0, 0.0, 0.0, 1.0],
                [0.988518, 0.0, -0.151101, 0.068498, -0.151101, 0.0, -0.988518, 0.143782, 0.0, 1.0, 0.0, 0.73321, 0.0, 0.0, 0.0, 1.0],
                [0.983209, 0.0, -0.182485, 0.082875, -0.182485, 0.0, -0.983209, 0.227764, 0.0, 1.0, 0.0, 0.724261, 0.0, 0.0, 0.0, 1.0],
                [0.978074, 0.0, -0.208257, 0.094715, -0.208257, 0.0, -0.978074, 0.339519, 0.0, 1.0, 0.0, 0.712352, 0.0, 0.0, 0.0, 1.0],
                [0.97417, 0.0, -0.225814, 0.10275, -0.225814, 0.0, -0.97417, 0.483016, 0.0, 1.0, 0.0, 0.69706, 0.0, 0.0, 0.0, 1.0],
                [0.97258, 0.0, -0.232568, 0.10571, -0.232568, 0.0, -0.97258, 0.662221, 0.0, 1.0, 0.0, 0.677964, 0.0, 0.0, 0.0, 1.0],
                [0.985069, 0.0, -0.172161, 0.10571, -0.172161, 0.0, -0.985069, 0.92211, 0.0, 1.0, 0.0, 0.646654, 0.0, 0.0, 0.0, 1.0],
                [0.999724, 0.0, -0.02351, 0.10571, -0.02351, 0.0, -0.999724, 1.260136, 0.0, 1.0, 0.0, 0.599344, 0.0, 0.0, 0.0, 1.0],
                [0.987846, 0.0, 0.155437, 0.10571, 0.155437, 0.0, -0.987846, 1.608985, 0.0, 1.0, 0.0, 0.542548, 0.0, 0.0, 0.0, 1.0],
                [0.953747, 0.0, 0.300609, 0.10571, 0.300609, 0.0, -0.953747, 1.901341, 0.0, 1.0, 0.0, 0.482776, 0.0, 0.0, 0.0, 1.0],
                [0.933353, 0.0, 0.358961, 0.10571, 0.358961, 0.0, -0.933353, 2.06989, 0.0, 1.0, 0.0, 0.42654, 0.0, 0.0, 0.0, 1.0],
                [0.933712, 0.0, 0.358025, 0.10571, 0.358025, 0.0, -0.933712, 2.145957, 0.0, 1.0, 0.0, 0.379105, 0.0, 0.0, 0.0, 1.0],
                [0.934716, 0.0, 0.355395, 0.10571, 0.355395, 0.0, -0.934716, 2.206867, 0.0, 1.0, 0.0, 0.340755, 0.0, 0.0, 0.0, 1.0],
                [0.936248, 0.0, 0.351341, 0.10571, 0.351341, 0.0, -0.936248, 2.254303, 0.0, 1.0, 0.0, 0.310526, 0.0, 0.0, 0.0, 1.0],
                [0.938187, 0.0, 0.346128, 0.10571, 0.346128, 0.0, -0.938187, 2.289951, 0.0, 1.0, 0.0, 0.287453, 0.0, 0.0, 0.0, 1.0],
                [0.940416, 0.0, 0.340025, 0.10571, 0.340025, 0.0, -0.940416, 2.315494, 0.0, 1.0, 0.0, 0.270574, 0.0, 0.0, 0.0, 1.0],
                [0.94282, 0.0, 0.333302, 0.10571, 0.333302, 0.0, -0.94282, 2.332616, 0.0, 1.0, 0.0, 0.258925, 0.0, 0.0, 0.0, 1.0],
                [0.945291, 0.0, 0.326229, 0.10571, 0.326229, 0.0, -0.945291, 2.343002, 0.0, 1.0, 0.0, 0.251542, 0.0, 0.0, 0.0, 1.0],
                [0.947727, 0.0, 0.319084, 0.10571, 0.319084, 0.0, -0.947727, 2.348335, 0.0, 1.0, 0.0, 0.247461, 0.0, 0.0, 0.0, 1.0],
                [0.950036, 0.0, 0.312142, 0.10571, 0.312142, 0.0, -0.950036, 2.3503, 0.0, 1.0, 0.0, 0.245719, 0.0, 0.0, 0.0, 1.0],
                [0.952133, 0.0, 0.305685, 0.10571, 0.305685, 0.0, -0.952133, 2.35058, 0.0, 1.0, 0.0, 0.245353, 0.0, 0.0, 0.0, 1.0],
                [0.953959, 0.0, 0.299938, 0.105606, 0.299938, 0.0, -0.953959, 2.349214, 0.0, 1.0, 0.0, 0.24631, 0.0, 0.0, 0.0, 1.0],
                [0.95553, 0.0, 0.294894, 0.1053, 0.294894, 0.0, -0.95553, 2.345295, 0.0, 1.0, 0.0, 0.249105, 0.0, 0.0, 0.0, 1.0],
                [0.956879, 0.0, 0.290488, 0.1048, 0.290488, 0.0, -0.956879, 2.339091, 0.0, 1.0, 0.0, 0.25362, 0.0, 0.0, 0.0, 1.0],
                [0.958034, 0.0, 0.286656, 0.104114, 0.286656, 0.0, -0.958034, 2.330872, 0.0, 1.0, 0.0, 0.25974, 0.0, 0.0, 0.0, 1.0],
                [0.959023, 0.0, 0.28333, 0.103247, 0.28333, 0.0, -0.959023, 2.320906, 0.0, 1.0, 0.0, 0.267347, 0.0, 0.0, 0.0, 1.0],
                [0.959871, 0.0, 0.280443, 0.10221, 0.280443, 0.0, -0.959871, 2.309462, 0.0, 1.0, 0.0, 0.276325, 0.0, 0.0, 0.0, 1.0],
                [0.960602, 0.0, 0.277928, 0.101008, 0.277928, 0.0, -0.960602, 2.296808, 0.0, 1.0, 0.0, 0.286558, 0.0, 0.0, 0.0, 1.0],
                [0.961239, 0.0, 0.275717, 0.099651, 0.275717, 0.0, -0.961239, 2.283214, 0.0, 1.0, 0.0, 0.297929, 0.0, 0.0, 0.0, 1.0],
                [0.961803, 0.0, 0.273741, 0.098144, 0.273741, 0.0, -0.961803, 2.268948, 0.0, 1.0, 0.0, 0.31032, 0.0, 0.0, 0.0, 1.0],
                [0.962316, 0.0, 0.271932, 0.096496, 0.271932, 0.0, -0.962316, 2.254278, 0.0, 1.0, 0.0, 0.323617, 0.0, 0.0, 0.0, 1.0],
                [0.962798, 0.0, 0.270223, 0.094715, 0.270223, 0.0, -0.962798, 2.239475, 0.0, 1.0, 0.0, 0.337702, 0.0, 0.0, 0.0, 1.0],
                [0.963268, 0.0, 0.268543, 0.092809, 0.268543, 0.0, -0.963268, 2.224806, 0.0, 1.0, 0.0, 0.352458, 0.0, 0.0, 0.0, 1.0],
                [0.963745, 0.0, 0.266824, 0.090784, 0.266824, 0.0, -0.963745, 2.210539, 0.0, 1.0, 0.0, 0.367769, 0.0, 0.0, 0.0, 1.0],
                [0.964249, 0.0, 0.264997, 0.088648, 0.264997, 0.0, -0.964249, 2.196945, 0.0, 1.0, 0.0, 0.383518, 0.0, 0.0, 0.0, 1.0],
                [0.964798, 0.0, 0.262993, 0.086409, 0.262993, 0.0, -0.964798, 2.184291, 0.0, 1.0, 0.0, 0.39959, 0.0, 0.0, 0.0, 1.0],
                [0.965408, 0.0, 0.260743, 0.084076, 0.260743, 0.0, -0.965408, 2.172847, 0.0, 1.0, 0.0, 0.415866, 0.0, 0.0, 0.0, 1.0],
                [0.966098, 0.0, 0.258177, 0.081654, 0.258177, 0.0, -0.966098, 2.162881, 0.0, 1.0, 0.0, 0.432231, 0.0, 0.0, 0.0, 1.0],
                [0.966882, 0.0, 0.255224, 0.079153, 0.255224, 0.0, -0.966882, 2.154662, 0.0, 1.0, 0.0, 0.448569, 0.0, 0.0, 0.0, 1.0],
                [0.967775, 0.0, 0.251815, 0.076579, 0.251815, 0.0, -0.967775, 2.148458, 0.0, 1.0, 0.0, 0.464762, 0.0, 0.0, 0.0, 1.0],
                [0.968791, 0.0, 0.247879, 0.07394, 0.247879, 0.0, -0.968791, 2.144539, 0.0, 1.0, 0.0, 0.480693, 0.0, 0.0, 0.0, 1.0],
                [0.96994, 0.0, 0.243344, 0.071244, 0.243344, 0.0, -0.96994, 2.143173, 0.0, 1.0, 0.0, 0.496248, 0.0, 0.0, 0.0, 1.0],
                [0.971226, 0.0, 0.238158, 0.068498, 0.238158, 0.0, -0.971226, 2.14392, 0.0, 1.0, 0.0, 0.511327, 0.0, 0.0, 0.0, 1.0],
                [0.972633, 0.0, 0.232346, 0.065711, 0.232346, 0.0, -0.972633, 2.146101, 0.0, 1.0, 0.0, 0.525916, 0.0, 0.0, 0.0, 1.0],
                [0.974138, 0.0, 0.225953, 0.062889, 0.225953, 0.0, -0.974138, 2.149627, 0.0, 1.0, 0.0, 0.540015, 0.0, 0.0, 0.0, 1.0],
                [0.97572, 0.0, 0.219023, 0.06004, 0.219023, 0.0, -0.97572, 2.154408, 0.0, 1.0, 0.0, 0.553627, 0.0, 0.0, 0.0, 1.0],
                [0.977356, 0.0, 0.211603, 0.057173, 0.211603, 0.0, -0.977356, 2.160354, 0.0, 1.0, 0.0, 0.566756, 0.0, 0.0, 0.0, 1.0],
                [0.979026, 0.0, 0.203736, 0.054294, 0.203736, 0.0, -0.979026, 2.167375, 0.0, 1.0, 0.0, 0.579403, 0.0, 0.0, 0.0, 1.0],
                [0.980709, 0.0, 0.195471, 0.051411, 0.195471, 0.0, -0.980709, 2.175383, 0.0, 1.0, 0.0, 0.591571, 0.0, 0.0, 0.0, 1.0],
                [0.982388, 0.0, 0.186852, 0.048532, 0.186852, 0.0, -0.982388, 2.184287, 0.0, 1.0, 0.0, 0.603263, 0.0, 0.0, 0.0, 1.0],
                [0.984043, 0.0, 0.177929, 0.045665, 0.177929, 0.0, -0.984043, 2.193998, 0.0, 1.0, 0.0, 0.614481, 0.0, 0.0, 0.0, 1.0],
                [0.985659, 0.0, 0.168747, 0.042816, 0.168747, 0.0, -0.985659, 2.204426, 0.0, 1.0, 0.0, 0.625228, 0.0, 0.0, 0.0, 1.0],
                [0.987221, 0.0, 0.159356, 0.039994, 0.159356, 0.0, -0.987221, 2.215482, 0.0, 1.0, 0.0, 0.635506, 0.0, 0.0, 0.0, 1.0],
                [0.988716, 0.0, 0.149803, 0.037207, 0.149803, 0.0, -0.988716, 2.227075, 0.0, 1.0, 0.0, 0.645319, 0.0, 0.0, 0.0, 1.0],
                [0.990132, 0.0, 0.14014, 0.034461, 0.14014, 0.0, -0.990132, 2.239117, 0.0, 1.0, 0.0, 0.654667, 0.0, 0.0, 0.0, 1.0],
                [0.99146, 0.0, 0.130414, 0.031765, 0.130414, 0.0, -0.99146, 2.251517, 0.0, 1.0, 0.0, 0.663555, 0.0, 0.0, 0.0, 1.0],
                [0.992692, 0.0, 0.120676, 0.029126, 0.120676, 0.0, -0.992692, 2.264186, 0.0, 1.0, 0.0, 0.671984, 0.0, 0.0, 0.0, 1.0],
                [0.993823, 0.0, 0.110976, 0.026552, 0.110976, 0.0, -0.993823, 2.277034, 0.0, 1.0, 0.0, 0.679957, 0.0, 0.0, 0.0, 1.0],
                [0.994849, 0.0, 0.101364, 0.024051, 0.101364, 0.0, -0.994849, 2.289972, 0.0, 1.0, 0.0, 0.687477, 0.0, 0.0, 0.0, 1.0],
                [0.995769, 0.0, 0.091891, 0.021629, 0.091891, 0.0, -0.995769, 2.30291, 0.0, 1.0, 0.0, 0.694546, 0.0, 0.0, 0.0, 1.0],
                [0.996582, 0.0, 0.082607, 0.019296, 0.082607, 0.0, -0.996582, 2.315758, 0.0, 1.0, 0.0, 0.701167, 0.0, 0.0, 0.0, 1.0],
                [0.997291, 0.0, 0.073563, 0.017057, 0.073563, 0.0, -0.997291, 2.328428, 0.0, 1.0, 0.0, 0.707343, 0.0, 0.0, 0.0, 1.0],
                [0.997898, 0.0, 0.064809, 0.014922, 0.064809, 0.0, -0.997898, 2.340828, 0.0, 1.0, 0.0, 0.713075, 0.0, 0.0, 0.0, 1.0],
                [0.998409, 0.0, 0.056395, 0.012897, 0.056395, 0.0, -0.998409, 2.352869, 0.0, 1.0, 0.0, 0.718366, 0.0, 0.0, 0.0, 1.0],
                [0.998829, 0.0, 0.048372, 0.01099, 0.048372, 0.0, -0.998829, 2.364462, 0.0, 1.0, 0.0, 0.72322, 0.0, 0.0, 0.0, 1.0],
                [0.999168, 0.0, 0.040789, 0.009209, 0.040789, 0.0, -0.999168, 2.375518, 0.0, 1.0, 0.0, 0.727638, 0.0, 0.0, 0.0, 1.0],
                [0.999432, 0.0, 0.033697, 0.007561, 0.033697, 0.0, -0.999432, 2.385946, 0.0, 1.0, 0.0, 0.731623, 0.0, 0.0, 0.0, 1.0],
                [0.999632, 0.0, 0.027143, 0.006055, 0.027143, 0.0, -0.999632, 2.395657, 0.0, 1.0, 0.0, 0.735178, 0.0, 0.0, 0.0, 1.0],
                [0.999776, 0.0, 0.021179, 0.004697, 0.021179, 0.0, -0.999776, 2.404561, 0.0, 1.0, 0.0, 0.738305, 0.0, 0.0, 0.0, 1.0],
                [0.999874, 0.0, 0.015851, 0.003495, 0.015851, 0.0, -0.999874, 2.412569, 0.0, 1.0, 0.0, 0.741007, 0.0, 0.0, 0.0, 1.0],
                [0.999937, 0.0, 0.01121, 0.002458, 0.01121, 0.0, -0.999937, 2.41959, 0.0, 1.0, 0.0, 0.743286, 0.0, 0.0, 0.0, 1.0],
                [0.999973, 0.0, 0.007304, 0.001592, 0.007304, 0.0, -0.999973, 2.425537, 0.0, 1.0, 0.0, 0.745145, 0.0, 0.0, 0.0, 1.0],
                [0.999991, 0.0, 0.004182, 0.000905, 0.004182, 0.0, -0.999991, 2.430318, 0.0, 1.0, 0.0, 0.746587, 0.0, 0.0, 0.0, 1.0],
                [0.999998, 0.0, 0.001891, 0.000405, 0.001891, 0.0, -0.999998, 2.433843, 0.0, 1.0, 0.0, 0.747613, 0.0, 0.0, 0.0, 1.0],
                [1.0, 0.0, 0.000481, 9.9e-05, 0.000481, 0.0, -1.0, 2.436025, 0.0, 1.0, 0.0, 0.748227, 0.0, 0.0, 0.0, 1.0],
                [1.0, 0.0, 0.0, -5e-06, 0.0, 0.0, -1.0, 2.436772, 0.0, 1.0, 0.0, 0.748432, 0.0, 0.0, 0.0, 1.0]
            ]
        },
        {
            "name": "Thigh_R",
            "time": [0.0, 0.0167, 0.0333, 0.05, 0.0667, 0.0833, 0.1, 0.1167, 0.1333, 0.15, 0.1667, 0.1833, 0.2, 0.2167, 0.2333, 0.25, 0.2667, 0.2833, 0.3, 0.3167, 0.3333, 0.35, 0.3667, 0.3833, 0.4, 0.4167, 0.4333, 0.45, 0.4667, 0.4833, 0.5, 0.5167, 0.5333, 0.55, 0.5667, 0.5833, 0.6, 0.6167, 0.6333, 0.65, 0.6667, 0.6833, 0.7, 0.7167, 0.7333, 0.75, 0.7667, 0.7833, 0.8, 0.8167, 0.8333, 0.85, 0.8667, 0.8833, 0.9, 0.9167, 0.9333, 0.95, 0.9667, 0.9833, 1.0, 1.0167, 1.0333, 1.05, 1.0667, 1.0833, 1.1, 1.1167, 1.1333, 1.15, 1.1667, 1.1833, 1.2, 1.2167, 1.2333, 1.25, 1.2667, 1.2833, 1.3, 1.3167, 1.3333],
            "transform": [
                [0.913578, 0.221433, 0.341089, 0.124994, 0.352119, -0.850329, -0.391089, -0.002831, 0.203438, 0.477393, -0.854815, -1.2e-05, 0.0, 0.0, 0.0, 1.0],
                [0.915164, 0.223253, 0.335608, 0.124994, 0.345636, -0.863023, -0.368408, -0.002831, 0.207389, 0.453151, -0.866974, -1.2e-05, 0.0, 0.0, 0.0, 1.0],
                [0.919723, 0.227768, 0.319735, 0.124994, 0.327119, -0.894938, -0.303438, -0.002831, 0.217029, 0.38367, -0.897605, -1.2e-05, 0.0, 0.0, 0.0, 1.0],
                [0.927016, 0.232716, 0.294082, 0.124994, 0.297661, -0.933588, -0.199518, -0.002831, 0.22812, 0.272493, -0.934724, -1.2e-05, 0.0, 0.0, 0.0, 1.0],
                [0.936646, 0.235132, 0.259626, 0.124994, 0.25911, -0.963863, -0.061854, -0.002831, 0.2357, 0.125207, -0.963727, -1.2e-05, 0.0, 0.0, 0.0, 1.0],
                [0.94785, 0.232155, 0.218364, 0.124994, 0.215117, -0.97154, 0.099147, -0.002831, 0.235167, -0.047002, -0.970818, -1.2e-05, 0.0, 0.0, 0.0, 1.0],
                [0.959487, 0.222114, 0.173348, 0.124994, 0.171167, -0.948215, 0.267557, -0.002831, 0.2238, -0.227045, -0.947821, -1.2e-05, 0.0, 0.0, 0.0, 1.0],
                [0.97029, 0.205371, 0.127901, 0.124994, 0.133366, -0.895081, 0.425489, -0.002831, 0.201865, -0.395789, -0.89588, -1.2e-05, 0.0, 0.0, 0.0, 1.0],
                [0.979233, 0.184319, 0.084432, 0.124994, 0.106695, -0.822649, 0.558446, -0.002831, 0.17239, -0.537839, -0.825234, -1.2e-05, 0.0, 0.0, 0.0, 1.0],
                [0.985727, 0.162587, 0.043661, 0.124994, 0.093965, -0.746557, 0.658651, -0.002831, 0.139684, -0.645146, -0.751182, -1.2e-05, 0.0, 0.0, 0.0, 1.0],
                [0.989541, 0.144174, 0.004651, 0.124994, 0.096059, -0.682664, 0.72439, -0.002831, 0.107613, -0.716365, -0.689375, -1.2e-05, 0.0, 0.0, 0.0, 1.0],
                [0.986282, 0.15846, -0.046241, 0.124994, 0.137848, -0.636557, 0.758809, -0.002831, 0.090806, -0.754772, -0.64967, -1.2e-05, 0.0, 0.0, 0.0, 1.0],
                [0.970323, 0.213227, -0.114049, 0.124994, 0.221272, -0.592718, 0.774417, -0.002831, 0.097528, -0.776669, -0.622311, -1.2e-05, 0.0, 0.0, 0.0, 1.0],
                [0.94178, 0.279887, -0.186314, 0.124994, 0.313853, -0.533021, 0.785738, -0.002831, 0.120608, -0.798466, -0.589834, -1.2e-05, 0.0, 0.0, 0.0, 1.0],
                [0.909897, 0.329594, -0.251902, 0.124994, 0.384829, -0.443896, 0.809236, -0.002831, 0.154901, -0.833259, -0.530738, -1.2e-05, 0.0, 0.0, 0.0, 1.0],
                [0.893429, 0.335236, -0.298999, 0.124994, 0.405071, -0.313534, 0.858844, -0.002831, 0.194169, -0.888431, -0.415917, -1.2e-05, 0.0, 0.0, 0.0, 1.0],
                [0.903797, 0.341168, -0.25837, 0.124994, 0.320322, -0.138921, 0.937067, -0.002831, 0.283804, -0.929678, -0.234841, -1.2e-05, 0.0, 0.0, 0.0, 1.0],
                [0.916945, 0.304587, -0.257754, 0.124994, 0.264077, 0.021015, 0.964273, -0.002831, 0.299122, -0.952251, -0.061165, -1.2e-05, 0.0, 0.0, 0.0, 1.0],
                [0.92916, 0.272877, -0.249397, 0.124994, 0.215054, 0.149745, 0.965054, -0.002831, 0.300687, -0.950321, 0.080454, -1.2e-05, 0.0, 0.0, 0.0, 1.0],
                [0.939823, 0.246483, -0.236597, 0.124994, 0.174575, 0.248831, 0.952684, -0.002831, 0.293693, -0.936657, 0.190828, -1.2e-05, 0.0, 0.0, 0.0, 1.0],
                [0.948726, 0.225099, -0.221921, 0.124994, 0.142452, 0.322262, 0.935871, -0.002831, 0.282181, -0.919496, 0.273673, -1.2e-05, 0.0, 0.0, 0.0, 1.0],
                [0.955869, 0.208199, -0.207285, 0.124994, 0.117881, 0.37447, 0.919715, -0.002831, 0.269106, -0.903561, 0.333402, -1.2e-05, 0.0, 0.0, 0.0, 1.0],
                [0.961333, 0.195305, -0.19415, 0.124994, 0.099941, 0.409515, 0.906812, -0.002831, 0.256613, -0.891151, 0.374162, -1.2e-05, 0.0, 0.0, 0.0, 1.0],
                [0.965208, 0.186113, -0.183671, 0.124994, 0.087816, 0.430906, 0.898114, -0.002831, 0.246296, -0.882994, 0.399571, -1.2e-05, 0.0, 0.0, 0.0, 1.0],
                [0.967548, 0.180523, -0.176809, 0.124994, 0.080867, 0.4417, 0.893511, -0.002831, 0.239396, -0.878811, 0.412768, -1.2e-05, 0.0, 0.0, 0.0, 1.0],
                [0.968344, 0.178618, -0.174367, 0.124994, 0.078633, 0.444693, 0.892225, -0.002831, 0.236908, -0.87769, 0.416572, -1.2e-05, 0.0, 0.0, 0.0, 1.0],
                [0.968233, 0.17917, -0.174419, 0.124994, 0.079274, 0.441608, 0.893699, -0.002831, 0.237149, -0.879134, 0.413377, -1.2e-05, 0.0, 0.0, 0.0, 1.0],
                [0.967911, 0.180776, -0.174551, 0.124994, 0.081143, 0.432566, 0.897943, -0.002831, 0.237832, -0.883291, 0.404017, -1.2e-05, 0.0, 0.0, 0.0, 1.0],
                [0.967393, 0.183373, -0.17471, 0.124994, 0.084173, 0.417822, 0.904621, -0.002831, 0.238881, -0.889829, 0.388764, -1.2e-05, 0.0, 0.0, 0.0, 1.0],
                [0.966697, 0.1869, -0.174826, 0.124994, 0.088307, 0.397568, 0.913313, -0.002831, 0.240204, -0.898334, 0.367824, -1.2e-05, 0.0, 0.0, 0.0, 1.0],
                [0.965838, 0.191297, -0.17482, 0.124994, 0.093492, 0.371955, 0.923531, -0.002831, 0.241694, -0.908324, 0.341364, -1.2e-05, 0.0, 0.0, 0.0, 1.0],
                [0.964833, 0.1965, -0.174599, 0.124994, 0.099675, 0.341123, 0.934719, -0.002831, 0.243232, -0.919249, 0.309541, -1.2e-05, 0.0, 0.0, 0.0, 1.0],
                [0.9637, 0.20244, -0.174066, 0.124994, 0.1068, 0.305227, 0.946272, -0.002831, 0.244693, -0.930511, 0.272527, -1.2e-05, 0.0, 0.0, 0.0, 1.0],
                [0.962462, 0.209034, -0.17312, 0.124994, 0.114798, 0.264457, 0.957541, -0.002831, 0.245942, -0.941469, 0.230533, -1.2e-05, 0.0, 0.0, 0.0, 1.0],
                [0.961142, 0.216189, -0.171661, 0.124994, 0.123585, 0.219065, 0.967852, -0.002831, 0.246845, -0.951456, 0.183835, -1.2e-05, 0.0, 0.0, 0.0, 1.0],
                [0.959766, 0.223795, -0.169597, 0.124994, 0.133062, 0.169387, 0.976526, -0.002831, 0.24727, -0.959802, 0.132793, -1.2e-05, 0.0, 0.0, 0.0, 1.0],
                [0.958366, 0.231727, -0.166845, 0.124994, 0.143105, 0.115849, 0.982904, -0.002831, 0.247094, -0.965856, 0.077864, -1.2e-05, 0.0, 0.0, 0.0, 1.0],
                [0.956972, 0.239843, -0.163339, 0.124994, 0.153574, 0.058986, 0.986375, -0.002831, 0.24621, -0.969016, 0.019614, -1.2e-05, 0.0, 0.0, 0.0, 1.0],
                [0.955619, 0.247991, -0.159034, 0.124994, 0.164306, -0.000568, 0.986409, -0.002831, 0.244531, -0.96876, -0.04129, -1.2e-05, 0.0, 0.0, 0.0, 1.0],
                [0.954342, 0.25601, -0.153912, 0.124994, 0.175122, -0.062085, 0.982588, -0.002831, 0.241997, -0.964676, -0.104084, -1.2e-05, 0.0, 0.0, 0.0, 1.0],
                [0.953176, 0.263734, -0.147981, 0.124994, 0.185833, -0.124764, 0.974628, -0.002831, 0.23858, -0.956491, -0.167933, -1.2e-05, 0.0, 0.0, 0.0, 1.0],
                [0.952154, 0.271001, -0.141282, 0.124994, 0.196244, -0.187757, 0.962412, -0.002831, 0.234288, -0.944088, -0.231957, -1.2e-05, 0.0, 0.0, 0.0, 1.0],
                [0.951304, 0.277658, -0.133883, 0.124994, 0.206163, -0.250205, 0.945989, -0.002831, 0.229163, -0.927523, -0.295265, -1.2e-05, 0.0, 0.0, 0.0, 1.0],
                [0.950654, 0.283568, -0.125879, 0.124994, 0.215409, -0.311275, 0.925584, -0.002831, 0.223283, -0.907024, -0.356999, -1.2e-05, 0.0, 0.0, 0.0, 1.0],
                [0.950222, 0.288614, -0.117385, 0.124994, 0.223818, -0.370192, 0.901589, -0.002831, 0.216756, -0.882981, -0.416363, -1.2e-05, 0.0, 0.0, 0.0, 1.0],
                [0.950023, 0.292703, -0.108533, 0.124994, 0.231246, -0.426274, 0.874537, -0.002831, 0.209715, -0.855927, -0.472659, -1.2e-05, 0.0, 0.0, 0.0, 1.0],
                [0.950066, 0.29577, -0.099463, 0.124994, 0.237578, -0.478955, 0.845079, -0.002831, 0.20231, -0.82651, -0.525309, -1.2e-05, 0.0, 0.0, 0.0, 1.0],
                [0.950335, 0.298075, -0.089515, 0.124994, 0.242254, -0.527903, 0.814021, -0.002831, 0.195384, -0.795277, -0.573896, -1.1e-05, 0.0, 0.0, 0.0, 1.0],
                [0.950792, 0.299839, -0.078039, 0.124994, 0.244935, -0.573163, 0.781978, -0.002831, 0.189739, -0.762611, -0.618402, -1.1e-05, 0.0, 0.0, 0.0, 1.0],
                [0.951401, 0.300975, -0.065192, 0.124994, 0.245856, -0.614855, 0.749337, -0.002831, 0.185448, -0.728946, -0.658972, -1.2e-05, 0.0, 0.0, 0.0, 1.0],
                [0.95212, 0.301417, -0.051131, 0.124994, 0.245239, -0.65313, 0.716434, -0.002831, 0.18255, -0.694669, -0.695779, -1.2e-05, 0.0, 0.0, 0.0, 1.0],
                [0.952905, 0.301123, -0.036009, 0.124994, 0.243293, -0.688156, 0.683555, -0.002831, 0.181055, -0.660122, -0.729011, -1.2e-05, 0.0, 0.0, 0.0, 1.0],
                [0.953707, 0.300071, -0.019976, 0.124994, 0.240211, -0.720118, 0.650942, -0.002831, 0.180944, -0.625606, -0.758865, -1.2e-05, 0.0, 0.0, 0.0, 1.0],
                [0.954481, 0.298254, -0.003177, 0.124994, 0.236171, -0.749205, 0.618799, -0.002831, 0.182179, -0.591381, -0.785543, -1.2e-05, 0.0, 0.0, 0.0, 1.0],
                [0.95518, 0.295682, 0.014252, 0.124994, 0.231333, -0.775609, 0.587293, -0.002831, 0.184706, -0.557672, -0.809249, -1.2e-05, 0.0, 0.0, 0.0, 1.0],
                [0.955761, 0.292377, 0.032177, 0.124994, 0.225845, -0.799519, 0.556562, -0.002831, 0.188452, -0.524672, -0.830184, -1.2e-05, 0.0, 0.0, 0.0, 1.0],
                [0.956186, 0.288373, 0.050473, 0.124994, 0.219837, -0.82112, 0.526717, -0.002831, 0.193336, -0.492543, -0.848541, -1.2e-05, 0.0, 0.0, 0.0, 1.0],
                [0.956421, 0.283713, 0.069021, 0.124994, 0.213426, -0.84059, 0.49785, -0.002831, 0.199266, -0.461423, -0.864513, -1.2e-05, 0.0, 0.0, 0.0, 1.0],
                [0.956437, 0.27845, 0.087708, 0.124994, 0.206718, -0.858099, 0.470032, -0.002831, 0.206143, -0.431424, -0.878281, -1.1e-05, 0.0, 0.0, 0.0, 1.0],
                [0.956211, 0.27264, 0.106427, 0.124994, 0.199805, -0.87381, 0.443318, -0.002831, 0.213863, -0.40264, -0.890024, -1.2e-05, 0.0, 0.0, 0.0, 1.0],
                [0.955727, 0.266349, 0.125075, 0.124994, 0.192769, -0.887873, 0.417753, -0.002831, 0.222319, -0.375147, -0.899911, -1.2e-05, 0.0, 0.0, 0.0, 1.0],
                [0.954974, 0.259644, 0.143556, 0.124994, 0.185683, -0.900432, 0.393371, -0.002831, 0.231399, -0.349002, -0.908104, -1.2e-05, 0.0, 0.0, 0.0, 1.0],
                [0.95395, 0.252598, 0.161778, 0.124994, 0.178611, -0.91162, 0.370195, -0.002831, 0.240991, -0.324251, -0.91476, -1.2e-05, 0.0, 0.0, 0.0, 1.0],
                [0.952658, 0.245287, 0.179653, 0.124994, 0.171609, -0.92156, 0.348244, -0.002831, 0.250981, -0.300926, -0.920028, -1.2e-05, 0.0, 0.0, 0.0, 1.0],
                [0.951109, 0.237788, 0.197099, 0.124994, 0.164729, -0.930368, 0.327531, -0.002831, 0.261258, -0.279049, -0.924054, -1.2e-05, 0.0, 0.0, 0.0, 1.0],
                [0.949319, 0.230178, 0.214036, 0.124994, 0.158013, -0.938149, 0.308066, -0.002831, 0.271708, -0.258631, -0.926976, -1.2e-05, 0.0, 0.0, 0.0, 1.0],
                [0.947311, 0.222537, 0.230387, 0.124994, 0.151503, -0.945001, 0.289854, -0.002831, 0.28222, -0.239677, -0.928928, -1.2e-05, 0.0, 0.0, 0.0, 1.0],
                [0.945115, 0.214946, 0.246079, 0.124994, 0.145234, -0.951015, 0.272899, -0.002831, 0.292684, -0.222181, -0.930039, -1.2e-05, 0.0, 0.0, 0.0, 1.0],
                [0.942766, 0.207482, 0.261043, 0.124994, 0.139239, -0.956271, 0.257204, -0.002831, 0.302993, -0.206135, -0.930432, -1.2e-05, 0.0, 0.0, 0.0, 1.0],
                [0.940303, 0.200225, 0.275208, 0.124994, 0.133547, -0.960846, 0.242768, -0.002831, 0.313041, -0.191522, -0.930229, -1.2e-05, 0.0, 0.0, 0.0, 1.0],
                [0.937772, 0.19325, 0.288508, 0.124994, 0.128187, -0.964806, 0.229593, -0.002831, 0.322723, -0.178322, -0.929544, -1.1e-05, 0.0, 0.0, 0.0, 1.0],
                [0.935222, 0.186634, 0.300876, 0.124994, 0.123188, -0.968213, 0.217678, -0.002831, 0.331939, -0.166513, -0.928488, -1.2e-05, 0.0, 0.0, 0.0, 1.0],
                [0.932705, 0.180448, 0.312248, 0.124994, 0.118575, -0.971122, 0.207024, -0.002831, 0.340588, -0.156066, -0.927169, -1.2e-05, 0.0, 0.0, 0.0, 1.0],
                [0.930276, 0.174765, 0.322556, 0.124994, 0.114377, -0.973579, 0.197628, -0.002831, 0.348573, -0.146955, -0.92569, -1.2e-05, 0.0, 0.0, 0.0, 1.0],
                [0.927992, 0.169651, 0.331735, 0.124994, 0.110622, -0.975629, 0.189492, -0.002831, 0.355798, -0.139149, -0.924146, -1.2e-05, 0.0, 0.0, 0.0, 1.0],
                [0.925911, 0.165171, 0.339714, 0.124994, 0.10734, -0.977306, 0.182614, -0.002831, 0.362167, -0.132618, -0.922631, -1.2e-05, 0.0, 0.0, 0.0, 1.0],
                [0.924091, 0.161388, 0.346423, 0.124994, 0.104565, -0.97864, 0.176993, -0.002831, 0.367588, -0.127333, -0.92123, -1.2e-05, 0.0, 0.0, 0.0, 1.0],
                [0.922588, 0.158358, 0.351786, 0.124994, 0.102331, -0.979655, 0.172628, -0.002831, 0.371967, -0.123265, -0.920025, -1.2e-05, 0.0, 0.0, 0.0, 1.0],
                [0.921455, 0.156136, 0.355725, 0.124994, 0.100678, -0.980369, 0.169516, -0.002831, 0.37521, -0.120387, -0.919089, -1.2e-05, 0.0, 0.0, 0.0, 1.0],
                [0.920744, 0.15477, 0.358156, 0.124994, 0.099651, -0.980794, 0.167654, -0.002831, 0.377226, -0.118676, -0.918486, -1.2e-05, 0.0, 0.0, 0.0, 1.0],
                [0.920498, 0.154306, 0.358987, 0.124994, 0.099296, -0.980936, 0.167035, -0.002831, 0.377918, -0.118109, -0.918275, -1.2e-05, 0.0, 0.0, 0.0, 1.0]
            ]
        },
        {
            "name": "Leg_R",
            "time": [0.0, 0.0167, 0.0333, 0.05, 0.0667, 0.0833, 0.1, 0.1167, 0.1333, 0.15, 0.1667, 0.1833, 0.2, 0.2167, 0.2333, 0.25, 0.2667, 0.2833, 0.3, 0.3167, 0.3333, 0.35, 0.3667, 0.3833, 0.4, 0.4167, 0.4333, 0.45, 0.4667, 0.4833, 0.5, 0.5167, 0.5333, 0.55, 0.5667, 0.5833, 0.6, 0.6167, 0.6333, 0.65, 0.6667, 0.6833, 0.7, 0.7167, 0.7333, 0.75, 0.7667, 0.7833, 0.8, 0.8167, 0.8333, 0.85, 0.8667, 0.8833, 0.9, 0.9167, 0.9333, 0.95, 0.9667, 0.9833, 1.0, 1.0167, 1.0333, 1.05, 1.0667, 1.0833, 1.1, 1.1167, 1.1333, 1.15, 1.1667, 1.1833, 1.2, 1.2167, 1.2333, 1.25, 1.2667, 1.2833, 1.3, 1.3167, 1.3333],
            "transform": [
                [1.0, -0.0, 1e-06, 0.0, -0.0, 0.813427, 0.581667, 0.37472, -1e-06, -0.581668, 0.813426, 0.0, 0.0, 0.0, 0.0, 1.0],
                [1.0, -0.0, 1e-06, 0.0, -0.0, 0.807744, 0.589534, 0.37472, -1e-06, -0.589535, 0.807742, 0.0, 0.0, 0.0, 0.0, 1.0],
                [1.0, -0.0, 1e-06, -0.0, -0.0, 0.79095, 0.611882, 0.37472, -1e-06, -0.611883, 0.790949, 0.0, 0.0, 0.0, 0.0, 1.0],
                [1.0, -0.0, 1e-06, 0.0, -0.0, 0.76276, 0.646682, 0.37472, -1e-06, -0.646683, 0.762759, 0.0, 0.0, 0.0, 0.0, 1.0],
                [1.0, -0.0, 1e-06, -0.0, -0.0, 0.722288, 0.691592, 0.37472, -1e-06, -0.691593, 0.722288, 0.0, 0.0, 0.0, 0.0, 1.0],
                [1.0, -0.0, 1e-06, -0.0, -0.0, 0.668417, 0.743787, 0.37472, -1e-06, -0.743788, 0.668416, 0.0, 0.0, 0.0, 0.0, 1.0],
                [1.0, -0.0, 1e-06, -0.0, -0.0, 0.600207, 0.799844, 0.37472, -1e-06, -0.799846, 0.600206, 0.0, 0.0, 0.0, 0.0, 1.0],
                [1.0, -1e-06, 1e-06, 0.0, -0.0, 0.517368, 0.855763, 0.37472, -1e-06, -0.855764, 0.517367, -0.0, 0.0, 0.0, 0.0, 1.0],
                [1.0, -1e-06, 0.0, 0.0, -0.0, 0.420712, 0.907194, 0.37472, -1e-06, -0.907195, 0.420711, -0.0, 0.0, 0.0, 0.0, 1.0],
                [1.0, -1e-06, 0.0, 0.0, -0.0, 0.312504, 0.949916, 0.37472, -1e-06, -0.949917, 0.312504, -0.0, 0.0, 0.0, 0.0, 1.0],
                [1.0, -1e-06, 0.0, -0.0, -0.0, 0.19654, 0.980495, 0.37472, -1e-06, -0.980497, 0.19654, -0.0, 0.0, 0.0, 0.0, 1.0],
                [1.0, -1e-06, 0.0, -0.0, -0.0, 0.078816, 0.996888, 0.37472, -1e-06, -0.99689, 0.078816, 0.0, 0.0, 0.0, 0.0, 1.0],
                [1.0, -1e-06, 0.0, 0.0, -0.0, -0.030129, 0.999545, 0.37472, -1e-06, -0.999547, -0.030129, -0.0, 0.0, 0.0, 0.0, 1.0],
                [1.0, -1e-06, 0.0, -0.0, -0.0, -0.119163, 0.992874, 0.37472, -1e-06, -0.992876, -0.119163, 0.0, 0.0, 0.0, 0.0, 1.0],
                [1.0, -1e-06, 0.0, -0.0, -0.0, -0.178644, 0.983913, 0.37472, -1e-06, -0.983914, -0.178644, -0.0, 0.0, 0.0, 0.0, 1.0],
                [1.0, -1e-06, 0.0, -0.0, -0.0, -0.20026, 0.979742, 0.37472, -1e-06, -0.979744, -0.200259, -0.0, 0.0, 0.0, 0.0, 1.0],
                [1.0, -1e-06, 0.0, 0.0, -0.0, -0.20026, 0.979742, 0.374721, -1e-06, -0.979744, -0.200259, 0.0, 0.0, 0.0, 0.0, 1.0],
                [1.0, -1e-06, 0.0, -0.0, -0.0, -0.20026, 0.979742, 0.37472, -1e-06, -0.979744, -0.200259, -0.0, 0.0, 0.0, 0.0, 1.0],
                [1.0, -1e-06, 0.0, 0.0, -0.0, -0.20026, 0.979742, 0.37472, -1e-06, -0.979744, -0.20026, 0.0, 0.0, 0.0, 0.0, 1.0],
                [1.0, -1e-06, 0.0, -0.0, -0.0, -0.20026, 0.979742, 0.37472, -1e-06, -0.979744, -0.200259, -0.0, 0.0, 0.0, 0.0, 1.0],
                [1.0, -1e-06, 0.0, 0.0, -0.0, -0.20026, 0.979742, 0.37472, -1e-06, -0.979744, -0.200259, -0.0, 0.0, 0.0, 0.0, 1.0],
                [1.0, -1e-06, 0.0, -0.0, -0.0, -0.20026, 0.979742, 0.37472, -1e-06, -0.979744, -0.200259, 0.0, 0.0, 0.0, 0.0, 1.0],
                [1.0, -1e-06, 0.0, -0.0, -0.0, -0.20026, 0.979742, 0.37472, -1e-06, -0.979744, -0.200259, -0.0, 0.0, 0.0, 0.0, 1.0],
                [1.0, -1e-06, 0.0, 0.0, -0.0, -0.20026, 0.979742, 0.37472, -1e-06, -0.979744, -0.200259, 0.0, 0.0, 0.0, 0.0, 1.0],
                [1.0, -1e-06, 0.0, 0.0, -0.0, -0.20026, 0.979742, 0.37472, -1e-06, -0.979744, -0.200259, -0.0, 0.0, 0.0, 0.0, 1.0],
                [1.0, -1e-06, 0.0, -0.0, -0.0, -0.20026, 0.979742, 0.37472, -1e-06, -0.979744, -0.200259, 0.0, 0.0, 0.0, 0.0, 1.0],
                [1.0, -1e-06, 0.0, -0.0, -0.0, -0.199151, 0.979968, 0.37472, -1e-06, -0.97997, -0.199151, 0.0, 0.0, 0.0, 0.0, 1.0],
                [1.0, -1e-06, 0.0, 0.0, -0.0, -0.195852, 0.980633, 0.37472, -1e-06, -0.980635, -0.195851, 0.0, 0.0, 0.0, 0.0, 1.0],
                [1.0, -1e-06, 0.0, 0.0, -0.0, -0.190392, 0.981707, 0.37472, -1e-06, -0.981709, -0.190392, -0.0, 0.0, 0.0, 0.0, 1.0],
                [1.0, -1e-06, 0.0, 0.0, -0.0, -0.182794, 0.983151, 0.37472, -1e-06, -0.983152, -0.182794, -0.0, 0.0, 0.0, 0.0, 1.0],
                [1.0, -1e-06, 0.0, 0.0, -0.0, -0.173072, 0.984909, 0.37472, -1e-06, -0.98491, -0.173072, -0.0, 0.0, 0.0, 0.0, 1.0],
                [1.0, -1e-06, 0.0, -0.0, -0.0, -0.161233, 0.986916, 0.37472, -1e-06, -0.986917, -0.161233, -0.0, 0.0, 0.0, 0.0, 1.0],
                [1.0, -1e-06, 0.0, 0.0, -0.0, -0.147283, 0.989094, 0.37472, -1e-06, -0.989095, -0.147283, -0.0, 0.0, 0.0, 0.0, 1.0],
                [1.0, -1e-06, 0.0, -0.0, -0.0, -0.131225, 0.991352, 0.37472, -1e-06, -0.991353, -0.131224, -0.0, 0.0, 0.0, 0.0, 1.0],
                [1.0, -1e-06, 0.0, -0.0, -0.0, -0.113065, 0.993587, 0.37472, -1e-06, -0.993588, -0.113064, -0.0, 0.0, 0.0, 0.0, 1.0],
                [1.0, -1e-06, 0.0, 0.0, -0.0, -0.092813, 0.995683, 0.37472, -1e-06, -0.995684, -0.092813, -0.0, 0.0, 0.0, 0.0, 1.0],
                [1.0, -1e-06, 0.0, 0.0, -0.0, -0.070487, 0.997512, 0.37472, -1e-06, -0.997513, -0.070487, 0.0, 0.0, 0.0, 0.0, 1.0],
                [1.0, -1e-06, 0.0, 0.0, -0.0, -0.046116, 0.998935, 0.37472, -1e-06, -0.998937, -0.046116, 0.0, 0.0, 0.0, 0.0, 1.0],
                [1.0, -1e-06, 0.0, -0.0, -0.0, -0.019743, 0.999804, 0.37472, -1e-06, -0.999806, -0.019743, -0.0, 0.0, 0.0, 0.0, 1.0],
                [1.0, -1e-06, 0.0, 0.0, -0.0, 0.008572, 0.999963, 0.37472, -1e-06, -0.999964, 0.008572, -0.0, 0.0, 0.0, 0.0, 1.0],
                [1.0, -1e-06, 0.0, -0.0, -0.0, 0.03875, 0.999248, 0.37472, -1e-06, -0.99925, 0.03875, 0.0, 0.0, 0.0, 0.0, 1.0],
                [1.0, -1e-06, 0.0, -0.0, -0.0, 0.070685, 0.997498, 0.37472, -1e-06, -0.9975, 0.070685, -0.0, 0.0, 0.0, 0.0, 1.0],
                [1.0, -1e-06, 0.0, -0.0, -0.0, 0.10425, 0.99455, 0.37472, -1e-06, -0.994552, 0.10425, 0.0, 0.0, 0.0, 0.0, 1.0],
                [1.0, -1e-06, 0.0, 0.0, -0.0, 0.139287, 0.990251, 0.37472, -1e-06, -0.990253, 0.139287, -0.0, 0.0, 0.0, 0.0, 1.0],
                [1.0, -1e-06, 0.0, -0.0, -0.0, 0.175612, 0.984459, 0.37472, -1e-06, -0.98446, 0.175612, 0.0, 0.0, 0.0, 0.0, 1.0],
                [1.0, -1e-06, 0.0, 0.0, -0.0, 0.213015, 0.977048, 0.37472, -1e-06, -0.97705, 0.213014, -0.0, 0.0, 0.0, 0.0, 1.0],
                [1.0, -1e-06, 0.0, 0.0, -0.0, 0.251256, 0.96792, 0.37472, -1e-06, -0.967921, 0.251256, 0.0, 0.0, 0.0, 0.0, 1.0],
                [1.0, -1e-06, 0.0, 0.0, -0.0, 0.29007, 0.957005, 0.37472, -1e-06, -0.957006, 0.290069, -0.0, 0.0, 0.0, 0.0, 1.0],
                [1.0, -1e-06, 0.0, 0.0, -0.0, 0.329145, 0.944279, 0.37472, -1e-06, -0.94428, 0.329145, 0.0, 0.0, 0.0, 0.0, 1.0],
                [1.0, -1e-06, 0.0, 0.0, -0.0, 0.368168, 0.929759, 0.37472, -1e-06, -0.92976, 0.368167, -0.0, 0.0, 0.0, 0.0, 1.0],
                [1.0, -1e-06, 0.0, -0.0, -0.0, 0.406835, 0.913501, 0.37472, -1e-06, -0.913503, 0.406834, -0.0, 0.0, 0.0, 0.0, 1.0],
                [1.0, -1e-06, 1e-06, 0.0, -0.0, 0.444862, 0.895598, 0.37472, -1e-06, -0.8956, 0.444862, -0.0, 0.0, 0.0, 0.0, 1.0],
                [1.0, -1e-06, 1e-06, 0.0, -0.0, 0.48199, 0.876176, 0.37472, -1e-06, -0.876178, 0.481989, 0.0, 0.0, 0.0, 0.0, 1.0],
                [1.0, -1e-06, 1e-06, -0.0, -0.0, 0.517985, 0.855389, 0.37472, -1e-06, -0.855391, 0.517984, -0.0, 0.0, 0.0, 0.0, 1.0],
                [1.0, -0.0, 1e-06, 0.0, -0.0, 0.552648, 0.833414, 0.37472, -1e-06, -0.833416, 0.552647, -0.0, 0.0, 0.0, 0.0, 1.0],
                [1.0, -0.0, 1e-06, 0.0, -0.0, 0.585814, 0.810445, 0.37472, -1e-06, -0.810446, 0.585813, -0.0, 0.0, 0.0, 0.0, 1.0],
                [1.0, -0.0, 1e-06, 0.0, -0.0, 0.617351, 0.786688, 0.37472, -1e-06, -0.786689, 0.61735, 0.0, 0.0, 0.0, 0.0, 1.0],
                [1.0, -0.0, 1e-06, -0.0, -0.0, 0.647162, 0.762352, 0.37472, -1e-06, -0.762353, 0.647161, -0.0, 0.0, 0.0, 0.0, 1.0],
                [1.0, -0.0, 1e-06, -0.0, -0.0, 0.675183, 0.73765, 0.37472, -1e-06, -0.737651, 0.675183, 0.0, 0.0, 0.0, 0.0, 1.0],
                [1.0, -0.0, 1e-06, 0.0, -0.0, 0.701381, 0.712786, 0.37472, -1e-06, -0.712787, 0.70138, -0.0, 0.0, 0.0, 0.0, 1.0],
                [1.0, -0.0, 1e-06, -0.0, -0.0, 0.725748, 0.687961, 0.37472, -1e-06, -0.687962, 0.725747, 0.0, 0.0, 0.0, 0.0, 1.0],
                [1.0, -0.0, 1e-06, 0.0, -0.0, 0.7483, 0.663361, 0.37472, -1e-06, -0.663362, 0.748299, -0.0, 0.0, 0.0, 0.0, 1.0],
                [1.0, -0.0, 1e-06, 0.0, -0.0, 0.769075, 0.63916, 0.37472, -1e-06, -0.63916, 0.769073, -0.0, 0.0, 0.0, 0.0, 1.0],
                [1.0, -0.0, 1e-06, 0.0, -0.0, 0.788124, 0.615517, 0.37472, -1e-06, -0.615518, 0.788123, -0.0, 0.0, 0.0, 0.0, 1.0],
                [1.0, -0.0, 1e-06, 0.0, -0.0, 0.805513, 0.592578, 0.37472, -1e-06, -0.592578, 0.805512, -0.0, 0.0, 0.0, 0.0, 1.0],
                [1.0, -0.0, 1e-06, -0.0, -0.0, 0.821318, 0.570471, 0.37472, -1e-06, -0.570472, 0.821317, 0.0, 0.0, 0.0, 0.0, 1.0],
                [1.0, -0.0, 1e-06, 0.0, -0.0, 0.835617, 0.549313, 0.37472, -1e-06, -0.549314, 0.835616, -0.0, 0.0, 0.0, 0.0, 1.0],
                [1.0, -0.0, 1e-06, -0.0, -0.0, 0.848495, 0.529204, 0.37472, -1e-06, -0.529205, 0.848494, -0.0, 0.0, 0.0, 0.0, 1.0],
                [1.0, -0.0, 1e-06, 0.0, -0.0, 0.860037, 0.510233, 0.37472, -1e-06, -0.510233, 0.860036, -0.0, 0.0, 0.0, 0.0, 1.0],
                [1.0, -0.0, 1e-06, 0.0, -0.0, 0.870326, 0.492477, 0.37472, -1e-06, -0.492478, 0.870325, 0.0, 0.0, 0.0, 0.0, 1.0],
                [1.0, -0.0, 1e-06, -0.0, -0.0, 0.879443, 0.476005, 0.37472, -1e-06, -0.476006, 0.879442, 0.0, 0.0, 0.0, 0.0, 1.0],
                [1.0, -0.0, 1e-06, 0.0, -0.0, 0.887465, 0.460877, 0.37472, -1e-06, -0.460878, 0.887463, 0.0, 0.0, 0.0, 0.0, 1.0],
                [1.0, -0.0, 1e-06, 0.0, -0.0, 0.894462, 0.447146, 0.37472, -1e-06, -0.447147, 0.89446, -0.0, 0.0, 0.0, 0.0, 1.0],
                [1.0, -0.0, 1e-06, -0.0, -0.0, 0.900498, 0.434861, 0.37472, -1e-06, -0.434862, 0.900497, -0.0, 0.0, 0.0, 0.0, 1.0],
                [1.0, -0.0, 1e-06, -0.0, -0.0, 0.905631, 0.424067, 0.37472, -1e-06, -0.424068, 0.90563, 0.0, 0.0, 0.0, 0.0, 1.0],
                [1.0, -0.0, 1e-06, -0.0, -0.0, 0.90991, 0.414808, 0.37472, -1e-06, -0.414809, 0.909908, -0.0, 0.0, 0.0, 0.0, 1.0],
                [1.0, -0.0, 1e-06, 0.0, -0.0, 0.913372, 0.407126, 0.37472, -1e-06, -0.407127, 0.913371, 0.0, 0.0, 0.0, 0.0, 1.0],
                [1.0, -0.0, 1e-06, -0.0, -0.0, 0.91605, 0.401066, 0.37472, -1e-06, -0.401067, 0.916048, -0.0, 0.0, 0.0, 0.0, 1.0],
                [1.0, -0.0, 1e-06, 0.0, -0.0, 0.91796, 0.396673, 0.37472, -1e-06, -0.396674, 0.917959, -0.0, 0.0, 0.0, 0.0, 1.0],
                [1.0, -0.0, 1e-06, 0.0, -0.0, 0.919112, 0.393997, 0.37472, -1e-06, -0.393998, 0.919111, 0.0, 0.0, 0.0, 0.0, 1.0],
                [1.0, -0.0, 1e-06, -0.0, -0.0, 0.9195, 0.393092, 0.37472, -1e-06, -0.393093, 0.919498, 0.0, 0.0, 0.0, 0.0, 1.0]
            ]
        },
        {
            "name": "Knee_R",
            "time": [0.0, 0.0167, 0.0333, 0.05, 0.0667, 0.0833, 0.1, 0.1167, 0.1333, 0.15, 0.1667, 0.1833, 0.2, 0.2167, 0.2333, 0.25, 0.2667, 0.2833, 0.3, 0.3167, 0.3333, 0.35, 0.3667, 0.3833, 0.4, 0.4167, 0.4333, 0.45, 0.4667, 0.4833, 0.5, 0.5167, 0.5333, 0.55, 0.5667, 0.5833, 0.6, 0.6167, 0.6333, 0.65, 0.6667, 0.6833, 0.7, 0.7167, 0.7333, 0.75, 0.7667, 0.7833, 0.8, 0.8167, 0.8333, 0.85, 0.8667, 0.8833, 0.9, 0.9167, 0.9333, 0.95, 0.9667, 0.9833, 1.0, 1.0167, 1.0333, 1.05, 1.0667, 1.0833, 1.1, 1.1167, 1.1333, 1.15, 1.1667, 1.1833, 1.2, 1.2167, 1.2333, 1.25, 1.2667, 1.2833, 1.3, 1.3167, 1.3333],
            "transform": [
                [1.0, 0.0, -0.0, -0.0, -0.0, 1e-06, -1.0, 0.384928, -0.0, 1.0, 1e-06, 0.0, 0.0, 0.0, 0.0, 1.0],
                [1.0, 0.0, -0.0, 0.0, -0.0, 1e-06, -1.0, 0.385947, -0.0, 1.0, 1e-06, 0.0, 0.0, 0.0, 0.0, 1.0],
                [1.0, 0.0, -0.0, 0.0, -0.0, 1e-06, -1.0, 0.388884, -0.0, 1.0, 1e-06, 0.0, 0.0, 0.0, 0.0, 1.0],
                [1.0, 0.0, -0.0, 0.0, -0.0, 1e-06, -1.0, 0.393589, -0.0, 1.0, 1e-06, -0.0, 0.0, 0.0, 0.0, 1.0],
                [1.0, 0.0, -0.0, -0.0, -0.0, 1e-06, -1.0, 0.39994, -0.0, 1.0, 1e-06, -0.0, 0.0, 0.0, 0.0, 1.0],
                [1.0, 0.0, -0.0, -0.0, -0.0, 1e-06, -1.0, 0.407821, -0.0, 1.0, 1e-06, -0.0, 0.0, 0.0, 0.0, 1.0],
                [1.0, 0.0, -0.0, -0.0, -0.0, 1e-06, -1.0, 0.417098, -0.0, 1.0, 1e-06, -0.0, 0.0, 0.0, 0.0, 1.0],
                [1.0, 0.0, -0.0, 0.0, -0.0, 1e-06, -1.0, 0.427601, -0.0, 1.0, 1e-06, -0.0, 0.0, 0.0, 0.0, 1.0],
                [1.0, 0.0, -0.0, 0.0, -0.0, 1e-06, -1.0, 0.439108, -0.0, 1.0, 1e-06, -0.0, 0.0, 0.0, 0.0, 1.0],
                [1.0, 0.0, -0.0, -0.0, -0.0, 1e-06, -1.0, 0.451335, 0.0, 1.0, 1e-06, -0.0, 0.0, 0.0, 0.0, 1.0],
                [1.0, 0.0, -0.0, 0.0, -0.0, 1e-06, -1.0, 0.46394, -0.0, 1.0, 1e-06, -0.0, 0.0, 0.0, 0.0, 1.0],
                [1.0, 0.0, -0.0, 0.0, -0.0, 1e-06, -1.0, 0.476432, -0.0, 1.0, 1e-06, 0.0, 0.0, 0.0, 0.0, 1.0],
                [1.0, 0.0, -0.0, 0.0, -0.0, 1e-06, -1.0, 0.48472, -0.0, 1.0, 1e-06, -0.0, 0.0, 0.0, 0.0, 1.0],
                [1.0, 0.0, -0.0, 0.0, -0.0, 1e-06, -1.0, 0.48472, -0.0, 1.0, 1e-06, 0.0, 0.0, 0.0, 0.0, 1.0],
                [1.0, 0.0, -0.0, -0.0, -0.0, 1e-06, -1.0, 0.48472, -0.0, 1.0, 1e-06, -0.0, 0.0, 0.0, 0.0, 1.0],
                [1.0, 0.0, -0.0, 0.0, -0.0, 1e-06, -1.0, 0.48472, -0.0, 1.0, 1e-06, -0.0, 0.0, 0.0, 0.0, 1.0],
                [1.0, 0.0, -0.0, 0.0, -0.0, 1e-06, -1.0, 0.48472, -0.0, 1.0, 1e-06, -0.0, 0.0, 0.0, 0.0, 1.0],
                [1.0, 0.0, -0.0, 0.0, -0.0, 1e-06, -1.0, 0.48472, 0.0, 1.0, 1e-06, -0.0, 0.0, 0.0, 0.0, 1.0],
                [1.0, 0.0, -0.0, 0.0, -0.0, 1e-06, -1.0, 0.48472, -0.0, 1.0, 1e-06, -0.0, 0.0, 0.0, 0.0, 1.0],
                [1.0, 0.0, -0.0, -0.0, -0.0, 1e-06, -1.0, 0.48472, -0.0, 1.0, 1e-06, -0.0, 0.0, 0.0, 0.0, 1.0],
                [1.0, 0.0, -0.0, 0.0, -0.0, 1e-06, -1.0, 0.48472, -0.0, 1.0, 1e-06, -0.0, 0.0, 0.0, 0.0, 1.0],
                [1.0, 0.0, -0.0, 0.0, -0.0, 1e-06, -1.0, 0.48472, -0.0, 1.0, 1e-06, -0.0, 0.0, 0.0, 0.0, 1.0],
                [1.0, 0.0, -0.0, 0.0, -0.0, 1e-06, -1.0, 0.48472, -0.0, 1.0, 1e-06, -0.0, 0.0, 0.0, 0.0, 1.0],
                [1.0, 0.0, -0.0, 0.0, -0.0, 1e-06, -1.0, 0.48472, -0.0, 1.0, 1e-06, 0.0, 0.0, 0.0, 0.0, 1.0],
                [1.0, 0.0, -0.0, 0.0, -0.0, 1e-06, -1.0, 0.48472, -0.0, 1.0, 1e-06, 0.0, 0.0, 0.0, 0.0, 1.0],
