{
    "animation": [
        {
            "name": "Root",
            "time": [0.0, 0.0167, 0.0333, 0.05, 0.0667, 0.0833, 0.1, 0.1167, 0.1333, 0.15, 0.1667, 0.1833, 0.2, 0.2167, 0.2333, 0.25, 0.2667, 0.2833, 0.3, 0.3167, 0.3333, 0.35, 0.3667, 0.3833, 0.4, 0.4167, 0.4333, 0.45, 0.4667, 0.4833, 0.5, 0.5167, 0.5333, 0.55, 0.5667, 0.5833, 0.6, 0.6167, 0.6333, 0.65, 0.6667, 0.6833, 0.7, 0.7167, 0.7333, 0.75, 0.7667, 0.7833, 0.8, 0.8167, 0.8333, 0.85, 0.8667, 0.8833, 0.9, 0.9167, 0.9333, 0.95, 0.9667, 0.9833, 1.0, 1.0167, 1.0333, 1.05, 1.0667, 1.0833, 1.1, 1.1167, 1.1333, 1.15, 1.1667, 1.1833, 1.2, 1.2167, 1.2333, 1.25, 1.2667, 1.2833, 1.3, 1.3167, 1.3333, 1.35, 1.3667, 1.3833, 1.4, 1.4167, 1.4333, 1.45, 1.4667, 1.4833, 1.5, 1.5167, 1.5333, 1.55, 1.5667, 1.5833, 1.6, 1.6167, 1.6333, 1.65, 1.6667, 1.6833, 1.7, 1.7167, 1.7333, 1.75, 1.7667, 1.7833, 1.8, 1.8167, 1.8333],
            "transform": [
                [1.0, 0.0, 0.0, -5e-06, 0.0, 0.0, -1.0, 0.000946, 0.0, 1.0, 0.0, 0.748431, 0.0, 0.0, 0.0, 1.0],
                [0.999987, 0.0, -0.005066, -5e-06, -0.005066, 0.0, -0.999987, 0.009247, 0.0, 1.0, 0.0, 0.744383, 0.0, 0.0, 0.0, 1.0],
                [0.999823, 0.0, -0.018822, -5e-06, -0.018822, 0.0, -0.999823, 0.032195, 0.0, 1.0, 0.0, 0.733396, 0.0, 0.0, 0.0, 1.0],
                [0.999235, 0.0, -0.039099, -5e-06, -0.039099, 0.0, -0.999235, 0.066862, 0.0, 1.0, 0.0, 0.717204, 0.0, 0.0, 0.0, 1.0],
                [0.997968, 0.0, -0.063712, -5e-06, -0.063712, 0.0, -0.997968, 0.110317, 0.0, 1.0, 0.0, 0.697542, 0.0, 0.0, 0.0, 1.0],
                [0.9959, 0.0, -0.090461, -5e-06, -0.090461, 0.0, -0.9959, 0.159631, 0.0, 1.0, 0.0, 0.676146, 0.0, 0.0, 0.0, 1.0],
                [0.993115, 0.0, -0.117145, -5e-06, -0.117145, 0.0, -0.993115, 0.211875, 0.0, 1.0, 0.0, 0.654749, 0.0, 0.0, 0.0, 1.0],
                [0.989926, 0.0, -0.141584, -5e-06, -0.141584, 0.0, -0.989926, 0.264119, 0.0, 1.0, 0.0, 0.635088, 0.0, 0.0, 0.0, 1.0],
                [0.986851, 0.0, -0.161635, -5e-06, -0.161635, 0.0, -0.986851, 0.313434, 0.0, 1.0, 0.0, 0.618896, 0.0, 0.0, 0.0, 1.0],
                [0.984534, 0.0, -0.175195, -5e-06, -0.175195, 0.0, -0.984534, 0.356889, 0.0, 1.0, 0.0, 0.607908, 0.0, 0.0, 0.0, 1.0],
                [0.983634, 0.0, -0.180181, -5e-06, -0.180181, 0.0, -0.983634, 0.391556, 0.0, 1.0, 0.0, 0.60386, 0.0, 0.0, 0.0, 1.0],
                [0.98367, 0.0, -0.179983, -5e-06, -0.179983, 0.0, -0.98367, 0.415678, 0.0, 1.0, 0.0, 0.608279, 0.0, 0.0, 0.0, 1.0],
                [0.983906, 0.0, -0.178687, -5e-06, -0.178687, 0.0, -0.983906, 0.432194, 0.0, 1.0, 0.0, 0.620273, 0.0, 0.0, 0.0, 1.0],
                [0.984526, 0.0, -0.175239, -5e-06, -0.175239, 0.0, -0.984526, 0.445216, 0.0, 1.0, 0.0, 0.637947, 0.0, 0.0, 0.0, 1.0],
                [0.985688, 0.0, -0.16858, -5e-06, -0.16858, 0.0, -0.985688, 0.458858, 0.0, 1.0, 0.0, 0.65941, 0.0, 0.0, 0.0, 1.0],
                [0.987496, 0.0, -0.157641, -5e-06, -0.157641, 0.0, -0.987496, 0.477231, 0.0, 1.0, 0.0, 0.682766, 0.0, 0.0, 0.0, 1.0],
                [0.989962, 0.0, -0.141335, -5e-06, -0.141335, 0.0, -0.989962, 0.504448, 0.0, 1.0, 0.0, 0.706122, 0.0, 0.0, 0.0, 1.0],
                [0.992948, 0.0, -0.118552, -5e-06, -0.118552, 0.0, -0.992948, 0.544621, 0.0, 1.0, 0.0, 0.727584, 0.0, 0.0, 0.0, 1.0],
                [0.996107, 0.0, -0.088156, -5e-06, -0.088156, 0.0, -0.996107, 0.601862, 0.0, 1.0, 0.0, 0.745259, 0.0, 0.0, 0.0, 1.0],
                [0.998798, 0.0, -0.049006, -5e-06, -0.049006, 0.0, -0.998798, 0.680285, 0.0, 1.0, 0.0, 0.757253, 0.0, 0.0, 0.0, 1.0],
                [1.0, 0.0, 0.0, -5e-06, 0.0, 0.0, -1.0, 0.784001, 0.0, 1.0, 0.0, 0.761671, 0.0, 0.0, 0.0, 1.0],
                [0.995068, 0.0, 0.099191, -5e-06, 0.099191, 0.0, -0.995068, 0.927647, 0.0, 1.0, 0.0, 0.734145, 0.0, 0.0, 0.0, 1.0],
                [0.966552, 0.0, 0.25647, -5e-06, 0.25647, 0.0, -0.966552, 1.102034, 0.0, 1.0, 0.0, 0.668507, 0.0, 0.0, 0.0, 1.0],
                [0.907691, 0.0, 0.41964, -5e-06, 0.41964, 0.0, -0.907691, 1.275535, 0.0, 1.0, 0.0, 0.590164, 0.0, 0.0, 0.0, 1.0],
                [0.841165, 0.0, 0.540779, -5e-06, 0.540779, 0.0, -0.841165, 1.41652, 0.0, 1.0, 0.0, 0.524526, 0.0, 0.0, 0.0, 1.0],
                [0.809503, 0.0, 0.587116, -5e-06, 0.587116, 0.0, -0.809503, 1.493364, 0.0, 1.0, 0.0, 0.497, 0.0, 0.0, 0.0, 1.0],
                [0.809652, 0.0, 0.58691, -5e-06, 0.58691, 0.0, -0.809652, 1.526088, 0.0, 1.0, 0.0, 0.497452, 0.0, 0.0, 0.0, 1.0],
                [0.810095, 0.0, 0.586299, -5e-06, 0.586299, 0.0, -0.810095, 1.555896, 0.0, 1.0, 0.0, 0.498778, 0.0, 0.0, 0.0, 1.0],
                [0.810823, 0.0, 0.585291, -5e-06, 0.585291, 0.0, -0.810823, 1.582926, 0.0, 1.0, 0.0, 0.500931, 0.0, 0.0, 0.0, 1.0],
                [0.811829, 0.0, 0.583895, -5e-06, 0.583895, 0.0, -0.811829, 1.607318, 0.0, 1.0, 0.0, 0.503863, 0.0, 0.0, 0.0, 1.0],
                [0.813104, 0.0, 0.582119, -5e-06, 0.582119, 0.0, -0.813104, 1.629213, 0.0, 1.0, 0.0, 0.507527, 0.0, 0.0, 0.0, 1.0],
                [0.814637, 0.0, 0.579971, -5e-06, 0.579971, 0.0, -0.814637, 1.648751, 0.0, 1.0, 0.0, 0.511875, 0.0, 0.0, 0.0, 1.0],
                [0.81642, 0.0, 0.577458, -5e-06, 0.577458, 0.0, -0.81642, 1.666071, 0.0, 1.0, 0.0, 0.516862, 0.0, 0.0, 0.0, 1.0],
                [0.818444, 0.0, 0.574587, -5e-06, 0.574587, 0.0, -0.818444, 1.681313, 0.0, 1.0, 0.0, 0.52244, 0.0, 0.0, 0.0, 1.0],
                [0.820696, 0.0, 0.571365, -5e-06, 0.571365, 0.0, -0.820696, 1.694618, 0.0, 1.0, 0.0, 0.528561, 0.0, 0.0, 0.0, 1.0],
                [0.823168, 0.0, 0.567799, -5e-06, 0.567799, 0.0, -0.823168, 1.706124, 0.0, 1.0, 0.0, 0.535178, 0.0, 0.0, 0.0, 1.0],
                [0.825847, 0.0, 0.563894, -5e-06, 0.563894, 0.0, -0.825847, 1.715973, 0.0, 1.0, 0.0, 0.542245, 0.0, 0.0, 0.0, 1.0],
                [0.828724, 0.0, 0.559658, -5e-06, 0.559658, 0.0, -0.828724, 1.724304, 0.0, 1.0, 0.0, 0.549715, 0.0, 0.0, 0.0, 1.0],
                [0.831786, 0.0, 0.555096, -5e-06, 0.555096, 0.0, -0.831786, 1.731258, 0.0, 1.0, 0.0, 0.557539, 0.0, 0.0, 0.0, 1.0],
                [0.835023, 0.0, 0.550215, -5e-06, 0.550215, 0.0, -0.835023, 1.736973, 0.0, 1.0, 0.0, 0.565671, 0.0, 0.0, 0.0, 1.0],
                [0.838422, 0.0, 0.545022, -5e-06, 0.545022, 0.0, -0.838422, 1.74159, 0.0, 1.0, 0.0, 0.574064, 0.0, 0.0, 0.0, 1.0],
                [0.841972, 0.0, 0.539521, -5e-06, 0.539521, 0.0, -0.841972, 1.745249, 0.0, 1.0, 0.0, 0.58267, 0.0, 0.0, 0.0, 1.0],
                [0.845662, 0.0, 0.533719, -5e-06, 0.533719, 0.0, -0.845662, 1.748091, 0.0, 1.0, 0.0, 0.591443, 0.0, 0.0, 0.0, 1.0],
                [0.849478, 0.0, 0.527624, -5e-06, 0.527624, 0.0, -0.849478, 1.750254, 0.0, 1.0, 0.0, 0.600336, 0.0, 0.0, 0.0, 1.0],
                [0.85341, 0.0, 0.521241, -5e-06, 0.521241, 0.0, -0.85341, 1.751878, 0.0, 1.0, 0.0, 0.609301, 0.0, 0.0, 0.0, 1.0],
                [0.857444, 0.0, 0.514577, -5e-06, 0.514577, 0.0, -0.857444, 1.753105, 0.0, 1.0, 0.0, 0.61829, 0.0, 0.0, 0.0, 1.0],
                [0.86157, 0.0, 0.507639, -5e-06, 0.507639, 0.0, -0.86157, 1.754073, 0.0, 1.0, 0.0, 0.627258, 0.0, 0.0, 0.0, 1.0],
                [0.865774, 0.0, 0.500434, -5e-06, 0.500434, 0.0, -0.865774, 1.754923, 0.0, 1.0, 0.0, 0.636157, 0.0, 0.0, 0.0, 1.0],
                [0.870046, 0.0, 0.49297, -5e-06, 0.49297, 0.0, -0.870046, 1.755794, 0.0, 1.0, 0.0, 0.644939, 0.0, 0.0, 0.0, 1.0],
                [0.874373, 0.0, 0.485254, -5e-06, 0.485254, 0.0, -0.874373, 1.756805, 0.0, 1.0, 0.0, 0.653558, 0.0, 0.0, 0.0, 1.0],
                [0.878743, 0.0, 0.477294, -5e-06, 0.477294, 0.0, -0.878743, 1.757983, 0.0, 1.0, 0.0, 0.661966, 0.0, 0.0, 0.0, 1.0],
                [0.883146, 0.0, 0.469099, -5e-06, 0.469099, 0.0, -0.883146, 1.759335, 0.0, 1.0, 0.0, 0.670117, 0.0, 0.0, 0.0, 1.0],
                [0.887568, 0.0, 0.460676, -5e-06, 0.460676, 0.0, -0.887568, 1.760866, 0.0, 1.0, 0.0, 0.677963, 0.0, 0.0, 0.0, 1.0],
                [0.892, 0.0, 0.452035, -5e-06, 0.452035, 0.0, -0.892, 1.762583, 0.0, 1.0, 0.0, 0.685457, 0.0, 0.0, 0.0, 1.0],
                [0.89643, 0.0, 0.443185, -5e-06, 0.443185, 0.0, -0.89643, 1.764492, 0.0, 1.0, 0.0, 0.692551, 0.0, 0.0, 0.0, 1.0],
                [0.900848, 0.0, 0.434136, -5e-06, 0.434136, 0.0, -0.900848, 1.766598, 0.0, 1.0, 0.0, 0.6992, 0.0, 0.0, 0.0, 1.0],
                [0.905242, 0.0, 0.424896, -5e-06, 0.424896, 0.0, -0.905242, 1.768909, 0.0, 1.0, 0.0, 0.705355, 0.0, 0.0, 0.0, 1.0],
                [0.909603, 0.0, 0.415478, -5e-06, 0.415478, 0.0, -0.909603, 1.771428, 0.0, 1.0, 0.0, 0.71097, 0.0, 0.0, 0.0, 1.0],
                [0.913922, 0.0, 0.405891, -5e-06, 0.405891, 0.0, -0.913922, 1.774164, 0.0, 1.0, 0.0, 0.715997, 0.0, 0.0, 0.0, 1.0],
                [0.918188, 0.0, 0.396146, -5e-06, 0.396146, 0.0, -0.918188, 1.777121, 0.0, 1.0, 0.0, 0.720389, 0.0, 0.0, 0.0, 1.0],
                [0.922392, 0.0, 0.386255, -5e-06, 0.386255, 0.0, -0.922392, 1.780306, 0.0, 1.0, 0.0, 0.724099, 0.0, 0.0, 0.0, 1.0],
                [0.926527, 0.0, 0.376228, -5e-06, 0.376228, 0.0, -0.926527, 1.783725, 0.0, 1.0, 0.0, 0.72708, 0.0, 0.0, 0.0, 1.0],
                [0.930584, 0.0, 0.366079, -5e-06, 0.366079, 0.0, -0.930584, 1.787384, 0.0, 1.0, 0.0, 0.729285, 0.0, 0.0, 0.0, 1.0],
                [0.934555, 0.0, 0.355819, -5e-06, 0.355819, 0.0, -0.934555, 1.791289, 0.0, 1.0, 0.0, 0.730667, 0.0, 0.0, 0.0, 1.0],
                [0.938433, 0.0, 0.345461, -5e-06, 0.345461, 0.0, -0.938433, 1.795442, 0.0, 1.0, 0.0, 0.731601, 0.0, 0.0, 0.0, 1.0],
                [0.942212, 0.0, 0.335018, -5e-06, 0.335018, 0.0, -0.942212, 1.799833, 0.0, 1.0, 0.0, 0.732495, 0.0, 0.0, 0.0, 1.0],
                [0.945885, 0.0, 0.324503, -5e-06, 0.324503, 0.0, -0.945885, 1.804447, 0.0, 1.0, 0.0, 0.733351, 0.0, 0.0, 0.0, 1.0],
                [0.949447, 0.0, 0.313929, -5e-06, 0.313929, 0.0, -0.949447, 1.809269, 0.0, 1.0, 0.0, 0.734168, 0.0, 0.0, 0.0, 1.0],
                [0.952892, 0.0, 0.303309, -5e-06, 0.303309, 0.0, -0.952892, 1.814286, 0.0, 1.0, 0.0, 0.734948, 0.0, 0.0, 0.0, 1.0],
                [0.956217, 0.0, 0.292658, -5e-06, 0.292658, 0.0, -0.956217, 1.819483, 0.0, 1.0, 0.0, 0.735693, 0.0, 0.0, 0.0, 1.0],
                [0.959418, 0.0, 0.281989, -5e-06, 0.281989, 0.0, -0.959418, 1.824846, 0.0, 1.0, 0.0, 0.736401, 0.0, 0.0, 0.0, 1.0],
                [0.96249, 0.0, 0.271317, -5e-06, 0.271317, 0.0, -0.96249, 1.83036, 0.0, 1.0, 0.0, 0.737075, 0.0, 0.0, 0.0, 1.0],
                [0.965432, 0.0, 0.260655, -5e-06, 0.260655, 0.0, -0.965432, 1.836011, 0.0, 1.0, 0.0, 0.737716, 0.0, 0.0, 0.0, 1.0],
                [0.968241, 0.0, 0.250019, -5e-06, 0.250019, 0.0, -0.968241, 1.841785, 0.0, 1.0, 0.0, 0.738323, 0.0, 0.0, 0.0, 1.0],
                [0.970916, 0.0, 0.239421, -5e-06, 0.239421, 0.0, -0.970916, 1.847667, 0.0, 1.0, 0.0, 0.738899, 0.0, 0.0, 0.0, 1.0],
                [0.973455, 0.0, 0.228877, -5e-06, 0.228877, 0.0, -0.973455, 1.853643, 0.0, 1.0, 0.0, 0.739443, 0.0, 0.0, 0.0, 1.0],
                [0.975859, 0.0, 0.218401, -5e-06, 0.218401, 0.0, -0.975859, 1.859698, 0.0, 1.0, 0.0, 0.739957, 0.0, 0.0, 0.0, 1.0],
                [0.978127, 0.0, 0.208008, -5e-06, 0.208008, 0.0, -0.978127, 1.865818, 0.0, 1.0, 0.0, 0.740442, 0.0, 0.0, 0.0, 1.0],
                [0.98026, 0.0, 0.197712, -5e-06, 0.197712, 0.0, -0.98026, 1.871989, 0.0, 1.0, 0.0, 0.740898, 0.0, 0.0, 0.0, 1.0],
                [0.982259, 0.0, 0.187527, -5e-06, 0.187527, 0.0, -0.982259, 1.878197, 0.0, 1.0, 0.0, 0.741327, 0.0, 0.0, 0.0, 1.0],
                [0.984127, 0.0, 0.177468, -5e-06, 0.177468, 0.0, -0.984127, 1.884426, 0.0, 1.0, 0.0, 0.741729, 0.0, 0.0, 0.0, 1.0],
                [0.985864, 0.0, 0.167549, -5e-06, 0.167549, 0.0, -0.985864, 1.890664, 0.0, 1.0, 0.0, 0.742105, 0.0, 0.0, 0.0, 1.0],
                [0.987474, 0.0, 0.157784, -5e-06, 0.157784, 0.0, -0.987474, 1.896894, 0.0, 1.0, 0.0, 0.742456, 0.0, 0.0, 0.0, 1.0],
                [0.988959, 0.0, 0.148187, -5e-06, 0.148187, 0.0, -0.988959, 1.903103, 0.0, 1.0, 0.0, 0.742783, 0.0, 0.0, 0.0, 1.0],
                [0.990324, 0.0, 0.138772, -5e-06, 0.138772, 0.0, -0.990324, 1.909277, 0.0, 1.0, 0.0, 0.743086, 0.0, 0.0, 0.0, 1.0],
                [0.991572, 0.0, 0.129553, -5e-06, 0.129553, 0.0, -0.991572, 1.915401, 0.0, 1.0, 0.0, 0.743367, 0.0, 0.0, 0.0, 1.0],
                [0.992708, 0.0, 0.120544, -5e-06, 0.120544, 0.0, -0.992708, 1.921461, 0.0, 1.0, 0.0, 0.743626, 0.0, 0.0, 0.0, 1.0],
                [0.993736, 0.0, 0.111757, -5e-06, 0.111757, 0.0, -0.993736, 1.927442, 0.0, 1.0, 0.0, 0.743865, 0.0, 0.0, 0.0, 1.0],
                [0.99466, 0.0, 0.103207, -5e-06, 0.103207, 0.0, -0.99466, 1.933331, 0.0, 1.0, 0.0, 0.744084, 0.0, 0.0, 0.0, 1.0],
                [0.995486, 0.0, 0.094906, -5e-06, 0.094906, 0.0, -0.995486, 1.939112, 0.0, 1.0, 0.0, 0.744283, 0.0, 0.0, 0.0, 1.0],
                [0.99622, 0.0, 0.086868, -5e-06, 0.086868, 0.0, -0.99622, 1.944771, 0.0, 1.0, 0.0, 0.744465, 0.0, 0.0, 0.0, 1.0],
                [0.996866, 0.0, 0.079104, -5e-06, 0.079104, 0.0, -0.996866, 1.950295, 0.0, 1.0, 0.0, 0.744629, 0.0, 0.0, 0.0, 1.0],
                [0.997431, 0.0, 0.071629, -5e-06, 0.071629, 0.0, -0.997431, 1.955668, 0.0, 1.0, 0.0, 0.744777, 0.0, 0.0, 0.0, 1.0],
                [0.997921, 0.0, 0.064454, -5e-06, 0.064454, 0.0, -0.997921, 1.960876, 0.0, 1.0, 0.0, 0.744909, 0.0, 0.0, 0.0, 1.0],
                [0.99834, 0.0, 0.057592, -5e-06, 0.057592, 0.0, -0.99834, 1.965905, 0.0, 1.0, 0.0, 0.745027, 0.0, 0.0, 0.0, 1.0],
                [0.998696, 0.0, 0.051055, -5e-06, 0.051055, 0.0, -0.998696, 1.970741, 0.0, 1.0, 0.0, 0.745131, 0.0, 0.0, 0.0, 1.0],
                [0.998994, 0.0, 0.044854, -5e-06, 0.044854, 0.0, -0.998994, 1.975369, 0.0, 1.0, 0.0, 0.745222, 0.0, 0.0, 0.0, 1.0],
                [0.999239, 0.0, 0.039003, -5e-06, 0.039003, 0.0, -0.999239, 1.979774, 0.0, 1.0, 0.0, 0.745301, 0.0, 0.0, 0.0, 1.0],
                [0.999438, 0.0, 0.033512, -5e-06, 0.033512, 0.0, -0.999438, 1.983943, 0.0, 1.0, 0.0, 0.745368, 0.0, 0.0, 0.0, 1.0],
                [0.999597, 0.0, 0.028394, -5e-06, 0.028394, 0.0, -0.999597, 1.987861, 0.0, 1.0, 0.0, 0.745425, 0.0, 0.0, 0.0, 1.0],
                [0.99972, 0.0, 0.02366, -5e-06, 0.02366, 0.0, -0.99972, 1.991514, 0.0, 1.0, 0.0, 0.745473, 0.0, 0.0, 0.0, 1.0],
                [0.999813, 0.0, 0.019322, -5e-06, 0.019322, 0.0, -0.999813, 1.994887, 0.0, 1.0, 0.0, 0.745512, 0.0, 0.0, 0.0, 1.0],
                [0.999882, 0.0, 0.015392, -5e-06, 0.015392, 0.0, -0.999882, 1.997966, 0.0, 1.0, 0.0, 0.745543, 0.0, 0.0, 0.0, 1.0],
                [0.999929, 0.0, 0.01188, -5e-06, 0.01188, 0.0, -0.999929, 2.000737, 0.0, 1.0, 0.0, 0.745568, 0.0, 0.0, 0.0, 1.0],
                [0.999961, 0.0, 0.008798, -5e-06, 0.008798, 0.0, -0.999961, 2.003185, 0.0, 1.0, 0.0, 0.745586, 0.0, 0.0, 0.0, 1.0],
                [0.999981, 0.0, 0.006159, -5e-06, 0.006159, 0.0, -0.999981, 2.005295, 0.0, 1.0, 0.0, 0.745599, 0.0, 0.0, 0.0, 1.0],
                [0.999992, 0.0, 0.003973, -5e-06, 0.003973, 0.0, -0.999992, 2.007054, 0.0, 1.0, 0.0, 0.745608, 0.0, 0.0, 0.0, 1.0],
                [0.999997, 0.0, 0.002253, -5e-06, 0.002253, 0.0, -0.999997, 2.008447, 0.0, 1.0, 0.0, 0.745613, 0.0, 0.0, 0.0, 1.0],
                [0.999999, 0.0, 0.001009, -5e-06, 0.001009, 0.0, -0.999999, 2.00946, 0.0, 1.0, 0.0, 0.745616, 0.0, 0.0, 0.0, 1.0],
                [1.0, 0.0, 0.000254, -5e-06, 0.000254, 0.0, -1.0, 2.010079, 0.0, 1.0, 0.0, 0.745617, 0.0, 0.0, 0.0, 1.0],
                [1.0, 0.0, 0.0, -5e-06, 0.0, 0.0, -1.0, 2.010288, 0.0, 1.0, 0.0, 0.745617, 0.0, 0.0, 0.0, 1.0]
            ]
        },
        {
            "name": "Thigh_R",
            "time": [0.0, 0.0167, 0.0333, 0.05, 0.0667, 0.0833, 0.1, 0.1167, 0.1333, 0.15, 0.1667, 0.1833, 0.2, 0.2167, 0.2333, 0.25, 0.2667, 0.2833, 0.3, 0.3167, 0.3333, 0.35, 0.3667, 0.3833, 0.4, 0.4167, 0.4333, 0.45, 0.4667, 0.4833, 0.5, 0.5167, 0.5333, 0.55, 0.5667, 0.5833, 0.6, 0.6167, 0.6333, 0.65, 0.6667, 0.6833, 0.7, 0.7167, 0.7333, 0.75, 0.7667, 0.7833, 0.8, 0.8167, 0.8333, 0.85, 0.8667, 0.8833, 0.9, 0.9167, 0.9333, 0.95, 0.9667, 0.9833, 1.0, 1.0167, 1.0333, 1.05, 1.0667, 1.0833, 1.1, 1.1167, 1.1333, 1.15, 1.1667, 1.1833, 1.2, 1.2167, 1.2333, 1.25, 1.2667, 1.2833, 1.3, 1.3167, 1.3333, 1.35, 1.3667, 1.3833, 1.4, 1.4167, 1.4333, 1.45, 1.4667, 1.4833, 1.5, 1.5167, 1.5333, 1.55, 1.5667, 1.5833, 1.6, 1.6167, 1.6333, 1.65, 1.6667, 1.6833, 1.7, 1.7167, 1.7333, 1.75, 1.7667, 1.7833, 1.8, 1.8167, 1.8333],
            "transform": [
                [0.920498, 0.154306, 0.358987, 0.124994, 0.099296, -0.980936, 0.167035, -0.002831, 0.377918, -0.118109, -0.918275, -1.2e-05, 0.0, 0.0, 0.0, 1.0],
                [0.919415, 0.161684, 0.358515, 0.124994, 0.106712, -0.979945, 0.168275, -0.002831, 0.378533, -0.116456, -0.918233, -1.2e-05, 0.0, 0.0, 0.0, 1.0],
                [0.915676, 0.182115, 0.35829, 0.124994, 0.127305, -0.976969, 0.171235, -0.002831, 0.381223, -0.111182, -0.917773, -1.2e-05, 0.0, 0.0, 0.0, 1.0],
                [0.908287, 0.212968, 0.360082, 0.124994, 0.158535, -0.971748, 0.174841, -0.002831, 0.387145, -0.101719, -0.916391, -1.2e-05, 0.0, 0.0, 0.0, 1.0],
                [0.896113, 0.251508, 0.365684, 0.124994, 0.197821, -0.963904, 0.17819, -0.002831, 0.397301, -0.087338, -0.913523, -1.2e-05, 0.0, 0.0, 0.0, 1.0],
                [0.878048, 0.294883, 0.376928, 0.124994, 0.242584, -0.953169, 0.180603, -0.002831, 0.412533, -0.067141, -0.908465, -1.2e-05, 0.0, 0.0, 0.0, 1.0],
                [0.853101, 0.340106, 0.395658, 0.124994, 0.290322, -0.93953, 0.181639, -0.002831, 0.43351, -0.040088, -0.900257, -1.2e-05, 0.0, 0.0, 0.0, 1.0],
                [0.820391, 0.38401, 0.423667, 0.124994, 0.338683, -0.923313, 0.181062, -0.002831, 0.460707, -0.005052, -0.887538, -1.2e-05, 0.0, 0.0, 0.0, 1.0],
                [0.779071, 0.423175, 0.462569, 0.124994, 0.385546, -0.905203, 0.178769, -0.002831, 0.49437, 0.039069, -0.868373, -1.2e-05, 0.0, 0.0, 0.0, 1.0],
                [0.728193, 0.453806, 0.513609, 0.124994, 0.429078, -0.886213, 0.174683, -0.002831, 0.53444, 0.093176, -0.840055, -1.2e-05, 0.0, 0.0, 0.0, 1.0],
                [0.66656, 0.471571, 0.577336, 0.124994, 0.467779, -0.867613, 0.168603, -0.002831, 0.580414, 0.157682, -0.798909, -1.2e-05, 0.0, 0.0, 0.0, 1.0],
                [0.584748, 0.466616, 0.66358, 0.124994, 0.505224, -0.849472, 0.152129, -0.002831, 0.634679, 0.246299, -0.732474, -1.2e-05, 0.0, 0.0, 0.0, 1.0],
                [0.488652, 0.435319, 0.756119, 0.124994, 0.542382, -0.83039, 0.127559, -0.002831, 0.683402, 0.347773, -0.641883, -1.2e-05, 0.0, 0.0, 0.0, 1.0],
                [0.407133, 0.394622, 0.823721, 0.124994, 0.571671, -0.813455, 0.107151, -0.002831, 0.712344, 0.427272, -0.556779, -1.2e-05, 0.0, 0.0, 0.0, 1.0],
                [0.372955, 0.374132, 0.849075, 0.124994, 0.583592, -0.80601, 0.098816, -0.002831, 0.721334, 0.458659, -0.518948, -1.2e-05, 0.0, 0.0, 0.0, 1.0],
                [0.39574, 0.366397, 0.842106, 0.124994, 0.571875, -0.815797, 0.086204, -0.002831, 0.718573, 0.447464, -0.532379, -1.2e-05, 0.0, 0.0, 0.0, 1.0],
                [0.452607, 0.347966, 0.821015, 0.124994, 0.539775, -0.839782, 0.058356, -0.002831, 0.709781, 0.416751, -0.567917, -1.2e-05, 0.0, 0.0, 0.0, 1.0],
                [0.526085, 0.325537, 0.785659, 0.124994, 0.492315, -0.869871, 0.030773, -0.002831, 0.693441, 0.370602, -0.617895, -1.2e-05, 0.0, 0.0, 0.0, 1.0],
                [0.600463, 0.306938, 0.738399, 0.124994, 0.437319, -0.899122, 0.018123, -0.002831, 0.669474, 0.312034, -0.674121, -1.2e-05, 0.0, 0.0, 0.0, 1.0],
                [0.663683, 0.301996, 0.684341, 0.124994, 0.385709, -0.922035, 0.032825, -0.002831, 0.6409, 0.242171, -0.728423, -1.2e-05, 0.0, 0.0, 0.0, 1.0],
                [0.707342, 0.322583, 0.628973, 0.124994, 0.349842, -0.932938, 0.085048, -0.002831, 0.614228, 0.159884, -0.772762, -1.2e-05, 0.0, 0.0, 0.0, 1.0],
                [0.731013, 0.383752, 0.564229, 0.124994, 0.304491, -0.923433, 0.233565, -0.002831, 0.610659, 0.001064, -0.791893, -1.2e-05, 0.0, 0.0, 0.0, 1.0],
                [0.749218, 0.463667, 0.472953, 0.124994, 0.225894, -0.850151, 0.475618, -0.002831, 0.62261, -0.249503, -0.74169, -1.2e-05, 0.0, 0.0, 0.0, 1.0],
                [0.770674, 0.522851, 0.364262, 0.124994, 0.137563, -0.694662, 0.706059, -0.002831, 0.622204, -0.494031, -0.607284, -1.2e-05, 0.0, 0.0, 0.0, 1.0],
                [0.792352, 0.546001, 0.272139, 0.124994, 0.071775, -0.526416, 0.847192, -0.002831, 0.605827, -0.65174, -0.456297, -1.2e-05, 0.0, 0.0, 0.0, 1.0],
                [0.805643, 0.546402, 0.228873, 0.124994, 0.051331, -0.44928, 0.891915, -0.002831, 0.590173, -0.706815, -0.390009, -1.2e-05, 0.0, 0.0, 0.0, 1.0],
                [0.81203, 0.541111, 0.218641, 0.124994, 0.058795, -0.448573, 0.891809, -0.002831, 0.580646, -0.71132, -0.396071, -1.2e-05, 0.0, 0.0, 0.0, 1.0],
                [0.817729, 0.535794, 0.21034, 0.124994, 0.066159, -0.45049, 0.890326, -0.002831, 0.571788, -0.714128, -0.403828, -1.2e-05, 0.0, 0.0, 0.0, 1.0],
                [0.822814, 0.530484, 0.203868, 0.124994, 0.073385, -0.454899, 0.887514, -0.002831, 0.563552, -0.715297, -0.413228, -1.2e-05, 0.0, 0.0, 0.0, 1.0],
                [0.827355, 0.525197, 0.199126, 0.124994, 0.080443, -0.461659, 0.883402, -0.002831, 0.555889, -0.714867, -0.424205, -1.2e-05, 0.0, 0.0, 0.0, 1.0],
                [0.831413, 0.519932, 0.196015, 0.124994, 0.087311, -0.470623, 0.878003, -0.002831, 0.548752, -0.712867, -0.43668, -1.2e-05, 0.0, 0.0, 0.0, 1.0],
                [0.835047, 0.514674, 0.194438, 0.124994, 0.093974, -0.48164, 0.871316, -0.002831, 0.542093, -0.709316, -0.450559, -1.2e-05, 0.0, 0.0, 0.0, 1.0],
                [0.838308, 0.509399, 0.194297, 0.124994, 0.100418, -0.494548, 0.863329, -0.002831, 0.535869, -0.704223, -0.465738, -1.2e-05, 0.0, 0.0, 0.0, 1.0],
                [0.841244, 0.504072, 0.195494, 0.124994, 0.106637, -0.50918, 0.854028, -0.002831, 0.530034, -0.697598, -0.482099, -1.2e-05, 0.0, 0.0, 0.0, 1.0],
                [0.843899, 0.498654, 0.197931, 0.124994, 0.112624, -0.525363, 0.843391, -0.002831, 0.524547, -0.689444, -0.499516, -1.2e-05, 0.0, 0.0, 0.0, 1.0],
                [0.846313, 0.4931, 0.201506, 0.124994, 0.118375, -0.542918, 0.8314, -0.002831, 0.519365, -0.679771, -0.517851, -1.2e-05, 0.0, 0.0, 0.0, 1.0],
                [0.848524, 0.487363, 0.206115, 0.124994, 0.123888, -0.561657, 0.818041, -0.002831, 0.51445, -0.668591, -0.53696, -1.2e-05, 0.0, 0.0, 0.0, 1.0],
                [0.850564, 0.481397, 0.211652, 0.124994, 0.129161, -0.58139, 0.803307, -0.002831, 0.509762, -0.655925, -0.556689, -1.2e-05, 0.0, 0.0, 0.0, 1.0],
                [0.852466, 0.475157, 0.218006, 0.124994, 0.134192, -0.601919, 0.7872, -0.002831, 0.505266, -0.641805, -0.57688, -1.2e-05, 0.0, 0.0, 0.0, 1.0],
                [0.854258, 0.468602, 0.225063, 0.124994, 0.138979, -0.623048, 0.769737, -0.002831, 0.500926, -0.626274, -0.597371, -1.2e-05, 0.0, 0.0, 0.0, 1.0],
                [0.855969, 0.461696, 0.232708, 0.124994, 0.143518, -0.644575, 0.750949, -0.002831, 0.496709, -0.609389, -0.618, -1.2e-05, 0.0, 0.0, 0.0, 1.0],
                [0.857623, 0.454409, 0.24082, 0.124994, 0.147808, -0.666302, 0.730885, -0.002831, 0.49258, -0.591227, -0.638603, -1.2e-05, 0.0, 0.0, 0.0, 1.0],
                [0.859244, 0.44672, 0.249276, 0.124994, 0.151844, -0.688035, 0.709612, -0.002831, 0.48851, -0.571877, -0.659024, -1.2e-05, 0.0, 0.0, 0.0, 1.0],
                [0.860855, 0.438618, 0.257955, 0.124994, 0.155621, -0.709586, 0.687217, -0.002831, 0.484468, -0.55145, -0.679112, -1.2e-05, 0.0, 0.0, 0.0, 1.0],
                [0.862477, 0.4301, 0.266732, 0.124994, 0.159133, -0.730776, 0.663808, -0.002831, 0.480426, -0.530072, -0.698723, -1.2e-05, 0.0, 0.0, 0.0, 1.0],
                [0.864129, 0.421174, 0.275486, 0.124994, 0.162374, -0.751438, 0.63951, -0.002831, 0.476357, -0.507886, -0.717729, -1.2e-05, 0.0, 0.0, 0.0, 1.0],
                [0.865828, 0.411861, 0.284096, 0.124994, 0.165335, -0.77142, 0.61447, -0.002831, 0.472234, -0.485053, -0.736015, -1.2e-05, 0.0, 0.0, 0.0, 1.0],
                [0.867593, 0.402191, 0.292445, 0.124994, 0.168009, -0.790588, 0.588847, -0.002831, 0.468033, -0.461745, -0.753482, -1.2e-05, 0.0, 0.0, 0.0, 1.0],
                [0.869438, 0.392203, 0.300422, 0.124994, 0.170388, -0.808825, 0.562821, -0.002831, 0.46373, -0.438148, -0.770052, -1.2e-05, 0.0, 0.0, 0.0, 1.0],
                [0.871373, 0.38195, 0.307932, 0.124994, 0.172459, -0.826037, 0.53658, -0.002831, 0.459311, -0.414455, -0.785659, -1.2e-05, 0.0, 0.0, 0.0, 1.0],
                [0.873388, 0.371499, 0.31493, 0.124994, 0.174197, -0.842151, 0.510328, -0.002831, 0.454805, -0.390853, -0.800241, -1.2e-05, 0.0, 0.0, 0.0, 1.0],
                [0.875467, 0.360923, 0.32139, 0.124994, 0.175579, -0.857116, 0.484274, -0.002831, 0.450255, -0.367536, -0.813749, -1.2e-05, 0.0, 0.0, 0.0, 1.0],
                [0.877592, 0.350298, 0.327295, 0.124994, 0.176583, -0.870901, 0.458635, -0.002831, 0.445701, -0.344699, -0.826156, -1.2e-05, 0.0, 0.0, 0.0, 1.0],
                [0.879748, 0.339701, 0.332635, 0.124994, 0.177194, -0.883496, 0.433628, -0.002831, 0.441186, -0.322541, -0.83745, -1.2e-05, 0.0, 0.0, 0.0, 1.0],
                [0.881916, 0.329209, 0.337409, 0.124994, 0.177402, -0.894907, 0.409471, -0.002831, 0.436752, -0.301261, -0.847638, -1.2e-05, 0.0, 0.0, 0.0, 1.0],
                [0.88408, 0.318897, 0.341624, 0.124994, 0.177199, -0.905157, 0.386378, -0.002831, 0.432439, -0.281053, -0.856741, -1.2e-05, 0.0, 0.0, 0.0, 1.0],
                [0.886222, 0.308841, 0.345292, 0.124994, 0.17658, -0.914282, 0.364561, -0.002831, 0.428286, -0.26211, -0.864794, -1.2e-05, 0.0, 0.0, 0.0, 1.0],
                [0.888328, 0.299112, 0.348432, 0.124994, 0.175545, -0.922329, 0.344224, -0.002831, 0.424331, -0.244617, -0.871841, -1.2e-05, 0.0, 0.0, 0.0, 1.0],
                [0.890382, 0.289777, 0.351068, 0.124994, 0.174096, -0.929352, 0.325563, -0.002831, 0.420607, -0.228756, -0.87793, -1.2e-05, 0.0, 0.0, 0.0, 1.0],
                [0.89237, 0.280903, 0.353225, 0.124994, 0.172234, -0.935411, 0.308769, -0.002831, 0.417145, -0.214698, -0.883116, -1.2e-05, 0.0, 0.0, 0.0, 1.0],
                [0.89428, 0.272551, 0.354935, 0.124994, 0.169962, -0.940564, 0.294022, -0.002831, 0.413975, -0.202611, -0.887453, -1.2e-05, 0.0, 0.0, 0.0, 1.0],
                [0.8961, 0.264778, 0.356226, 0.124994, 0.167286, -0.944866, 0.281495, -0.002831, 0.41112, -0.192655, -0.890991, -1.2e-05, 0.0, 0.0, 0.0, 1.0],
                [0.89782, 0.257638, 0.357129, 0.124994, 0.164207, -0.948367, 0.271353, -0.002831, 0.408601, -0.184983, -0.893771, -1.2e-05, 0.0, 0.0, 0.0, 1.0],
                [0.899431, 0.251182, 0.357673, 0.124994, 0.160727, -0.951103, 0.263755, -0.002831, 0.406435, -0.179741, -0.895826, -1.2e-05, 0.0, 0.0, 0.0, 1.0],
                [0.900938, 0.245216, 0.35802, 0.124994, 0.157118, -0.953385, 0.25762, -0.002831, 0.404503, -0.175847, -0.897471, -1.2e-05, 0.0, 0.0, 0.0, 1.0],
                [0.902355, 0.239509, 0.358315, 0.124994, 0.15365, -0.955513, 0.251758, -0.002831, 0.402673, -0.172119, -0.899016, -1.2e-05, 0.0, 0.0, 0.0, 1.0],
                [0.903686, 0.234055, 0.358564, 0.124994, 0.150321, -0.957499, 0.246163, -0.002831, 0.400941, -0.168553, -0.900465, -1.2e-05, 0.0, 0.0, 0.0, 1.0],
                [0.904937, 0.228846, 0.358773, 0.124994, 0.147129, -0.959349, 0.240827, -0.002831, 0.399302, -0.165147, -0.901823, -1.2e-05, 0.0, 0.0, 0.0, 1.0],
                [0.90611, 0.223877, 0.358946, 0.124994, 0.144071, -0.961074, 0.235745, -0.002831, 0.397752, -0.161897, -0.903096, -1.2e-05, 0.0, 0.0, 0.0, 1.0],
                [0.907212, 0.219141, 0.359087, 0.124994, 0.141144, -0.962681, 0.230909, -0.002831, 0.396288, -0.158799, -0.904289, -1.2e-05, 0.0, 0.0, 0.0, 1.0],
                [0.908245, 0.214631, 0.359199, 0.124994, 0.138347, -0.964178, 0.226311, -0.002831, 0.394906, -0.155851, -0.905406, -1.2e-05, 0.0, 0.0, 0.0, 1.0],
                [0.909213, 0.210341, 0.359287, 0.124994, 0.135676, -0.965571, 0.221946, -0.002831, 0.393602, -0.153049, -0.906451, -1.2e-05, 0.0, 0.0, 0.0, 1.0],
                [0.910121, 0.206265, 0.359353, 0.124994, 0.133129, -0.966868, 0.217806, -0.002831, 0.392373, -0.150388, -0.907429, -1.2e-05, 0.0, 0.0, 0.0, 1.0],
                [0.91097, 0.202396, 0.3594, 0.124994, 0.130702, -0.968074, 0.213884, -0.002831, 0.391216, -0.147867, -0.908342, -1.2e-05, 0.0, 0.0, 0.0, 1.0],
                [0.911765, 0.198729, 0.359432, 0.124994, 0.128394, -0.969194, 0.210175, -0.002831, 0.390127, -0.14548, -0.909195, -1.2e-05, 0.0, 0.0, 0.0, 1.0],
                [0.912507, 0.195258, 0.359449, 0.124994, 0.126201, -0.970235, 0.20667, -0.002831, 0.389105, -0.143225, -0.909991, -1.2e-05, 0.0, 0.0, 0.0, 1.0],
                [0.913201, 0.191975, 0.359456, 0.124994, 0.12412, -0.971202, 0.203365, -0.002831, 0.388146, -0.141097, -0.910733, -1.2e-05, 0.0, 0.0, 0.0, 1.0],
                [0.913849, 0.188876, 0.359452, 0.124994, 0.122149, -0.972098, 0.200252, -0.002831, 0.387246, -0.139093, -0.911424, -1.2e-05, 0.0, 0.0, 0.0, 1.0],
                [0.914452, 0.185955, 0.359441, 0.124994, 0.120285, -0.972929, 0.197326, -0.002831, 0.386405, -0.137209, -0.912067, -1.2e-05, 0.0, 0.0, 0.0, 1.0],
                [0.915014, 0.183205, 0.359424, 0.124994, 0.118524, -0.973698, 0.194579, -0.002831, 0.385618, -0.135442, -0.912663, -1.2e-05, 0.0, 0.0, 0.0, 1.0],
                [0.915536, 0.180622, 0.359401, 0.124994, 0.116864, -0.974409, 0.192006, -0.002831, 0.384885, -0.133787, -0.913217, -1.2e-05, 0.0, 0.0, 0.0, 1.0],
                [0.916021, 0.178199, 0.359375, 0.124994, 0.115302, -0.975066, 0.189601, -0.002831, 0.384201, -0.132241, -0.91373, -1.2e-05, 0.0, 0.0, 0.0, 1.0],
                [0.91647, 0.175931, 0.359346, 0.124994, 0.113834, -0.975672, 0.187357, -0.002831, 0.383566, -0.130801, -0.914204, -1.2e-05, 0.0, 0.0, 0.0, 1.0],
                [0.916886, 0.173813, 0.359316, 0.124994, 0.112459, -0.97623, 0.185269, -0.002831, 0.382977, -0.129462, -0.914641, -1.2e-05, 0.0, 0.0, 0.0, 1.0],
                [0.917271, 0.171838, 0.359285, 0.124994, 0.111172, -0.976743, 0.183331, -0.002831, 0.382432, -0.128221, -0.915044, -1.2e-05, 0.0, 0.0, 0.0, 1.0],
                [0.917625, 0.170003, 0.359253, 0.124994, 0.109972, -0.977214, 0.181536, -0.002831, 0.381929, -0.127073, -0.915414, -1.2e-05, 0.0, 0.0, 0.0, 1.0],
                [0.917951, 0.168301, 0.359222, 0.124994, 0.108854, -0.977645, 0.179879, -0.002831, 0.381466, -0.126016, -0.915753, -1.2e-05, 0.0, 0.0, 0.0, 1.0],
                [0.91825, 0.166726, 0.359192, 0.124994, 0.107817, -0.97804, 0.178354, -0.002831, 0.381041, -0.125046, -0.916063, -1.2e-05, 0.0, 0.0, 0.0, 1.0],
                [0.918523, 0.165275, 0.359163, 0.124994, 0.106856, -0.978399, 0.176956, -0.002831, 0.380652, -0.124159, -0.916345, -1.2e-05, 0.0, 0.0, 0.0, 1.0],
                [0.918773, 0.163942, 0.359136, 0.124994, 0.10597, -0.978725, 0.175679, -0.002831, 0.380297, -0.12335, -0.916602, -1.2e-05, 0.0, 0.0, 0.0, 1.0],
                [0.919, 0.162721, 0.359111, 0.124994, 0.105155, -0.979021, 0.174516, -0.002831, 0.379975, -0.122617, -0.916834, -1.2e-05, 0.0, 0.0, 0.0, 1.0],
                [0.919205, 0.161608, 0.359088, 0.124994, 0.104408, -0.979288, 0.173464, -0.002831, 0.379684, -0.121956, -0.917042, -1.2e-05, 0.0, 0.0, 0.0, 1.0],
                [0.91939, 0.160597, 0.359068, 0.124994, 0.103727, -0.979528, 0.172515, -0.002831, 0.379423, -0.121363, -0.917229, -1.2e-05, 0.0, 0.0, 0.0, 1.0],
                [0.919556, 0.159683, 0.359049, 0.124994, 0.103108, -0.979743, 0.171665, -0.002831, 0.379188, -0.120834, -0.917396, -1.2e-05, 0.0, 0.0, 0.0, 1.0],
                [0.919705, 0.158863, 0.359033, 0.124994, 0.102548, -0.979934, 0.170908, -0.002831, 0.37898, -0.120366, -0.917544, -1.2e-05, 0.0, 0.0, 0.0, 1.0],
                [0.919837, 0.158129, 0.359019, 0.124994, 0.102045, -0.980103, 0.170238, -0.002831, 0.378796, -0.119954, -0.917674, -1.2e-05, 0.0, 0.0, 0.0, 1.0],
                [0.919953, 0.157478, 0.359008, 0.124994, 0.101596, -0.980251, 0.169651, -0.002831, 0.378634, -0.119596, -0.917787, -1.2e-05, 0.0, 0.0, 0.0, 1.0],
                [0.920054, 0.156905, 0.358998, 0.124994, 0.101197, -0.980381, 0.16914, -0.002831, 0.378494, -0.119288, -0.917885, -1.2e-05, 0.0, 0.0, 0.0, 1.0],
                [0.920143, 0.156405, 0.358991, 0.124994, 0.100846, -0.980493, 0.1687, -0.002831, 0.378374, -0.119025, -0.917969, -1.2e-05, 0.0, 0.0, 0.0, 1.0],
                [0.920218, 0.155972, 0.358985, 0.124994, 0.10054, -0.980588, 0.168327, -0.002831, 0.378272, -0.118804, -0.91804, -1.2e-05, 0.0, 0.0, 0.0, 1.0],
                [0.920282, 0.155603, 0.358981, 0.124994, 0.100276, -0.980669, 0.168014, -0.002831, 0.378186, -0.118622, -0.918098, -1.2e-05, 0.0, 0.0, 0.0, 1.0],
                [0.920336, 0.155291, 0.358979, 0.124994, 0.10005, -0.980736, 0.167756, -0.002831, 0.378115, -0.118475, -0.918146, -1.2e-05, 0.0, 0.0, 0.0, 1.0],
                [0.92038, 0.155033, 0.358978, 0.124994, 0.099861, -0.980791, 0.167548, -0.002831, 0.378058, -0.118359, -0.918185, -1.2e-05, 0.0, 0.0, 0.0, 1.0],
                [0.920415, 0.154823, 0.358978, 0.124994, 0.099705, -0.980835, 0.167384, -0.002831, 0.378014, -0.11827, -0.918215, -1.2e-05, 0.0, 0.0, 0.0, 1.0],
                [0.920443, 0.154657, 0.358979, 0.124994, 0.099579, -0.980869, 0.16726, -0.002831, 0.37798, -0.118205, -0.918237, -1.2e-05, 0.0, 0.0, 0.0, 1.0],
                [0.920463, 0.15453, 0.35898, 0.124994, 0.09948, -0.980895, 0.167169, -0.002831, 0.377955, -0.118161, -0.918253, -1.2e-05, 0.0, 0.0, 0.0, 1.0],
                [0.920478, 0.154437, 0.358982, 0.124994, 0.099406, -0.980913, 0.167106, -0.002831, 0.377938, -0.118132, -0.918264, -1.2e-05, 0.0, 0.0, 0.0, 1.0],
                [0.920488, 0.154372, 0.358984, 0.124994, 0.099354, -0.980925, 0.167067, -0.002831, 0.377927, -0.118116, -0.91827, -1.2e-05, 0.0, 0.0, 0.0, 1.0],
                [0.920495, 0.154332, 0.358985, 0.124994, 0.09932, -0.980932, 0.167046, -0.002831, 0.377921, -0.11811, -0.918273, -1.2e-05, 0.0, 0.0, 0.0, 1.0],
                [0.920497, 0.154312, 0.358987, 0.124994, 0.099302, -0.980935, 0.167037, -0.002831, 0.377919, -0.118108, -0.918275, -1.2e-05, 0.0, 0.0, 0.0, 1.0],
                [0.920498, 0.154306, 0.358987, 0.124994, 0.099296, -0.980936, 0.167035, -0.002831, 0.377918, -0.118109, -0.918275, -1.2e-05, 0.0, 0.0, 0.0, 1.0]
            ]
        },
        {
            "name": "Leg_R",
            "time": [0.0, 0.0167, 0.0333, 0.05, 0.0667, 0.0833, 0.1, 0.1167, 0.1333, 0.15, 0.1667, 0.1833, 0.2, 0.2167, 0.2333, 0.25, 0.2667, 0.2833, 0.3, 0.3167, 0.3333, 0.35, 0.3667, 0.3833, 0.4, 0.4167, 0.4333, 0.45, 0.4667, 0.4833, 0.5, 0.5167, 0.5333, 0.55, 0.5667, 0.5833, 0.6, 0.6167, 0.6333, 0.65, 0.6667, 0.6833, 0.7, 0.7167, 0.7333, 0.75, 0.7667, 0.7833, 0.8, 0.8167, 0.8333, 0.85, 0.8667, 0.8833, 0.9, 0.9167, 0.9333, 0.95, 0.9667, 0.9833, 1.0, 1.0167, 1.0333, 1.05, 1.0667, 1.0833, 1.1, 1.1167, 1.1333, 1.15, 1.1667, 1.1833, 1.2, 1.2167, 1.2333, 1.25, 1.2667, 1.2833, 1.3, 1.3167, 1.3333, 1.35, 1.3667, 1.3833, 1.4, 1.4167, 1.4333, 1.45, 1.4667, 1.4833, 1.5, 1.5167, 1.5333, 1.55, 1.5667, 1.5833, 1.6, 1.6167, 1.6333, 1.65, 1.6667, 1.6833, 1.7, 1.7167, 1.7333, 1.75, 1.7667, 1.7833, 1.8, 1.8167, 1.8333],
            "transform": [
                [1.0, -0.0, 1e-06, 0.0, -0.0, 0.9195, 0.393092, 0.37472, -1e-06, -0.393093, 0.919498, 0.0, 0.0, 0.0, 0.0, 1.0],
                [1.0, -0.0, 1e-06, -0.0, -0.0, 0.916357, 0.400364, 0.37472, -1e-06, -0.400365, 0.916355, -0.0, 0.0, 0.0, 0.0, 1.0],
                [1.0, -0.0, 1e-06, -0.0, -0.0, 0.907523, 0.420004, 0.37472, -1e-06, -0.420004, 0.907522, 0.0, 0.0, 0.0, 0.0, 1.0],
                [1.0, -0.0, 1e-06, 0.0, -0.0, 0.893704, 0.448658, 0.37472, -1e-06, -0.448659, 0.893703, 0.0, 0.0, 0.0, 0.0, 1.0],
                [1.0, -0.0, 1e-06, 0.0, -0.0, 0.875659, 0.48293, 0.37472, -1e-06, -0.482931, 0.875658, 0.0, 0.0, 0.0, 0.0, 1.0],
                [1.0, -0.0, 1e-06, 0.0, -0.0, 0.85448, 0.519485, 0.37472, -1e-06, -0.519486, 0.854478, 0.0, 0.0, 0.0, 0.0, 1.0],
                [1.0, -0.0, 1e-06, -0.0, -0.0, 0.831739, 0.555168, 0.37472, -1e-06, -0.555169, 0.831737, 0.0, 0.0, 0.0, 0.0, 1.0],
                [1.0, -0.0, 1e-06, 0.0, -0.0, 0.809512, 0.587103, 0.37472, -1e-06, -0.587104, 0.809511, 0.0, 0.0, 0.0, 0.0, 1.0],
                [1.0, -0.0, 1e-06, 0.0, -0.0, 0.790289, 0.612735, 0.37472, -1e-06, -0.612736, 0.790288, -0.0, 0.0, 0.0, 0.0, 1.0],
                [1.0, -0.0, 1e-06, 0.0, -0.0, 0.776788, 0.629763, 0.37472, -1e-06, -0.629764, 0.776786, -0.0, 0.0, 0.0, 0.0, 1.0],
                [1.0, -0.0, 1e-06, 0.0, -0.0, 0.771722, 0.63596, 0.37472, -1e-06, -0.63596, 0.771721, 0.0, 0.0, 0.0, 0.0, 1.0],
                [1.0, -0.0, 1e-06, -0.0, -0.0, 0.794049, 0.607854, 0.37472, -1e-06, -0.607855, 0.794048, -0.0, 0.0, 0.0, 0.0, 1.0],
                [1.0, -0.0, 1e-06, 0.0, -0.0, 0.84025, 0.5422, 0.37472, -1e-06, -0.5422, 0.840249, 0.0, 0.0, 0.0, 0.0, 1.0],
                [1.0, -0.0, 1e-06, 0.0, -0.0, 0.881821, 0.471586, 0.37472, -1e-06, -0.471586, 0.881819, 0.0, 0.0, 0.0, 0.0, 1.0],
                [1.0, -0.0, 1e-06, -0.0, -0.0, 0.898988, 0.437973, 0.37472, -1e-06, -0.437974, 0.898987, 0.0, 0.0, 0.0, 0.0, 1.0],
                [1.0, -0.0, 1e-06, 0.0, -0.0, 0.881354, 0.472457, 0.37472, -1e-06, -0.472458, 0.881353, 0.0, 0.0, 0.0, 0.0, 1.0],
                [1.0, -0.0, 1e-06, 0.0, -0.0, 0.831081, 0.556152, 0.37472, -1e-06, -0.556153, 0.83108, 0.0, 0.0, 0.0, 0.0, 1.0],
                [1.0, -0.0, 1e-06, -0.0, -0.0, 0.753188, 0.657806, 0.37472, -1e-06, -0.657807, 0.753187, 0.0, 0.0, 0.0, 0.0, 1.0],
                [1.0, -0.0, 1e-06, 0.0, -0.0, 0.662662, 0.748918, 0.37472, -1e-06, -0.748919, 0.662661, -0.0, 0.0, 0.0, 0.0, 1.0],
                [1.0, -0.0, 1e-06, -0.0, -0.0, 0.585836, 0.810429, 0.37472, -1e-06, -0.81043, 0.585835, -0.0, 0.0, 0.0, 0.0, 1.0],
                [1.0, -0.0, 1e-06, -0.0, -0.0, 0.553656, 0.832745, 0.37472, -1e-06, -0.832746, 0.553655, 0.0, 0.0, 0.0, 0.0, 1.0],
                [1.0, -0.0, 1e-06, 0.0, -0.0, 0.567178, 0.823595, 0.37472, -1e-06, -0.823596, 0.567177, -0.0, 0.0, 0.0, 0.0, 1.0],
                [1.0, -0.0, 1e-06, -0.0, -0.0, 0.599064, 0.800701, 0.37472, -1e-06, -0.800702, 0.599063, 0.0, 0.0, 0.0, 0.0, 1.0],
                [1.0, -0.0, 1e-06, -0.0, -0.0, 0.636348, 0.771402, 0.37472, -1e-06, -0.771403, 0.636347, 0.0, 0.0, 0.0, 0.0, 1.0],
                [1.0, -0.0, 1e-06, 0.0, -0.0, 0.666821, 0.745218, 0.37472, -1e-06, -0.745219, 0.66682, 0.0, 0.0, 0.0, 0.0, 1.0],
                [1.0, -0.0, 1e-06, -0.0, -0.0, 0.679367, 0.733799, 0.37472, -1e-06, -0.7338, 0.679366, -0.0, 0.0, 0.0, 0.0, 1.0],
                [1.0, -0.0, 1e-06, 0.0, -0.0, 0.673533, 0.739157, 0.37472, -1e-06, -0.739158, 0.673532, -0.0, 0.0, 0.0, 0.0, 1.0],
                [1.0, -0.0, 1e-06, 0.0, -0.0, 0.65727, 0.753655, 0.37472, -1e-06, -0.753656, 0.657269, -0.0, 0.0, 0.0, 0.0, 1.0],
                [1.0, -0.0, 1e-06, -0.0, -0.0, 0.632254, 0.774761, 0.37472, -1e-06, -0.774762, 0.632253, -0.0, 0.0, 0.0, 0.0, 1.0],
                [1.0, -0.0, 1e-06, 0.0, -0.0, 0.600172, 0.799871, 0.37472, -1e-06, -0.799872, 0.600171, -0.0, 0.0, 0.0, 0.0, 1.0],
                [1.0, -0.0, 1e-06, -0.0, -0.0, 0.562971, 0.826476, 0.37472, -1e-06, -0.826478, 0.562971, 0.0, 0.0, 0.0, 0.0, 1.0],
                [1.0, -0.0, 1e-06, -0.0, -0.0, 0.522988, 0.85234, 0.37472, -1e-06, -0.852341, 0.522987, 0.0, 0.0, 0.0, 0.0, 1.0],
                [1.0, -0.0, 1e-06, 0.0, -0.0, 0.482976, 0.875633, 0.37472, -1e-06, -0.875634, 0.482975, -0.0, 0.0, 0.0, 0.0, 1.0],
                [1.0, -1e-06, 1e-06, -0.0, -0.0, 0.446038, 0.895013, 0.37472, -1e-06, -0.895015, 0.446038, 0.0, 0.0, 0.0, 0.0, 1.0],
                [1.0, -1e-06, 1e-06, 0.0, -0.0, 0.4155, 0.909593, 0.37472, -1e-06, -0.909594, 0.415499, -0.0, 0.0, 0.0, 0.0, 1.0],
                [1.0, -1e-06, 1e-06, 0.0, -0.0, 0.394758, 0.918784, 0.37472, -1e-06, -0.918786, 0.394758, 0.0, 0.0, 0.0, 0.0, 1.0],
                [1.0, -1e-06, 0.0, -0.0, -0.0, 0.387137, 0.922022, 0.37472, -1e-06, -0.922023, 0.387136, -0.0, 0.0, 0.0, 0.0, 1.0],
