{
    "animation": [
        {
            "name": "Root",
            "time": [0.0, 0.0167, 0.0333, 0.05, 0.0667, 0.0833, 0.1, 0.1167, 0.1333, 0.15, 0.1667, 0.1833, 0.2, 0.2167, 0.2333, 0.25, 0.2667, 0.2833, 0.3, 0.3167, 0.3333, 0.35, 0.3667, 0.3833, 0.4, 0.4167, 0.4333, 0.45, 0.4667, 0.4833, 0.5, 0.5167, 0.5333, 0.55, 0.5667, 0.5833, 0.6, 0.6167, 0.6333, 0.65, 0.6667, 0.6833, 0.7, 0.7167, 0.7333, 0.75, 0.7667, 0.7833, 0.8, 0.8167, 0.8333, 0.85, 0.8667, 0.8833, 0.9, 0.9167, 0.9333, 0.95, 0.9667, 0.9833, 1.0, 1.0167, 1.0333, 1.05, 1.0667, 1.0833, 1.1, 1.1167, 1.1333, 1.15, 1.1667, 1.1833, 1.2, 1.2167, 1.2333, 1.25, 1.2667, 1.2833, 1.3, 1.3167, 1.3333, 1.35, 1.3667, 1.3833, 1.4, 1.4167, 1.4333, 1.45, 1.4667, 1.4833, 1.5, 1.5167, 1.5333, 1.55, 1.5667, 1.5833, 1.6, 1.6167, 1.6333, 1.65, 1.6667, 1.6833, 1.7, 1.7167, 1.7333, 1.75, 1.7667, 1.7833, 1.8, 1.8167, 1.8333, 1.85, 1.8667, 1.8833, 1.9, 1.9167, 1.9333, 1.95, 1.9667, 1.9833, 2.0, 2.0167, 2.0333, 2.05, 2.0667, 2.0833, 2.1, 2.1167, 2.1333, 2.15, 2.1667, 2.1833, 2.2, 2.2167, 2.2333, 2.25, 2.2667, 2.2833, 2.3, 2.3167, 2.3333, 2.35, 2.3667, 2.3833, 2.4, 2.4167, 2.4333, 2.45, 2.4667, 2.4833, 2.5, 2.5167, 2.5333, 2.55, 2.5667, 2.5833, 2.6, 2.6167, 2.6333, 2.65, 2.6667, 2.6833],
            "transform": [
                [0.849401, 0.0, -0.527748, -5e-06, -0.527748, 0.0, -0.849401, 0.000946, 0.0, 1.0, 0.0, 0.535063, 0.0, 0.0, 0.0, 1.0],
                [0.852307, 0.0, -0.523042, -5e-06, -0.523042, 0.0, -0.852307, 0.007628, 0.0, 1.0, 0.0, 0.533013, 0.0, 0.0, 0.0, 1.0],
                [0.860295, 0.0, -0.509797, -5e-06, -0.509797, 0.0, -0.860295, 0.026268, 0.0, 1.0, 0.0, 0.52739, 0.0, 0.0, 0.0, 1.0],
                [0.872148, 0.0, -0.489243, -5e-06, -0.489243, 0.0, -0.872148, 0.05476, 0.0, 1.0, 0.0, 0.51899, 0.0, 0.0, 0.0, 1.0],
                [0.886572, 0.0, -0.462591, -5e-06, -0.462591, 0.0, -0.886572, 0.091, 0.0, 1.0, 0.0, 0.508604, 0.0, 0.0, 0.0, 1.0],
                [0.902292, 0.0, -0.431126, -5e-06, -0.431126, 0.0, -0.902292, 0.13288, 0.0, 1.0, 0.0, 0.497029, 0.0, 0.0, 0.0, 1.0],
                [0.918137, 0.0, -0.396264, -5e-06, -0.396264, 0.0, -0.918137, 0.178295, 0.0, 1.0, 0.0, 0.485056, 0.0, 0.0, 0.0, 1.0],
                [0.933117, 0.0, -0.359574, -5e-06, -0.359574, 0.0, -0.933117, 0.225139, 0.0, 1.0, 0.0, 0.47348, 0.0, 0.0, 0.0, 1.0],
                [0.946478, 0.0, -0.322767, -5e-06, -0.322767, 0.0, -0.946478, 0.271306, 0.0, 1.0, 0.0, 0.463095, 0.0, 0.0, 0.0, 1.0],
                [0.957732, 0.0, -0.28766, -5e-06, -0.28766, 0.0, -0.957732, 0.314691, 0.0, 1.0, 0.0, 0.454694, 0.0, 0.0, 0.0, 1.0],
                [0.966643, 0.0, -0.256126, -5e-06, -0.256126, 0.0, -0.966643, 0.353186, 0.0, 1.0, 0.0, 0.449072, 0.0, 0.0, 0.0, 1.0],
                [0.973181, 0.0, -0.230041, -5e-06, -0.230041, 0.0, -0.973181, 0.384687, 0.0, 1.0, 0.0, 0.447021, 0.0, 0.0, 0.0, 1.0],
                [0.977562, 0.0, -0.210648, -5e-06, -0.210648, 0.0, -0.977562, 0.407895, 0.0, 1.0, 0.0, 0.449494, 0.0, 0.0, 0.0, 1.0],
                [0.98045, 0.0, -0.196769, -5e-06, -0.196769, 0.0, -0.98045, 0.424736, 0.0, 1.0, 0.0, 0.456329, 0.0, 0.0, 0.0, 1.0],
                [0.98244, 0.0, -0.186577, -5e-06, -0.186577, 0.0, -0.98244, 0.437947, 0.0, 1.0, 0.0, 0.466654, 0.0, 0.0, 0.0, 1.0],
                [0.983988, 0.0, -0.178232, -5e-06, -0.178232, 0.0, -0.983988, 0.450262, 0.0, 1.0, 0.0, 0.479597, 0.0, 0.0, 0.0, 1.0],
                [0.985462, 0.0, -0.169893, -5e-06, -0.169893, 0.0, -0.985462, 0.464416, 0.0, 1.0, 0.0, 0.494285, 0.0, 0.0, 0.0, 1.0],
                [0.987161, 0.0, -0.159727, -5e-06, -0.159727, 0.0, -0.987161, 0.483145, 0.0, 1.0, 0.0, 0.509846, 0.0, 0.0, 0.0, 1.0],
                [0.9893, 0.0, -0.145897, -5e-06, -0.145897, 0.0, -0.9893, 0.509182, 0.0, 1.0, 0.0, 0.525407, 0.0, 0.0, 0.0, 1.0],
                [0.99196, 0.0, -0.126554, -5e-06, -0.126554, 0.0, -0.99196, 0.545263, 0.0, 1.0, 0.0, 0.540095, 0.0, 0.0, 0.0, 1.0],
                [0.995006, 0.0, -0.099818, -5e-06, -0.099818, 0.0, -0.995006, 0.594123, 0.0, 1.0, 0.0, 0.553038, 0.0, 0.0, 0.0, 1.0],
                [0.997964, 0.0, -0.063779, -5e-06, -0.063779, 0.0, -0.997964, 0.658496, 0.0, 1.0, 0.0, 0.563364, 0.0, 0.0, 0.0, 1.0],
                [0.999864, 0.0, -0.016523, -5e-06, -0.016523, 0.0, -0.999864, 0.741119, 0.0, 1.0, 0.0, 0.570199, 0.0, 0.0, 0.0, 1.0],
                [0.999042, 0.0, 0.04377, -5e-06, 0.04377, 0.0, -0.999042, 0.844725, 0.0, 1.0, 0.0, 0.572671, 0.0, 0.0, 0.0, 1.0],
                [0.99207, 0.0, 0.125683, -5e-06, 0.125683, 0.0, -0.99207, 0.984573, 0.0, 1.0, 0.0, 0.562604, 0.0, 0.0, 0.0, 1.0],
                [0.97406, 0.0, 0.226289, -5e-06, 0.226289, 0.0, -0.97406, 1.155516, 0.0, 1.0, 0.0, 0.536185, 0.0, 0.0, 0.0, 1.0],
                [0.944141, 0.0, 0.329542, -5e-06, 0.329542, 0.0, -0.944141, 1.329679, 0.0, 1.0, 0.0, 0.499088, 0.0, 0.0, 0.0, 1.0],
                [0.9074, 0.0, 0.420269, -5e-06, 0.420269, 0.0, -0.9074, 1.479187, 0.0, 1.0, 0.0, 0.456989, 0.0, 0.0, 0.0, 1.0],
                [0.874046, 0.0, 0.485842, -5e-06, 0.485842, 0.0, -0.874046, 1.576165, 0.0, 1.0, 0.0, 0.415561, 0.0, 0.0, 0.0, 1.0],
                [0.84757, 0.0, 0.530683, -5e-06, 0.530683, 0.0, -0.84757, 1.63229, 0.0, 1.0, 0.0, 0.379447, 0.0, 0.0, 0.0, 1.0],
                [0.823687, 0.0, 0.567045, -5e-06, 0.567045, 0.0, -0.823687, 1.678507, 0.0, 1.0, 0.0, 0.349165, 0.0, 0.0, 0.0, 1.0],
                [0.802935, 0.0, 0.596067, -5e-06, 0.596067, 0.0, -0.802935, 1.715843, 0.0, 1.0, 0.0, 0.324202, 0.0, 0.0, 0.0, 1.0],
                [0.785547, 0.0, 0.618801, -5e-06, 0.618801, 0.0, -0.785547, 1.745327, 0.0, 1.0, 0.0, 0.304046, 0.0, 0.0, 0.0, 1.0],
                [0.771524, 0.0, 0.6362, -5e-06, 0.6362, 0.0, -0.771524, 1.767986, 0.0, 1.0, 0.0, 0.288182, 0.0, 0.0, 0.0, 1.0],
                [0.760692, 0.0, 0.649113, -5e-06, 0.649113, 0.0, -0.760692, 1.784848, 0.0, 1.0, 0.0, 0.276099, 0.0, 0.0, 0.0, 1.0],
                [0.752753, 0.0, 0.658303, -5e-06, 0.658303, 0.0, -0.752753, 1.796942, 0.0, 1.0, 0.0, 0.267282, 0.0, 0.0, 0.0, 1.0],
                [0.747325, 0.0, 0.664459, -5e-06, 0.664459, 0.0, -0.747325, 1.805294, 0.0, 1.0, 0.0, 0.261219, 0.0, 0.0, 0.0, 1.0],
                [0.743964, 0.0, 0.66822, -5e-06, 0.66822, 0.0, -0.743964, 1.810933, 0.0, 1.0, 0.0, 0.257396, 0.0, 0.0, 0.0, 1.0],
                [0.74219, 0.0, 0.670189, -5e-06, 0.670189, 0.0, -0.74219, 1.814888, 0.0, 1.0, 0.0, 0.255301, 0.0, 0.0, 0.0, 1.0],
                [0.741502, 0.0, 0.670951, -5e-06, 0.670951, 0.0, -0.741502, 1.818185, 0.0, 1.0, 0.0, 0.25442, 0.0, 0.0, 0.0, 1.0],
                [0.741387, 0.0, 0.671077, -5e-06, 0.671077, 0.0, -0.741387, 1.821853, 0.0, 1.0, 0.0, 0.254241, 0.0, 0.0, 0.0, 1.0],
                [0.741387, 0.0, 0.671077, -5e-06, 0.671077, 0.0, -0.741387, 1.826735, 0.0, 1.0, 0.0, 0.254343, 0.0, 0.0, 0.0, 1.0],
                [0.741387, 0.0, 0.671077, -5e-06, 0.671077, 0.0, -0.741387, 1.832941, 0.0, 1.0, 0.0, 0.254649, 0.0, 0.0, 0.0, 1.0],
                [0.741387, 0.0, 0.671077, -5e-06, 0.671077, 0.0, -0.741387, 1.840396, 0.0, 1.0, 0.0, 0.255155, 0.0, 0.0, 0.0, 1.0],
                [0.741387, 0.0, 0.671077, -5e-06, 0.671077, 0.0, -0.741387, 1.849023, 0.0, 1.0, 0.0, 0.255856, 0.0, 0.0, 0.0, 1.0],
                [0.741387, 0.0, 0.671077, -5e-06, 0.671077, 0.0, -0.741387, 1.858748, 0.0, 1.0, 0.0, 0.256751, 0.0, 0.0, 0.0, 1.0],
                [0.741387, 0.0, 0.671077, -5e-06, 0.671077, 0.0, -0.741387, 1.869496, 0.0, 1.0, 0.0, 0.257834, 0.0, 0.0, 0.0, 1.0],
                [0.741387, 0.0, 0.671077, -5e-06, 0.671077, 0.0, -0.741387, 1.881192, 0.0, 1.0, 0.0, 0.259104, 0.0, 0.0, 0.0, 1.0],
                [0.741387, 0.0, 0.671077, -5e-06, 0.671077, 0.0, -0.741387, 1.89376, 0.0, 1.0, 0.0, 0.260556, 0.0, 0.0, 0.0, 1.0],
                [0.741387, 0.0, 0.671077, -5e-06, 0.671077, 0.0, -0.741387, 1.907125, 0.0, 1.0, 0.0, 0.262187, 0.0, 0.0, 0.0, 1.0],
                [0.741387, 0.0, 0.671077, -5e-06, 0.671077, 0.0, -0.741387, 1.921212, 0.0, 1.0, 0.0, 0.263993, 0.0, 0.0, 0.0, 1.0],
                [0.741387, 0.0, 0.671077, -5e-06, 0.671077, 0.0, -0.741387, 1.935946, 0.0, 1.0, 0.0, 0.265971, 0.0, 0.0, 0.0, 1.0],
                [0.741387, 0.0, 0.671077, -5e-06, 0.671077, 0.0, -0.741387, 1.951252, 0.0, 1.0, 0.0, 0.268118, 0.0, 0.0, 0.0, 1.0],
                [0.741387, 0.0, 0.671077, -5e-06, 0.671077, 0.0, -0.741387, 1.967054, 0.0, 1.0, 0.0, 0.27043, 0.0, 0.0, 0.0, 1.0],
                [0.741387, 0.0, 0.671077, -5e-06, 0.671077, 0.0, -0.741387, 1.983277, 0.0, 1.0, 0.0, 0.272903, 0.0, 0.0, 0.0, 1.0],
                [0.741387, 0.0, 0.671077, -5e-06, 0.671077, 0.0, -0.741387, 1.999847, 0.0, 1.0, 0.0, 0.275534, 0.0, 0.0, 0.0, 1.0],
                [0.741387, 0.0, 0.671077, -5e-06, 0.671077, 0.0, -0.741387, 2.016688, 0.0, 1.0, 0.0, 0.278321, 0.0, 0.0, 0.0, 1.0],
                [0.741387, 0.0, 0.671077, -5e-06, 0.671077, 0.0, -0.741387, 2.033724, 0.0, 1.0, 0.0, 0.281258, 0.0, 0.0, 0.0, 1.0],
                [0.741387, 0.0, 0.671077, -5e-06, 0.671077, 0.0, -0.741387, 2.050882, 0.0, 1.0, 0.0, 0.284343, 0.0, 0.0, 0.0, 1.0],
                [0.741387, 0.0, 0.671077, -5e-06, 0.671077, 0.0, -0.741387, 2.068084, 0.0, 1.0, 0.0, 0.287573, 0.0, 0.0, 0.0, 1.0],
                [0.741387, 0.0, 0.671077, -5e-06, 0.671077, 0.0, -0.741387, 2.085257, 0.0, 1.0, 0.0, 0.290943, 0.0, 0.0, 0.0, 1.0],
                [0.741387, 0.0, 0.671077, -5e-06, 0.671077, 0.0, -0.741387, 2.102325, 0.0, 1.0, 0.0, 0.294451, 0.0, 0.0, 0.0, 1.0],
                [0.741387, 0.0, 0.671077, -5e-06, 0.671077, 0.0, -0.741387, 2.119212, 0.0, 1.0, 0.0, 0.298093, 0.0, 0.0, 0.0, 1.0],
                [0.741387, 0.0, 0.671077, -5e-06, 0.671077, 0.0, -0.741387, 2.135845, 0.0, 1.0, 0.0, 0.301865, 0.0, 0.0, 0.0, 1.0],
                [0.741387, 0.0, 0.671077, -5e-06, 0.671077, 0.0, -0.741387, 2.152148, 0.0, 1.0, 0.0, 0.305764, 0.0, 0.0, 0.0, 1.0],
                [0.741387, 0.0, 0.671077, -5e-06, 0.671077, 0.0, -0.741387, 2.168044, 0.0, 1.0, 0.0, 0.309787, 0.0, 0.0, 0.0, 1.0],
                [0.741387, 0.0, 0.671077, -5e-06, 0.671077, 0.0, -0.741387, 2.18346, 0.0, 1.0, 0.0, 0.313929, 0.0, 0.0, 0.0, 1.0],
                [0.741387, 0.0, 0.671077, -5e-06, 0.671077, 0.0, -0.741387, 2.19832, 0.0, 1.0, 0.0, 0.318189, 0.0, 0.0, 0.0, 1.0],
                [0.741387, 0.0, 0.671077, -5e-06, 0.671077, 0.0, -0.741387, 2.212548, 0.0, 1.0, 0.0, 0.322561, 0.0, 0.0, 0.0, 1.0],
                [0.741387, 0.0, 0.671077, -5e-06, 0.671077, 0.0, -0.741387, 2.226071, 0.0, 1.0, 0.0, 0.327044, 0.0, 0.0, 0.0, 1.0],
                [0.741387, 0.0, 0.671077, -5e-06, 0.671077, 0.0, -0.741387, 2.238812, 0.0, 1.0, 0.0, 0.331632, 0.0, 0.0, 0.0, 1.0],
                [0.741387, 0.0, 0.671077, -5e-06, 0.671077, 0.0, -0.741387, 2.250696, 0.0, 1.0, 0.0, 0.336324, 0.0, 0.0, 0.0, 1.0],
                [0.741387, 0.0, 0.671077, -5e-06, 0.671077, 0.0, -0.741387, 2.261649, 0.0, 1.0, 0.0, 0.341114, 0.0, 0.0, 0.0, 1.0],
                [0.741387, 0.0, 0.671077, -5e-06, 0.671077, 0.0, -0.741387, 2.271595, 0.0, 1.0, 0.0, 0.346001, 0.0, 0.0, 0.0, 1.0],
                [0.741387, 0.0, 0.671077, -5e-06, 0.671077, 0.0, -0.741387, 2.280458, 0.0, 1.0, 0.0, 0.35098, 0.0, 0.0, 0.0, 1.0],
                [0.741387, 0.0, 0.671077, -5e-06, 0.671077, 0.0, -0.741387, 2.288164, 0.0, 1.0, 0.0, 0.356048, 0.0, 0.0, 0.0, 1.0],
                [0.741387, 0.0, 0.671077, -5e-06, 0.671077, 0.0, -0.741387, 2.294637, 0.0, 1.0, 0.0, 0.361201, 0.0, 0.0, 0.0, 1.0],
                [0.741387, 0.0, 0.671077, -5e-06, 0.671077, 0.0, -0.741387, 2.299803, 0.0, 1.0, 0.0, 0.366436, 0.0, 0.0, 0.0, 1.0],
                [0.741387, 0.0, 0.671077, -5e-06, 0.671077, 0.0, -0.741387, 2.303586, 0.0, 1.0, 0.0, 0.37175, 0.0, 0.0, 0.0, 1.0],
                [0.741387, 0.0, 0.671077, -5e-06, 0.671077, 0.0, -0.741387, 2.305911, 0.0, 1.0, 0.0, 0.37714, 0.0, 0.0, 0.0, 1.0],
                [0.741387, 0.0, 0.671077, -5e-06, 0.671077, 0.0, -0.741387, 2.306703, 0.0, 1.0, 0.0, 0.3826, 0.0, 0.0, 0.0, 1.0],
                [0.741612, 0.0, 0.67083, -5e-06, 0.67083, 0.0, -0.741612, 2.306703, 0.0, 1.0, 0.0, 0.388129, 0.0, 0.0, 0.0, 1.0],
                [0.742277, 0.0, 0.670094, -5e-06, 0.670094, 0.0, -0.742277, 2.306703, 0.0, 1.0, 0.0, 0.393723, 0.0, 0.0, 0.0, 1.0],
                [0.74337, 0.0, 0.668881, -5e-06, 0.668881, 0.0, -0.74337, 2.306703, 0.0, 1.0, 0.0, 0.399378, 0.0, 0.0, 0.0, 1.0],
                [0.744878, 0.0, 0.667201, -5e-06, 0.667201, 0.0, -0.744878, 2.306703, 0.0, 1.0, 0.0, 0.405091, 0.0, 0.0, 0.0, 1.0],
                [0.746787, 0.0, 0.665063, -5e-06, 0.665063, 0.0, -0.746787, 2.306703, 0.0, 1.0, 0.0, 0.410859, 0.0, 0.0, 0.0, 1.0],
                [0.749083, 0.0, 0.662476, -5e-06, 0.662476, 0.0, -0.749083, 2.306703, 0.0, 1.0, 0.0, 0.416677, 0.0, 0.0, 0.0, 1.0],
                [0.751751, 0.0, 0.659447, -5e-06, 0.659447, 0.0, -0.751751, 2.306703, 0.0, 1.0, 0.0, 0.422543, 0.0, 0.0, 0.0, 1.0],
                [0.754774, 0.0, 0.655985, -5e-06, 0.655985, 0.0, -0.754774, 2.306703, 0.0, 1.0, 0.0, 0.428454, 0.0, 0.0, 0.0, 1.0],
                [0.758137, 0.0, 0.652095, -5e-06, 0.652095, 0.0, -0.758137, 2.306703, 0.0, 1.0, 0.0, 0.434405, 0.0, 0.0, 0.0, 1.0],
                [0.761824, 0.0, 0.647784, -5e-06, 0.647784, 0.0, -0.761824, 2.306703, 0.0, 1.0, 0.0, 0.440394, 0.0, 0.0, 0.0, 1.0],
                [0.765817, 0.0, 0.643058, -5e-06, 0.643058, 0.0, -0.765817, 2.306703, 0.0, 1.0, 0.0, 0.446417, 0.0, 0.0, 0.0, 1.0],
                [0.770099, 0.0, 0.637924, -5e-06, 0.637924, 0.0, -0.770099, 2.306703, 0.0, 1.0, 0.0, 0.45247, 0.0, 0.0, 0.0, 1.0],
                [0.774653, 0.0, 0.632386, -5e-06, 0.632386, 0.0, -0.774653, 2.306703, 0.0, 1.0, 0.0, 0.45855, 0.0, 0.0, 0.0, 1.0],
                [0.77946, 0.0, 0.626452, -5e-06, 0.626452, 0.0, -0.77946, 2.306703, 0.0, 1.0, 0.0, 0.464654, 0.0, 0.0, 0.0, 1.0],
                [0.784502, 0.0, 0.620126, -5e-06, 0.620126, 0.0, -0.784502, 2.306703, 0.0, 1.0, 0.0, 0.470779, 0.0, 0.0, 0.0, 1.0],
                [0.789761, 0.0, 0.613415, -5e-06, 0.613415, 0.0, -0.789761, 2.306703, 0.0, 1.0, 0.0, 0.47692, 0.0, 0.0, 0.0, 1.0],
                [0.795217, 0.0, 0.606325, -5e-06, 0.606325, 0.0, -0.795217, 2.306703, 0.0, 1.0, 0.0, 0.483075, 0.0, 0.0, 0.0, 1.0],
                [0.800853, 0.0, 0.598861, -5e-06, 0.598861, 0.0, -0.800853, 2.306703, 0.0, 1.0, 0.0, 0.489239, 0.0, 0.0, 0.0, 1.0],
                [0.806648, 0.0, 0.591032, -5e-06, 0.591032, 0.0, -0.806648, 2.306703, 0.0, 1.0, 0.0, 0.495411, 0.0, 0.0, 0.0, 1.0],
                [0.812585, 0.0, 0.582843, -5e-06, 0.582843, 0.0, -0.812585, 2.306703, 0.0, 1.0, 0.0, 0.501585, 0.0, 0.0, 0.0, 1.0],
                [0.818643, 0.0, 0.574303, -5e-06, 0.574303, 0.0, -0.818643, 2.306703, 0.0, 1.0, 0.0, 0.507759, 0.0, 0.0, 0.0, 1.0],
                [0.824804, 0.0, 0.565419, -5e-06, 0.565419, 0.0, -0.824804, 2.306703, 0.0, 1.0, 0.0, 0.51393, 0.0, 0.0, 0.0, 1.0],
                [0.831048, 0.0, 0.556201, -5e-06, 0.556201, 0.0, -0.831048, 2.306703, 0.0, 1.0, 0.0, 0.520093, 0.0, 0.0, 0.0, 1.0],
                [0.837358, 0.0, 0.546656, -5e-06, 0.546656, 0.0, -0.837358, 2.306703, 0.0, 1.0, 0.0, 0.526246, 0.0, 0.0, 0.0, 1.0],
                [0.843713, 0.0, 0.536794, -5e-06, 0.536794, 0.0, -0.843713, 2.306703, 0.0, 1.0, 0.0, 0.532385, 0.0, 0.0, 0.0, 1.0],
                [0.850096, 0.0, 0.526627, -5e-06, 0.526627, 0.0, -0.850096, 2.306703, 0.0, 1.0, 0.0, 0.538507, 0.0, 0.0, 0.0, 1.0],
                [0.856489, 0.0, 0.516165, -5e-06, 0.516165, 0.0, -0.856489, 2.306703, 0.0, 1.0, 0.0, 0.544608, 0.0, 0.0, 0.0, 1.0],
                [0.862874, 0.0, 0.50542, -5e-06, 0.50542, 0.0, -0.862874, 2.306703, 0.0, 1.0, 0.0, 0.550684, 0.0, 0.0, 0.0, 1.0],
                [0.869233, 0.0, 0.494403, -5e-06, 0.494403, 0.0, -0.869233, 2.306703, 0.0, 1.0, 0.0, 0.556733, 0.0, 0.0, 0.0, 1.0],
                [0.875549, 0.0, 0.483129, -5e-06, 0.483129, 0.0, -0.875549, 2.306703, 0.0, 1.0, 0.0, 0.562751, 0.0, 0.0, 0.0, 1.0],
                [0.881807, 0.0, 0.471611, -5e-06, 0.471611, 0.0, -0.881807, 2.306703, 0.0, 1.0, 0.0, 0.568735, 0.0, 0.0, 0.0, 1.0],
                [0.88799, 0.0, 0.459864, -5e-06, 0.459864, 0.0, -0.88799, 2.306703, 0.0, 1.0, 0.0, 0.57468, 0.0, 0.0, 0.0, 1.0],
                [0.894083, 0.0, 0.447902, -5e-06, 0.447902, 0.0, -0.894083, 2.306703, 0.0, 1.0, 0.0, 0.580584, 0.0, 0.0, 0.0, 1.0],
                [0.900072, 0.0, 0.435742, -5e-06, 0.435742, 0.0, -0.900072, 2.306703, 0.0, 1.0, 0.0, 0.586444, 0.0, 0.0, 0.0, 1.0],
                [0.905943, 0.0, 0.423401, -5e-06, 0.423401, 0.0, -0.905943, 2.306703, 0.0, 1.0, 0.0, 0.592255, 0.0, 0.0, 0.0, 1.0],
                [0.911683, 0.0, 0.410895, -5e-06, 0.410895, 0.0, -0.911683, 2.306703, 0.0, 1.0, 0.0, 0.598015, 0.0, 0.0, 0.0, 1.0],
                [0.91728, 0.0, 0.398242, -5e-06, 0.398242, 0.0, -0.91728, 2.306703, 0.0, 1.0, 0.0, 0.60372, 0.0, 0.0, 0.0, 1.0],
                [0.922724, 0.0, 0.385462, -5e-06, 0.385462, 0.0, -0.922724, 2.306703, 0.0, 1.0, 0.0, 0.609366, 0.0, 0.0, 0.0, 1.0],
                [0.928003, 0.0, 0.372572, -5e-06, 0.372572, 0.0, -0.928003, 2.306703, 0.0, 1.0, 0.0, 0.614951, 0.0, 0.0, 0.0, 1.0],
                [0.93311, 0.0, 0.359592, -5e-06, 0.359592, 0.0, -0.93311, 2.306703, 0.0, 1.0, 0.0, 0.62047, 0.0, 0.0, 0.0, 1.0],
                [0.938034, 0.0, 0.346542, -5e-06, 0.346542, 0.0, -0.938034, 2.306703, 0.0, 1.0, 0.0, 0.625921, 0.0, 0.0, 0.0, 1.0],
                [0.94277, 0.0, 0.333443, -5e-06, 0.333443, 0.0, -0.94277, 2.306703, 0.0, 1.0, 0.0, 0.631299, 0.0, 0.0, 0.0, 1.0],
                [0.947311, 0.0, 0.320314, -5e-06, 0.320314, 0.0, -0.947311, 2.306703, 0.0, 1.0, 0.0, 0.636602, 0.0, 0.0, 0.0, 1.0],
                [0.951652, 0.0, 0.307177, -5e-06, 0.307177, 0.0, -0.951652, 2.306703, 0.0, 1.0, 0.0, 0.641826, 0.0, 0.0, 0.0, 1.0],
                [0.955789, 0.0, 0.294053, -5e-06, 0.294053, 0.0, -0.955789, 2.306703, 0.0, 1.0, 0.0, 0.646967, 0.0, 0.0, 0.0, 1.0],
                [0.959718, 0.0, 0.280964, -5e-06, 0.280964, 0.0, -0.959718, 2.306703, 0.0, 1.0, 0.0, 0.652023, 0.0, 0.0, 0.0, 1.0],
                [0.963439, 0.0, 0.26793, -5e-06, 0.26793, 0.0, -0.963439, 2.306703, 0.0, 1.0, 0.0, 0.65699, 0.0, 0.0, 0.0, 1.0],
                [0.966948, 0.0, 0.254972, -5e-06, 0.254972, 0.0, -0.966948, 2.306703, 0.0, 1.0, 0.0, 0.661864, 0.0, 0.0, 0.0, 1.0],
                [0.970248, 0.0, 0.242114, -5e-06, 0.242114, 0.0, -0.970248, 2.306703, 0.0, 1.0, 0.0, 0.666641, 0.0, 0.0, 0.0, 1.0],
                [0.973338, 0.0, 0.229375, -5e-06, 0.229375, 0.0, -0.973338, 2.306703, 0.0, 1.0, 0.0, 0.67132, 0.0, 0.0, 0.0, 1.0],
                [0.976221, 0.0, 0.216778, -5e-06, 0.216778, 0.0, -0.976221, 2.306703, 0.0, 1.0, 0.0, 0.675895, 0.0, 0.0, 0.0, 1.0],
                [0.978899, 0.0, 0.204343, -5e-06, 0.204343, 0.0, -0.978899, 2.306703, 0.0, 1.0, 0.0, 0.680364, 0.0, 0.0, 0.0, 1.0],
                [0.981377, 0.0, 0.192092, -5e-06, 0.192092, 0.0, -0.981377, 2.306703, 0.0, 1.0, 0.0, 0.684723, 0.0, 0.0, 0.0, 1.0],
                [0.983658, 0.0, 0.180046, -5e-06, 0.180046, 0.0, -0.983658, 2.306703, 0.0, 1.0, 0.0, 0.68897, 0.0, 0.0, 0.0, 1.0],
                [0.985749, 0.0, 0.168224, -5e-06, 0.168224, 0.0, -0.985749, 2.306703, 0.0, 1.0, 0.0, 0.693099, 0.0, 0.0, 0.0, 1.0],
                [0.987655, 0.0, 0.156648, -5e-06, 0.156648, 0.0, -0.987655, 2.306703, 0.0, 1.0, 0.0, 0.697109, 0.0, 0.0, 0.0, 1.0],
                [0.989382, 0.0, 0.145337, -5e-06, 0.145337, 0.0, -0.989382, 2.306703, 0.0, 1.0, 0.0, 0.700995, 0.0, 0.0, 0.0, 1.0],
                [0.990939, 0.0, 0.134312, -5e-06, 0.134312, 0.0, -0.990939, 2.306703, 0.0, 1.0, 0.0, 0.704754, 0.0, 0.0, 0.0, 1.0],
                [0.992333, 0.0, 0.123591, -5e-06, 0.123591, 0.0, -0.992333, 2.306703, 0.0, 1.0, 0.0, 0.708383, 0.0, 0.0, 0.0, 1.0],
                [0.993573, 0.0, 0.113194, -5e-06, 0.113194, 0.0, -0.993573, 2.306703, 0.0, 1.0, 0.0, 0.711878, 0.0, 0.0, 0.0, 1.0],
                [0.994667, 0.0, 0.10314, -5e-06, 0.10314, 0.0, -0.994667, 2.306703, 0.0, 1.0, 0.0, 0.715236, 0.0, 0.0, 0.0, 1.0],
                [0.995624, 0.0, 0.093446, -5e-06, 0.093446, 0.0, -0.995624, 2.306703, 0.0, 1.0, 0.0, 0.718453, 0.0, 0.0, 0.0, 1.0],
                [0.996455, 0.0, 0.084131, -5e-06, 0.084131, 0.0, -0.996455, 2.306703, 0.0, 1.0, 0.0, 0.721527, 0.0, 0.0, 0.0, 1.0],
                [0.997168, 0.0, 0.075212, -5e-06, 0.075212, 0.0, -0.997168, 2.306703, 0.0, 1.0, 0.0, 0.724453, 0.0, 0.0, 0.0, 1.0],
                [0.997773, 0.0, 0.066708, -5e-06, 0.066708, 0.0, -0.997773, 2.306703, 0.0, 1.0, 0.0, 0.727228, 0.0, 0.0, 0.0, 1.0],
                [0.99828, 0.0, 0.058634, -5e-06, 0.058634, 0.0, -0.99828, 2.306703, 0.0, 1.0, 0.0, 0.729849, 0.0, 0.0, 0.0, 1.0],
                [0.998698, 0.0, 0.051009, -5e-06, 0.051009, 0.0, -0.998698, 2.306703, 0.0, 1.0, 0.0, 0.732313, 0.0, 0.0, 0.0, 1.0],
                [0.999038, 0.0, 0.043848, -5e-06, 0.043848, 0.0, -0.999038, 2.306703, 0.0, 1.0, 0.0, 0.734615, 0.0, 0.0, 0.0, 1.0],
                [0.999309, 0.0, 0.037167, -5e-06, 0.037167, 0.0, -0.999309, 2.306703, 0.0, 1.0, 0.0, 0.736753, 0.0, 0.0, 0.0, 1.0],
                [0.99952, 0.0, 0.030984, -5e-06, 0.030984, 0.0, -0.99952, 2.306703, 0.0, 1.0, 0.0, 0.738722, 0.0, 0.0, 0.0, 1.0],
                [0.99968, 0.0, 0.025314, -5e-06, 0.025314, 0.0, -0.99968, 2.306703, 0.0, 1.0, 0.0, 0.740521, 0.0, 0.0, 0.0, 1.0],
                [0.999797, 0.0, 0.020173, -5e-06, 0.020173, 0.0, -0.999797, 2.306703, 0.0, 1.0, 0.0, 0.742145, 0.0, 0.0, 0.0, 1.0],
                [0.999879, 0.0, 0.015577, -5e-06, 0.015577, 0.0, -0.999879, 2.306703, 0.0, 1.0, 0.0, 0.74359, 0.0, 0.0, 0.0, 1.0],
                [0.999933, 0.0, 0.011541, -5e-06, 0.011541, 0.0, -0.999933, 2.306703, 0.0, 1.0, 0.0, 0.744854, 0.0, 0.0, 0.0, 1.0],
                [0.999967, 0.0, 0.008083, -5e-06, 0.008083, 0.0, -0.999967, 2.306703, 0.0, 1.0, 0.0, 0.745933, 0.0, 0.0, 0.0, 1.0],
                [0.999986, 0.0, 0.005217, -5e-06, 0.005217, 0.0, -0.999986, 2.306703, 0.0, 1.0, 0.0, 0.746823, 0.0, 0.0, 0.0, 1.0],
                [0.999996, 0.0, 0.002959, -5e-06, 0.002959, 0.0, -0.999996, 2.306703, 0.0, 1.0, 0.0, 0.747521, 0.0, 0.0, 0.0, 1.0],
                [0.999999, 0.0, 0.001326, -5e-06, 0.001326, 0.0, -0.999999, 2.306703, 0.0, 1.0, 0.0, 0.748024, 0.0, 0.0, 0.0, 1.0],
                [1.0, 0.0, 0.000334, -5e-06, 0.000334, 0.0, -1.0, 2.306703, 0.0, 1.0, 0.0, 0.748329, 0.0, 0.0, 0.0, 1.0],
                [1.0, 0.0, 0.0, -5e-06, 0.0, 0.0, -1.0, 2.306703, 0.0, 1.0, 0.0, 0.748431, 0.0, 0.0, 0.0, 1.0],
                [1.0, 0.0, 0.0, -5e-06, 0.0, 0.0, -1.0, 2.306703, 0.0, 1.0, 0.0, 0.748431, 0.0, 0.0, 0.0, 1.0]
            ]
        },
        {
            "name": "Thigh_R",
            "time": [0.0, 0.0167, 0.0333, 0.05, 0.0667, 0.0833, 0.1, 0.1167, 0.1333, 0.15, 0.1667, 0.1833, 0.2, 0.2167, 0.2333, 0.25, 0.2667, 0.2833, 0.3, 0.3167, 0.3333, 0.35, 0.3667, 0.3833, 0.4, 0.4167, 0.4333, 0.45, 0.4667, 0.4833, 0.5, 0.5167, 0.5333, 0.55, 0.5667, 0.5833, 0.6, 0.6167, 0.6333, 0.65, 0.6667, 0.6833, 0.7, 0.7167, 0.7333, 0.75, 0.7667, 0.7833, 0.8, 0.8167, 0.8333, 0.85, 0.8667, 0.8833, 0.9, 0.9167, 0.9333, 0.95, 0.9667, 0.9833, 1.0, 1.0167, 1.0333, 1.05, 1.0667, 1.0833, 1.1, 1.1167, 1.1333, 1.15, 1.1667, 1.1833, 1.2, 1.2167, 1.2333, 1.25, 1.2667, 1.2833, 1.3, 1.3167, 1.3333, 1.35, 1.3667, 1.3833, 1.4, 1.4167, 1.4333, 1.45, 1.4667, 1.4833, 1.5, 1.5167, 1.5333, 1.55, 1.5667, 1.5833, 1.6, 1.6167, 1.6333, 1.65, 1.6667, 1.6833, 1.7, 1.7167, 1.7333, 1.75, 1.7667, 1.7833, 1.8, 1.8167, 1.8333, 1.85, 1.8667, 1.8833, 1.9, 1.9167, 1.9333, 1.95, 1.9667, 1.9833, 2.0, 2.0167, 2.0333, 2.05, 2.0667, 2.0833, 2.1, 2.1167, 2.1333, 2.15, 2.1667, 2.1833, 2.2, 2.2167, 2.2333, 2.25, 2.2667, 2.2833, 2.3, 2.3167, 2.3333, 2.35, 2.3667, 2.3833, 2.4, 2.4167, 2.4333, 2.45, 2.4667, 2.4833, 2.5, 2.5167, 2.5333, 2.55, 2.5667, 2.5833, 2.6, 2.6167, 2.6333, 2.65, 2.6667, 2.6833],
            "transform": [
                [0.580815, 0.638836, 0.50452, 0.124994, 0.678535, -0.722334, 0.133495, -0.002831, 0.449714, 0.264798, -0.853018, -1.2e-05, 0.0, 0.0, 0.0, 1.0],
                [0.575075, 0.63571, 0.514936, 0.124994, 0.682669, -0.719751, 0.126169, -0.002831, 0.450833, 0.278974, -0.847893, -1.2e-05, 0.0, 0.0, 0.0, 1.0],
                [0.559197, 0.626202, 0.543294, 0.124994, 0.694091, -0.712001, 0.10625, -0.002831, 0.45336, 0.317681, -0.832792, -1.2e-05, 0.0, 0.0, 0.0, 1.0],
                [0.535162, 0.609436, 0.584968, 0.124994, 0.711342, -0.698608, 0.077056, -0.002831, 0.455624, 0.374874, -0.807388, -1.2e-05, 0.0, 0.0, 0.0, 1.0],
                [0.505119, 0.58452, 0.634972, 0.124994, 0.732841, -0.679091, 0.042162, -0.002831, 0.455848, 0.444036, -0.771384, -1.2e-05, 0.0, 0.0, 0.0, 1.0],
                [0.471513, 0.551453, 0.688167, 0.124994, 0.756807, -0.653616, 0.005226, -0.002831, 0.452679, 0.518345, -0.725534, -1.2e-05, 0.0, 0.0, 0.0, 1.0],
                [0.437017, 0.511709, 0.739709, 0.124994, 0.781313, -0.6234, -0.030346, -0.002831, 0.445606, 0.591205, -0.672243, -1.2e-05, 0.0, 0.0, 0.0, 1.0],
                [0.404314, 0.468375, 0.785592, 0.124994, 0.804455, -0.590789, -0.061788, -0.002831, 0.43518, 0.656954, -0.615653, -1.2e-05, 0.0, 0.0, 0.0, 1.0],
                [0.37582, 0.425847, 0.823051, 0.124994, 0.824542, -0.559031, -0.087256, -0.002831, 0.422953, 0.711432, -0.561225, -1.2e-05, 0.0, 0.0, 0.0, 1.0],
                [0.353531, 0.38924, 0.850593, 0.124994, 0.840201, -0.531847, -0.105832, -0.002831, 0.411191, 0.752082, -0.515065, -1.2e-05, 0.0, 0.0, 0.0, 1.0],
                [0.339056, 0.363777, 0.867587, 0.124994, 0.850342, -0.513008, -0.117213, -0.002831, 0.40244, 0.777487, -0.483274, -1.2e-05, 0.0, 0.0, 0.0, 1.0],
                [0.333872, 0.354317, 0.873492, 0.124994, 0.853968, -0.506023, -0.12115, -0.002831, 0.399082, 0.786382, -0.471524, -1.2e-05, 0.0, 0.0, 0.0, 1.0],
                [0.333873, 0.354317, 0.873492, 0.124994, 0.853968, -0.506023, -0.12115, -0.002831, 0.399082, 0.786382, -0.471524, -1.2e-05, 0.0, 0.0, 0.0, 1.0],
                [0.333873, 0.354317, 0.873492, 0.124994, 0.853968, -0.506023, -0.12115, -0.002831, 0.399082, 0.786382, -0.471524, -1.2e-05, 0.0, 0.0, 0.0, 1.0],
                [0.333873, 0.354317, 0.873492, 0.124994, 0.853968, -0.506023, -0.12115, -0.002831, 0.399082, 0.786382, -0.471524, -1.2e-05, 0.0, 0.0, 0.0, 1.0],
                [0.333873, 0.354317, 0.873492, 0.124994, 0.853968, -0.506023, -0.12115, -0.002831, 0.399082, 0.786382, -0.471524, -1.2e-05, 0.0, 0.0, 0.0, 1.0],
                [0.333872, 0.354317, 0.873492, 0.124994, 0.853968, -0.506023, -0.12115, -0.002831, 0.399082, 0.786382, -0.471524, -1.2e-05, 0.0, 0.0, 0.0, 1.0],
                [0.333872, 0.354317, 0.873492, 0.124994, 0.853968, -0.506023, -0.12115, -0.002831, 0.399082, 0.786382, -0.471524, -1.2e-05, 0.0, 0.0, 0.0, 1.0],
                [0.333872, 0.354317, 0.873492, 0.124994, 0.853968, -0.506023, -0.12115, -0.002831, 0.399082, 0.786382, -0.471524, -1.2e-05, 0.0, 0.0, 0.0, 1.0],
                [0.333872, 0.354317, 0.873492, 0.124994, 0.853968, -0.506023, -0.12115, -0.002831, 0.399082, 0.786382, -0.471524, -1.2e-05, 0.0, 0.0, 0.0, 1.0],
                [0.333872, 0.354317, 0.873492, 0.124994, 0.853968, -0.506023, -0.12115, -0.002831, 0.399082, 0.786382, -0.471524, -1.2e-05, 0.0, 0.0, 0.0, 1.0],
                [0.333872, 0.354317, 0.873492, 0.124994, 0.853968, -0.506023, -0.12115, -0.002831, 0.399082, 0.786382, -0.471524, -1.2e-05, 0.0, 0.0, 0.0, 1.0],
                [0.333872, 0.354317, 0.873492, 0.124994, 0.853968, -0.506023, -0.12115, -0.002831, 0.399082, 0.786382, -0.471524, -1.2e-05, 0.0, 0.0, 0.0, 1.0],
                [0.333872, 0.354317, 0.873492, 0.124994, 0.853968, -0.506023, -0.12115, -0.002831, 0.399082, 0.786382, -0.471524, -1.2e-05, 0.0, 0.0, 0.0, 1.0],
                [0.381215, 0.444048, 0.810861, 0.124994, 0.804199, -0.591906, -0.05394, -0.002831, 0.456002, 0.672655, -0.582748, -1.2e-05, 0.0, 0.0, 0.0, 1.0],
                [0.535252, 0.609679, 0.584633, 0.124994, 0.644837, -0.741987, 0.183407, -0.002831, 0.54561, 0.278823, -0.790296, -1.2e-05, 0.0, 0.0, 0.0, 1.0],
                [0.752299, 0.618194, 0.227771, 0.124994, 0.425876, -0.720095, 0.547805, -0.002831, 0.502667, -0.31511, -0.805004, -1.2e-05, 0.0, 0.0, 0.0, 1.0],
                [0.892457, 0.450041, -0.03133, 0.124994, 0.289166, -0.51736, 0.805432, -0.002831, 0.346269, -0.727872, -0.59186, -1.2e-05, 0.0, 0.0, 0.0, 1.0],
                [0.931471, 0.344788, -0.11611, 0.124994, 0.250826, -0.377434, 0.89142, -0.002831, 0.263527, -0.859454, -0.438052, -1.2e-05, 0.0, 0.0, 0.0, 1.0],
                [0.933279, 0.333991, -0.132058, 0.124994, 0.246114, -0.32695, 0.912432, -0.002831, 0.261568, -0.884053, -0.387336, -1.2e-05, 0.0, 0.0, 0.0, 1.0],
                [0.932513, 0.329097, -0.148707, 0.124994, 0.246352, -0.278595, 0.928275, -0.002831, 0.264064, -0.902261, -0.340869, -1.2e-05, 0.0, 0.0, 0.0, 1.0],
                [0.929654, 0.328823, -0.166185, 0.124994, 0.250224, -0.232429, 0.939875, -0.002831, 0.270427, -0.91534, -0.298359, -1.2e-05, 0.0, 0.0, 0.0, 1.0],
                [0.925054, 0.332069, -0.1844, 0.124994, 0.256654, -0.188577, 0.947928, -0.002831, 0.280004, -0.92421, -0.259672, -1.2e-05, 0.0, 0.0, 0.0, 1.0],
                [0.919024, 0.337866, -0.203079, 0.124994, 0.264737, -0.147287, 0.953006, -0.002831, 0.292077, -0.929596, -0.224807, -1.2e-05, 0.0, 0.0, 0.0, 1.0],
                [0.911895, 0.345336, -0.221787, 0.124994, 0.273686, -0.108957, 0.955628, -0.002831, 0.305847, -0.932131, -0.193872, -1.2e-05, 0.0, 0.0, 0.0, 1.0],
                [0.904071, 0.353671, -0.23994, 0.124994, 0.282807, -0.074141, 0.956307, -0.002831, 0.320429, -0.932425, -0.16705, -1.2e-05, 0.0, 0.0, 0.0, 1.0],
                [0.896055, 0.362115, -0.25682, 0.124994, 0.291481, -0.04355, 0.955585, -0.002831, 0.334847, -0.931113, -0.144573, -1.2e-05, 0.0, 0.0, 0.0, 1.0],
                [0.888469, 0.369945, -0.271593, 0.124994, 0.299145, -0.018034, 0.954037, -0.002831, 0.348044, -0.928876, -0.12669, -1.2e-05, 0.0, 0.0, 0.0, 1.0],
                [0.882043, 0.376455, -0.283339, 0.124994, 0.305277, 0.001449, 0.952263, -0.002831, 0.358895, -0.926431, -0.113646, -1.2e-05, 0.0, 0.0, 0.0, 1.0],
                [0.877587, 0.38093, -0.291088, 0.124994, 0.309363, 0.013878, 0.950843, -0.002831, 0.366245, -0.924497, -0.105667, -1.2e-05, 0.0, 0.0, 0.0, 1.0],
                [0.875927, 0.382606, -0.293877, 0.124994, 0.310858, 0.018235, 0.950282, -0.002831, 0.368942, -0.92373, -0.102964, -1.2e-05, 0.0, 0.0, 0.0, 1.0],
                [0.87611, 0.383185, -0.292575, 0.124994, 0.310159, 0.016626, 0.95054, -0.002831, 0.369097, -0.92352, -0.104283, -1.2e-05, 0.0, 0.0, 0.0, 1.0],
                [0.876641, 0.384873, -0.288743, 0.124994, 0.308106, 0.011891, 0.951278, -0.002831, 0.369555, -0.922891, -0.108158, -1.2e-05, 0.0, 0.0, 0.0, 1.0],
                [0.877488, 0.38758, -0.282479, 0.124994, 0.304762, 0.004163, 0.952419, -0.002831, 0.370315, -0.921825, -0.114468, -1.2e-05, 0.0, 0.0, 0.0, 1.0],
                [0.878612, 0.3912, -0.273864, 0.124994, 0.300186, -0.006443, 0.953859, -0.002831, 0.371386, -0.920281, -0.123094, -1.2e-05, 0.0, 0.0, 0.0, 1.0],
                [0.879965, 0.395613, -0.262964, 0.124994, 0.294435, -0.019815, 0.955466, -0.002831, 0.372784, -0.918201, -0.133919, -1.2e-05, 0.0, 0.0, 0.0, 1.0],
                [0.881495, 0.400681, -0.249842, 0.124994, 0.287562, -0.035848, 0.957091, -0.002831, 0.374532, -0.915514, -0.146822, -1.2e-05, 0.0, 0.0, 0.0, 1.0],
                [0.883141, 0.406257, -0.234553, 0.124994, 0.279626, -0.054436, 0.958565, -0.002831, 0.376656, -0.912134, -0.161676, -1.2e-05, 0.0, 0.0, 0.0, 1.0],
                [0.884843, 0.412182, -0.217158, 0.124994, 0.270686, -0.075468, 0.959705, -0.002831, 0.379185, -0.907968, -0.178351, -1.2e-05, 0.0, 0.0, 0.0, 1.0],
                [0.886533, 0.418287, -0.197721, 0.124994, 0.260805, -0.098823, 0.96032, -0.002831, 0.38215, -0.902921, -0.196702, -1.2e-05, 0.0, 0.0, 0.0, 1.0],
                [0.888144, 0.424396, -0.176317, 0.124994, 0.250053, -0.124366, 0.960212, -0.002831, 0.385583, -0.896893, -0.216577, -1.2e-05, 0.0, 0.0, 0.0, 1.0],
                [0.889605, 0.430329, -0.153035, 0.124994, 0.238505, -0.151946, 0.959181, -0.002831, 0.38951, -0.889789, -0.237809, -1.2e-05, 0.0, 0.0, 0.0, 1.0],
                [0.890847, 0.435903, -0.127979, 0.124994, 0.226246, -0.181393, 0.957032, -0.002831, 0.393958, -0.881522, -0.260216, -1.2e-05, 0.0, 0.0, 0.0, 1.0],
                [0.891805, 0.440938, -0.101277, 0.124994, 0.213368, -0.212516, 0.953578, -0.002831, 0.398946, -0.872013, -0.283605, -1.2e-05, 0.0, 0.0, 0.0, 1.0],
                [0.892414, 0.445259, -0.073075, 0.124994, 0.19997, -0.245099, 0.948651, -0.002831, 0.404485, -0.861201, -0.30777, -1.2e-05, 0.0, 0.0, 0.0, 1.0],
                [0.892618, 0.448703, -0.043546, 0.124994, 0.186162, -0.278908, 0.942101, -0.002831, 0.410579, -0.849042, -0.332491, -1.2e-05, 0.0, 0.0, 0.0, 1.0],
                [0.892369, 0.451122, -0.012881, 0.124994, 0.172058, -0.313684, 0.933808, -0.002831, 0.417221, -0.835516, -0.357543, -1.2e-05, 0.0, 0.0, 0.0, 1.0],
                [0.891625, 0.452386, 0.018702, 0.124994, 0.157778, -0.349156, 0.923686, -0.002831, 0.424394, -0.820629, -0.382694, -1.2e-05, 0.0, 0.0, 0.0, 1.0],
                [0.89036, 0.452393, 0.05097, 0.124994, 0.143447, -0.385033, 0.911686, -0.002831, 0.432067, -0.804416, -0.407714, -1.2e-05, 0.0, 0.0, 0.0, 1.0],
                [0.888558, 0.451068, 0.08367, 0.124994, 0.129187, -0.42102, 0.897804, -0.002831, 0.440198, -0.786941, -0.432375, -1.2e-05, 0.0, 0.0, 0.0, 1.0],
                [0.886219, 0.448366, 0.116542, 0.124994, 0.115123, -0.456818, 0.882079, -0.002831, 0.448733, -0.768297, -0.45646, -1.2e-05, 0.0, 0.0, 0.0, 1.0],
                [0.883356, 0.444281, 0.149316, 0.124994, 0.101373, -0.492134, 0.864596, -0.002831, 0.457608, -0.748608, -0.479769, -1.2e-05, 0.0, 0.0, 0.0, 1.0],
                [0.879998, 0.438838, 0.181725, 0.124994, 0.088049, -0.526683, 0.845489, -0.002831, 0.466745, -0.728026, -0.50212, -1.2e-05, 0.0, 0.0, 0.0, 1.0],
                [0.876187, 0.4321, 0.213507, 0.124994, 0.075252, -0.5602, 0.824932, -0.002831, 0.47606, -0.706726, -0.523358, -1.2e-05, 0.0, 0.0, 0.0, 1.0],
                [0.871979, 0.424163, 0.244411, 0.124994, 0.063072, -0.592443, 0.803139, -0.002831, 0.485462, -0.684904, -0.543352, -1.2e-05, 0.0, 0.0, 0.0, 1.0],
                [0.867444, 0.415153, 0.274204, 0.124994, 0.051585, -0.623199, 0.780359, -0.002831, 0.494853, -0.662771, -0.562008, -1.2e-05, 0.0, 0.0, 0.0, 1.0],
                [0.862658, 0.405227, 0.302674, 0.124994, 0.040853, -0.652288, 0.756868, -0.002831, 0.504134, -0.640552, -0.579258, -1.2e-05, 0.0, 0.0, 0.0, 1.0],
                [0.857708, 0.394561, 0.329631, 0.124994, 0.030922, -0.679562, 0.732965, -0.002831, 0.513205, -0.618476, -0.595069, -1.2e-05, 0.0, 0.0, 0.0, 1.0],
                [0.852687, 0.383351, 0.354916, 0.124994, 0.021824, -0.704911, 0.708959, -0.002831, 0.521965, -0.596773, -0.609437, -1.2e-05, 0.0, 0.0, 0.0, 1.0],
                [0.84769, 0.371804, 0.378393, 0.124994, 0.013577, -0.728258, 0.685167, -0.002831, 0.530317, -0.575671, -0.622387, -1.2e-05, 0.0, 0.0, 0.0, 1.0],
                [0.842814, 0.360138, 0.399954, 0.124994, 0.006185, -0.749558, 0.661908, -0.002831, 0.538168, -0.555391, -0.633968, -1.2e-05, 0.0, 0.0, 0.0, 1.0],
                [0.838156, 0.348569, 0.419516, 0.124994, -0.000357, -0.768794, 0.639495, -0.002831, 0.54543, -0.536145, -0.644247, -1.2e-05, 0.0, 0.0, 0.0, 1.0],
                [0.833809, 0.337312, 0.437015, 0.124994, -0.006063, -0.785974, 0.618228, -0.002831, 0.552019, -0.518133, -0.653309, -1.2e-05, 0.0, 0.0, 0.0, 1.0],
                [0.829864, 0.326578, 0.452407, 0.124994, -0.010952, -0.801123, 0.598397, -0.002831, 0.557858, -0.501542, -0.661248, -1.2e-05, 0.0, 0.0, 0.0, 1.0],
                [0.826405, 0.316565, 0.465661, 0.124994, -0.015049, -0.814281, 0.580274, -0.002831, 0.562875, -0.486548, -0.668164, -1.2e-05, 0.0, 0.0, 0.0, 1.0],
                [0.823512, 0.307463, 0.476753, 0.124994, -0.018376, -0.825492, 0.564112, -0.002831, 0.567001, -0.473312, -0.674155, -1.2e-05, 0.0, 0.0, 0.0, 1.0],
                [0.821257, 0.299443, 0.485664, 0.124994, -0.020954, -0.834804, 0.550146, -0.002831, 0.570173, -0.461986, -0.679316, -1.2e-05, 0.0, 0.0, 0.0, 1.0],
                [0.819705, 0.292664, 0.492373, 0.124994, -0.0228, -0.842256, 0.538592, -0.002831, 0.572332, -0.452711, -0.683731, -1.2e-05, 0.0, 0.0, 0.0, 1.0],
                [0.818912, 0.287263, 0.496852, 0.124994, -0.023922, -0.847879, 0.529647, -0.002831, 0.573419, -0.445618, -0.687469, -1.2e-05, 0.0, 0.0, 0.0, 1.0],
                [0.818928, 0.283363, 0.499061, 0.124994, -0.024318, -0.851685, 0.523487, -0.002831, 0.57338, -0.440833, -0.69058, -1.2e-05, 0.0, 0.0, 0.0, 1.0],
                [0.819791, 0.281062, 0.498945, 0.124994, -0.023974, -0.853662, 0.520272, -0.002831, 0.572161, -0.438475, -0.693088, -1.2e-05, 0.0, 0.0, 0.0, 1.0],
                [0.821051, 0.280851, 0.496988, 0.124994, -0.022664, -0.853878, 0.519976, -0.002831, 0.570404, -0.43819, -0.694714, -1.2e-05, 0.0, 0.0, 0.0, 1.0],
                [0.82224, 0.28297, 0.493811, 0.124994, -0.020259, -0.852538, 0.522269, -0.002831, 0.56878, -0.439433, -0.69526, -1.2e-05, 0.0, 0.0, 0.0, 1.0],
                [0.823356, 0.287124, 0.489534, 0.124994, -0.016883, -0.849802, 0.526828, -0.002831, 0.567273, -0.442031, -0.694845, -1.2e-05, 0.0, 0.0, 0.0, 1.0],
                [0.824396, 0.293014, 0.484266, 0.124994, -0.012658, -0.845813, 0.533326, -0.002831, 0.565871, -0.445801, -0.693578, -1.2e-05, 0.0, 0.0, 0.0, 1.0],
                [0.825353, 0.300345, 0.478105, 0.124994, -0.007708, -0.840703, 0.541439, -0.002831, 0.564563, -0.450563, -0.691564, -1.2e-05, 0.0, 0.0, 0.0, 1.0],
                [0.826222, 0.308827, 0.47115, 0.124994, -0.002156, -0.834603, 0.550846, -0.002831, 0.56334, -0.456135, -0.688903, -1.2e-05, 0.0, 0.0, 0.0, 1.0],
                [0.827, 0.318176, 0.463503, 0.124994, 0.003877, -0.827648, 0.561232, -0.002831, 0.562189, -0.46234, -0.6857, -1.2e-05, 0.0, 0.0, 0.0, 1.0],
                [0.827687, 0.328115, 0.455273, 0.124994, 0.010269, -0.819982, 0.572295, -0.002831, 0.561095, -0.469005, -0.68206, -1.2e-05, 0.0, 0.0, 0.0, 1.0],
                [0.828292, 0.33838, 0.446575, 0.124994, 0.016901, -0.811759, 0.583745, -0.002831, 0.560041, -0.475963, -0.678095, -1.2e-05, 0.0, 0.0, 0.0, 1.0],
                [0.828827, 0.348719, 0.437539, 0.124994, 0.023654, -0.803149, 0.595307, -0.002831, 0.559004, -0.483055, -0.673922, -1.2e-05, 0.0, 0.0, 0.0, 1.0],
                [0.82931, 0.358891, 0.428301, 0.124994, 0.030414, -0.794333, 0.606719, -0.002831, 0.55796, -0.490131, -0.669666, -1.2e-05, 0.0, 0.0, 0.0, 1.0],
                [0.829767, 0.368668, 0.419009, 0.124994, 0.037065, -0.785508, 0.617739, -0.002831, 0.556876, -0.497047, -0.665456, -1.2e-05, 0.0, 0.0, 0.0, 1.0],
                [0.83023, 0.377839, 0.409822, 0.124994, 0.043498, -0.776883, 0.628139, -0.002831, 0.55572, -0.503672, -0.661429, -1.2e-05, 0.0, 0.0, 0.0, 1.0],
                [0.830736, 0.386203, 0.400904, 0.124994, 0.049604, -0.768678, 0.637708, -0.002831, 0.554451, -0.509879, -0.657728, -1.2e-05, 0.0, 0.0, 0.0, 1.0],
                [0.831326, 0.393569, 0.392426, 0.124994, 0.055275, -0.761122, 0.646247, -0.002831, 0.553028, -0.51555, -0.654498, -1.2e-05, 0.0, 0.0, 0.0, 1.0],
                [0.832047, 0.39976, 0.384564, 0.124994, 0.060406, -0.75445, 0.65357, -0.002831, 0.551406, -0.52057, -0.651888, -1.2e-05, 0.0, 0.0, 0.0, 1.0],
                [0.832945, 0.404599, 0.377493, 0.124994, 0.064892, -0.748901, 0.659496, -0.002831, 0.549537, -0.524826, -0.65005, -1.2e-05, 0.0, 0.0, 0.0, 1.0],
                [0.834071, 0.407917, 0.371387, 0.124994, 0.068625, -0.744712, 0.663847, -0.002831, 0.547372, -0.528208, -0.649137, -1.2e-05, 0.0, 0.0, 0.0, 1.0],
                [0.835472, 0.40954, 0.366417, 0.124994, 0.071495, -0.742118, 0.666444, -0.002831, 0.544861, -0.530597, -0.649301, -1.2e-05, 0.0, 0.0, 0.0, 1.0],
