{
    "animation": [
        {
            "name": "Root",
            "time": [0.0, 0.0167, 0.0333, 0.05, 0.0667, 0.0833, 0.1, 0.1167, 0.1333, 0.15, 0.1667, 0.1833, 0.2, 0.2167, 0.2333, 0.25, 0.2667, 0.2833, 0.3, 0.3167, 0.3333, 0.35, 0.3667, 0.3833, 0.4, 0.4167, 0.4333, 0.45, 0.4667, 0.4833, 0.5, 0.5167, 0.5333, 0.55, 0.5667, 0.5833, 0.6, 0.6167, 0.6333, 0.65, 0.6667, 0.6833, 0.7, 0.7167, 0.7333, 0.75, 0.7667, 0.7833, 0.8, 0.8167, 0.8333, 0.85, 0.8667, 0.8833, 0.9, 0.9167, 0.9333, 0.95, 0.9667, 0.9833, 1.0, 1.0167, 1.0333, 1.05, 1.0667, 1.0833, 1.1, 1.1167, 1.1333, 1.15, 1.1667, 1.1833, 1.2, 1.2167, 1.2333, 1.25, 1.2667, 1.2833, 1.3, 1.3167, 1.3333, 1.35, 1.3667, 1.3833, 1.4, 1.4167, 1.4333, 1.45, 1.4667, 1.4833, 1.5, 1.5167, 1.5333, 1.55, 1.5667, 1.5833, 1.6, 1.6167, 1.6333, 1.65, 1.6667, 1.6833, 1.7, 1.7167, 1.7333, 1.75, 1.7667, 1.7833, 1.8, 1.8167, 1.8333, 1.85, 1.8667, 1.8833, 1.9, 1.9167, 1.9333, 1.95, 1.9667, 1.9833, 2.0, 2.0167, 2.0333, 2.05, 2.0667, 2.0833, 2.1, 2.1167, 2.1333, 2.15, 2.1667, 2.1833, 2.2, 2.2167, 2.2333, 2.25, 2.2667, 2.2833, 2.3, 2.3167, 2.3333, 2.35, 2.3667, 2.3833, 2.4, 2.4167, 2.4333, 2.45, 2.4667, 2.4833, 2.5, 2.5167, 2.5333, 2.55, 2.5667, 2.5833, 2.6, 2.6167, 2.6333, 2.65],
            "transform": [
                [0.465325, 0.0, -0.88514, -5e-06, -0.88514, 0.0, -0.465325, 0.000946, 0.0, 1.0, 0.0, 0.545805, 0.0, 0.0, 0.0, 1.0],
                [0.453918, 0.0, -0.891044, -0.000644, -0.891044, 0.0, -0.453918, 0.005801, 0.0, 1.0, 0.0, 0.547895, 0.0, 0.0, 0.0, 1.0],
                [0.420143, 0.0, -0.907458, -0.002475, -0.907458, 0.0, -0.420143, 0.019762, 0.0, 1.0, 0.0, 0.553746, 0.0, 0.0, 0.0, 1.0],
                [0.363484, 0.0, -0.931601, -0.005364, -0.931601, 0.0, -0.363484, 0.041931, 0.0, 1.0, 0.0, 0.562731, 0.0, 0.0, 0.0, 1.0],
                [0.282346, 0.0, -0.959312, -0.009179, -0.959312, 0.0, -0.282346, 0.071406, 0.0, 1.0, 0.0, 0.574224, 0.0, 0.0, 0.0, 1.0],
                [0.17485, 0.0, -0.984595, -0.013788, -0.984595, 0.0, -0.17485, 0.107286, 0.0, 1.0, 0.0, 0.587598, 0.0, 0.0, 0.0, 1.0],
                [0.040013, 0.0, -0.999199, -0.019059, -0.999199, 0.0, -0.040013, 0.148671, 0.0, 1.0, 0.0, 0.602225, 0.0, 0.0, 0.0, 1.0],
                [-0.12057, 0.0, -0.992705, -0.024859, -0.992705, 0.0, 0.12057, 0.19466, 0.0, 1.0, 0.0, 0.61748, 0.0, 0.0, 0.0, 1.0],
                [-0.300763, 0.0, -0.953699, -0.031056, -0.953699, 0.0, 0.300763, 0.244352, 0.0, 1.0, 0.0, 0.632734, 0.0, 0.0, 0.0, 1.0],
                [-0.488547, 0.0, -0.872537, -0.037518, -0.872537, 0.0, 0.488547, 0.296846, 0.0, 1.0, 0.0, 0.647362, 0.0, 0.0, 0.0, 1.0],
                [-0.666744, 0.0, -0.745287, -0.044112, -0.745287, 0.0, 0.666744, 0.351242, 0.0, 1.0, 0.0, 0.660735, 0.0, 0.0, 0.0, 1.0],
                [-0.816783, 0.0, -0.576944, -0.050707, -0.576944, 0.0, 0.816783, 0.406638, 0.0, 1.0, 0.0, 0.672228, 0.0, 0.0, 0.0, 1.0],
                [-0.924418, 0.0, -0.38138, -0.057168, -0.38138, 0.0, 0.924418, 0.462135, 0.0, 1.0, 0.0, 0.681214, 0.0, 0.0, 0.0, 1.0],
                [-0.984168, 0.0, -0.177236, -0.063365, -0.177236, 0.0, 0.984168, 0.516831, 0.0, 1.0, 0.0, 0.687065, 0.0, 0.0, 0.0, 1.0],
                [-0.99984, 0.0, 0.017924, -0.069166, 0.017924, 0.0, 0.99984, 0.569826, 0.0, 1.0, 0.0, 0.689155, 0.0, 0.0, 0.0, 1.0],
                [-0.981428, 0.0, 0.19183, -0.074437, 0.19183, 0.0, 0.981428, 0.620219, 0.0, 1.0, 0.0, 0.68617, 0.0, 0.0, 0.0, 1.0],
                [-0.940946, 0.0, 0.338557, -0.079046, 0.338557, 0.0, 0.940946, 0.667108, 0.0, 1.0, 0.0, 0.67871, 0.0, 0.0, 0.0, 1.0],
                [-0.889349, 0.0, 0.457229, -0.082861, 0.457229, 0.0, 0.889349, 0.709594, 0.0, 1.0, 0.0, 0.669011, 0.0, 0.0, 0.0, 1.0],
                [-0.835197, 0.0, 0.549951, -0.08575, 0.549951, 0.0, 0.835197, 0.746775, 0.0, 1.0, 0.0, 0.659313, 0.0, 0.0, 0.0, 1.0],
                [-0.78458, 0.0, 0.620027, -0.087581, 0.620027, 0.0, 0.78458, 0.777751, 0.0, 1.0, 0.0, 0.651852, 0.0, 0.0, 0.0, 1.0],
                [-0.741655, 0.0, 0.670782, -0.08822, 0.670782, 0.0, 0.741655, 0.801621, 0.0, 1.0, 0.0, 0.648868, 0.0, 0.0, 0.0, 1.0],
                [-0.709981, 0.0, 0.704221, -0.08822, 0.704221, 0.0, 0.709981, 0.818171, 0.0, 1.0, 0.0, 0.65035, 0.0, 0.0, 0.0, 1.0],
                [-0.688685, 0.0, 0.725061, -0.08822, 0.725061, 0.0, 0.688685, 0.829929, 0.0, 1.0, 0.0, 0.654372, 0.0, 0.0, 0.0, 1.0],
                [-0.673566, 0.0, 0.739128, -0.08822, 0.739128, 0.0, 0.673566, 0.840111, 0.0, 1.0, 0.0, 0.660299, 0.0, 0.0, 0.0, 1.0],
                [-0.659938, 0.0, 0.75132, -0.08822, 0.75132, 0.0, 0.659938, 0.851934, 0.0, 1.0, 0.0, 0.667497, 0.0, 0.0, 0.0, 1.0],
                [-0.642793, 0.0, 0.76604, -0.08822, 0.76604, 0.0, 0.642793, 0.868611, 0.0, 1.0, 0.0, 0.67533, 0.0, 0.0, 0.0, 1.0],
                [-0.616653, 0.0, 0.787235, -0.08822, 0.787235, 0.0, 0.616653, 0.89336, 0.0, 1.0, 0.0, 0.683162, 0.0, 0.0, 0.0, 1.0],
                [-0.575246, 0.0, 0.81798, -0.08822, 0.81798, 0.0, 0.575246, 0.929394, 0.0, 1.0, 0.0, 0.69036, 0.0, 0.0, 0.0, 1.0],
                [-0.51115, 0.0, 0.859491, -0.08822, 0.859491, 0.0, 0.51115, 0.979931, 0.0, 1.0, 0.0, 0.696287, 0.0, 0.0, 0.0, 1.0],
                [-0.415854, 0.0, 0.909432, -0.08822, 0.909432, 0.0, 0.415854, 1.048185, 0.0, 1.0, 0.0, 0.700309, 0.0, 0.0, 0.0, 1.0],
                [-0.281099, 0.0, 0.959679, -0.08822, 0.959679, 0.0, 0.281099, 1.137372, 0.0, 1.0, 0.0, 0.701791, 0.0, 0.0, 0.0, 1.0],
                [-0.004098, 0.0, 0.999992, -0.08822, 0.999992, 0.0, 0.004098, 1.266914, 0.0, 1.0, 0.0, 0.693231, 0.0, 0.0, 0.0, 1.0],
                [0.462744, 0.0, 0.886492, -0.08822, 0.886492, 0.0, -0.462744, 1.436803, 0.0, 1.0, 0.0, 0.670731, 0.0, 0.0, 0.0, 1.0],
                [0.872452, 0.0, 0.4887, -0.08822, 0.4887, 0.0, -0.872452, 1.621105, 0.0, 1.0, 0.0, 0.639055, 0.0, 0.0, 0.0, 1.0],
                [0.999637, 0.0, 0.026935, -0.08822, 0.026935, 0.0, -0.999637, 1.793888, 0.0, 1.0, 0.0, 0.602972, 0.0, 0.0, 0.0, 1.0],
                [0.973581, 0.0, -0.228344, -0.08822, -0.228344, 0.0, -0.973581, 1.929217, 0.0, 1.0, 0.0, 0.567247, 0.0, 0.0, 0.0, 1.0],
                [0.942867, 0.0, -0.333171, -0.08822, -0.333171, 0.0, -0.942867, 2.026715, 0.0, 1.0, 0.0, 0.535795, 0.0, 0.0, 0.0, 1.0],
                [0.910224, 0.0, -0.414116, -0.08822, -0.414116, 0.0, -0.910224, 2.104741, 0.0, 1.0, 0.0, 0.509123, 0.0, 0.0, 0.0, 1.0],
                [0.879765, 0.0, -0.475409, -0.08822, -0.475409, 0.0, -0.879765, 2.165471, 0.0, 1.0, 0.0, 0.486885, 0.0, 0.0, 0.0, 1.0],
                [0.853659, 0.0, -0.520832, -0.08822, -0.520832, 0.0, -0.853659, 2.211082, 0.0, 1.0, 0.0, 0.468734, 0.0, 0.0, 0.0, 1.0],
                [0.832818, 0.0, -0.553546, -0.08822, -0.553546, 0.0, -0.832818, 2.243749, 0.0, 1.0, 0.0, 0.454324, 0.0, 0.0, 0.0, 1.0],
                [0.817355, 0.0, -0.576134, -0.08822, -0.576134, 0.0, -0.817355, 2.265648, 0.0, 1.0, 0.0, 0.44331, 0.0, 0.0, 0.0, 1.0],
                [0.806871, 0.0, -0.590728, -0.08822, -0.590728, 0.0, -0.806871, 2.278955, 0.0, 1.0, 0.0, 0.435346, 0.0, 0.0, 0.0, 1.0],
                [0.800635, 0.0, -0.599152, -0.08822, -0.599152, 0.0, -0.800635, 2.285845, 0.0, 1.0, 0.0, 0.430086, 0.0, 0.0, 0.0, 1.0],
                [0.7977, 0.0, -0.603055, -0.08822, -0.603055, 0.0, -0.7977, 2.288494, 0.0, 1.0, 0.0, 0.427183, 0.0, 0.0, 0.0, 1.0],
                [0.796978, 0.0, -0.604009, -0.08822, -0.604009, 0.0, -0.796978, 2.289078, 0.0, 1.0, 0.0, 0.426293, 0.0, 0.0, 0.0, 1.0],
                [0.797068, 0.0, -0.60389, -0.08822, -0.60389, 0.0, -0.797068, 2.289411, 0.0, 1.0, 0.0, 0.426502, 0.0, 0.0, 0.0, 1.0],
                [0.797336, 0.0, -0.603535, -0.08822, -0.603535, 0.0, -0.797336, 2.289851, 0.0, 1.0, 0.0, 0.42712, 0.0, 0.0, 0.0, 1.0],
                [0.797779, 0.0, -0.60295, -0.08822, -0.60295, 0.0, -0.797779, 2.290399, 0.0, 1.0, 0.0, 0.428134, 0.0, 0.0, 0.0, 1.0],
                [0.798393, 0.0, -0.602136, -0.08822, -0.602136, 0.0, -0.798393, 2.29105, 0.0, 1.0, 0.0, 0.42953, 0.0, 0.0, 0.0, 1.0],
                [0.799175, 0.0, -0.601099, -0.08822, -0.601099, 0.0, -0.799175, 2.291803, 0.0, 1.0, 0.0, 0.431293, 0.0, 0.0, 0.0, 1.0],
                [0.800119, 0.0, -0.599841, -0.08822, -0.599841, 0.0, -0.800119, 2.292656, 0.0, 1.0, 0.0, 0.43341, 0.0, 0.0, 0.0, 1.0],
                [0.801223, 0.0, -0.598365, -0.08822, -0.598365, 0.0, -0.801223, 2.293606, 0.0, 1.0, 0.0, 0.435866, 0.0, 0.0, 0.0, 1.0],
                [0.802482, 0.0, -0.596676, -0.08822, -0.596676, 0.0, -0.802482, 2.294651, 0.0, 1.0, 0.0, 0.438649, 0.0, 0.0, 0.0, 1.0],
                [0.803891, 0.0, -0.594776, -0.08822, -0.594776, 0.0, -0.803891, 2.295789, 0.0, 1.0, 0.0, 0.441745, 0.0, 0.0, 0.0, 1.0],
                [0.805446, 0.0, -0.592669, -0.08822, -0.592669, 0.0, -0.805446, 2.297018, 0.0, 1.0, 0.0, 0.445138, 0.0, 0.0, 0.0, 1.0],
                [0.807143, 0.0, -0.590356, -0.08822, -0.590356, 0.0, -0.807143, 2.298334, 0.0, 1.0, 0.0, 0.448816, 0.0, 0.0, 0.0, 1.0],
                [0.808976, 0.0, -0.587842, -0.08822, -0.587842, 0.0, -0.808976, 2.299737, 0.0, 1.0, 0.0, 0.452765, 0.0, 0.0, 0.0, 1.0],
                [0.810941, 0.0, -0.585128, -0.08822, -0.585128, 0.0, -0.810941, 2.301224, 0.0, 1.0, 0.0, 0.456971, 0.0, 0.0, 0.0, 1.0],
                [0.813033, 0.0, -0.582218, -0.08822, -0.582218, 0.0, -0.813033, 2.302792, 0.0, 1.0, 0.0, 0.46142, 0.0, 0.0, 0.0, 1.0],
                [0.815246, 0.0, -0.579114, -0.08822, -0.579114, 0.0, -0.815246, 2.304439, 0.0, 1.0, 0.0, 0.466098, 0.0, 0.0, 0.0, 1.0],
                [0.817577, 0.0, -0.57582, -0.08822, -0.57582, 0.0, -0.817577, 2.306163, 0.0, 1.0, 0.0, 0.470991, 0.0, 0.0, 0.0, 1.0],
                [0.820019, 0.0, -0.572337, -0.08822, -0.572337, 0.0, -0.820019, 2.307962, 0.0, 1.0, 0.0, 0.476086, 0.0, 0.0, 0.0, 1.0],
                [0.822567, 0.0, -0.568668, -0.08822, -0.568668, 0.0, -0.822567, 2.309834, 0.0, 1.0, 0.0, 0.481368, 0.0, 0.0, 0.0, 1.0],
                [0.825216, 0.0, -0.564817, -0.08822, -0.564817, 0.0, -0.825216, 2.311776, 0.0, 1.0, 0.0, 0.486824, 0.0, 0.0, 0.0, 1.0],
                [0.827961, 0.0, -0.560785, -0.08822, -0.560785, 0.0, -0.827961, 2.313785, 0.0, 1.0, 0.0, 0.49244, 0.0, 0.0, 0.0, 1.0],
                [0.830797, 0.0, -0.556576, -0.08822, -0.556576, 0.0, -0.830797, 2.315861, 0.0, 1.0, 0.0, 0.498201, 0.0, 0.0, 0.0, 1.0],
                [0.833717, 0.0, -0.552192, -0.08822, -0.552192, 0.0, -0.833717, 2.317999, 0.0, 1.0, 0.0, 0.504095, 0.0, 0.0, 0.0, 1.0],
                [0.836717, 0.0, -0.547636, -0.08822, -0.547636, 0.0, -0.836717, 2.320199, 0.0, 1.0, 0.0, 0.510108, 0.0, 0.0, 0.0, 1.0],
                [0.839791, 0.0, -0.542911, -0.08822, -0.542911, 0.0, -0.839791, 2.322458, 0.0, 1.0, 0.0, 0.516225, 0.0, 0.0, 0.0, 1.0],
                [0.842933, 0.0, -0.538019, -0.08822, -0.538019, 0.0, -0.842933, 2.324773, 0.0, 1.0, 0.0, 0.522432, 0.0, 0.0, 0.0, 1.0],
                [0.846138, 0.0, -0.532964, -0.08822, -0.532964, 0.0, -0.846138, 2.327143, 0.0, 1.0, 0.0, 0.528716, 0.0, 0.0, 0.0, 1.0],
                [0.849401, 0.0, -0.527748, -0.08822, -0.527748, 0.0, -0.849401, 2.329566, 0.0, 1.0, 0.0, 0.535063, 0.0, 0.0, 0.0, 1.0],
                [0.852716, 0.0, -0.522374, -0.08822, -0.522374, 0.0, -0.852716, 2.332037, 0.0, 1.0, 0.0, 0.54146, 0.0, 0.0, 0.0, 1.0],
                [0.856078, 0.0, -0.516847, -0.08822, -0.516847, 0.0, -0.856078, 2.334557, 0.0, 1.0, 0.0, 0.547891, 0.0, 0.0, 0.0, 1.0],
                [0.859481, 0.0, -0.511168, -0.08822, -0.511168, 0.0, -0.859481, 2.337122, 0.0, 1.0, 0.0, 0.554344, 0.0, 0.0, 0.0, 1.0],
                [0.862919, 0.0, -0.505342, -0.08822, -0.505342, 0.0, -0.862919, 2.33973, 0.0, 1.0, 0.0, 0.560804, 0.0, 0.0, 0.0, 1.0],
                [0.866388, 0.0, -0.499371, -0.08822, -0.499371, 0.0, -0.866388, 2.342378, 0.0, 1.0, 0.0, 0.567258, 0.0, 0.0, 0.0, 1.0],
                [0.869883, 0.0, -0.493259, -0.08822, -0.493259, 0.0, -0.869883, 2.345066, 0.0, 1.0, 0.0, 0.573691, 0.0, 0.0, 0.0, 1.0],
                [0.873396, 0.0, -0.48701, -0.08822, -0.48701, 0.0, -0.873396, 2.34779, 0.0, 1.0, 0.0, 0.580091, 0.0, 0.0, 0.0, 1.0],
                [0.876925, 0.0, -0.480627, -0.08822, -0.480627, 0.0, -0.876925, 2.350547, 0.0, 1.0, 0.0, 0.586443, 0.0, 0.0, 0.0, 1.0],
                [0.880463, 0.0, -0.474115, -0.08822, -0.474115, 0.0, -0.880463, 2.353337, 0.0, 1.0, 0.0, 0.592733, 0.0, 0.0, 0.0, 1.0],
                [0.884005, 0.0, -0.467477, -0.08822, -0.467477, 0.0, -0.884005, 2.356156, 0.0, 1.0, 0.0, 0.598947, 0.0, 0.0, 0.0, 1.0],
                [0.887547, 0.0, -0.460717, -0.08822, -0.460717, 0.0, -0.887547, 2.359003, 0.0, 1.0, 0.0, 0.605072, 0.0, 0.0, 0.0, 1.0],
                [0.891083, 0.0, -0.453839, -0.08822, -0.453839, 0.0, -0.891083, 2.361874, 0.0, 1.0, 0.0, 0.611093, 0.0, 0.0, 0.0, 1.0],
                [0.89461, 0.0, -0.446849, -0.08822, -0.446849, 0.0, -0.89461, 2.364768, 0.0, 1.0, 0.0, 0.616998, 0.0, 0.0, 0.0, 1.0],
                [0.898121, 0.0, -0.439749, -0.08822, -0.439749, 0.0, -0.898121, 2.367683, 0.0, 1.0, 0.0, 0.622771, 0.0, 0.0, 0.0, 1.0],
                [0.901613, 0.0, -0.432545, -0.08822, -0.432545, 0.0, -0.901613, 2.370616, 0.0, 1.0, 0.0, 0.6284, 0.0, 0.0, 0.0, 1.0],
                [0.90508, 0.0, -0.425241, -0.08822, -0.425241, 0.0, -0.90508, 2.373565, 0.0, 1.0, 0.0, 0.633869, 0.0, 0.0, 0.0, 1.0],
                [0.90852, 0.0, -0.417842, -0.08822, -0.417842, 0.0, -0.90852, 2.376528, 0.0, 1.0, 0.0, 0.639166, 0.0, 0.0, 0.0, 1.0],
                [0.911927, 0.0, -0.410352, -0.08822, -0.410352, 0.0, -0.911927, 2.379502, 0.0, 1.0, 0.0, 0.644277, 0.0, 0.0, 0.0, 1.0],
                [0.915298, 0.0, -0.402778, -0.08822, -0.402778, 0.0, -0.915298, 2.382485, 0.0, 1.0, 0.0, 0.649188, 0.0, 0.0, 0.0, 1.0],
                [0.918628, 0.0, -0.395123, -0.08822, -0.395123, 0.0, -0.918628, 2.385475, 0.0, 1.0, 0.0, 0.653884, 0.0, 0.0, 0.0, 1.0],
                [0.921915, 0.0, -0.387393, -0.08822, -0.387393, 0.0, -0.921915, 2.388471, 0.0, 1.0, 0.0, 0.658352, 0.0, 0.0, 0.0, 1.0],
                [0.925153, 0.0, -0.379593, -0.08822, -0.379593, 0.0, -0.925153, 2.391468, 0.0, 1.0, 0.0, 0.662578, 0.0, 0.0, 0.0, 1.0],
                [0.928341, 0.0, -0.371729, -0.08822, -0.371729, 0.0, -0.928341, 2.394465, 0.0, 1.0, 0.0, 0.666549, 0.0, 0.0, 0.0, 1.0],
                [0.931475, 0.0, -0.363806, -0.08822, -0.363806, 0.0, -0.931475, 2.397461, 0.0, 1.0, 0.0, 0.670328, 0.0, 0.0, 0.0, 1.0],
                [0.934551, 0.0, -0.355829, -0.08822, -0.355829, 0.0, -0.934551, 2.400453, 0.0, 1.0, 0.0, 0.673988, 0.0, 0.0, 0.0, 1.0],
                [0.937567, 0.0, -0.347805, -0.08822, -0.347805, 0.0, -0.937567, 2.403441, 0.0, 1.0, 0.0, 0.677532, 0.0, 0.0, 0.0, 1.0],
                [0.94052, 0.0, -0.339738, -0.08822, -0.339738, 0.0, -0.94052, 2.406422, 0.0, 1.0, 0.0, 0.680962, 0.0, 0.0, 0.0, 1.0],
                [0.943408, 0.0, -0.331635, -0.08822, -0.331635, 0.0, -0.943408, 2.409395, 0.0, 1.0, 0.0, 0.68428, 0.0, 0.0, 0.0, 1.0],
                [0.946228, 0.0, -0.323502, -0.08822, -0.323502, 0.0, -0.946228, 2.412359, 0.0, 1.0, 0.0, 0.687487, 0.0, 0.0, 0.0, 1.0],
                [0.948978, 0.0, -0.315343, -0.08822, -0.315343, 0.0, -0.948978, 2.415313, 0.0, 1.0, 0.0, 0.690585, 0.0, 0.0, 0.0, 1.0],
                [0.951656, 0.0, -0.307166, -0.08822, -0.307166, 0.0, -0.951656, 2.418255, 0.0, 1.0, 0.0, 0.693577, 0.0, 0.0, 0.0, 1.0],
                [0.95426, 0.0, -0.298977, -0.08822, -0.298977, 0.0, -0.95426, 2.421184, 0.0, 1.0, 0.0, 0.696463, 0.0, 0.0, 0.0, 1.0],
                [0.95679, 0.0, -0.29078, -0.08822, -0.29078, 0.0, -0.95679, 2.424098, 0.0, 1.0, 0.0, 0.699246, 0.0, 0.0, 0.0, 1.0],
                [0.959243, 0.0, -0.282584, -0.08822, -0.282584, 0.0, -0.959243, 2.426996, 0.0, 1.0, 0.0, 0.701929, 0.0, 0.0, 0.0, 1.0],
                [0.961618, 0.0, -0.274392, -0.08822, -0.274392, 0.0, -0.961618, 2.429876, 0.0, 1.0, 0.0, 0.704511, 0.0, 0.0, 0.0, 1.0],
                [0.963914, 0.0, -0.266212, -0.08822, -0.266212, 0.0, -0.963914, 2.432738, 0.0, 1.0, 0.0, 0.706997, 0.0, 0.0, 0.0, 1.0],
                [0.966132, 0.0, -0.25805, -0.08822, -0.25805, 0.0, -0.966132, 2.435579, 0.0, 1.0, 0.0, 0.709387, 0.0, 0.0, 0.0, 1.0],
                [0.968269, 0.0, -0.249912, -0.08822, -0.249912, 0.0, -0.968269, 2.438399, 0.0, 1.0, 0.0, 0.711683, 0.0, 0.0, 0.0, 1.0],
                [0.970325, 0.0, -0.241804, -0.08822, -0.241804, 0.0, -0.970325, 2.441195, 0.0, 1.0, 0.0, 0.713887, 0.0, 0.0, 0.0, 1.0],
                [0.972301, 0.0, -0.233732, -0.08822, -0.233732, 0.0, -0.972301, 2.443967, 0.0, 1.0, 0.0, 0.716001, 0.0, 0.0, 0.0, 1.0],
                [0.974196, 0.0, -0.225702, -0.08822, -0.225702, 0.0, -0.974196, 2.446714, 0.0, 1.0, 0.0, 0.718028, 0.0, 0.0, 0.0, 1.0],
                [0.976011, 0.0, -0.217721, -0.08822, -0.217721, 0.0, -0.976011, 2.449433, 0.0, 1.0, 0.0, 0.719968, 0.0, 0.0, 0.0, 1.0],
                [0.977745, 0.0, -0.209795, -0.08822, -0.209795, 0.0, -0.977745, 2.452123, 0.0, 1.0, 0.0, 0.721823, 0.0, 0.0, 0.0, 1.0],
                [0.9794, 0.0, -0.201929, -0.08822, -0.201929, 0.0, -0.9794, 2.454784, 0.0, 1.0, 0.0, 0.723597, 0.0, 0.0, 0.0, 1.0],
                [0.980976, 0.0, -0.19413, -0.08822, -0.19413, 0.0, -0.980976, 2.457413, 0.0, 1.0, 0.0, 0.725289, 0.0, 0.0, 0.0, 1.0],
                [0.982473, 0.0, -0.186404, -0.08822, -0.186404, 0.0, -0.982473, 2.460009, 0.0, 1.0, 0.0, 0.726903, 0.0, 0.0, 0.0, 1.0],
                [0.983893, 0.0, -0.178757, -0.08822, -0.178757, 0.0, -0.983893, 2.46257, 0.0, 1.0, 0.0, 0.72844, 0.0, 0.0, 0.0, 1.0],
                [0.985237, 0.0, -0.171194, -0.08822, -0.171194, 0.0, -0.985237, 2.465097, 0.0, 1.0, 0.0, 0.729903, 0.0, 0.0, 0.0, 1.0],
                [0.986506, 0.0, -0.163722, -0.08822, -0.163722, 0.0, -0.986506, 2.467586, 0.0, 1.0, 0.0, 0.731292, 0.0, 0.0, 0.0, 1.0],
                [0.987702, 0.0, -0.156347, -0.08822, -0.156347, 0.0, -0.987702, 2.470037, 0.0, 1.0, 0.0, 0.732609, 0.0, 0.0, 0.0, 1.0],
                [0.988826, 0.0, -0.149074, -0.08822, -0.149074, 0.0, -0.988826, 2.472447, 0.0, 1.0, 0.0, 0.733858, 0.0, 0.0, 0.0, 1.0],
                [0.98988, 0.0, -0.141909, -0.08822, -0.141909, 0.0, -0.98988, 2.474817, 0.0, 1.0, 0.0, 0.735039, 0.0, 0.0, 0.0, 1.0],
                [0.990865, 0.0, -0.134858, -0.08822, -0.134858, 0.0, -0.990865, 2.477144, 0.0, 1.0, 0.0, 0.736154, 0.0, 0.0, 0.0, 1.0],
                [0.991784, 0.0, -0.127926, -0.08822, -0.127926, 0.0, -0.991784, 2.479427, 0.0, 1.0, 0.0, 0.737206, 0.0, 0.0, 0.0, 1.0],
                [0.992638, 0.0, -0.121119, -0.08822, -0.121119, 0.0, -0.992638, 2.481664, 0.0, 1.0, 0.0, 0.738196, 0.0, 0.0, 0.0, 1.0],
                [0.99343, 0.0, -0.114443, -0.08822, -0.114443, 0.0, -0.99343, 2.483855, 0.0, 1.0, 0.0, 0.739126, 0.0, 0.0, 0.0, 1.0],
                [0.994161, 0.0, -0.107903, -0.08822, -0.107903, 0.0, -0.994161, 2.485998, 0.0, 1.0, 0.0, 0.739998, 0.0, 0.0, 0.0, 1.0],
                [0.994835, 0.0, -0.101504, -0.08822, -0.101504, 0.0, -0.994835, 2.488091, 0.0, 1.0, 0.0, 0.740813, 0.0, 0.0, 0.0, 1.0],
                [0.995453, 0.0, -0.095252, -0.08822, -0.095252, 0.0, -0.995453, 2.490132, 0.0, 1.0, 0.0, 0.741574, 0.0, 0.0, 0.0, 1.0],
                [0.996018, 0.0, -0.089152, -0.08822, -0.089152, 0.0, -0.996018, 2.492122, 0.0, 1.0, 0.0, 0.742283, 0.0, 0.0, 0.0, 1.0],
                [0.996532, 0.0, -0.083209, -0.08822, -0.083209, 0.0, -0.996532, 2.494057, 0.0, 1.0, 0.0, 0.742941, 0.0, 0.0, 0.0, 1.0],
                [0.996998, 0.0, -0.077429, -0.08822, -0.077429, 0.0, -0.996998, 2.495938, 0.0, 1.0, 0.0, 0.743551, 0.0, 0.0, 0.0, 1.0],
                [0.997418, 0.0, -0.071816, -0.08822, -0.071816, 0.0, -0.997418, 2.497762, 0.0, 1.0, 0.0, 0.744113, 0.0, 0.0, 0.0, 1.0],
                [0.997795, 0.0, -0.066376, -0.08822, -0.066376, 0.0, -0.997795, 2.499527, 0.0, 1.0, 0.0, 0.744631, 0.0, 0.0, 0.0, 1.0],
                [0.998131, 0.0, -0.061113, -0.08822, -0.061113, 0.0, -0.998131, 2.501234, 0.0, 1.0, 0.0, 0.745105, 0.0, 0.0, 0.0, 1.0],
                [0.998429, 0.0, -0.056033, -0.08822, -0.056033, 0.0, -0.998429, 2.502879, 0.0, 1.0, 0.0, 0.745538, 0.0, 0.0, 0.0, 1.0],
                [0.998691, 0.0, -0.051141, -0.08822, -0.051141, 0.0, -0.998691, 2.504462, 0.0, 1.0, 0.0, 0.745932, 0.0, 0.0, 0.0, 1.0],
                [0.998921, 0.0, -0.04644, -0.08822, -0.04644, 0.0, -0.998921, 2.505982, 0.0, 1.0, 0.0, 0.746289, 0.0, 0.0, 0.0, 1.0],
                [0.99912, 0.0, -0.041937, -0.08822, -0.041937, 0.0, -0.99912, 2.507437, 0.0, 1.0, 0.0, 0.746609, 0.0, 0.0, 0.0, 1.0],
                [0.999291, 0.0, -0.037636, -0.08822, -0.037636, 0.0, -0.999291, 2.508825, 0.0, 1.0, 0.0, 0.746897, 0.0, 0.0, 0.0, 1.0],
                [0.999437, 0.0, -0.033542, -0.08822, -0.033542, 0.0, -0.999437, 2.510146, 0.0, 1.0, 0.0, 0.747152, 0.0, 0.0, 0.0, 1.0],
                [0.99956, 0.0, -0.029659, -0.08822, -0.029659, 0.0, -0.99956, 2.511397, 0.0, 1.0, 0.0, 0.747377, 0.0, 0.0, 0.0, 1.0],
                [0.999662, 0.0, -0.025992, -0.08822, -0.025992, 0.0, -0.999662, 2.512578, 0.0, 1.0, 0.0, 0.747574, 0.0, 0.0, 0.0, 1.0],
                [0.999746, 0.0, -0.022546, -0.08822, -0.022546, 0.0, -0.999746, 2.513686, 0.0, 1.0, 0.0, 0.747745, 0.0, 0.0, 0.0, 1.0],
                [0.999813, 0.0, -0.019326, -0.08822, -0.019326, 0.0, -0.999813, 2.514722, 0.0, 1.0, 0.0, 0.747891, 0.0, 0.0, 0.0, 1.0],
                [0.999867, 0.0, -0.016336, -0.08822, -0.016336, 0.0, -0.999867, 2.515682, 0.0, 1.0, 0.0, 0.748015, 0.0, 0.0, 0.0, 1.0],
                [0.999908, 0.0, -0.013581, -0.08822, -0.013581, 0.0, -0.999908, 2.516567, 0.0, 1.0, 0.0, 0.748119, 0.0, 0.0, 0.0, 1.0],
                [0.999939, 0.0, -0.011066, -0.08822, -0.011066, 0.0, -0.999939, 2.517374, 0.0, 1.0, 0.0, 0.748203, 0.0, 0.0, 0.0, 1.0],
                [0.999961, 0.0, -0.008796, -0.08822, -0.008796, 0.0, -0.999961, 2.518101, 0.0, 1.0, 0.0, 0.748271, 0.0, 0.0, 0.0, 1.0],
                [0.999977, 0.0, -0.006774, -0.08822, -0.006774, 0.0, -0.999977, 2.518749, 0.0, 1.0, 0.0, 0.748324, 0.0, 0.0, 0.0, 1.0],
                [0.999987, 0.0, -0.005006, -0.08822, -0.005006, 0.0, -0.999987, 2.519314, 0.0, 1.0, 0.0, 0.748364, 0.0, 0.0, 0.0, 1.0],
                [0.999994, 0.0, -0.003497, -0.08822, -0.003497, 0.0, -0.999994, 2.519797, 0.0, 1.0, 0.0, 0.748392, 0.0, 0.0, 0.0, 1.0],
                [0.999997, 0.0, -0.002251, -0.08822, -0.002251, 0.0, -0.999997, 2.520195, 0.0, 1.0, 0.0, 0.748411, 0.0, 0.0, 0.0, 1.0],
                [0.999999, 0.0, -0.001274, -0.08822, -0.001274, 0.0, -0.999999, 2.520507, 0.0, 1.0, 0.0, 0.748423, 0.0, 0.0, 0.0, 1.0],
                [1.0, 0.0, -0.000569, -0.08822, -0.000569, 0.0, -1.0, 2.520731, 0.0, 1.0, 0.0, 0.748429, 0.0, 0.0, 0.0, 1.0],
                [1.0, 0.0, -0.000143, -0.08822, -0.000143, 0.0, -1.0, 2.520867, 0.0, 1.0, 0.0, 0.748431, 0.0, 0.0, 0.0, 1.0],
                [1.0, 0.0, 0.0, -0.08822, 0.0, 0.0, -1.0, 2.520912, 0.0, 1.0, 0.0, 0.748431, 0.0, 0.0, 0.0, 1.0]
            ]
        },
        {
            "name": "Thigh_R",
            "time": [0.0, 0.0167, 0.0333, 0.05, 0.0667, 0.0833, 0.1, 0.1167, 0.1333, 0.15, 0.1667, 0.1833, 0.2, 0.2167, 0.2333, 0.25, 0.2667, 0.2833, 0.3, 0.3167, 0.3333, 0.35, 0.3667, 0.3833, 0.4, 0.4167, 0.4333, 0.45, 0.4667, 0.4833, 0.5, 0.5167, 0.5333, 0.55, 0.5667, 0.5833, 0.6, 0.6167, 0.6333, 0.65, 0.6667, 0.6833, 0.7, 0.7167, 0.7333, 0.75, 0.7667, 0.7833, 0.8, 0.8167, 0.8333, 0.85, 0.8667, 0.8833, 0.9, 0.9167, 0.9333, 0.95, 0.9667, 0.9833, 1.0, 1.0167, 1.0333, 1.05, 1.0667, 1.0833, 1.1, 1.1167, 1.1333, 1.15, 1.1667, 1.1833, 1.2, 1.2167, 1.2333, 1.25, 1.2667, 1.2833, 1.3, 1.3167, 1.3333, 1.35, 1.3667, 1.3833, 1.4, 1.4167, 1.4333, 1.45, 1.4667, 1.4833, 1.5, 1.5167, 1.5333, 1.55, 1.5667, 1.5833, 1.6, 1.6167, 1.6333, 1.65, 1.6667, 1.6833, 1.7, 1.7167, 1.7333, 1.75, 1.7667, 1.7833, 1.8, 1.8167, 1.8333, 1.85, 1.8667, 1.8833, 1.9, 1.9167, 1.9333, 1.95, 1.9667, 1.9833, 2.0, 2.0167, 2.0333, 2.05, 2.0667, 2.0833, 2.1, 2.1167, 2.1333, 2.15, 2.1667, 2.1833, 2.2, 2.2167, 2.2333, 2.25, 2.2667, 2.2833, 2.3, 2.3167, 2.3333, 2.35, 2.3667, 2.3833, 2.4, 2.4167, 2.4333, 2.45, 2.4667, 2.4833, 2.5, 2.5167, 2.5333, 2.55, 2.5667, 2.5833, 2.6, 2.6167, 2.6333, 2.65],
            "transform": [
                [0.703153, 0.687576, 0.181141, 0.124994, 0.683725, -0.723763, 0.093194, -0.002831, 0.195181, 0.058321, -0.979032, -1.2e-05, 0.0, 0.0, 0.0, 1.0],
                [0.701884, 0.685446, 0.193701, 0.124994, 0.682612, -0.724969, 0.091972, -0.002831, 0.203469, 0.067669, -0.97674, -1.2e-05, 0.0, 0.0, 0.0, 1.0],
                [0.697628, 0.67881, 0.229196, 0.124994, 0.679515, -0.728284, 0.088655, -0.002831, 0.2271, 0.093894, -0.969335, -1.2e-05, 0.0, 0.0, 0.0, 1.0],
                [0.68904, 0.666581, 0.284416, 0.124994, 0.674811, -0.733233, 0.083643, -0.002831, 0.264298, 0.134294, -0.955046, -1.2e-05, 0.0, 0.0, 0.0, 1.0],
                [0.674215, 0.647183, 0.355788, 0.124994, 0.668899, -0.739323, 0.077286, -0.002831, 0.313061, 0.185879, -0.931366, -1.2e-05, 0.0, 0.0, 0.0, 1.0],
                [0.651157, 0.619142, 0.438926, 0.124994, 0.662184, -0.746061, 0.070019, -0.002831, 0.370817, 0.245056, -0.895791, -1.2e-05, 0.0, 0.0, 0.0, 1.0],
                [0.618335, 0.581736, 0.528435, 0.124994, 0.655054, -0.752994, 0.062455, -0.002831, 0.434241, 0.307535, -0.846674, -1.2e-05, 0.0, 0.0, 0.0, 1.0],
                [0.575292, 0.535625, 0.618178, 0.124994, 0.647813, -0.759777, 0.055446, -0.002831, 0.499377, 0.368566, -0.78408, -1.2e-05, 0.0, 0.0, 0.0, 1.0],
                [0.523126, 0.483239, 0.70201, 0.124994, 0.640616, -0.766226, 0.050069, -0.002831, 0.562094, 0.423526, -0.710405, -1.2e-05, 0.0, 0.0, 0.0, 1.0],
                [0.464624, 0.428743, 0.774792, 0.124994, 0.633418, -0.772346, 0.047546, -0.002831, 0.618793, 0.468676, -0.630426, -1.2e-05, 0.0, 0.0, 0.0, 1.0],
                [0.403946, 0.377499, 0.83326, 0.124994, 0.625974, -0.778292, 0.04914, -0.002831, 0.667071, 0.501748, -0.550695, -1.2e-05, 0.0, 0.0, 0.0, 1.0],
                [0.345976, 0.335231, 0.876311, 0.124994, 0.617907, -0.784248, 0.056058, -0.002831, 0.706039, 0.522083, -0.478474, -1.2e-05, 0.0, 0.0, 0.0, 1.0],
                [0.295608, 0.307209, 0.904565, 0.124994, 0.608832, -0.790254, 0.069424, -0.002831, 0.736164, 0.530206, -0.420645, -1.2e-05, 0.0, 0.0, 0.0, 1.0],
                [0.252151, 0.301162, 0.919631, 0.124994, 0.596303, -0.796821, 0.097447, -0.002831, 0.76213, 0.523807, -0.380504, -1.2e-05, 0.0, 0.0, 0.0, 1.0],
                [0.212631, 0.317867, 0.923985, 0.124994, 0.577841, -0.803446, 0.143426, -0.002831, 0.787963, 0.503419, -0.354515, -1.2e-05, 0.0, 0.0, 0.0, 1.0],
                [0.178211, 0.351187, 0.919189, 0.124994, 0.553667, -0.808022, 0.201371, -0.002831, 0.813445, 0.473037, -0.33844, -1.2e-05, 0.0, 0.0, 0.0, 1.0],
                [0.149906, 0.394783, 0.906463, 0.124994, 0.524751, -0.808801, 0.26547, -0.002831, 0.837951, 0.435872, -0.328408, -1.2e-05, 0.0, 0.0, 0.0, 1.0],
                [0.128335, 0.442363, 0.887606, 0.124994, 0.492739, -0.805161, 0.330033, -0.002831, 0.860661, 0.395003, -0.3213, -1.2e-05, 0.0, 0.0, 0.0, 1.0],
                [0.113515, 0.488006, 0.865427, 0.124994, 0.459754, -0.797984, 0.389674, -0.002831, 0.880761, 0.353649, -0.314947, -1.2e-05, 0.0, 0.0, 0.0, 1.0],
                [0.104802, 0.52645, 0.843722, 0.124994, 0.42814, -0.78963, 0.43952, -0.002831, 0.897614, 0.315169, -0.30815, -1.2e-05, 0.0, 0.0, 0.0, 1.0],
                [0.100986, 0.553154, 0.826935, 0.124994, 0.400202, -0.783555, 0.475265, -0.002831, 0.910845, 0.282946, -0.300502, -1.2e-05, 0.0, 0.0, 0.0, 1.0],
                [0.103328, 0.564364, 0.819033, 0.124994, 0.370321, -0.786067, 0.494933, -0.002831, 0.923138, 0.252165, -0.29022, -1.2e-05, 0.0, 0.0, 0.0, 1.0],
                [0.112696, 0.561114, 0.82003, 0.124994, 0.332715, -0.798954, 0.50097, -0.002831, 0.936269, 0.216379, -0.276731, -1.2e-05, 0.0, 0.0, 0.0, 1.0],
                [0.126974, 0.545928, 0.828154, 0.124994, 0.289207, -0.819009, 0.49556, -0.002831, 0.948807, 0.176585, -0.26188, -1.2e-05, 0.0, 0.0, 0.0, 1.0],
                [0.144134, 0.521126, 0.84122, 0.124994, 0.241805, -0.842872, 0.480722, -0.002831, 0.95956, 0.134123, -0.247498, -1.2e-05, 0.0, 0.0, 0.0, 1.0],
                [0.162407, 0.489287, 0.856868, 0.124994, 0.192943, -0.867378, 0.458722, -0.002831, 0.967676, 0.090827, -0.235273, -1.2e-05, 0.0, 0.0, 0.0, 1.0],
                [0.180452, 0.453515, 0.872789, 0.124994, 0.145558, -0.889897, 0.432312, -0.002831, 0.972753, 0.04903, -0.226597, -1.2e-05, 0.0, 0.0, 0.0, 1.0],
                [0.19748, 0.417508, 0.886955, 0.124994, 0.103006, -0.908599, 0.404764, -0.002831, 0.97488, 0.011429, -0.222437, -1.2e-05, 0.0, 0.0, 0.0, 1.0],
                [0.213269, 0.385431, 0.897752, 0.124994, 0.06887, -0.922536, 0.379712, -0.002831, 0.974563, -0.019153, -0.223294, -1.2e-05, 0.0, 0.0, 0.0, 1.0],
                [0.228005, 0.361678, 0.903993, 0.124994, 0.046753, -0.931441, 0.36087, -0.002831, 0.972537, -0.040015, -0.229283, -1.2e-05, 0.0, 0.0, 0.0, 1.0],
                [0.241945, 0.35059, 0.904737, 0.124994, 0.040105, -0.935254, 0.351693, -0.002831, 0.96946, -0.048805, -0.240341, -1.2e-05, 0.0, 0.0, 0.0, 1.0],
                [0.307078, 0.351441, 0.884416, 0.124994, 0.087721, -0.935811, 0.341408, -0.002831, 0.947632, -0.027257, -0.318197, -1.2e-05, 0.0, 0.0, 0.0, 1.0],
                [0.437198, 0.366073, 0.821491, 0.124994, 0.20376, -0.929976, 0.305977, -0.002831, 0.875979, 0.033615, -0.481177, -1.2e-05, 0.0, 0.0, 0.0, 1.0],
                [0.568374, 0.401771, 0.718005, 0.124994, 0.347921, -0.908167, 0.232767, -0.002831, 0.745588, 0.11751, -0.655965, -1.2e-05, 0.0, 0.0, 0.0, 1.0],
                [0.64539, 0.453905, 0.614362, 0.124994, 0.478843, -0.867052, 0.137574, -0.002831, 0.59513, 0.205394, -0.776939, -1.2e-05, 0.0, 0.0, 0.0, 1.0],
                [0.645802, 0.503319, 0.574115, 0.124994, 0.576883, -0.814241, 0.064922, -0.002831, 0.500145, 0.28927, -0.816197, -1.2e-05, 0.0, 0.0, 0.0, 1.0],
                [0.605878, 0.537582, 0.586443, 0.124994, 0.648372, -0.760823, 0.027577, -0.002831, 0.461005, 0.363524, -0.809521, -1.2e-05, 0.0, 0.0, 0.0, 1.0],
                [0.566774, 0.56283, 0.601655, 0.124994, 0.703547, -0.710644, 0.002029, -0.002831, 0.428704, 0.422142, -0.798754, -1.2e-05, 0.0, 0.0, 0.0, 1.0],
                [0.529476, 0.580934, 0.618198, 0.124994, 0.746262, -0.665508, -0.013765, -0.002831, 0.40342, 0.468626, -0.785902, -1.2e-05, 0.0, 0.0, 0.0, 1.0],
                [0.494674, 0.593451, 0.634911, 0.124994, 0.779282, -0.626294, -0.021756, -0.002831, 0.38473, 0.505536, -0.772279, -1.2e-05, 0.0, 0.0, 0.0, 1.0],
                [0.462984, 0.60167, 0.650875, 0.124994, 0.804568, -0.593382, -0.023784, -0.002831, 0.371908, 0.534684, -0.758813, -1.2e-05, 0.0, 0.0, 0.0, 1.0],
                [0.435072, 0.606673, 0.665326, 0.124994, 0.823515, -0.566881, -0.021608, -0.002831, 0.364052, 0.557306, -0.74624, -1.2e-05, 0.0, 0.0, 0.0, 1.0],
                [0.411715, 0.609383, 0.6776, 0.124994, 0.837133, -0.546734, -0.016954, -0.002831, 0.360135, 0.574221, -0.735236, -1.2e-05, 0.0, 0.0, 0.0, 1.0],
                [0.393808, 0.610592, 0.687089, 0.124994, 0.846183, -0.532766, -0.011542, -0.002831, 0.359011, 0.585947, -0.726482, -1.2e-05, 0.0, 0.0, 0.0, 1.0],
                [0.382342, 0.610956, 0.693215, 0.124994, 0.851262, -0.524692, -0.00708, -0.002831, 0.359399, 0.592813, -0.720697, -1.2e-05, 0.0, 0.0, 0.0, 1.0],
                [0.378312, 0.61099, 0.695392, 0.124994, 0.852861, -0.52211, -0.005237, -0.002831, 0.359871, 0.595053, -0.718612, -1.2e-05, 0.0, 0.0, 0.0, 1.0],
                [0.378663, 0.611188, 0.695026, 0.124994, 0.852595, -0.522547, -0.004994, -0.002831, 0.360132, 0.594466, -0.718967, -1.2e-05, 0.0, 0.0, 0.0, 1.0],
                [0.379706, 0.611767, 0.693948, 0.124994, 0.851806, -0.523838, -0.004276, -0.002831, 0.3609, 0.592732, -0.720013, -1.2e-05, 0.0, 0.0, 0.0, 1.0],
                [0.381421, 0.612698, 0.692183, 0.124994, 0.850506, -0.525954, -0.003105, -0.002831, 0.362154, 0.589889, -0.721716, -1.2e-05, 0.0, 0.0, 0.0, 1.0],
                [0.383794, 0.613954, 0.689755, 0.124994, 0.848706, -0.528861, -0.001494, -0.002831, 0.363868, 0.585971, -0.724042, -1.2e-05, 0.0, 0.0, 0.0, 1.0],
                [0.386807, 0.6155, 0.686687, 0.124994, 0.846412, -0.532526, 0.000543, -0.002831, 0.366013, 0.581009, -0.726954, -1.2e-05, 0.0, 0.0, 0.0, 1.0],
                [0.390448, 0.617301, 0.682999, 0.124994, 0.84363, -0.536914, 0.002995, -0.002831, 0.368561, 0.575029, -0.730413, -1.2e-05, 0.0, 0.0, 0.0, 1.0],
                [0.394701, 0.619319, 0.678715, 0.124994, 0.840365, -0.541988, 0.005852, -0.002831, 0.37148, 0.568057, -0.734379, -1.2e-05, 0.0, 0.0, 0.0, 1.0],
                [0.399554, 0.621514, 0.673851, 0.124994, 0.836618, -0.547709, 0.009106, -0.002831, 0.374734, 0.560117, -0.738811, -1.2e-05, 0.0, 0.0, 0.0, 1.0],
                [0.404991, 0.623844, 0.668431, 0.124994, 0.832393, -0.554038, 0.01275, -0.002831, 0.37829, 0.551232, -0.743665, -1.2e-05, 0.0, 0.0, 0.0, 1.0],
                [0.410999, 0.626265, 0.662473, 0.124994, 0.827689, -0.560934, 0.016777, -0.002831, 0.382111, 0.541426, -0.748898, -1.2e-05, 0.0, 0.0, 0.0, 1.0],
                [0.417564, 0.628732, 0.655999, 0.124994, 0.822509, -0.568355, 0.021181, -0.002831, 0.386158, 0.53072, -0.754465, -1.2e-05, 0.0, 0.0, 0.0, 1.0],
                [0.424668, 0.631201, 0.64903, 0.124994, 0.816854, -0.576259, 0.025954, -0.002831, 0.390392, 0.51914, -0.76032, -1.2e-05, 0.0, 0.0, 0.0, 1.0],
                [0.432296, 0.633625, 0.64159, 0.124994, 0.810723, -0.584601, 0.03109, -0.002831, 0.394774, 0.506711, -0.766418, -1.2e-05, 0.0, 0.0, 0.0, 1.0],
                [0.44043, 0.635958, 0.633702, 0.124994, 0.804121, -0.593338, 0.03658, -0.002831, 0.399262, 0.493461, -0.772713, -1.2e-05, 0.0, 0.0, 0.0, 1.0],
                [0.449049, 0.638153, 0.625391, 0.124994, 0.797048, -0.602422, 0.042415, -0.002831, 0.403817, 0.47942, -0.779158, -1.2e-05, 0.0, 0.0, 0.0, 1.0],
                [0.458132, 0.640165, 0.616687, 0.124994, 0.78951, -0.61181, 0.048584, -0.002831, 0.408397, 0.464622, -0.785708, -1.2e-05, 0.0, 0.0, 0.0, 1.0],
                [0.467657, 0.641948, 0.607616, 0.124994, 0.78151, -0.621454, 0.055075, -0.002831, 0.412962, 0.449102, -0.792319, -1.2e-05, 0.0, 0.0, 0.0, 1.0],
                [0.477598, 0.643461, 0.598211, 0.124994, 0.773057, -0.63131, 0.061875, -0.002831, 0.417471, 0.432899, -0.798946, -1.2e-05, 0.0, 0.0, 0.0, 1.0],
                [0.487929, 0.644659, 0.588504, 0.124994, 0.764157, -0.641331, 0.068966, -0.002831, 0.421886, 0.416058, -0.805548, -1.2e-05, 0.0, 0.0, 0.0, 1.0],
                [0.498622, 0.645505, 0.57853, 0.124994, 0.754821, -0.651472, 0.076331, -0.002831, 0.426169, 0.398626, -0.812082, -1.2e-05, 0.0, 0.0, 0.0, 1.0],
                [0.509645, 0.645961, 0.568326, 0.124994, 0.745062, -0.66169, 0.083949, -0.002831, 0.430283, 0.380653, -0.81851, -1.2e-05, 0.0, 0.0, 0.0, 1.0],
                [0.520967, 0.645993, 0.557929, 0.124994, 0.734892, -0.671941, 0.091797, -0.002831, 0.434196, 0.362195, -0.824796, -1.2e-05, 0.0, 0.0, 0.0, 1.0],
                [0.532553, 0.645569, 0.547381, 0.124994, 0.724329, -0.682184, 0.099848, -0.002831, 0.437874, 0.343309, -0.830906, -1.2e-05, 0.0, 0.0, 0.0, 1.0],
                [0.544369, 0.644663, 0.536723, 0.124994, 0.71339, -0.692381, 0.108076, -0.002831, 0.441289, 0.32406, -0.836809, -1.2e-05, 0.0, 0.0, 0.0, 1.0],
                [0.556376, 0.643251, 0.525997, 0.124994, 0.702097, -0.702494, 0.116448, -0.002831, 0.444415, 0.304511, -0.842477, -1.2e-05, 0.0, 0.0, 0.0, 1.0],
                [0.568538, 0.641313, 0.515248, 0.124994, 0.69047, -0.712488, 0.124933, -0.002831, 0.44723, 0.284734, -0.847887, -1.2e-05, 0.0, 0.0, 0.0, 1.0],
                [0.580815, 0.638836, 0.50452, 0.124994, 0.678535, -0.722334, 0.133495, -0.002831, 0.449714, 0.264798, -0.853018, -1.2e-05, 0.0, 0.0, 0.0, 1.0],
                [0.593169, 0.635809, 0.493859, 0.124994, 0.666318, -0.732001, 0.142097, -0.002831, 0.451852, 0.24478, -0.857853, -1.2e-05, 0.0, 0.0, 0.0, 1.0],
                [0.605558, 0.632225, 0.48331, 0.124994, 0.653846, -0.741467, 0.150698, -0.002831, 0.453634, 0.224754, -0.862382, -1.2e-05, 0.0, 0.0, 0.0, 1.0],
                [0.617945, 0.628084, 0.472919, 0.124994, 0.641148, -0.750708, 0.159257, -0.002831, 0.455051, 0.2048, -0.866594, -1.2e-05, 0.0, 0.0, 0.0, 1.0],
                [0.630288, 0.62339, 0.462731, 0.124994, 0.628256, -0.759709, 0.167731, -0.002831, 0.456103, 0.184995, -0.870487, -1.2e-05, 0.0, 0.0, 0.0, 1.0],
                [0.642551, 0.618149, 0.452789, 0.124994, 0.6152, -0.768456, 0.176076, -0.002831, 0.45679, 0.165418, -0.874059, -1.2e-05, 0.0, 0.0, 0.0, 1.0],
                [0.654693, 0.612375, 0.443138, 0.124994, 0.602012, -0.776938, 0.184245, -0.002831, 0.457118, 0.146151, -0.877316, -1.2e-05, 0.0, 0.0, 0.0, 1.0],
                [0.66668, 0.606083, 0.433819, 0.124994, 0.588726, -0.78515, 0.192192, -0.002831, 0.457098, 0.12727, -0.880264, -1.2e-05, 0.0, 0.0, 0.0, 1.0],
                [0.678476, 0.599293, 0.424872, 0.124994, 0.575374, -0.793091, 0.199868, -0.002831, 0.456742, 0.108855, -0.882914, -1.2e-05, 0.0, 0.0, 0.0, 1.0],
                [0.690047, 0.592028, 0.416337, 0.124994, 0.561991, -0.800762, 0.207226, -0.002831, 0.456071, 0.090982, -0.885281, -1.2e-05, 0.0, 0.0, 0.0, 1.0],
                [0.701361, 0.584315, 0.408249, 0.124994, 0.548609, -0.808168, 0.214217, -0.002831, 0.455104, 0.073726, -0.887381, -1.2e-05, 0.0, 0.0, 0.0, 1.0],
                [0.712389, 0.576181, 0.400644, 0.124994, 0.535261, -0.815318, 0.220792, -0.002831, 0.453868, 0.05716, -0.889234, -1.2e-05, 0.0, 0.0, 0.0, 1.0],
                [0.723103, 0.567659, 0.393554, 0.124994, 0.521981, -0.822222, 0.2269, -0.002831, 0.452391, 0.041356, -0.890861, -1.2e-05, 0.0, 0.0, 0.0, 1.0],
                [0.733477, 0.558779, 0.387009, 0.124994, 0.5088, -0.828894, 0.232494, -0.002831, 0.450703, 0.026381, -0.892284, -1.2e-05, 0.0, 0.0, 0.0, 1.0],
                [0.743489, 0.549575, 0.381037, 0.124994, 0.495749, -0.835351, 0.237525, -0.002831, 0.448838, 0.012302, -0.893529, -1.2e-05, 0.0, 0.0, 0.0, 1.0],
                [0.753118, 0.540082, 0.375664, 0.124994, 0.482861, -0.841609, 0.241942, -0.002831, 0.446832, -0.000817, -0.894618, -1.2e-05, 0.0, 0.0, 0.0, 1.0],
                [0.762344, 0.530333, 0.370914, 0.124994, 0.470164, -0.847688, 0.245698, -0.002831, 0.444721, -0.012915, -0.895576, -1.2e-05, 0.0, 0.0, 0.0, 1.0],
                [0.771151, 0.520362, 0.366807, 0.124994, 0.457688, -0.853607, 0.248743, -0.002831, 0.442546, -0.023935, -0.896426, -1.2e-05, 0.0, 0.0, 0.0, 1.0],
                [0.779525, 0.510203, 0.363363, 0.124994, 0.445462, -0.859386, 0.251029, -0.002831, 0.440346, -0.033818, -0.897191, -1.2e-05, 0.0, 0.0, 0.0, 1.0],
                [0.787452, 0.499887, 0.360599, 0.124994, 0.433514, -0.865044, 0.252508, -0.002831, 0.43816, -0.042512, -0.897891, -1.2e-05, 0.0, 0.0, 0.0, 1.0],
                [0.794921, 0.489443, 0.358531, 0.124994, 0.421873, -0.8706, 0.253131, -0.002831, 0.436031, -0.049964, -0.898544, -1.2e-05, 0.0, 0.0, 0.0, 1.0],
                [0.801923, 0.4789, 0.357172, 0.124994, 0.410565, -0.876071, 0.252849, -0.002831, 0.433998, -0.056123, -0.899164, -1.2e-05, 0.0, 0.0, 0.0, 1.0],
                [0.80845, 0.468284, 0.356534, 0.124994, 0.399618, -0.881471, 0.251615, -0.002831, 0.432102, -0.060941, -0.899763, -1.2e-05, 0.0, 0.0, 0.0, 1.0],
                [0.814495, 0.457616, 0.356629, 0.124994, 0.389059, -0.886814, 0.249379, -0.002831, 0.430384, -0.064368, -0.900348, -1.2e-05, 0.0, 0.0, 0.0, 1.0],
                [0.820162, 0.447026, 0.357073, 0.124994, 0.378801, -0.892003, 0.246651, -0.002831, 0.42877, -0.067034, -0.900923, -1.2e-05, 0.0, 0.0, 0.0, 1.0],
                [0.825567, 0.436632, 0.357479, 0.124994, 0.36874, -0.896941, 0.243974, -0.002831, 0.427165, -0.069599, -0.901491, -1.2e-05, 0.0, 0.0, 0.0, 1.0],
                [0.83072, 0.426436, 0.357849, 0.124994, 0.358879, -0.90164, 0.241347, -0.002831, 0.42557, -0.072066, -0.902051, -1.2e-05, 0.0, 0.0, 0.0, 1.0],
