{
    "animation": [
        {
            "name": "Root",
            "time": [0.0, 0.0167, 0.0333, 0.05, 0.0667, 0.0833, 0.1, 0.1167, 0.1333, 0.15, 0.1667, 0.1833, 0.2, 0.2167, 0.2333, 0.25, 0.2667, 0.2833, 0.3, 0.3167, 0.3333, 0.35, 0.3667, 0.3833, 0.4, 0.4167, 0.4333, 0.45, 0.4667, 0.4833, 0.5, 0.5167, 0.5333, 0.55, 0.5667, 0.5833, 0.6, 0.6167, 0.6333, 0.65, 0.6667, 0.6833, 0.7, 0.7167, 0.7333, 0.75, 0.7667, 0.7833, 0.8, 0.8167, 0.8333, 0.85, 0.8667, 0.8833, 0.9, 0.9167, 0.9333, 0.95, 0.9667, 0.9833, 1.0, 1.0167, 1.0333, 1.05, 1.0667, 1.0833, 1.1, 1.1167, 1.1333, 1.15, 1.1667, 1.1833, 1.2, 1.2167, 1.2333, 1.25, 1.2667, 1.2833, 1.3, 1.3167, 1.3333, 1.35, 1.3667, 1.3833, 1.4, 1.4167, 1.4333, 1.45, 1.4667, 1.4833, 1.5, 1.5167, 1.5333, 1.55, 1.5667, 1.5833, 1.6, 1.6167, 1.6333, 1.65, 1.6667, 1.6833, 1.7, 1.7167, 1.7333, 1.75, 1.7667, 1.7833, 1.8, 1.8167, 1.8333, 1.85, 1.8667, 1.8833, 1.9, 1.9167, 1.9333, 1.95, 1.9667, 1.9833, 2.0, 2.0167, 2.0333, 2.05, 2.0667, 2.0833, 2.1, 2.1167, 2.1333, 2.15, 2.1667],
            "transform": [
                [0.366901, 0.066189, -0.927902, -0.252805, -0.920727, 0.168272, -0.35206, 0.000946, 0.132838, 0.983516, 0.122681, 0.45629, 0.0, 0.0, 0.0, 1.0],
                [0.36874, 0.065851, -0.927197, -0.252805, -0.919991, 0.168412, -0.353913, 0.001103, 0.132846, 0.983515, 0.122682, 0.456477, 0.0, 0.0, 0.0, 1.0],
                [0.374105, 0.06486, -0.925115, -0.252805, -0.917818, 0.168818, -0.359319, 0.001561, 0.13287, 0.983511, 0.122686, 0.457038, 0.0, 0.0, 0.0, 1.0],
                [0.382767, 0.063252, -0.921677, -0.252805, -0.914234, 0.169461, -0.368047, 0.002301, 0.132909, 0.983505, 0.122692, 0.457975, 0.0, 0.0, 0.0, 1.0],
                [0.394486, 0.061057, -0.916871, -0.252805, -0.909232, 0.170311, -0.379858, 0.003303, 0.13296, 0.983497, 0.1227, 0.45929, 0.0, 0.0, 0.0, 1.0],
                [0.409015, 0.058303, -0.910663, -0.252805, -0.90278, 0.171328, -0.394505, 0.004549, 0.133021, 0.983487, 0.122711, 0.460984, 0.0, 0.0, 0.0, 1.0],
                [0.426097, 0.05502, -0.903003, -0.252805, -0.894834, 0.172475, -0.411734, 0.006018, 0.133092, 0.983476, 0.122725, 0.463058, 0.0, 0.0, 0.0, 1.0],
                [0.445467, 0.051236, -0.893831, -0.252805, -0.885339, 0.173708, -0.431277, 0.007693, 0.133169, 0.983463, 0.122742, 0.465514, 0.0, 0.0, 0.0, 1.0],
                [0.466844, 0.04698, -0.883091, -0.252805, -0.874243, 0.174984, -0.452857, 0.009553, 0.133252, 0.98345, 0.122762, 0.468354, 0.0, 0.0, 0.0, 1.0],
                [0.489941, 0.042287, -0.87073, -0.252805, -0.861498, 0.176259, -0.476187, 0.01158, 0.133337, 0.983435, 0.122786, 0.471578, 0.0, 0.0, 0.0, 1.0],
                [0.514457, 0.037191, -0.856709, -0.252805, -0.847072, 0.177488, -0.500965, 0.013754, 0.133425, 0.98342, 0.122813, 0.475189, 0.0, 0.0, 0.0, 1.0],
                [0.540085, 0.031732, -0.841012, -0.252805, -0.830953, 0.178631, -0.526886, 0.016056, 0.133511, 0.983404, 0.122844, 0.479188, 0.0, 0.0, 0.0, 1.0],
                [0.566512, 0.025955, -0.823644, -0.252805, -0.813152, 0.179646, -0.553634, 0.018468, 0.133595, 0.983389, 0.122877, 0.483577, 0.0, 0.0, 0.0, 1.0],
                [0.593423, 0.019907, -0.804644, -0.252805, -0.793713, 0.1805, -0.580896, 0.020968, 0.133675, 0.983374, 0.122913, 0.488356, 0.0, 0.0, 0.0, 1.0],
                [0.620507, 0.013639, -0.784082, -0.252805, -0.772711, 0.181161, -0.608357, 0.023539, 0.133748, 0.983359, 0.12295, 0.493528, 0.0, 0.0, 0.0, 1.0],
                [0.647459, 0.007207, -0.762066, -0.252805, -0.75026, 0.181604, -0.635712, 0.026162, 0.133812, 0.983345, 0.122989, 0.499094, 0.0, 0.0, 0.0, 1.0],
                [0.673992, 0.00067, -0.738738, -0.252805, -0.726508, 0.181812, -0.662669, 0.028816, 0.133867, 0.983333, 0.123027, 0.505055, 0.0, 0.0, 0.0, 1.0],
                [0.699835, -0.005912, -0.71428, -0.252805, -0.70164, 0.181773, -0.688956, 0.031483, 0.13391, 0.983323, 0.123063, 0.511413, 0.0, 0.0, 0.0, 1.0],
                [0.724744, -0.012478, -0.688905, -0.252805, -0.675875, 0.181485, -0.714322, 0.034144, 0.13394, 0.983315, 0.123097, 0.518169, 0.0, 0.0, 0.0, 1.0],
                [0.748502, -0.018967, -0.662861, -0.252805, -0.649462, 0.180953, -0.73855, 0.03678, 0.133955, 0.983309, 0.123125, 0.525326, 0.0, 0.0, 0.0, 1.0],
                [0.770928, -0.025317, -0.636419, -0.252805, -0.622677, 0.180189, -0.761449, 0.03937, 0.133953, 0.983306, 0.123148, 0.532884, 0.0, 0.0, 0.0, 1.0],
                [0.791873, -0.031471, -0.609875, -0.252805, -0.595818, 0.179213, -0.782869, 0.041896, 0.133935, 0.983307, 0.123163, 0.540844, 0.0, 0.0, 0.0, 1.0],
                [0.811226, -0.037372, -0.583538, -0.252805, -0.569196, 0.178052, -0.802691, 0.044339, 0.133898, 0.983311, 0.123168, 0.54921, 0.0, 0.0, 0.0, 1.0],
                [0.828911, -0.042969, -0.557728, -0.252805, -0.543133, 0.176738, -0.820835, 0.04668, 0.133842, 0.98332, 0.123162, 0.557981, 0.0, 0.0, 0.0, 1.0],
                [0.844885, -0.048213, -0.532771, -0.252805, -0.517954, 0.175309, -0.837252, 0.048899, 0.133766, 0.983332, 0.123143, 0.567159, 0.0, 0.0, 0.0, 1.0],
                [0.859134, -0.053061, -0.508992, -0.252805, -0.493985, 0.173804, -0.851922, 0.050977, 0.133669, 0.98335, 0.12311, 0.576746, 0.0, 0.0, 0.0, 1.0],
                [0.871672, -0.057473, -0.486709, -0.252805, -0.471543, 0.172268, -0.864853, 0.052895, 0.13355, 0.983372, 0.123061, 0.586744, 0.0, 0.0, 0.0, 1.0],
                [0.882528, -0.061412, -0.466233, -0.252805, -0.45094, 0.170745, -0.87607, 0.054634, 0.133408, 0.9834, 0.122994, 0.597154, 0.0, 0.0, 0.0, 1.0],
                [0.891747, -0.064847, -0.447864, -0.252805, -0.432474, 0.169279, -0.885613, 0.056174, 0.133243, 0.983433, 0.122909, 0.607977, 0.0, 0.0, 0.0, 1.0],
                [0.899379, -0.067747, -0.431889, -0.252805, -0.416431, 0.167913, -0.893527, 0.057496, 0.133053, 0.983471, 0.122805, 0.619214, 0.0, 0.0, 0.0, 1.0],
                [0.905471, -0.070084, -0.418582, -0.252805, -0.403084, 0.166688, -0.899855, 0.058582, 0.132838, 0.983516, 0.122681, 0.630869, 0.0, 0.0, 0.0, 1.0],
                [0.910142, -0.071865, -0.408017, -0.252805, -0.392505, 0.165629, -0.904714, 0.059529, 0.132596, 0.983566, 0.122538, 0.642914, 0.0, 0.0, 0.0, 1.0],
                [0.913792, -0.073235, -0.399526, -0.252805, -0.384019, 0.164706, -0.908516, 0.060905, 0.13234, 0.98362, 0.122383, 0.655215, 0.0, 0.0, 0.0, 1.0],
                [0.916852, -0.07437, -0.392239, -0.252805, -0.376746, 0.163867, -0.911707, 0.063399, 0.132079, 0.983675, 0.122223, 0.667612, 0.0, 0.0, 0.0, 1.0],
                [0.919711, -0.07544, -0.38528, -0.252805, -0.369803, 0.163054, -0.914691, 0.067694, 0.131826, 0.983729, 0.122065, 0.679944, 0.0, 0.0, 0.0, 1.0],
                [0.922727, -0.076612, -0.377764, -0.252805, -0.362296, 0.162206, -0.91784, 0.074478, 0.131593, 0.983778, 0.121916, 0.692049, 0.0, 0.0, 0.0, 1.0],
                [0.926228, -0.078049, -0.368796, -0.252805, -0.353324, 0.161255, -0.921498, 0.084437, 0.131392, 0.983822, 0.121782, 0.703766, 0.0, 0.0, 0.0, 1.0],
                [0.930502, -0.079911, -0.357463, -0.252805, -0.341969, 0.160126, -0.925968, 0.098256, 0.131234, 0.983857, 0.12167, 0.714933, 0.0, 0.0, 0.0, 1.0],
                [0.935782, -0.082356, -0.342825, -0.252805, -0.327286, 0.158734, -0.931497, 0.116623, 0.131132, 0.983881, 0.121587, 0.725391, 0.0, 0.0, 0.0, 1.0],
                [0.942216, -0.085533, -0.323902, -0.252805, -0.308288, 0.156979, -0.938252, 0.140222, 0.131097, 0.983891, 0.121539, 0.734977, 0.0, 0.0, 0.0, 1.0],
                [0.949832, -0.089587, -0.299656, -0.252805, -0.28394, 0.154736, -0.946274, 0.169742, 0.131141, 0.983886, 0.121536, 0.74353, 0.0, 0.0, 0.0, 1.0],
                [0.958481, -0.094646, -0.268992, -0.252805, -0.253143, 0.151852, -0.955437, 0.205866, 0.131275, 0.983861, 0.121588, 0.75089, 0.0, 0.0, 0.0, 1.0],
                [0.967776, -0.100816, -0.230751, -0.252805, -0.214746, 0.148133, -0.965371, 0.249283, 0.131507, 0.983815, 0.121709, 0.756894, 0.0, 0.0, 0.0, 1.0],
                [0.977006, -0.10817, -0.183736, -0.252805, -0.167562, 0.143338, -0.975386, 0.300677, 0.131843, 0.983745, 0.121917, 0.761383, 0.0, 0.0, 0.0, 1.0],
                [0.985041, -0.116723, -0.126765, -0.252805, -0.110424, 0.137173, -0.984373, 0.360736, 0.132288, 0.983646, 0.122232, 0.764194, 0.0, 0.0, 0.0, 1.0],
                [0.990235, -0.126414, -0.058774, -0.252805, -0.042297, 0.129291, -0.990704, 0.430144, 0.132838, 0.983516, 0.122681, 0.765167, 0.0, 0.0, 0.0, 1.0],
                [0.987694, -0.141985, 0.06558, -0.262763, 0.081963, 0.112793, -0.990232, 0.535418, 0.133201, 0.983422, 0.123043, 0.730518, 0.0, 0.0, 0.0, 1.0],
                [0.952729, -0.161288, 0.257475, -0.286508, 0.273063, 0.083012, -0.958408, 0.683945, 0.133206, 0.98341, 0.12313, 0.647894, 0.0, 0.0, 0.0, 1.0],
                [0.871723, -0.175171, 0.457618, -0.314848, 0.47159, 0.046341, -0.8806, 0.847725, 0.133049, 0.983447, 0.123005, 0.549277, 0.0, 0.0, 0.0, 1.0],
                [0.770697, -0.180444, 0.611119, -0.338593, 0.623189, 0.013421, -0.781956, 0.998757, 0.132897, 0.983494, 0.122794, 0.466653, 0.0, 0.0, 0.0, 1.0],
                [0.702977, -0.180749, 0.687861, -0.34855, 0.698697, -0.005132, -0.7154, 1.109039, 0.132838, 0.983516, 0.122681, 0.432004, 0.0, 0.0, 0.0, 1.0],
                [0.670894, -0.180339, 0.719291, -0.34855, 0.729559, -0.013236, -0.683789, 1.186957, 0.132834, 0.983515, 0.122689, 0.432004, 0.0, 0.0, 0.0, 1.0],
                [0.639594, -0.179632, 0.74743, -0.34855, 0.757151, -0.020792, -0.652909, 1.259683, 0.132824, 0.983514, 0.12271, 0.432004, 0.0, 0.0, 0.0, 1.0],
                [0.609339, -0.178691, 0.772512, -0.34855, 0.781708, -0.027803, -0.623024, 1.327395, 0.132807, 0.983512, 0.122743, 0.432004, 0.0, 0.0, 0.0, 1.0],
                [0.58034, -0.177576, 0.794778, -0.34855, 0.803476, -0.034276, -0.59435, 1.390273, 0.132784, 0.98351, 0.122786, 0.432004, 0.0, 0.0, 0.0, 1.0],
                [0.55276, -0.176337, 0.81447, -0.34855, 0.822698, -0.040225, -0.567053, 1.448495, 0.132754, 0.983508, 0.122837, 0.432004, 0.0, 0.0, 0.0, 1.0],
                [0.526719, -0.17502, 0.831827, -0.34855, 0.839615, -0.045668, -0.541259, 1.502241, 0.132719, 0.983505, 0.122895, 0.432004, 0.0, 0.0, 0.0, 1.0],
                [0.5023, -0.173664, 0.847075, -0.34855, 0.854454, -0.050627, -0.517055, 1.55169, 0.132679, 0.983503, 0.122958, 0.432004, 0.0, 0.0, 0.0, 1.0],
                [0.479555, -0.172303, 0.860429, -0.34855, 0.86743, -0.055126, -0.494496, 1.59702, 0.132635, 0.9835, 0.123024, 0.432004, 0.0, 0.0, 0.0, 1.0],
                [0.458507, -0.170962, 0.872091, -0.34855, 0.878744, -0.05919, -0.473608, 1.638411, 0.132588, 0.983498, 0.123093, 0.432004, 0.0, 0.0, 0.0, 1.0],
                [0.439156, -0.169665, 0.882245, -0.34855, 0.888581, -0.062845, -0.454395, 1.676042, 0.13254, 0.983496, 0.123162, 0.432004, 0.0, 0.0, 0.0, 1.0],
                [0.421482, -0.168427, 0.891059, -0.34855, 0.897106, -0.066117, -0.43684, 1.710092, 0.13249, 0.983494, 0.12323, 0.432004, 0.0, 0.0, 0.0, 1.0],
                [0.40545, -0.167264, 0.898684, -0.34855, 0.904472, -0.069031, -0.420909, 1.74074, 0.13244, 0.983493, 0.123296, 0.432004, 0.0, 0.0, 0.0, 1.0],
                [0.391011, -0.166182, 0.905259, -0.34855, 0.910814, -0.071614, -0.406557, 1.768165, 0.132392, 0.983491, 0.123359, 0.432004, 0.0, 0.0, 0.0, 1.0],
                [0.378106, -0.16519, 0.910905, -0.34855, 0.916253, -0.07389, -0.393726, 1.792546, 0.132346, 0.98349, 0.123418, 0.432004, 0.0, 0.0, 0.0, 1.0],
                [0.366667, -0.16429, 0.915731, -0.34855, 0.920897, -0.075883, -0.382349, 1.814062, 0.132304, 0.983489, 0.12347, 0.432004, 0.0, 0.0, 0.0, 1.0],
                [0.35662, -0.163482, 0.919835, -0.34855, 0.924839, -0.077616, -0.372355, 1.832893, 0.132267, 0.983488, 0.123515, 0.432004, 0.0, 0.0, 0.0, 1.0],
                [0.347883, -0.162766, 0.923301, -0.34855, 0.928165, -0.079111, -0.363663, 1.849216, 0.132236, 0.983488, 0.123553, 0.432004, 0.0, 0.0, 0.0, 1.0],
                [0.340375, -0.162139, 0.926205, -0.34855, 0.930948, -0.080391, -0.356191, 1.863213, 0.132211, 0.983488, 0.12358, 0.432004, 0.0, 0.0, 0.0, 1.0],
                [0.334007, -0.161596, 0.928615, -0.34855, 0.933255, -0.081476, -0.349854, 1.87506, 0.132195, 0.983488, 0.123597, 0.432004, 0.0, 0.0, 0.0, 1.0],
                [0.328688, -0.161132, 0.930591, -0.34855, 0.935142, -0.082387, -0.344561, 1.884938, 0.132188, 0.983488, 0.123601, 0.432004, 0.0, 0.0, 0.0, 1.0],
                [0.324329, -0.160739, 0.932188, -0.34855, 0.936662, -0.083142, -0.340222, 1.893025, 0.132191, 0.983489, 0.123593, 0.432004, 0.0, 0.0, 0.0, 1.0],
                [0.320834, -0.16041, 0.933453, -0.34855, 0.937863, -0.083763, -0.336744, 1.899501, 0.132206, 0.98349, 0.123569, 0.432004, 0.0, 0.0, 0.0, 1.0],
                [0.31811, -0.160138, 0.934431, -0.34855, 0.938787, -0.084266, -0.334034, 1.904544, 0.132232, 0.983491, 0.123529, 0.432004, 0.0, 0.0, 0.0, 1.0],
                [0.316061, -0.159912, 0.935165, -0.34855, 0.939473, -0.084671, -0.331996, 1.908334, 0.132272, 0.983493, 0.123472, 0.432004, 0.0, 0.0, 0.0, 1.0],
                [0.314593, -0.159725, 0.935692, -0.34855, 0.939958, -0.084996, -0.330536, 1.91105, 0.132325, 0.983496, 0.123396, 0.432004, 0.0, 0.0, 0.0, 1.0],
                [0.313607, -0.159567, 0.93605, -0.34855, 0.940278, -0.08526, -0.329558, 1.91287, 0.132394, 0.983498, 0.123299, 0.432004, 0.0, 0.0, 0.0, 1.0],
                [0.313009, -0.159428, 0.936274, -0.34855, 0.940465, -0.08548, -0.328966, 1.913974, 0.132479, 0.983502, 0.123181, 0.432004, 0.0, 0.0, 0.0, 1.0],
                [0.312701, -0.159299, 0.936399, -0.34855, 0.940554, -0.085673, -0.328663, 1.914541, 0.13258, 0.983506, 0.123039, 0.432004, 0.0, 0.0, 0.0, 1.0],
                [0.312586, -0.15917, 0.936459, -0.34855, 0.940575, -0.085859, -0.328554, 1.91475, 0.1327, 0.983511, 0.122873, 0.432004, 0.0, 0.0, 0.0, 1.0],
                [0.312568, -0.159032, 0.936488, -0.34855, 0.940561, -0.086055, -0.328541, 1.91478, 0.132838, 0.983516, 0.122681, 0.432004, 0.0, 0.0, 0.0, 1.0],
                [0.313885, -0.158799, 0.936087, -0.348628, 0.940108, -0.086061, -0.329833, 1.914633, 0.132938, 0.983553, 0.122275, 0.432357, 0.0, 0.0, 0.0, 1.0],
                [0.317768, -0.158397, 0.934844, -0.348858, 0.938802, -0.085679, -0.33363, 1.914201, 0.132943, 0.983651, 0.121478, 0.433397, 0.0, 0.0, 0.0, 1.0],
                [0.324109, -0.15783, 0.932761, -0.349234, 0.936645, -0.084927, -0.339829, 1.913496, 0.132851, 0.983808, 0.120305, 0.435096, 0.0, 0.0, 0.0, 1.0],
                [0.332801, -0.157095, 0.92982, -0.349749, 0.93362, -0.083821, -0.348322, 1.912529, 0.132658, 0.98402, 0.118771, 0.437426, 0.0, 0.0, 0.0, 1.0],
                [0.343732, -0.156191, 0.925987, -0.350397, 0.929693, -0.08238, -0.359004, 1.911312, 0.132356, 0.984286, 0.116893, 0.440356, 0.0, 0.0, 0.0, 1.0],
                [0.35679, -0.155111, 0.921217, -0.351171, 0.924821, -0.080624, -0.371761, 1.909857, 0.131936, 0.984602, 0.114684, 0.443859, 0.0, 0.0, 0.0, 1.0],
                [0.371858, -0.15385, 0.915452, -0.352066, 0.918945, -0.07857, -0.386481, 1.908177, 0.131387, 0.984966, 0.112162, 0.447907, 0.0, 0.0, 0.0, 1.0],
                [0.388812, -0.152398, 0.908625, -0.353074, 0.912, -0.076241, -0.403043, 1.906282, 0.130697, 0.985374, 0.109344, 0.452469, 0.0, 0.0, 0.0, 1.0],
                [0.407523, -0.150748, 0.900666, -0.354191, 0.903916, -0.073656, -0.421321, 1.904185, 0.129853, 0.985824, 0.106247, 0.457519, 0.0, 0.0, 0.0, 1.0],
                [0.427854, -0.14889, 0.8915, -0.355408, 0.894618, -0.070839, -0.441181, 1.901898, 0.12884, 0.986313, 0.102891, 0.463027, 0.0, 0.0, 0.0, 1.0],
                [0.44966, -0.146814, 0.881052, -0.356721, 0.884032, -0.067813, -0.462481, 1.899433, 0.127646, 0.986837, 0.099295, 0.468964, 0.0, 0.0, 0.0, 1.0],
                [0.472786, -0.144511, 0.869247, -0.358122, 0.872085, -0.064604, -0.48507, 1.896801, 0.126255, 0.987392, 0.095483, 0.475303, 0.0, 0.0, 0.0, 1.0],
                [0.497069, -0.141975, 0.856017, -0.359605, 0.85871, -0.061237, -0.508789, 1.894015, 0.124655, 0.987974, 0.091476, 0.482013, 0.0, 0.0, 0.0, 1.0],
                [0.522335, -0.139197, 0.841303, -0.361165, 0.843847, -0.057739, -0.533468, 1.891086, 0.122833, 0.98858, 0.087301, 0.489068, 0.0, 0.0, 0.0, 1.0],
                [0.548404, -0.136173, 0.825052, -0.362794, 0.827445, -0.054141, -0.55893, 1.888026, 0.12078, 0.989205, 0.082985, 0.496437, 0.0, 0.0, 0.0, 1.0],
                [0.575084, -0.1329, 0.807227, -0.364486, 0.809469, -0.05047, -0.58499, 1.884847, 0.118486, 0.989844, 0.078554, 0.504092, 0.0, 0.0, 0.0, 1.0],
                [0.602181, -0.129378, 0.787807, -0.366235, 0.789896, -0.046758, -0.611456, 1.881561, 0.115945, 0.990492, 0.074038, 0.512006, 0.0, 0.0, 0.0, 1.0],
                [0.629493, -0.125609, 0.766786, -0.368035, 0.768723, -0.043034, -0.638132, 1.87818, 0.113153, 0.991146, 0.069469, 0.520148, 0.0, 0.0, 0.0, 1.0],
                [0.656817, -0.121599, 0.744181, -0.36988, 0.745967, -0.03933, -0.66482, 1.874716, 0.11011, 0.9918, 0.064876, 0.528491, 0.0, 0.0, 0.0, 1.0],
                [0.683952, -0.117356, 0.720026, -0.371762, 0.721665, -0.035676, -0.691323, 1.87118, 0.106818, 0.992449, 0.060291, 0.537006, 0.0, 0.0, 0.0, 1.0],
                [0.710697, -0.112892, 0.694381, -0.373676, 0.695875, -0.0321, -0.717445, 1.867585, 0.103284, 0.993089, 0.055745, 0.545664, 0.0, 0.0, 0.0, 1.0],
                [0.736861, -0.108224, 0.667326, -0.375615, 0.66868, -0.028632, -0.742999, 1.863943, 0.099517, 0.993714, 0.051269, 0.554436, 0.0, 0.0, 0.0, 1.0],
                [0.76226, -0.103369, 0.638964, -0.377573, 0.640182, -0.025296, -0.767806, 1.860265, 0.09553, 0.994321, 0.046892, 0.563295, 0.0, 0.0, 0.0, 1.0],
                [0.786726, -0.098349, 0.609418, -0.379544, 0.610508, -0.022117, -0.791702, 1.856562, 0.091342, 0.994906, 0.042642, 0.57221, 0.0, 0.0, 0.0, 1.0],
                [0.810104, -0.093189, 0.578833, -0.381521, 0.5798, -0.019116, -0.814534, 1.852849, 0.086971, 0.995465, 0.038545, 0.581155, 0.0, 0.0, 0.0, 1.0],
                [0.83226, -0.087916, 0.547371, -0.383499, 0.548222, -0.01631, -0.836174, 1.849135, 0.082441, 0.995994, 0.034623, 0.590099, 0.0, 0.0, 0.0, 1.0],
                [0.85308, -0.08256, 0.515207, -0.385469, 0.51595, -0.013715, -0.856509, 1.845433, 0.077779, 0.996492, 0.030897, 0.599015, 0.0, 0.0, 0.0, 1.0],
                [0.872474, -0.077149, 0.482531, -0.387428, 0.483175, -0.011339, -0.875451, 1.841755, 0.073012, 0.996955, 0.027383, 0.607873, 0.0, 0.0, 0.0, 1.0],
                [0.890376, -0.071717, 0.449542, -0.389367, 0.450093, -0.009192, -0.892934, 1.838112, 0.068171, 0.997383, 0.024095, 0.616645, 0.0, 0.0, 0.0, 1.0],
                [0.906742, -0.066295, 0.416441, -0.391281, 0.416909, -0.007275, -0.908919, 1.834517, 0.063286, 0.997774, 0.021042, 0.625303, 0.0, 0.0, 0.0, 1.0],
                [0.921556, -0.060914, 0.383437, -0.393163, 0.383829, -0.005589, -0.923387, 1.830981, 0.058391, 0.998127, 0.01823, 0.633818, 0.0, 0.0, 0.0, 1.0],
                [0.934823, -0.055608, 0.350733, -0.395007, 0.351058, -0.004129, -0.936345, 1.827517, 0.053516, 0.998444, 0.015661, 0.642161, 0.0, 0.0, 0.0, 1.0],
                [0.946571, -0.050405, 0.318532, -0.396807, 0.318798, -0.002889, -0.947818, 1.824136, 0.048695, 0.998725, 0.013335, 0.650303, 0.0, 0.0, 0.0, 1.0],
                [0.956848, -0.045337, 0.287029, -0.398557, 0.287244, -0.001857, -0.957856, 1.82085, 0.043959, 0.99897, 0.011246, 0.658217, 0.0, 0.0, 0.0, 1.0],
                [0.965722, -0.04043, 0.256412, -0.400249, 0.256582, -0.00102, -0.966522, 1.817672, 0.039338, 0.999182, 0.009388, 0.665872, 0.0, 0.0, 0.0, 1.0],
                [0.973273, -0.03571, 0.226858, -0.401878, 0.22699, -0.000365, -0.973897, 1.814612, 0.034861, 0.999362, 0.007751, 0.673242, 0.0, 0.0, 0.0, 1.0],
                [0.979597, -0.031202, 0.198533, -0.403437, 0.198633, 0.000127, -0.980074, 1.811683, 0.030555, 0.999513, 0.006322, 0.680296, 0.0, 0.0, 0.0, 1.0],
                [0.9848, -0.026928, 0.171593, -0.404921, 0.171668, 0.000473, -0.985155, 1.808896, 0.026447, 0.999637, 0.005089, 0.687006, 0.0, 0.0, 0.0, 1.0],
                [0.988992, -0.022908, 0.146182, -0.406322, 0.146236, 0.000693, -0.989249, 1.806264, 0.022561, 0.999737, 0.004035, 0.693345, 0.0, 0.0, 0.0, 1.0],
                [0.992292, -0.019162, 0.122433, -0.407635, 0.12247, 0.000806, -0.992472, 1.803799, 0.018919, 0.999816, 0.003146, 0.699282, 0.0, 0.0, 0.0, 1.0],
                [0.994816, -0.015705, 0.100467, -0.408852, 0.100492, 0.000831, -0.994937, 1.801512, 0.015542, 0.999876, 0.002405, 0.70479, 0.0, 0.0, 0.0, 1.0],
                [0.996684, -0.012555, 0.080399, -0.409968, 0.080415, 0.000789, -0.996761, 1.799415, 0.012451, 0.999921, 0.001796, 0.70984, 0.0, 0.0, 0.0, 1.0],
                [0.998008, -0.009724, 0.062333, -0.410977, 0.062343, 0.000698, -0.998055, 1.797521, 0.009662, 0.999952, 0.001302, 0.714403, 0.0, 0.0, 0.0, 1.0],
                [0.998898, -0.007228, 0.04637, -0.411872, 0.046376, 0.000575, -0.998924, 1.79584, 0.007193, 0.999974, 0.00091, 0.71845, 0.0, 0.0, 0.0, 1.0],
                [0.999455, -0.005079, 0.032605, -0.412646, 0.032607, 0.000439, -0.999468, 1.794385, 0.005062, 0.999987, 0.000604, 0.721953, 0.0, 0.0, 0.0, 1.0],
                [0.999771, -0.003289, 0.021129, -0.413294, 0.02113, 0.000302, -0.999777, 1.793169, 0.003282, 0.999995, 0.000372, 0.724884, 0.0, 0.0, 0.0, 1.0],
                [0.999926, -0.001873, 0.012036, -0.413809, 0.012036, 0.00018, -0.999928, 1.792202, 0.00187, 0.999998, 0.000203, 0.727213, 0.0, 0.0, 0.0, 1.0],
                [0.999985, -0.000843, 0.005418, -0.414184, 0.005418, 8.4e-05, -0.999985, 1.791496, 0.000842, 1.0, 8.8e-05, 0.728912, 0.0, 0.0, 0.0, 1.0],
                [0.999999, -0.000213, 0.001372, -0.414414, 0.001372, 2.2e-05, -0.999999, 1.791064, 0.000213, 1.0, 2.2e-05, 0.729952, 0.0, 0.0, 0.0, 1.0],
                [1.0, 0.0, 0.0, -0.414493, 0.0, 0.0, -1.0, 1.790917, 0.0, 1.0, 0.0, 0.730306, 0.0, 0.0, 0.0, 1.0]
            ]
        },
        {
            "name": "Thigh_R",
            "time": [0.0, 0.0167, 0.0333, 0.05, 0.0667, 0.0833, 0.1, 0.1167, 0.1333, 0.15, 0.1667, 0.1833, 0.2, 0.2167, 0.2333, 0.25, 0.2667, 0.2833, 0.3, 0.3167, 0.3333, 0.35, 0.3667, 0.3833, 0.4, 0.4167, 0.4333, 0.45, 0.4667, 0.4833, 0.5, 0.5167, 0.5333, 0.55, 0.5667, 0.5833, 0.6, 0.6167, 0.6333, 0.65, 0.6667, 0.6833, 0.7, 0.7167, 0.7333, 0.75, 0.7667, 0.7833, 0.8, 0.8167, 0.8333, 0.85, 0.8667, 0.8833, 0.9, 0.9167, 0.9333, 0.95, 0.9667, 0.9833, 1.0, 1.0167, 1.0333, 1.05, 1.0667, 1.0833, 1.1, 1.1167, 1.1333, 1.15, 1.1667, 1.1833, 1.2, 1.2167, 1.2333, 1.25, 1.2667, 1.2833, 1.3, 1.3167, 1.3333, 1.35, 1.3667, 1.3833, 1.4, 1.4167, 1.4333, 1.45, 1.4667, 1.4833, 1.5, 1.5167, 1.5333, 1.55, 1.5667, 1.5833, 1.6, 1.6167, 1.6333, 1.65, 1.6667, 1.6833, 1.7, 1.7167, 1.7333, 1.75, 1.7667, 1.7833, 1.8, 1.8167, 1.8333, 1.85, 1.8667, 1.8833, 1.9, 1.9167, 1.9333, 1.95, 1.9667, 1.9833, 2.0, 2.0167, 2.0333, 2.05, 2.0667, 2.0833, 2.1, 2.1167, 2.1333, 2.15, 2.1667],
            "transform": [
                [0.559258, 0.773737, 0.297589, 0.124994, 0.56492, -0.618425, 0.546273, -0.002831, 0.606709, -0.137393, -0.782961, -1.2e-05, 0.0, 0.0, 0.0, 1.0],
                [0.560132, 0.772675, 0.298702, 0.124994, 0.563877, -0.619772, 0.545824, -0.002831, 0.606872, -0.137302, -0.78285, -1.2e-05, 0.0, 0.0, 0.0, 1.0],
                [0.562667, 0.769569, 0.301938, 0.124994, 0.560833, -0.623682, 0.544504, -0.002831, 0.607347, -0.137037, -0.782528, -1.2e-05, 0.0, 0.0, 0.0, 1.0],
                [0.566717, 0.764524, 0.307135, 0.124994, 0.555902, -0.629948, 0.542344, -0.002831, 0.608115, -0.136618, -0.782005, -1.2e-05, 0.0, 0.0, 0.0, 1.0],
                [0.572123, 0.757625, 0.314129, 0.124994, 0.549187, -0.638347, 0.539356, -0.002831, 0.609153, -0.136062, -0.781293, -1.2e-05, 0.0, 0.0, 0.0, 1.0],
                [0.578718, 0.748944, 0.322748, 0.124994, 0.54078, -0.64865, 0.535545, -0.002831, 0.610444, -0.135393, -0.780401, -1.2e-05, 0.0, 0.0, 0.0, 1.0],
                [0.586323, 0.738549, 0.332818, 0.124994, 0.530772, -0.660617, 0.530908, -0.002831, 0.611968, -0.134633, -0.779339, -1.2e-05, 0.0, 0.0, 0.0, 1.0],
                [0.594761, 0.726506, 0.344161, 0.124994, 0.519255, -0.674004, 0.525443, -0.002831, 0.613704, -0.133805, -0.778115, -1.2e-05, 0.0, 0.0, 0.0, 1.0],
                [0.603846, 0.712887, 0.356594, 0.124994, 0.506326, -0.688561, 0.519149, -0.002831, 0.615632, -0.132933, -0.776741, -1.2e-05, 0.0, 0.0, 0.0, 1.0],
                [0.613399, 0.697774, 0.369933, 0.124994, 0.492086, -0.70404, 0.512032, -0.002831, 0.617731, -0.13204, -0.775225, -1.2e-05, 0.0, 0.0, 0.0, 1.0],
                [0.623241, 0.681262, 0.383992, 0.124994, 0.476652, -0.720192, 0.504107, -0.002831, 0.619978, -0.131149, -0.773581, -1.2e-05, 0.0, 0.0, 0.0, 1.0],
                [0.633201, 0.663464, 0.398585, 0.124994, 0.460148, -0.736776, 0.495402, -0.002831, 0.62235, -0.13028, -0.771821, -1.2e-05, 0.0, 0.0, 0.0, 1.0],
                [0.643118, 0.644508, 0.413529, 0.124994, 0.442714, -0.753556, 0.485958, -0.002831, 0.624822, -0.129453, -0.769961, -1.2e-05, 0.0, 0.0, 0.0, 1.0],
                [0.652842, 0.624547, 0.428644, 0.124994, 0.424503, -0.77031, 0.475834, -0.002831, 0.62737, -0.128683, -0.768015, -1.2e-05, 0.0, 0.0, 0.0, 1.0],
                [0.66224, 0.603751, 0.443758, 0.124994, 0.405681, -0.78683, 0.465102, -0.002831, 0.629968, -0.127985, -0.766002, -1.2e-05, 0.0, 0.0, 0.0, 1.0],
                [0.671195, 0.582309, 0.458706, 0.124994, 0.386426, -0.802925, 0.453854, -0.002831, 0.63259, -0.127368, -0.763941, -1.2e-05, 0.0, 0.0, 0.0, 1.0],
                [0.67961, 0.560433, 0.473332, 0.124994, 0.366929, -0.818427, 0.442197, -0.002831, 0.63521, -0.126841, -0.761853, -1.2e-05, 0.0, 0.0, 0.0, 1.0],
                [0.687409, 0.538346, 0.487496, 0.124994, 0.347389, -0.833187, 0.430253, -0.002831, 0.637801, -0.126408, -0.759757, -1.2e-05, 0.0, 0.0, 0.0, 1.0],
                [0.694534, 0.516288, 0.501067, 0.124994, 0.328011, -0.847082, 0.418159, -0.002831, 0.640337, -0.126069, -0.757678, -1.2e-05, 0.0, 0.0, 0.0, 1.0],
                [0.700951, 0.49451, 0.513933, 0.124994, 0.309006, -0.860014, 0.406064, -0.002831, 0.642793, -0.125822, -0.755636, -1.2e-05, 0.0, 0.0, 0.0, 1.0],
                [0.706645, 0.473271, 0.525991, 0.124994, 0.290587, -0.871906, 0.394127, -0.002831, 0.645145, -0.125661, -0.753656, -1.2e-05, 0.0, 0.0, 0.0, 1.0],
                [0.711619, 0.452833, 0.537159, 0.124994, 0.272968, -0.882705, 0.382514, -0.002831, 0.647368, -0.125577, -0.751761, -1.2e-05, 0.0, 0.0, 0.0, 1.0],
                [0.715894, 0.433463, 0.547362, 0.124994, 0.256359, -0.892379, 0.371398, -0.002831, 0.649442, -0.125559, -0.749973, -1.2e-05, 0.0, 0.0, 0.0, 1.0],
                [0.719502, 0.415426, 0.556541, 0.124994, 0.24097, -0.900912, 0.360953, -0.002831, 0.651345, -0.125596, -0.748315, -1.2e-05, 0.0, 0.0, 0.0, 1.0],
                [0.722486, 0.398985, 0.564645, 0.124994, 0.227006, -0.908302, 0.351357, -0.002831, 0.653055, -0.125672, -0.74681, -1.2e-05, 0.0, 0.0, 0.0, 1.0],
                [0.724898, 0.3844, 0.571629, 0.124994, 0.214667, -0.914556, 0.342785, -0.002831, 0.654554, -0.125773, -0.74548, -1.2e-05, 0.0, 0.0, 0.0, 1.0],
                [0.726787, 0.371924, 0.577453, 0.124994, 0.204148, -0.919685, 0.335409, -0.002831, 0.655823, -0.125884, -0.744345, -1.2e-05, 0.0, 0.0, 0.0, 1.0],
                [0.728204, 0.361807, 0.582077, 0.124994, 0.195641, -0.923698, 0.329399, -0.002831, 0.656843, -0.125991, -0.743427, -1.2e-05, 0.0, 0.0, 0.0, 1.0],
                [0.729191, 0.354292, 0.585455, 0.124994, 0.189336, -0.926594, 0.324918, -0.002831, 0.657596, -0.126079, -0.742746, -1.2e-05, 0.0, 0.0, 0.0, 1.0],
                [0.729777, 0.349615, 0.587533, 0.124994, 0.185417, -0.928361, 0.322122, -0.002831, 0.658062, -0.126138, -0.742323, -1.2e-05, 0.0, 0.0, 0.0, 1.0],
                [0.729973, 0.348006, 0.588244, 0.124994, 0.18407, -0.928963, 0.321159, -0.002831, 0.658222, -0.126159, -0.742178, -1.2e-05, 0.0, 0.0, 0.0, 1.0],
                [0.731644, 0.352345, 0.583566, 0.124994, 0.184767, -0.926515, 0.327762, -0.002831, 0.656169, -0.131981, -0.742982, -1.2e-05, 0.0, 0.0, 0.0, 1.0],
                [0.736259, 0.364516, 0.570132, 0.124994, 0.186717, -0.91924, 0.346599, -0.002831, 0.65043, -0.148732, -0.744862, -1.2e-05, 0.0, 0.0, 0.0, 1.0],
                [0.743176, 0.383049, 0.5486, 0.124994, 0.189814, -0.906923, 0.376108, -0.002831, 0.641607, -0.175382, -0.746714, -1.2e-05, 0.0, 0.0, 0.0, 1.0],
                [0.751714, 0.406279, 0.519484, 0.124994, 0.194018, -0.889084, 0.414588, -0.002831, 0.630304, -0.210861, -0.747164, -1.2e-05, 0.0, 0.0, 0.0, 1.0],
                [0.761188, 0.432408, 0.483338, 0.124994, 0.199278, -0.865172, 0.460177, -0.002831, 0.617155, -0.253962, -0.74473, -1.2e-05, 0.0, 0.0, 0.0, 1.0],
                [0.770947, 0.459605, 0.440912, 0.124994, 0.205468, -0.834741, 0.510869, -0.002831, 0.602846, -0.303258, -0.737978, -1.2e-05, 0.0, 0.0, 0.0, 1.0],
                [0.780409, 0.486113, 0.393261, 0.124994, 0.212337, -0.797609, 0.564562, -0.002831, 0.588111, -0.357085, -0.725683, -1.2e-05, 0.0, 0.0, 0.0, 1.0],
                [0.789104, 0.510384, 0.341792, 0.124994, 0.219474, -0.753964, 0.619166, -0.002831, 0.573712, -0.413571, -0.706974, -1.2e-05, 0.0, 0.0, 0.0, 1.0],
                [0.796702, 0.531206, 0.288243, 0.124994, 0.226298, -0.704433, 0.672727, -0.002831, 0.560405, -0.470733, -0.681437, -1.2e-05, 0.0, 0.0, 0.0, 1.0],
                [0.803033, 0.547811, 0.234605, 0.124994, 0.232074, -0.650068, 0.723569, -0.002831, 0.548889, -0.526603, -0.649161, -1.2e-05, 0.0, 0.0, 0.0, 1.0],
                [0.808075, 0.559931, 0.183002, 0.124994, 0.235933, -0.592281, 0.770414, -0.002831, 0.539768, -0.579375, -0.610716, -1.2e-05, 0.0, 0.0, 0.0, 1.0],
                [0.811928, 0.567799, 0.135556, 0.124994, 0.236913, -0.532735, 0.812444, -0.002831, 0.533521, -0.627529, -0.567063, -1.2e-05, 0.0, 0.0, 0.0, 1.0],
                [0.814756, 0.572085, 0.094283, 0.124994, 0.233993, -0.473218, 0.8493, -0.002831, 0.530489, -0.66991, -0.519423, -1.2e-05, 0.0, 0.0, 0.0, 1.0],
                [0.816721, 0.573795, 0.061021, 0.124994, 0.226113, -0.415533, 0.881025, -0.002831, 0.530885, -0.705752, -0.469119, -1.2e-05, 0.0, 0.0, 0.0, 1.0],
                [0.817893, 0.574151, 0.037422, 0.124994, 0.212177, -0.361427, 0.907938, -0.002831, 0.53482, -0.734654, -0.417432, -1.2e-05, 0.0, 0.0, 0.0, 1.0],
                [0.828916, 0.557205, 0.049181, 0.124994, 0.162341, -0.323772, 0.932103, -0.002831, 0.535296, -0.76465, -0.358839, -1.2e-05, 0.0, 0.0, 0.0, 1.0],
                [0.848063, 0.518603, 0.108805, 0.124994, 0.065261, -0.305988, 0.949796, -0.002831, 0.52586, -0.798384, -0.293343, -1.2e-05, 0.0, 0.0, 0.0, 1.0],
                [0.85772, 0.475832, 0.194676, 0.124994, -0.050949, -0.298125, 0.953166, -0.002831, 0.511586, -0.827467, -0.231465, -1.2e-05, 0.0, 0.0, 0.0, 1.0],
                [0.849259, 0.447289, 0.280519, 0.124994, -0.155079, -0.296546, 0.942343, -0.002831, 0.504687, -0.843794, -0.182481, -1.2e-05, 0.0, 0.0, 0.0, 1.0],
                [0.825073, 0.451472, 0.339745, 0.124994, -0.216293, -0.303124, 0.928081, -0.002831, 0.521988, -0.839217, -0.15245, -1.2e-05, 0.0, 0.0, 0.0, 1.0],
                [0.795247, 0.475519, 0.376115, 0.124994, -0.243405, -0.317761, 0.916396, -0.002831, 0.555279, -0.820308, -0.136955, -1.2e-05, 0.0, 0.0, 0.0, 1.0],
                [0.766061, 0.495188, 0.409803, 0.124994, -0.264651, -0.338012, 0.903165, -0.002831, 0.585756, -0.800333, -0.127887, -1.2e-05, 0.0, 0.0, 0.0, 1.0],
                [0.737834, 0.510694, 0.441353, 0.124994, -0.280414, -0.362857, 0.888652, -0.002831, 0.613978, -0.779437, -0.124524, -1.2e-05, 0.0, 0.0, 0.0, 1.0],
                [0.710812, 0.522266, 0.471151, 0.124994, -0.291083, -0.391371, 0.872983, -0.002831, 0.640325, -0.757669, -0.126169, -1.2e-05, 0.0, 0.0, 0.0, 1.0],
                [0.685199, 0.530144, 0.499448, 0.124994, -0.297051, -0.422696, 0.856206, -0.002831, 0.665028, -0.735031, -0.132152, -1.2e-05, 0.0, 0.0, 0.0, 1.0],
                [0.661163, 0.534582, 0.526387, 0.124994, -0.298719, -0.456029, 0.838334, -0.002831, 0.688208, -0.711516, -0.14182, -1.2e-05, 0.0, 0.0, 0.0, 1.0],
                [0.63885, 0.535856, 0.552021, 0.124994, -0.296506, -0.490603, 0.819385, -0.002831, 0.709897, -0.687141, -0.154538, -1.2e-05, 0.0, 0.0, 0.0, 1.0],
                [0.618384, 0.534268, 0.576331, 0.124994, -0.290858, -0.525689, 0.799407, -0.002831, 0.73007, -0.661969, -0.169682, -1.2e-05, 0.0, 0.0, 0.0, 1.0],
                [0.599861, 0.530157, 0.599248, 0.124994, -0.282255, -0.560591, 0.778504, -0.002831, 0.748664, -0.636134, -0.186638, -1.2e-05, 0.0, 0.0, 0.0, 1.0],
                [0.583353, 0.523898, 0.620668, 0.124994, -0.271214, -0.594655, 0.756853, -0.002831, 0.765598, -0.609845, -0.204806, -1.2e-05, 0.0, 0.0, 0.0, 1.0],
                [0.568896, 0.515909, 0.640464, 0.124994, -0.258291, -0.627276, 0.734717, -0.002831, 0.780796, -0.583402, -0.223601, -1.2e-05, 0.0, 0.0, 0.0, 1.0],
                [0.556487, 0.506642, 0.658509, 0.124994, -0.244079, -0.657908, 0.712447, -0.002831, 0.794196, -0.557195, -0.242458, -1.2e-05, 0.0, 0.0, 0.0, 1.0],
                [0.546086, 0.496584, 0.67468, 0.124994, -0.229196, -0.686074, 0.690485, -0.002831, 0.805765, -0.531697, -0.260842, -1.2e-05, 0.0, 0.0, 0.0, 1.0],
                [0.537609, 0.486243, 0.688871, 0.124994, -0.214283, -0.711367, 0.669356, -0.002831, 0.815512, -0.507464, -0.278245, -1.2e-05, 0.0, 0.0, 0.0, 1.0],
                [0.530931, 0.476142, 0.700999, 0.124994, -0.199985, -0.733452, 0.649655, -0.002831, 0.823479, -0.48511, -0.294192, -1.2e-05, 0.0, 0.0, 0.0, 1.0],
                [0.525896, 0.466805, 0.711004, 0.124994, -0.186946, -0.752053, 0.632033, -0.002831, 0.82975, -0.465301, -0.308235, -1.2e-05, 0.0, 0.0, 0.0, 1.0],
                [0.52232, 0.458742, 0.718844, 0.124994, -0.175793, -0.766939, 0.617171, -0.002831, 0.834433, -0.448727, -0.319945, -1.2e-05, 0.0, 0.0, 0.0, 1.0],
                [0.520005, 0.452444, 0.724492, 0.124994, -0.167134, -0.777895, 0.605758, -0.002831, 0.837651, -0.436084, -0.328891, -1.2e-05, 0.0, 0.0, 0.0, 1.0],
                [0.518751, 0.448368, 0.727917, 0.124994, -0.161545, -0.78469, 0.598466, -0.002831, 0.839524, -0.428045, -0.334628, -1.2e-05, 0.0, 0.0, 0.0, 1.0],
                [0.51837, 0.446926, 0.729074, 0.124994, -0.159568, -0.787035, 0.595912, -0.002831, 0.840137, -0.425239, -0.336661, -1.2e-05, 0.0, 0.0, 0.0, 1.0],
                [0.51837, 0.446926, 0.729074, 0.124994, -0.159568, -0.787035, 0.595912, -0.002831, 0.840137, -0.425239, -0.336661, -1.2e-05, 0.0, 0.0, 0.0, 1.0],
                [0.51837, 0.446926, 0.729074, 0.124994, -0.159568, -0.787035, 0.595912, -0.002831, 0.840137, -0.425239, -0.336661, -1.2e-05, 0.0, 0.0, 0.0, 1.0],
                [0.51837, 0.446926, 0.729074, 0.124994, -0.159568, -0.787035, 0.595912, -0.002831, 0.840137, -0.425239, -0.336661, -1.2e-05, 0.0, 0.0, 0.0, 1.0],
                [0.51837, 0.446926, 0.729074, 0.124994, -0.159568, -0.787035, 0.595912, -0.002831, 0.840137, -0.425239, -0.336661, -1.2e-05, 0.0, 0.0, 0.0, 1.0],
                [0.51837, 0.446926, 0.729074, 0.124994, -0.159568, -0.787035, 0.595912, -0.002831, 0.840137, -0.425239, -0.336661, -1.2e-05, 0.0, 0.0, 0.0, 1.0],
                [0.51837, 0.446926, 0.729074, 0.124994, -0.159568, -0.787035, 0.595912, -0.002831, 0.840137, -0.425239, -0.336661, -1.2e-05, 0.0, 0.0, 0.0, 1.0],
                [0.51837, 0.446926, 0.729074, 0.124994, -0.159568, -0.787035, 0.595912, -0.002831, 0.840137, -0.425239, -0.336661, -1.2e-05, 0.0, 0.0, 0.0, 1.0],
                [0.51837, 0.446926, 0.729074, 0.124994, -0.159568, -0.787035, 0.595912, -0.002831, 0.840137, -0.425239, -0.336661, -1.2e-05, 0.0, 0.0, 0.0, 1.0],
                [0.51837, 0.446926, 0.729074, 0.124994, -0.159568, -0.787035, 0.595912, -0.002831, 0.840137, -0.425239, -0.336661, -1.2e-05, 0.0, 0.0, 0.0, 1.0],
                [0.51837, 0.446926, 0.729074, 0.124994, -0.159568, -0.787035, 0.595912, -0.002831, 0.840137, -0.425239, -0.336661, -1.2e-05, 0.0, 0.0, 0.0, 1.0],
                [0.518858, 0.446573, 0.728943, 0.124994, -0.159199, -0.787308, 0.59565, -0.002831, 0.839905, -0.425104, -0.337409, -1.2e-05, 0.0, 0.0, 0.0, 1.0],
                [0.520297, 0.445532, 0.728554, 0.124994, -0.158112, -0.788114, 0.594874, -0.002831, 0.83922, -0.424704, -0.33961, -1.2e-05, 0.0, 0.0, 0.0, 1.0],
                [0.522646, 0.443833, 0.727909, 0.124994, -0.15634, -0.789427, 0.5936, -0.002831, 0.838092, -0.424043, -0.343204, -1.2e-05, 0.0, 0.0, 0.0, 1.0],
                [0.525866, 0.441504, 0.727007, 0.124994, -0.153915, -0.791224, 0.591838, -0.002831, 0.836525, -0.423123, -0.348125, -1.2e-05, 0.0, 0.0, 0.0, 1.0],
                [0.529914, 0.438574, 0.72584, 0.124994, -0.150873, -0.793481, 0.589595, -0.002831, 0.834523, -0.421943, -0.354309, -1.2e-05, 0.0, 0.0, 0.0, 1.0],
                [0.53475, 0.435072, 0.7244, 0.124994, -0.147248, -0.796171, 0.586879, -0.002831, 0.832082, -0.420498, -0.36169, -1.2e-05, 0.0, 0.0, 0.0, 1.0],
                [0.540331, 0.431027, 0.722674, 0.124994, -0.143078, -0.799269, 0.583691, -0.002831, 0.829199, -0.418784, -0.370201, -1.2e-05, 0.0, 0.0, 0.0, 1.0],
                [0.546616, 0.426469, 0.720648, 0.124994, -0.138399, -0.802748, 0.580034, -0.002831, 0.825867, -0.416792, -0.379773, -1.2e-05, 0.0, 0.0, 0.0, 1.0],
                [0.553561, 0.421429, 0.718309, 0.124994, -0.133251, -0.806579, 0.575909, -0.002831, 0.822079, -0.414515, -0.390336, -1.2e-05, 0.0, 0.0, 0.0, 1.0],
                [0.561121, 0.415937, 0.715639, 0.124994, -0.127672, -0.810736, 0.571317, -0.002831, 0.817828, -0.411944, -0.401819, -1.2e-05, 0.0, 0.0, 0.0, 1.0],
                [0.569251, 0.410026, 0.712623, 0.124994, -0.121703, -0.81519, 0.56626, -0.002831, 0.813106, -0.409071, -0.414148, -1.2e-05, 0.0, 0.0, 0.0, 1.0],
                [0.577905, 0.403726, 0.709246, 0.124994, -0.115384, -0.819911, 0.56074, -0.002831, 0.807906, -0.405889, -0.427249, -1.2e-05, 0.0, 0.0, 0.0, 1.0],
                [0.587037, 0.397072, 0.705494, 0.124994, -0.108756, -0.824871, 0.554759, -0.002831, 0.802221, -0.40239, -0.441047, -1.2e-05, 0.0, 0.0, 0.0, 1.0],
                [0.596598, 0.390096, 0.701353, 0.124994, -0.101862, -0.830039, 0.548322, -0.002831, 0.796049, -0.398568, -0.455465, -1.2e-05, 0.0, 0.0, 0.0, 1.0],
                [0.60654, 0.382833, 0.696813, 0.124994, -0.094742, -0.835385, 0.541436, -0.002831, 0.789388, -0.394419, -0.470426, -1.2e-05, 0.0, 0.0, 0.0, 1.0],
                [0.616813, 0.375318, 0.691866, 0.124994, -0.087438, -0.84088, 0.53411, -0.002831, 0.782238, -0.38994, -0.485849, -1.2e-05, 0.0, 0.0, 0.0, 1.0],
                [0.627367, 0.367586, 0.686506, 0.124994, -0.079993, -0.846492, 0.526354, -0.002831, 0.774604, -0.385132, -0.501659, -1.2e-05, 0.0, 0.0, 0.0, 1.0],
                [0.638153, 0.359673, 0.680732, 0.124994, -0.072447, -0.852193, 0.518184, -0.002831, 0.766493, -0.379997, -0.517774, -1.2e-05, 0.0, 0.0, 0.0, 1.0],
                [0.649119, 0.351614, 0.674545, 0.124994, -0.064841, -0.857953, 0.509617, -0.002831, 0.757918, -0.374539, -0.534116, -1.2e-05, 0.0, 0.0, 0.0, 1.0],
                [0.660216, 0.343446, 0.667951, 0.124994, -0.057214, -0.863742, 0.500673, -0.002831, 0.748893, -0.368768, -0.550608, -1.2e-05, 0.0, 0.0, 0.0, 1.0],
                [0.671394, 0.335205, 0.660959, 0.124994, -0.049606, -0.869532, 0.491375, -0.002831, 0.739438, -0.362693, -0.567173, -1.2e-05, 0.0, 0.0, 0.0, 1.0],
                [0.682604, 0.326926, 0.653583, 0.124994, -0.042052, -0.875297, 0.48175, -0.002831, 0.729577, -0.356328, -0.583736, -1.2e-05, 0.0, 0.0, 0.0, 1.0],
                [0.693798, 0.318643, 0.645841, 0.124994, -0.034588, -0.881009, 0.471829, -0.002831, 0.719338, -0.349692, -0.600223, -1.2e-05, 0.0, 0.0, 0.0, 1.0],
