{
    "animation": [
        {
            "name": "Root",
            "time": [0.0, 0.0167, 0.0333, 0.05, 0.0667, 0.0833, 0.1, 0.1167, 0.1333, 0.15, 0.1667, 0.1833, 0.2, 0.2167, 0.2333, 0.25, 0.2667, 0.2833, 0.3, 0.3167, 0.3333, 0.35, 0.3667, 0.3833, 0.4, 0.4167, 0.4333, 0.45, 0.4667, 0.4833, 0.5, 0.5167, 0.5333, 0.55, 0.5667, 0.5833, 0.6, 0.6167, 0.6333, 0.65, 0.6667, 0.6833, 0.7, 0.7167, 0.7333, 0.75, 0.7667, 0.7833, 0.8, 0.8167, 0.8333, 0.85, 0.8667, 0.8833, 0.9, 0.9167, 0.9333, 0.95, 0.9667, 0.9833, 1.0, 1.0167, 1.0333, 1.05, 1.0667, 1.0833, 1.1, 1.1167, 1.1333, 1.15, 1.1667, 1.1833, 1.2, 1.2167, 1.2333, 1.25, 1.2667, 1.2833, 1.3, 1.3167, 1.3333, 1.35, 1.3667, 1.3833, 1.4, 1.4167, 1.4333, 1.45, 1.4667, 1.4833, 1.5, 1.5167, 1.5333, 1.55, 1.5667, 1.5833, 1.6, 1.6167, 1.6333, 1.65, 1.6667, 1.6833, 1.7, 1.7167, 1.7333, 1.75, 1.7667, 1.7833, 1.8, 1.8167, 1.8333, 1.85, 1.8667, 1.8833, 1.9, 1.9167, 1.9333, 1.95, 1.9667, 1.9833, 2.0, 2.0167, 2.0333, 2.05, 2.0667, 2.0833, 2.1, 2.1167, 2.1333, 2.15, 2.1667],
            "transform": [
                [0.929209, 0.087815, -0.358969, -0.081578, -0.369554, 0.220802, -0.902594, 0.000946, 0.0, 0.971357, 0.237624, 0.402952, 0.0, 0.0, 0.0, 1.0],
                [0.930108, 0.087273, -0.356767, -0.081964, -0.367286, 0.221015, -0.903467, 0.000957, 2e-06, 0.971358, 0.237622, 0.404621, 0.0, 0.0, 0.0, 1.0],
                [0.932693, 0.085694, -0.350343, -0.083087, -0.360671, 0.221628, -0.905979, 0.001029, 9e-06, 0.971359, 0.237618, 0.409426, 0.0, 0.0, 0.0, 1.0],
                [0.936762, 0.083139, -0.339949, -0.084894, -0.349967, 0.222591, -0.909932, 0.001224, 1.9e-05, 0.97136, 0.237611, 0.41707, 0.0, 0.0, 0.0, 1.0],
                [0.942072, 0.079664, -0.325814, -0.087333, -0.335412, 0.223849, -0.915091, 0.001605, 3.3e-05, 0.971363, 0.237602, 0.427254, 0.0, 0.0, 0.0, 1.0],
                [0.948348, 0.075325, -0.308159, -0.09035, -0.317232, 0.225334, -0.921189, 0.002232, 5e-05, 0.971365, 0.237591, 0.439681, 0.0, 0.0, 0.0, 1.0],
                [0.955295, 0.070176, -0.287205, -0.093894, -0.295654, 0.226978, -0.927938, 0.003168, 7e-05, 0.971368, 0.237579, 0.454051, 0.0, 0.0, 0.0, 1.0],
                [0.962604, 0.064274, -0.263178, -0.097912, -0.270913, 0.228707, -0.93504, 0.004475, 9.2e-05, 0.971371, 0.237566, 0.470066, 0.0, 0.0, 0.0, 1.0],
                [0.969961, 0.057677, -0.236322, -0.10235, -0.243259, 0.230445, -0.942189, 0.006213, 0.000116, 0.971374, 0.237554, 0.487428, 0.0, 0.0, 0.0, 1.0],
                [0.97706, 0.050453, -0.206903, -0.107157, -0.212966, 0.232121, -0.949086, 0.008445, 0.000142, 0.971377, 0.237541, 0.505839, 0.0, 0.0, 0.0, 1.0],
                [0.983605, 0.042673, -0.175212, -0.11228, -0.180334, 0.233665, -0.955448, 0.011233, 0.000169, 0.97138, 0.237529, 0.524999, 0.0, 0.0, 0.0, 1.0],
                [0.98933, 0.034415, -0.141569, -0.117666, -0.145692, 0.235012, -0.961012, 0.014637, 0.000197, 0.971383, 0.237518, 0.544612, 0.0, 0.0, 0.0, 1.0],
                [0.993998, 0.025766, -0.106319, -0.123262, -0.109396, 0.236107, -0.96555, 0.018721, 0.000224, 0.971385, 0.237508, 0.564378, 0.0, 0.0, 0.0, 1.0],
                [0.997417, 0.016816, -0.069836, -0.129017, -0.071832, 0.236904, -0.968874, 0.023545, 0.000251, 0.971387, 0.2375, 0.583998, 0.0, 0.0, 0.0, 1.0],
                [0.999442, 0.007664, -0.032514, -0.134876, -0.033404, 0.237371, -0.970845, 0.029172, 0.000277, 0.971389, 0.237494, 0.603175, 0.0, 0.0, 0.0, 1.0],
                [0.999985, -0.001591, 0.005239, -0.140789, 0.005467, 0.237485, -0.971376, 0.035662, 0.000301, 0.97139, 0.23749, 0.62161, 0.0, 0.0, 0.0, 1.0],
                [0.999016, -0.010845, 0.043004, -0.146701, 0.04435, 0.23724, -0.970438, 0.043078, 0.000322, 0.97139, 0.237488, 0.639005, 0.0, 0.0, 0.0, 1.0],
                [0.996565, -0.019998, 0.080366, -0.152561, 0.082816, 0.236644, -0.96806, 0.051482, 0.000341, 0.971391, 0.237487, 0.655114, 0.0, 0.0, 0.0, 1.0],
                [0.99272, -0.028947, 0.116916, -0.158315, 0.120446, 0.235719, -0.964328, 0.060935, 0.000355, 0.97139, 0.237489, 0.669905, 0.0, 0.0, 0.0, 1.0],
                [0.987625, -0.037597, 0.152261, -0.163911, 0.156834, 0.234499, -0.959382, 0.071499, 0.000364, 0.971389, 0.237493, 0.683397, 0.0, 0.0, 0.0, 1.0],
                [0.981473, -0.045856, 0.18603, -0.169297, 0.191598, 0.23303, -0.953408, 0.083235, 0.000369, 0.971388, 0.237499, 0.695611, 0.0, 0.0, 0.0, 1.0],
                [0.974501, -0.05364, 0.217877, -0.17442, 0.224382, 0.23137, -0.946637, 0.096206, 0.000368, 0.971386, 0.237506, 0.706566, 0.0, 0.0, 0.0, 1.0],
                [0.966978, -0.060871, 0.247485, -0.179227, 0.25486, 0.229582, -0.939329, 0.110473, 0.00036, 0.971384, 0.237514, 0.716283, 0.0, 0.0, 0.0, 1.0],
                [0.959198, -0.067478, 0.274565, -0.183666, 0.282735, 0.227738, -0.93177, 0.126098, 0.000345, 0.971382, 0.237524, 0.724781, 0.0, 0.0, 0.0, 1.0],
                [0.951471, -0.073397, 0.298857, -0.187683, 0.307737, 0.225911, -0.924263, 0.143142, 0.000323, 0.971379, 0.237535, 0.732082, 0.0, 0.0, 0.0, 1.0],
                [0.944114, -0.078568, 0.320119, -0.191227, 0.32962, 0.224178, -0.917112, 0.161667, 0.000292, 0.971376, 0.237547, 0.738204, 0.0, 0.0, 0.0, 1.0],
                [0.937438, -0.082937, 0.33813, -0.194245, 0.348153, 0.222612, -0.910623, 0.181735, 0.000253, 0.971373, 0.23756, 0.743168, 0.0, 0.0, 0.0, 1.0],
                [0.931744, -0.086452, 0.352674, -0.196683, 0.363116, 0.221286, -0.905085, 0.203408, 0.000205, 0.971369, 0.237574, 0.746994, 0.0, 0.0, 0.0, 1.0],
                [0.927313, -0.089059, 0.363537, -0.19849, 0.374287, 0.220266, -0.900773, 0.226747, 0.000147, 0.971366, 0.237589, 0.749702, 0.0, 0.0, 0.0, 1.0],
                [0.924396, -0.090702, 0.370494, -0.199613, 0.381435, 0.219612, -0.89793, 0.251815, 7.9e-05, 0.971362, 0.237605, 0.751312, 0.0, 0.0, 0.0, 1.0],
                [0.923204, -0.091321, 0.373302, -0.199999, 0.38431, 0.219375, -0.896761, 0.278672, -0.0, 0.971357, 0.237624, 0.751844, 0.0, 0.0, 0.0, 1.0],
                [0.922972, -0.091699, 0.373783, -0.199999, 0.384865, 0.222754, -0.895689, 0.307757, -0.001128, 0.970552, 0.240888, 0.748457, 0.0, 0.0, 0.0, 1.0],
                [0.922811, -0.092529, 0.373977, -0.199999, 0.385232, 0.231948, -0.893195, 0.339356, -0.004096, 0.968317, 0.249689, 0.739264, 0.0, 0.0, 0.0, 1.0],
                [0.922717, -0.093611, 0.373939, -0.199999, 0.385384, 0.245488, -0.889503, 0.373298, -0.008531, 0.964869, 0.262592, 0.725715, 0.0, 0.0, 0.0, 1.0],
                [0.922686, -0.09474, 0.373731, -0.199999, 0.385296, 0.261903, -0.884847, 0.409412, -0.014051, 0.960433, 0.278157, 0.709263, 0.0, 0.0, 0.0, 1.0],
                [0.922711, -0.095712, 0.373421, -0.199999, 0.384958, 0.27973, -0.879522, 0.447529, -0.020276, 0.955296, 0.294955, 0.69136, 0.0, 0.0, 0.0, 1.0],
                [0.922782, -0.096327, 0.373087, -0.199999, 0.384387, 0.297529, -0.873912, 0.487479, -0.026823, 0.949841, 0.311582, 0.673456, 0.0, 0.0, 0.0, 1.0],
                [0.922885, -0.096389, 0.372818, -0.199999, 0.383633, 0.313893, -0.868503, 0.529092, -0.033311, 0.944553, 0.326665, 0.657004, 0.0, 0.0, 0.0, 1.0],
                [0.923001, -0.095702, 0.372706, -0.199999, 0.382778, 0.327446, -0.863863, 0.572197, -0.039367, 0.940011, 0.338866, 0.643456, 0.0, 0.0, 0.0, 1.0],
                [0.923114, -0.094078, 0.372841, -0.199999, 0.381929, 0.336842, -0.86062, 0.616624, -0.044624, 0.936849, 0.346875, 0.634262, 0.0, 0.0, 0.0, 1.0],
                [0.923204, -0.091321, 0.373302, -0.199999, 0.381209, 0.340742, -0.859403, 0.662204, -0.048718, 0.935711, 0.349387, 0.630875, 0.0, 0.0, 0.0, 1.0],
                [0.923432, -0.085963, 0.37401, -0.199999, 0.380489, 0.332093, -0.8631, 0.708544, -0.050011, 0.939321, 0.339373, 0.634315, 0.0, 0.0, 0.0, 1.0],
                [0.924568, -0.077021, 0.373152, -0.199999, 0.378055, 0.307339, -0.873279, 0.754363, -0.047423, 0.948478, 0.313274, 0.643652, 0.0, 0.0, 0.0, 1.0],
                [0.927491, -0.065188, 0.368119, -0.199999, 0.371526, 0.270248, -0.88822, 0.798158, -0.041582, 0.960581, 0.274871, 0.657413, 0.0, 0.0, 0.0, 1.0],
                [0.932963, -0.05145, 0.356277, -0.199999, 0.358421, 0.224593, -0.906142, 0.838426, -0.033396, 0.973093, 0.227978, 0.674121, 0.0, 0.0, 0.0, 1.0],
                [0.941473, -0.037098, 0.335041, -0.199999, 0.336229, 0.17429, -0.925512, 0.874708, -0.02406, 0.983995, 0.176563, 0.692305, 0.0, 0.0, 0.0, 1.0],
                [0.953051, -0.023611, 0.301888, -0.199999, 0.302441, 0.123416, -0.945144, 0.910713, -0.014942, 0.992074, 0.124763, 0.710488, 0.0, 0.0, 0.0, 1.0],
                [0.967039, -0.012441, 0.254326, -0.199999, 0.254523, 0.076181, -0.964061, 0.951196, -0.007381, 0.997016, 0.076837, 0.727197, 0.0, 0.0, 0.0, 1.0],
                [0.981806, -0.004712, 0.18983, -0.199999, 0.189873, 0.036896, -0.981115, 1.000912, -0.002381, 0.999308, 0.037119, 0.740957, 0.0, 0.0, 0.0, 1.0],
                [0.994383, -0.000832, 0.105842, -0.199999, 0.105845, 0.009987, -0.994332, 1.064614, -0.000229, 0.99995, 0.010019, 0.750295, 0.0, 0.0, 0.0, 1.0],
                [1.0, 0.0, 0.0, -0.199999, 0.0, 0.0, -1.0, 1.147055, 0.0, 1.0, 0.0, 0.753735, 0.0, 0.0, 0.0, 1.0],
                [0.99092, -0.000207, -0.134455, -0.200382, -0.134455, 0.001302, -0.990919, 1.25094, 0.00038, 0.999999, 0.001262, 0.722801, 0.0, 0.0, 0.0, 1.0],
                [0.957412, -0.000401, -0.288726, -0.201478, -0.28872, 0.005086, -0.9574, 1.370768, 0.001853, 0.999987, 0.004753, 0.649034, 0.0, 0.0, 0.0, 1.0],
                [0.898117, 2.7e-05, -0.439756, -0.203207, -0.439729, 0.011064, -0.898062, 1.49899, 0.004841, 0.999939, 0.009949, 0.560991, 0.0, 0.0, 0.0, 1.0],
                [0.823752, 0.001439, -0.566948, -0.205491, -0.56687, 0.018844, -0.823591, 1.628056, 0.009498, 0.999821, 0.016339, 0.487224, 0.0, 0.0, 0.0, 1.0],
                [0.753972, 0.003767, -0.656895, -0.20825, -0.65672, 0.028114, -0.75361, 1.750414, 0.015629, 0.999598, 0.023671, 0.45629, 0.0, 0.0, 0.0, 1.0],
                [0.695062, 0.006869, -0.718917, -0.211405, -0.718582, 0.038621, -0.694369, 1.859918, 0.022996, 0.99923, 0.03178, 0.45629, 0.0, 0.0, 0.0, 1.0],
                [0.639466, 0.010831, -0.768743, -0.214877, -0.768173, 0.049976, -0.638288, 1.956031, 0.031506, 0.998692, 0.040278, 0.45629, 0.0, 0.0, 0.0, 1.0],
                [0.58858, 0.015525, -0.80829, -0.218587, -0.807402, 0.061896, -0.586745, 2.039618, 0.040921, 0.997962, 0.048966, 0.45629, 0.0, 0.0, 0.0, 1.0],
                [0.543204, 0.020789, -0.839343, -0.222455, -0.838051, 0.074132, -0.540532, 2.111543, 0.050985, 0.997032, 0.057691, 0.45629, 0.0, 0.0, 0.0, 1.0],
                [0.503691, 0.026438, -0.863479, -0.226402, -0.861696, 0.086461, -0.500004, 2.172674, 0.061438, 0.995904, 0.066331, 0.45629, 0.0, 0.0, 0.0, 1.0],
                [0.470069, 0.032283, -0.882039, -0.23035, -0.879687, 0.098675, -0.465203, 2.223876, 0.072017, 0.994596, 0.074783, 0.45629, 0.0, 0.0, 0.0, 1.0],
                [0.442143, 0.038135, -0.896134, -0.234218, -0.893146, 0.110577, -0.435963, 2.266013, 0.082467, 0.993136, 0.082951, 0.45629, 0.0, 0.0, 0.0, 1.0],
                [0.419566, 0.043812, -0.906667, -0.237927, -0.902996, 0.121969, -0.411973, 2.299951, 0.092536, 0.991567, 0.090735, 0.45629, 0.0, 0.0, 0.0, 1.0],
                [0.401885, 0.049141, -0.914371, -0.241399, -0.909994, 0.132642, -0.392832, 2.326557, 0.10198, 0.989945, 0.098025, 0.45629, 0.0, 0.0, 0.0, 1.0],
                [0.388579, 0.053965, -0.919834, -0.244554, -0.914758, 0.142379, -0.378082, 2.346694, 0.110562, 0.98834, 0.104691, 0.45629, 0.0, 0.0, 0.0, 1.0],
                [0.379082, 0.058143, -0.923535, -0.247314, -0.917802, 0.150946, -0.367226, 2.36123, 0.118052, 0.986831, 0.110585, 0.45629, 0.0, 0.0, 0.0, 1.0],
                [0.372793, 0.061551, -0.925871, -0.249597, -0.919561, 0.158093, -0.359742, 2.371029, 0.124231, 0.985504, 0.115536, 0.45629, 0.0, 0.0, 0.0, 1.0],
                [0.369091, 0.064083, -0.927182, -0.251327, -0.920413, 0.163552, -0.355092, 2.376957, 0.128887, 0.984451, 0.119348, 0.45629, 0.0, 0.0, 0.0, 1.0],
                [0.367341, 0.065653, -0.927766, -0.252423, -0.920698, 0.167043, -0.352721, 2.379879, 0.131819, 0.983761, 0.121808, 0.45629, 0.0, 0.0, 0.0, 1.0],
                [0.366901, 0.066189, -0.927902, -0.252805, -0.920727, 0.168272, -0.35206, 2.38066, 0.132838, 0.983516, 0.122681, 0.45629, 0.0, 0.0, 0.0, 1.0],
                [0.366901, 0.066189, -0.927902, -0.252805, -0.920727, 0.168272, -0.35206, 2.38066, 0.132838, 0.983516, 0.122681, 0.45629, 0.0, 0.0, 0.0, 1.0],
                [0.366901, 0.066189, -0.927902, -0.252805, -0.920727, 0.168272, -0.35206, 2.38066, 0.132838, 0.983516, 0.122681, 0.45629, 0.0, 0.0, 0.0, 1.0],
                [0.366901, 0.066189, -0.927902, -0.252805, -0.920727, 0.168272, -0.35206, 2.38066, 0.132838, 0.983516, 0.122681, 0.45629, 0.0, 0.0, 0.0, 1.0],
                [0.366901, 0.066189, -0.927902, -0.252805, -0.920727, 0.168272, -0.35206, 2.38066, 0.132838, 0.983516, 0.122681, 0.45629, 0.0, 0.0, 0.0, 1.0],
                [0.366901, 0.066189, -0.927902, -0.252805, -0.920727, 0.168272, -0.35206, 2.38066, 0.132838, 0.983516, 0.122681, 0.45629, 0.0, 0.0, 0.0, 1.0],
                [0.366901, 0.066189, -0.927902, -0.252805, -0.920727, 0.168272, -0.35206, 2.38066, 0.132838, 0.983516, 0.122681, 0.45629, 0.0, 0.0, 0.0, 1.0],
                [0.366901, 0.066189, -0.927902, -0.252805, -0.920727, 0.168272, -0.35206, 2.38066, 0.132838, 0.983516, 0.122681, 0.45629, 0.0, 0.0, 0.0, 1.0],
                [0.366901, 0.066189, -0.927902, -0.252805, -0.920727, 0.168272, -0.35206, 2.38066, 0.132838, 0.983516, 0.122681, 0.45629, 0.0, 0.0, 0.0, 1.0],
                [0.366901, 0.066189, -0.927902, -0.252805, -0.920727, 0.168272, -0.35206, 2.38066, 0.132838, 0.983516, 0.122681, 0.45629, 0.0, 0.0, 0.0, 1.0],
                [0.366901, 0.066189, -0.927902, -0.252805, -0.920727, 0.168272, -0.35206, 2.38066, 0.132838, 0.983516, 0.122681, 0.45629, 0.0, 0.0, 0.0, 1.0],
                [0.369855, 0.065646, -0.926768, -0.252264, -0.919526, 0.168618, -0.355021, 2.380665, 0.132964, 0.983493, 0.122727, 0.457001, 0.0, 0.0, 0.0, 1.0],
                [0.378433, 0.064058, -0.92341, -0.2507, -0.915977, 0.169607, -0.363621, 2.380697, 0.133324, 0.983428, 0.12286, 0.459076, 0.0, 0.0, 0.0, 1.0],
                [0.392189, 0.06148, -0.917828, -0.248201, -0.91009, 0.171149, -0.377418, 2.380783, 0.133882, 0.983325, 0.123075, 0.462431, 0.0, 0.0, 0.0, 1.0],
                [0.410656, 0.057958, -0.909947, -0.244857, -0.9018, 0.173146, -0.395951, 2.380952, 0.134605, 0.983189, 0.123369, 0.466981, 0.0, 0.0, 0.0, 1.0],
                [0.433336, 0.053532, -0.899641, -0.240756, -0.890994, 0.175485, -0.418729, 2.381231, 0.135459, 0.983026, 0.123741, 0.472641, 0.0, 0.0, 0.0, 1.0],
                [0.459704, 0.048245, -0.886761, -0.235989, -0.877533, 0.17805, -0.445234, 2.381647, 0.136407, 0.982838, 0.124187, 0.479326, 0.0, 0.0, 0.0, 1.0],
                [0.489206, 0.042145, -0.871149, -0.230642, -0.861275, 0.180716, -0.474918, 2.382227, 0.137415, 0.982632, 0.124706, 0.486952, 0.0, 0.0, 0.0, 1.0],
                [0.521257, 0.035286, -0.85267, -0.224807, -0.842095, 0.183356, -0.507204, 2.382999, 0.138445, 0.982413, 0.12529, 0.495433, 0.0, 0.0, 0.0, 1.0],
                [0.555247, 0.027736, -0.831223, -0.218571, -0.819909, 0.185847, -0.541489, 2.383991, 0.139462, 0.982187, 0.125932, 0.504684, 0.0, 0.0, 0.0, 1.0],
                [0.590551, 0.019573, -0.806763, -0.212024, -0.794688, 0.188067, -0.57715, 2.385229, 0.140429, 0.981961, 0.126617, 0.514622, 0.0, 0.0, 0.0, 1.0],
                [0.626538, 0.010891, -0.779315, -0.205254, -0.766473, 0.189904, -0.61356, 2.386741, 0.141313, 0.981742, 0.12733, 0.52516, 0.0, 0.0, 0.0, 1.0],
                [0.662584, 0.001799, -0.748985, -0.198351, -0.735388, 0.191259, -0.650096, 2.388555, 0.142081, 0.981538, 0.128048, 0.536215, 0.0, 0.0, 0.0, 1.0],
                [0.698094, -0.007584, -0.715966, -0.191403, -0.701641, 0.192047, -0.686162, 2.390698, 0.142703, 0.981356, 0.128746, 0.5477, 0.0, 0.0, 0.0, 1.0],
                [0.732515, -0.017129, -0.680535, -0.1845, -0.665529, 0.192204, -0.7212, 2.393197, 0.143155, 0.981206, 0.129392, 0.559532, 0.0, 0.0, 0.0, 1.0],
                [0.765352, -0.026697, -0.643058, -0.17773, -0.62743, 0.191684, -0.754711, 2.39608, 0.143412, 0.981094, 0.129955, 0.571625, 0.0, 0.0, 0.0, 1.0],
                [0.796189, -0.03615, -0.603967, -0.171183, -0.587795, 0.190465, -0.78627, 2.399374, 0.143458, 0.981028, 0.130397, 0.583896, 0.0, 0.0, 0.0, 1.0],
                [0.824692, -0.045348, -0.563761, -0.164947, -0.547133, 0.188546, -0.815534, 2.403107, 0.143278, 0.981017, 0.130681, 0.596257, 0.0, 0.0, 0.0, 1.0],
                [0.850623, -0.054158, -0.522979, -0.159111, -0.505995, 0.185947, -0.842254, 2.407306, 0.142861, 0.981066, 0.130767, 0.608626, 0.0, 0.0, 0.0, 1.0],
                [0.873838, -0.062454, -0.482189, -0.153765, -0.464958, 0.182706, -0.866275, 2.411998, 0.142201, 0.981182, 0.130617, 0.620917, 0.0, 0.0, 0.0, 1.0],
                [0.894286, -0.070121, -0.441969, -0.148998, -0.424606, 0.178876, -0.887532, 2.417211, 0.141292, 0.98137, 0.130193, 0.633045, 0.0, 0.0, 0.0, 1.0],
                [0.911997, -0.077058, -0.402893, -0.144897, -0.385518, 0.17452, -0.906045, 2.422973, 0.140131, 0.981634, 0.129455, 0.644925, 0.0, 0.0, 0.0, 1.0],
                [0.927079, -0.083175, -0.365521, -0.141553, -0.348257, 0.169711, -0.921909, 2.42931, 0.138712, 0.981978, 0.128369, 0.656473, 0.0, 0.0, 0.0, 1.0],
                [0.939697, -0.088397, -0.330386, -0.139054, -0.313355, 0.164521, -0.935276, 2.43625, 0.137031, 0.982405, 0.1269, 0.667603, 0.0, 0.0, 0.0, 1.0],
                [0.950059, -0.092661, -0.297996, -0.13749, -0.281321, 0.159024, -0.946345, 2.44382, 0.135078, 0.982917, 0.125014, 0.678231, 0.0, 0.0, 0.0, 1.0],
                [0.958401, -0.095912, -0.268829, -0.136948, -0.252631, 0.153288, -0.955343, 2.452049, 0.132838, 0.983516, 0.122681, 0.688272, 0.0, 0.0, 0.0, 1.0],
                [0.965042, -0.097986, -0.243089, -0.136948, -0.227518, 0.147235, -0.962578, 2.460963, 0.130111, 0.984236, 0.119795, 0.697654, 0.0, 0.0, 0.0, 1.0],
                [0.970393, -0.098828, -0.220388, -0.136948, -0.205608, 0.140796, -0.968453, 2.47059, 0.12674, 0.985094, 0.116308, 0.706356, 0.0, 0.0, 0.0, 1.0],
                [0.974768, -0.098557, -0.200283, -0.136948, -0.186426, 0.134035, -0.973283, 2.480957, 0.122769, 0.986063, 0.11228, 0.71437, 0.0, 0.0, 0.0, 1.0],
                [0.978417, -0.097288, -0.182308, -0.136948, -0.169475, 0.127001, -0.977317, 2.492091, 0.118234, 0.98712, 0.107772, 0.721689, 0.0, 0.0, 0.0, 1.0],
                [0.98153, -0.095131, -0.165981, -0.136948, -0.154245, 0.119731, -0.980751, 2.50402, 0.113173, 0.988238, 0.102846, 0.728305, 0.0, 0.0, 0.0, 1.0],
                [0.984254, -0.092191, -0.150812, -0.136948, -0.140218, 0.112258, -0.983736, 2.516772, 0.107621, 0.989393, 0.097563, 0.73421, 0.0, 0.0, 0.0, 1.0],
                [0.9867, -0.088565, -0.136303, -0.136948, -0.12687, 0.10461, -0.986388, 2.530374, 0.101618, 0.990562, 0.091983, 0.739395, 0.0, 0.0, 0.0, 1.0],
                [0.988946, -0.084344, -0.121951, -0.136948, -0.113674, 0.096817, -0.988789, 2.544852, 0.095206, 0.991722, 0.086159, 0.743854, 0.0, 0.0, 0.0, 1.0],
                [0.99104, -0.079612, -0.107247, -0.136948, -0.1001, 0.088908, -0.990997, 2.560236, 0.088431, 0.992853, 0.080143, 0.747579, 0.0, 0.0, 0.0, 1.0],
                [0.993002, -0.074445, -0.09168, -0.136948, -0.085616, 0.080919, -0.993037, 2.576551, 0.081345, 0.993937, 0.073979, 0.75056, 0.0, 0.0, 0.0, 1.0],
                [0.99482, -0.068912, -0.074733, -0.136948, -0.06969, 0.072888, -0.994902, 2.593827, 0.074008, 0.994957, 0.067708, 0.752792, 0.0, 0.0, 0.0, 1.0],
                [0.996443, -0.063076, -0.055889, -0.136948, -0.05179, 0.064861, -0.996549, 2.612088, 0.066484, 0.995899, 0.061363, 0.754266, 0.0, 0.0, 0.0, 1.0],
                [0.997774, -0.056995, -0.034632, -0.136948, -0.031386, 0.056889, -0.997887, 2.631365, 0.058845, 0.996752, 0.054974, 0.754973, 0.0, 0.0, 0.0, 1.0],
                [0.998656, -0.050727, -0.010669, -0.135915, -0.008178, 0.04905, -0.998763, 2.652141, 0.051188, 0.997507, 0.04857, 0.755269, 0.0, 0.0, 0.0, 1.0],
                [0.998898, -0.044341, 0.01541, -0.133057, 0.017252, 0.04147, -0.998991, 2.674461, 0.043657, 0.998155, 0.04219, 0.755516, 0.0, 0.0, 0.0, 1.0],
                [0.998364, -0.03792, 0.042786, -0.128739, 0.044091, 0.034273, -0.998439, 2.697686, 0.036394, 0.998693, 0.035889, 0.755718, 0.0, 0.0, 0.0, 1.0],
                [0.997003, -0.031567, 0.070634, -0.123327, 0.071511, 0.027568, -0.997059, 2.721176, 0.029527, 0.999121, 0.029743, 0.75588, 0.0, 0.0, 0.0, 1.0],
                [0.99485, -0.025406, 0.098127, -0.117186, 0.098679, 0.02145, -0.994888, 2.744294, 0.023171, 0.999447, 0.023847, 0.756006, 0.0, 0.0, 0.0, 1.0],
                [0.992033, -0.019573, 0.124449, -0.110679, 0.124768, 0.015997, -0.992057, 2.766401, 0.017427, 0.99968, 0.018312, 0.756101, 0.0, 0.0, 0.0, 1.0],
                [0.988765, -0.014216, 0.148798, -0.104173, 0.148962, 0.011271, -0.988779, 2.786859, 0.01238, 0.999835, 0.013262, 0.756168, 0.0, 0.0, 0.0, 1.0],
                [0.98533, -0.009491, 0.170394, -0.098031, 0.170466, 0.00732, -0.985336, 2.805029, 0.008104, 0.999928, 0.008831, 0.756214, 0.0, 0.0, 0.0, 1.0],
                [0.982062, -0.005554, 0.188478, -0.092619, 0.188502, 0.004183, -0.982064, 2.820273, 0.004666, 0.999976, 0.005155, 0.756242, 0.0, 0.0, 0.0, 1.0],
                [0.979318, -0.002561, 0.20231, -0.088302, 0.202315, 0.001892, -0.979319, 2.831952, 0.002125, 0.999995, 0.002371, 0.756256, 0.0, 0.0, 0.0, 1.0],
                [0.977452, -0.000662, 0.211155, -0.085444, 0.211155, 0.000483, -0.977453, 2.839427, 0.000545, 1.0, 0.000612, 0.756261, 0.0, 0.0, 0.0, 1.0],
                [0.976774, 0.0, 0.214271, -0.08441, 0.214271, 0.0, -0.976774, 2.842061, 0.0, 1.0, 0.0, 0.756262, 0.0, 0.0, 0.0, 1.0]
            ]
        },
        {
            "name": "Thigh_R",
            "time": [0.0, 0.0167, 0.0333, 0.05, 0.0667, 0.0833, 0.1, 0.1167, 0.1333, 0.15, 0.1667, 0.1833, 0.2, 0.2167, 0.2333, 0.25, 0.2667, 0.2833, 0.3, 0.3167, 0.3333, 0.35, 0.3667, 0.3833, 0.4, 0.4167, 0.4333, 0.45, 0.4667, 0.4833, 0.5, 0.5167, 0.5333, 0.55, 0.5667, 0.5833, 0.6, 0.6167, 0.6333, 0.65, 0.6667, 0.6833, 0.7, 0.7167, 0.7333, 0.75, 0.7667, 0.7833, 0.8, 0.8167, 0.8333, 0.85, 0.8667, 0.8833, 0.9, 0.9167, 0.9333, 0.95, 0.9667, 0.9833, 1.0, 1.0167, 1.0333, 1.05, 1.0667, 1.0833, 1.1, 1.1167, 1.1333, 1.15, 1.1667, 1.1833, 1.2, 1.2167, 1.2333, 1.25, 1.2667, 1.2833, 1.3, 1.3167, 1.3333, 1.35, 1.3667, 1.3833, 1.4, 1.4167, 1.4333, 1.45, 1.4667, 1.4833, 1.5, 1.5167, 1.5333, 1.55, 1.5667, 1.5833, 1.6, 1.6167, 1.6333, 1.65, 1.6667, 1.6833, 1.7, 1.7167, 1.7333, 1.75, 1.7667, 1.7833, 1.8, 1.8167, 1.8333, 1.85, 1.8667, 1.8833, 1.9, 1.9167, 1.9333, 1.95, 1.9667, 1.9833, 2.0, 2.0167, 2.0333, 2.05, 2.0667, 2.0833, 2.1, 2.1167, 2.1333, 2.15, 2.1667],
            "transform": [
                [0.729686, 0.635571, 0.252201, 0.124994, 0.618011, -0.770834, 0.154512, -0.002831, 0.292609, 0.043118, -0.95526, -1.2e-05, 0.0, 0.0, 0.0, 1.0],
                [0.730287, 0.63494, 0.252051, 0.124994, 0.61739, -0.771366, 0.154341, -0.002831, 0.292421, 0.042901, -0.955327, -1.2e-05, 0.0, 0.0, 0.0, 1.0],
                [0.732048, 0.633088, 0.2516, 0.124994, 0.615553, -0.772924, 0.153882, -0.002831, 0.291889, 0.042225, -0.95552, -1.2e-05, 0.0, 0.0, 0.0, 1.0],
                [0.734904, 0.630072, 0.250847, 0.124994, 0.612535, -0.775449, 0.153223, -0.002831, 0.29106, 0.041048, -0.955824, -1.2e-05, 0.0, 0.0, 0.0, 1.0],
                [0.738783, 0.625942, 0.249789, 0.124994, 0.608367, -0.778874, 0.152452, -0.002831, 0.289981, 0.039335, -0.956224, -1.2e-05, 0.0, 0.0, 0.0, 1.0],
                [0.743609, 0.620748, 0.248425, 0.124994, 0.603077, -0.783132, 0.151659, -0.002831, 0.288692, 0.037044, -0.956705, -1.2e-05, 0.0, 0.0, 0.0, 1.0],
                [0.749306, 0.614533, 0.246755, 0.124994, 0.596688, -0.788149, 0.150935, -0.002831, 0.287234, 0.034139, -0.957252, -1.2e-05, 0.0, 0.0, 0.0, 1.0],
                [0.755792, 0.607339, 0.244778, 0.124994, 0.589225, -0.793851, 0.15037, -0.002831, 0.285644, 0.030581, -0.957848, -1.2e-05, 0.0, 0.0, 0.0, 1.0],
                [0.762984, 0.599206, 0.242499, 0.124994, 0.58071, -0.800159, 0.150059, -0.002831, 0.283954, 0.026329, -0.958477, -1.2e-05, 0.0, 0.0, 0.0, 1.0],
                [0.770799, 0.590173, 0.239923, 0.124994, 0.571168, -0.806992, 0.150094, -0.002831, 0.282198, 0.021344, -0.959119, -1.2e-05, 0.0, 0.0, 0.0, 1.0],
                [0.779151, 0.58028, 0.237058, 0.124994, 0.560622, -0.814265, 0.150571, -0.002831, 0.280402, 0.015583, -0.959757, -1.2e-05, 0.0, 0.0, 0.0, 1.0],
                [0.787957, 0.569565, 0.233918, 0.124994, 0.549099, -0.821894, 0.151584, -0.002831, 0.278593, 0.009003, -0.960367, -1.2e-05, 0.0, 0.0, 0.0, 1.0],
                [0.797131, 0.55807, 0.230518, 0.124994, 0.536626, -0.82979, 0.153227, -0.002831, 0.276793, 0.00156, -0.960929, -1.2e-05, 0.0, 0.0, 0.0, 1.0],
                [0.806591, 0.545835, 0.226879, 0.124994, 0.523233, -0.837863, 0.155595, -0.002831, 0.275023, -0.006791, -0.961414, -1.2e-05, 0.0, 0.0, 0.0, 1.0],
                [0.816254, 0.532905, 0.223025, 0.124994, 0.508956, -0.846019, 0.158783, -0.002831, 0.2733, -0.016097, -0.961794, -1.2e-05, 0.0, 0.0, 0.0, 1.0],
                [0.826041, 0.519326, 0.218986, 0.124994, 0.493829, -0.854166, 0.162882, -0.002831, 0.271639, -0.026405, -0.962037, -1.2e-05, 0.0, 0.0, 0.0, 1.0],
                [0.835876, 0.505147, 0.214793, 0.124994, 0.477894, -0.862204, 0.167983, -0.002831, 0.270052, -0.037765, -0.962105, -1.2e-05, 0.0, 0.0, 0.0, 1.0],
                [0.845684, 0.490422, 0.210484, 0.124994, 0.461194, -0.870034, 0.174176, -0.002831, 0.268548, -0.050223, -0.961956, -1.2e-05, 0.0, 0.0, 0.0, 1.0],
                [0.855396, 0.475205, 0.206101, 0.124994, 0.443775, -0.877554, 0.181545, -0.002831, 0.267136, -0.06383, -0.961543, -1.2e-05, 0.0, 0.0, 0.0, 1.0],
                [0.864945, 0.459556, 0.201687, 0.124994, 0.425688, -0.884659, 0.190173, -0.002831, 0.265819, -0.078633, -0.960811, -1.2e-05, 0.0, 0.0, 0.0, 1.0],
                [0.87427, 0.443539, 0.19729, 0.124994, 0.406985, -0.891238, 0.200137, -0.002831, 0.264601, -0.094679, -0.959699, -1.2e-05, 0.0, 0.0, 0.0, 1.0],
                [0.883316, 0.427221, 0.19296, 0.124994, 0.387724, -0.897179, 0.21151, -0.002831, 0.263481, -0.112014, -0.958139, -1.2e-05, 0.0, 0.0, 0.0, 1.0],
                [0.89203, 0.410675, 0.18875, 0.124994, 0.367962, -0.902366, 0.224358, -0.002831, 0.26246, -0.130681, -0.956053, -1.2e-05, 0.0, 0.0, 0.0, 1.0],
                [0.900367, 0.393978, 0.184714, 0.124994, 0.347761, -0.906676, 0.23874, -0.002831, 0.261535, -0.150717, -0.953354, -1.2e-05, 0.0, 0.0, 0.0, 1.0],
                [0.908287, 0.377209, 0.180907, 0.124994, 0.327184, -0.909984, 0.254708, -0.002831, 0.2607, -0.172158, -0.949946, -1.2e-05, 0.0, 0.0, 0.0, 1.0],
                [0.915755, 0.360456, 0.177381, 0.124994, 0.306296, -0.912157, 0.272303, -0.002831, 0.259953, -0.19503, -0.945721, -1.2e-05, 0.0, 0.0, 0.0, 1.0],
                [0.922741, 0.343808, 0.174192, 0.124994, 0.285163, -0.913058, 0.291554, -0.002831, 0.259286, -0.219355, -0.940561, -1.2e-05, 0.0, 0.0, 0.0, 1.0],
                [0.929225, 0.327362, 0.171389, 0.124994, 0.263851, -0.912543, 0.312481, -0.002831, 0.258695, -0.245143, -0.934335, -1.2e-05, 0.0, 0.0, 0.0, 1.0],
                [0.935187, 0.311217, 0.16902, 0.124994, 0.242429, -0.910462, 0.335087, -0.002831, 0.258172, -0.272392, -0.926903, -1.2e-05, 0.0, 0.0, 0.0, 1.0],
                [0.940617, 0.295478, 0.167128, 0.124994, 0.220962, -0.90666, 0.359359, -0.002831, 0.257712, -0.301089, -0.918112, -1.2e-05, 0.0, 0.0, 0.0, 1.0],
                [0.945507, 0.280255, 0.165749, 0.124994, 0.199519, -0.900976, 0.385268, -0.002831, 0.257309, -0.331202, -0.907798, -1.2e-05, 0.0, 0.0, 0.0, 1.0],
                [0.948489, 0.268274, 0.168511, 0.124994, 0.175807, -0.888199, 0.424489, -0.002831, 0.263551, -0.372997, -0.889615, -1.2e-05, 0.0, 0.0, 0.0, 1.0],
                [0.94852, 0.261964, 0.178001, 0.124994, 0.147487, -0.862702, 0.483725, -0.002831, 0.28028, -0.432569, -0.856929, -1.2e-05, 0.0, 0.0, 0.0, 1.0],
                [0.945934, 0.261155, 0.192369, 0.124994, 0.114552, -0.823833, 0.555135, -0.002831, 0.303457, -0.503083, -0.80921, -1.2e-05, 0.0, 0.0, 0.0, 1.0],
                [0.941067, 0.265549, 0.209463, 0.124994, 0.07753, -0.772192, 0.63064, -0.002831, 0.329212, -0.577233, -0.747275, -1.2e-05, 0.0, 0.0, 0.0, 1.0],
                [0.934427, 0.274383, 0.227064, 0.124994, 0.037893, -0.710521, 0.702653, -0.002831, 0.354131, -0.647973, -0.67433, -1.2e-05, 0.0, 0.0, 0.0, 1.0],
                [0.92676, 0.286283, 0.24322, 0.124994, -0.001893, -0.643891, 0.765114, -0.002831, 0.375647, -0.709536, -0.596193, -1.2e-05, 0.0, 0.0, 0.0, 1.0],
                [0.919013, 0.299345, 0.256527, 0.124994, -0.038654, -0.579151, 0.814303, -0.002831, 0.392326, -0.758269, -0.520679, -1.2e-05, 0.0, 0.0, 0.0, 1.0],
                [0.912231, 0.311362, 0.266245, 0.124994, -0.068937, -0.523958, 0.848949, -0.002831, 0.403833, -0.792791, -0.456508, -1.2e-05, 0.0, 0.0, 0.0, 1.0],
                [0.907454, 0.320092, 0.272154, 0.124994, -0.089378, -0.485856, 0.869456, -0.002831, 0.410534, -0.813314, -0.412285, -1.2e-05, 0.0, 0.0, 0.0, 1.0],
                [0.905658, 0.323431, 0.274182, 0.124994, -0.096847, -0.471755, 0.876394, -0.002831, 0.412801, -0.820265, -0.395927, -1.2e-05, 0.0, 0.0, 0.0, 1.0],
                [0.905222, 0.320475, 0.279049, 0.124994, -0.09125, -0.494759, 0.864225, -0.002831, 0.415025, -0.807777, -0.418625, -1.2e-05, 0.0, 0.0, 0.0, 1.0],
                [0.904179, 0.31181, 0.291949, 0.124994, -0.075493, -0.556067, 0.827702, -0.002831, 0.420429, -0.770429, -0.479246, -1.2e-05, 0.0, 0.0, 0.0, 1.0],
                [0.903054, 0.297332, 0.309977, 0.124994, -0.05099, -0.642357, 0.764706, -0.002831, 0.426488, -0.706375, -0.564925, -1.2e-05, 0.0, 0.0, 0.0, 1.0],
                [0.902411, 0.277253, 0.329825, 0.124994, -0.019667, -0.738171, 0.674325, -0.002831, 0.430427, -0.615004, -0.660683, -1.2e-05, 0.0, 0.0, 0.0, 1.0],
                [0.902653, 0.252905, 0.348219, 0.124994, 0.015593, -0.827803, 0.5608, -0.002831, 0.430087, -0.500777, -0.751164, -1.2e-05, 0.0, 0.0, 0.0, 1.0],
                [0.903847, 0.226963, 0.362693, 0.124994, 0.051212, -0.898997, 0.434947, -0.002831, 0.424778, -0.37455, -0.824182, -1.2e-05, 0.0, 0.0, 0.0, 1.0],
                [0.905668, 0.202969, 0.372247, 0.124994, 0.083748, -0.946308, 0.312224, -0.002831, 0.415632, -0.251595, -0.874042, -1.2e-05, 0.0, 0.0, 0.0, 1.0],
                [0.907491, 0.184507, 0.377382, 0.124994, 0.11069, -0.971654, 0.208883, -0.002831, 0.405225, -0.147786, -0.902193, -1.2e-05, 0.0, 0.0, 0.0, 1.0],
                [0.908574, 0.174669, 0.379451, 0.124994, 0.130643, -0.981628, 0.139048, -0.002831, 0.396768, -0.076763, -0.914704, -1.2e-05, 0.0, 0.0, 0.0, 1.0],
                [0.908219, 0.176079, 0.379651, 0.124994, 0.14278, -0.983119, 0.1144, -0.002831, 0.393386, -0.049693, -0.91803, -1.2e-05, 0.0, 0.0, 0.0, 1.0],
                [0.891079, 0.248895, 0.379511, 0.124994, 0.214375, -0.967869, 0.131414, -0.002831, 0.400025, -0.035742, -0.915807, -1.2e-05, 0.0, 0.0, 0.0, 1.0],
                [0.832189, 0.407549, 0.375985, 0.124994, 0.369851, -0.913174, 0.171229, -0.002831, 0.413125, -0.003436, -0.910668, -1.2e-05, 0.0, 0.0, 0.0, 1.0],
                [0.728502, 0.580069, 0.364422, 0.124994, 0.53796, -0.813776, 0.21992, -0.002831, 0.424127, 0.035833, -0.904894, -1.2e-05, 0.0, 0.0, 0.0, 1.0],
                [0.616791, 0.705373, 0.349307, 0.124994, 0.657766, -0.705635, 0.263476, -0.002831, 0.432333, 0.067253, -0.899203, -1.2e-05, 0.0, 0.0, 0.0, 1.0],
                [0.560563, 0.753313, 0.343928, 0.124994, 0.698296, -0.653241, 0.292672, -0.002831, 0.445142, 0.076102, -0.892221, -1.2e-05, 0.0, 0.0, 0.0, 1.0],
                [0.553855, 0.756631, 0.347493, 0.124994, 0.691975, -0.650402, 0.313281, -0.002831, 0.463048, 0.066945, -0.883801, -1.2e-05, 0.0, 0.0, 0.0, 1.0],
                [0.548775, 0.759745, 0.348756, 0.124994, 0.683991, -0.647921, 0.335189, -0.002831, 0.480625, 0.054603, -0.875225, -1.2e-05, 0.0, 0.0, 0.0, 1.0],
                [0.545222, 0.762628, 0.348035, 0.124994, 0.674582, -0.645618, 0.357929, -0.002831, 0.497665, 0.039627, -0.866464, -1.2e-05, 0.0, 0.0, 0.0, 1.0],
                [0.543073, 0.765242, 0.34565, 0.124994, 0.664013, -0.643343, 0.381043, -0.002831, 0.513963, 0.022582, -0.857515, -1.2e-05, 0.0, 0.0, 0.0, 1.0],
                [0.542183, 0.767543, 0.341926, 0.124994, 0.652574, -0.640982, 0.404088, -0.002831, 0.529324, 0.004043, -0.848411, -1.2e-05, 0.0, 0.0, 0.0, 1.0],
                [0.542387, 0.769495, 0.337181, 0.124994, 0.640581, -0.638464, 0.426636, -0.002831, 0.543573, -0.01541, -0.839221, -1.2e-05, 0.0, 0.0, 0.0, 1.0],
                [0.543503, 0.771075, 0.331732, 0.124994, 0.628365, -0.635768, 0.448279, -0.002831, 0.556562, -0.035192, -0.830061, -1.2e-05, 0.0, 0.0, 0.0, 1.0],
                [0.545328, 0.772278, 0.325885, 0.124994, 0.616276, -0.63292, 0.46863, -0.002831, 0.568172, -0.054722, -0.821088, -1.2e-05, 0.0, 0.0, 0.0, 1.0],
                [0.547651, 0.77312, 0.319939, 0.124994, 0.604669, -0.629992, 0.487323, -0.002831, 0.578319, -0.073426, -0.8125, -1.2e-05, 0.0, 0.0, 0.0, 1.0],
                [0.550247, 0.773637, 0.314182, 0.124994, 0.593903, -0.627094, 0.504014, -0.002831, 0.586946, -0.090738, -0.804525, -1.2e-05, 0.0, 0.0, 0.0, 1.0],
                [0.552887, 0.773887, 0.30889, 0.124994, 0.584336, -0.624369, 0.518375, -0.002831, 0.594025, -0.106107, -0.797418, -1.2e-05, 0.0, 0.0, 0.0, 1.0],
                [0.555338, 0.773939, 0.304328, 0.124994, 0.57632, -0.621977, 0.530093, -0.002831, 0.599545, -0.11899, -0.791446, -1.2e-05, 0.0, 0.0, 0.0, 1.0],
                [0.557368, 0.773876, 0.300754, 0.124994, 0.570194, -0.620087, 0.538859, -0.002831, 0.603505, -0.128854, -0.786879, -1.2e-05, 0.0, 0.0, 0.0, 1.0],
                [0.558749, 0.773783, 0.298423, 0.124994, 0.566289, -0.618858, 0.544362, -0.002831, 0.6059, -0.135167, -0.783974, -1.2e-05, 0.0, 0.0, 0.0, 1.0],
                [0.559258, 0.773737, 0.297589, 0.124994, 0.56492, -0.618425, 0.546273, -0.002831, 0.606709, -0.137393, -0.782961, -1.2e-05, 0.0, 0.0, 0.0, 1.0],
                [0.559258, 0.773737, 0.297589, 0.124994, 0.56492, -0.618425, 0.546273, -0.002831, 0.606709, -0.137393, -0.782961, -1.2e-05, 0.0, 0.0, 0.0, 1.0],
                [0.559258, 0.773737, 0.297589, 0.124994, 0.56492, -0.618425, 0.546273, -0.002831, 0.606709, -0.137393, -0.782961, -1.2e-05, 0.0, 0.0, 0.0, 1.0],
                [0.559258, 0.773737, 0.297589, 0.124994, 0.56492, -0.618425, 0.546273, -0.002831, 0.606709, -0.137393, -0.782961, -1.2e-05, 0.0, 0.0, 0.0, 1.0],
                [0.559258, 0.773737, 0.297589, 0.124994, 0.56492, -0.618425, 0.546273, -0.002831, 0.606709, -0.137393, -0.782961, -1.2e-05, 0.0, 0.0, 0.0, 1.0],
                [0.559258, 0.773737, 0.297589, 0.124994, 0.56492, -0.618425, 0.546273, -0.002831, 0.606709, -0.137393, -0.782961, -1.2e-05, 0.0, 0.0, 0.0, 1.0],
                [0.559258, 0.773737, 0.297589, 0.124994, 0.56492, -0.618425, 0.546273, -0.002831, 0.606709, -0.137393, -0.782961, -1.2e-05, 0.0, 0.0, 0.0, 1.0],
                [0.559258, 0.773737, 0.297589, 0.124994, 0.56492, -0.618425, 0.546273, -0.002831, 0.606709, -0.137393, -0.782961, -1.2e-05, 0.0, 0.0, 0.0, 1.0],
                [0.559258, 0.773737, 0.297589, 0.124994, 0.56492, -0.618425, 0.546273, -0.002831, 0.606709, -0.137393, -0.782961, -1.2e-05, 0.0, 0.0, 0.0, 1.0],
                [0.559258, 0.773737, 0.297589, 0.124994, 0.56492, -0.618425, 0.546273, -0.002831, 0.606709, -0.137393, -0.782961, -1.2e-05, 0.0, 0.0, 0.0, 1.0],
                [0.559258, 0.773737, 0.297589, 0.124994, 0.56492, -0.618425, 0.546273, -0.002831, 0.606709, -0.137393, -0.782961, -1.2e-05, 0.0, 0.0, 0.0, 1.0],
                [0.561114, 0.771723, 0.299319, 0.124994, 0.563594, -0.621039, 0.544675, -0.002831, 0.606228, -0.13693, -0.783415, -1.2e-05, 0.0, 0.0, 0.0, 1.0],
                [0.566469, 0.765842, 0.304299, 0.124994, 0.559718, -0.628571, 0.540012, -0.002831, 0.604837, -0.135578, -0.784723, -1.2e-05, 0.0, 0.0, 0.0, 1.0],
                [0.574978, 0.756266, 0.312184, 0.124994, 0.553393, -0.640521, 0.532434, -0.002831, 0.602623, -0.133377, -0.786801, -1.2e-05, 0.0, 0.0, 0.0, 1.0],
                [0.586274, 0.743108, 0.322599, 0.124994, 0.544674, -0.656349, 0.522047, -0.002831, 0.599676, -0.130351, -0.789555, -1.2e-05, 0.0, 0.0, 0.0, 1.0],
                [0.599964, 0.726445, 0.33514, 0.124994, 0.53359, -0.675476, 0.508932, -0.002831, 0.596091, -0.126513, -0.792887, -1.2e-05, 0.0, 0.0, 0.0, 1.0],
                [0.615633, 0.706348, 0.34938, 0.124994, 0.520161, -0.697291, 0.493169, -0.002831, 0.591969, -0.121877, -0.796693, -1.2e-05, 0.0, 0.0, 0.0, 1.0],
                [0.63285, 0.682908, 0.364876, 0.124994, 0.504424, -0.721158, 0.474853, -0.002831, 0.587415, -0.116458, -0.800863, -1.2e-05, 0.0, 0.0, 0.0, 1.0],
                [0.65117, 0.656261, 0.381178, 0.124994, 0.486442, -0.746428, 0.454111, -0.002831, 0.582538, -0.110282, -0.805287, -1.2e-05, 0.0, 0.0, 0.0, 1.0],
                [0.670147, 0.626601, 0.397835, 0.124994, 0.466324, -0.772448, 0.431118, -0.002831, 0.577447, -0.103392, -0.809855, -1.2e-05, 0.0, 0.0, 0.0, 1.0],
                [0.689338, 0.594199, 0.414413, 0.124994, 0.444231, -0.798584, 0.406103, -0.002831, 0.57225, -0.095846, -0.814459, -1.2e-05, 0.0, 0.0, 0.0, 1.0],
                [0.708325, 0.55941, 0.430505, 0.124994, 0.420389, -0.824233, 0.379354, -0.002831, 0.567052, -0.087726, -0.818997, -1.2e-05, 0.0, 0.0, 0.0, 1.0],
                [0.726718, 0.522675, 0.445747, 0.124994, 0.395086, -0.848849, 0.351225, -0.002831, 0.561949, -0.079132, -0.823378, -1.2e-05, 0.0, 0.0, 0.0, 1.0],
                [0.744177, 0.484515, 0.45983, 0.124994, 0.368672, -0.87196, 0.322124, -0.002831, 0.557028, -0.07019, -0.827523, -1.2e-05, 0.0, 0.0, 0.0, 1.0],
                [0.760419, 0.445527, 0.472512, 0.124994, 0.341555, -0.893183, 0.292509, -0.002831, 0.552361, -0.061041, -0.831367, -1.2e-05, 0.0, 0.0, 0.0, 1.0],
                [0.775228, 0.406359, 0.483625, 0.124994, 0.314184, -0.912239, 0.262877, -0.002831, 0.548005, -0.051842, -0.834867, -1.2e-05, 0.0, 0.0, 0.0, 1.0],
                [0.78846, 0.367699, 0.49308, 0.124994, 0.287045, -0.928959, 0.233745, -0.002831, 0.543999, -0.042762, -0.837996, -1.2e-05, 0.0, 0.0, 0.0, 1.0],
                [0.800043, 0.330253, 0.500862, 0.124994, 0.260641, -0.943278, 0.205641, -0.002831, 0.540367, -0.033976, -0.840743, -1.2e-05, 0.0, 0.0, 0.0, 1.0],
                [0.809974, 0.294726, 0.507028, 0.124994, 0.235479, -0.955235, 0.179088, -0.002831, 0.537113, -0.025662, -0.84312, -1.2e-05, 0.0, 0.0, 0.0, 1.0],
                [0.818308, 0.261808, 0.511691, 0.124994, 0.21206, -0.96495, 0.154591, -0.002831, 0.53423, -0.017993, -0.845148, -1.2e-05, 0.0, 0.0, 0.0, 1.0],
                [0.825146, 0.23216, 0.51501, 0.124994, 0.19087, -0.972611, 0.132633, -0.002831, 0.531698, -0.011142, -0.846861, -1.2e-05, 0.0, 0.0, 0.0, 1.0],
                [0.83062, 0.206409, 0.517171, 0.124994, 0.172372, -0.978449, 0.11367, -0.002831, 0.529489, -0.005271, -0.848301, -1.2e-05, 0.0, 0.0, 0.0, 1.0],
                [0.834875, 0.185147, 0.518366, 0.124994, 0.157005, -0.982709, 0.098128, -0.002831, 0.527572, -0.000538, -0.84951, -1.2e-05, 0.0, 0.0, 0.0, 1.0],
                [0.838051, 0.168929, 0.51878, 0.124994, 0.145187, -0.985622, 0.086408, -0.002831, 0.525919, 0.002906, -0.85053, -1.1e-05, 0.0, 0.0, 0.0, 1.0],
                [0.840259, 0.158286, 0.518565, 0.124994, 0.137313, -0.987379, 0.078892, -0.002831, 0.524508, 0.004916, -0.851391, -1.2e-05, 0.0, 0.0, 0.0, 1.0],
