{
    "animation": [
        {
            "name": "Root",
            "time": [0.0, 0.0167, 0.0333, 0.05, 0.0667, 0.0833, 0.1, 0.1167, 0.1333, 0.15, 0.1667, 0.1833, 0.2, 0.2167, 0.2333, 0.25, 0.2667, 0.2833, 0.3, 0.3167, 0.3333, 0.35, 0.3667, 0.3833, 0.4, 0.4167, 0.4333, 0.45, 0.4667, 0.4833, 0.5, 0.5167, 0.5333, 0.55, 0.5667, 0.5833, 0.6, 0.6167, 0.6333, 0.65, 0.6667, 0.6833, 0.7, 0.7167, 0.7333, 0.75, 0.7667, 0.7833, 0.8, 0.8167, 0.8333, 0.85, 0.8667, 0.8833, 0.9, 0.9167, 0.9333, 0.95, 0.9667, 0.9833, 1.0, 1.0167, 1.0333, 1.05, 1.0667, 1.0833, 1.1, 1.1167, 1.1333, 1.15, 1.1667, 1.1833, 1.2, 1.2167, 1.2333, 1.25, 1.2667, 1.2833, 1.3, 1.3167, 1.3333, 1.35, 1.3667, 1.3833, 1.4, 1.4167, 1.4333, 1.45, 1.4667, 1.4833, 1.5, 1.5167, 1.5333, 1.55, 1.5667, 1.5833, 1.6, 1.6167, 1.6333, 1.65, 1.6667, 1.6833, 1.7, 1.7167, 1.7333, 1.75, 1.7667, 1.7833, 1.8, 1.8167, 1.8333, 1.85, 1.8667, 1.8833, 1.9, 1.9167, 1.9333, 1.95, 1.9667, 1.9833, 2.0],
            "transform": [
                [1.0, 0.0, 0.0, -5e-06, 0.0, 0.0, -1.0, 0.000946, 0.0, 1.0, 0.0, 0.763972, 0.0, 0.0, 0.0, 1.0],
                [0.999998, 0.0, -0.001783, -5e-06, -0.001783, 0.0, -0.999998, 0.001384, 0.0, 1.0, 0.0, 0.763887, 0.0, 0.0, 0.0, 1.0],
                [0.999976, 0.0, -0.006971, -5e-06, -0.006971, 0.0, -0.999976, 0.002659, 0.0, 1.0, 0.0, 0.76364, 0.0, 0.0, 0.0, 1.0],
                [0.999883, 0.0, -0.015329, -5e-06, -0.015329, 0.0, -0.999883, 0.00472, 0.0, 1.0, 0.0, 0.763244, 0.0, 0.0, 0.0, 1.0],
                [0.999646, 0.0, -0.026621, -5e-06, -0.026621, 0.0, -0.999646, 0.007512, 0.0, 1.0, 0.0, 0.762709, 0.0, 0.0, 0.0, 1.0],
                [0.999175, 0.0, -0.04061, -5e-06, -0.04061, 0.0, -0.999175, 0.010982, 0.0, 1.0, 0.0, 0.762047, 0.0, 0.0, 0.0, 1.0],
                [0.998371, 0.0, -0.057059, -5e-06, -0.057059, 0.0, -0.998371, 0.015076, 0.0, 1.0, 0.0, 0.761269, 0.0, 0.0, 0.0, 1.0],
                [0.997129, 0.0, -0.075723, -5e-06, -0.075723, 0.0, -0.997129, 0.019742, 0.0, 1.0, 0.0, 0.760387, 0.0, 0.0, 0.0, 1.0],
                [0.995347, 0.0, -0.096354, -5e-06, -0.096354, 0.0, -0.995347, 0.024925, 0.0, 1.0, 0.0, 0.759413, 0.0, 0.0, 0.0, 1.0],
                [0.992931, 0.0, -0.118693, -5e-06, -0.118693, 0.0, -0.992931, 0.030571, 0.0, 1.0, 0.0, 0.758358, 0.0, 0.0, 0.0, 1.0],
                [0.989798, 0.0, -0.142477, -5e-06, -0.142477, 0.0, -0.989798, 0.036628, 0.0, 1.0, 0.0, 0.757234, 0.0, 0.0, 0.0, 1.0],
                [0.985883, 0.0, -0.167435, -5e-06, -0.167435, 0.0, -0.985883, 0.043042, 0.0, 1.0, 0.0, 0.756052, 0.0, 0.0, 0.0, 1.0],
                [0.981141, 0.0, -0.193291, -5e-06, -0.193291, 0.0, -0.981141, 0.049759, 0.0, 1.0, 0.0, 0.754824, 0.0, 0.0, 0.0, 1.0],
                [0.975552, 0.0, -0.219767, -5e-06, -0.219767, 0.0, -0.975552, 0.056726, 0.0, 1.0, 0.0, 0.753561, 0.0, 0.0, 0.0, 1.0],
                [0.969122, 0.0, -0.246581, -5e-06, -0.246581, 0.0, -0.969122, 0.063889, 0.0, 1.0, 0.0, 0.752275, 0.0, 0.0, 0.0, 1.0],
                [0.961884, 0.0, -0.273457, -5e-06, -0.273457, 0.0, -0.961884, 0.071195, 0.0, 1.0, 0.0, 0.750978, 0.0, 0.0, 0.0, 1.0],
                [0.953901, 0.0, -0.30012, -5e-06, -0.30012, 0.0, -0.953901, 0.07859, 0.0, 1.0, 0.0, 0.74968, 0.0, 0.0, 0.0, 1.0],
                [0.945264, 0.0, -0.326307, -5e-06, -0.326307, 0.0, -0.945264, 0.086021, 0.0, 1.0, 0.0, 0.748394, 0.0, 0.0, 0.0, 1.0],
                [0.936089, 0.0, -0.351763, -5e-06, -0.351763, 0.0, -0.936089, 0.093434, 0.0, 1.0, 0.0, 0.747132, 0.0, 0.0, 0.0, 1.0],
                [0.92652, 0.0, -0.376247, -5e-06, -0.376247, 0.0, -0.92652, 0.100776, 0.0, 1.0, 0.0, 0.745903, 0.0, 0.0, 0.0, 1.0],
                [0.916719, 0.0, -0.399532, -5e-06, -0.399532, 0.0, -0.916719, 0.107992, 0.0, 1.0, 0.0, 0.744721, 0.0, 0.0, 0.0, 1.0],
                [0.906872, 0.0, -0.421407, -5e-06, -0.421407, 0.0, -0.906872, 0.11503, 0.0, 1.0, 0.0, 0.743597, 0.0, 0.0, 0.0, 1.0],
                [0.897175, 0.0, -0.441676, -5e-06, -0.441676, 0.0, -0.897175, 0.121837, 0.0, 1.0, 0.0, 0.742542, 0.0, 0.0, 0.0, 1.0],
                [0.887837, 0.0, -0.460158, -5e-06, -0.460158, 0.0, -0.887837, 0.128358, 0.0, 1.0, 0.0, 0.741568, 0.0, 0.0, 0.0, 1.0],
                [0.879074, 0.0, -0.476685, -5e-06, -0.476685, 0.0, -0.879074, 0.13454, 0.0, 1.0, 0.0, 0.740687, 0.0, 0.0, 0.0, 1.0],
                [0.871105, 0.0, -0.491097, -5e-06, -0.491097, 0.0, -0.871105, 0.140329, 0.0, 1.0, 0.0, 0.739909, 0.0, 0.0, 0.0, 1.0],
                [0.864146, 0.0, -0.503242, -5e-06, -0.503242, 0.0, -0.864146, 0.145672, 0.0, 1.0, 0.0, 0.739247, 0.0, 0.0, 0.0, 1.0],
                [0.858407, 0.0, -0.512969, -5e-06, -0.512969, 0.0, -0.858407, 0.150516, 0.0, 1.0, 0.0, 0.738712, 0.0, 0.0, 0.0, 1.0],
                [0.85409, 0.0, -0.520126, -5e-06, -0.520126, 0.0, -0.85409, 0.154807, 0.0, 1.0, 0.0, 0.738315, 0.0, 0.0, 0.0, 1.0],
                [0.85138, 0.0, -0.52455, -5e-06, -0.52455, 0.0, -0.85138, 0.158491, 0.0, 1.0, 0.0, 0.738069, 0.0, 0.0, 0.0, 1.0],
                [0.850443, 0.0, -0.526067, -5e-06, -0.526067, 0.0, -0.850443, 0.161515, 0.0, 1.0, 0.0, 0.737984, 0.0, 0.0, 0.0, 1.0],
                [0.850665, -6e-05, -0.525708, -5e-06, -0.525708, 4.9e-05, -0.850665, 0.163908, 7.7e-05, 1.0, 1e-05, 0.738516, 0.0, 0.0, 0.0, 1.0],
                [0.851631, -0.000232, -0.524142, -5e-06, -0.524142, 0.000188, -0.851631, 0.166028, 0.000296, 1.0, 3.8e-05, 0.740014, 0.0, 0.0, 0.0, 1.0],
                [0.85378, -0.0005, -0.520634, -5e-06, -0.520633, 0.000401, -0.85378, 0.168318, 0.000635, 1.0, 8.2e-05, 0.742328, 0.0, 0.0, 0.0, 1.0],
                [0.857525, -0.000851, -0.514441, -5e-06, -0.514441, 0.000673, -0.857525, 0.171218, 0.001076, 0.999999, 0.00014, 0.745311, 0.0, 0.0, 0.0, 1.0],
                [0.863234, -0.001271, -0.504802, -5e-06, -0.504801, 0.000989, -0.863235, 0.175169, 0.001597, 0.999999, 0.000212, 0.748813, 0.0, 0.0, 0.0, 1.0],
                [0.871209, -0.00175, -0.490909, -5e-06, -0.490907, 0.001331, -0.871211, 0.180613, 0.002178, 0.999998, 0.000301, 0.752687, 0.0, 0.0, 0.0, 1.0],
                [0.881655, -0.002277, -0.471889, -5e-06, -0.471886, 0.001682, -0.881658, 0.187992, 0.002801, 0.999996, 0.000409, 0.756783, 0.0, 0.0, 0.0, 1.0],
                [0.89464, -0.002842, -0.446778, -5e-06, -0.446774, 0.002022, -0.894645, 0.197746, 0.003446, 0.999994, 0.00054, 0.760954, 0.0, 0.0, 0.0, 1.0],
                [0.910045, -0.003435, -0.414495, -5e-06, -0.414489, 0.002333, -0.910051, 0.210316, 0.004093, 0.999991, 0.000699, 0.765051, 0.0, 0.0, 0.0, 1.0],
                [0.927489, -0.004047, -0.373828, -5e-06, -0.37382, 0.002593, -0.927498, 0.226145, 0.004723, 0.999988, 0.000892, 0.768925, 0.0, 0.0, 0.0, 1.0],
                [0.946237, -0.004666, -0.32344, -5e-06, -0.32343, 0.002782, -0.946248, 0.245673, 0.005315, 0.999985, 0.001123, 0.772427, 0.0, 0.0, 0.0, 1.0],
                [0.965081, -0.005275, -0.2619, -5e-06, -0.261888, 0.002877, -0.965094, 0.269342, 0.005845, 0.999982, 0.001395, 0.77541, 0.0, 0.0, 0.0, 1.0],
                [0.982194, -0.005856, -0.18778, -5e-06, -0.187766, 0.002858, -0.98221, 0.297593, 0.006289, 0.999979, 0.001708, 0.777724, 0.0, 0.0, 0.0, 1.0],
                [0.994984, -0.006381, -0.099829, -5e-06, -0.099813, 0.002706, -0.995003, 0.330867, 0.006619, 0.999976, 0.002056, 0.779222, 0.0, 0.0, 0.0, 1.0],
                [0.999973, -0.006816, 0.002734, -5e-06, 0.00275, 0.002407, -0.999993, 0.369606, 0.006809, 0.999974, 0.002426, 0.779754, 0.0, 0.0, 0.0, 1.0],
                [0.991204, -0.007156, 0.132149, -5e-06, 0.132164, 0.00174, -0.991226, 0.453093, 0.006864, 0.999973, 0.00267, 0.749671, 0.0, 0.0, 0.0, 1.0],
                [0.959896, -0.007333, 0.280259, -5e-06, 0.280272, 0.000677, -0.95992, 0.591992, 0.00685, 0.999973, 0.002705, 0.677935, 0.0, 0.0, 0.0, 1.0],
                [0.909527, -0.007292, 0.41558, -5e-06, 0.415588, -0.000458, -0.909553, 0.743811, 0.006823, 0.999973, 0.002614, 0.592315, 0.0, 0.0, 0.0, 1.0],
                [0.859502, -0.007125, 0.511083, -5e-06, 0.511087, -0.001342, -0.859528, 0.866063, 0.00681, 0.999974, 0.002489, 0.520579, 0.0, 0.0, 0.0, 1.0],
                [0.837126, -0.007027, 0.546965, -5e-06, 0.546968, -0.001693, -0.837152, 0.916255, 0.006809, 0.999974, 0.002426, 0.490496, 0.0, 0.0, 0.0, 1.0],
                [0.837126, -0.007027, 0.546965, -5e-06, 0.546968, -0.001693, -0.837152, 0.916255, 0.006809, 0.999974, 0.002426, 0.490496, 0.0, 0.0, 0.0, 1.0],
                [0.837126, -0.007027, 0.546965, -5e-06, 0.546968, -0.001693, -0.837152, 0.916255, 0.006809, 0.999974, 0.002426, 0.490496, 0.0, 0.0, 0.0, 1.0],
                [0.837126, -0.007027, 0.546965, -5e-06, 0.546968, -0.001693, -0.837152, 0.916255, 0.006809, 0.999974, 0.002426, 0.490496, 0.0, 0.0, 0.0, 1.0],
                [0.837126, -0.007027, 0.546965, -5e-06, 0.546968, -0.001693, -0.837152, 0.916255, 0.006809, 0.999974, 0.002426, 0.490496, 0.0, 0.0, 0.0, 1.0],
                [0.837126, -0.007027, 0.546965, -5e-06, 0.546968, -0.001693, -0.837152, 0.916255, 0.006809, 0.999974, 0.002426, 0.490496, 0.0, 0.0, 0.0, 1.0],
                [0.837126, -0.007027, 0.546965, -5e-06, 0.546968, -0.001693, -0.837152, 0.916255, 0.006809, 0.999974, 0.002426, 0.490496, 0.0, 0.0, 0.0, 1.0],
                [0.837126, -0.007027, 0.546965, -5e-06, 0.546968, -0.001693, -0.837152, 0.916255, 0.006809, 0.999974, 0.002426, 0.490496, 0.0, 0.0, 0.0, 1.0],
                [0.837126, -0.007027, 0.546965, -5e-06, 0.546968, -0.001693, -0.837152, 0.916255, 0.006809, 0.999974, 0.002426, 0.490496, 0.0, 0.0, 0.0, 1.0],
                [0.837126, -0.007027, 0.546965, -5e-06, 0.546968, -0.001693, -0.837152, 0.916255, 0.006809, 0.999974, 0.002426, 0.490496, 0.0, 0.0, 0.0, 1.0],
                [0.837126, -0.007027, 0.546965, -5e-06, 0.546968, -0.001693, -0.837152, 0.916255, 0.006809, 0.999974, 0.002426, 0.490496, 0.0, 0.0, 0.0, 1.0],
                [0.837126, -0.007027, 0.546965, -5e-06, 0.546968, -0.001693, -0.837152, 0.916255, 0.006809, 0.999974, 0.002426, 0.490496, 0.0, 0.0, 0.0, 1.0],
                [0.837126, -0.007027, 0.546965, -5e-06, 0.546968, -0.001693, -0.837152, 0.916255, 0.006809, 0.999974, 0.002426, 0.490496, 0.0, 0.0, 0.0, 1.0],
                [0.837126, -0.007027, 0.546965, -5e-06, 0.546968, -0.001693, -0.837152, 0.916255, 0.006809, 0.999974, 0.002426, 0.490496, 0.0, 0.0, 0.0, 1.0],
                [0.837126, -0.007027, 0.546965, -5e-06, 0.546968, -0.001693, -0.837152, 0.916255, 0.006809, 0.999974, 0.002426, 0.490496, 0.0, 0.0, 0.0, 1.0],
                [0.837126, -0.007027, 0.546965, -5e-06, 0.546968, -0.001693, -0.837152, 0.916255, 0.006809, 0.999974, 0.002426, 0.490496, 0.0, 0.0, 0.0, 1.0],
                [0.837126, -0.007027, 0.546965, -5e-06, 0.546968, -0.001693, -0.837152, 0.916255, 0.006809, 0.999974, 0.002426, 0.490496, 0.0, 0.0, 0.0, 1.0],
                [0.838704, -0.006996, 0.544543, -5e-06, 0.544546, -0.001675, -0.838729, 0.916255, 0.006779, 0.999974, 0.002404, 0.490496, 0.0, 0.0, 0.0, 1.0],
                [0.843221, -0.006904, 0.537523, -5e-06, 0.537526, -0.001623, -0.843246, 0.916255, 0.006694, 0.999975, 0.002343, 0.490496, 0.0, 0.0, 0.0, 1.0],
                [0.85031, -0.006756, 0.526239, -5e-06, 0.526241, -0.001541, -0.850334, 0.916255, 0.006556, 0.999976, 0.002245, 0.490496, 0.0, 0.0, 0.0, 1.0],
                [0.859561, -0.006557, 0.510992, -5e-06, 0.510994, -0.001434, -0.859583, 0.916255, 0.006369, 0.999977, 0.002118, 0.490496, 0.0, 0.0, 0.0, 1.0],
                [0.87053, -0.006311, 0.492074, -5e-06, 0.492076, -0.001308, -0.870551, 0.916255, 0.006137, 0.999979, 0.001967, 0.490496, 0.0, 0.0, 0.0, 1.0],
                [0.882762, -0.00602, 0.469782, -5e-06, 0.469784, -0.001168, -0.882781, 0.916255, 0.005863, 0.999981, 0.001797, 0.490496, 0.0, 0.0, 0.0, 1.0],
                [0.895795, -0.005691, 0.44443, -5e-06, 0.444432, -0.00102, -0.895812, 0.916255, 0.005551, 0.999983, 0.001615, 0.490496, 0.0, 0.0, 0.0, 1.0],
                [0.909181, -0.005327, 0.416367, -5e-06, 0.416369, -0.00087, -0.909195, 0.916255, 0.005205, 0.999985, 0.001427, 0.490496, 0.0, 0.0, 0.0, 1.0],
                [0.922495, -0.004934, 0.385978, -5e-06, 0.38598, -0.000722, -0.922507, 0.916255, 0.00483, 0.999988, 0.001239, 0.490496, 0.0, 0.0, 0.0, 1.0],
                [0.935351, -0.004517, 0.353692, -5e-06, 0.353693, -0.000581, -0.935361, 0.916255, 0.00443, 0.99999, 0.001054, 0.490496, 0.0, 0.0, 0.0, 1.0],
                [0.947416, -0.004082, 0.319979, -5e-06, 0.31998, -0.000451, -0.947424, 0.916255, 0.004012, 0.999992, 0.000879, 0.490496, 0.0, 0.0, 0.0, 1.0],
                [0.958417, -0.003637, 0.285349, -5e-06, 0.285349, -0.000335, -0.958423, 0.916255, 0.003581, 0.999993, 0.000717, 0.490496, 0.0, 0.0, 0.0, 1.0],
                [0.968152, -0.003188, 0.250341, -5e-06, 0.250342, -0.000235, -0.968157, 0.916255, 0.003145, 0.999995, 0.00057, 0.490496, 0.0, 0.0, 0.0, 1.0],
                [0.976496, -0.002742, 0.21552, -5e-06, 0.215521, -0.000153, -0.976499, 0.916255, 0.00271, 0.999996, 0.000442, 0.490496, 0.0, 0.0, 0.0, 1.0],
                [0.983396, -0.002306, 0.181461, -5e-06, 0.181461, -8.8e-05, -0.983398, 0.916255, 0.002284, 0.999997, 0.000332, 0.490496, 0.0, 0.0, 0.0, 1.0],
                [0.988875, -0.001889, 0.148739, -5e-06, 0.148739, -4.1e-05, -0.988876, 0.916255, 0.001874, 0.999998, 0.00024, 0.490496, 0.0, 0.0, 0.0, 1.0],
                [0.993021, -0.001496, 0.117925, -5e-06, 0.117925, -9e-06, -0.993022, 0.916255, 0.001487, 0.999999, 0.000167, 0.490496, 0.0, 0.0, 0.0, 1.0],
                [0.995979, -0.001136, 0.089574, -5e-06, 0.089574, 9e-06, -0.99598, 0.916255, 0.00113, 0.999999, 0.000111, 0.490496, 0.0, 0.0, 0.0, 1.0],
                [0.997935, -0.000814, 0.064222, -5e-06, 0.064222, 1.7e-05, -0.997936, 0.916255, 0.000811, 1.0, 6.9e-05, 0.490496, 0.0, 0.0, 0.0, 1.0],
                [0.999101, -0.000537, 0.042385, -5e-06, 0.042385, 1.7e-05, -0.999101, 0.916255, 0.000535, 1.0, 4e-05, 0.490496, 0.0, 0.0, 0.0, 1.0],
                [0.999698, -0.000311, 0.024562, -5e-06, 0.024562, 1.3e-05, -0.999698, 0.916255, 0.00031, 1.0, 2e-05, 0.490496, 0.0, 0.0, 0.0, 1.0],
                [0.999937, -0.000142, 0.011238, -5e-06, 0.011238, 7e-06, -0.999937, 0.916255, 0.000142, 1.0, 8e-06, 0.490496, 0.0, 0.0, 0.0, 1.0],
                [0.999996, -3.7e-05, 0.00289, -5e-06, 0.00289, 2e-06, -0.999996, 0.916255, 3.7e-05, 1.0, 2e-06, 0.490496, 0.0, 0.0, 0.0, 1.0],
                [1.0, 0.0, 0.0, -5e-06, 0.0, 0.0, -1.0, 0.916255, 0.0, 1.0, 0.0, 0.490496, 0.0, 0.0, 0.0, 1.0],
                [1.0, 0.0, 0.0, -5e-06, 0.0, 0.0, -1.0, 0.917585, 0.0, 1.0, 0.0, 0.492107, 0.0, 0.0, 0.0, 1.0],
                [1.0, 0.0, 0.0, -5e-06, 0.0, 0.0, -1.0, 0.921454, 0.0, 1.0, 0.0, 0.496714, 0.0, 0.0, 0.0, 1.0],
                [1.0, 0.0, 0.0, -5e-06, 0.0, 0.0, -1.0, 0.92768, 0.0, 1.0, 0.0, 0.503979, 0.0, 0.0, 0.0, 1.0],
                [1.0, 0.0, 0.0, -5e-06, 0.0, 0.0, -1.0, 0.936082, 0.0, 1.0, 0.0, 0.513564, 0.0, 0.0, 0.0, 1.0],
                [1.0, 0.0, 0.0, -5e-06, 0.0, 0.0, -1.0, 0.946478, 0.0, 1.0, 0.0, 0.525132, 0.0, 0.0, 0.0, 1.0],
                [1.0, 0.0, 0.0, -5e-06, 0.0, 0.0, -1.0, 0.958688, 0.0, 1.0, 0.0, 0.538345, 0.0, 0.0, 0.0, 1.0],
                [1.0, 0.0, 0.0, -5e-06, 0.0, 0.0, -1.0, 0.972531, 0.0, 1.0, 0.0, 0.552864, 0.0, 0.0, 0.0, 1.0],
                [1.0, 0.0, 0.0, -5e-06, 0.0, 0.0, -1.0, 0.987824, 0.0, 1.0, 0.0, 0.568353, 0.0, 0.0, 0.0, 1.0],
                [1.0, 0.0, 0.0, -5e-06, 0.0, 0.0, -1.0, 1.004386, 0.0, 1.0, 0.0, 0.584474, 0.0, 0.0, 0.0, 1.0],
                [1.0, 0.0, 0.0, -5e-06, 0.0, 0.0, -1.0, 1.022036, 0.0, 1.0, 0.0, 0.600888, 0.0, 0.0, 0.0, 1.0],
                [1.0, 0.0, 0.0, -5e-06, 0.0, 0.0, -1.0, 1.040593, 0.0, 1.0, 0.0, 0.617258, 0.0, 0.0, 0.0, 1.0],
                [1.0, 0.0, 0.0, -5e-06, 0.0, 0.0, -1.0, 1.059875, 0.0, 1.0, 0.0, 0.633246, 0.0, 0.0, 0.0, 1.0],
                [1.0, 0.0, 0.0, -5e-06, 0.0, 0.0, -1.0, 1.079702, 0.0, 1.0, 0.0, 0.648514, 0.0, 0.0, 0.0, 1.0],
                [1.0, 0.0, 0.0, -5e-06, 0.0, 0.0, -1.0, 1.099891, 0.0, 1.0, 0.0, 0.662725, 0.0, 0.0, 0.0, 1.0],
                [1.0, 0.0, 0.0, -5e-06, 0.0, 0.0, -1.0, 1.120261, 0.0, 1.0, 0.0, 0.675608, 0.0, 0.0, 0.0, 1.0],
                [1.0, 0.0, 0.0, -5e-06, 0.0, 0.0, -1.0, 1.140632, 0.0, 1.0, 0.0, 0.687164, 0.0, 0.0, 0.0, 1.0],
                [1.0, 0.0, 0.0, -5e-06, 0.0, 0.0, -1.0, 1.160821, 0.0, 1.0, 0.0, 0.697462, 0.0, 0.0, 0.0, 1.0],
                [1.0, 0.0, 0.0, -5e-06, 0.0, 0.0, -1.0, 1.180647, 0.0, 1.0, 0.0, 0.706569, 0.0, 0.0, 0.0, 1.0],
                [1.0, 0.0, 0.0, -5e-06, 0.0, 0.0, -1.0, 1.199929, 0.0, 1.0, 0.0, 0.714555, 0.0, 0.0, 0.0, 1.0],
                [1.0, 0.0, 0.0, -5e-06, 0.0, 0.0, -1.0, 1.218486, 0.0, 1.0, 0.0, 0.721487, 0.0, 0.0, 0.0, 1.0],
                [1.0, 0.0, 0.0, -5e-06, 0.0, 0.0, -1.0, 1.236137, 0.0, 1.0, 0.0, 0.727435, 0.0, 0.0, 0.0, 1.0],
                [1.0, 0.0, 0.0, -5e-06, 0.0, 0.0, -1.0, 1.252699, 0.0, 1.0, 0.0, 0.732466, 0.0, 0.0, 0.0, 1.0],
                [1.0, 0.0, 0.0, -5e-06, 0.0, 0.0, -1.0, 1.267992, 0.0, 1.0, 0.0, 0.736649, 0.0, 0.0, 0.0, 1.0],
                [1.0, 0.0, 0.0, -5e-06, 0.0, 0.0, -1.0, 1.281834, 0.0, 1.0, 0.0, 0.740052, 0.0, 0.0, 0.0, 1.0],
                [1.0, 0.0, 0.0, -5e-06, 0.0, 0.0, -1.0, 1.294044, 0.0, 1.0, 0.0, 0.742744, 0.0, 0.0, 0.0, 1.0],
                [1.0, 0.0, 0.0, -5e-06, 0.0, 0.0, -1.0, 1.304441, 0.0, 1.0, 0.0, 0.744794, 0.0, 0.0, 0.0, 1.0],
                [1.0, 0.0, 0.0, -5e-06, 0.0, 0.0, -1.0, 1.312843, 0.0, 1.0, 0.0, 0.746268, 0.0, 0.0, 0.0, 1.0],
                [1.0, 0.0, 0.0, -5e-06, 0.0, 0.0, -1.0, 1.319069, 0.0, 1.0, 0.0, 0.747237, 0.0, 0.0, 0.0, 1.0],
                [1.0, 0.0, 0.0, -5e-06, 0.0, 0.0, -1.0, 1.322937, 0.0, 1.0, 0.0, 0.747768, 0.0, 0.0, 0.0, 1.0],
                [1.0, 0.0, 0.0, -5e-06, 0.0, 0.0, -1.0, 1.324267, 0.0, 1.0, 0.0, 0.74793, 0.0, 0.0, 0.0, 1.0]
            ]
        },
        {
            "name": "Thigh_R",
            "time": [0.0, 0.0167, 0.0333, 0.05, 0.0667, 0.0833, 0.1, 0.1167, 0.1333, 0.15, 0.1667, 0.1833, 0.2, 0.2167, 0.2333, 0.25, 0.2667, 0.2833, 0.3, 0.3167, 0.3333, 0.35, 0.3667, 0.3833, 0.4, 0.4167, 0.4333, 0.45, 0.4667, 0.4833, 0.5, 0.5167, 0.5333, 0.55, 0.5667, 0.5833, 0.6, 0.6167, 0.6333, 0.65, 0.6667, 0.6833, 0.7, 0.7167, 0.7333, 0.75, 0.7667, 0.7833, 0.8, 0.8167, 0.8333, 0.85, 0.8667, 0.8833, 0.9, 0.9167, 0.9333, 0.95, 0.9667, 0.9833, 1.0, 1.0167, 1.0333, 1.05, 1.0667, 1.0833, 1.1, 1.1167, 1.1333, 1.15, 1.1667, 1.1833, 1.2, 1.2167, 1.2333, 1.25, 1.2667, 1.2833, 1.3, 1.3167, 1.3333, 1.35, 1.3667, 1.3833, 1.4, 1.4167, 1.4333, 1.45, 1.4667, 1.4833, 1.5, 1.5167, 1.5333, 1.55, 1.5667, 1.5833, 1.6, 1.6167, 1.6333, 1.65, 1.6667, 1.6833, 1.7, 1.7167, 1.7333, 1.75, 1.7667, 1.7833, 1.8, 1.8167, 1.8333, 1.85, 1.8667, 1.8833, 1.9, 1.9167, 1.9333, 1.95, 1.9667, 1.9833, 2.0],
            "transform": [
                [0.897857, 0.199381, 0.392556, 0.124994, 0.164021, -0.978878, 0.12203, -0.002831, 0.408595, -0.045178, -0.911597, -1.2e-05, 0.0, 0.0, 0.0, 1.0],
                [0.897798, 0.19939, 0.392685, 0.124994, 0.16411, -0.978887, 0.121836, -0.002831, 0.408688, -0.04494, -0.911567, -1.2e-05, 0.0, 0.0, 0.0, 1.0],
                [0.897624, 0.199433, 0.39306, 0.124994, 0.164389, -0.97891, 0.121276, -0.002831, 0.408958, -0.044246, -0.91148, -1.2e-05, 0.0, 0.0, 0.0, 1.0],
                [0.897337, 0.199539, 0.393662, 0.124994, 0.164873, -0.978939, 0.120383, -0.002831, 0.409392, -0.043119, -0.911339, -1.2e-05, 0.0, 0.0, 0.0, 1.0],
                [0.896939, 0.199733, 0.394469, 0.124994, 0.165581, -0.978965, 0.119188, -0.002831, 0.409978, -0.041587, -0.911147, -1.2e-05, 0.0, 0.0, 0.0, 1.0],
                [0.896432, 0.200042, 0.395464, 0.124994, 0.16653, -0.978982, 0.117724, -0.002831, 0.410702, -0.039674, -0.910906, -1.2e-05, 0.0, 0.0, 0.0, 1.0],
                [0.895818, 0.200492, 0.396625, 0.124994, 0.167736, -0.978979, 0.116023, -0.002831, 0.41155, -0.037407, -0.910619, -1.2e-05, 0.0, 0.0, 0.0, 1.0],
                [0.895099, 0.201109, 0.397935, 0.124994, 0.169216, -0.978948, 0.114119, -0.002831, 0.412509, -0.03481, -0.910289, -1.2e-05, 0.0, 0.0, 0.0, 1.0],
                [0.894275, 0.201921, 0.399374, 0.124994, 0.170988, -0.97888, 0.112043, -0.002831, 0.413563, -0.031909, -0.909916, -1.2e-05, 0.0, 0.0, 0.0, 1.0],
                [0.893348, 0.202953, 0.400923, 0.124994, 0.173069, -0.978765, 0.10983, -0.002831, 0.4147, -0.028729, -0.909505, -1.2e-05, 0.0, 0.0, 0.0, 1.0],
                [0.892319, 0.204231, 0.402562, 0.124994, 0.175475, -0.978594, 0.107513, -0.002831, 0.415903, -0.025296, -0.909057, -1.2e-05, 0.0, 0.0, 0.0, 1.0],
                [0.891187, 0.205782, 0.404275, 0.124994, 0.178223, -0.978356, 0.105124, -0.002831, 0.417158, -0.021634, -0.908577, -1.2e-05, 0.0, 0.0, 0.0, 1.0],
                [0.889955, 0.207632, 0.40604, 0.124994, 0.181329, -0.978043, 0.102698, -0.002831, 0.418449, -0.017769, -0.908067, -1.2e-05, 0.0, 0.0, 0.0, 1.0],
                [0.88862, 0.209809, 0.407841, 0.124994, 0.18481, -0.977644, 0.100268, -0.002831, 0.419761, -0.013727, -0.907531, -1.2e-05, 0.0, 0.0, 0.0, 1.0],
                [0.887182, 0.212338, 0.409659, 0.124994, 0.18868, -0.977148, 0.097869, -0.002831, 0.421079, -0.009532, -0.906974, -1.2e-05, 0.0, 0.0, 0.0, 1.0],
                [0.88564, 0.215246, 0.411474, 0.124994, 0.192955, -0.976544, 0.095532, -0.002831, 0.422386, -0.005211, -0.906401, -1.2e-05, 0.0, 0.0, 0.0, 1.0],
                [0.883991, 0.21856, 0.413268, 0.124994, 0.19765, -0.975821, 0.093294, -0.002831, 0.423666, -0.000788, -0.905818, -1.2e-05, 0.0, 0.0, 0.0, 1.0],
                [0.882234, 0.222306, 0.415022, 0.124994, 0.202778, -0.974968, 0.091187, -0.002831, 0.424905, 0.00371, -0.905231, -1.2e-05, 0.0, 0.0, 0.0, 1.0],
                [0.880363, 0.226511, 0.416716, 0.124994, 0.208353, -0.973971, 0.089245, -0.002831, 0.426085, 0.008257, -0.904646, -1.2e-05, 0.0, 0.0, 0.0, 1.0],
                [0.878376, 0.231202, 0.418331, 0.124994, 0.214389, -0.972819, 0.087502, -0.002831, 0.427192, 0.012826, -0.90407, -1.2e-05, 0.0, 0.0, 0.0, 1.0],
                [0.876265, 0.236404, 0.419847, 0.124994, 0.220896, -0.971497, 0.08599, -0.002831, 0.428209, 0.017393, -0.903512, -1.2e-05, 0.0, 0.0, 0.0, 1.0],
                [0.874025, 0.242142, 0.421243, 0.124994, 0.227887, -0.969991, 0.084744, -0.002831, 0.429122, 0.021928, -0.90298, -1.2e-05, 0.0, 0.0, 0.0, 1.0],
                [0.871649, 0.248443, 0.422497, 0.124994, 0.235372, -0.968284, 0.083794, -0.002831, 0.429916, 0.026406, -0.902483, -1.2e-05, 0.0, 0.0, 0.0, 1.0],
                [0.869125, 0.25533, 0.423588, 0.124994, 0.243361, -0.966361, 0.083172, -0.002831, 0.430576, 0.030798, -0.902029, -1.2e-05, 0.0, 0.0, 0.0, 1.0],
                [0.866446, 0.262827, 0.424491, 0.124994, 0.251863, -0.964203, 0.08291, -0.002831, 0.431087, 0.035077, -0.901628, -1.2e-05, 0.0, 0.0, 0.0, 1.0],
                [0.863597, 0.270958, 0.425184, 0.124994, 0.260885, -0.96179, 0.083038, -0.002831, 0.431438, 0.039213, -0.90129, -1.2e-05, 0.0, 0.0, 0.0, 1.0],
                [0.860566, 0.279743, 0.42564, 0.124994, 0.270434, -0.959101, 0.083584, -0.002831, 0.431614, 0.043179, -0.901025, -1.2e-05, 0.0, 0.0, 0.0, 1.0],
                [0.857338, 0.289202, 0.425832, 0.124994, 0.280515, -0.956114, 0.084576, -0.002831, 0.431604, 0.046943, -0.900841, -1.2e-05, 0.0, 0.0, 0.0, 1.0],
                [0.853895, 0.299355, 0.425734, 0.124994, 0.291133, -0.952803, 0.086042, -0.002831, 0.431398, 0.050475, -0.900749, -1.2e-05, 0.0, 0.0, 0.0, 1.0],
                [0.850219, 0.310218, 0.425314, 0.124994, 0.30229, -0.949143, 0.088005, -0.002831, 0.430985, 0.053745, -0.900757, -1.2e-05, 0.0, 0.0, 0.0, 1.0],
                [0.846289, 0.321805, 0.424542, 0.124994, 0.313988, -0.945103, 0.090489, -0.002831, 0.430356, 0.056722, -0.900875, -1.2e-05, 0.0, 0.0, 0.0, 1.0],
                [0.843525, 0.334289, 0.420374, 0.124994, 0.326506, -0.940623, 0.092833, -0.002831, 0.426447, 0.058948, -0.90259, -1.2e-05, 0.0, 0.0, 0.0, 1.0],
                [0.843043, 0.347745, 0.410307, 0.124994, 0.339888, -0.935687, 0.094667, -0.002831, 0.416839, 0.05965, -0.907021, -1.2e-05, 0.0, 0.0, 0.0, 1.0],
                [0.844316, 0.362013, 0.395066, 0.124994, 0.353769, -0.930344, 0.096454, -0.002831, 0.402465, 0.058325, -0.913576, -1.2e-05, 0.0, 0.0, 0.0, 1.0],
                [0.846802, 0.376886, 0.375343, 0.124994, 0.367796, -0.924653, 0.098683, -0.002831, 0.384255, 0.054485, -0.921618, -1.2e-05, 0.0, 0.0, 0.0, 1.0],
                [0.849981, 0.392112, 0.351824, 0.124994, 0.381634, -0.918679, 0.101882, -0.002831, 0.363163, 0.047671, -0.930506, -1.2e-05, 0.0, 0.0, 0.0, 1.0],
                [0.853387, 0.407392, 0.325209, 0.124994, 0.394974, -0.912482, 0.10662, -0.002831, 0.340184, 0.037461, -0.939613, -1.2e-05, 0.0, 0.0, 0.0, 1.0],
                [0.85664, 0.422394, 0.296226, 0.124994, 0.407533, -0.906106, 0.113516, -0.002831, 0.31636, 0.02348, -0.948349, -1.2e-05, 0.0, 0.0, 0.0, 1.0],
                [0.859462, 0.436759, 0.265642, 0.124994, 0.419051, -0.89956, 0.123228, -0.002831, 0.292782, 0.005408, -0.956164, -1.2e-05, 0.0, 0.0, 0.0, 1.0],
                [0.86169, 0.450123, 0.23426, 0.124994, 0.429281, -0.892802, 0.136453, -0.002831, 0.270569, -0.017016, -0.96255, -1.2e-05, 0.0, 0.0, 0.0, 1.0],
                [0.863282, 0.462132, 0.202922, 0.124994, 0.437966, -0.885717, 0.153909, -0.002831, 0.250858, -0.043994, -0.967024, -1.2e-05, 0.0, 0.0, 0.0, 1.0],
                [0.864302, 0.472465, 0.172502, 0.124994, 0.444815, -0.878093, 0.17632, -0.002831, 0.234778, -0.075662, -0.9691, -1.2e-05, 0.0, 0.0, 0.0, 1.0],
                [0.864907, 0.48086, 0.143905, 0.124994, 0.449465, -0.8696, 0.204386, -0.002831, 0.223421, -0.112094, -0.968255, -1.2e-05, 0.0, 0.0, 0.0, 1.0],
                [0.865309, 0.487133, 0.118068, 0.124994, 0.451438, -0.859766, 0.238752, -0.002831, 0.217814, -0.153293, -0.963877, -1.2e-05, 0.0, 0.0, 0.0, 1.0],
                [0.865741, 0.491206, 0.095953, 0.124994, 0.450092, -0.847963, 0.279951, -0.002831, 0.218878, -0.199176, -0.955208, -1.2e-05, 0.0, 0.0, 0.0, 1.0],
                [0.866399, 0.493134, 0.078552, 0.124994, 0.444581, -0.833391, 0.328336, -0.002831, 0.227378, -0.249546, -0.94129, -1.2e-05, 0.0, 0.0, 0.0, 1.0],
                [0.879212, 0.471362, 0.0693, 0.124994, 0.398557, -0.807375, 0.43508, -0.002831, 0.261032, -0.354907, -0.897721, -1.2e-05, 0.0, 0.0, 0.0, 1.0],
                [0.905867, 0.416481, 0.077127, 0.124994, 0.289653, -0.741974, 0.604626, -0.002831, 0.309041, -0.52537, -0.792767, -1.2e-05, 0.0, 0.0, 0.0, 1.0],
                [0.930079, 0.351785, 0.105821, 0.124994, 0.15117, -0.629049, 0.762524, -0.002831, 0.334812, -0.69321, -0.638247, -1.2e-05, 0.0, 0.0, 0.0, 1.0],
                [0.942732, 0.301993, 0.141616, 0.124994, 0.034499, -0.510575, 0.85914, -0.002831, 0.33176, -0.805052, -0.491756, -1.2e-05, 0.0, 0.0, 0.0, 1.0],
                [0.945851, 0.282958, 0.159057, 0.124994, -0.013052, -0.456458, 0.889649, -0.002831, 0.324337, -0.84355, -0.42805, -1.2e-05, 0.0, 0.0, 0.0, 1.0],
                [0.945851, 0.282958, 0.159057, 0.124994, -0.013052, -0.456458, 0.889649, -0.002831, 0.324337, -0.84355, -0.42805, -1.2e-05, 0.0, 0.0, 0.0, 1.0],
                [0.945851, 0.282958, 0.159057, 0.124994, -0.013052, -0.456458, 0.889649, -0.002831, 0.324337, -0.84355, -0.42805, -1.2e-05, 0.0, 0.0, 0.0, 1.0],
                [0.945851, 0.282958, 0.159057, 0.124994, -0.013052, -0.456458, 0.889649, -0.002831, 0.324337, -0.84355, -0.42805, -1.2e-05, 0.0, 0.0, 0.0, 1.0],
                [0.945851, 0.282958, 0.159057, 0.124994, -0.013052, -0.456458, 0.889649, -0.002831, 0.324337, -0.84355, -0.42805, -1.2e-05, 0.0, 0.0, 0.0, 1.0],
                [0.945851, 0.282958, 0.159057, 0.124994, -0.013052, -0.456458, 0.889649, -0.002831, 0.324337, -0.84355, -0.42805, -1.2e-05, 0.0, 0.0, 0.0, 1.0],
                [0.945851, 0.282958, 0.159057, 0.124994, -0.013052, -0.456458, 0.889649, -0.002831, 0.324337, -0.84355, -0.42805, -1.2e-05, 0.0, 0.0, 0.0, 1.0],
                [0.945851, 0.282958, 0.159057, 0.124994, -0.013052, -0.456458, 0.889649, -0.002831, 0.324337, -0.84355, -0.42805, -1.2e-05, 0.0, 0.0, 0.0, 1.0],
                [0.945851, 0.282958, 0.159057, 0.124994, -0.013052, -0.456458, 0.889649, -0.002831, 0.324337, -0.84355, -0.42805, -1.2e-05, 0.0, 0.0, 0.0, 1.0],
                [0.945851, 0.282958, 0.159057, 0.124994, -0.013052, -0.456458, 0.889649, -0.002831, 0.324337, -0.84355, -0.42805, -1.2e-05, 0.0, 0.0, 0.0, 1.0],
                [0.945851, 0.282958, 0.159057, 0.124994, -0.013052, -0.456458, 0.889649, -0.002831, 0.324337, -0.84355, -0.42805, -1.2e-05, 0.0, 0.0, 0.0, 1.0],
                [0.945851, 0.282958, 0.159057, 0.124994, -0.013052, -0.456458, 0.889649, -0.002831, 0.324337, -0.84355, -0.42805, -1.2e-05, 0.0, 0.0, 0.0, 1.0],
                [0.945851, 0.282958, 0.159057, 0.124994, -0.013052, -0.456458, 0.889649, -0.002831, 0.324337, -0.84355, -0.42805, -1.2e-05, 0.0, 0.0, 0.0, 1.0],
                [0.945851, 0.282958, 0.159057, 0.124994, -0.013052, -0.456458, 0.889649, -0.002831, 0.324337, -0.84355, -0.42805, -1.2e-05, 0.0, 0.0, 0.0, 1.0],
                [0.945851, 0.282958, 0.159057, 0.124994, -0.013052, -0.456458, 0.889649, -0.002831, 0.324337, -0.84355, -0.42805, -1.2e-05, 0.0, 0.0, 0.0, 1.0],
                [0.945851, 0.282958, 0.159057, 0.124994, -0.013052, -0.456458, 0.889649, -0.002831, 0.324337, -0.84355, -0.42805, -1.2e-05, 0.0, 0.0, 0.0, 1.0],
                [0.945851, 0.282958, 0.159057, 0.124994, -0.013052, -0.456458, 0.889649, -0.002831, 0.324337, -0.84355, -0.42805, -1.2e-05, 0.0, 0.0, 0.0, 1.0],
                [0.9465, 0.281269, 0.15819, 0.124994, -0.013063, -0.456405, 0.889676, -0.002831, 0.322438, -0.844143, -0.428314, -1.2e-05, 0.0, 0.0, 0.0, 1.0],
                [0.948353, 0.276385, 0.155682, 0.124994, -0.013092, -0.456253, 0.889754, -0.002831, 0.316945, -0.845837, -0.429072, -1.2e-05, 0.0, 0.0, 0.0, 1.0],
                [0.951244, 0.268569, 0.151671, 0.124994, -0.013136, -0.456016, 0.889874, -0.002831, 0.308157, -0.848478, -0.430257, -1.2e-05, 0.0, 0.0, 0.0, 1.0],
                [0.954985, 0.258074, 0.14629, 0.124994, -0.013189, -0.455709, 0.890031, -0.002831, 0.29636, -0.851893, -0.431793, -1.2e-05, 0.0, 0.0, 0.0, 1.0],
                [0.95937, 0.245154, 0.139671, 0.124994, -0.013246, -0.455343, 0.890217, -0.002831, 0.281839, -0.855896, -0.433597, -1.2e-05, 0.0, 0.0, 0.0, 1.0],
                [0.964189, 0.230061, 0.131947, 0.124994, -0.013302, -0.454934, 0.890426, -0.002831, 0.264879, -0.860292, -0.435584, -1.2e-05, 0.0, 0.0, 0.0, 1.0],
                [0.969234, 0.213057, 0.123252, 0.124994, -0.013352, -0.454494, 0.890649, -0.002831, 0.245777, -0.864892, -0.437668, -1.2e-05, 0.0, 0.0, 0.0, 1.0],
                [0.974304, 0.194413, 0.113729, 0.124994, -0.013391, -0.454037, 0.890881, -0.002831, 0.224836, -0.869511, -0.439769, -1.2e-05, 0.0, 0.0, 0.0, 1.0],
                [0.979215, 0.174414, 0.103522, 0.124994, -0.013418, -0.453579, 0.891115, -0.002831, 0.202378, -0.87398, -0.441813, -1.2e-05, 0.0, 0.0, 0.0, 1.0],
                [0.983805, 0.153356, 0.092784, 0.124994, -0.013429, -0.453134, 0.891341, -0.002831, 0.178736, -0.87815, -0.443737, -1.2e-05, 0.0, 0.0, 0.0, 1.0],
                [0.987939, 0.131549, 0.081674, 0.124994, -0.013423, -0.452716, 0.891553, -0.002831, 0.154259, -0.881895, -0.445492, -1.2e-05, 0.0, 0.0, 0.0, 1.0],
                [0.991514, 0.109316, 0.070353, 0.124994, -0.013402, -0.452341, 0.891744, -0.002831, 0.129306, -0.885117, -0.447039, -1.2e-05, 0.0, 0.0, 0.0, 1.0],
                [0.994461, 0.086987, 0.058989, 0.124994, -0.013366, -0.452024, 0.891905, -0.002831, 0.104249, -0.887752, -0.44836, -1.2e-05, 0.0, 0.0, 0.0, 1.0],
                [0.996748, 0.064899, 0.04775, 0.124994, -0.013317, -0.45178, 0.89203, -0.002831, 0.079465, -0.889763, -0.449448, -1.2e-05, 0.0, 0.0, 0.0, 1.0],
                [0.998379, 0.043392, 0.036808, 0.124994, -0.013261, -0.451624, 0.892109, -0.002831, 0.055334, -0.89115, -0.450318, -1.2e-05, 0.0, 0.0, 0.0, 1.0],
                [0.999393, 0.022806, 0.02633, 0.124994, -0.013199, -0.451569, 0.892138, -0.002831, 0.032236, -0.891942, -0.450996, -1.2e-05, 0.0, 0.0, 0.0, 1.0],
                [0.999858, 0.003476, 0.016486, 0.124994, -0.013139, -0.451632, 0.892107, -0.002831, 0.010546, -0.892195, -0.451523, -1.2e-05, 0.0, 0.0, 0.0, 1.0],
                [0.99987, -0.014267, 0.007439, 0.124994, -0.013084, -0.451824, 0.892011, -0.002831, -0.009365, -0.891991, -0.451954, -1.2e-05, 0.0, 0.0, 0.0, 1.0],
                [0.999546, -0.030101, -0.000647, 0.124994, -0.013038, -0.45216, 0.891841, -0.002831, -0.027138, -0.891426, -0.452349, -1.2e-05, 0.0, 0.0, 0.0, 1.0],
                [0.999015, -0.043709, -0.007616, 0.124994, -0.013007, -0.452653, 0.891592, -0.002831, -0.042418, -0.890612, -0.452777, -1.2e-05, 0.0, 0.0, 0.0, 1.0],
                [0.998409, -0.054787, -0.01331, 0.124994, -0.012993, -0.453317, 0.891254, -0.002831, -0.054863, -0.889662, -0.453309, -1.2e-05, 0.0, 0.0, 0.0, 1.0],
                [0.997856, -0.063033, -0.017577, 0.124994, -0.012997, -0.454163, 0.890823, -0.002831, -0.064134, -0.888683, -0.45401, -1.2e-05, 0.0, 0.0, 0.0, 1.0],
                [0.997469, -0.068153, -0.020261, 0.124994, -0.013018, -0.455206, 0.890291, -0.002831, -0.069899, -0.887771, -0.454943, -1.2e-05, 0.0, 0.0, 0.0, 1.0],
                [0.997331, -0.069856, -0.021209, 0.124994, -0.013052, -0.456458, 0.889649, -0.002831, -0.071828, -0.886996, -0.456153, -1.2e-05, 0.0, 0.0, 0.0, 1.0],
                [0.997407, -0.068903, -0.020734, 0.124994, -0.013393, -0.460891, 0.887355, -0.002831, -0.070698, -0.884775, -0.46062, -1.2e-05, 0.0, 0.0, 0.0, 1.0],
                [0.99761, -0.06634, -0.019281, 0.124994, -0.014286, -0.471157, 0.881934, -0.002831, -0.067592, -0.879549, -0.47098, -1.2e-05, 0.0, 0.0, 0.0, 1.0],
                [0.997915, -0.062299, -0.016859, 0.124994, -0.015634, -0.486779, 0.873385, -0.002831, -0.062618, -0.871298, -0.48674, -1.2e-05, 0.0, 0.0, 0.0, 1.0],
                [0.998288, -0.056921, -0.013454, 0.124994, -0.017311, -0.507261, 0.861618, -0.002831, -0.055869, -0.859908, -0.50738, -1.2e-05, 0.0, 0.0, 0.0, 1.0],
                [0.99869, -0.050357, -0.009034, 0.124994, -0.019172, -0.532073, 0.846481, -0.002831, -0.047433, -0.845197, -0.532343, -1.2e-05, 0.0, 0.0, 0.0, 1.0],
                [0.999078, -0.042769, -0.003555, 0.124994, -0.021055, -0.560646, 0.827787, -0.002831, -0.037397, -0.826947, -0.561032, -1.2e-05, 0.0, 0.0, 0.0, 1.0],
                [0.999405, -0.034334, 0.003025, 0.124994, -0.022788, -0.592364, 0.805348, -0.002831, -0.025859, -0.804936, -0.592796, -1.2e-05, 0.0, 0.0, 0.0, 1.0],
                [0.999623, -0.025242, 0.01074, 0.124994, -0.024191, -0.626557, 0.778999, -0.002831, -0.012934, -0.778964, -0.626934, -1.2e-05, 0.0, 0.0, 0.0, 1.0],
                [0.999684, -0.015697, 0.019612, 0.124994, -0.025089, -0.662508, 0.748633, -0.002831, 0.001242, -0.748887, -0.662695, -1.2e-05, 0.0, 0.0, 0.0, 1.0],
                [0.999543, -0.005911, 0.029636, 0.124994, -0.025312, -0.69946, 0.714222, -0.002831, 0.016508, -0.714644, -0.699292, -1.2e-05, 0.0, 0.0, 0.0, 1.0],
                [0.99916, 0.003896, 0.04078, 0.124994, -0.024712, -0.736629, 0.675844, -0.002831, 0.032672, -0.676283, -0.735916, -1.2e-05, 0.0, 0.0, 0.0, 1.0],
                [0.998504, 0.013504, 0.052976, 0.124994, -0.023163, -0.77323, 0.633701, -0.002831, 0.04952, -0.633978, -0.771763, -1.2e-05, 0.0, 0.0, 0.0, 1.0],
                [0.997553, 0.022707, 0.06612, 0.124994, -0.020579, -0.808505, 0.588127, -0.002831, 0.066813, -0.588047, -0.806062, -1.2e-05, 0.0, 0.0, 0.0, 1.0],
                [0.996297, 0.031312, 0.080073, 0.124994, -0.016912, -0.841754, 0.539593, -0.002831, 0.084297, -0.538947, -0.83811, -1.2e-05, 0.0, 0.0, 0.0, 1.0],
                [0.994739, 0.039155, 0.094658, 0.124994, -0.012164, -0.872369, 0.488693, -0.002831, 0.101711, -0.487272, -0.867306, -1.2e-05, 0.0, 0.0, 0.0, 1.0],
                [0.992897, 0.046108, 0.109673, 0.124994, -0.006385, -0.89986, 0.436128, -0.002831, 0.1188, -0.433729, -0.893177, -1.2e-05, 0.0, 0.0, 0.0, 1.0],
                [0.990801, 0.052084, 0.124896, 0.124994, 0.000328, -0.92388, 0.382678, -0.002831, 0.13532, -0.379116, -0.915401, -1.2e-05, 0.0, 0.0, 0.0, 1.0],
                [0.988494, 0.057037, 0.140092, 0.124994, 0.007833, -0.944236, 0.32917, -0.002831, 0.151055, -0.324284, -0.933821, -1.2e-05, 0.0, 0.0, 0.0, 1.0],
                [0.986027, 0.06097, 0.155027, 0.124994, 0.015953, -0.960896, 0.276442, -0.002831, 0.16582, -0.270105, -0.948445, -1.2e-05, 0.0, 0.0, 0.0, 1.0],
                [0.983459, 0.063925, 0.169474, 0.124994, 0.024483, -0.973977, 0.225312, -0.002831, 0.179467, -0.217436, -0.959434, -1.2e-05, 0.0, 0.0, 0.0, 1.0],
                [0.980855, 0.065982, 0.183218, 0.124994, 0.033197, -0.983729, 0.176553, -0.002831, 0.191886, -0.16709, -0.967089, -1.2e-05, 0.0, 0.0, 0.0, 1.0],
                [0.978281, 0.067252, 0.196067, 0.124994, 0.041865, -0.990513, 0.130869, -0.002831, 0.203009, -0.119818, -0.971819, -1.2e-05, 0.0, 0.0, 0.0, 1.0],
                [0.975803, 0.067866, 0.207851, 0.124994, 0.050252, -0.994771, 0.088889, -0.002831, 0.212797, -0.076293, -0.974114, -1.2e-05, 0.0, 0.0, 0.0, 1.0],
                [0.973484, 0.067969, 0.218422, 0.124994, 0.058131, -0.996995, 0.051165, -0.002831, 0.221244, -0.03711, -0.974512, -1.2e-05, 0.0, 0.0, 0.0, 1.0],
                [0.971385, 0.067712, 0.227652, 0.124994, 0.065287, -0.997699, 0.018174, -0.002831, 0.228359, -0.00279, -0.973573, -1.2e-05, 0.0, 0.0, 0.0, 1.0],
                [0.969562, 0.067242, 0.23543, 0.124994, 0.071518, -0.99739, -0.009662, -0.002831, 0.234166, 0.026206, -0.971844, -1.2e-05, 0.0, 0.0, 0.0, 1.0],
                [0.968067, 0.066698, 0.241654, 0.124994, 0.076639, -0.996544, -0.031962, -0.002831, 0.238687, 0.049462, -0.969836, -1.2e-05, 0.0, 0.0, 0.0, 1.0],
                [0.966948, 0.066202, 0.246228, 0.124994, 0.080478, -0.99558, -0.048363, -0.002831, 0.241938, 0.066581, -0.968005, -1.2e-05, 0.0, 0.0, 0.0, 1.0],
                [0.966248, 0.065854, 0.249053, 0.124994, 0.082882, -0.994839, -0.058498, -0.002831, 0.243916, 0.077166, -0.966722, -1.2e-05, 0.0, 0.0, 0.0, 1.0],
                [0.966006, 0.065728, 0.250021, 0.124994, 0.083711, -0.994559, -0.061972, -0.002831, 0.244588, 0.080795, -0.966255, -1.2e-05, 0.0, 0.0, 0.0, 1.0]
            ]
        },
        {
            "name": "Leg_R",
            "time": [0.0, 0.0167, 0.0333, 0.05, 0.0667, 0.0833, 0.1, 0.1167, 0.1333, 0.15, 0.1667, 0.1833, 0.2, 0.2167, 0.2333, 0.25, 0.2667, 0.2833, 0.3, 0.3167, 0.3333, 0.35, 0.3667, 0.3833, 0.4, 0.4167, 0.4333, 0.45, 0.4667, 0.4833, 0.5, 0.5167, 0.5333, 0.55, 0.5667, 0.5833, 0.6, 0.6167, 0.6333, 0.65, 0.6667, 0.6833, 0.7, 0.7167, 0.7333, 0.75, 0.7667, 0.7833, 0.8, 0.8167, 0.8333, 0.85, 0.8667, 0.8833, 0.9, 0.9167, 0.9333, 0.95, 0.9667, 0.9833, 1.0, 1.0167, 1.0333, 1.05, 1.0667, 1.0833, 1.1, 1.1167, 1.1333, 1.15, 1.1667, 1.1833, 1.2, 1.2167, 1.2333, 1.25, 1.2667, 1.2833, 1.3, 1.3167, 1.3333, 1.35, 1.3667, 1.3833, 1.4, 1.4167, 1.4333, 1.45, 1.4667, 1.4833, 1.5, 1.5167, 1.5333, 1.55, 1.5667, 1.5833, 1.6, 1.6167, 1.6333, 1.65, 1.6667, 1.6833, 1.7, 1.7167, 1.7333, 1.75, 1.7667, 1.7833, 1.8, 1.8167, 1.8333, 1.85, 1.8667, 1.8833, 1.9, 1.9167, 1.9333, 1.95, 1.9667, 1.9833, 2.0],
            "transform": [
                [1.0, 0.0, 1e-06, -0.0, -0.0, 0.98729, 0.158933, 0.37472, -1e-06, -0.158934, 0.987289, -0.0, 0.0, 0.0, 0.0, 1.0],
                [1.0, 0.0, 1e-06, -0.0, -0.0, 0.987289, 0.158938, 0.37472, -1e-06, -0.158938, 0.987288, 0.0, 0.0, 0.0, 0.0, 1.0],
                [1.0, 0.0, 1e-06, -0.0, -0.0, 0.987285, 0.158964, 0.37472, -1e-06, -0.158965, 0.987284, 0.0, 0.0, 0.0, 0.0, 1.0],
                [1.0, 0.0, 1e-06, 0.0, -0.0, 0.987275, 0.159029, 0.37472, -1e-06, -0.159029, 0.987273, 0.0, 0.0, 0.0, 0.0, 1.0],
                [1.0, 0.0, 1e-06, 0.0, -0.0, 0.987255, 0.159148, 0.37472, -1e-06, -0.159148, 0.987254, 0.0, 0.0, 0.0, 0.0, 1.0],
