{
    "animation": [
        {
            "name": "Root",
            "time": [0.0, 0.0167, 0.0333, 0.05, 0.0667, 0.0833, 0.1, 0.1167, 0.1333, 0.15, 0.1667, 0.1833, 0.2, 0.2167, 0.2333, 0.25, 0.2667, 0.2833, 0.3, 0.3167, 0.3333, 0.35, 0.3667, 0.3833, 0.4, 0.4167, 0.4333, 0.45, 0.4667, 0.4833, 0.5, 0.5167, 0.5333, 0.55, 0.5667, 0.5833, 0.6, 0.6167, 0.6333, 0.65, 0.6667, 0.6833, 0.7, 0.7167, 0.7333, 0.75, 0.7667, 0.7833, 0.8, 0.8167, 0.8333, 0.85, 0.8667, 0.8833, 0.9, 0.9167, 0.9333, 0.95, 0.9667, 0.9833, 1.0, 1.0167, 1.0333, 1.05, 1.0667, 1.0833, 1.1, 1.1167, 1.1333, 1.15, 1.1667, 1.1833, 1.2, 1.2167, 1.2333, 1.25, 1.2667, 1.2833, 1.3, 1.3167, 1.3333, 1.35, 1.3667, 1.3833, 1.4, 1.4167, 1.4333, 1.45, 1.4667, 1.4833, 1.5, 1.5167, 1.5333, 1.55, 1.5667, 1.5833, 1.6, 1.6167, 1.6333, 1.65, 1.6667, 1.6833, 1.7, 1.7167, 1.7333, 1.75],
            "transform": [
                [0.737109, 0.0, 0.675774, -0.073478, 0.675774, 0.0, -0.737109, 0.000946, 0.0, 1.0, 0.0, 0.668107, 0.0, 0.0, 0.0, 1.0],
                [0.737964, 0.0, 0.67484, -0.073478, 0.67484, 0.0, -0.737964, 0.001124, 0.0, 1.0, 0.0, 0.669019, 0.0, 0.0, 0.0, 1.0],
                [0.74089, 0.0, 0.671626, -0.073478, 0.671626, 0.0, -0.74089, 0.002368, 0.0, 1.0, 0.0, 0.671586, 0.0, 0.0, 0.0, 1.0],
                [0.746397, 0.0, 0.665501, -0.073478, 0.665501, 0.0, -0.746397, 0.005745, 0.0, 1.0, 0.0, 0.675553, 0.0, 0.0, 0.0, 1.0],
                [0.754935, 0.0, 0.6558, -0.073478, 0.6558, 0.0, -0.754935, 0.012322, 0.0, 1.0, 0.0, 0.680666, 0.0, 0.0, 0.0, 1.0],
                [0.766879, 0.0, 0.641792, -0.073478, 0.641792, 0.0, -0.766879, 0.023164, 0.0, 1.0, 0.0, 0.68667, 0.0, 0.0, 0.0, 1.0],
                [0.782502, 0.0, 0.622648, -0.073478, 0.622648, 0.0, -0.782502, 0.039338, 0.0, 1.0, 0.0, 0.69331, 0.0, 0.0, 0.0, 1.0],
                [0.801944, 0.0, 0.5974, -0.073478, 0.5974, 0.0, -0.801944, 0.061911, 0.0, 1.0, 0.0, 0.700332, 0.0, 0.0, 0.0, 1.0],
                [0.825157, 0.0, 0.564903, -0.073478, 0.564903, 0.0, -0.825157, 0.091949, 0.0, 1.0, 0.0, 0.707481, 0.0, 0.0, 0.0, 1.0],
                [0.851838, 0.0, 0.523805, -0.073478, 0.523805, 0.0, -0.851838, 0.130518, 0.0, 1.0, 0.0, 0.714503, 0.0, 0.0, 0.0, 1.0],
                [0.881318, 0.0, 0.472524, -0.073478, 0.472524, 0.0, -0.881318, 0.178685, 0.0, 1.0, 0.0, 0.721144, 0.0, 0.0, 0.0, 1.0],
                [0.912418, 0.0, 0.40926, -0.073478, 0.40926, 0.0, -0.912418, 0.237517, 0.0, 1.0, 0.0, 0.727147, 0.0, 0.0, 0.0, 1.0],
                [0.943255, 0.0, 0.332068, -0.073478, 0.332068, 0.0, -0.943255, 0.308079, 0.0, 1.0, 0.0, 0.73226, 0.0, 0.0, 0.0, 1.0],
                [0.971013, 0.0, 0.239026, -0.073478, 0.239026, 0.0, -0.971013, 0.391438, 0.0, 1.0, 0.0, 0.736227, 0.0, 0.0, 0.0, 1.0],
                [0.991701, 0.0, 0.128563, -0.073478, 0.128563, 0.0, -0.991701, 0.488661, 0.0, 1.0, 0.0, 0.738794, 0.0, 0.0, 0.0, 1.0],
                [1.0, 0.0, 0.0, -0.073478, 0.0, 0.0, -1.0, 0.600814, 0.0, 1.0, 0.0, 0.739706, 0.0, 0.0, 0.0, 1.0],
                [0.989684, 0.0, -0.143266, -0.054288, -0.143266, 0.0, -0.989684, 0.777958, 0.0, 1.0, 0.0, 0.711652, 0.0, 0.0, 0.0, 1.0],
                [0.958228, 0.0, -0.286007, -0.006307, -0.286007, 0.0, -0.958228, 1.031483, 0.0, 1.0, 0.0, 0.644752, 0.0, 0.0, 0.0, 1.0],
                [0.911945, 0.0, -0.410312, 0.056079, -0.410312, 0.0, -0.911945, 1.304451, 0.0, 1.0, 0.0, 0.564904, 0.0, 0.0, 0.0, 1.0],
                [0.86516, 0.0, -0.501496, 0.118487, -0.501496, 0.0, -0.86516, 1.539925, 0.0, 1.0, 0.0, 0.498004, 0.0, 0.0, 0.0, 1.0],
                [0.835846, 0.0, -0.548964, 0.166532, -0.548964, 0.0, -0.835846, 1.680968, 0.0, 1.0, 0.0, 0.46995, 0.0, 0.0, 0.0, 1.0],
                [0.821751, 0.0, -0.569847, 0.20025, -0.569847, 0.0, -0.821751, 1.750936, 0.0, 1.0, 0.0, 0.46995, 0.0, 0.0, 0.0, 1.0],
                [0.809103, 0.0, -0.587667, 0.229479, -0.587667, 0.0, -0.809103, 1.811591, 0.0, 1.0, 0.0, 0.46995, 0.0, 0.0, 0.0, 1.0],
                [0.797948, 0.0, -0.602726, 0.25454, -0.602726, 0.0, -0.797948, 1.863596, 0.0, 1.0, 0.0, 0.46995, 0.0, 0.0, 0.0, 1.0],
                [0.788286, 0.0, -0.615308, 0.275754, -0.615308, 0.0, -0.788286, 1.907618, 0.0, 1.0, 0.0, 0.46995, 0.0, 0.0, 0.0, 1.0],
                [0.78008, 0.0, -0.62568, 0.293441, -0.62568, 0.0, -0.78008, 1.944321, 0.0, 1.0, 0.0, 0.46995, 0.0, 0.0, 0.0, 1.0],
                [0.773261, 0.0, -0.634088, 0.307922, -0.634088, 0.0, -0.773261, 1.974371, 0.0, 1.0, 0.0, 0.46995, 0.0, 0.0, 0.0, 1.0],
                [0.767736, 0.0, -0.640766, 0.319518, -0.640766, 0.0, -0.767736, 1.998433, 0.0, 1.0, 0.0, 0.46995, 0.0, 0.0, 0.0, 1.0],
                [0.763394, 0.0, -0.645933, 0.328548, -0.645933, 0.0, -0.763394, 2.017173, 0.0, 1.0, 0.0, 0.46995, 0.0, 0.0, 0.0, 1.0],
                [0.760109, 0.0, -0.649796, 0.335334, -0.649796, 0.0, -0.760109, 2.031255, 0.0, 1.0, 0.0, 0.46995, 0.0, 0.0, 0.0, 1.0],
                [0.757743, 0.0, -0.652553, 0.340197, -0.652553, 0.0, -0.757743, 2.041346, 0.0, 1.0, 0.0, 0.46995, 0.0, 0.0, 0.0, 1.0],
                [0.756152, 0.0, -0.654397, 0.343457, -0.654397, 0.0, -0.756152, 2.04811, 0.0, 1.0, 0.0, 0.46995, 0.0, 0.0, 0.0, 1.0],
                [0.755184, 0.0, -0.655513, 0.345434, -0.655513, 0.0, -0.755184, 2.052212, 0.0, 1.0, 0.0, 0.46995, 0.0, 0.0, 0.0, 1.0],
                [0.754687, 0.0, -0.656085, 0.346449, -0.656085, 0.0, -0.754687, 2.05432, 0.0, 1.0, 0.0, 0.46995, 0.0, 0.0, 0.0, 1.0],
                [0.754504, 0.0, -0.656296, 0.346823, -0.656296, 0.0, -0.754504, 2.055096, 0.0, 1.0, 0.0, 0.46995, 0.0, 0.0, 0.0, 1.0],
                [0.754477, 0.0, -0.656326, 0.346876, -0.656326, 0.0, -0.754477, 2.055207, 0.0, 1.0, 0.0, 0.46995, 0.0, 0.0, 0.0, 1.0],
                [0.754477, 0.0, -0.656326, 0.346876, -0.656326, 0.0, -0.754477, 2.055207, 0.0, 1.0, 0.0, 0.46995, 0.0, 0.0, 0.0, 1.0],
                [0.754477, 0.0, -0.656326, 0.346876, -0.656326, 0.0, -0.754477, 2.055207, 0.0, 1.0, 0.0, 0.46995, 0.0, 0.0, 0.0, 1.0],
                [0.754477, 0.0, -0.656326, 0.346876, -0.656326, 0.0, -0.754477, 2.055207, 0.0, 1.0, 0.0, 0.46995, 0.0, 0.0, 0.0, 1.0],
                [0.754477, 0.0, -0.656326, 0.346876, -0.656326, 0.0, -0.754477, 2.055207, 0.0, 1.0, 0.0, 0.46995, 0.0, 0.0, 0.0, 1.0],
                [0.754477, 0.0, -0.656326, 0.346876, -0.656326, 0.0, -0.754477, 2.055207, 0.0, 1.0, 0.0, 0.46995, 0.0, 0.0, 0.0, 1.0],
                [0.754477, 0.0, -0.656326, 0.346876, -0.656326, 0.0, -0.754477, 2.055207, 0.0, 1.0, 0.0, 0.46995, 0.0, 0.0, 0.0, 1.0],
                [0.754477, 0.0, -0.656326, 0.346876, -0.656326, 0.0, -0.754477, 2.055207, 0.0, 1.0, 0.0, 0.46995, 0.0, 0.0, 0.0, 1.0],
                [0.754477, 0.0, -0.656326, 0.346876, -0.656326, 0.0, -0.754477, 2.055207, 0.0, 1.0, 0.0, 0.46995, 0.0, 0.0, 0.0, 1.0],
                [0.754477, 0.0, -0.656326, 0.346876, -0.656326, 0.0, -0.754477, 2.055207, 0.0, 1.0, 0.0, 0.46995, 0.0, 0.0, 0.0, 1.0],
                [0.754477, 0.0, -0.656326, 0.346876, -0.656326, 0.0, -0.754477, 2.055207, 0.0, 1.0, 0.0, 0.46995, 0.0, 0.0, 0.0, 1.0],
                [0.755975, 0.0, -0.654601, 0.347101, -0.654601, 0.0, -0.755975, 2.056426, 0.0, 1.0, 0.0, 0.470935, 0.0, 0.0, 0.0, 1.0],
                [0.760312, 0.0, -0.649558, 0.347761, -0.649558, 0.0, -0.760312, 2.059973, 0.0, 1.0, 0.0, 0.4738, 0.0, 0.0, 0.0, 1.0],
                [0.767231, 0.0, -0.641371, 0.348839, -0.641371, 0.0, -0.767231, 2.065682, 0.0, 1.0, 0.0, 0.478412, 0.0, 0.0, 0.0, 1.0],
                [0.776449, 0.0, -0.630181, 0.350316, -0.630181, 0.0, -0.776449, 2.073385, 0.0, 1.0, 0.0, 0.484636, 0.0, 0.0, 0.0, 1.0],
                [0.787657, 0.0, -0.616113, 0.352174, -0.616113, 0.0, -0.787657, 2.082918, 0.0, 1.0, 0.0, 0.492337, 0.0, 0.0, 0.0, 1.0],
                [0.800534, 0.0, -0.599287, 0.354393, -0.599287, 0.0, -0.800534, 2.094114, 0.0, 1.0, 0.0, 0.501382, 0.0, 0.0, 0.0, 1.0],
                [0.814742, 0.0, -0.579824, 0.356955, -0.579824, 0.0, -0.814742, 2.106806, 0.0, 1.0, 0.0, 0.511636, 0.0, 0.0, 0.0, 1.0],
                [0.829938, 0.0, -0.557856, 0.359842, -0.557856, 0.0, -0.829938, 2.120828, 0.0, 1.0, 0.0, 0.522964, 0.0, 0.0, 0.0, 1.0],
                [0.845777, 0.0, -0.533537, 0.363034, -0.533537, 0.0, -0.845777, 2.136014, 0.0, 1.0, 0.0, 0.535233, 0.0, 0.0, 0.0, 1.0],
                [0.861921, 0.0, -0.507043, 0.366514, -0.507043, 0.0, -0.861921, 2.152198, 0.0, 1.0, 0.0, 0.548307, 0.0, 0.0, 0.0, 1.0],
                [0.878042, 0.0, -0.478584, 0.370263, -0.478584, 0.0, -0.878042, 2.169213, 0.0, 1.0, 0.0, 0.562053, 0.0, 0.0, 0.0, 1.0],
                [0.893834, 0.0, -0.448398, 0.374261, -0.448398, 0.0, -0.893834, 2.186893, 0.0, 1.0, 0.0, 0.576337, 0.0, 0.0, 0.0, 1.0],
                [0.909017, 0.0, -0.41676, 0.378491, -0.41676, 0.0, -0.909017, 2.205073, 0.0, 1.0, 0.0, 0.591023, 0.0, 0.0, 0.0, 1.0],
                [0.923344, 0.0, -0.383974, 0.382934, -0.383974, 0.0, -0.923344, 2.223584, 0.0, 1.0, 0.0, 0.605978, 0.0, 0.0, 0.0, 1.0],
                [0.93661, 0.0, -0.350373, 0.387571, -0.350373, 0.0, -0.93661, 2.242262, 0.0, 1.0, 0.0, 0.621068, 0.0, 0.0, 0.0, 1.0],
                [0.948654, 0.0, -0.316315, 0.392384, -0.316315, 0.0, -0.948654, 2.26094, 0.0, 1.0, 0.0, 0.636157, 0.0, 0.0, 0.0, 1.0],
                [0.959363, 0.0, -0.282175, 0.397353, -0.282175, 0.0, -0.959363, 2.279451, 0.0, 1.0, 0.0, 0.651112, 0.0, 0.0, 0.0, 1.0],
                [0.968673, 0.0, -0.24834, 0.402461, -0.24834, 0.0, -0.968673, 2.29763, 0.0, 1.0, 0.0, 0.665799, 0.0, 0.0, 0.0, 1.0],
                [0.97657, 0.0, -0.215201, 0.407689, -0.215201, 0.0, -0.97657, 2.31531, 0.0, 1.0, 0.0, 0.680082, 0.0, 0.0, 0.0, 1.0],
                [0.983085, 0.0, -0.183148, 0.413018, -0.183148, 0.0, -0.983085, 2.332326, 0.0, 1.0, 0.0, 0.693828, 0.0, 0.0, 0.0, 1.0],
                [0.988294, 0.0, -0.152564, 0.418429, -0.152564, 0.0, -0.988294, 2.348509, 0.0, 1.0, 0.0, 0.706903, 0.0, 0.0, 0.0, 1.0],
                [0.992305, 0.0, -0.12382, 0.423904, -0.12382, 0.0, -0.992305, 2.363695, 0.0, 1.0, 0.0, 0.719172, 0.0, 0.0, 0.0, 1.0],
                [0.995258, 0.0, -0.097272, 0.429425, -0.097272, 0.0, -0.995258, 2.377718, 0.0, 1.0, 0.0, 0.7305, 0.0, 0.0, 0.0, 1.0],
                [0.997313, 0.0, -0.073263, 0.434972, -0.073263, 0.0, -0.997313, 2.39041, 0.0, 1.0, 0.0, 0.740754, 0.0, 0.0, 0.0, 1.0],
                [0.998641, 0.0, -0.052117, 0.440527, -0.052117, 0.0, -0.998641, 2.401605, 0.0, 1.0, 0.0, 0.749798, 0.0, 0.0, 0.0, 1.0],
                [0.999417, 0.0, -0.034146, 0.446072, -0.034146, 0.0, -0.999417, 2.411138, 0.0, 1.0, 0.0, 0.7575, 0.0, 0.0, 0.0, 1.0],
                [0.999807, 0.0, -0.019654, 0.451588, -0.019654, 0.0, -0.999807, 2.418842, 0.0, 1.0, 0.0, 0.763723, 0.0, 0.0, 0.0, 1.0],
                [0.99996, 0.0, -0.008935, 0.457055, -0.008935, 0.0, -0.99996, 2.424551, 0.0, 1.0, 0.0, 0.768335, 0.0, 0.0, 0.0, 1.0],
                [0.999997, 0.0, -0.002284, 0.462457, -0.002284, 0.0, -0.999997, 2.428098, 0.0, 1.0, 0.0, 0.771201, 0.0, 0.0, 0.0, 1.0],
                [1.0, 0.0, 0.0, 0.467773, 0.0, 0.0, -1.0, 2.429317, 0.0, 1.0, 0.0, 0.772186, 0.0, 0.0, 0.0, 1.0],
                [1.0, 0.0, 0.0, 0.472988, 0.0, 0.0, -1.0, 2.429317, 0.0, 1.0, 0.0, 0.772085, 0.0, 0.0, 0.0, 1.0],
                [1.0, 0.0, 0.0, 0.478095, 0.0, 0.0, -1.0, 2.429317, 0.0, 1.0, 0.0, 0.771792, 0.0, 0.0, 0.0, 1.0],
                [1.0, 0.0, 0.0, 0.483088, 0.0, 0.0, -1.0, 2.429317, 0.0, 1.0, 0.0, 0.77132, 0.0, 0.0, 0.0, 1.0],
                [1.0, 0.0, 0.0, 0.487963, 0.0, 0.0, -1.0, 2.429317, 0.0, 1.0, 0.0, 0.770684, 0.0, 0.0, 0.0, 1.0],
                [1.0, 0.0, 0.0, 0.492716, 0.0, 0.0, -1.0, 2.429317, 0.0, 1.0, 0.0, 0.769896, 0.0, 0.0, 0.0, 1.0],
                [1.0, 0.0, 0.0, 0.497341, 0.0, 0.0, -1.0, 2.429317, 0.0, 1.0, 0.0, 0.768971, 0.0, 0.0, 0.0, 1.0],
                [1.0, 0.0, 0.0, 0.501833, 0.0, 0.0, -1.0, 2.429317, 0.0, 1.0, 0.0, 0.767922, 0.0, 0.0, 0.0, 1.0],
                [1.0, 0.0, 0.0, 0.506188, 0.0, 0.0, -1.0, 2.429317, 0.0, 1.0, 0.0, 0.766763, 0.0, 0.0, 0.0, 1.0],
                [1.0, 0.0, 0.0, 0.510402, 0.0, 0.0, -1.0, 2.429317, 0.0, 1.0, 0.0, 0.765508, 0.0, 0.0, 0.0, 1.0],
                [1.0, 0.0, 0.0, 0.514468, 0.0, 0.0, -1.0, 2.429317, 0.0, 1.0, 0.0, 0.76417, 0.0, 0.0, 0.0, 1.0],
                [1.0, 0.0, 0.0, 0.518383, 0.0, 0.0, -1.0, 2.429317, 0.0, 1.0, 0.0, 0.762764, 0.0, 0.0, 0.0, 1.0],
                [1.0, 0.0, 0.0, 0.522142, 0.0, 0.0, -1.0, 2.429317, 0.0, 1.0, 0.0, 0.761303, 0.0, 0.0, 0.0, 1.0],
                [1.0, 0.0, 0.0, 0.525739, 0.0, 0.0, -1.0, 2.429317, 0.0, 1.0, 0.0, 0.759801, 0.0, 0.0, 0.0, 1.0],
                [1.0, 0.0, 0.0, 0.52917, 0.0, 0.0, -1.0, 2.429317, 0.0, 1.0, 0.0, 0.758271, 0.0, 0.0, 0.0, 1.0],
                [1.0, 0.0, 0.0, 0.532431, 0.0, 0.0, -1.0, 2.429317, 0.0, 1.0, 0.0, 0.756727, 0.0, 0.0, 0.0, 1.0],
                [1.0, 0.0, 0.0, 0.535515, 0.0, 0.0, -1.0, 2.429317, 0.0, 1.0, 0.0, 0.755184, 0.0, 0.0, 0.0, 1.0],
                [1.0, 0.0, 0.0, 0.53842, 0.0, 0.0, -1.0, 2.429317, 0.0, 1.0, 0.0, 0.753654, 0.0, 0.0, 0.0, 1.0],
                [1.0, 0.0, 0.0, 0.541139, 0.0, 0.0, -1.0, 2.429317, 0.0, 1.0, 0.0, 0.752152, 0.0, 0.0, 0.0, 1.0],
                [1.0, 0.0, 0.0, 0.543669, 0.0, 0.0, -1.0, 2.429317, 0.0, 1.0, 0.0, 0.75069, 0.0, 0.0, 0.0, 1.0],
                [1.0, 0.0, 0.0, 0.546003, 0.0, 0.0, -1.0, 2.429317, 0.0, 1.0, 0.0, 0.749284, 0.0, 0.0, 0.0, 1.0],
                [1.0, 0.0, 0.0, 0.548138, 0.0, 0.0, -1.0, 2.429317, 0.0, 1.0, 0.0, 0.747947, 0.0, 0.0, 0.0, 1.0],
                [1.0, 0.0, 0.0, 0.550069, 0.0, 0.0, -1.0, 2.429317, 0.0, 1.0, 0.0, 0.746692, 0.0, 0.0, 0.0, 1.0],
                [1.0, 0.0, 0.0, 0.55179, 0.0, 0.0, -1.0, 2.429317, 0.0, 1.0, 0.0, 0.745533, 0.0, 0.0, 0.0, 1.0],
                [1.0, 0.0, 0.0, 0.553298, 0.0, 0.0, -1.0, 2.429317, 0.0, 1.0, 0.0, 0.744484, 0.0, 0.0, 0.0, 1.0],
                [1.0, 0.0, 0.0, 0.554587, 0.0, 0.0, -1.0, 2.429317, 0.0, 1.0, 0.0, 0.743559, 0.0, 0.0, 0.0, 1.0],
                [1.0, 0.0, 0.0, 0.555652, 0.0, 0.0, -1.0, 2.429317, 0.0, 1.0, 0.0, 0.742771, 0.0, 0.0, 0.0, 1.0],
                [1.0, 0.0, 0.0, 0.556489, 0.0, 0.0, -1.0, 2.429317, 0.0, 1.0, 0.0, 0.742134, 0.0, 0.0, 0.0, 1.0],
                [1.0, 0.0, 0.0, 0.557092, 0.0, 0.0, -1.0, 2.429317, 0.0, 1.0, 0.0, 0.741663, 0.0, 0.0, 0.0, 1.0],
                [1.0, 0.0, 0.0, 0.557458, 0.0, 0.0, -1.0, 2.429317, 0.0, 1.0, 0.0, 0.741369, 0.0, 0.0, 0.0, 1.0],
                [1.0, 0.0, 0.0, 0.557581, 0.0, 0.0, -1.0, 2.429317, 0.0, 1.0, 0.0, 0.741269, 0.0, 0.0, 0.0, 1.0]
            ]
        },
        {
            "name": "Thigh_R",
            "time": [0.0, 0.0167, 0.0333, 0.05, 0.0667, 0.0833, 0.1, 0.1167, 0.1333, 0.15, 0.1667, 0.1833, 0.2, 0.2167, 0.2333, 0.25, 0.2667, 0.2833, 0.3, 0.3167, 0.3333, 0.35, 0.3667, 0.3833, 0.4, 0.4167, 0.4333, 0.45, 0.4667, 0.4833, 0.5, 0.5167, 0.5333, 0.55, 0.5667, 0.5833, 0.6, 0.6167, 0.6333, 0.65, 0.6667, 0.6833, 0.7, 0.7167, 0.7333, 0.75, 0.7667, 0.7833, 0.8, 0.8167, 0.8333, 0.85, 0.8667, 0.8833, 0.9, 0.9167, 0.9333, 0.95, 0.9667, 0.9833, 1.0, 1.0167, 1.0333, 1.05, 1.0667, 1.0833, 1.1, 1.1167, 1.1333, 1.15, 1.1667, 1.1833, 1.2, 1.2167, 1.2333, 1.25, 1.2667, 1.2833, 1.3, 1.3167, 1.3333, 1.35, 1.3667, 1.3833, 1.4, 1.4167, 1.4333, 1.45, 1.4667, 1.4833, 1.5, 1.5167, 1.5333, 1.55, 1.5667, 1.5833, 1.6, 1.6167, 1.6333, 1.65, 1.6667, 1.6833, 1.7, 1.7167, 1.7333, 1.75],
            "transform": [
                [0.772828, 0.400161, 0.492551, 0.124994, 0.107024, -0.847206, 0.52037, -0.002831, 0.625525, -0.349441, -0.697574, -1.2e-05, 0.0, 0.0, 0.0, 1.0],
                [0.777236, 0.39627, 0.488748, 0.124994, 0.105949, -0.848095, 0.51914, -0.002831, 0.620225, -0.351711, -0.701156, -1.2e-05, 0.0, 0.0, 0.0, 1.0],
                [0.789411, 0.385113, 0.478034, 0.124994, 0.103041, -0.850808, 0.515272, -0.002831, 0.605154, -0.357503, -0.711322, -1.2e-05, 0.0, 0.0, 0.0, 1.0],
                [0.807595, 0.367409, 0.461302, 0.124994, 0.09869, -0.855382, 0.508506, -0.002831, 0.58142, -0.36514, -0.727064, -1.2e-05, 0.0, 0.0, 0.0, 1.0],
                [0.829891, 0.343898, 0.439334, 0.124994, 0.093192, -0.861821, 0.498575, -0.002831, 0.550086, -0.37282, -0.747268, -1.2e-05, 0.0, 0.0, 0.0, 1.0],
                [0.854407, 0.315438, 0.412901, 0.124994, 0.086767, -0.8701, 0.485175, -0.002831, 0.512308, -0.378709, -0.770791, -1.2e-05, 0.0, 0.0, 0.0, 1.0],
                [0.879376, 0.283064, 0.382846, 0.124994, 0.079591, -0.880162, 0.46795, -0.002831, 0.469427, -0.381032, -0.796525, -1.2e-05, 0.0, 0.0, 0.0, 1.0],
                [0.903276, 0.247999, 0.350125, 0.124994, 0.071818, -0.891907, 0.446476, -0.002831, 0.423005, -0.378145, -0.823452, -1.2e-05, 0.0, 0.0, 0.0, 1.0],
                [0.924913, 0.211629, 0.315829, 0.124994, 0.063614, -0.905177, 0.420244, -0.002831, 0.374818, -0.368597, -0.850675, -1.2e-05, 0.0, 0.0, 0.0, 1.0],
                [0.94348, 0.175437, 0.281186, 0.124994, 0.055192, -0.919729, 0.388649, -0.002831, 0.326799, -0.351162, -0.877432, -1.2e-05, 0.0, 0.0, 0.0, 1.0],
                [0.958572, 0.14092, 0.247548, 0.124994, 0.046849, -0.935211, 0.350973, -0.002831, 0.280969, -0.324835, -0.903072, -1.2e-05, 0.0, 0.0, 0.0, 1.0],
                [0.970149, 0.1095, 0.216381, 0.124994, 0.039017, -0.951108, 0.306378, -0.002831, 0.23935, -0.288789, -0.926991, -1.2e-05, 0.0, 0.0, 0.0, 1.0],
                [0.978459, 0.082426, 0.18927, 0.124994, 0.032319, -0.966685, 0.253912, -0.002831, 0.203894, -0.242325, -0.948529, -1.2e-05, 0.0, 0.0, 0.0, 1.0],
                [0.983928, 0.060692, 0.167935, 0.124994, 0.027645, -0.980899, 0.192535, -0.002831, 0.176413, -0.184797, -0.966814, -1.2e-05, 0.0, 0.0, 0.0, 1.0],
                [0.987007, 0.044937, 0.154261, 0.124994, 0.026236, -0.99228, 0.121197, -0.002831, 0.158516, -0.115575, -0.980569, -1.2e-05, 0.0, 0.0, 0.0, 1.0],
                [0.988004, 0.035333, 0.150329, 0.124994, 0.029785, -0.998793, 0.039001, -0.002831, 0.151526, -0.034055, -0.987867, -1.2e-05, 0.0, 0.0, 0.0, 1.0],
                [0.980463, 0.079292, 0.180012, 0.124994, 0.097878, -0.990476, -0.096816, -0.002831, 0.170621, 0.112544, -0.978889, -1.2e-05, 0.0, 0.0, 0.0, 1.0],
                [0.94666, 0.182577, 0.265516, 0.124994, 0.25811, -0.922929, -0.285617, -0.002831, 0.192905, 0.338914, -0.920828, -1.2e-05, 0.0, 0.0, 0.0, 1.0],
                [0.878967, 0.278584, 0.387049, 0.124994, 0.44341, -0.776139, -0.448323, -0.002831, 0.175508, 0.565682, -0.80573, -1.2e-05, 0.0, 0.0, 0.0, 1.0],
                [0.804694, 0.328649, 0.494426, 0.124994, 0.579808, -0.614075, -0.535474, -0.002831, 0.127632, 0.717564, -0.684697, -1.2e-05, 0.0, 0.0, 0.0, 1.0],
                [0.770439, 0.341064, 0.538608, 0.124994, 0.629568, -0.54001, -0.558598, -0.002831, 0.100336, 0.769455, -0.630769, -1.2e-05, 0.0, 0.0, 0.0, 1.0],
                [0.770439, 0.341064, 0.538608, 0.124994, 0.629568, -0.54001, -0.558598, -0.002831, 0.100336, 0.769455, -0.630769, -1.2e-05, 0.0, 0.0, 0.0, 1.0],
                [0.770439, 0.341064, 0.538608, 0.124994, 0.629568, -0.54001, -0.558598, -0.002831, 0.100336, 0.769455, -0.630769, -1.2e-05, 0.0, 0.0, 0.0, 1.0],
                [0.770439, 0.341064, 0.538608, 0.124994, 0.629568, -0.54001, -0.558598, -0.002831, 0.100336, 0.769455, -0.630769, -1.2e-05, 0.0, 0.0, 0.0, 1.0],
                [0.770439, 0.341064, 0.538608, 0.124994, 0.629568, -0.54001, -0.558598, -0.002831, 0.100336, 0.769455, -0.630769, -1.2e-05, 0.0, 0.0, 0.0, 1.0],
                [0.770439, 0.341064, 0.538608, 0.124994, 0.629568, -0.54001, -0.558598, -0.002831, 0.100336, 0.769455, -0.630769, -1.2e-05, 0.0, 0.0, 0.0, 1.0],
                [0.770439, 0.341064, 0.538608, 0.124994, 0.629568, -0.54001, -0.558598, -0.002831, 0.100336, 0.769455, -0.630769, -1.2e-05, 0.0, 0.0, 0.0, 1.0],
                [0.770439, 0.341064, 0.538608, 0.124994, 0.629568, -0.54001, -0.558598, -0.002831, 0.100336, 0.769455, -0.630769, -1.2e-05, 0.0, 0.0, 0.0, 1.0],
                [0.770439, 0.341064, 0.538608, 0.124994, 0.629568, -0.54001, -0.558598, -0.002831, 0.100336, 0.769455, -0.630769, -1.2e-05, 0.0, 0.0, 0.0, 1.0],
                [0.770439, 0.341064, 0.538608, 0.124994, 0.629568, -0.54001, -0.558598, -0.002831, 0.100336, 0.769455, -0.630769, -1.2e-05, 0.0, 0.0, 0.0, 1.0],
                [0.770439, 0.341064, 0.538608, 0.124994, 0.629568, -0.54001, -0.558598, -0.002831, 0.100336, 0.769455, -0.630769, -1.2e-05, 0.0, 0.0, 0.0, 1.0],
                [0.770439, 0.341064, 0.538608, 0.124994, 0.629568, -0.54001, -0.558598, -0.002831, 0.100336, 0.769455, -0.630769, -1.2e-05, 0.0, 0.0, 0.0, 1.0],
                [0.770439, 0.341064, 0.538608, 0.124994, 0.629568, -0.54001, -0.558598, -0.002831, 0.100336, 0.769455, -0.630769, -1.2e-05, 0.0, 0.0, 0.0, 1.0],
                [0.770439, 0.341064, 0.538608, 0.124994, 0.629568, -0.54001, -0.558598, -0.002831, 0.100336, 0.769455, -0.630769, -1.2e-05, 0.0, 0.0, 0.0, 1.0],
                [0.770439, 0.341064, 0.538608, 0.124994, 0.629568, -0.54001, -0.558598, -0.002831, 0.100336, 0.769455, -0.630769, -1.2e-05, 0.0, 0.0, 0.0, 1.0],
                [0.770439, 0.341064, 0.538608, 0.124994, 0.629568, -0.54001, -0.558598, -0.002831, 0.100336, 0.769455, -0.630769, -1.2e-05, 0.0, 0.0, 0.0, 1.0],
                [0.770439, 0.341064, 0.538608, 0.124994, 0.629568, -0.54001, -0.558598, -0.002831, 0.100336, 0.769455, -0.630769, -1.2e-05, 0.0, 0.0, 0.0, 1.0],
                [0.770439, 0.341064, 0.538608, 0.124994, 0.629568, -0.54001, -0.558598, -0.002831, 0.100336, 0.769455, -0.630769, -1.2e-05, 0.0, 0.0, 0.0, 1.0],
                [0.770439, 0.341064, 0.538608, 0.124994, 0.629568, -0.54001, -0.558598, -0.002831, 0.100336, 0.769455, -0.630769, -1.2e-05, 0.0, 0.0, 0.0, 1.0],
                [0.770439, 0.341064, 0.538608, 0.124994, 0.629568, -0.54001, -0.558598, -0.002831, 0.100336, 0.769455, -0.630769, -1.2e-05, 0.0, 0.0, 0.0, 1.0],
                [0.770439, 0.341064, 0.538608, 0.124994, 0.629568, -0.54001, -0.558598, -0.002831, 0.100336, 0.769455, -0.630769, -1.2e-05, 0.0, 0.0, 0.0, 1.0],
                [0.770439, 0.341064, 0.538608, 0.124994, 0.629568, -0.54001, -0.558598, -0.002831, 0.100336, 0.769455, -0.630769, -1.2e-05, 0.0, 0.0, 0.0, 1.0],
                [0.770439, 0.341064, 0.538608, 0.124994, 0.629568, -0.54001, -0.558598, -0.002831, 0.100336, 0.769455, -0.630769, -1.2e-05, 0.0, 0.0, 0.0, 1.0],
                [0.770439, 0.341064, 0.538608, 0.124994, 0.629568, -0.54001, -0.558598, -0.002831, 0.100336, 0.769455, -0.630769, -1.2e-05, 0.0, 0.0, 0.0, 1.0],
                [0.770439, 0.341064, 0.538608, 0.124994, 0.629568, -0.54001, -0.558598, -0.002831, 0.100336, 0.769455, -0.630769, -1.2e-05, 0.0, 0.0, 0.0, 1.0],
                [0.770439, 0.341064, 0.538608, 0.124994, 0.629568, -0.54001, -0.558598, -0.002831, 0.100336, 0.769455, -0.630769, -1.2e-05, 0.0, 0.0, 0.0, 1.0],
                [0.770658, 0.34107, 0.538291, 0.124994, 0.629256, -0.540672, -0.55831, -0.002831, 0.100616, 0.768987, -0.631294, -1.2e-05, 0.0, 0.0, 0.0, 1.0],
                [0.771303, 0.341087, 0.537355, 0.124994, 0.628331, -0.542626, -0.557455, -0.002831, 0.101442, 0.767602, -0.632846, -1.2e-05, 0.0, 0.0, 0.0, 1.0],
                [0.772362, 0.341108, 0.535819, 0.124994, 0.62681, -0.545825, -0.556043, -0.002831, 0.102793, 0.765321, -0.635385, -1.2e-05, 0.0, 0.0, 0.0, 1.0],
                [0.773818, 0.341125, 0.533702, 0.124994, 0.624703, -0.550218, -0.554079, -0.002831, 0.104642, 0.762161, -0.638873, -1.2e-05, 0.0, 0.0, 0.0, 1.0],
                [0.775659, 0.341128, 0.531022, 0.124994, 0.622022, -0.555754, -0.551565, -0.002831, 0.106964, 0.758133, -0.643266, -1.2e-05, 0.0, 0.0, 0.0, 1.0],
                [0.777869, 0.341101, 0.527797, 0.124994, 0.618772, -0.56238, -0.548497, -0.002831, 0.10973, 0.753243, -0.648523, -1.2e-05, 0.0, 0.0, 0.0, 1.0],
                [0.780434, 0.341029, 0.524044, 0.124994, 0.614959, -0.570038, -0.544868, -0.002831, 0.112909, 0.747497, -0.654597, -1.2e-05, 0.0, 0.0, 0.0, 1.0],
                [0.783338, 0.340895, 0.51978, 0.124994, 0.610586, -0.578671, -0.540669, -0.002831, 0.11647, 0.740896, -0.661442, -1.2e-05, 0.0, 0.0, 0.0, 1.0],
                [0.786567, 0.340679, 0.515023, 0.124994, 0.605656, -0.588219, -0.535889, -0.002831, 0.12038, 0.733438, -0.66901, -1.2e-05, 0.0, 0.0, 0.0, 1.0],
                [0.790106, 0.340362, 0.50979, 0.124994, 0.600172, -0.59862, -0.530515, -0.002831, 0.124604, 0.725123, -0.67725, -1.2e-05, 0.0, 0.0, 0.0, 1.0],
                [0.793937, 0.339921, 0.5041, 0.124994, 0.594134, -0.609809, -0.524534, -0.002831, 0.129105, 0.715949, -0.68611, -1.2e-05, 0.0, 0.0, 0.0, 1.0],
                [0.798044, 0.339336, 0.497971, 0.124994, 0.587545, -0.62172, -0.517931, -0.002831, 0.133846, 0.705912, -0.695537, -1.2e-05, 0.0, 0.0, 0.0, 1.0],
                [0.802411, 0.338584, 0.491424, 0.124994, 0.580409, -0.634283, -0.510694, -0.002831, 0.138789, 0.695012, -0.705475, -1.2e-05, 0.0, 0.0, 0.0, 1.0],
                [0.807018, 0.337643, 0.484478, 0.124994, 0.572727, -0.647429, -0.50281, -0.002831, 0.143894, 0.683249, -0.715865, -1.2e-05, 0.0, 0.0, 0.0, 1.0],
                [0.811847, 0.336491, 0.477156, 0.124994, 0.564505, -0.661083, -0.494268, -0.002831, 0.149122, 0.670626, -0.726651, -1.2e-05, 0.0, 0.0, 0.0, 1.0],
                [0.816879, 0.335107, 0.46948, 0.124994, 0.555751, -0.675172, -0.485059, -0.002831, 0.154433, 0.657147, -0.737771, -1.2e-05, 0.0, 0.0, 0.0, 1.0],
                [0.822093, 0.333471, 0.461475, 0.124994, 0.546472, -0.689619, -0.475176, -0.002831, 0.159785, 0.642821, -0.749165, -1.2e-05, 0.0, 0.0, 0.0, 1.0],
                [0.827468, 0.331564, 0.453168, 0.124994, 0.53668, -0.704347, -0.464616, -0.002831, 0.165137, 0.62766, -0.76077, -1.2e-05, 0.0, 0.0, 0.0, 1.0],
                [0.832983, 0.329368, 0.444584, 0.124994, 0.526388, -0.719278, -0.453379, -0.002831, 0.170451, 0.61168, -0.772524, -1.2e-05, 0.0, 0.0, 0.0, 1.0],
                [0.838616, 0.326867, 0.435752, 0.124994, 0.515612, -0.734334, -0.441469, -0.002831, 0.175686, 0.594902, -0.784363, -1.2e-05, 0.0, 0.0, 0.0, 1.0],
                [0.844345, 0.324048, 0.426702, 0.124994, 0.504373, -0.749436, -0.428895, -0.002831, 0.180803, 0.577351, -0.796225, -1.2e-05, 0.0, 0.0, 0.0, 1.0],
                [0.850145, 0.3209, 0.417464, 0.124994, 0.492691, -0.764508, -0.41567, -0.002831, 0.185766, 0.559059, -0.808049, -1.2e-05, 0.0, 0.0, 0.0, 1.0],
                [0.855994, 0.317416, 0.40807, 0.124994, 0.480592, -0.779472, -0.40181, -0.002831, 0.190538, 0.540062, -0.819773, -1.2e-05, 0.0, 0.0, 0.0, 1.0],
                [0.861869, 0.313588, 0.398552, 0.124994, 0.468105, -0.794256, -0.38734, -0.002831, 0.195087, 0.5204, -0.831339, -1.2e-05, 0.0, 0.0, 0.0, 1.0],
                [0.867746, 0.309416, 0.388945, 0.124994, 0.455262, -0.808787, -0.372287, -0.002831, 0.199382, 0.500122, -0.842689, -1.2e-05, 0.0, 0.0, 0.0, 1.0],
                [0.873602, 0.3049, 0.379281, 0.124994, 0.442096, -0.822998, -0.356683, -0.002831, 0.203395, 0.479278, -0.85377, -1.2e-05, 0.0, 0.0, 0.0, 1.0],
                [0.879416, 0.300044, 0.369595, 0.124994, 0.428645, -0.836823, -0.340569, -0.002831, 0.2071, 0.457926, -0.86453, -1.2e-05, 0.0, 0.0, 0.0, 1.0],
                [0.885165, 0.294857, 0.359919, 0.124994, 0.414949, -0.850205, -0.323984, -0.002831, 0.210476, 0.436127, -0.874924, -1.2e-05, 0.0, 0.0, 0.0, 1.0],
                [0.890828, 0.289349, 0.350287, 0.124994, 0.401049, -0.863088, -0.306979, -0.002831, 0.213505, 0.413948, -0.884908, -1.2e-05, 0.0, 0.0, 0.0, 1.0],
                [0.896386, 0.283536, 0.340733, 0.124994, 0.38699, -0.875423, -0.289604, -0.002831, 0.216172, 0.391457, -0.894444, -1.2e-05, 0.0, 0.0, 0.0, 1.0],
                [0.901819, 0.277435, 0.331287, 0.124994, 0.372817, -0.887167, -0.271915, -0.002831, 0.218468, 0.368727, -0.9035, -1.2e-05, 0.0, 0.0, 0.0, 1.0],
                [0.907111, 0.271067, 0.32198, 0.124994, 0.358578, -0.898286, -0.253971, -0.002831, 0.220387, 0.345835, -0.912046, -1.2e-05, 0.0, 0.0, 0.0, 1.0],
                [0.912246, 0.264456, 0.312841, 0.124994, 0.34432, -0.908748, -0.235835, -0.002831, 0.221926, 0.322857, -0.920061, -1.2e-05, 0.0, 0.0, 0.0, 1.0],
                [0.917209, 0.25763, 0.303898, 0.124994, 0.33009, -0.918531, -0.217571, -0.002831, 0.223088, 0.299871, -0.927529, -1.2e-05, 0.0, 0.0, 0.0, 1.0],
                [0.921987, 0.250617, 0.295177, 0.124994, 0.315938, -0.927621, -0.199245, -0.002831, 0.223878, 0.276959, -0.934437, -1.2e-05, 0.0, 0.0, 0.0, 1.0],
                [0.926571, 0.243449, 0.2867, 0.124994, 0.301912, -0.936008, -0.180925, -0.002831, 0.224308, 0.254198, -0.940782, -1.2e-05, 0.0, 0.0, 0.0, 1.0],
                [0.930952, 0.23616, 0.278489, 0.124994, 0.288058, -0.943692, -0.162679, -0.002831, 0.22439, 0.231668, -0.946562, -1.2e-05, 0.0, 0.0, 0.0, 1.0],
                [0.935121, 0.228785, 0.270564, 0.124994, 0.274422, -0.950677, -0.144577, -0.002831, 0.224142, 0.209446, -0.951784, -1.2e-05, 0.0, 0.0, 0.0, 1.0],
                [0.939075, 0.221359, 0.26294, 0.124994, 0.261051, -0.956974, -0.126686, -0.002831, 0.223584, 0.187609, -0.956459, -1.2e-05, 0.0, 0.0, 0.0, 1.0],
                [0.942809, 0.213921, 0.255633, 0.124994, 0.247987, -0.962601, -0.109074, -0.002831, 0.22274, 0.16623, -0.960601, -1.2e-05, 0.0, 0.0, 0.0, 1.0],
                [0.946322, 0.206507, 0.248655, 0.124994, 0.235271, -0.967582, -0.091808, -0.002831, 0.221635, 0.145381, -0.964232, -1.2e-05, 0.0, 0.0, 0.0, 1.0],
                [0.949612, 0.199158, 0.242016, 0.124994, 0.222944, -0.971943, -0.074951, -0.002831, 0.220299, 0.125131, -0.967373, -1.2e-05, 0.0, 0.0, 0.0, 1.0],
                [0.952683, 0.19191, 0.235723, 0.124994, 0.211043, -0.975719, -0.058567, -0.002831, 0.21876, 0.105544, -0.970054, -1.2e-05, 0.0, 0.0, 0.0, 1.0],
                [0.955535, 0.184802, 0.229783, 0.124994, 0.199603, -0.978943, -0.042718, -0.002831, 0.217051, 0.086684, -0.972304, -1.2e-05, 0.0, 0.0, 0.0, 1.0],
                [0.958173, 0.177872, 0.224201, 0.124994, 0.188658, -0.981657, -0.02746, -0.002831, 0.215204, 0.068609, -0.974156, -1.2e-05, 0.0, 0.0, 0.0, 1.0],
                [0.9606, 0.171157, 0.218978, 0.124994, 0.17824, -0.983901, -0.012851, -0.002831, 0.213253, 0.051376, -0.975645, -1.2e-05, 0.0, 0.0, 0.0, 1.0],
                [0.962824, 0.164694, 0.214116, 0.124994, 0.168377, -0.98572, 0.001055, -0.002831, 0.211232, 0.035037, -0.976808, -1.2e-05, 0.0, 0.0, 0.0, 1.0],
                [0.964849, 0.158518, 0.209615, 0.124994, 0.159098, -0.987158, 0.014207, -0.002831, 0.209176, 0.019642, -0.977681, -1.2e-05, 0.0, 0.0, 0.0, 1.0],
                [0.966681, 0.152664, 0.205475, 0.124994, 0.150428, -0.988262, 0.026556, -0.002831, 0.207117, 0.005239, -0.978302, -1.2e-05, 0.0, 0.0, 0.0, 1.0],
                [0.968329, 0.147165, 0.201693, 0.124994, 0.142393, -0.989076, 0.038053, -0.002831, 0.205091, -0.008128, -0.97871, -1.2e-05, 0.0, 0.0, 0.0, 1.0],
                [0.969798, 0.142054, 0.19827, 0.124994, 0.135015, -0.989646, 0.048655, -0.002831, 0.203129, -0.020415, -0.97894, -1.2e-05, 0.0, 0.0, 0.0, 1.0],
                [0.971096, 0.137363, 0.195201, 0.124994, 0.128318, -0.990015, 0.058315, -0.002831, 0.201263, -0.031581, -0.979028, -1.2e-05, 0.0, 0.0, 0.0, 1.0],
                [0.972227, 0.133122, 0.192488, 0.124994, 0.122323, -0.990225, 0.066993, -0.002831, 0.199524, -0.041586, -0.97901, -1.2e-05, 0.0, 0.0, 0.0, 1.0],
                [0.973199, 0.12936, 0.190127, 0.124994, 0.117052, -0.990314, 0.074646, -0.002831, 0.197942, -0.05039, -0.978918, -1.2e-05, 0.0, 0.0, 0.0, 1.0],
                [0.974016, 0.126105, 0.18812, 0.124994, 0.112528, -0.99032, 0.081234, -0.002831, 0.196543, -0.057954, -0.978781, -1.2e-05, 0.0, 0.0, 0.0, 1.0],
                [0.974682, 0.123386, 0.186467, 0.124994, 0.108771, -0.990275, 0.086716, -0.002831, 0.195353, -0.064237, -0.978627, -1.2e-05, 0.0, 0.0, 0.0, 1.0],
                [0.9752, 0.121229, 0.185171, 0.124994, 0.105806, -0.990207, 0.091051, -0.002831, 0.194395, -0.069201, -0.97848, -1.2e-05, 0.0, 0.0, 0.0, 1.0],
                [0.975571, 0.119658, 0.184235, 0.124994, 0.103656, -0.99014, 0.0942, -0.002831, 0.193691, -0.072801, -0.978358, -1.2e-05, 0.0, 0.0, 0.0, 1.0],
                [0.975795, 0.118698, 0.183668, 0.124994, 0.102346, -0.990092, 0.09612, -0.002831, 0.193257, -0.074995, -0.978278, -1.2e-05, 0.0, 0.0, 0.0, 1.0],
                [0.975871, 0.118373, 0.183476, 0.124994, 0.101903, -0.990074, 0.096769, -0.002831, 0.19311, -0.075737, -0.97825, -1.2e-05, 0.0, 0.0, 0.0, 1.0]
            ]
        },
        {
            "name": "Leg_R",
            "time": [0.0, 0.0167, 0.0333, 0.05, 0.0667, 0.0833, 0.1, 0.1167, 0.1333, 0.15, 0.1667, 0.1833, 0.2, 0.2167, 0.2333, 0.25, 0.2667, 0.2833, 0.3, 0.3167, 0.3333, 0.35, 0.3667, 0.3833, 0.4, 0.4167, 0.4333, 0.45, 0.4667, 0.4833, 0.5, 0.5167, 0.5333, 0.55, 0.5667, 0.5833, 0.6, 0.6167, 0.6333, 0.65, 0.6667, 0.6833, 0.7, 0.7167, 0.7333, 0.75, 0.7667, 0.7833, 0.8, 0.8167, 0.8333, 0.85, 0.8667, 0.8833, 0.9, 0.9167, 0.9333, 0.95, 0.9667, 0.9833, 1.0, 1.0167, 1.0333, 1.05, 1.0667, 1.0833, 1.1, 1.1167, 1.1333, 1.15, 1.1667, 1.1833, 1.2, 1.2167, 1.2333, 1.25, 1.2667, 1.2833, 1.3, 1.3167, 1.3333, 1.35, 1.3667, 1.3833, 1.4, 1.4167, 1.4333, 1.45, 1.4667, 1.4833, 1.5, 1.5167, 1.5333, 1.55, 1.5667, 1.5833, 1.6, 1.6167, 1.6333, 1.65, 1.6667, 1.6833, 1.7, 1.7167, 1.7333, 1.75],
            "transform": [
                [1.0, -0.0, 1e-06, -0.0, -0.0, 0.776281, 0.630387, 0.37472, -1e-06, -0.630388, 0.77628, 0.0, 0.0, 0.0, 0.0, 1.0],
                [1.0, -0.0, 1e-06, -0.0, -0.0, 0.781026, 0.624499, 0.37472, -1e-06, -0.6245, 0.781024, 0.0, 0.0, 0.0, 0.0, 1.0],
                [1.0, -0.0, 1e-06, -0.0, -0.0, 0.794178, 0.607686, 0.37472, -1e-06, -0.607686, 0.794177, 0.0, 0.0, 0.0, 0.0, 1.0],
                [1.0, -0.0, 1e-06, -0.0, -0.0, 0.813901, 0.581004, 0.37472, -1e-06, -0.581005, 0.813899, -0.0, 0.0, 0.0, 0.0, 1.0],
                [1.0, -0.0, 1e-06, 0.0, -0.0, 0.838167, 0.545414, 0.37472, -1e-06, -0.545415, 0.838166, 0.0, 0.0, 0.0, 0.0, 1.0],
                [1.0, -0.0, 1e-06, 0.0, -0.0, 0.86488, 0.501979, 0.37472, -1e-06, -0.50198, 0.864879, 0.0, 0.0, 0.0, 0.0, 1.0],
                [1.0, -0.0, 1e-06, -0.0, -0.0, 0.892005, 0.452026, 0.37472, -1e-06, -0.452027, 0.892004, -0.0, 0.0, 0.0, 0.0, 1.0],
                [1.0, -0.0, 1e-06, -0.0, -0.0, 0.917718, 0.397234, 0.37472, -1e-06, -0.397235, 0.917716, 0.0, 0.0, 0.0, 0.0, 1.0],
                [1.0, -0.0, 1e-06, -0.0, -0.0, 0.940554, 0.339645, 0.37472, -1e-06, -0.339645, 0.940553, 0.0, 0.0, 0.0, 0.0, 1.0],
                [1.0, 0.0, 1e-06, -0.0, -0.0, 0.95953, 0.281607, 0.37472, -1e-06, -0.281608, 0.959529, -0.0, 0.0, 0.0, 0.0, 1.0],
                [1.0, 0.0, 1e-06, -0.0, -0.0, 0.974205, 0.225669, 0.37472, -1e-06, -0.225669, 0.974203, -0.0, 0.0, 0.0, 0.0, 1.0],
                [1.0, 0.0, 1e-06, 0.0, -0.0, 0.984668, 0.174443, 0.37472, -1e-06, -0.174443, 0.984666, -0.0, 0.0, 0.0, 0.0, 1.0],
                [1.0, 0.0, 1e-06, 0.0, -0.0, 0.991449, 0.130498, 0.37472, -1e-06, -0.130498, 0.991448, 0.0, 0.0, 0.0, 0.0, 1.0],
                [1.0, 0.0, 1e-06, 0.0, -0.0, 0.995355, 0.096285, 0.37472, -1e-06, -0.096285, 0.995353, 0.0, 0.0, 0.0, 0.0, 1.0],
                [1.0, 0.0, 1e-06, -0.0, -0.0, 0.99725, 0.074126, 0.37472, -1e-06, -0.074126, 0.997248, -0.0, 0.0, 0.0, 0.0, 1.0],
                [1.0, 0.0, 1e-06, 0.0, -0.0, 0.997804, 0.066251, 0.37472, -1e-06, -0.066251, 0.997802, 0.0, 0.0, 0.0, 0.0, 1.0],
                [1.0, 0.0, 1e-06, -0.0, -0.0, 0.997804, 0.066251, 0.37472, -1e-06, -0.066251, 0.997802, -0.0, 0.0, 0.0, 0.0, 1.0],
                [1.0, 0.0, 1e-06, -0.0, -0.0, 0.997804, 0.066251, 0.37472, -1e-06, -0.066251, 0.997802, 0.0, 0.0, 0.0, 0.0, 1.0],
                [1.0, 0.0, 1e-06, 0.0, -0.0, 0.997804, 0.066251, 0.37472, -1e-06, -0.066251, 0.997802, 0.0, 0.0, 0.0, 0.0, 1.0],
                [1.0, 0.0, 1e-06, -0.0, -0.0, 0.997804, 0.066251, 0.37472, -1e-06, -0.066251, 0.997802, 0.0, 0.0, 0.0, 0.0, 1.0],
                [1.0, 0.0, 1e-06, 0.0, -0.0, 0.997804, 0.066251, 0.37472, -1e-06, -0.066252, 0.997802, 0.0, 0.0, 0.0, 0.0, 1.0],
                [1.0, 0.0, 1e-06, 0.0, -0.0, 0.997804, 0.066251, 0.37472, -1e-06, -0.066251, 0.997802, 0.0, 0.0, 0.0, 0.0, 1.0],
                [1.0, 0.0, 1e-06, 0.0, -0.0, 0.997804, 0.066251, 0.37472, -1e-06, -0.066251, 0.997802, 0.0, 0.0, 0.0, 0.0, 1.0],
                [1.0, 0.0, 1e-06, 0.0, -0.0, 0.997804, 0.066251, 0.37472, -1e-06, -0.066251, 0.997802, 0.0, 0.0, 0.0, 0.0, 1.0],
                [1.0, 0.0, 1e-06, 0.0, -0.0, 0.997804, 0.066251, 0.37472, -1e-06, -0.066252, 0.997802, -0.0, 0.0, 0.0, 0.0, 1.0],
                [1.0, 0.0, 1e-06, 0.0, -0.0, 0.997804, 0.066251, 0.37472, -1e-06, -0.066251, 0.997802, 0.0, 0.0, 0.0, 0.0, 1.0],
                [1.0, 0.0, 1e-06, 0.0, -0.0, 0.997803, 0.066251, 0.37472, -1e-06, -0.066251, 0.997802, 0.0, 0.0, 0.0, 0.0, 1.0],
                [1.0, 0.0, 1e-06, -0.0, -0.0, 0.997804, 0.066251, 0.37472, -1e-06, -0.066251, 0.997802, 0.0, 0.0, 0.0, 0.0, 1.0],
                [1.0, 0.0, 1e-06, 0.0, -0.0, 0.997804, 0.066251, 0.37472, -1e-06, -0.066251, 0.997802, 0.0, 0.0, 0.0, 0.0, 1.0],
                [1.0, 0.0, 1e-06, 0.0, -0.0, 0.997804, 0.066251, 0.37472, -1e-06, -0.066252, 0.997802, 0.0, 0.0, 0.0, 0.0, 1.0],
                [1.0, 0.0, 1e-06, -0.0, -0.0, 0.997804, 0.066251, 0.37472, -1e-06, -0.066252, 0.997802, 0.0, 0.0, 0.0, 0.0, 1.0],
                [1.0, 0.0, 1e-06, -0.0, -0.0, 0.997804, 0.066251, 0.37472, -1e-06, -0.066251, 0.997802, -0.0, 0.0, 0.0, 0.0, 1.0],
                [1.0, 0.0, 1e-06, 0.0, -0.0, 0.997804, 0.066251, 0.37472, -1e-06, -0.066251, 0.997802, -0.0, 0.0, 0.0, 0.0, 1.0],
                [1.0, 0.0, 1e-06, -0.0, -0.0, 0.997803, 0.066251, 0.37472, -1e-06, -0.066252, 0.997802, 0.0, 0.0, 0.0, 0.0, 1.0],
                [1.0, 0.0, 1e-06, 0.0, -0.0, 0.997804, 0.066251, 0.37472, -1e-06, -0.066251, 0.997802, -0.0, 0.0, 0.0, 0.0, 1.0],
                [1.0, 0.0, 1e-06, -0.0, -0.0, 0.997804, 0.066251, 0.37472, -1e-06, -0.066251, 0.997802, 0.0, 0.0, 0.0, 0.0, 1.0],
                [1.0, 0.0, 1e-06, -0.0, -0.0, 0.997804, 0.066251, 0.37472, -1e-06, -0.066251, 0.997802, 0.0, 0.0, 0.0, 0.0, 1.0],
                [1.0, 0.0, 1e-06, -0.0, -0.0, 0.997804, 0.066251, 0.37472, -1e-06, -0.066251, 0.997802, 0.0, 0.0, 0.0, 0.0, 1.0],
                [1.0, 0.0, 1e-06, -0.0, -0.0, 0.997804, 0.066251, 0.37472, -1e-06, -0.066251, 0.997802, 0.0, 0.0, 0.0, 0.0, 1.0],
                [1.0, 0.0, 1e-06, -0.0, -0.0, 0.997804, 0.066251, 0.37472, -1e-06, -0.066251, 0.997802, 0.0, 0.0, 0.0, 0.0, 1.0],
                [1.0, 0.0, 1e-06, -0.0, -0.0, 0.997804, 0.066251, 0.37472, -1e-06, -0.066251, 0.997802, 0.0, 0.0, 0.0, 0.0, 1.0],
                [1.0, 0.0, 1e-06, -0.0, -0.0, 0.997804, 0.066251, 0.37472, -1e-06, -0.066251, 0.997802, 0.0, 0.0, 0.0, 0.0, 1.0],
                [1.0, 0.0, 1e-06, -0.0, -0.0, 0.997804, 0.066251, 0.37472, -1e-06, -0.066251, 0.997802, 0.0, 0.0, 0.0, 0.0, 1.0],
                [1.0, 0.0, 1e-06, -0.0, -0.0, 0.997804, 0.066251, 0.37472, -1e-06, -0.066251, 0.997802, 0.0, 0.0, 0.0, 0.0, 1.0],
                [1.0, 0.0, 1e-06, -0.0, -0.0, 0.997804, 0.066251, 0.37472, -1e-06, -0.066251, 0.997802, 0.0, 0.0, 0.0, 0.0, 1.0],
                [1.0, 0.0, 1e-06, -0.0, -0.0, 0.997804, 0.066251, 0.37472, -1e-06, -0.066251, 0.997802, 0.0, 0.0, 0.0, 0.0, 1.0],
                [1.0, 0.0, 1e-06, 0.0, -0.0, 0.997671, 0.068217, 0.37472, -1e-06, -0.068217, 0.99767, 0.0, 0.0, 0.0, 0.0, 1.0],
                [1.0, 0.0, 1e-06, -0.0, -0.0, 0.997263, 0.073949, 0.37472, -1e-06, -0.073949, 0.997261, -0.0, 0.0, 0.0, 0.0, 1.0],
                [1.0, 0.0, 1e-06, -0.0, -0.0, 0.996532, 0.083216, 0.37472, -1e-06, -0.083216, 0.996531, 0.0, 0.0, 0.0, 0.0, 1.0],
                [1.0, 0.0, 1e-06, 0.0, -0.0, 0.995401, 0.095803, 0.37472, -1e-06, -0.095803, 0.9954, 0.0, 0.0, 0.0, 0.0, 1.0],
                [1.0, 0.0, 1e-06, 0.0, -0.0, 0.993765, 0.111504, 0.37472, -1e-06, -0.111504, 0.993763, -0.0, 0.0, 0.0, 0.0, 1.0],
