{
    "animation": [
        {
            "name": "Root",
            "time": [0.0, 0.0167, 0.0333, 0.05, 0.0667, 0.0833, 0.1, 0.1167, 0.1333, 0.15, 0.1667, 0.1833, 0.2, 0.2167, 0.2333, 0.25, 0.2667, 0.2833, 0.3, 0.3167, 0.3333, 0.35, 0.3667, 0.3833, 0.4, 0.4167, 0.4333, 0.45, 0.4667, 0.4833, 0.5, 0.5167, 0.5333, 0.55, 0.5667, 0.5833, 0.6, 0.6167, 0.6333, 0.65, 0.6667, 0.6833, 0.7, 0.7167, 0.7333, 0.75, 0.7667, 0.7833, 0.8, 0.8167, 0.8333, 0.85, 0.8667, 0.8833, 0.9, 0.9167, 0.9333, 0.95, 0.9667, 0.9833, 1.0, 1.0167, 1.0333, 1.05, 1.0667, 1.0833, 1.1, 1.1167, 1.1333, 1.15, 1.1667, 1.1833, 1.2, 1.2167, 1.2333, 1.25, 1.2667, 1.2833, 1.3, 1.3167, 1.3333, 1.35, 1.3667, 1.3833, 1.4, 1.4167, 1.4333, 1.45, 1.4667, 1.4833, 1.5, 1.5167, 1.5333, 1.55, 1.5667, 1.5833, 1.6, 1.6167, 1.6333, 1.65, 1.6667, 1.6833, 1.7, 1.7167, 1.7333, 1.75, 1.7667, 1.7833, 1.8, 1.8167, 1.8333, 1.85, 1.8667, 1.8833, 1.9, 1.9167, 1.9333, 1.95, 1.9667, 1.9833, 2.0, 2.0167, 2.0333, 2.05, 2.0667, 2.0833, 2.1, 2.1167, 2.1333, 2.15, 2.1667],
            "transform": [
                [0.837126, -0.007027, 0.546965, -5e-06, 0.546968, -0.001693, -0.837152, 0.000946, 0.006809, 0.999974, 0.002426, 0.490496, 0.0, 0.0, 0.0, 1.0],
                [0.836168, -0.007024, 0.548428, -5e-06, 0.548431, -0.001706, -0.836194, 0.001694, 0.006809, 0.999974, 0.002426, 0.490496, 0.0, 0.0, 0.0, 1.0],
                [0.833366, -0.007016, 0.552676, -5e-06, 0.552679, -0.001742, -0.833392, 0.003875, 0.006809, 0.999974, 0.002426, 0.490496, 0.0, 0.0, 0.0, 1.0],
                [0.828808, -0.007002, 0.559489, -5e-06, 0.559492, -0.001799, -0.828834, 0.007399, 0.00681, 0.999974, 0.002426, 0.490496, 0.0, 0.0, 0.0, 1.0],
                [0.82256, -0.006982, 0.568635, -5e-06, 0.568637, -0.001877, -0.822586, 0.012174, 0.00681, 0.999974, 0.002426, 0.490496, 0.0, 0.0, 0.0, 1.0],
                [0.814678, -0.006956, 0.579872, -5e-06, 0.579874, -0.001972, -0.814704, 0.018109, 0.006811, 0.999974, 0.002427, 0.490496, 0.0, 0.0, 0.0, 1.0],
                [0.805208, -0.006924, 0.592952, -5e-06, 0.592953, -0.002085, -0.805234, 0.025111, 0.006812, 0.999974, 0.002427, 0.490496, 0.0, 0.0, 0.0, 1.0],
                [0.794198, -0.006885, 0.60762, -5e-06, 0.607621, -0.002212, -0.794224, 0.033089, 0.006812, 0.999974, 0.002427, 0.490496, 0.0, 0.0, 0.0, 1.0],
                [0.781699, -0.00684, 0.623618, -5e-06, 0.623619, -0.002351, -0.781725, 0.041953, 0.006813, 0.999974, 0.002427, 0.490496, 0.0, 0.0, 0.0, 1.0],
                [0.767773, -0.006787, 0.640685, -5e-06, 0.640685, -0.002502, -0.7678, 0.051609, 0.006814, 0.999974, 0.002428, 0.490496, 0.0, 0.0, 0.0, 1.0],
                [0.752496, -0.006727, 0.658563, -5e-06, 0.658562, -0.002661, -0.752522, 0.061968, 0.006815, 0.999974, 0.002428, 0.490496, 0.0, 0.0, 0.0, 1.0],
                [0.735958, -0.00666, 0.676994, -5e-06, 0.676993, -0.002827, -0.735984, 0.072936, 0.006816, 0.999974, 0.002429, 0.490496, 0.0, 0.0, 0.0, 1.0],
                [0.718272, -0.006586, 0.695731, -5e-06, 0.695729, -0.002998, -0.718298, 0.084424, 0.006816, 0.999974, 0.002429, 0.490496, 0.0, 0.0, 0.0, 1.0],
                [0.69957, -0.006505, 0.714534, -5e-06, 0.714531, -0.003171, -0.699596, 0.096338, 0.006817, 0.999974, 0.002429, 0.490496, 0.0, 0.0, 0.0, 1.0],
                [0.680006, -0.006418, 0.733178, -5e-06, 0.733175, -0.003346, -0.680032, 0.108588, 0.006818, 0.999974, 0.00243, 0.490496, 0.0, 0.0, 0.0, 1.0],
                [0.659755, -0.006325, 0.751454, -5e-06, 0.75145, -0.00352, -0.659781, 0.121082, 0.006818, 0.999974, 0.00243, 0.490496, 0.0, 0.0, 0.0, 1.0],
                [0.639014, -0.006227, 0.76917, -5e-06, 0.769165, -0.003692, -0.639039, 0.133729, 0.006819, 0.999974, 0.002431, 0.490496, 0.0, 0.0, 0.0, 1.0],
                [0.617996, -0.006126, 0.786158, -5e-06, 0.786152, -0.003859, -0.618021, 0.146437, 0.006819, 0.999974, 0.002431, 0.490496, 0.0, 0.0, 0.0, 1.0],
                [0.596931, -0.006022, 0.80227, -5e-06, 0.802264, -0.00402, -0.596956, 0.159114, 0.00682, 0.999974, 0.002431, 0.490496, 0.0, 0.0, 0.0, 1.0],
                [0.576064, -0.005916, 0.817384, -5e-06, 0.817376, -0.004174, -0.576089, 0.171669, 0.00682, 0.999974, 0.002432, 0.490496, 0.0, 0.0, 0.0, 1.0],
                [0.555648, -0.005811, 0.831398, -5e-06, 0.83139, -0.004319, -0.555673, 0.184011, 0.00682, 0.999974, 0.002432, 0.490496, 0.0, 0.0, 0.0, 1.0],
                [0.535944, -0.005708, 0.844234, -5e-06, 0.844226, -0.004454, -0.535969, 0.196047, 0.00682, 0.999974, 0.002432, 0.490496, 0.0, 0.0, 0.0, 1.0],
                [0.517219, -0.005608, 0.855835, -5e-06, 0.855826, -0.004578, -0.517244, 0.207687, 0.006819, 0.999974, 0.002432, 0.490496, 0.0, 0.0, 0.0, 1.0],
                [0.499739, -0.005514, 0.866159, -5e-06, 0.866149, -0.004691, -0.499763, 0.218839, 0.006819, 0.999974, 0.002432, 0.490496, 0.0, 0.0, 0.0, 1.0],
                [0.483769, -0.005426, 0.875179, -5e-06, 0.875169, -0.004791, -0.483794, 0.229411, 0.006818, 0.999974, 0.002431, 0.490496, 0.0, 0.0, 0.0, 1.0],
                [0.469575, -0.005347, 0.882877, -5e-06, 0.882867, -0.004877, -0.469599, 0.239312, 0.006817, 0.999974, 0.002431, 0.490496, 0.0, 0.0, 0.0, 1.0],
                [0.457412, -0.005279, 0.889239, -5e-06, 0.889229, -0.004949, -0.457436, 0.24845, 0.006816, 0.999974, 0.00243, 0.490496, 0.0, 0.0, 0.0, 1.0],
                [0.447535, -0.005223, 0.894251, -5e-06, 0.89424, -0.005007, -0.447559, 0.256733, 0.006815, 0.999974, 0.00243, 0.490496, 0.0, 0.0, 0.0, 1.0],
                [0.44019, -0.00518, 0.89789, -5e-06, 0.897879, -0.005048, -0.440214, 0.264071, 0.006813, 0.999974, 0.002429, 0.490496, 0.0, 0.0, 0.0, 1.0],
                [0.435615, -0.005152, 0.900118, -5e-06, 0.900107, -0.005073, -0.435639, 0.270371, 0.006811, 0.999974, 0.002427, 0.490496, 0.0, 0.0, 0.0, 1.0],
                [0.434041, -0.005141, 0.900879, -5e-06, 0.900868, -0.005081, -0.434064, 0.275543, 0.006809, 0.999974, 0.002426, 0.490496, 0.0, 0.0, 0.0, 1.0],
                [0.440988, -0.005158, 0.897498, -0.002271, 0.897487, -0.005059, -0.441011, 0.27963, 0.006815, 0.999974, 0.002398, 0.493848, 0.0, 0.0, 0.0, 1.0],
                [0.460922, -0.005204, 0.887426, -0.008648, 0.887415, -0.004992, -0.460945, 0.283217, 0.006829, 0.999974, 0.002317, 0.50328, 0.0, 0.0, 0.0, 1.0],
                [0.492308, -0.005265, 0.870405, -0.018503, 0.870394, -0.004874, -0.492331, 0.287027, 0.006834, 0.999974, 0.002183, 0.517856, 0.0, 0.0, 0.0, 1.0],
                [0.533398, -0.005325, 0.845848, -0.031205, 0.845837, -0.004698, -0.533421, 0.291781, 0.006815, 0.999975, 0.001999, 0.536641, 0.0, 0.0, 0.0, 1.0],
                [0.582236, -0.005366, 0.813002, -0.04612, 0.812992, -0.00446, -0.582258, 0.2982, 0.006751, 0.999976, 0.001766, 0.5587, 0.0, 0.0, 0.0, 1.0],
                [0.636665, -0.005367, 0.771122, -0.062615, 0.771112, -0.004158, -0.636686, 0.307006, 0.006624, 0.999977, 0.001492, 0.583098, 0.0, 0.0, 0.0, 1.0],
                [0.694357, -0.005306, 0.719611, -0.08006, 0.719602, -0.003792, -0.694376, 0.318919, 0.006413, 0.999979, 0.001186, 0.608899, 0.0, 0.0, 0.0, 1.0],
                [0.752869, -0.00516, 0.65815, -0.097821, 0.658142, -0.003366, -0.752886, 0.334662, 0.0061, 0.999981, 0.000862, 0.635167, 0.0, 0.0, 0.0, 1.0],
                [0.80973, -0.004906, 0.586783, -0.115266, 0.586776, -0.00289, -0.809744, 0.354956, 0.005669, 0.999984, 0.000539, 0.660968, 0.0, 0.0, 0.0, 1.0],
                [0.862545, -0.004522, 0.50596, -0.131762, 0.505955, -0.002377, -0.862557, 0.380522, 0.005103, 0.999987, 0.000237, 0.685365, 0.0, 0.0, 0.0, 1.0],
                [0.909111, -0.003987, 0.416536, -0.146676, 0.416532, -0.001846, -0.909119, 0.412082, 0.004393, 0.99999, -1.7e-05, 0.707424, 0.0, 0.0, 0.0, 1.0],
                [0.94751, -0.003282, 0.31971, -0.159378, 0.319707, -0.001316, -0.947515, 0.450356, 0.00353, 0.999994, -0.000198, 0.72621, 0.0, 0.0, 0.0, 1.0],
                [0.976182, -0.002391, 0.216939, -0.169233, 0.216938, -0.000814, -0.976185, 0.496067, 0.002511, 0.999997, -0.000276, 0.740786, 0.0, 0.0, 0.0, 1.0],
                [0.99395, -0.001302, 0.109825, -0.17561, 0.109825, -0.000365, -0.993951, 0.549936, 0.001334, 0.999999, -0.00022, 0.750217, 0.0, 0.0, 0.0, 1.0],
                [1.0, 0.0, 0.0, -0.177876, 0.0, 0.0, -1.0, 0.612684, 0.0, 1.0, 0.0, 0.753569, 0.0, 0.0, 0.0, 1.0],
                [0.993959, 0.006937, -0.109534, -0.167861, -0.109672, 0.024327, -0.99367, 0.740732, -0.004229, 0.99968, 0.02494, 0.717105, 0.0, 0.0, 0.0, 1.0],
                [0.977461, 0.025594, -0.209561, -0.143979, -0.210966, 0.080828, -0.974146, 0.948566, -0.007994, 0.996399, 0.084405, 0.630152, 0.0, 0.0, 0.0, 1.0],
                [0.955801, 0.052098, -0.289361, -0.115475, -0.293933, 0.146223, -0.944575, 1.174004, -0.006899, 0.987879, 0.155074, 0.52637, 0.0, 0.0, 0.0, 1.0],
                [0.936976, 0.076912, -0.340823, -0.091593, -0.349384, 0.199138, -0.915574, 1.354867, -0.002548, 0.976949, 0.213459, 0.439417, 0.0, 0.0, 0.0, 1.0],
                [0.929209, 0.087815, -0.358969, -0.081578, -0.369554, 0.220802, -0.902594, 1.428972, 0.0, 0.971357, 0.237624, 0.402952, 0.0, 0.0, 0.0, 1.0],
                [0.929209, 0.087815, -0.358969, -0.081578, -0.369554, 0.220802, -0.902594, 1.428972, 0.0, 0.971357, 0.237624, 0.402952, 0.0, 0.0, 0.0, 1.0],
                [0.929209, 0.087815, -0.358969, -0.081578, -0.369554, 0.220802, -0.902594, 1.428972, 0.0, 0.971357, 0.237624, 0.402952, 0.0, 0.0, 0.0, 1.0],
                [0.929209, 0.087815, -0.358969, -0.081578, -0.369554, 0.220802, -0.902594, 1.428972, 0.0, 0.971357, 0.237624, 0.402952, 0.0, 0.0, 0.0, 1.0],
                [0.929209, 0.087815, -0.358969, -0.081578, -0.369554, 0.220802, -0.902594, 1.428972, 0.0, 0.971357, 0.237624, 0.402952, 0.0, 0.0, 0.0, 1.0],
                [0.929209, 0.087815, -0.358969, -0.081578, -0.369554, 0.220802, -0.902594, 1.428972, 0.0, 0.971357, 0.237624, 0.402952, 0.0, 0.0, 0.0, 1.0],
                [0.929209, 0.087815, -0.358969, -0.081578, -0.369554, 0.220802, -0.902594, 1.428972, 0.0, 0.971357, 0.237624, 0.402952, 0.0, 0.0, 0.0, 1.0],
                [0.929209, 0.087815, -0.358969, -0.081578, -0.369554, 0.220802, -0.902594, 1.428972, 0.0, 0.971357, 0.237624, 0.402952, 0.0, 0.0, 0.0, 1.0],
                [0.929209, 0.087815, -0.358969, -0.081578, -0.369554, 0.220802, -0.902594, 1.428972, 0.0, 0.971357, 0.237624, 0.402952, 0.0, 0.0, 0.0, 1.0],
                [0.929209, 0.087815, -0.358969, -0.081578, -0.369554, 0.220802, -0.902594, 1.428972, 0.0, 0.971357, 0.237624, 0.402952, 0.0, 0.0, 0.0, 1.0],
                [0.929209, 0.087815, -0.358969, -0.081578, -0.369554, 0.220802, -0.902594, 1.428972, 0.0, 0.971357, 0.237624, 0.402952, 0.0, 0.0, 0.0, 1.0],
                [0.929209, 0.087815, -0.358969, -0.081578, -0.369554, 0.220802, -0.902594, 1.428972, 0.0, 0.971357, 0.237624, 0.402952, 0.0, 0.0, 0.0, 1.0],
                [0.929209, 0.087815, -0.358969, -0.081578, -0.369554, 0.220802, -0.902594, 1.428972, 0.0, 0.971357, 0.237624, 0.402952, 0.0, 0.0, 0.0, 1.0],
                [0.929209, 0.087815, -0.358969, -0.081578, -0.369554, 0.220802, -0.902594, 1.428972, 0.0, 0.971357, 0.237624, 0.402952, 0.0, 0.0, 0.0, 1.0],
                [0.929209, 0.087815, -0.358969, -0.081578, -0.369554, 0.220802, -0.902594, 1.428972, 0.0, 0.971357, 0.237624, 0.402952, 0.0, 0.0, 0.0, 1.0],
                [0.929209, 0.087815, -0.358969, -0.081578, -0.369554, 0.220802, -0.902594, 1.428972, 0.0, 0.971357, 0.237624, 0.402952, 0.0, 0.0, 0.0, 1.0],
                [0.929209, 0.087815, -0.358969, -0.081578, -0.369554, 0.220802, -0.902594, 1.428972, 0.0, 0.971357, 0.237624, 0.402952, 0.0, 0.0, 0.0, 1.0],
                [0.929209, 0.087815, -0.358969, -0.081578, -0.369554, 0.220802, -0.902594, 1.428972, 0.0, 0.971357, 0.237624, 0.402952, 0.0, 0.0, 0.0, 1.0],
                [0.929209, 0.087815, -0.358969, -0.081578, -0.369554, 0.220802, -0.902594, 1.428972, 0.0, 0.971357, 0.237624, 0.402952, 0.0, 0.0, 0.0, 1.0],
                [0.929209, 0.087815, -0.358969, -0.081578, -0.369554, 0.220802, -0.902594, 1.428972, 0.0, 0.971357, 0.237624, 0.402952, 0.0, 0.0, 0.0, 1.0],
                [0.929209, 0.087815, -0.358969, -0.081578, -0.369554, 0.220802, -0.902594, 1.428972, 0.0, 0.971357, 0.237624, 0.402952, 0.0, 0.0, 0.0, 1.0],
                [0.929209, 0.087815, -0.358969, -0.081578, -0.369554, 0.220802, -0.902594, 1.429605, 0.0, 0.971357, 0.237624, 0.403104, 0.0, 0.0, 0.0, 1.0],
                [0.929209, 0.087815, -0.358969, -0.081578, -0.369554, 0.220802, -0.902594, 1.431454, 0.0, 0.971357, 0.237624, 0.403563, 0.0, 0.0, 0.0, 1.0],
                [0.929209, 0.087815, -0.358969, -0.081578, -0.369554, 0.220802, -0.902594, 1.434445, 0.0, 0.971357, 0.237624, 0.404334, 0.0, 0.0, 0.0, 1.0],
                [0.929209, 0.087815, -0.358969, -0.081578, -0.369554, 0.220802, -0.902594, 1.438501, 0.0, 0.971357, 0.237624, 0.40542, 0.0, 0.0, 0.0, 1.0],
                [0.929209, 0.087815, -0.358969, -0.081578, -0.369554, 0.220802, -0.902594, 1.443547, 0.0, 0.971357, 0.237624, 0.406827, 0.0, 0.0, 0.0, 1.0],
                [0.929209, 0.087815, -0.358969, -0.081578, -0.369554, 0.220802, -0.902594, 1.449508, 0.0, 0.971357, 0.237624, 0.408558, 0.0, 0.0, 0.0, 1.0],
                [0.929209, 0.087815, -0.358969, -0.081578, -0.369554, 0.220802, -0.902594, 1.456309, 0.0, 0.971357, 0.237624, 0.410619, 0.0, 0.0, 0.0, 1.0],
                [0.929209, 0.087815, -0.358969, -0.081578, -0.369554, 0.220802, -0.902594, 1.463874, 0.0, 0.971357, 0.237624, 0.413013, 0.0, 0.0, 0.0, 1.0],
                [0.929209, 0.087815, -0.358969, -0.081578, -0.369554, 0.220802, -0.902594, 1.472129, 0.0, 0.971357, 0.237624, 0.415746, 0.0, 0.0, 0.0, 1.0],
                [0.929209, 0.087815, -0.358969, -0.081578, -0.369554, 0.220802, -0.902594, 1.480997, 0.0, 0.971357, 0.237624, 0.418821, 0.0, 0.0, 0.0, 1.0],
                [0.929209, 0.087815, -0.358969, -0.081578, -0.369554, 0.220802, -0.902594, 1.490404, 0.0, 0.971357, 0.237624, 0.422243, 0.0, 0.0, 0.0, 1.0],
                [0.929209, 0.087815, -0.358969, -0.081578, -0.369554, 0.220802, -0.902594, 1.500274, 0.0, 0.971357, 0.237624, 0.426017, 0.0, 0.0, 0.0, 1.0],
                [0.929209, 0.087815, -0.358969, -0.081578, -0.369554, 0.220802, -0.902594, 1.510532, 0.0, 0.971357, 0.237624, 0.430147, 0.0, 0.0, 0.0, 1.0],
                [0.929209, 0.087815, -0.358969, -0.081578, -0.369554, 0.220802, -0.902594, 1.521103, 0.0, 0.971357, 0.237624, 0.434637, 0.0, 0.0, 0.0, 1.0],
                [0.929209, 0.087815, -0.358969, -0.081578, -0.369554, 0.220802, -0.902594, 1.531911, 0.0, 0.971357, 0.237624, 0.439492, 0.0, 0.0, 0.0, 1.0],
                [0.929209, 0.087815, -0.358969, -0.081578, -0.369554, 0.220802, -0.902594, 1.542882, 0.0, 0.971357, 0.237624, 0.444717, 0.0, 0.0, 0.0, 1.0],
                [0.929209, 0.087815, -0.358969, -0.081578, -0.369554, 0.220802, -0.902594, 1.553939, 0.0, 0.971357, 0.237624, 0.450315, 0.0, 0.0, 0.0, 1.0],
                [0.929209, 0.087815, -0.358969, -0.081578, -0.369554, 0.220802, -0.902594, 1.565007, 0.0, 0.971357, 0.237624, 0.456292, 0.0, 0.0, 0.0, 1.0],
                [0.929209, 0.087815, -0.358969, -0.081578, -0.369554, 0.220802, -0.902594, 1.576012, 0.0, 0.971357, 0.237624, 0.462652, 0.0, 0.0, 0.0, 1.0],
                [0.929209, 0.087815, -0.358969, -0.081578, -0.369554, 0.220802, -0.902594, 1.586877, 0.0, 0.971357, 0.237624, 0.469399, 0.0, 0.0, 0.0, 1.0],
                [0.929647, 0.087532, -0.357902, -0.081762, -0.36845, 0.220478, -0.903124, 1.597541, -0.000143, 0.971456, 0.237218, 0.476532, 0.0, 0.0, 0.0, 1.0],
                [0.930925, 0.086705, -0.354769, -0.082301, -0.36521, 0.219525, -0.904671, 1.607987, -0.000559, 0.971746, 0.236027, 0.484028, 0.0, 0.0, 0.0, 1.0],
                [0.932978, 0.085368, -0.349664, -0.083176, -0.359932, 0.217969, -0.907159, 1.618213, -0.001226, 0.972215, 0.234087, 0.49186, 0.0, 0.0, 0.0, 1.0],
                [0.935731, 0.083557, -0.342675, -0.084368, -0.352709, 0.215831, -0.910502, 1.628217, -0.002119, 0.972849, 0.231431, 0.499999, 0.0, 0.0, 0.0, 1.0],
                [0.9391, 0.081313, -0.333884, -0.08586, -0.343628, 0.213132, -0.914601, 1.637995, -0.003207, 0.973634, 0.228093, 0.508416, 0.0, 0.0, 0.0, 1.0],
                [0.942996, 0.078675, -0.323371, -0.087631, -0.332774, 0.209887, -0.919352, 1.647545, -0.004459, 0.974555, 0.224104, 0.517083, 0.0, 0.0, 0.0, 1.0],
                [0.947321, 0.075689, -0.311213, -0.089664, -0.320232, 0.206114, -0.924645, 1.656865, -0.00584, 0.975596, 0.219494, 0.525973, 0.0, 0.0, 0.0, 1.0],
                [0.951976, 0.072397, -0.29749, -0.091941, -0.306085, 0.201828, -0.930364, 1.66595, -0.007314, 0.976741, 0.214295, 0.535057, 0.0, 0.0, 0.0, 1.0],
                [0.956858, 0.068847, -0.282281, -0.094441, -0.290421, 0.197046, -0.936391, 1.6748, -0.008846, 0.977974, 0.20854, 0.544306, 0.0, 0.0, 0.0, 1.0],
                [0.961864, 0.065085, -0.265673, -0.097147, -0.273332, 0.191785, -0.942607, 1.68341, -0.010397, 0.979276, 0.202261, 0.553693, 0.0, 0.0, 0.0, 1.0],
                [0.966891, 0.061157, -0.247755, -0.100039, -0.254912, 0.186065, -0.948894, 1.691778, -0.011933, 0.980632, 0.195494, 0.563188, 0.0, 0.0, 0.0, 1.0],
                [0.971839, 0.057111, -0.228622, -0.1031, -0.235265, 0.179907, -0.955135, 1.699902, -0.013418, 0.982024, 0.188277, 0.572765, 0.0, 0.0, 0.0, 1.0],
                [0.976612, 0.052992, -0.208377, -0.10631, -0.214498, 0.173337, -0.961221, 1.707779, -0.014817, 0.983436, 0.18065, 0.582394, 0.0, 0.0, 0.0, 1.0],
                [0.98112, 0.048845, -0.187128, -0.109651, -0.192727, 0.166382, -0.967044, 1.715405, -0.0161, 0.984851, 0.172655, 0.592047, 0.0, 0.0, 0.0, 1.0],
                [0.985281, 0.044714, -0.164994, -0.113104, -0.170074, 0.159074, -0.972507, 1.722779, -0.017238, 0.986254, 0.164337, 0.601696, 0.0, 0.0, 0.0, 1.0],
                [0.989018, 0.040639, -0.142097, -0.116651, -0.146668, 0.151447, -0.977524, 1.729897, -0.018206, 0.98763, 0.155745, 0.611313, 0.0, 0.0, 0.0, 1.0],
                [0.992269, 0.03666, -0.118568, -0.120272, -0.122646, 0.14354, -0.982015, 1.736757, -0.018981, 0.988965, 0.146927, 0.62087, 0.0, 0.0, 0.0, 1.0],
                [0.99498, 0.032811, -0.094544, -0.123949, -0.098147, 0.135395, -0.985919, 1.743356, -0.019548, 0.990248, 0.137935, 0.630338, 0.0, 0.0, 0.0, 1.0],
                [0.99711, 0.029123, -0.070166, -0.127664, -0.073319, 0.127056, -0.989182, 1.749691, -0.019893, 0.991468, 0.128824, 0.639689, 0.0, 0.0, 0.0, 1.0],
                [0.998632, 0.025624, -0.04558, -0.131397, -0.048309, 0.118572, -0.99177, 1.755759, -0.020009, 0.992615, 0.119648, 0.648894, 0.0, 0.0, 0.0, 1.0],
                [0.999531, 0.022337, -0.020934, -0.13513, -0.023269, 0.109994, -0.99366, 1.761558, -0.019893, 0.993681, 0.110462, 0.657926, 0.0, 0.0, 0.0, 1.0],
                [0.999808, 0.01928, 0.003622, -0.138845, 0.001649, 0.101373, -0.994847, 1.767085, -0.019548, 0.994662, 0.101322, 0.666756, 0.0, 0.0, 0.0, 1.0],
                [0.999474, 0.016466, 0.027939, -0.142522, 0.026295, 0.092765, -0.995341, 1.772338, -0.018981, 0.995552, 0.092284, 0.675356, 0.0, 0.0, 0.0, 1.0],
                [0.998557, 0.013904, 0.051868, -0.146143, 0.050519, 0.084225, -0.995165, 1.777313, -0.018206, 0.99635, 0.083401, 0.683698, 0.0, 0.0, 0.0, 1.0],
                [0.997096, 0.011598, 0.075264, -0.14969, 0.074176, 0.075808, -0.99436, 1.782007, -0.017238, 0.997055, 0.074727, 0.691753, 0.0, 0.0, 0.0, 1.0],
                [0.995142, 0.009546, 0.097986, -0.153143, 0.097125, 0.06757, -0.992976, 1.786419, -0.0161, 0.997669, 0.066314, 0.699493, 0.0, 0.0, 0.0, 1.0],
                [0.992756, 0.007744, 0.119897, -0.156484, 0.11923, 0.059567, -0.991078, 1.790545, -0.014817, 0.998194, 0.058212, 0.706891, 0.0, 0.0, 0.0, 1.0],
                [0.99001, 0.006183, 0.140864, -0.159694, 0.14036, 0.051854, -0.988742, 1.794382, -0.013418, 0.998636, 0.050468, 0.713916, 0.0, 0.0, 0.0, 1.0],
                [0.986981, 0.004849, 0.160764, -0.162755, 0.160394, 0.044484, -0.98605, 1.797928, -0.011933, 0.998998, 0.043127, 0.720542, 0.0, 0.0, 0.0, 1.0],
                [0.983756, 0.003728, 0.179475, -0.165647, 0.179212, 0.037509, -0.983095, 1.801181, -0.010397, 0.999289, 0.036232, 0.726741, 0.0, 0.0, 0.0, 1.0],
                [0.980423, 0.002802, 0.196884, -0.168353, 0.196705, 0.030981, -0.979973, 1.804136, -0.008846, 0.999516, 0.029823, 0.732483, 0.0, 0.0, 0.0, 1.0],
                [0.977076, 0.002051, 0.212883, -0.170853, 0.212767, 0.024948, -0.976784, 1.806792, -0.007314, 0.999687, 0.02394, 0.73774, 0.0, 0.0, 0.0, 1.0],
                [0.973808, 0.001454, 0.227367, -0.173129, 0.227297, 0.019458, -0.973631, 1.809146, -0.00584, 0.99981, 0.018618, 0.742485, 0.0, 0.0, 0.0, 1.0],
                [0.970714, 0.000991, 0.240238, -0.175163, 0.240198, 0.014557, -0.970615, 1.811195, -0.004459, 0.999894, 0.013893, 0.746689, 0.0, 0.0, 0.0, 1.0],
                [0.967884, 0.000641, 0.251397, -0.176934, 0.251378, 0.01029, -0.967834, 1.812936, -0.003207, 0.999947, 0.009798, 0.750324, 0.0, 0.0, 0.0, 1.0],
                [0.965406, 0.000385, 0.26075, -0.178426, 0.260741, 0.006702, -0.965385, 1.814367, -0.002119, 0.999977, 0.006369, 0.753361, 0.0, 0.0, 0.0, 1.0],
                [0.963363, 0.000205, 0.268199, -0.179618, 0.268197, 0.003835, -0.963357, 1.815485, -0.001226, 0.999993, 0.00364, 0.755773, 0.0, 0.0, 0.0, 1.0],
                [0.96183, 8.8e-05, 0.273648, -0.180493, 0.273648, 0.001734, -0.961828, 1.816286, -0.000559, 0.999999, 0.001644, 0.75753, 0.0, 0.0, 0.0, 1.0],
                [0.960871, 2.2e-05, 0.276996, -0.181032, 0.276996, 0.000441, -0.960871, 1.81677, -0.000143, 1.0, 0.000418, 0.758605, 0.0, 0.0, 0.0, 1.0],
                [0.960542, 0.0, 0.278137, -0.181216, 0.278137, 0.0, -0.960542, 1.816931, 0.0, 1.0, 0.0, 0.75897, 0.0, 0.0, 0.0, 1.0]
            ]
        },
        {
            "name": "Thigh_R",
            "time": [0.0, 0.0167, 0.0333, 0.05, 0.0667, 0.0833, 0.1, 0.1167, 0.1333, 0.15, 0.1667, 0.1833, 0.2, 0.2167, 0.2333, 0.25, 0.2667, 0.2833, 0.3, 0.3167, 0.3333, 0.35, 0.3667, 0.3833, 0.4, 0.4167, 0.4333, 0.45, 0.4667, 0.4833, 0.5, 0.5167, 0.5333, 0.55, 0.5667, 0.5833, 0.6, 0.6167, 0.6333, 0.65, 0.6667, 0.6833, 0.7, 0.7167, 0.7333, 0.75, 0.7667, 0.7833, 0.8, 0.8167, 0.8333, 0.85, 0.8667, 0.8833, 0.9, 0.9167, 0.9333, 0.95, 0.9667, 0.9833, 1.0, 1.0167, 1.0333, 1.05, 1.0667, 1.0833, 1.1, 1.1167, 1.1333, 1.15, 1.1667, 1.1833, 1.2, 1.2167, 1.2333, 1.25, 1.2667, 1.2833, 1.3, 1.3167, 1.3333, 1.35, 1.3667, 1.3833, 1.4, 1.4167, 1.4333, 1.45, 1.4667, 1.4833, 1.5, 1.5167, 1.5333, 1.55, 1.5667, 1.5833, 1.6, 1.6167, 1.6333, 1.65, 1.6667, 1.6833, 1.7, 1.7167, 1.7333, 1.75, 1.7667, 1.7833, 1.8, 1.8167, 1.8333, 1.85, 1.8667, 1.8833, 1.9, 1.9167, 1.9333, 1.95, 1.9667, 1.9833, 2.0, 2.0167, 2.0333, 2.05, 2.0667, 2.0833, 2.1, 2.1167, 2.1333, 2.15, 2.1667],
            "transform": [
                [0.945851, 0.282958, 0.159057, 0.124994, -0.013052, -0.456458, 0.889649, -0.002831, 0.324337, -0.84355, -0.42805, -1.2e-05, 0.0, 0.0, 0.0, 1.0],
                [0.945626, 0.284133, 0.158296, 0.124994, -0.011846, -0.456276, 0.889759, -0.002831, 0.325038, -0.843253, -0.428103, -1.2e-05, 0.0, 0.0, 0.0, 1.0],
                [0.944969, 0.287537, 0.156064, 0.124994, -0.00832, -0.45575, 0.890069, -0.002831, 0.327054, -0.842384, -0.428279, -1.2e-05, 0.0, 0.0, 0.0, 1.0],
                [0.943887, 0.292981, 0.152437, 0.124994, -0.002621, -0.454898, 0.890539, -0.002831, 0.330255, -0.840967, -0.428606, -1.2e-05, 0.0, 0.0, 0.0, 1.0],
                [0.942379, 0.300277, 0.147492, 0.124994, 0.005106, -0.453729, 0.891125, -0.002831, 0.334507, -0.839023, -0.429119, -1.2e-05, 0.0, 0.0, 0.0, 1.0],
                [0.940429, 0.309231, 0.141307, 0.124994, 0.014712, -0.452244, 0.891773, -0.002831, 0.33967, -0.836568, -0.429854, -1.2e-05, 0.0, 0.0, 0.0, 1.0],
                [0.938018, 0.319648, 0.133961, 0.124994, 0.026047, -0.450439, 0.892427, -0.002831, 0.345604, -0.833622, -0.430848, -1.2e-05, 0.0, 0.0, 0.0, 1.0],
                [0.935125, 0.331332, 0.125534, 0.124994, 0.038963, -0.448311, 0.893028, -0.002831, 0.352168, -0.8302, -0.432138, -1.2e-05, 0.0, 0.0, 0.0, 1.0],
                [0.93173, 0.344088, 0.116111, 0.124994, 0.053306, -0.445856, 0.893516, -0.002831, 0.359217, -0.826324, -0.433761, -1.2e-05, 0.0, 0.0, 0.0, 1.0],
                [0.927818, 0.357719, 0.105777, 0.124994, 0.068926, -0.443075, 0.893831, -0.002831, 0.366608, -0.82202, -0.435751, -1.2e-05, 0.0, 0.0, 0.0, 1.0],
                [0.923383, 0.372034, 0.094619, 0.124994, 0.085669, -0.439975, 0.893914, -0.002831, 0.374197, -0.817318, -0.438138, -1.2e-05, 0.0, 0.0, 0.0, 1.0],
                [0.918427, 0.386841, 0.082727, 0.124994, 0.103384, -0.43657, 0.89371, -0.002831, 0.381841, -0.812254, -0.440952, -1.2e-05, 0.0, 0.0, 0.0, 1.0],
                [0.912964, 0.401957, 0.070191, 0.124994, 0.12192, -0.432882, 0.893167, -0.002831, 0.389399, -0.80687, -0.444214, -1.2e-05, 0.0, 0.0, 0.0, 1.0],
                [0.907019, 0.417199, 0.057103, 0.124994, 0.141129, -0.428945, 0.892238, -0.002831, 0.396735, -0.801216, -0.447942, -1.2e-05, 0.0, 0.0, 0.0, 1.0],
                [0.900632, 0.432394, 0.043555, 0.124994, 0.160865, -0.424801, 0.890879, -0.002831, 0.403713, -0.795346, -0.452148, -1.2e-05, 0.0, 0.0, 0.0, 1.0],
                [0.893855, 0.447374, 0.029637, 0.124994, 0.180986, -0.420504, 0.889056, -0.002831, 0.410204, -0.789321, -0.456839, -1.2e-05, 0.0, 0.0, 0.0, 1.0],
                [0.886754, 0.461982, 0.015437, 0.124994, 0.201354, -0.416118, 0.886737, -0.002831, 0.41608, -0.783207, -0.462018, -1.2e-05, 0.0, 0.0, 0.0, 1.0],
                [0.879409, 0.476065, 0.001041, 0.124994, 0.221838, -0.411719, 0.883898, -0.002831, 0.421222, -0.777075, -0.46768, -1.2e-05, 0.0, 0.0, 0.0, 1.0],
                [0.871908, 0.489482, -0.013469, 0.124994, 0.24231, -0.407391, 0.880521, -0.002831, 0.425513, -0.770996, -0.473816, -1.2e-05, 0.0, 0.0, 0.0, 1.0],
                [0.864355, 0.5021, -0.028017, 0.124994, 0.26265, -0.403231, 0.876595, -0.002831, 0.428842, -0.765046, -0.480413, -1.2e-05, 0.0, 0.0, 0.0, 1.0],
                [0.856859, 0.513792, -0.042531, 0.124994, 0.282744, -0.399343, 0.872113, -0.002831, 0.4311, -0.759301, -0.487454, -1.2e-05, 0.0, 0.0, 0.0, 1.0],
                [0.84954, 0.52444, -0.056947, 0.124994, 0.302483, -0.395838, 0.867073, -0.002831, 0.432187, -0.753837, -0.494916, -1.2e-05, 0.0, 0.0, 0.0, 1.0],
                [0.842522, 0.533932, -0.071207, 0.124994, 0.321764, -0.392837, 0.861479, -0.002831, 0.431999, -0.748726, -0.502776, -1.2e-05, 0.0, 0.0, 0.0, 1.0],
                [0.835938, 0.542159, -0.085261, 0.124994, 0.340485, -0.390469, 0.855338, -0.002831, 0.430438, -0.744038, -0.511007, -1.2e-05, 0.0, 0.0, 0.0, 1.0],
                [0.829919, 0.549016, -0.099068, 0.124994, 0.358552, -0.388865, 0.84866, -0.002831, 0.427405, -0.739838, -0.519579, -1.2e-05, 0.0, 0.0, 0.0, 1.0],
                [0.8246, 0.554397, -0.112593, 0.124994, 0.375868, -0.388165, 0.841458, -0.002831, 0.422797, -0.736185, -0.528463, -1.2e-05, 0.0, 0.0, 0.0, 1.0],
                [0.820116, 0.558193, -0.125812, 0.124994, 0.392336, -0.388512, 0.833745, -0.002831, 0.416511, -0.733127, -0.537626, -1.2e-05, 0.0, 0.0, 0.0, 1.0],
                [0.816598, 0.56029, -0.138708, 0.124994, 0.407855, -0.390055, 0.825537, -0.002831, 0.408437, -0.730703, -0.547037, -1.2e-05, 0.0, 0.0, 0.0, 1.0],
                [0.814174, 0.560566, -0.151274, 0.124994, 0.422317, -0.392944, 0.816849, -0.002831, 0.398456, -0.728942, -0.556663, -1.2e-05, 0.0, 0.0, 0.0, 1.0],
                [0.812964, 0.558885, -0.16351, 0.124994, 0.435604, -0.397333, 0.807697, -0.002831, 0.386442, -0.727853, -0.566472, -1.2e-05, 0.0, 0.0, 0.0, 1.0],
                [0.813078, 0.555094, -0.175426, 0.124994, 0.447582, -0.403376, 0.798096, -0.002831, 0.372256, -0.72743, -0.576428, -1.2e-05, 0.0, 0.0, 0.0, 1.0],
                [0.817744, 0.544539, -0.186468, 0.124994, 0.456385, -0.416025, 0.786533, -0.002831, 0.350723, -0.728283, -0.588724, -1.2e-05, 0.0, 0.0, 0.0, 1.0],
                [0.829022, 0.523606, -0.196361, 0.124994, 0.460193, -0.439282, 0.771526, -0.002831, 0.317718, -0.729975, -0.605136, -1.2e-05, 0.0, 0.0, 0.0, 1.0],
                [0.845039, 0.493592, -0.205608, 0.124994, 0.458731, -0.471664, 0.753059, -0.002831, 0.274726, -0.730681, -0.625003, -1.2e-05, 0.0, 0.0, 0.0, 1.0],
                [0.863782, 0.455816, -0.214734, 0.124994, 0.451627, -0.511435, 0.731071, -0.002831, 0.223412, -0.728465, -0.64763, -1.2e-05, 0.0, 0.0, 0.0, 1.0],
                [0.88327, 0.411777, -0.224217, 0.124994, 0.438607, -0.556659, 0.705516, -0.002831, 0.165703, -0.721502, -0.672291, -1.2e-05, 0.0, 0.0, 0.0, 1.0],
                [0.901724, 0.363233, -0.234425, 0.124994, 0.419668, -0.605288, 0.67639, -0.002831, 0.103792, -0.708296, -0.698242, -1.2e-05, 0.0, 0.0, 0.0, 1.0],
                [0.917725, 0.312211, -0.245568, 0.124994, 0.395189, -0.655288, 0.643756, -0.002831, 0.04007, -0.687835, -0.724759, -1.2e-05, 0.0, 0.0, 0.0, 1.0],
                [0.930335, 0.260935, -0.257662, 0.124994, 0.365988, -0.704779, 0.607731, -0.002831, -0.023017, -0.659693, -0.751182, -1.2e-05, 0.0, 0.0, 0.0, 1.0],
                [0.939148, 0.211712, -0.270514, 0.124994, 0.333303, -0.752173, 0.568457, -0.002831, -0.083124, -0.624027, -0.776968, -1.2e-05, 0.0, 0.0, 0.0, 1.0],
                [0.944285, 0.166804, -0.283726, 0.124994, 0.298719, -0.796259, 0.526057, -0.002831, -0.138171, -0.581501, -0.801726, -1.2e-05, 0.0, 0.0, 0.0, 1.0],
                [0.946309, 0.128316, -0.296704, 0.124994, 0.264075, -0.836239, 0.480589, -0.002831, -0.186449, -0.533136, -0.825228, -1.2e-05, 0.0, 0.0, 0.0, 1.0],
                [0.946093, 0.098142, -0.308666, 0.124994, 0.231365, -0.871691, 0.431997, -0.002831, -0.226665, -0.480123, -0.847411, -1.2e-05, 0.0, 0.0, 0.0, 1.0],
                [0.944666, 0.07796, -0.318635, 0.124994, 0.202681, -0.90247, 0.380086, -0.002831, -0.257928, -0.423634, -0.868336, -1.2e-05, 0.0, 0.0, 0.0, 1.0],
                [0.943033, 0.069287, -0.325403, 0.124994, 0.180199, -0.928558, 0.324508, -0.002831, -0.279672, -0.364658, -0.888149, -1.2e-05, 0.0, 0.0, 0.0, 1.0],
                [0.941998, 0.073561, -0.327456, 0.124994, 0.16622, -0.949871, 0.264785, -0.002831, -0.291563, -0.303856, -0.907007, -1.2e-05, 0.0, 0.0, 0.0, 1.0],
                [0.950341, 0.149662, -0.272861, 0.124994, 0.208211, -0.957407, 0.200041, -0.002831, -0.231301, -0.246919, -0.941026, -1.2e-05, 0.0, 0.0, 0.0, 1.0],
                [0.941747, 0.310086, -0.130223, 0.124994, 0.327577, -0.933428, 0.146294, -0.002831, -0.07619, -0.180429, -0.980633, -1.2e-05, 0.0, 0.0, 0.0, 1.0],
                [0.876151, 0.479468, 0.049686, 0.124994, 0.470501, -0.873042, 0.128155, -0.002831, 0.104824, -0.088905, -0.990509, -1.2e-05, 0.0, 0.0, 0.0, 1.0],
                [0.779415, 0.59531, 0.195236, 0.124994, 0.57815, -0.80349, 0.141925, -0.002831, 0.24136, 0.002257, -0.970433, -1.2e-05, 0.0, 0.0, 0.0, 1.0],
                [0.729686, 0.635571, 0.252201, 0.124994, 0.618011, -0.770834, 0.154512, -0.002831, 0.292609, 0.043118, -0.95526, -1.2e-05, 0.0, 0.0, 0.0, 1.0],
                [0.729686, 0.635571, 0.252201, 0.124994, 0.618011, -0.770834, 0.154512, -0.002831, 0.292609, 0.043118, -0.95526, -1.2e-05, 0.0, 0.0, 0.0, 1.0],
                [0.729686, 0.635571, 0.252201, 0.124994, 0.618011, -0.770834, 0.154512, -0.002831, 0.292609, 0.043118, -0.95526, -1.2e-05, 0.0, 0.0, 0.0, 1.0],
                [0.729686, 0.635571, 0.252201, 0.124994, 0.618011, -0.770834, 0.154512, -0.002831, 0.292609, 0.043118, -0.95526, -1.2e-05, 0.0, 0.0, 0.0, 1.0],
                [0.729686, 0.635571, 0.252201, 0.124994, 0.618011, -0.770834, 0.154512, -0.002831, 0.292609, 0.043118, -0.95526, -1.2e-05, 0.0, 0.0, 0.0, 1.0],
                [0.729686, 0.635571, 0.252201, 0.124994, 0.618011, -0.770834, 0.154512, -0.002831, 0.292609, 0.043118, -0.95526, -1.2e-05, 0.0, 0.0, 0.0, 1.0],
                [0.729686, 0.635571, 0.252201, 0.124994, 0.618011, -0.770834, 0.154512, -0.002831, 0.292609, 0.043118, -0.95526, -1.2e-05, 0.0, 0.0, 0.0, 1.0],
                [0.729686, 0.635571, 0.252201, 0.124994, 0.618011, -0.770834, 0.154512, -0.002831, 0.292609, 0.043118, -0.95526, -1.2e-05, 0.0, 0.0, 0.0, 1.0],
                [0.729686, 0.635571, 0.252201, 0.124994, 0.618011, -0.770834, 0.154512, -0.002831, 0.292609, 0.043118, -0.95526, -1.2e-05, 0.0, 0.0, 0.0, 1.0],
                [0.729686, 0.635571, 0.252201, 0.124994, 0.618011, -0.770834, 0.154512, -0.002831, 0.292609, 0.043118, -0.95526, -1.2e-05, 0.0, 0.0, 0.0, 1.0],
                [0.729686, 0.635571, 0.252201, 0.124994, 0.618011, -0.770834, 0.154512, -0.002831, 0.292609, 0.043118, -0.95526, -1.2e-05, 0.0, 0.0, 0.0, 1.0],
                [0.727362, 0.638312, 0.251993, 0.124994, 0.619611, -0.768698, 0.158693, -0.002831, 0.295002, 0.040711, -0.954629, -1.2e-05, 0.0, 0.0, 0.0, 1.0],
                [0.720931, 0.645808, 0.251371, 0.124994, 0.623798, -0.762746, 0.170561, -0.002831, 0.301882, 0.033842, -0.952744, -1.2e-05, 0.0, 0.0, 0.0, 1.0],
                [0.711187, 0.656945, 0.250268, 0.124994, 0.629568, -0.753582, 0.189091, -0.002831, 0.31282, 0.023082, -0.949532, -1.2e-05, 0.0, 0.0, 0.0, 1.0],
                [0.698927, 0.670601, 0.248582, 0.124994, 0.635863, -0.74176, 0.213233, -0.002831, 0.327383, 0.009031, -0.944849, -1.2e-05, 0.0, 0.0, 0.0, 1.0],
                [0.684984, 0.685684, 0.246238, 0.124994, 0.641635, -0.727856, 0.241925, -0.002831, 0.34511, -0.007719, -0.938531, -1.2e-05, 0.0, 0.0, 0.0, 1.0],
                [0.67024, 0.70115, 0.243238, 0.124994, 0.6459, -0.712514, 0.274105, -0.002831, 0.3655, -0.026609, -0.930431, -1.2e-05, 0.0, 0.0, 0.0, 1.0],
                [0.655631, 0.716025, 0.239697, 0.124994, 0.647768, -0.696478, 0.308728, -0.002831, 0.388, -0.047143, -0.920453, -1.2e-05, 0.0, 0.0, 0.0, 1.0],
                [0.642126, 0.729412, 0.235861, 0.124994, 0.646467, -0.680591, 0.344781, -0.002831, 0.412012, -0.068916, -0.908569, -1.2e-05, 0.0, 0.0, 0.0, 1.0],
                [0.630713, 0.740486, 0.232118, 0.124994, 0.641344, -0.665793, 0.381307, -0.002831, 0.436895, -0.091627, -0.894834, -1.2e-05, 0.0, 0.0, 0.0, 1.0],
                [0.622372, 0.748474, 0.228992, 0.124994, 0.631846, -0.653096, 0.417413, -0.002831, 0.461977, -0.115098, -0.879392, -1.2e-05, 0.0, 0.0, 0.0, 1.0],
                [0.616013, 0.754529, 0.226299, 0.124994, 0.619499, -0.641475, 0.452469, -0.002831, 0.486567, -0.138535, -0.86259, -1.2e-05, 0.0, 0.0, 0.0, 1.0],
                [0.609948, 0.760277, 0.223469, 0.124994, 0.606229, -0.629293, 0.486287, -0.002831, 0.510341, -0.161135, -0.844741, -1.2e-05, 0.0, 0.0, 0.0, 1.0],
                [0.604232, 0.765675, 0.220551, 0.124994, 0.592141, -0.616697, 0.518701, -0.002831, 0.53317, -0.182818, -0.826019, -1.2e-05, 0.0, 0.0, 0.0, 1.0],
                [0.598917, 0.770679, 0.217597, 0.124994, 0.577354, -0.603845, 0.549573, -0.002831, 0.55494, -0.203517, -0.806611, -1.2e-05, 0.0, 0.0, 0.0, 1.0],
                [0.59405, 0.775255, 0.214665, 0.124994, 0.561999, -0.590901, 0.578784, -0.002831, 0.575552, -0.223185, -0.78672, -1.2e-05, 0.0, 0.0, 0.0, 1.0],
                [0.589676, 0.779367, 0.211818, 0.124994, 0.546214, -0.578033, 0.60624, -0.002831, 0.594922, -0.241787, -0.766555, -1.2e-05, 0.0, 0.0, 0.0, 1.0],
                [0.585833, 0.782985, 0.20912, 0.124994, 0.530142, -0.565411, 0.631869, -0.002831, 0.612983, -0.259306, -0.746332, -1.2e-05, 0.0, 0.0, 0.0, 1.0],
                [0.582559, 0.786081, 0.206637, 0.124994, 0.513929, -0.553209, 0.655619, -0.002831, 0.629684, -0.275739, -0.726268, -1.2e-05, 0.0, 0.0, 0.0, 1.0],
                [0.579885, 0.788629, 0.204437, 0.124994, 0.49772, -0.541593, 0.677459, -0.002831, 0.644986, -0.291095, -0.706581, -1.2e-05, 0.0, 0.0, 0.0, 1.0],
                [0.577843, 0.790604, 0.202585, 0.124994, 0.481658, -0.530731, 0.697372, -0.002831, 0.658864, -0.305394, -0.687482, -1.2e-05, 0.0, 0.0, 0.0, 1.0],
                [0.576458, 0.79198, 0.201147, 0.124994, 0.465882, -0.520785, 0.715357, -0.002831, 0.671304, -0.318662, -0.669182, -1.2e-05, 0.0, 0.0, 0.0, 1.0],
                [0.575758, 0.792733, 0.200184, 0.124994, 0.450522, -0.511911, 0.731421, -0.002831, 0.682299, -0.330933, -0.651883, -1.2e-05, 0.0, 0.0, 0.0, 1.0],
                [0.575767, 0.792834, 0.199757, 0.124994, 0.435702, -0.50426, 0.745576, -0.002831, 0.691849, -0.342243, -0.635778, -1.2e-05, 0.0, 0.0, 0.0, 1.0],
                [0.57651, 0.792253, 0.199919, 0.124994, 0.421537, -0.497979, 0.75784, -0.002831, 0.699958, -0.352628, -0.621057, -1.2e-05, 0.0, 0.0, 0.0, 1.0],
                [0.578013, 0.790954, 0.200724, 0.124994, 0.408133, -0.493209, 0.768226, -0.002831, 0.706631, -0.362122, -0.607897, -1.2e-05, 0.0, 0.0, 0.0, 1.0],
                [0.580302, 0.788895, 0.202215, 0.124994, 0.395584, -0.490085, 0.776743, -0.002831, 0.711872, -0.370751, -0.596473, -1.2e-05, 0.0, 0.0, 0.0, 1.0],
                [0.583407, 0.786028, 0.204434, 0.124994, 0.383973, -0.488738, 0.78339, -0.002831, 0.715682, -0.378537, -0.586948, -1.2e-05, 0.0, 0.0, 0.0, 1.0],
                [0.58736, 0.782295, 0.207411, 0.124994, 0.373372, -0.489296, 0.788151, -0.002831, 0.718053, -0.385486, -0.579482, -1.2e-05, 0.0, 0.0, 0.0, 1.0],
                [0.592199, 0.777627, 0.211172, 0.124994, 0.363841, -0.491881, 0.790994, -0.002831, 0.718971, -0.391591, -0.574226, -1.2e-05, 0.0, 0.0, 0.0, 1.0],
                [0.597962, 0.771945, 0.215732, 0.124994, 0.355425, -0.496614, 0.791863, -0.002831, 0.718411, -0.396826, -0.571327, -1.2e-05, 0.0, 0.0, 0.0, 1.0],
                [0.604527, 0.765206, 0.221371, 0.124994, 0.347897, -0.503614, 0.790784, -0.002831, 0.716599, -0.401035, -0.570663, -1.2e-05, 0.0, 0.0, 0.0, 1.0],
                [0.611707, 0.757425, 0.228297, 0.124994, 0.340968, -0.51284, 0.787867, -0.002831, 0.713831, -0.404101, -0.571967, -1.2e-05, 0.0, 0.0, 0.0, 1.0],
                [0.619454, 0.748593, 0.236396, 0.124994, 0.334571, -0.524159, 0.783147, -0.002831, 0.710168, -0.406031, -0.575151, -1.2e-05, 0.0, 0.0, 0.0, 1.0],
                [0.627721, 0.738694, 0.245548, 0.124994, 0.328635, -0.537424, 0.776642, -0.002831, 0.705666, -0.406818, -0.580116, -1.2e-05, 0.0, 0.0, 0.0, 1.0],
                [0.636465, 0.727712, 0.255628, 0.124994, 0.323087, -0.55248, 0.768361, -0.002831, 0.700376, -0.406444, -0.586751, -1.2e-05, 0.0, 0.0, 0.0, 1.0],
                [0.64564, 0.715628, 0.266501, 0.124994, 0.317852, -0.569157, 0.758306, -0.002831, 0.694347, -0.404884, -0.594937, -1.2e-05, 0.0, 0.0, 0.0, 1.0],
                [0.655201, 0.702431, 0.278029, 0.124994, 0.312853, -0.587278, 0.746476, -0.002831, 0.687629, -0.402109, -0.604544, -1.2e-05, 0.0, 0.0, 0.0, 1.0],
                [0.665102, 0.68811, 0.290071, 0.124994, 0.308013, -0.606652, 0.732871, -0.002831, 0.680269, -0.398088, -0.615435, -1.2e-05, 0.0, 0.0, 0.0, 1.0],
                [0.675296, 0.672666, 0.302478, 0.124994, 0.30326, -0.62708, 0.717497, -0.002831, 0.672315, -0.392793, -0.62746, -1.2e-05, 0.0, 0.0, 0.0, 1.0],
                [0.685733, 0.656108, 0.315103, 0.124994, 0.298522, -0.648357, 0.700368, -0.002831, 0.663818, -0.3862, -0.640465, -1.2e-05, 0.0, 0.0, 0.0, 1.0],
                [0.69636, 0.638459, 0.327797, 0.124994, 0.293732, -0.670269, 0.681513, -0.002831, 0.654831, -0.378293, -0.654286, -1.2e-05, 0.0, 0.0, 0.0, 1.0],
                [0.707124, 0.619754, 0.340411, 0.124994, 0.28883, -0.692596, 0.660973, -0.002831, 0.645409, -0.369068, -0.668757, -1.2e-05, 0.0, 0.0, 0.0, 1.0],
                [0.717968, 0.600043, 0.352802, 0.124994, 0.283762, -0.715122, 0.63881, -0.002831, 0.63561, -0.358532, -0.683706, -1.2e-05, 0.0, 0.0, 0.0, 1.0],
                [0.728836, 0.579392, 0.364832, 0.124994, 0.278483, -0.737627, 0.615102, -0.002831, 0.625496, -0.346708, -0.698962, -1.2e-05, 0.0, 0.0, 0.0, 1.0],
                [0.739668, 0.557884, 0.376371, 0.124994, 0.272957, -0.7599, 0.589952, -0.002831, 0.61513, -0.333635, -0.714354, -1.2e-05, 0.0, 0.0, 0.0, 1.0],
