{
    "animation": [
        {
            "name": "Root",
            "time": [0.0, 0.0167, 0.0333, 0.05, 0.0667, 0.0833, 0.1, 0.1167, 0.1333, 0.15, 0.1667, 0.1833, 0.2, 0.2167, 0.2333, 0.25, 0.2667, 0.2833, 0.3, 0.3167, 0.3333, 0.35, 0.3667, 0.3833, 0.4, 0.4167, 0.4333, 0.45, 0.4667, 0.4833, 0.5, 0.5167, 0.5333, 0.55, 0.5667, 0.5833, 0.6, 0.6167, 0.6333, 0.65, 0.6667, 0.6833, 0.7, 0.7167, 0.7333, 0.75, 0.7667, 0.7833, 0.8, 0.8167, 0.8333, 0.85, 0.8667, 0.8833, 0.9, 0.9167, 0.9333, 0.95, 0.9667, 0.9833, 1.0, 1.0167, 1.0333, 1.05, 1.0667, 1.0833, 1.1, 1.1167, 1.1333, 1.15, 1.1667, 1.1833, 1.2, 1.2167, 1.2333, 1.25, 1.2667, 1.2833, 1.3, 1.3167, 1.3333, 1.35, 1.3667, 1.3833, 1.4, 1.4167, 1.4333, 1.45, 1.4667, 1.4833, 1.5, 1.5167, 1.5333, 1.55, 1.5667, 1.5833, 1.6, 1.6167, 1.6333, 1.65, 1.6667, 1.6833, 1.7, 1.7167, 1.7333, 1.75, 1.7667, 1.7833, 1.8, 1.8167, 1.8333, 1.85, 1.8667, 1.8833, 1.9, 1.9167, 1.9333, 1.95, 1.9667, 1.9833, 2.0, 2.0167, 2.0333, 2.05, 2.0667, 2.0833, 2.1, 2.1167, 2.1333, 2.15, 2.1667, 2.1833, 2.2, 2.2167, 2.2333, 2.25, 2.2667, 2.2833, 2.3, 2.3167, 2.3333, 2.35, 2.3667, 2.3833, 2.4, 2.4167, 2.4333, 2.45, 2.4667, 2.4833, 2.5, 2.5167, 2.5333, 2.55, 2.5667, 2.5833, 2.6, 2.6167, 2.6333, 2.65, 2.6667, 2.6833, 2.7, 2.7167, 2.7333, 2.75, 2.7667, 2.7833, 2.8, 2.8167, 2.8333, 2.85, 2.8667, 2.8833, 2.9, 2.9167, 2.9333, 2.95, 2.9667, 2.9833, 3.0, 3.0167, 3.0333, 3.05, 3.0667, 3.0833, 3.1, 3.1167, 3.1333, 3.15, 3.1667, 3.1833, 3.2, 3.2167, 3.2333, 3.25, 3.2667, 3.2833, 3.3, 3.3167, 3.3333, 3.35, 3.3667, 3.3833, 3.4, 3.4167, 3.4333, 3.45, 3.4667, 3.4833, 3.5, 3.5167],
            "transform": [
                [0.695727, 0.0, -0.718306, -5e-06, -0.718306, 0.0, -0.695727, 0.000946, 0.0, 1.0, 0.0, 0.737313, 0.0, 0.0, 0.0, 1.0],
                [0.708445, 0.0, -0.705766, -5e-06, -0.705766, 0.0, -0.708445, 0.005834, 0.0, 1.0, 0.0, 0.736286, 0.0, 0.0, 0.0, 1.0],
                [0.743485, 0.0, -0.668753, -5e-06, -0.668753, 0.0, -0.743485, 0.019788, 0.0, 1.0, 0.0, 0.733395, 0.0, 0.0, 0.0, 1.0],
                [0.795019, 0.0, -0.606584, -5e-06, -0.606584, 0.0, -0.795019, 0.041746, 0.0, 1.0, 0.0, 0.728927, 0.0, 0.0, 0.0, 1.0],
                [0.855468, 0.0, -0.517855, -5e-06, -0.517855, 0.0, -0.855468, 0.070644, 0.0, 1.0, 0.0, 0.723169, 0.0, 0.0, 0.0, 1.0],
                [0.91551, 0.0, -0.402295, -5e-06, -0.402295, 0.0, -0.91551, 0.105421, 0.0, 1.0, 0.0, 0.716408, 0.0, 0.0, 0.0, 1.0],
                [0.964908, 0.0, -0.262589, -5e-06, -0.262589, 0.0, -0.964908, 0.145012, 0.0, 1.0, 0.0, 0.708929, 0.0, 0.0, 0.0, 1.0],
                [0.994418, 0.0, -0.105516, -5e-06, -0.105516, 0.0, -0.994418, 0.188355, 0.0, 1.0, 0.0, 0.701021, 0.0, 0.0, 0.0, 1.0],
                [0.998293, 0.0, 0.058407, -5e-06, 0.058407, 0.0, -0.998293, 0.234387, 0.0, 1.0, 0.0, 0.692969, 0.0, 0.0, 0.0, 1.0],
                [0.976173, 0.0, 0.216995, -5e-06, 0.216995, 0.0, -0.976173, 0.282045, 0.0, 1.0, 0.0, 0.685061, 0.0, 0.0, 0.0, 1.0],
                [0.933209, 0.0, 0.359334, -5e-06, 0.359334, 0.0, -0.933209, 0.330266, 0.0, 1.0, 0.0, 0.677583, 0.0, 0.0, 0.0, 1.0],
                [0.878351, 0.0, 0.478017, -5e-06, 0.478017, 0.0, -0.878351, 0.377988, 0.0, 1.0, 0.0, 0.670821, 0.0, 0.0, 0.0, 1.0],
                [0.821844, 0.0, 0.569713, -5e-06, 0.569713, 0.0, -0.821844, 0.424146, 0.0, 1.0, 0.0, 0.665063, 0.0, 0.0, 0.0, 1.0],
                [0.773202, 0.0, 0.634159, -5e-06, 0.634159, 0.0, -0.773202, 0.467679, 0.0, 1.0, 0.0, 0.660595, 0.0, 0.0, 0.0, 1.0],
                [0.740217, 0.0, 0.672368, -5e-06, 0.672368, 0.0, -0.740217, 0.507524, 0.0, 1.0, 0.0, 0.657704, 0.0, 0.0, 0.0, 1.0],
                [0.728804, 0.0, 0.684722, -5e-06, 0.684722, 0.0, -0.728804, 0.542617, 0.0, 1.0, 0.0, 0.656677, 0.0, 0.0, 0.0, 1.0],
                [0.736814, 0.0, 0.676096, -5e-06, 0.676096, 0.0, -0.736814, 0.572772, 0.0, 1.0, 0.0, 0.659119, 0.0, 0.0, 0.0, 1.0],
                [0.756565, 0.0, 0.653918, -5e-06, 0.653918, 0.0, -0.756565, 0.601312, 0.0, 1.0, 0.0, 0.665749, 0.0, 0.0, 0.0, 1.0],
                [0.784104, 0.0, 0.62063, -5e-06, 0.62063, 0.0, -0.784104, 0.632436, 0.0, 1.0, 0.0, 0.675518, 0.0, 0.0, 0.0, 1.0],
                [0.815462, 0.0, 0.578811, -5e-06, 0.578811, 0.0, -0.815462, 0.670341, 0.0, 1.0, 0.0, 0.687381, 0.0, 0.0, 0.0, 1.0],
                [0.847017, 0.0, 0.531565, -5e-06, 0.531565, 0.0, -0.847017, 0.719228, 0.0, 1.0, 0.0, 0.700291, 0.0, 0.0, 0.0, 1.0],
                [0.875813, 0.0, 0.482651, -5e-06, 0.482651, 0.0, -0.875813, 0.783295, 0.0, 1.0, 0.0, 0.713201, 0.0, 0.0, 0.0, 1.0],
                [0.899752, 0.0, 0.436401, -5e-06, 0.436401, 0.0, -0.899752, 0.86674, 0.0, 1.0, 0.0, 0.725064, 0.0, 0.0, 0.0, 1.0],
                [0.917601, 0.0, 0.397503, -5e-06, 0.397503, 0.0, -0.917601, 0.973763, 0.0, 1.0, 0.0, 0.734834, 0.0, 0.0, 0.0, 1.0],
                [0.928733, 0.0, 0.370749, -5e-06, 0.370749, 0.0, -0.928733, 1.108563, 0.0, 1.0, 0.0, 0.741463, 0.0, 0.0, 0.0, 1.0],
                [0.932632, 0.0, 0.360828, -5e-06, 0.360828, 0.0, -0.932632, 1.275338, 0.0, 1.0, 0.0, 0.743905, 0.0, 0.0, 0.0, 1.0],
                [0.920097, 0.0, 0.391691, -5e-06, 0.391691, 0.0, -0.920097, 1.475521, 0.0, 1.0, 0.0, 0.713449, 0.0, 0.0, 0.0, 1.0],
                [0.881785, 0.0, 0.471652, -5e-06, 0.471652, 0.0, -0.881785, 1.699473, 0.0, 1.0, 0.0, 0.640824, 0.0, 0.0, 0.0, 1.0],
                [0.814827, 0.0, 0.579704, -5e-06, 0.579704, 0.0, -0.814827, 1.93479, 0.0, 1.0, 0.0, 0.554141, 0.0, 0.0, 0.0, 1.0],
                [0.720077, 0.0, 0.693895, -5e-06, 0.693895, 0.0, -0.720077, 2.169068, 0.0, 1.0, 0.0, 0.481516, 0.0, 0.0, 0.0, 1.0],
                [0.606053, 0.0, 0.795424, -5e-06, 0.795424, 0.0, -0.606053, 2.389903, 0.0, 1.0, 0.0, 0.45106, 0.0, 0.0, 0.0, 1.0],
                [0.485527, 0.0, 0.874222, 0.000555, 0.874222, 0.0, -0.485527, 2.587226, 0.0, 1.0, 0.0, 0.458479, 0.0, 0.0, 0.0, 1.0],
                [0.364005, 0.0, 0.931397, 0.002389, 0.931397, 0.0, -0.364005, 2.760319, 0.0, 1.0, 0.0, 0.478616, 0.0, 0.0, 0.0, 1.0],
                [0.243916, 0.0, 0.969796, 0.005726, 0.969796, 0.0, -0.243916, 2.910804, 0.0, 1.0, 0.0, 0.508291, 0.0, 0.0, 0.0, 1.0],
                [0.127059, 0.0, 0.991895, 0.010798, 0.991895, 0.0, -0.127059, 3.040298, 0.0, 1.0, 0.0, 0.544326, 0.0, 0.0, 0.0, 1.0],
                [0.014893, 0.0, 0.999889, 0.017836, 0.999889, 0.0, -0.014893, 3.150421, 0.0, 1.0, 0.0, 0.58354, 0.0, 0.0, 0.0, 1.0],
                [-0.091301, 0.0, 0.995823, 0.027069, 0.995823, 0.0, 0.091301, 3.242794, 0.0, 1.0, 0.0, 0.622754, 0.0, 0.0, 0.0, 1.0],
                [-0.190337, 0.0, 0.981719, 0.038729, 0.981719, 0.0, 0.190337, 3.319035, 0.0, 1.0, 0.0, 0.658789, 0.0, 0.0, 0.0, 1.0],
                [-0.281125, 0.0, 0.959671, 0.053045, 0.959671, 0.0, 0.281125, 3.380764, 0.0, 1.0, 0.0, 0.688465, 0.0, 0.0, 0.0, 1.0],
                [-0.3627, 0.0, 0.931906, 0.07025, 0.931906, 0.0, 0.3627, 3.429599, 0.0, 1.0, 0.0, 0.708602, 0.0, 0.0, 0.0, 1.0],
                [-0.434284, 0.0, 0.900776, 0.090572, 0.900776, 0.0, 0.434284, 3.467162, 0.0, 1.0, 0.0, 0.716021, 0.0, 0.0, 0.0, 1.0],
                [-0.49592, 0.0, 0.868368, 0.114019, 0.868368, 0.0, 0.49592, 3.495191, 0.0, 1.0, 0.0, 0.715991, 0.0, 0.0, 0.0, 1.0],
                [-0.550228, 0.0, 0.835014, 0.139707, 0.835014, 0.0, 0.550228, 3.515908, 0.0, 1.0, 0.0, 0.715785, 0.0, 0.0, 0.0, 1.0],
                [-0.600384, 0.0, 0.799712, 0.166525, 0.799712, 0.0, 0.600384, 3.531655, 0.0, 1.0, 0.0, 0.715226, 0.0, 0.0, 0.0, 1.0],
                [-0.649298, 0.0, 0.760534, 0.193366, 0.760534, 0.0, 0.649298, 3.544774, 0.0, 1.0, 0.0, 0.714138, 0.0, 0.0, 0.0, 1.0],
                [-0.699447, 0.0, 0.714684, 0.219119, 0.714684, 0.0, 0.699447, 3.557606, 0.0, 1.0, 0.0, 0.712344, 0.0, 0.0, 0.0, 1.0],
                [-0.75266, 0.0, 0.658409, 0.242677, 0.658409, 0.0, 0.75266, 3.572493, 0.0, 1.0, 0.0, 0.709668, 0.0, 0.0, 0.0, 1.0],
                [-0.809732, 0.0, 0.5868, 0.26293, 0.5868, 0.0, 0.809732, 3.591777, 0.0, 1.0, 0.0, 0.705933, 0.0, 0.0, 0.0, 1.0],
                [-0.869696, 0.0, 0.493588, 0.278769, 0.493588, 0.0, 0.869696, 3.617799, 0.0, 1.0, 0.0, 0.700962, 0.0, 0.0, 0.0, 1.0],
                [-0.92856, 0.0, 0.371183, 0.289086, 0.371183, 0.0, 0.92856, 3.652901, 0.0, 1.0, 0.0, 0.69458, 0.0, 0.0, 0.0, 1.0],
                [-0.977367, 0.0, 0.21155, 0.292771, 0.21155, 0.0, 0.977367, 3.699426, 0.0, 1.0, 0.0, 0.68661, 0.0, 0.0, 0.0, 1.0],
                [-0.999929, 0.0, 0.011926, 0.292771, 0.011926, 0.0, 0.999929, 3.758732, 0.0, 1.0, 0.0, 0.671038, 0.0, 0.0, 0.0, 1.0],
                [-0.977574, 0.0, -0.210594, 0.292771, -0.210594, 0.0, 0.977574, 3.828249, 0.0, 1.0, 0.0, 0.646663, 0.0, 0.0, 0.0, 1.0],
                [-0.902432, 0.0, -0.430832, 0.292771, -0.430832, 0.0, 0.902432, 3.904425, 0.0, 1.0, 0.0, 0.620531, 0.0, 0.0, 0.0, 1.0],
                [-0.778936, 0.0, -0.627103, 0.292771, -0.627103, 0.0, 0.778936, 3.983707, 0.0, 1.0, 0.0, 0.599686, 0.0, 0.0, 0.0, 1.0],
                [-0.617732, 0.0, -0.786389, 0.292771, -0.786389, 0.0, 0.617732, 4.062542, 0.0, 1.0, 0.0, 0.591172, 0.0, 0.0, 0.0, 1.0],
                [-0.408712, 0.0, -0.912663, 0.284573, -0.912663, 0.0, 0.408712, 4.140433, 0.0, 1.0, 0.0, 0.59438, 0.0, 0.0, 0.0, 1.0],
                [-0.116973, 0.0, -0.993135, 0.262322, -0.993135, 0.0, 0.116973, 4.229098, 0.0, 1.0, 0.0, 0.6031, 0.0, 0.0, 0.0, 1.0],
                [0.266944, 0.0, -0.963712, 0.229531, -0.963712, 0.0, -0.266944, 4.343314, 0.0, 1.0, 0.0, 0.61597, 0.0, 0.0, 0.0, 1.0],
                [0.680856, 0.0, -0.732417, 0.189714, -0.732417, 0.0, -0.680856, 4.497854, 0.0, 1.0, 0.0, 0.631632, 0.0, 0.0, 0.0, 1.0],
                [0.958812, 0.0, -0.284042, 0.146383, -0.284042, 0.0, -0.958812, 4.700306, 0.0, 1.0, 0.0, 0.648726, 0.0, 0.0, 0.0, 1.0],
                [0.975845, 0.0, 0.218465, 0.103052, 0.218465, 0.0, -0.975845, 4.929513, 0.0, 1.0, 0.0, 0.665892, 0.0, 0.0, 0.0, 1.0],
                [0.807815, 0.0, 0.589436, 0.063235, 0.589436, 0.0, -0.807815, 5.157126, 0.0, 1.0, 0.0, 0.681771, 0.0, 0.0, 0.0, 1.0],
                [0.608448, 0.0, 0.793594, 0.030444, 0.793594, 0.0, -0.608448, 5.354802, 0.0, 1.0, 0.0, 0.695002, 0.0, 0.0, 0.0, 1.0],
                [0.468154, 0.0, 0.883647, 0.008193, 0.883647, 0.0, -0.468154, 5.494193, 0.0, 1.0, 0.0, 0.704227, 0.0, 0.0, 0.0, 1.0],
                [0.420825, 0.0, 0.907142, -5e-06, 0.907142, 0.0, -0.420825, 5.546957, 0.0, 1.0, 0.0, 0.708085, 0.0, 0.0, 0.0, 1.0],
                [0.426281, 0.0, 0.904591, -5e-06, 0.904591, 0.0, -0.426281, 5.546957, 0.0, 1.0, 0.0, 0.708795, 0.0, 0.0, 0.0, 1.0],
                [0.431798, 0.0, 0.901971, -5e-06, 0.901971, 0.0, -0.431798, 5.546957, 0.0, 1.0, 0.0, 0.709481, 0.0, 0.0, 0.0, 1.0],
                [0.437375, 0.0, 0.899279, -5e-06, 0.899279, 0.0, -0.437375, 5.546957, 0.0, 1.0, 0.0, 0.710144, 0.0, 0.0, 0.0, 1.0],
                [0.443016, 0.0, 0.896514, -5e-06, 0.896514, 0.0, -0.443016, 5.546957, 0.0, 1.0, 0.0, 0.710783, 0.0, 0.0, 0.0, 1.0],
                [0.44872, 0.0, 0.893672, -5e-06, 0.893672, 0.0, -0.44872, 5.546957, 0.0, 1.0, 0.0, 0.711401, 0.0, 0.0, 0.0, 1.0],
                [0.454489, 0.0, 0.890752, -5e-06, 0.890752, 0.0, -0.454489, 5.546957, 0.0, 1.0, 0.0, 0.711996, 0.0, 0.0, 0.0, 1.0],
                [0.460324, 0.0, 0.887751, -5e-06, 0.887751, 0.0, -0.460324, 5.546957, 0.0, 1.0, 0.0, 0.71257, 0.0, 0.0, 0.0, 1.0],
                [0.466226, 0.0, 0.884666, -5e-06, 0.884666, 0.0, -0.466226, 5.546957, 0.0, 1.0, 0.0, 0.713122, 0.0, 0.0, 0.0, 1.0],
                [0.472194, 0.0, 0.881495, -5e-06, 0.881495, 0.0, -0.472194, 5.546957, 0.0, 1.0, 0.0, 0.713654, 0.0, 0.0, 0.0, 1.0],
                [0.478231, 0.0, 0.878234, -5e-06, 0.878234, 0.0, -0.478231, 5.546957, 0.0, 1.0, 0.0, 0.714165, 0.0, 0.0, 0.0, 1.0],
                [0.484336, 0.0, 0.874882, -5e-06, 0.874882, 0.0, -0.484336, 5.546957, 0.0, 1.0, 0.0, 0.714657, 0.0, 0.0, 0.0, 1.0],
                [0.490509, 0.0, 0.871436, -5e-06, 0.871436, 0.0, -0.490509, 5.546957, 0.0, 1.0, 0.0, 0.715128, 0.0, 0.0, 0.0, 1.0],
                [0.496753, 0.0, 0.867892, -5e-06, 0.867892, 0.0, -0.496753, 5.546957, 0.0, 1.0, 0.0, 0.715581, 0.0, 0.0, 0.0, 1.0],
                [0.503066, 0.0, 0.864248, -5e-06, 0.864248, 0.0, -0.503066, 5.546957, 0.0, 1.0, 0.0, 0.716015, 0.0, 0.0, 0.0, 1.0],
                [0.50945, 0.0, 0.8605, -5e-06, 0.8605, 0.0, -0.50945, 5.546957, 0.0, 1.0, 0.0, 0.71643, 0.0, 0.0, 0.0, 1.0],
                [0.515904, 0.0, 0.856647, -5e-06, 0.856647, 0.0, -0.515904, 5.546957, 0.0, 1.0, 0.0, 0.716828, 0.0, 0.0, 0.0, 1.0],
                [0.522428, 0.0, 0.852683, -5e-06, 0.852683, 0.0, -0.522428, 5.546957, 0.0, 1.0, 0.0, 0.717208, 0.0, 0.0, 0.0, 1.0],
                [0.529022, 0.0, 0.848608, -5e-06, 0.848608, 0.0, -0.529022, 5.546957, 0.0, 1.0, 0.0, 0.717572, 0.0, 0.0, 0.0, 1.0],
                [0.535687, 0.0, 0.844417, -5e-06, 0.844417, 0.0, -0.535687, 5.546957, 0.0, 1.0, 0.0, 0.717918, 0.0, 0.0, 0.0, 1.0],
                [0.542421, 0.0, 0.840106, -5e-06, 0.840106, 0.0, -0.542421, 5.546957, 0.0, 1.0, 0.0, 0.718248, 0.0, 0.0, 0.0, 1.0],
                [0.549225, 0.0, 0.835674, -5e-06, 0.835674, 0.0, -0.549225, 5.546957, 0.0, 1.0, 0.0, 0.718563, 0.0, 0.0, 0.0, 1.0],
                [0.556098, 0.0, 0.831117, -5e-06, 0.831117, 0.0, -0.556098, 5.546957, 0.0, 1.0, 0.0, 0.718862, 0.0, 0.0, 0.0, 1.0],
                [0.56304, 0.0, 0.82643, -5e-06, 0.82643, 0.0, -0.56304, 5.546957, 0.0, 1.0, 0.0, 0.719146, 0.0, 0.0, 0.0, 1.0],
                [0.570049, 0.0, 0.821611, -5e-06, 0.821611, 0.0, -0.570049, 5.546957, 0.0, 1.0, 0.0, 0.719416, 0.0, 0.0, 0.0, 1.0],
                [0.577125, 0.0, 0.816656, -5e-06, 0.816656, 0.0, -0.577125, 5.546957, 0.0, 1.0, 0.0, 0.719671, 0.0, 0.0, 0.0, 1.0],
                [0.584266, 0.0, 0.811562, -5e-06, 0.811562, 0.0, -0.584266, 5.546957, 0.0, 1.0, 0.0, 0.719913, 0.0, 0.0, 0.0, 1.0],
                [0.591472, 0.0, 0.806326, -5e-06, 0.806326, 0.0, -0.591472, 5.546957, 0.0, 1.0, 0.0, 0.720142, 0.0, 0.0, 0.0, 1.0],
                [0.598741, 0.0, 0.800943, -5e-06, 0.800943, 0.0, -0.598741, 5.546957, 0.0, 1.0, 0.0, 0.720357, 0.0, 0.0, 0.0, 1.0],
                [0.606072, 0.0, 0.79541, -5e-06, 0.79541, 0.0, -0.606072, 5.546957, 0.0, 1.0, 0.0, 0.720561, 0.0, 0.0, 0.0, 1.0],
                [0.613462, 0.0, 0.789724, -5e-06, 0.789724, 0.0, -0.613462, 5.546957, 0.0, 1.0, 0.0, 0.720752, 0.0, 0.0, 0.0, 1.0],
                [0.620911, 0.0, 0.783881, -5e-06, 0.783881, 0.0, -0.620911, 5.546957, 0.0, 1.0, 0.0, 0.720931, 0.0, 0.0, 0.0, 1.0],
                [0.628415, 0.0, 0.777878, -5e-06, 0.777878, 0.0, -0.628415, 5.546957, 0.0, 1.0, 0.0, 0.721099, 0.0, 0.0, 0.0, 1.0],
                [0.635974, 0.0, 0.771711, -5e-06, 0.771711, 0.0, -0.635974, 5.546957, 0.0, 1.0, 0.0, 0.721257, 0.0, 0.0, 0.0, 1.0],
                [0.643584, 0.0, 0.765376, -5e-06, 0.765376, 0.0, -0.643584, 5.546957, 0.0, 1.0, 0.0, 0.721404, 0.0, 0.0, 0.0, 1.0],
                [0.651242, 0.0, 0.75887, -5e-06, 0.75887, 0.0, -0.651242, 5.546957, 0.0, 1.0, 0.0, 0.721541, 0.0, 0.0, 0.0, 1.0],
                [0.658947, 0.0, 0.75219, -5e-06, 0.75219, 0.0, -0.658947, 5.546957, 0.0, 1.0, 0.0, 0.721669, 0.0, 0.0, 0.0, 1.0],
                [0.666694, 0.0, 0.745332, -5e-06, 0.745332, 0.0, -0.666694, 5.546957, 0.0, 1.0, 0.0, 0.721787, 0.0, 0.0, 0.0, 1.0],
                [0.674481, 0.0, 0.738293, -5e-06, 0.738293, 0.0, -0.674481, 5.546957, 0.0, 1.0, 0.0, 0.721897, 0.0, 0.0, 0.0, 1.0],
                [0.682304, 0.0, 0.731069, -5e-06, 0.731069, 0.0, -0.682304, 5.546957, 0.0, 1.0, 0.0, 0.721998, 0.0, 0.0, 0.0, 1.0],
                [0.690159, 0.0, 0.723658, -5e-06, 0.723658, 0.0, -0.690159, 5.546957, 0.0, 1.0, 0.0, 0.722092, 0.0, 0.0, 0.0, 1.0],
                [0.698043, 0.0, 0.716056, -5e-06, 0.716056, 0.0, -0.698043, 5.546957, 0.0, 1.0, 0.0, 0.722178, 0.0, 0.0, 0.0, 1.0],
                [0.705951, 0.0, 0.708261, -5e-06, 0.708261, 0.0, -0.705951, 5.546957, 0.0, 1.0, 0.0, 0.722257, 0.0, 0.0, 0.0, 1.0],
                [0.713879, 0.0, 0.700269, -5e-06, 0.700269, 0.0, -0.713879, 5.546957, 0.0, 1.0, 0.0, 0.722329, 0.0, 0.0, 0.0, 1.0],
                [0.721823, 0.0, 0.692078, -5e-06, 0.692078, 0.0, -0.721823, 5.546957, 0.0, 1.0, 0.0, 0.722396, 0.0, 0.0, 0.0, 1.0],
                [0.729777, 0.0, 0.683686, -5e-06, 0.683686, 0.0, -0.729777, 5.546957, 0.0, 1.0, 0.0, 0.722456, 0.0, 0.0, 0.0, 1.0],
                [0.737736, 0.0, 0.675089, -5e-06, 0.675089, 0.0, -0.737736, 5.546957, 0.0, 1.0, 0.0, 0.722511, 0.0, 0.0, 0.0, 1.0],
                [0.745695, 0.0, 0.666287, -5e-06, 0.666287, 0.0, -0.745695, 5.546957, 0.0, 1.0, 0.0, 0.722561, 0.0, 0.0, 0.0, 1.0],
                [0.753649, 0.0, 0.657277, -5e-06, 0.657277, 0.0, -0.753649, 5.546957, 0.0, 1.0, 0.0, 0.722607, 0.0, 0.0, 0.0, 1.0],
                [0.761592, 0.0, 0.648057, -5e-06, 0.648057, 0.0, -0.761592, 5.546957, 0.0, 1.0, 0.0, 0.722648, 0.0, 0.0, 0.0, 1.0],
                [0.769517, 0.0, 0.638626, -5e-06, 0.638626, 0.0, -0.769517, 5.546957, 0.0, 1.0, 0.0, 0.722686, 0.0, 0.0, 0.0, 1.0],
                [0.777419, 0.0, 0.628983, -5e-06, 0.628983, 0.0, -0.777419, 5.546957, 0.0, 1.0, 0.0, 0.722721, 0.0, 0.0, 0.0, 1.0],
                [0.785291, 0.0, 0.619126, -5e-06, 0.619126, 0.0, -0.785291, 5.546957, 0.0, 1.0, 0.0, 0.722752, 0.0, 0.0, 0.0, 1.0],
                [0.793127, 0.0, 0.609057, -5e-06, 0.609057, 0.0, -0.793127, 5.546957, 0.0, 1.0, 0.0, 0.722781, 0.0, 0.0, 0.0, 1.0],
                [0.800919, 0.0, 0.598773, -5e-06, 0.598773, 0.0, -0.800919, 5.546957, 0.0, 1.0, 0.0, 0.722808, 0.0, 0.0, 0.0, 1.0],
                [0.80866, 0.0, 0.588276, -5e-06, 0.588276, 0.0, -0.80866, 5.546957, 0.0, 1.0, 0.0, 0.722834, 0.0, 0.0, 0.0, 1.0],
                [0.816344, 0.0, 0.577566, -5e-06, 0.577566, 0.0, -0.816344, 5.546957, 0.0, 1.0, 0.0, 0.722858, 0.0, 0.0, 0.0, 1.0],
                [0.823963, 0.0, 0.566643, -5e-06, 0.566643, 0.0, -0.823963, 5.546957, 0.0, 1.0, 0.0, 0.722882, 0.0, 0.0, 0.0, 1.0],
                [0.83151, 0.0, 0.55551, -5e-06, 0.55551, 0.0, -0.83151, 5.546957, 0.0, 1.0, 0.0, 0.722905, 0.0, 0.0, 0.0, 1.0],
                [0.838976, 0.0, 0.544168, -5e-06, 0.544168, 0.0, -0.838976, 5.546957, 0.0, 1.0, 0.0, 0.722928, 0.0, 0.0, 0.0, 1.0],
                [0.846355, 0.0, 0.532619, -5e-06, 0.532619, 0.0, -0.846355, 5.546957, 0.0, 1.0, 0.0, 0.722952, 0.0, 0.0, 0.0, 1.0],
                [0.853639, 0.0, 0.520865, -5e-06, 0.520865, 0.0, -0.853639, 5.546957, 0.0, 1.0, 0.0, 0.722976, 0.0, 0.0, 0.0, 1.0],
                [0.860819, 0.0, 0.508911, -5e-06, 0.508911, 0.0, -0.860819, 5.546957, 0.0, 1.0, 0.0, 0.723002, 0.0, 0.0, 0.0, 1.0],
                [0.867888, 0.0, 0.49676, -5e-06, 0.49676, 0.0, -0.867888, 5.546957, 0.0, 1.0, 0.0, 0.723029, 0.0, 0.0, 0.0, 1.0],
                [0.874837, 0.0, 0.484417, -5e-06, 0.484417, 0.0, -0.874837, 5.546957, 0.0, 1.0, 0.0, 0.723059, 0.0, 0.0, 0.0, 1.0],
                [0.881658, 0.0, 0.471889, -5e-06, 0.471889, 0.0, -0.881658, 5.546957, 0.0, 1.0, 0.0, 0.723089, 0.0, 0.0, 0.0, 1.0],
                [0.888342, 0.0, 0.459182, -5e-06, 0.459182, 0.0, -0.888342, 5.546957, 0.0, 1.0, 0.0, 0.723122, 0.0, 0.0, 0.0, 1.0],
                [0.894882, 0.0, 0.446303, -5e-06, 0.446303, 0.0, -0.894882, 5.546957, 0.0, 1.0, 0.0, 0.723155, 0.0, 0.0, 0.0, 1.0],
                [0.901269, 0.0, 0.43326, -5e-06, 0.43326, 0.0, -0.901269, 5.546957, 0.0, 1.0, 0.0, 0.723191, 0.0, 0.0, 0.0, 1.0],
                [0.907497, 0.0, 0.420059, -5e-06, 0.420059, 0.0, -0.907497, 5.546957, 0.0, 1.0, 0.0, 0.723228, 0.0, 0.0, 0.0, 1.0],
                [0.913557, 0.0, 0.406711, -5e-06, 0.406711, 0.0, -0.913557, 5.546957, 0.0, 1.0, 0.0, 0.723266, 0.0, 0.0, 0.0, 1.0],
                [0.919444, 0.0, 0.393221, -5e-06, 0.393221, 0.0, -0.919444, 5.546957, 0.0, 1.0, 0.0, 0.723305, 0.0, 0.0, 0.0, 1.0],
                [0.92515, 0.0, 0.379601, -5e-06, 0.379601, 0.0, -0.92515, 5.546957, 0.0, 1.0, 0.0, 0.723346, 0.0, 0.0, 0.0, 1.0],
                [0.930671, 0.0, 0.365858, -5e-06, 0.365858, 0.0, -0.930671, 5.546957, 0.0, 1.0, 0.0, 0.723388, 0.0, 0.0, 0.0, 1.0],
                [0.935999, 0.0, 0.352002, -5e-06, 0.352002, 0.0, -0.935999, 5.546957, 0.0, 1.0, 0.0, 0.723431, 0.0, 0.0, 0.0, 1.0],
                [0.941131, 0.0, 0.338042, -5e-06, 0.338042, 0.0, -0.941131, 5.546957, 0.0, 1.0, 0.0, 0.723475, 0.0, 0.0, 0.0, 1.0],
                [0.946061, 0.0, 0.32399, -5e-06, 0.32399, 0.0, -0.946061, 5.546957, 0.0, 1.0, 0.0, 0.723521, 0.0, 0.0, 0.0, 1.0],
                [0.950784, 0.0, 0.309853, -5e-06, 0.309853, 0.0, -0.950784, 5.546957, 0.0, 1.0, 0.0, 0.723567, 0.0, 0.0, 0.0, 1.0],
                [0.955298, 0.0, 0.295644, -5e-06, 0.295644, 0.0, -0.955298, 5.546957, 0.0, 1.0, 0.0, 0.723614, 0.0, 0.0, 0.0, 1.0],
                [0.959598, 0.0, 0.281373, -5e-06, 0.281373, 0.0, -0.959598, 5.546957, 0.0, 1.0, 0.0, 0.723663, 0.0, 0.0, 0.0, 1.0],
                [0.963683, 0.0, 0.26705, -5e-06, 0.26705, 0.0, -0.963683, 5.546957, 0.0, 1.0, 0.0, 0.723712, 0.0, 0.0, 0.0, 1.0],
                [0.967548, 0.0, 0.252686, -5e-06, 0.252686, 0.0, -0.967548, 5.546957, 0.0, 1.0, 0.0, 0.723762, 0.0, 0.0, 0.0, 1.0],
                [0.971193, 0.0, 0.238292, -5e-06, 0.238292, 0.0, -0.971193, 5.546957, 0.0, 1.0, 0.0, 0.723813, 0.0, 0.0, 0.0, 1.0],
                [0.974617, 0.0, 0.22388, -5e-06, 0.22388, 0.0, -0.974617, 5.546957, 0.0, 1.0, 0.0, 0.723865, 0.0, 0.0, 0.0, 1.0],
                [0.977817, 0.0, 0.20946, -5e-06, 0.20946, 0.0, -0.977817, 5.546957, 0.0, 1.0, 0.0, 0.723917, 0.0, 0.0, 0.0, 1.0],
                [0.980795, 0.0, 0.195043, -5e-06, 0.195043, 0.0, -0.980795, 5.546957, 0.0, 1.0, 0.0, 0.72397, 0.0, 0.0, 0.0, 1.0],
                [0.983549, 0.0, 0.180641, -5e-06, 0.180641, 0.0, -0.983549, 5.546957, 0.0, 1.0, 0.0, 0.724024, 0.0, 0.0, 0.0, 1.0],
                [0.986081, 0.0, 0.166265, -5e-06, 0.166265, 0.0, -0.986081, 5.546957, 0.0, 1.0, 0.0, 0.724078, 0.0, 0.0, 0.0, 1.0],
                [0.988392, 0.0, 0.151926, -5e-06, 0.151926, 0.0, -0.988392, 5.546957, 0.0, 1.0, 0.0, 0.724132, 0.0, 0.0, 0.0, 1.0],
                [0.990483, 0.0, 0.137635, -5e-06, 0.137635, 0.0, -0.990483, 5.546957, 0.0, 1.0, 0.0, 0.724187, 0.0, 0.0, 0.0, 1.0],
                [0.992357, 0.0, 0.123403, -5e-06, 0.123403, 0.0, -0.992357, 5.546957, 0.0, 1.0, 0.0, 0.724243, 0.0, 0.0, 0.0, 1.0],
                [0.994015, 0.0, 0.109241, -5e-06, 0.109241, 0.0, -0.994015, 5.546957, 0.0, 1.0, 0.0, 0.724299, 0.0, 0.0, 0.0, 1.0],
                [0.995462, 0.0, 0.095159, -5e-06, 0.095159, 0.0, -0.995462, 5.546957, 0.0, 1.0, 0.0, 0.724355, 0.0, 0.0, 0.0, 1.0],
                [0.9967, 0.0, 0.081169, -5e-06, 0.081169, 0.0, -0.9967, 5.546957, 0.0, 1.0, 0.0, 0.724411, 0.0, 0.0, 0.0, 1.0],
                [0.997734, 0.0, 0.067279, -5e-06, 0.067279, 0.0, -0.997734, 5.546957, 0.0, 1.0, 0.0, 0.724468, 0.0, 0.0, 0.0, 1.0],
                [0.998568, 0.0, 0.053502, -5e-06, 0.053502, 0.0, -0.998568, 5.546957, 0.0, 1.0, 0.0, 0.724525, 0.0, 0.0, 0.0, 1.0],
                [0.999206, 0.0, 0.039846, -5e-06, 0.039846, 0.0, -0.999206, 5.546957, 0.0, 1.0, 0.0, 0.724582, 0.0, 0.0, 0.0, 1.0],
                [0.999654, 0.0, 0.026321, -5e-06, 0.026321, 0.0, -0.999654, 5.546957, 0.0, 1.0, 0.0, 0.724639, 0.0, 0.0, 0.0, 1.0],
                [0.999916, 0.0, 0.012937, -5e-06, 0.012937, 0.0, -0.999916, 5.546957, 0.0, 1.0, 0.0, 0.724696, 0.0, 0.0, 0.0, 1.0],
                [1.0, 0.0, -0.000297, -5e-06, -0.000297, 0.0, -1.0, 5.546957, 0.0, 1.0, 0.0, 0.724753, 0.0, 0.0, 0.0, 1.0],
                [0.999911, 0.0, -0.013373, -5e-06, -0.013373, 0.0, -0.999911, 5.546957, 0.0, 1.0, 0.0, 0.72481, 0.0, 0.0, 0.0, 1.0],
                [0.999655, 0.0, -0.02628, -5e-06, -0.02628, 0.0, -0.999655, 5.546957, 0.0, 1.0, 0.0, 0.724867, 0.0, 0.0, 0.0, 1.0],
                [0.999239, 0.0, -0.039011, -5e-06, -0.039011, 0.0, -0.999239, 5.546957, 0.0, 1.0, 0.0, 0.724923, 0.0, 0.0, 0.0, 1.0],
                [0.99867, 0.0, -0.051558, -5e-06, -0.051558, 0.0, -0.99867, 5.546957, 0.0, 1.0, 0.0, 0.72498, 0.0, 0.0, 0.0, 1.0],
                [0.997955, 0.0, -0.063914, -5e-06, -0.063914, 0.0, -0.997955, 5.546957, 0.0, 1.0, 0.0, 0.725036, 0.0, 0.0, 0.0, 1.0],
                [0.997102, 0.0, -0.076069, -5e-06, -0.076069, 0.0, -0.997102, 5.546957, 0.0, 1.0, 0.0, 0.725092, 0.0, 0.0, 0.0, 1.0],
                [0.996119, 0.0, -0.088018, -5e-06, -0.088018, 0.0, -0.996119, 5.546957, 0.0, 1.0, 0.0, 0.725147, 0.0, 0.0, 0.0, 1.0],
                [0.995012, 0.0, -0.099754, -5e-06, -0.099754, 0.0, -0.995012, 5.546957, 0.0, 1.0, 0.0, 0.725202, 0.0, 0.0, 0.0, 1.0],
                [0.99379, 0.0, -0.111269, -5e-06, -0.111269, 0.0, -0.99379, 5.546957, 0.0, 1.0, 0.0, 0.725257, 0.0, 0.0, 0.0, 1.0],
                [0.992461, 0.0, -0.122557, -5e-06, -0.122557, 0.0, -0.992461, 5.546957, 0.0, 1.0, 0.0, 0.725311, 0.0, 0.0, 0.0, 1.0],
                [0.991034, 0.0, -0.133613, -5e-06, -0.133613, 0.0, -0.991034, 5.546957, 0.0, 1.0, 0.0, 0.725365, 0.0, 0.0, 0.0, 1.0],
                [0.989515, 0.0, -0.144431, -5e-06, -0.144431, 0.0, -0.989515, 5.546957, 0.0, 1.0, 0.0, 0.725418, 0.0, 0.0, 0.0, 1.0],
                [0.987914, 0.0, -0.155005, -5e-06, -0.155005, 0.0, -0.987914, 5.546957, 0.0, 1.0, 0.0, 0.72547, 0.0, 0.0, 0.0, 1.0],
                [0.986238, 0.0, -0.165329, -5e-06, -0.165329, 0.0, -0.986238, 5.546957, 0.0, 1.0, 0.0, 0.725521, 0.0, 0.0, 0.0, 1.0],
                [0.984497, 0.0, -0.1754, -5e-06, -0.1754, 0.0, -0.984497, 5.546957, 0.0, 1.0, 0.0, 0.725572, 0.0, 0.0, 0.0, 1.0],
                [0.982699, 0.0, -0.185213, -5e-06, -0.185213, 0.0, -0.982699, 5.546957, 0.0, 1.0, 0.0, 0.725622, 0.0, 0.0, 0.0, 1.0],
                [0.980851, 0.0, -0.194762, -5e-06, -0.194762, 0.0, -0.980851, 5.546957, 0.0, 1.0, 0.0, 0.725671, 0.0, 0.0, 0.0, 1.0],
                [0.978962, 0.0, -0.204044, -5e-06, -0.204044, 0.0, -0.978962, 5.546957, 0.0, 1.0, 0.0, 0.72572, 0.0, 0.0, 0.0, 1.0],
                [0.97704, 0.0, -0.213055, -5e-06, -0.213055, 0.0, -0.97704, 5.546957, 0.0, 1.0, 0.0, 0.725767, 0.0, 0.0, 0.0, 1.0],
                [0.975094, 0.0, -0.221791, -5e-06, -0.221791, 0.0, -0.975094, 5.546957, 0.0, 1.0, 0.0, 0.725813, 0.0, 0.0, 0.0, 1.0],
                [0.973132, 0.0, -0.230248, -5e-06, -0.230248, 0.0, -0.973132, 5.546957, 0.0, 1.0, 0.0, 0.725859, 0.0, 0.0, 0.0, 1.0],
                [0.971161, 0.0, -0.238424, -5e-06, -0.238424, 0.0, -0.971161, 5.546957, 0.0, 1.0, 0.0, 0.725903, 0.0, 0.0, 0.0, 1.0],
                [0.96919, 0.0, -0.246314, -5e-06, -0.246314, 0.0, -0.96919, 5.546957, 0.0, 1.0, 0.0, 0.725946, 0.0, 0.0, 0.0, 1.0],
                [0.967226, 0.0, -0.253916, -5e-06, -0.253916, 0.0, -0.967226, 5.546957, 0.0, 1.0, 0.0, 0.725988, 0.0, 0.0, 0.0, 1.0],
                [0.965278, 0.0, -0.261226, -5e-06, -0.261226, 0.0, -0.965278, 5.546957, 0.0, 1.0, 0.0, 0.726028, 0.0, 0.0, 0.0, 1.0],
                [0.963351, 0.0, -0.268242, -5e-06, -0.268242, 0.0, -0.963351, 5.546957, 0.0, 1.0, 0.0, 0.726068, 0.0, 0.0, 0.0, 1.0],
                [0.961455, 0.0, -0.274962, -5e-06, -0.274962, 0.0, -0.961455, 5.546957, 0.0, 1.0, 0.0, 0.726106, 0.0, 0.0, 0.0, 1.0],
                [0.959596, 0.0, -0.281381, -5e-06, -0.281381, 0.0, -0.959596, 5.546957, 0.0, 1.0, 0.0, 0.726142, 0.0, 0.0, 0.0, 1.0],
                [0.957781, 0.0, -0.287498, -5e-06, -0.287498, 0.0, -0.957781, 5.546957, 0.0, 1.0, 0.0, 0.726178, 0.0, 0.0, 0.0, 1.0],
                [0.956017, 0.0, -0.293311, -5e-06, -0.293311, 0.0, -0.956017, 5.546957, 0.0, 1.0, 0.0, 0.726211, 0.0, 0.0, 0.0, 1.0],
                [0.954311, 0.0, -0.298815, -5e-06, -0.298815, 0.0, -0.954311, 5.546957, 0.0, 1.0, 0.0, 0.726243, 0.0, 0.0, 0.0, 1.0],
                [0.952669, 0.0, -0.30401, -5e-06, -0.30401, 0.0, -0.952669, 5.546957, 0.0, 1.0, 0.0, 0.726274, 0.0, 0.0, 0.0, 1.0],
                [0.951097, 0.0, -0.308891, -5e-06, -0.308891, 0.0, -0.951097, 5.546957, 0.0, 1.0, 0.0, 0.726303, 0.0, 0.0, 0.0, 1.0],
                [0.949602, 0.0, -0.313458, -5e-06, -0.313458, 0.0, -0.949602, 5.546957, 0.0, 1.0, 0.0, 0.72633, 0.0, 0.0, 0.0, 1.0],
                [0.948189, 0.0, -0.317706, -5e-06, -0.317706, 0.0, -0.948189, 5.546957, 0.0, 1.0, 0.0, 0.726356, 0.0, 0.0, 0.0, 1.0],
                [0.946864, 0.0, -0.321633, -5e-06, -0.321633, 0.0, -0.946864, 5.546957, 0.0, 1.0, 0.0, 0.72638, 0.0, 0.0, 0.0, 1.0],
                [0.945632, 0.0, -0.325237, -5e-06, -0.325237, 0.0, -0.945632, 5.546957, 0.0, 1.0, 0.0, 0.726402, 0.0, 0.0, 0.0, 1.0],
                [0.944499, 0.0, -0.328514, -5e-06, -0.328514, 0.0, -0.944499, 5.546957, 0.0, 1.0, 0.0, 0.726422, 0.0, 0.0, 0.0, 1.0],
                [0.943469, 0.0, -0.331462, -5e-06, -0.331462, 0.0, -0.943469, 5.546957, 0.0, 1.0, 0.0, 0.72644, 0.0, 0.0, 0.0, 1.0],
                [0.942546, 0.0, -0.334077, -5e-06, -0.334077, 0.0, -0.942546, 5.546957, 0.0, 1.0, 0.0, 0.726456, 0.0, 0.0, 0.0, 1.0],
                [0.941735, 0.0, -0.336356, -5e-06, -0.336356, 0.0, -0.941735, 5.546957, 0.0, 1.0, 0.0, 0.726471, 0.0, 0.0, 0.0, 1.0],
                [0.94104, 0.0, -0.338295, -5e-06, -0.338295, 0.0, -0.94104, 5.546957, 0.0, 1.0, 0.0, 0.726483, 0.0, 0.0, 0.0, 1.0],
                [0.940465, 0.0, -0.339891, -5e-06, -0.339891, 0.0, -0.940465, 5.546957, 0.0, 1.0, 0.0, 0.726493, 0.0, 0.0, 0.0, 1.0],
                [0.940013, 0.0, -0.341139, -5e-06, -0.341139, 0.0, -0.940013, 5.546957, 0.0, 1.0, 0.0, 0.726501, 0.0, 0.0, 0.0, 1.0],
                [0.939687, 0.0, -0.342037, -5e-06, -0.342037, 0.0, -0.939687, 5.546957, 0.0, 1.0, 0.0, 0.726507, 0.0, 0.0, 0.0, 1.0],
                [0.939489, 0.0, -0.342579, -5e-06, -0.342579, 0.0, -0.939489, 5.546957, 0.0, 1.0, 0.0, 0.72651, 0.0, 0.0, 0.0, 1.0],
                [0.939423, 0.0, -0.342761, -5e-06, -0.342761, 0.0, -0.939423, 5.546957, 0.0, 1.0, 0.0, 0.726511, 0.0, 0.0, 0.0, 1.0]
            ]
        },
        {
            "name": "Thigh_R",
            "time": [0.0, 0.0167, 0.0333, 0.05, 0.0667, 0.0833, 0.1, 0.1167, 0.1333, 0.15, 0.1667, 0.1833, 0.2, 0.2167, 0.2333, 0.25, 0.2667, 0.2833, 0.3, 0.3167, 0.3333, 0.35, 0.3667, 0.3833, 0.4, 0.4167, 0.4333, 0.45, 0.4667, 0.4833, 0.5, 0.5167, 0.5333, 0.55, 0.5667, 0.5833, 0.6, 0.6167, 0.6333, 0.65, 0.6667, 0.6833, 0.7, 0.7167, 0.7333, 0.75, 0.7667, 0.7833, 0.8, 0.8167, 0.8333, 0.85, 0.8667, 0.8833, 0.9, 0.9167, 0.9333, 0.95, 0.9667, 0.9833, 1.0, 1.0167, 1.0333, 1.05, 1.0667, 1.0833, 1.1, 1.1167, 1.1333, 1.15, 1.1667, 1.1833, 1.2, 1.2167, 1.2333, 1.25, 1.2667, 1.2833, 1.3, 1.3167, 1.3333, 1.35, 1.3667, 1.3833, 1.4, 1.4167, 1.4333, 1.45, 1.4667, 1.4833, 1.5, 1.5167, 1.5333, 1.55, 1.5667, 1.5833, 1.6, 1.6167, 1.6333, 1.65, 1.6667, 1.6833, 1.7, 1.7167, 1.7333, 1.75, 1.7667, 1.7833, 1.8, 1.8167, 1.8333, 1.85, 1.8667, 1.8833, 1.9, 1.9167, 1.9333, 1.95, 1.9667, 1.9833, 2.0, 2.0167, 2.0333, 2.05, 2.0667, 2.0833, 2.1, 2.1167, 2.1333, 2.15, 2.1667, 2.1833, 2.2, 2.2167, 2.2333, 2.25, 2.2667, 2.2833, 2.3, 2.3167, 2.3333, 2.35, 2.3667, 2.3833, 2.4, 2.4167, 2.4333, 2.45, 2.4667, 2.4833, 2.5, 2.5167, 2.5333, 2.55, 2.5667, 2.5833, 2.6, 2.6167, 2.6333, 2.65, 2.6667, 2.6833, 2.7, 2.7167, 2.7333, 2.75, 2.7667, 2.7833, 2.8, 2.8167, 2.8333, 2.85, 2.8667, 2.8833, 2.9, 2.9167, 2.9333, 2.95, 2.9667, 2.9833, 3.0, 3.0167, 3.0333, 3.05, 3.0667, 3.0833, 3.1, 3.1167, 3.1333, 3.15, 3.1667, 3.1833, 3.2, 3.2167, 3.2333, 3.25, 3.2667, 3.2833, 3.3, 3.3167, 3.3333, 3.35, 3.3667, 3.3833, 3.4, 3.4167, 3.4333, 3.45, 3.4667, 3.4833, 3.5, 3.5167],
            "transform": [
                [0.989991, 0.141125, 0.001286, 0.124994, 0.139643, -0.980826, 0.135925, -0.002831, 0.020444, -0.134384, -0.990719, -1.2e-05, 0.0, 0.0, 0.0, 1.0],
                [0.989568, 0.143995, 0.004469, 0.124994, 0.141886, -0.979507, 0.142933, -0.002831, 0.024959, -0.140808, -0.989723, -1.2e-05, 0.0, 0.0, 0.0, 1.0],
                [0.98826, 0.152196, 0.013334, 0.124994, 0.148037, -0.975504, 0.162707, -0.002831, 0.03777, -0.158822, -0.986585, -1.2e-05, 0.0, 0.0, 0.0, 1.0],
                [0.985893, 0.165224, 0.026757, 0.124994, 0.157056, -0.968469, 0.193383, -0.002831, 0.057865, -0.186451, -0.980759, -1.2e-05, 0.0, 0.0, 0.0, 1.0],
                [0.98222, 0.182618, 0.043516, 0.124994, 0.16777, -0.957884, 0.23304, -0.002831, 0.084241, -0.221595, -0.971493, -1.2e-05, 0.0, 0.0, 0.0, 1.0],
                [0.977015, 0.203853, 0.062333, 0.124994, 0.178976, -0.94328, 0.27962, -0.002831, 0.115799, -0.262036, -0.958086, -1.2e-05, 0.0, 0.0, 0.0, 1.0],
                [0.970146, 0.228258, 0.081942, 0.124994, 0.189554, -0.924429, 0.330902, -0.002831, 0.151281, -0.30549, -0.940101, -1.2e-05, 0.0, 0.0, 0.0, 1.0],
                [0.961639, 0.254978, 0.101168, 0.124994, 0.198576, -0.901493, 0.384544, -0.002831, 0.189252, -0.349702, -0.917547, -1.2e-05, 0.0, 0.0, 0.0, 1.0],
                [0.951714, 0.282977, 0.119011, 0.124994, 0.205404, -0.875101, 0.438183, -0.002831, 0.228142, -0.392578, -0.890973, -1.2e-05, 0.0, 0.0, 0.0, 1.0],
                [0.940786, 0.311078, 0.134723, 0.124994, 0.20975, -0.846362, 0.489564, -0.002831, 0.266317, -0.432316, -0.861497, -1.2e-05, 0.0, 0.0, 0.0, 1.0],
                [0.929449, 0.338032, 0.147846, 0.124994, 0.211697, -0.8168, 0.536674, -0.002831, 0.302174, -0.467512, -0.830737, -1.2e-05, 0.0, 0.0, 0.0, 1.0],
                [0.918421, 0.362589, 0.158212, 0.124994, 0.211657, -0.788241, 0.57782, -0.002831, 0.33422, -0.497194, -0.800684, -1.2e-05, 0.0, 0.0, 0.0, 1.0],
                [0.908497, 0.383549, 0.165897, 0.124994, 0.210297, -0.762671, 0.611641, -0.002831, 0.36112, -0.520785, -0.773546, -1.2e-05, 0.0, 0.0, 0.0, 1.0],
                [0.900486, 0.399797, 0.17113, 0.124994, 0.208417, -0.742111, 0.63705, -0.002831, 0.381689, -0.537987, -0.751587, -1.2e-05, 0.0, 0.0, 0.0, 1.0],
                [0.895169, 0.410285, 0.174176, 0.124994, 0.206824, -0.728497, 0.65308, -0.002831, 0.394836, -0.548592, -0.736987, -1.2e-05, 0.0, 0.0, 0.0, 1.0],
                [0.893255, 0.414006, 0.175194, 0.124994, 0.206187, -0.723604, 0.658697, -0.002831, 0.399476, -0.552261, -0.731728, -1.2e-05, 0.0, 0.0, 0.0, 1.0],
                [0.896518, 0.404908, 0.179733, 0.124994, 0.202429, -0.735304, 0.646798, -0.002831, 0.394053, -0.543481, -0.741181, -1.2e-05, 0.0, 0.0, 0.0, 1.0],
                [0.905132, 0.379635, 0.191342, 0.124994, 0.191639, -0.766107, 0.613476, -0.002831, 0.379486, -0.518607, -0.766183, -1.2e-05, 0.0, 0.0, 0.0, 1.0],
                [0.917123, 0.34097, 0.206454, 0.124994, 0.174208, -0.808728, 0.56179, -0.002831, 0.35852, -0.479263, -0.801105, -1.2e-05, 0.0, 0.0, 0.0, 1.0],
                [0.930416, 0.292078, 0.221394, 0.124994, 0.150711, -0.855536, 0.495319, -0.002831, 0.334083, -0.427485, -0.840026, -1.2e-05, 0.0, 0.0, 0.0, 1.0],
                [0.943114, 0.237015, 0.233151, 0.124994, 0.122481, -0.899635, 0.419109, -0.002831, 0.309086, -0.366709, -0.877491, -1.2e-05, 0.0, 0.0, 0.0, 1.0],
                [0.953794, 0.180714, 0.240037, 0.124994, 0.091824, -0.935998, 0.339813, -0.002831, 0.286084, -0.30207, -0.909346, -1.2e-05, 0.0, 0.0, 0.0, 1.0],
                [0.961721, 0.128526, 0.242019, 0.124994, 0.061871, -0.962221, 0.265137, -0.002831, 0.266954, -0.240013, -0.933343, -1.2e-05, 0.0, 0.0, 0.0, 1.0],
                [0.966848, 0.085646, 0.240559, 0.124994, 0.036183, -0.978517, 0.202956, -0.002831, 0.252774, -0.187523, -0.949179, -1.2e-05, 0.0, 0.0, 0.0, 1.0],
                [0.969601, 0.056773, 0.238014, 0.124994, 0.018342, -0.986835, 0.160671, -0.002831, 0.244003, -0.15142, -0.957881, -1.2e-05, 0.0, 0.0, 0.0, 1.0],
                [0.970467, 0.046204, 0.236767, 0.124994, 0.011701, -0.989345, 0.145108, -0.002831, 0.240949, -0.138051, -0.960669, -1.2e-05, 0.0, 0.0, 0.0, 1.0],
                [0.967571, 0.097028, 0.233219, 0.124994, 0.038635, -0.969263, 0.242966, -0.002831, 0.249626, -0.226075, -0.941582, -1.2e-05, 0.0, 0.0, 0.0, 1.0],
                [0.95446, 0.218217, 0.203437, 0.124994, 0.099774, -0.876114, 0.471664, -0.002831, 0.281159, -0.429886, -0.85799, -1.2e-05, 0.0, 0.0, 0.0, 1.0],
                [0.928119, 0.348997, 0.129596, 0.124994, 0.159325, -0.686981, 0.708993, -0.002831, 0.336467, -0.63738, -0.693206, -1.2e-05, 0.0, 0.0, 0.0, 1.0],
                [0.899397, 0.43497, 0.043406, 0.124994, 0.191557, -0.481435, 0.855292, -0.002831, 0.392924, -0.760932, -0.516325, -1.2e-05, 0.0, 0.0, 0.0, 1.0],
                [0.885666, 0.464288, 0.005536, 0.124994, 0.198078, -0.388577, 0.899874, -0.002831, 0.419952, -0.79589, -0.436116, -1.2e-05, 0.0, 0.0, 0.0, 1.0],
                [0.887822, 0.459694, 0.021259, 0.124994, 0.192234, -0.412448, 0.890467, -0.002831, 0.418111, -0.786488, -0.454551, -1.2e-05, 0.0, 0.0, 0.0, 1.0],
                [0.895752, 0.441044, 0.055742, 0.124994, 0.180652, -0.475701, 0.860856, -0.002831, 0.406192, -0.761042, -0.505787, -1.2e-05, 0.0, 0.0, 0.0, 1.0],
                [0.907437, 0.407508, 0.102443, 0.124994, 0.162772, -0.56568, 0.8084, -0.002831, 0.38738, -0.716895, -0.579651, -1.2e-05, 0.0, 0.0, 0.0, 1.0],
                [0.920604, 0.358971, 0.153712, 0.124994, 0.138251, -0.667751, 0.731433, -0.002831, 0.365205, -0.652107, -0.664364, -1.2e-05, 0.0, 0.0, 0.0, 1.0],
                [0.933006, 0.297976, 0.201765, 0.124994, 0.10801, -0.766703, 0.632849, -0.002831, 0.343269, -0.568658, -0.747525, -1.2e-05, 0.0, 0.0, 0.0, 1.0],
                [0.942914, 0.230389, 0.240485, 0.124994, 0.074642, -0.849925, 0.521587, -0.002831, 0.324562, -0.473861, -0.818606, -1.2e-05, 0.0, 0.0, 0.0, 1.0],
                [0.94956, 0.1644, 0.267036, 0.124994, 0.042004, -0.910563, 0.411226, -0.002831, 0.310759, -0.379266, -0.871542, -1.2e-05, 0.0, 0.0, 0.0, 1.0],
                [0.953195, 0.108611, 0.282173, 0.124994, 0.014303, -0.948404, 0.316736, -0.002831, 0.302016, -0.297874, -0.90557, -1.2e-05, 0.0, 0.0, 0.0, 1.0],
                [0.954726, 0.070571, 0.288993, 0.124994, -0.004658, -0.967787, 0.25172, -0.002831, 0.297448, -0.241668, -0.923646, -1.2e-05, 0.0, 0.0, 0.0, 1.0],
                [0.955106, 0.056591, 0.290808, 0.124994, -0.011642, -0.973657, 0.22771, -0.002831, 0.296034, -0.220872, -0.92929, -1.2e-05, 0.0, 0.0, 0.0, 1.0],
                [0.957092, 0.056432, 0.284235, 0.124994, -0.011178, -0.972933, 0.230807, -0.002831, 0.289567, -0.22408, -0.930559, -1.2e-05, 0.0, 0.0, 0.0, 1.0],
                [0.962449, 0.056397, 0.265537, 0.124994, -0.009127, -0.970903, 0.239291, -0.002831, 0.271306, -0.232728, -0.933933, -1.2e-05, 0.0, 0.0, 0.0, 1.0],
                [0.970038, 0.057054, 0.236159, 0.124994, -0.004403, -0.967744, 0.251887, -0.002831, 0.242913, -0.245379, -0.9385, -1.2e-05, 0.0, 0.0, 0.0, 1.0],
                [0.978525, 0.058947, 0.197519, 0.124994, 0.004116, -0.963632, 0.267193, -0.002831, 0.206086, -0.260641, -0.943183, -1.2e-05, 0.0, 0.0, 0.0, 1.0],
                [0.98653, 0.062689, 0.151092, 0.124994, 0.017482, -0.958764, 0.283658, -0.002831, 0.162644, -0.277194, -0.946948, -1.2e-05, 0.0, 0.0, 0.0, 1.0],
                [0.992742, 0.069032, 0.098471, 0.124994, 0.036578, -0.953365, 0.299588, -0.002831, 0.11456, -0.293811, -0.948974, -1.2e-05, 0.0, 0.0, 0.0, 1.0],
                [0.996023, 0.078897, 0.041395, 0.124994, 0.06205, -0.947659, 0.31319, -0.002831, 0.063938, -0.309374, -0.948788, -1.2e-05, 0.0, 0.0, 0.0, 1.0],
                [0.995462, 0.093388, -0.018253, 0.124994, 0.094271, -0.941817, 0.32263, -0.002831, 0.012939, -0.322886, -0.94635, -1.2e-05, 0.0, 0.0, 0.0, 1.0],
                [0.990404, 0.113769, -0.078464, 0.124994, 0.133342, -0.935877, 0.326114, -0.002831, -0.036331, -0.333446, -0.942069, -1.2e-05, 0.0, 0.0, 0.0, 1.0],
                [0.980408, 0.14142, -0.137108, 0.124994, 0.179125, -0.929652, 0.321959, -0.002831, -0.081931, -0.34021, -0.936773, -1.2e-05, 0.0, 0.0, 0.0, 1.0],
                [0.958102, 0.208193, -0.196711, 0.124994, 0.261035, -0.917373, 0.300472, -0.002831, -0.117901, -0.33923, -0.933286, -1.2e-05, 0.0, 0.0, 0.0, 1.0],
                [0.912853, 0.320306, -0.253185, 0.124994, 0.382636, -0.887487, 0.256813, -0.002831, -0.142441, -0.331309, -0.932708, -1.2e-05, 0.0, 0.0, 0.0, 1.0],
