{
    "animation": [
        {
            "name": "Root",
            "time": [0.0, 0.0167, 0.0333, 0.05, 0.0667, 0.0833, 0.1, 0.1167, 0.1333, 0.15, 0.1667, 0.1833, 0.2, 0.2167, 0.2333, 0.25, 0.2667, 0.2833, 0.3, 0.3167, 0.3333, 0.35, 0.3667, 0.3833, 0.4, 0.4167, 0.4333, 0.45, 0.4667, 0.4833, 0.5, 0.5167, 0.5333, 0.55, 0.5667, 0.5833, 0.6, 0.6167, 0.6333, 0.65, 0.6667, 0.6833, 0.7, 0.7167, 0.7333, 0.75, 0.7667, 0.7833, 0.8, 0.8167, 0.8333, 0.85, 0.8667, 0.8833, 0.9, 0.9167, 0.9333, 0.95, 0.9667, 0.9833, 1.0, 1.0167, 1.0333, 1.05, 1.0667, 1.0833, 1.1, 1.1167, 1.1333, 1.15, 1.1667, 1.1833],
            "transform": [
                [0.839638, 0.0, -0.543146, -5e-06, -0.543146, 0.0, -0.839638, 0.250841, 0.0, 1.0, 0.0, 0.517257, 0.0, 0.0, 0.0, 1.0],
                [0.854765, 0.0, -0.519016, -5e-06, -0.519016, 0.0, -0.854765, 0.268414, 0.0, 1.0, 0.0, 0.527093, 0.0, 0.0, 0.0, 1.0],
                [0.893344, 0.0, -0.449373, -5e-06, -0.449373, 0.0, -0.893344, 0.318676, 0.0, 1.0, 0.0, 0.552635, 0.0, 0.0, 0.0, 1.0],
                [0.941546, 0.0, -0.336883, -5e-06, -0.336883, 0.0, -0.941546, 0.397943, 0.0, 1.0, 0.0, 0.587934, 0.0, 0.0, 0.0, 1.0],
                [0.982755, 0.0, -0.18491, -5e-06, -0.18491, 0.0, -0.982755, 0.502528, 0.0, 1.0, 0.0, 0.627043, 0.0, 0.0, 0.0, 1.0],
                [1.0, 0.0, 0.0, -5e-06, 0.0, 0.0, -1.0, 0.628749, 0.0, 1.0, 0.0, 0.664013, 0.0, 0.0, 0.0, 1.0],
                [0.978347, 0.0, 0.206972, -5e-06, 0.206972, 0.0, -0.978347, 0.772477, 0.0, 1.0, 0.0, 0.693974, 0.0, 0.0, 0.0, 1.0],
                [0.90797, 0.0, 0.419035, -5e-06, 0.419035, 0.0, -0.90797, 0.927812, 0.0, 1.0, 0.0, 0.716369, 0.0, 0.0, 0.0, 1.0],
                [0.789222, 0.0, 0.614109, -5e-06, 0.614109, 0.0, -0.789222, 1.088412, 0.0, 1.0, 0.0, 0.73172, 0.0, 0.0, 0.0, 1.0],
                [0.635585, 0.0, 0.772031, -5e-06, 0.772031, 0.0, -0.635585, 1.247935, 0.0, 1.0, 0.0, 0.740548, 0.0, 0.0, 0.0, 1.0],
                [0.470482, 0.0, 0.88241, -5e-06, 0.88241, 0.0, -0.470482, 1.400037, 0.0, 1.0, 0.0, 0.743375, 0.0, 0.0, 0.0, 1.0],
                [0.314893, 0.0, 0.949127, -5e-06, 0.949127, 0.0, -0.314893, 1.539448, 0.0, 1.0, 0.0, 0.73909, 0.0, 0.0, 0.0, 1.0],
                [0.176012, 0.0, 0.984388, -5e-06, 0.984388, 0.0, -0.176012, 1.665182, 0.0, 1.0, 0.0, 0.727343, 0.0, 0.0, 0.0, 1.0],
                [0.056292, 0.0, 0.998414, -5e-06, 0.998414, 0.0, -0.056292, 1.777321, 0.0, 1.0, 0.0, 0.709792, 0.0, 0.0, 0.0, 1.0],
                [-0.044399, 0.0, 0.999014, -5e-06, 0.999014, 0.0, 0.044399, 1.875951, 0.0, 1.0, 0.0, 0.688094, 0.0, 0.0, 0.0, 1.0],
                [-0.127333, 0.0, 0.99186, -5e-06, 0.99186, 0.0, 0.127333, 1.961156, 0.0, 1.0, 0.0, 0.663909, 0.0, 0.0, 0.0, 1.0],
                [-0.194123, 0.0, 0.980977, -5e-06, 0.980977, 0.0, 0.194123, 2.033021, 0.0, 1.0, 0.0, 0.638894, 0.0, 0.0, 0.0, 1.0],
                [-0.246326, 0.0, 0.969187, -5e-06, 0.969187, 0.0, 0.246326, 2.091631, 0.0, 1.0, 0.0, 0.614709, 0.0, 0.0, 0.0, 1.0],
                [-0.285284, 0.0, 0.958443, -5e-06, 0.958443, 0.0, 0.285284, 2.137069, 0.0, 1.0, 0.0, 0.593011, 0.0, 0.0, 0.0, 1.0],
                [-0.31209, 0.0, 0.950053, -5e-06, 0.950053, 0.0, 0.31209, 2.16942, 0.0, 1.0, 0.0, 0.57546, 0.0, 0.0, 0.0, 1.0],
                [-0.327627, 0.0, 0.944807, -5e-06, 0.944807, 0.0, 0.327627, 2.188769, 0.0, 1.0, 0.0, 0.563712, 0.0, 0.0, 0.0, 1.0],
                [-0.332646, 0.0, 0.943052, -5e-06, 0.943052, 0.0, 0.332646, 2.195199, 0.0, 1.0, 0.0, 0.559428, 0.0, 0.0, 0.0, 1.0],
                [-0.332646, 0.0, 0.943052, -5e-06, 0.943052, 0.0, 0.332646, 2.195199, 0.0, 1.0, 0.0, 0.559428, 0.0, 0.0, 0.0, 1.0],
                [-0.332646, 0.0, 0.943052, -5e-06, 0.943052, 0.0, 0.332646, 2.195199, 0.0, 1.0, 0.0, 0.559428, 0.0, 0.0, 0.0, 1.0],
                [-0.332646, 0.0, 0.943052, -5e-06, 0.943052, 0.0, 0.332646, 2.195199, 0.0, 1.0, 0.0, 0.559428, 0.0, 0.0, 0.0, 1.0],
                [-0.332646, 0.0, 0.943052, -5e-06, 0.943052, 0.0, 0.332646, 2.196949, 0.0, 1.0, 0.0, 0.559863, 0.0, 0.0, 0.0, 1.0],
                [-0.332646, 0.0, 0.943052, -5e-06, 0.943052, 0.0, 0.332646, 2.201932, 0.0, 1.0, 0.0, 0.561122, 0.0, 0.0, 0.0, 1.0],
                [-0.332646, 0.0, 0.943052, -5e-06, 0.943052, 0.0, 0.332646, 2.209749, 0.0, 1.0, 0.0, 0.563135, 0.0, 0.0, 0.0, 1.0],
                [-0.332646, 0.0, 0.943052, -5e-06, 0.943052, 0.0, 0.332646, 2.220002, 0.0, 1.0, 0.0, 0.565831, 0.0, 0.0, 0.0, 1.0],
                [-0.332646, 0.0, 0.943052, -5e-06, 0.943052, 0.0, 0.332646, 2.23229, 0.0, 1.0, 0.0, 0.569142, 0.0, 0.0, 0.0, 1.0],
                [-0.332646, 0.0, 0.943052, -5e-06, 0.943052, 0.0, 0.332646, 2.246216, 0.0, 1.0, 0.0, 0.572996, 0.0, 0.0, 0.0, 1.0],
                [-0.332646, 0.0, 0.943052, -5e-06, 0.943052, 0.0, 0.332646, 2.261379, 0.0, 1.0, 0.0, 0.577325, 0.0, 0.0, 0.0, 1.0],
                [-0.332646, 0.0, 0.943052, -5e-06, 0.943052, 0.0, 0.332646, 2.277382, 0.0, 1.0, 0.0, 0.582059, 0.0, 0.0, 0.0, 1.0],
                [-0.332646, 0.0, 0.943052, -5e-06, 0.943052, 0.0, 0.332646, 2.293824, 0.0, 1.0, 0.0, 0.587127, 0.0, 0.0, 0.0, 1.0],
                [-0.332646, 0.0, 0.943052, -5e-06, 0.943052, 0.0, 0.332646, 2.310307, 0.0, 1.0, 0.0, 0.59246, 0.0, 0.0, 0.0, 1.0],
                [-0.332646, 0.0, 0.943052, -5e-06, 0.943052, 0.0, 0.332646, 2.326431, 0.0, 1.0, 0.0, 0.597988, 0.0, 0.0, 0.0, 1.0],
                [-0.332646, 0.0, 0.943052, -5e-06, 0.943052, 0.0, 0.332646, 2.341798, 0.0, 1.0, 0.0, 0.603641, 0.0, 0.0, 0.0, 1.0],
                [-0.332646, 0.0, 0.943052, -5e-06, 0.943052, 0.0, 0.332646, 2.356009, 0.0, 1.0, 0.0, 0.609349, 0.0, 0.0, 0.0, 1.0],
                [-0.332646, 0.0, 0.943052, -5e-06, 0.943052, 0.0, 0.332646, 2.368664, 0.0, 1.0, 0.0, 0.615042, 0.0, 0.0, 0.0, 1.0],
                [-0.332646, 0.0, 0.943052, -5e-06, 0.943052, 0.0, 0.332646, 2.379364, 0.0, 1.0, 0.0, 0.620651, 0.0, 0.0, 0.0, 1.0],
                [-0.332646, 0.0, 0.943052, -5e-06, 0.943052, 0.0, 0.332646, 2.387711, 0.0, 1.0, 0.0, 0.626106, 0.0, 0.0, 0.0, 1.0],
                [-0.32734, 0.0, 0.944906, -0.000428, 0.944906, 0.0, 0.32734, 2.393502, 0.0, 1.0, 0.0, 0.631348, 0.0, 0.0, 0.0, 1.0],
                [-0.311718, 0.0, 0.950175, -0.00166, 0.950175, 0.0, 0.311718, 2.39732, 0.0, 1.0, 0.0, 0.63637, 0.0, 0.0, 0.0, 1.0],
                [-0.286014, 0.0, 0.958226, -0.003646, 0.958226, 0.0, 0.286014, 2.399947, 0.0, 1.0, 0.0, 0.641174, 0.0, 0.0, 0.0, 1.0],
                [-0.250246, 0.0, 0.968182, -0.00633, 0.968182, 0.0, 0.250246, 2.402163, 0.0, 1.0, 0.0, 0.645764, 0.0, 0.0, 0.0, 1.0],
                [-0.204305, 0.0, 0.978907, -0.009655, 0.978907, 0.0, 0.204305, 2.404748, 0.0, 1.0, 0.0, 0.650143, 0.0, 0.0, 0.0, 1.0],
                [-0.148056, 0.0, 0.988979, -0.013567, 0.988979, 0.0, 0.148056, 2.408482, 0.0, 1.0, 0.0, 0.654314, 0.0, 0.0, 0.0, 1.0],
                [-0.081454, 0.0, 0.996677, -0.018009, 0.996677, 0.0, 0.081454, 2.414147, 0.0, 1.0, 0.0, 0.658281, 0.0, 0.0, 0.0, 1.0],
                [-0.004688, 0.0, 0.999989, -0.022925, 0.999989, 0.0, 0.004688, 2.422524, 0.0, 1.0, 0.0, 0.662047, 0.0, 0.0, 0.0, 1.0],
                [0.081661, 0.0, 0.99666, -0.028259, 0.99666, 0.0, -0.081661, 2.434391, 0.0, 1.0, 0.0, 0.665615, 0.0, 0.0, 0.0, 1.0],
                [0.176462, 0.0, 0.984307, -0.033957, 0.984307, 0.0, -0.176462, 2.450531, 0.0, 1.0, 0.0, 0.668989, 0.0, 0.0, 0.0, 1.0],
                [0.277898, 0.0, 0.960611, -0.039961, 0.960611, 0.0, -0.277898, 2.471499, 0.0, 1.0, 0.0, 0.672172, 0.0, 0.0, 0.0, 1.0],
                [0.383405, 0.0, 0.92358, -0.046217, 0.92358, 0.0, -0.383405, 2.496955, 0.0, 1.0, 0.0, 0.675168, 0.0, 0.0, 0.0, 1.0],
                [0.489733, 0.0, 0.871872, -0.052668, 0.871872, 0.0, -0.489733, 2.526332, 0.0, 1.0, 0.0, 0.677979, 0.0, 0.0, 0.0, 1.0],
                [0.593145, 0.0, 0.805095, -0.059258, 0.805095, 0.0, -0.593145, 2.559066, 0.0, 1.0, 0.0, 0.680609, 0.0, 0.0, 0.0, 1.0],
                [0.68978, 0.0, 0.724019, -0.065932, 0.724019, 0.0, -0.68978, 2.594592, 0.0, 1.0, 0.0, 0.683061, 0.0, 0.0, 0.0, 1.0],
                [0.776094, 0.0, 0.630617, -0.072634, 0.630617, 0.0, -0.776094, 2.632344, 0.0, 1.0, 0.0, 0.685339, 0.0, 0.0, 0.0, 1.0],
                [0.849309, 0.0, 0.527897, -0.079309, 0.527897, 0.0, -0.849309, 2.671757, 0.0, 1.0, 0.0, 0.687446, 0.0, 0.0, 0.0, 1.0],
                [0.907734, 0.0, 0.419546, -0.085899, 0.419546, 0.0, -0.907734, 2.712265, 0.0, 1.0, 0.0, 0.689385, 0.0, 0.0, 0.0, 1.0],
                [0.950907, 0.0, 0.309477, -0.09235, 0.309477, 0.0, -0.950907, 2.753305, 0.0, 1.0, 0.0, 0.691159, 0.0, 0.0, 0.0, 1.0],
                [0.979513, 0.0, 0.20138, -0.098606, 0.20138, 0.0, -0.979513, 2.794309, 0.0, 1.0, 0.0, 0.692773, 0.0, 0.0, 0.0, 1.0],
                [0.995148, 0.0, 0.098394, -0.10461, 0.098394, 0.0, -0.995148, 2.834714, 0.0, 1.0, 0.0, 0.694229, 0.0, 0.0, 0.0, 1.0],
                [0.999996, 0.0, 0.002914, -0.110307, 0.002914, 0.0, -0.999996, 2.873953, 0.0, 1.0, 0.0, 0.69553, 0.0, 0.0, 0.0, 1.0],
                [0.996514, 0.0, -0.083429, -0.115642, -0.083429, 0.0, -0.996514, 2.911461, 0.0, 1.0, 0.0, 0.696681, 0.0, 0.0, 0.0, 1.0],
                [0.987166, 0.0, -0.159696, -0.120558, -0.159696, 0.0, -0.987166, 2.946674, 0.0, 1.0, 0.0, 0.697683, 0.0, 0.0, 0.0, 1.0],
                [0.974247, 0.0, -0.225485, -0.125, -0.225485, 0.0, -0.974247, 2.979026, 0.0, 1.0, 0.0, 0.698541, 0.0, 0.0, 0.0, 1.0],
                [0.959776, 0.0, -0.280766, -0.128911, -0.280766, 0.0, -0.959776, 3.007951, 0.0, 1.0, 0.0, 0.699258, 0.0, 0.0, 0.0, 1.0],
                [0.945467, 0.0, -0.325719, -0.132237, -0.325719, 0.0, -0.945467, 3.032885, 0.0, 1.0, 0.0, 0.699838, 0.0, 0.0, 0.0, 1.0],
                [0.932724, 0.0, -0.360592, -0.134921, -0.360592, 0.0, -0.932724, 3.053262, 0.0, 1.0, 0.0, 0.700282, 0.0, 0.0, 0.0, 1.0],
                [0.922673, 0.0, -0.385583, -0.136907, -0.385583, 0.0, -0.922673, 3.068516, 0.0, 1.0, 0.0, 0.700596, 0.0, 0.0, 0.0, 1.0],
                [0.916191, 0.0, -0.400741, -0.138139, -0.400741, 0.0, -0.916191, 3.078084, 0.0, 1.0, 0.0, 0.700781, 0.0, 0.0, 0.0, 1.0],
                [0.913924, 0.0, -0.405885, -0.138562, -0.405885, 0.0, -0.913924, 3.081398, 0.0, 1.0, 0.0, 0.700842, 0.0, 0.0, 0.0, 1.0]
            ]
        },
        {
            "name": "Thigh_R",
            "time": [0.0, 0.0167, 0.0333, 0.05, 0.0667, 0.0833, 0.1, 0.1167, 0.1333, 0.15, 0.1667, 0.1833, 0.2, 0.2167, 0.2333, 0.25, 0.2667, 0.2833, 0.3, 0.3167, 0.3333, 0.35, 0.3667, 0.3833, 0.4, 0.4167, 0.4333, 0.45, 0.4667, 0.4833, 0.5, 0.5167, 0.5333, 0.55, 0.5667, 0.5833, 0.6, 0.6167, 0.6333, 0.65, 0.6667, 0.6833, 0.7, 0.7167, 0.7333, 0.75, 0.7667, 0.7833, 0.8, 0.8167, 0.8333, 0.85, 0.8667, 0.8833, 0.9, 0.9167, 0.9333, 0.95, 0.9667, 0.9833, 1.0, 1.0167, 1.0333, 1.05, 1.0667, 1.0833, 1.1, 1.1167, 1.1333, 1.15, 1.1667, 1.1833],
            "transform": [
                [0.503314, 0.554911, 0.662381, 0.124994, 0.767595, -0.639147, -0.047812, -0.002831, 0.396828, 0.532504, -0.74764, -1.2e-05, 0.0, 0.0, 0.0, 1.0],
                [0.495873, 0.557565, 0.665755, 0.124994, 0.762221, -0.646791, -0.026039, -0.002831, 0.416086, 0.520364, -0.745716, -1.2e-05, 0.0, 0.0, 0.0, 1.0],
                [0.480866, 0.563383, 0.671837, 0.124994, 0.743328, -0.668322, 0.028402, -0.002831, 0.465006, 0.485737, -0.740154, -1.2e-05, 0.0, 0.0, 0.0, 1.0],
                [0.4695, 0.56887, 0.675245, 0.124994, 0.706496, -0.700739, 0.099121, -0.002831, 0.529558, 0.43052, -0.730904, -1.2e-05, 0.0, 0.0, 0.0, 1.0],
                [0.473162, 0.569055, 0.672527, 0.124994, 0.64937, -0.741165, 0.170266, -0.002831, 0.595345, 0.356155, -0.72022, -1.2e-05, 0.0, 0.0, 0.0, 1.0],
                [0.50257, 0.55629, 0.661789, 0.124994, 0.572177, -0.787869, 0.227757, -0.002831, 0.648102, 0.264196, -0.714257, -1.2e-05, 0.0, 0.0, 0.0, 1.0],
                [0.599406, 0.522845, 0.606089, 0.124994, 0.481042, -0.840496, 0.249322, -0.002831, 0.639773, 0.142109, -0.755312, -1.2e-05, 0.0, 0.0, 0.0, 1.0],
                [0.751763, 0.455515, 0.47682, 0.124994, 0.383668, -0.890224, 0.245554, -0.002831, 0.536331, -0.001657, -0.844006, -1.2e-05, 0.0, 0.0, 0.0, 1.0],
                [0.885143, 0.356316, 0.299265, 0.124994, 0.290199, -0.925452, 0.243554, -0.002831, 0.363738, -0.128733, -0.922563, -1.2e-05, 0.0, 0.0, 0.0, 1.0],
                [0.956887, 0.260009, 0.129462, 0.124994, 0.221584, -0.94164, 0.253396, -0.002831, 0.187793, -0.213784, -0.958661, -1.2e-05, 0.0, 0.0, 0.0, 1.0],
                [0.976326, 0.214277, 0.029536, 0.124994, 0.198481, -0.941767, 0.271435, -0.002831, 0.085978, -0.259145, -0.962004, -1.2e-05, 0.0, 0.0, 0.0, 1.0],
                [0.975741, 0.218418, -0.014924, 0.124994, 0.213286, -0.933008, 0.28983, -0.002831, 0.04938, -0.285981, -0.956962, -1.2e-05, 0.0, 0.0, 0.0, 1.0],
                [0.96933, 0.239841, -0.053618, 0.124994, 0.244638, -0.920804, 0.303758, -0.002831, 0.023482, -0.307558, -0.95124, -1.2e-05, 0.0, 0.0, 0.0, 1.0],
                [0.957676, 0.274343, -0.087126, 0.124994, 0.28776, -0.905075, 0.313098, -0.002831, 0.007041, -0.324917, -0.945716, -1.2e-05, 0.0, 0.0, 0.0, 1.0],
                [0.941164, 0.317523, -0.11571, 0.124994, 0.337947, -0.88575, 0.318174, -0.002831, -0.001463, -0.338557, -0.940945, -1.2e-05, 0.0, 0.0, 0.0, 1.0],
                [0.920545, 0.364896, -0.139449, 0.124994, 0.390617, -0.86327, 0.319657, -0.002831, -0.003741, -0.348729, -0.937216, -1.2e-05, 0.0, 0.0, 0.0, 1.0],
                [0.897286, 0.412062, -0.158372, 0.124994, 0.441446, -0.838867, 0.31847, -0.002831, -0.001624, -0.355671, -0.93461, -1.2e-05, 0.0, 0.0, 0.0, 1.0],
                [0.873664, 0.454893, -0.172573, 0.124994, 0.486519, -0.814635, 0.315699, -0.002831, 0.003025, -0.359774, -0.933035, -1.2e-05, 0.0, 0.0, 0.0, 1.0],
                [0.852654, 0.48965, -0.182269, 0.124994, 0.522408, -0.793378, 0.312471, -0.002831, 0.008393, -0.361648, -0.932277, -1.2e-05, 0.0, 0.0, 0.0, 1.0],
                [0.837629, 0.512941, -0.187798, 0.124994, 0.54609, -0.778311, 0.309862, -0.002831, 0.012775, -0.362103, -0.93205, -1.2e-05, 0.0, 0.0, 0.0, 1.0],
                [0.831945, 0.521473, -0.189557, 0.124994, 0.554666, -0.772643, 0.308813, -0.002831, 0.014577, -0.362055, -0.932043, -1.2e-05, 0.0, 0.0, 0.0, 1.0],
                [0.831945, 0.521473, -0.189557, 0.124994, 0.554666, -0.772643, 0.308813, -0.002831, 0.014577, -0.362055, -0.932043, -1.2e-05, 0.0, 0.0, 0.0, 1.0],
                [0.831945, 0.521473, -0.189557, 0.124994, 0.554666, -0.772643, 0.308813, -0.002831, 0.014577, -0.362055, -0.932043, -1.2e-05, 0.0, 0.0, 0.0, 1.0],
                [0.831945, 0.521473, -0.189557, 0.124994, 0.554666, -0.772643, 0.308813, -0.002831, 0.014577, -0.362055, -0.932043, -1.2e-05, 0.0, 0.0, 0.0, 1.0],
                [0.831945, 0.521473, -0.189557, 0.124994, 0.554666, -0.772643, 0.308813, -0.002831, 0.014577, -0.362055, -0.932043, -1.2e-05, 0.0, 0.0, 0.0, 1.0],
                [0.832529, 0.520917, -0.188517, 0.124994, 0.553772, -0.773214, 0.308988, -0.002831, 0.015193, -0.361636, -0.932196, -1.2e-05, 0.0, 0.0, 0.0, 1.0],
                [0.834214, 0.519309, -0.185481, 0.124994, 0.551178, -0.774868, 0.309482, -0.002831, 0.016994, -0.360407, -0.932641, -1.2e-05, 0.0, 0.0, 0.0, 1.0],
                [0.836885, 0.516735, -0.180573, 0.124994, 0.547016, -0.77751, 0.310242, -0.002831, 0.019915, -0.358412, -0.933351, -1.2e-05, 0.0, 0.0, 0.0, 1.0],
                [0.84042, 0.513271, -0.173914, 0.124994, 0.541408, -0.781042, 0.311203, -0.002831, 0.023897, -0.355698, -0.934295, -1.2e-05, 0.0, 0.0, 0.0, 1.0],
                [0.844688, 0.508989, -0.165622, 0.124994, 0.534479, -0.785366, 0.312297, -0.002831, 0.028882, -0.352314, -0.935436, -1.2e-05, 0.0, 0.0, 0.0, 1.0],
                [0.849555, 0.503959, -0.155817, 0.124994, 0.526349, -0.79038, 0.313454, -0.002831, 0.034813, -0.34831, -0.936733, -1.2e-05, 0.0, 0.0, 0.0, 1.0],
                [0.854886, 0.498251, -0.14462, 0.124994, 0.517142, -0.795982, 0.314601, -0.002831, 0.041635, -0.343736, -0.938143, -1.2e-05, 0.0, 0.0, 0.0, 1.0],
                [0.860543, 0.491934, -0.132152, 0.124994, 0.506986, -0.802071, 0.315664, -0.002831, 0.04929, -0.338641, -0.939624, -1.2e-05, 0.0, 0.0, 0.0, 1.0],
                [0.866395, 0.485084, -0.118542, 0.124994, 0.496012, -0.808547, 0.316575, -0.002831, 0.057719, -0.333076, -0.941132, -1.2e-05, 0.0, 0.0, 0.0, 1.0],
                [0.872311, 0.477779, -0.103918, 0.124994, 0.484358, -0.815313, 0.317268, -0.002831, 0.066858, -0.327089, -0.942626, -1.2e-05, 0.0, 0.0, 0.0, 1.0],
                [0.878171, 0.470103, -0.088415, 0.124994, 0.472166, -0.822273, 0.317685, -0.002831, 0.076643, -0.320727, -0.944066, -1.2e-05, 0.0, 0.0, 0.0, 1.0],
                [0.883861, 0.462146, -0.072172, 0.124994, 0.459586, -0.829336, 0.317772, -0.002831, 0.087002, -0.314035, -0.945417, -1.2e-05, 0.0, 0.0, 0.0, 1.0],
                [0.889277, 0.454007, -0.055331, 0.124994, 0.446775, -0.836415, 0.317487, -0.002831, 0.097862, -0.307054, -0.946647, -1.2e-05, 0.0, 0.0, 0.0, 1.0],
                [0.894328, 0.44579, -0.038039, 0.124994, 0.433895, -0.843429, 0.316796, -0.002831, 0.109142, -0.299824, -0.947731, -1.2e-05, 0.0, 0.0, 0.0, 1.0],
                [0.898933, 0.437607, -0.020443, 0.124994, 0.421113, -0.8503, 0.315674, -0.002831, 0.120759, -0.292378, -0.948648, -1.2e-05, 0.0, 0.0, 0.0, 1.0],
                [0.903026, 0.429577, -0.002694, 0.124994, 0.408601, -0.856958, 0.314109, -0.002831, 0.132626, -0.284748, -0.949383, -1.2e-05, 0.0, 0.0, 0.0, 1.0],
                [0.906562, 0.421802, 0.015075, 0.124994, 0.396508, -0.863349, 0.312102, -0.002831, 0.14466, -0.276961, -0.94993, -1.2e-05, 0.0, 0.0, 0.0, 1.0],
                [0.90955, 0.414296, 0.032798, 0.124994, 0.384872, -0.869465, 0.309678, -0.002831, 0.156815, -0.269044, -0.950276, -1.2e-05, 0.0, 0.0, 0.0, 1.0],
                [0.912012, 0.407051, 0.050426, 0.124994, 0.373706, -0.875312, 0.306869, -0.002831, 0.16905, -0.261023, -0.950415, -1.2e-05, 0.0, 0.0, 0.0, 1.0],
                [0.913968, 0.400062, 0.067914, 0.124994, 0.363019, -0.880894, 0.303708, -0.002831, 0.181327, -0.252925, -0.950342, -1.2e-05, 0.0, 0.0, 0.0, 1.0],
                [0.915443, 0.393321, 0.085215, 0.124994, 0.352818, -0.886216, 0.30023, -0.002831, 0.193605, -0.244777, -0.950053, -1.2e-05, 0.0, 0.0, 0.0, 1.0],
                [0.916463, 0.386823, 0.102284, 0.124994, 0.343107, -0.89128, 0.296468, -0.002831, 0.205845, -0.236606, -0.94955, -1.2e-05, 0.0, 0.0, 0.0, 1.0],
                [0.917054, 0.380565, 0.11908, 0.124994, 0.333892, -0.896092, 0.292458, -0.002831, 0.218006, -0.228439, -0.948836, -1.2e-05, 0.0, 0.0, 0.0, 1.0],
                [0.917246, 0.374543, 0.13556, 0.124994, 0.325172, -0.900655, 0.288235, -0.002831, 0.230049, -0.220301, -0.947916, -1.2e-05, 0.0, 0.0, 0.0, 1.0],
                [0.917066, 0.368756, 0.151684, 0.124994, 0.316948, -0.904974, 0.283836, -0.002831, 0.241936, -0.21222, -0.9468, -1.2e-05, 0.0, 0.0, 0.0, 1.0],
                [0.916547, 0.3632, 0.167412, 0.124994, 0.309217, -0.909052, 0.279296, -0.002831, 0.253627, -0.204221, -0.945499, -1.2e-05, 0.0, 0.0, 0.0, 1.0],
                [0.915719, 0.357877, 0.182709, 0.124994, 0.301974, -0.912893, 0.274652, -0.002831, 0.265085, -0.19633, -0.944026, -1.2e-05, 0.0, 0.0, 0.0, 1.0],
                [0.914615, 0.352785, 0.197537, 0.124994, 0.295214, -0.916503, 0.269939, -0.002831, 0.276274, -0.188574, -0.942397, -1.2e-05, 0.0, 0.0, 0.0, 1.0],
                [0.913269, 0.347927, 0.211864, 0.124994, 0.288929, -0.919885, 0.265193, -0.002831, 0.287158, -0.180978, -0.940631, -1.2e-05, 0.0, 0.0, 0.0, 1.0],
                [0.911713, 0.343303, 0.225655, 0.124994, 0.283109, -0.923045, 0.260448, -0.002831, 0.297703, -0.173568, -0.938748, -1.2e-05, 0.0, 0.0, 0.0, 1.0],
                [0.909984, 0.338917, 0.23888, 0.124994, 0.277745, -0.925987, 0.255738, -0.002831, 0.307874, -0.166369, -0.936769, -1.2e-05, 0.0, 0.0, 0.0, 1.0],
                [0.908114, 0.334771, 0.251508, 0.124994, 0.272825, -0.928716, 0.251097, -0.002831, 0.31764, -0.159406, -0.934717, -1.2e-05, 0.0, 0.0, 0.0, 1.0],
                [0.906139, 0.330868, 0.263511, 0.124994, 0.268334, -0.931237, 0.246557, -0.002831, 0.32697, -0.152705, -0.932616, -1.2e-05, 0.0, 0.0, 0.0, 1.0],
                [0.904092, 0.327213, 0.274861, 0.124994, 0.26426, -0.933556, 0.24215, -0.002831, 0.335833, -0.14629, -0.930492, -1.2e-05, 0.0, 0.0, 0.0, 1.0],
                [0.902009, 0.323809, 0.28553, 0.124994, 0.260587, -0.935677, 0.237907, -0.002831, 0.344201, -0.140188, -0.928371, -1.2e-05, 0.0, 0.0, 0.0, 1.0],
                [0.899922, 0.32066, 0.295494, 0.124994, 0.2573, -0.937605, 0.233858, -0.002831, 0.352046, -0.134422, -0.92628, -1.2e-05, 0.0, 0.0, 0.0, 1.0],
                [0.897866, 0.317771, 0.304726, 0.124994, 0.254383, -0.939346, 0.230031, -0.002831, 0.35934, -0.129019, -0.924245, -1.2e-05, 0.0, 0.0, 0.0, 1.0],
                [0.895872, 0.315146, 0.313201, 0.124994, 0.25182, -0.940905, 0.226454, -0.002831, 0.366059, -0.124003, -0.922293, -1.2e-05, 0.0, 0.0, 0.0, 1.0],
                [0.893973, 0.312789, 0.320895, 0.124994, 0.249593, -0.942285, 0.223154, -0.002831, 0.372175, -0.1194, -0.920451, -1.2e-05, 0.0, 0.0, 0.0, 1.0],
                [0.892199, 0.310704, 0.327784, 0.124994, 0.247686, -0.943493, 0.220156, -0.002831, 0.377665, -0.115235, -0.918744, -1.2e-05, 0.0, 0.0, 0.0, 1.0],
                [0.89058, 0.308895, 0.333841, 0.124994, 0.246083, -0.944531, 0.217486, -0.002831, 0.382504, -0.111536, -0.917197, -1.2e-05, 0.0, 0.0, 0.0, 1.0],
                [0.889144, 0.307363, 0.339042, 0.124994, 0.244766, -0.945404, 0.215167, -0.002831, 0.386667, -0.108328, -0.915835, -1.2e-05, 0.0, 0.0, 0.0, 1.0],
                [0.887918, 0.306111, 0.343361, 0.124994, 0.243721, -0.946114, 0.213222, -0.002831, 0.390129, -0.105639, -0.91468, -1.2e-05, 0.0, 0.0, 0.0, 1.0],
                [0.886927, 0.305139, 0.346771, 0.124994, 0.242933, -0.946665, 0.211674, -0.002831, 0.392867, -0.103496, -0.913753, -1.2e-05, 0.0, 0.0, 0.0, 1.0],
                [0.886193, 0.304448, 0.349245, 0.124994, 0.242385, -0.947057, 0.210543, -0.002831, 0.394854, -0.101929, -0.913072, -1.2e-05, 0.0, 0.0, 0.0, 1.0],
                [0.88574, 0.304036, 0.350751, 0.124994, 0.242066, -0.947293, 0.20985, -0.002831, 0.396066, -0.100966, -0.912654, -1.2e-05, 0.0, 0.0, 0.0, 1.0],
                [0.885584, 0.303899, 0.351261, 0.124994, 0.241962, -0.947371, 0.209614, -0.002831, 0.396477, -0.100639, -0.912512, -1.2e-05, 0.0, 0.0, 0.0, 1.0]
            ]
        },
        {
            "name": "Leg_R",
            "time": [0.0, 0.0167, 0.0333, 0.05, 0.0667, 0.0833, 0.1, 0.1167, 0.1333, 0.15, 0.1667, 0.1833, 0.2, 0.2167, 0.2333, 0.25, 0.2667, 0.2833, 0.3, 0.3167, 0.3333, 0.35, 0.3667, 0.3833, 0.4, 0.4167, 0.4333, 0.45, 0.4667, 0.4833, 0.5, 0.5167, 0.5333, 0.55, 0.5667, 0.5833, 0.6, 0.6167, 0.6333, 0.65, 0.6667, 0.6833, 0.7, 0.7167, 0.7333, 0.75, 0.7667, 0.7833, 0.8, 0.8167, 0.8333, 0.85, 0.8667, 0.8833, 0.9, 0.9167, 0.9333, 0.95, 0.9667, 0.9833, 1.0, 1.0167, 1.0333, 1.05, 1.0667, 1.0833, 1.1, 1.1167, 1.1333, 1.15, 1.1667, 1.1833],
            "transform": [
                [1.0, 0.0, 1e-06, -0.0, -0.0, 0.97403, 0.22642, 0.37472, -1e-06, -0.22642, 0.974029, -0.0, 0.0, 0.0, 0.0, 1.0],
                [1.0, 0.0, 1e-06, 0.0, -0.0, 0.952634, 0.30412, 0.37472, -1e-06, -0.304121, 0.952633, -0.0, 0.0, 0.0, 0.0, 1.0],
                [1.0, -0.0, 1e-06, -0.0, -0.0, 0.867256, 0.497864, 0.37472, -1e-06, -0.497865, 0.867254, -0.0, 0.0, 0.0, 0.0, 1.0],
                [1.0, -0.0, 1e-06, 0.0, -0.0, 0.688487, 0.725249, 0.37472, -1e-06, -0.72525, 0.688486, 0.0, 0.0, 0.0, 0.0, 1.0],
                [1.0, -1e-06, 1e-06, 0.0, -0.0, 0.468994, 0.883201, 0.37472, -1e-06, -0.883202, 0.468993, 0.0, 0.0, 0.0, 0.0, 1.0],
                [1.0, -1e-06, 0.0, -0.0, -0.0, 0.360144, 0.932896, 0.37472, -1e-06, -0.932897, 0.360144, -0.0, 0.0, 0.0, 0.0, 1.0],
                [1.0, -1e-06, 0.0, -0.0, -0.0, 0.426486, 0.904494, 0.37472, -1e-06, -0.904495, 0.426485, -0.0, 0.0, 0.0, 0.0, 1.0],
                [1.0, -0.0, 1e-06, 0.0, -0.0, 0.584071, 0.811702, 0.37472, -1e-06, -0.811704, 0.58407, -0.0, 0.0, 0.0, 0.0, 1.0],
                [1.0, -0.0, 1e-06, 0.0, -0.0, 0.758481, 0.651695, 0.37472, -1e-06, -0.651696, 0.75848, -0.0, 0.0, 0.0, 0.0, 1.0],
                [1.0, -0.0, 1e-06, -0.0, -0.0, 0.878316, 0.478081, 0.37472, -1e-06, -0.478082, 0.878315, 0.0, 0.0, 0.0, 0.0, 1.0],
                [1.0, -0.0, 1e-06, 0.0, -0.0, 0.918148, 0.396239, 0.37472, -1e-06, -0.39624, 0.918146, 0.0, 0.0, 0.0, 0.0, 1.0],
                [1.0, -0.0, 1e-06, 0.0, -0.0, 0.913883, 0.405978, 0.37472, -1e-06, -0.405978, 0.913882, -0.0, 0.0, 0.0, 0.0, 1.0],
                [1.0, -0.0, 1e-06, 0.0, -0.0, 0.901655, 0.432458, 0.37472, -1e-06, -0.432458, 0.901653, 0.0, 0.0, 0.0, 0.0, 1.0],
                [1.0, -0.0, 1e-06, -0.0, -0.0, 0.881847, 0.471537, 0.37472, -1e-06, -0.471538, 0.881845, 0.0, 0.0, 0.0, 0.0, 1.0],
                [1.0, -0.0, 1e-06, 0.0, -0.0, 0.854838, 0.518895, 0.37472, -1e-06, -0.518895, 0.854837, 0.0, 0.0, 0.0, 0.0, 1.0],
                [1.0, -0.0, 1e-06, 0.0, -0.0, 0.821643, 0.570003, 0.37472, -1e-06, -0.570004, 0.821642, -0.0, 0.0, 0.0, 0.0, 1.0],
                [1.0, -0.0, 1e-06, 0.0, -0.0, 0.784379, 0.620282, 0.37472, -1e-06, -0.620283, 0.784378, -0.0, 0.0, 0.0, 0.0, 1.0],
                [1.0, -0.0, 1e-06, 0.0, -0.0, 0.746497, 0.665389, 0.37472, -1e-06, -0.66539, 0.746496, 0.0, 0.0, 0.0, 0.0, 1.0],
                [1.0, -0.0, 1e-06, -0.0, -0.0, 0.712675, 0.701494, 0.37472, -1e-06, -0.701495, 0.712674, 0.0, 0.0, 0.0, 0.0, 1.0],
                [1.0, -0.0, 1e-06, -0.0, -0.0, 0.688382, 0.725348, 0.37472, -1e-06, -0.725349, 0.688381, 0.0, 0.0, 0.0, 0.0, 1.0],
                [1.0, -0.0, 1e-06, 0.0, -0.0, 0.679161, 0.733989, 0.37472, -1e-06, -0.73399, 0.67916, -0.0, 0.0, 0.0, 0.0, 1.0],
                [1.0, -0.0, 1e-06, 0.0, -0.0, 0.679161, 0.733989, 0.37472, -1e-06, -0.73399, 0.679161, -0.0, 0.0, 0.0, 0.0, 1.0],
                [1.0, -0.0, 1e-06, 0.0, -0.0, 0.679161, 0.733989, 0.37472, -1e-06, -0.73399, 0.679161, -0.0, 0.0, 0.0, 0.0, 1.0],
                [1.0, -0.0, 1e-06, 0.0, -0.0, 0.679161, 0.733989, 0.37472, -1e-06, -0.73399, 0.679161, -0.0, 0.0, 0.0, 0.0, 1.0],
                [1.0, -0.0, 1e-06, 0.0, -0.0, 0.679161, 0.733989, 0.37472, -1e-06, -0.73399, 0.679161, -0.0, 0.0, 0.0, 0.0, 1.0],
                [1.0, -0.0, 1e-06, 0.0, -0.0, 0.680628, 0.732629, 0.37472, -1e-06, -0.73263, 0.680627, -0.0, 0.0, 0.0, 0.0, 1.0],
                [1.0, -0.0, 1e-06, -0.0, -0.0, 0.684784, 0.728746, 0.37472, -1e-06, -0.728747, 0.684783, 0.0, 0.0, 0.0, 0.0, 1.0],
                [1.0, -0.0, 1e-06, -0.0, -0.0, 0.691277, 0.72259, 0.37472, -1e-06, -0.722591, 0.691276, -0.0, 0.0, 0.0, 0.0, 1.0],
                [1.0, -0.0, 1e-06, -0.0, -0.0, 0.699761, 0.714377, 0.37472, -1e-06, -0.714378, 0.69976, -0.0, 0.0, 0.0, 0.0, 1.0],
                [1.0, -0.0, 1e-06, 0.0, -0.0, 0.709888, 0.704314, 0.37472, -1e-06, -0.704315, 0.709888, -0.0, 0.0, 0.0, 0.0, 1.0],
                [1.0, -0.0, 1e-06, 0.0, -0.0, 0.721299, 0.692624, 0.37472, -1e-06, -0.692625, 0.721298, 0.0, 0.0, 0.0, 0.0, 1.0],
                [1.0, -0.0, 1e-06, 0.0, -0.0, 0.733616, 0.679564, 0.37472, -1e-06, -0.679565, 0.733615, -0.0, 0.0, 0.0, 0.0, 1.0],
                [1.0, -0.0, 1e-06, 0.0, -0.0, 0.746448, 0.665444, 0.37472, -1e-06, -0.665445, 0.746447, -0.0, 0.0, 0.0, 0.0, 1.0],
                [1.0, -0.0, 1e-06, -0.0, -0.0, 0.759383, 0.650645, 0.37472, -1e-06, -0.650646, 0.759381, 0.0, 0.0, 0.0, 0.0, 1.0],
                [1.0, -0.0, 1e-06, 0.0, -0.0, 0.771993, 0.635632, 0.37472, -1e-06, -0.635633, 0.771992, 0.0, 0.0, 0.0, 0.0, 1.0],
                [1.0, -0.0, 1e-06, -0.0, -0.0, 0.783843, 0.620959, 0.37472, -1e-06, -0.62096, 0.783842, -0.0, 0.0, 0.0, 0.0, 1.0],
                [1.0, -0.0, 1e-06, 0.0, -0.0, 0.794495, 0.60727, 0.37472, -1e-06, -0.607271, 0.794494, -0.0, 0.0, 0.0, 0.0, 1.0],
                [1.0, -0.0, 1e-06, 0.0, -0.0, 0.803514, 0.595286, 0.37472, -1e-06, -0.595287, 0.803513, -0.0, 0.0, 0.0, 0.0, 1.0],
                [1.0, -0.0, 1e-06, -0.0, -0.0, 0.810472, 0.585778, 0.37472, -1e-06, -0.585779, 0.81047, -0.0, 0.0, 0.0, 0.0, 1.0],
                [1.0, -0.0, 1e-06, 0.0, -0.0, 0.814949, 0.579533, 0.37472, -1e-06, -0.579534, 0.814948, -0.0, 0.0, 0.0, 0.0, 1.0],
                [1.0, -0.0, 1e-06, 0.0, -0.0, 0.816533, 0.577299, 0.37472, -1e-06, -0.5773, 0.816532, 0.0, 0.0, 0.0, 0.0, 1.0],
                [1.0, -0.0, 1e-06, -0.0, -0.0, 0.816505, 0.577339, 0.37472, -1e-06, -0.57734, 0.816503, -0.0, 0.0, 0.0, 0.0, 1.0],
                [1.0, -0.0, 1e-06, -0.0, -0.0, 0.816447, 0.57742, 0.37472, -1e-06, -0.577421, 0.816446, 0.0, 0.0, 0.0, 0.0, 1.0],
                [1.0, -0.0, 1e-06, 0.0, -0.0, 0.816401, 0.577485, 0.37472, -1e-06, -0.577486, 0.8164, 0.0, 0.0, 0.0, 0.0, 1.0],
                [1.0, -0.0, 1e-06, -0.0, -0.0, 0.816407, 0.577477, 0.37472, -1e-06, -0.577478, 0.816406, 0.0, 0.0, 0.0, 0.0, 1.0],
                [1.0, -0.0, 1e-06, -0.0, -0.0, 0.816503, 0.577342, 0.37472, -1e-06, -0.577343, 0.816501, 0.0, 0.0, 0.0, 0.0, 1.0],
                [1.0, -0.0, 1e-06, 0.0, -0.0, 0.816724, 0.577029, 0.37472, -1e-06, -0.57703, 0.816723, -0.0, 0.0, 0.0, 0.0, 1.0],
                [1.0, -0.0, 1e-06, -0.0, -0.0, 0.817103, 0.576493, 0.37472, -1e-06, -0.576494, 0.817102, -0.0, 0.0, 0.0, 0.0, 1.0],
                [1.0, -0.0, 1e-06, 0.0, -0.0, 0.817667, 0.575692, 0.37472, -1e-06, -0.575693, 0.817666, 0.0, 0.0, 0.0, 0.0, 1.0],
                [1.0, -0.0, 1e-06, 0.0, -0.0, 0.81844, 0.574592, 0.37472, -1e-06, -0.574593, 0.818439, 0.0, 0.0, 0.0, 0.0, 1.0],
                [1.0, -0.0, 1e-06, 0.0, -0.0, 0.819441, 0.573164, 0.37472, -1e-06, -0.573165, 0.81944, 0.0, 0.0, 0.0, 0.0, 1.0],
                [1.0, -0.0, 1e-06, 0.0, -0.0, 0.820682, 0.571385, 0.37472, -1e-06, -0.571386, 0.820681, -0.0, 0.0, 0.0, 0.0, 1.0],
                [1.0, -0.0, 1e-06, 0.0, -0.0, 0.822174, 0.569237, 0.37472, -1e-06, -0.569238, 0.822172, -0.0, 0.0, 0.0, 0.0, 1.0],
                [1.0, -0.0, 1e-06, -0.0, -0.0, 0.823919, 0.566709, 0.37472, -1e-06, -0.56671, 0.823917, 0.0, 0.0, 0.0, 0.0, 1.0],
                [1.0, -0.0, 1e-06, -0.0, -0.0, 0.825916, 0.563794, 0.37472, -1e-06, -0.563795, 0.825915, 0.0, 0.0, 0.0, 0.0, 1.0],
                [1.0, -0.0, 1e-06, 0.0, -0.0, 0.828161, 0.56049, 0.37472, -1e-06, -0.560491, 0.82816, 0.0, 0.0, 0.0, 0.0, 1.0],
                [1.0, -0.0, 1e-06, 0.0, -0.0, 0.830647, 0.5568, 0.37472, -1e-06, -0.556801, 0.830645, -0.0, 0.0, 0.0, 0.0, 1.0],
                [1.0, -0.0, 1e-06, -0.0, -0.0, 0.833361, 0.55273, 0.37472, -1e-06, -0.55273, 0.83336, 0.0, 0.0, 0.0, 0.0, 1.0],
                [1.0, -0.0, 1e-06, 0.0, -0.0, 0.836271, 0.548316, 0.37472, -1e-06, -0.548317, 0.83627, -0.0, 0.0, 0.0, 0.0, 1.0],
                [1.0, -0.0, 1e-06, 0.0, -0.0, 0.83928, 0.5437, 0.37472, -1e-06, -0.543701, 0.839278, -0.0, 0.0, 0.0, 0.0, 1.0],
                [1.0, -0.0, 1e-06, 0.0, -0.0, 0.842287, 0.539029, 0.37472, -1e-06, -0.53903, 0.842286, 0.0, 0.0, 0.0, 0.0, 1.0],
                [1.0, -0.0, 1e-06, -0.0, -0.0, 0.845218, 0.534422, 0.37472, -1e-06, -0.534423, 0.845217, -0.0, 0.0, 0.0, 0.0, 1.0],
                [1.0, -0.0, 1e-06, 0.0, -0.0, 0.848011, 0.52998, 0.37472, -1e-06, -0.52998, 0.848009, 0.0, 0.0, 0.0, 0.0, 1.0],
                [1.0, -0.0, 1e-06, -0.0, -0.0, 0.850619, 0.525782, 0.37472, -1e-06, -0.525783, 0.850618, 0.0, 0.0, 0.0, 0.0, 1.0],
                [1.0, -0.0, 1e-06, 0.0, -0.0, 0.85301, 0.521896, 0.37472, -1e-06, -0.521897, 0.853008, -0.0, 0.0, 0.0, 0.0, 1.0],
                [1.0, -0.0, 1e-06, 0.0, -0.0, 0.855152, 0.518377, 0.37472, -1e-06, -0.518378, 0.855151, 0.0, 0.0, 0.0, 0.0, 1.0],
                [1.0, -0.0, 1e-06, 0.0, -0.0, 0.857026, 0.515273, 0.37472, -1e-06, -0.515274, 0.857025, 0.0, 0.0, 0.0, 0.0, 1.0],
                [1.0, -0.0, 1e-06, -0.0, -0.0, 0.858612, 0.512627, 0.37472, -1e-06, -0.512627, 0.858611, 0.0, 0.0, 0.0, 0.0, 1.0],
                [1.0, -0.0, 1e-06, -0.0, -0.0, 0.859889, 0.510482, 0.37472, -1e-06, -0.510482, 0.859888, 0.0, 0.0, 0.0, 0.0, 1.0],
                [1.0, -0.0, 1e-06, 0.0, -0.0, 0.860837, 0.508882, 0.37472, -1e-06, -0.508882, 0.860836, 0.0, 0.0, 0.0, 0.0, 1.0],
                [1.0, -0.0, 1e-06, -0.0, -0.0, 0.86143, 0.507877, 0.37472, -1e-06, -0.507878, 0.861429, 1e-06, 0.0, 0.0, 0.0, 1.0],
                [1.0, -0.0, 1e-06, -0.0, -0.0, 0.861636, 0.507527, 0.37472, -1e-06, -0.507528, 0.861635, 0.0, 0.0, 0.0, 0.0, 1.0]
            ]
        },
        {
            "name": "Knee_R",
            "time": [0.0, 0.0167, 0.0333, 0.05, 0.0667, 0.0833, 0.1, 0.1167, 0.1333, 0.15, 0.1667, 0.1833, 0.2, 0.2167, 0.2333, 0.25, 0.2667, 0.2833, 0.3, 0.3167, 0.3333, 0.35, 0.3667, 0.3833, 0.4, 0.4167, 0.4333, 0.45, 0.4667, 0.4833, 0.5, 0.5167, 0.5333, 0.55, 0.5667, 0.5833, 0.6, 0.6167, 0.6333, 0.65, 0.6667, 0.6833, 0.7, 0.7167, 0.7333, 0.75, 0.7667, 0.7833, 0.8, 0.8167, 0.8333, 0.85, 0.8667, 0.8833, 0.9, 0.9167, 0.9333, 0.95, 0.9667, 0.9833, 1.0, 1.0167, 1.0333, 1.05, 1.0667, 1.0833, 1.1, 1.1167, 1.1333, 1.15, 1.1667, 1.1833],
            "transform": [
                [1.0, 0.0, -0.0, -0.0, -0.0, 1e-06, -1.0, 0.37472, -0.0, 1.0, 1e-06, -0.0, 0.0, 0.0, 0.0, 1.0],
                [1.0, 0.0, -0.0, -0.0, -0.0, 1e-06, -1.0, 0.37472, -0.0, 1.0, 1e-06, -0.0, 0.0, 0.0, 0.0, 1.0],
                [1.0, 0.0, -0.0, -0.0, -0.0, 1e-06, -1.0, 0.37472, -0.0, 1.0, 1e-06, -0.0, 0.0, 0.0, 0.0, 1.0],
                [1.0, 0.0, -0.0, 0.0, -0.0, 1e-06, -1.0, 0.404951, -0.0, 1.0, 1e-06, -0.0, 0.0, 0.0, 0.0, 1.0],
                [1.0, 0.0, -0.0, 0.0, -0.0, 1e-06, -1.0, 0.433444, -0.0, 1.0, 1e-06, -0.0, 0.0, 0.0, 0.0, 1.0],
                [1.0, -0.0, -0.0, -0.0, -0.0, 1e-06, -1.0, 0.44602, -0.0, 1.0, 1e-06, -0.0, 0.0, 0.0, 0.0, 1.0],
                [1.0, 0.0, -0.0, -0.0, -0.0, 1e-06, -1.0, 0.438438, 0.0, 1.0, 1e-06, 0.0, 0.0, 0.0, 0.0, 1.0],
                [1.0, 0.0, -0.0, -0.0, -0.0, 1e-06, -1.0, 0.419202, -0.0, 1.0, 1e-06, -0.0, 0.0, 0.0, 0.0, 1.0],
                [1.0, 0.0, -0.0, -0.0, -0.0, 1e-06, -1.0, 0.394281, -0.0, 1.0, 1e-06, -0.0, 0.0, 0.0, 0.0, 1.0],
                [1.0, 0.0, -0.0, 0.0, -0.0, 1e-06, -1.0, 0.37472, -0.0, 1.0, 1e-06, -0.0, 0.0, 0.0, 0.0, 1.0],
                [1.0, 0.0, -0.0, -0.0, -0.0, 1e-06, -1.0, 0.37472, -0.0, 1.0, 1e-06, 0.0, 0.0, 0.0, 0.0, 1.0],
                [1.0, 0.0, -0.0, 0.0, -0.0, 1e-06, -1.0, 0.37472, -0.0, 1.0, 1e-06, 0.0, 0.0, 0.0, 0.0, 1.0],
                [1.0, 0.0, -0.0, -0.0, -0.0, 1e-06, -1.0, 0.37472, -0.0, 1.0, 1e-06, 0.0, 0.0, 0.0, 0.0, 1.0],
                [1.0, 0.0, -0.0, -0.0, -0.0, 1e-06, -1.0, 0.37472, -0.0, 1.0, 1e-06, 0.0, 0.0, 0.0, 0.0, 1.0],
                [1.0, 0.0, -0.0, 0.0, -0.0, 1e-06, -1.0, 0.377027, -0.0, 1.0, 1e-06, 0.0, 0.0, 0.0, 0.0, 1.0],
                [1.0, 0.0, -0.0, -0.0, -0.0, 1e-06, -1.0, 0.383429, -0.0, 1.0, 1e-06, -0.0, 0.0, 0.0, 0.0, 1.0],
                [1.0, 0.0, -0.0, -0.0, -0.0, 1e-06, -1.0, 0.390004, -0.0, 1.0, 1e-06, -0.0, 0.0, 0.0, 0.0, 1.0],
                [1.0, -0.0, -0.0, 0.0, -0.0, 1e-06, -1.0, 0.396193, -0.0, 1.0, 1e-06, 0.0, 0.0, 0.0, 0.0, 1.0],
                [1.0, 0.0, -0.0, -0.0, -0.0, 1e-06, -1.0, 0.40139, -0.0, 1.0, 1e-06, 0.0, 0.0, 0.0, 0.0, 1.0],
                [1.0, 0.0, -0.0, 0.0, -0.0, 1e-06, -1.0, 0.404966, -0.0, 1.0, 1e-06, 0.0, 0.0, 0.0, 0.0, 1.0],
                [1.0, 0.0, -0.0, 0.0, -0.0, 1e-06, -1.0, 0.406294, -0.0, 1.0, 1e-06, -0.0, 0.0, 0.0, 0.0, 1.0],
                [1.0, 0.0, -0.0, -0.0, -0.0, 1e-06, -1.0, 0.406294, -0.0, 1.0, 1e-06, -0.0, 0.0, 0.0, 0.0, 1.0],
                [1.0, 0.0, -0.0, -0.0, -0.0, 1e-06, -1.0, 0.406294, -0.0, 1.0, 1e-06, -0.0, 0.0, 0.0, 0.0, 1.0],
                [1.0, 0.0, -0.0, -0.0, -0.0, 1e-06, -1.0, 0.406294, -0.0, 1.0, 1e-06, -0.0, 0.0, 0.0, 0.0, 1.0],
                [1.0, 0.0, -0.0, -0.0, -0.0, 1e-06, -1.0, 0.406294, -0.0, 1.0, 1e-06, -0.0, 0.0, 0.0, 0.0, 1.0],
                [1.0, 0.0, -0.0, 0.0, -0.0, 1e-06, -1.0, 0.406084, -0.0, 1.0, 1e-06, 0.0, 0.0, 0.0, 0.0, 1.0],
                [1.0, 0.0, -0.0, 0.0, -0.0, 1e-06, -1.0, 0.405486, -0.0, 1.0, 1e-06, -0.0, 0.0, 0.0, 0.0, 1.0],
                [1.0, 0.0, -0.0, -0.0, -0.0, 1e-06, -1.0, 0.404546, -0.0, 1.0, 1e-06, -0.0, 0.0, 0.0, 0.0, 1.0],
                [1.0, 0.0, -0.0, -0.0, -0.0, 1e-06, -1.0, 0.403306, -0.0, 1.0, 1e-06, -0.0, 0.0, 0.0, 0.0, 1.0],
                [1.0, 0.0, -0.0, -0.0, -0.0, 1e-06, -1.0, 0.401806, -0.0, 1.0, 1e-06, 0.0, 0.0, 0.0, 0.0, 1.0],
                [1.0, 0.0, -0.0, 0.0, -0.0, 1e-06, -1.0, 0.40009, -0.0, 1.0, 1e-06, 0.0, 0.0, 0.0, 0.0, 1.0],
                [1.0, 0.0, -0.0, -0.0, -0.0, 1e-06, -1.0, 0.398204, -0.0, 1.0, 1e-06, -0.0, 0.0, 0.0, 0.0, 1.0],
                [1.0, 0.0, -0.0, -0.0, -0.0, 1e-06, -1.0, 0.3962, -0.0, 1.0, 1e-06, -0.0, 0.0, 0.0, 0.0, 1.0],
                [1.0, 0.0, -0.0, -0.0, -0.0, 1e-06, -1.0, 0.394136, -0.0, 1.0, 1e-06, 0.0, 0.0, 0.0, 0.0, 1.0],
                [1.0, 0.0, -0.0, 0.0, -0.0, 1e-06, -1.0, 0.392076, -0.0, 1.0, 1e-06, 0.0, 0.0, 0.0, 0.0, 1.0],
                [1.0, 0.0, -0.0, -0.0, -0.0, 1e-06, -1.0, 0.390095, -0.0, 1.0, 1e-06, -0.0, 0.0, 0.0, 0.0, 1.0],
                [1.0, 0.0, -0.0, 0.0, -0.0, 1e-06, -1.0, 0.388273, -0.0, 1.0, 1e-06, -0.0, 0.0, 0.0, 0.0, 1.0],
                [1.0, 0.0, -0.0, 0.0, -0.0, 1e-06, -1.0, 0.386697, -0.0, 1.0, 1e-06, 0.0, 0.0, 0.0, 0.0, 1.0],
                [1.0, 0.0, -0.0, -0.0, -0.0, 1e-06, -1.0, 0.38546, -0.0, 1.0, 1e-06, -0.0, 0.0, 0.0, 0.0, 1.0],
                [1.0, 0.0, -0.0, 0.0, -0.0, 1e-06, -1.0, 0.384653, -0.0, 1.0, 1e-06, -0.0, 0.0, 0.0, 0.0, 1.0],
                [1.0, 0.0, -0.0, 0.0, -0.0, 1e-06, -1.0, 0.384365, -0.0, 1.0, 1e-06, 0.0, 0.0, 0.0, 0.0, 1.0],
                [1.0, 0.0, -0.0, -0.0, -0.0, 1e-06, -1.0, 0.38437, -0.0, 1.0, 1e-06, -0.0, 0.0, 0.0, 0.0, 1.0],
                [1.0, 0.0, -0.0, -0.0, -0.0, 1e-06, -1.0, 0.384381, -0.0, 1.0, 1e-06, 0.0, 0.0, 0.0, 0.0, 1.0],
                [1.0, 0.0, -0.0, -0.0, -0.0, 1e-06, -1.0, 0.384389, -0.0, 1.0, 1e-06, 0.0, 0.0, 0.0, 0.0, 1.0],
                [1.0, 0.0, -0.0, 0.0, -0.0, 1e-06, -1.0, 0.384388, -0.0, 1.0, 1e-06, 0.0, 0.0, 0.0, 0.0, 1.0],
                [1.0, 0.0, -0.0, -0.0, -0.0, 1e-06, -1.0, 0.38437, -0.0, 1.0, 1e-06, 0.0, 0.0, 0.0, 0.0, 1.0],
                [1.0, 0.0, -0.0, 0.0, -0.0, 1e-06, -1.0, 0.38433, -0.0, 1.0, 1e-06, -0.0, 0.0, 0.0, 0.0, 1.0],
                [1.0, 0.0, -0.0, -0.0, -0.0, 1e-06, -1.0, 0.384261, -0.0, 1.0, 1e-06, -0.0, 0.0, 0.0, 0.0, 1.0],
                [1.0, 0.0, -0.0, 1e-06, -0.0, 1e-06, -1.0, 0.384158, -0.0, 1.0, 1e-06, 0.0, 0.0, 0.0, 0.0, 1.0],
                [1.0, 0.0, -0.0, 0.0, -0.0, 1e-06, -1.0, 0.384017, -0.0, 1.0, 1e-06, 0.0, 0.0, 0.0, 0.0, 1.0],
                [1.0, 0.0, -0.0, 1e-06, -0.0, 1e-06, -1.0, 0.383834, -0.0, 1.0, 1e-06, 0.0, 0.0, 0.0, 0.0, 1.0],
                [1.0, 0.0, -0.0, -0.0, -0.0, 1e-06, -1.0, 0.383606, -0.0, 1.0, 1e-06, -0.0, 0.0, 0.0, 0.0, 1.0],
                [1.0, 0.0, -0.0, 0.0, -0.0, 1e-06, -1.0, 0.383332, -0.0, 1.0, 1e-06, 0.0, 0.0, 0.0, 0.0, 1.0],
                [1.0, 0.0, -0.0, 0.0, -0.0, 1e-06, -1.0, 0.383009, -0.0, 1.0, 1e-06, 0.0, 0.0, 0.0, 0.0, 1.0],
                [1.0, -0.0, -0.0, -0.0, -0.0, 1e-06, -1.0, 0.382638, -0.0, 1.0, 1e-06, 0.0, 0.0, 0.0, 0.0, 1.0],
                [1.0, 0.0, -0.0, 0.0, -0.0, 1e-06, -1.0, 0.382218, -0.0, 1.0, 1e-06, 1e-06, 0.0, 0.0, 0.0, 1.0],
                [1.0, 0.0, -0.0, -0.0, -0.0, 1e-06, -1.0, 0.381751, -0.0, 1.0, 1e-06, -0.0, 0.0, 0.0, 0.0, 1.0],
                [1.0, 0.0, -0.0, -0.0, -0.0, 1e-06, -1.0, 0.381237, -0.0, 1.0, 1e-06, 0.0, 0.0, 0.0, 0.0, 1.0],
                [1.0, 0.0, -0.0, 0.0, -0.0, 1e-06, -1.0, 0.380681, -0.0, 1.0, 1e-06, -0.0, 0.0, 0.0, 0.0, 1.0],
                [1.0, 0.0, -0.0, 0.0, -0.0, 1e-06, -1.0, 0.380103, -0.0, 1.0, 1e-06, 0.0, 0.0, 0.0, 0.0, 1.0],
                [1.0, 0.0, -0.0, 0.0, -0.0, 1e-06, -1.0, 0.379519, -0.0, 1.0, 1e-06, 0.0, 0.0, 0.0, 0.0, 1.0],
