{
    "animation": [
        {
            "name": "Root",
            "time": [0.0, 0.0167, 0.0333, 0.05, 0.0667, 0.0833, 0.1, 0.1167, 0.1333, 0.15, 0.1667, 0.1833, 0.2, 0.2167, 0.2333, 0.25, 0.2667, 0.2833, 0.3, 0.3167, 0.3333, 0.35, 0.3667, 0.3833, 0.4, 0.4167, 0.4333, 0.45, 0.4667, 0.4833, 0.5, 0.5167, 0.5333, 0.55, 0.5667, 0.5833, 0.6, 0.6167, 0.6333, 0.65, 0.6667, 0.6833, 0.7, 0.7167, 0.7333, 0.75, 0.7667, 0.7833, 0.8, 0.8167, 0.8333, 0.85, 0.8667, 0.8833, 0.9, 0.9167, 0.9333, 0.95, 0.9667, 0.9833, 1.0, 1.0167, 1.0333, 1.05, 1.0667, 1.0833, 1.1, 1.1167, 1.1333, 1.15, 1.1667, 1.1833, 1.2, 1.2167, 1.2333, 1.25, 1.2667, 1.2833, 1.3, 1.3167, 1.3333, 1.35, 1.3667, 1.3833, 1.4, 1.4167, 1.4333, 1.45, 1.4667, 1.4833, 1.5, 1.5167, 1.5333, 1.55, 1.5667, 1.5833, 1.6, 1.6167, 1.6333, 1.65, 1.6667, 1.6833, 1.7, 1.7167, 1.7333, 1.75, 1.7667, 1.7833, 1.8, 1.8167, 1.8333, 1.85, 1.8667, 1.8833, 1.9, 1.9167, 1.9333, 1.95, 1.9667, 1.9833, 2.0, 2.0167, 2.0333, 2.05, 2.0667, 2.0833, 2.1, 2.1167, 2.1333, 2.15, 2.1667, 2.1833, 2.2, 2.2167, 2.2333, 2.25, 2.2667, 2.2833, 2.3, 2.3167, 2.3333, 2.35, 2.3667, 2.3833, 2.4, 2.4167, 2.4333, 2.45, 2.4667, 2.4833, 2.5, 2.5167, 2.5333, 2.55, 2.5667, 2.5833, 2.6, 2.6167, 2.6333, 2.65, 2.6667, 2.6833, 2.7, 2.7167, 2.7333, 2.75, 2.7667, 2.7833, 2.8, 2.8167, 2.8333, 2.85, 2.8667, 2.8833, 2.9, 2.9167, 2.9333, 2.95, 2.9667, 2.9833, 3.0, 3.0167, 3.0333, 3.05, 3.0667, 3.0833, 3.1, 3.1167, 3.1333, 3.15, 3.1667, 3.1833, 3.2, 3.2167, 3.2333, 3.25, 3.2667, 3.2833, 3.3, 3.3167],
            "transform": [
                [0.741301, 0.0, 0.671172, -5e-06, 0.671172, 0.0, -0.741301, 0.000946, 0.0, 1.0, 0.0, 0.456582, 0.0, 0.0, 0.0, 1.0],
                [0.754692, 0.0, 0.656079, -5e-06, 0.656079, 0.0, -0.754692, 0.00361, 0.0, 1.0, 0.0, 0.463225, 0.0, 0.0, 0.0, 1.0],
                [0.78969, 0.0, 0.613506, -5e-06, 0.613506, 0.0, -0.78969, 0.011585, 0.0, 1.0, 0.0, 0.481258, 0.0, 0.0, 0.0, 1.0],
                [0.837302, 0.0, 0.546741, -5e-06, 0.546741, 0.0, -0.837302, 0.02485, 0.0, 1.0, 0.0, 0.507833, 0.0, 0.0, 0.0, 1.0],
                [0.887951, 0.0, 0.459938, -5e-06, 0.459938, 0.0, -0.887951, 0.043381, 0.0, 1.0, 0.0, 0.540102, 0.0, 0.0, 0.0, 1.0],
                [0.933087, 0.0, 0.359652, -5e-06, 0.359652, 0.0, -0.933087, 0.067157, 0.0, 1.0, 0.0, 0.575219, 0.0, 0.0, 0.0, 1.0],
                [0.966937, 0.0, 0.255016, -5e-06, 0.255016, 0.0, -0.966937, 0.096154, 0.0, 1.0, 0.0, 0.610336, 0.0, 0.0, 0.0, 1.0],
                [0.98765, 0.0, 0.156675, -5e-06, 0.156675, 0.0, -0.98765, 0.130351, 0.0, 1.0, 0.0, 0.642605, 0.0, 0.0, 0.0, 1.0],
                [0.997167, 0.0, 0.075225, -5e-06, 0.075225, 0.0, -0.997167, 0.169724, 0.0, 1.0, 0.0, 0.66918, 0.0, 0.0, 0.0, 1.0],
                [0.999796, 0.0, 0.020176, -5e-06, 0.020176, 0.0, -0.999796, 0.214252, 0.0, 1.0, 0.0, 0.687213, 0.0, 0.0, 0.0, 1.0],
                [1.0, 0.0, 0.0, -5e-06, 0.0, 0.0, -1.0, 0.263912, 0.0, 1.0, 0.0, 0.693857, 0.0, 0.0, 0.0, 1.0],
                [1.0, 0.0, 0.000167, -5e-06, 0.000167, 0.0, -1.0, 0.31814, 0.0, 1.0, 0.0, 0.693857, 0.0, 0.0, 0.0, 1.0],
                [0.999999, 0.0, 0.001333, -5e-06, 0.001333, 0.0, -0.999999, 0.374211, 0.0, 1.0, 0.0, 0.693857, 0.0, 0.0, 0.0, 1.0],
                [0.99999, 0.0, 0.004499, -5e-06, 0.004499, 0.0, -0.99999, 0.42886, 0.0, 1.0, 0.0, 0.693857, 0.0, 0.0, 0.0, 1.0],
                [0.999943, 0.0, 0.010665, -5e-06, 0.010665, 0.0, -0.999943, 0.47882, 0.0, 1.0, 0.0, 0.693857, 0.0, 0.0, 0.0, 1.0],
                [0.999783, 0.0, 0.020832, -5e-06, 0.020832, 0.0, -0.999783, 0.520825, 0.0, 1.0, 0.0, 0.693857, 0.0, 0.0, 0.0, 1.0],
                [0.999352, 0.0, 0.036001, -5e-06, 0.036001, 0.0, -0.999352, 0.554308, 0.0, 1.0, 0.0, 0.693857, 0.0, 0.0, 0.0, 1.0],
                [0.998365, 0.0, 0.057166, -5e-06, 0.057166, 0.0, -0.998365, 0.589498, 0.0, 1.0, 0.0, 0.693857, 0.0, 0.0, 0.0, 1.0],
                [0.996356, 0.0, 0.085296, -5e-06, 0.085296, 0.0, -0.996356, 0.639325, 0.0, 1.0, 0.0, 0.693857, 0.0, 0.0, 0.0, 1.0],
                [0.992614, 0.0, 0.121312, -5e-06, 0.121312, 0.0, -0.992614, 0.716715, 0.0, 1.0, 0.0, 0.693857, 0.0, 0.0, 0.0, 1.0],
                [0.986122, 0.0, 0.166023, -5e-06, 0.166023, 0.0, -0.986122, 0.834599, 0.0, 1.0, 0.0, 0.693857, 0.0, 0.0, 0.0, 1.0],
                [0.956912, 0.0, 0.290378, -5e-06, 0.290378, 0.0, -0.956912, 1.00146, 0.0, 1.0, 0.0, 0.655871, 0.0, 0.0, 0.0, 1.0],
                [0.850851, 0.0, 0.525408, -5e-06, 0.525408, 0.0, -0.850851, 1.208014, 0.0, 1.0, 0.0, 0.565289, 0.0, 0.0, 0.0, 1.0],
                [0.623622, 0.0, 0.781726, -5e-06, 0.781726, 0.0, -0.623622, 1.440531, 0.0, 1.0, 0.0, 0.457175, 0.0, 0.0, 0.0, 1.0],
                [0.303157, 0.0, 0.95294, -5e-06, 0.95294, 0.0, -0.303157, 1.685284, 0.0, 1.0, 0.0, 0.366593, 0.0, 0.0, 0.0, 1.0],
                [-0.011246, 0.0, 0.999937, -5e-06, 0.999937, 0.0, 0.011246, 1.928544, 0.0, 1.0, 0.0, 0.328607, 0.0, 0.0, 0.0, 1.0],
                [-0.248161, 0.0, 0.968719, -5e-06, 0.968719, 0.0, 0.248161, 2.159073, 0.0, 1.0, 0.0, 0.404691, 0.0, 0.0, 0.0, 1.0],
                [-0.427243, 0.0, 0.904137, -5e-06, 0.904137, 0.0, 0.427243, 2.375599, 0.0, 1.0, 0.0, 0.54599, 0.0, 0.0, 0.0, 1.0],
                [-0.588241, 0.0, 0.808686, -5e-06, 0.808686, 0.0, 0.588241, 2.579338, 0.0, 1.0, 0.0, 0.622074, 0.0, 0.0, 0.0, 1.0],
                [-0.764693, 0.0, 0.644395, -5e-06, 0.644395, 0.0, 0.764693, 2.77134, 0.0, 1.0, 0.0, 0.618677, 0.0, 0.0, 0.0, 1.0],
                [-0.927625, 0.0, 0.373513, -5e-06, 0.373513, 0.0, 0.927625, 2.951974, 0.0, 1.0, 0.0, 0.60972, 0.0, 0.0, 0.0, 1.0],
                [-0.999975, 0.0, 0.007043, -5e-06, 0.007043, 0.0, 0.999975, 3.121437, 0.0, 1.0, 0.0, 0.597058, 0.0, 0.0, 0.0, 1.0],
                [-0.925572, 0.0, -0.378573, -5e-06, -0.378573, 0.0, 0.925572, 3.27993, 0.0, 1.0, 0.0, 0.582542, 0.0, 0.0, 0.0, 1.0],
                [-0.728254, 0.0, -0.685308, -5e-06, -0.685308, 0.0, 0.728254, 3.427651, 0.0, 1.0, 0.0, 0.568027, 0.0, 0.0, 0.0, 1.0],
                [-0.490722, 0.0, -0.871316, -5e-06, -0.871316, 0.0, 0.490722, 3.5648, 0.0, 1.0, 0.0, 0.555364, 0.0, 0.0, 0.0, 1.0],
                [-0.284379, 0.0, -0.958712, -5e-06, -0.958712, 0.0, 0.284379, 3.691575, 0.0, 1.0, 0.0, 0.546407, 0.0, 0.0, 0.0, 1.0],
                [-0.143399, 0.0, -0.989665, -5e-06, -0.989665, 0.0, 0.143399, 3.808176, 0.0, 1.0, 0.0, 0.54301, 0.0, 0.0, 0.0, 1.0],
                [-0.04462, 0.0, -0.999004, -5e-06, -0.999004, 0.0, 0.04462, 3.914852, 0.0, 1.0, 0.0, 0.544948, 0.0, 0.0, 0.0, 1.0],
                [0.045178, 0.0, -0.998979, -5e-06, -0.998979, 0.0, -0.045178, 4.012059, 0.0, 1.0, 0.0, 0.550445, 0.0, 0.0, 0.0, 1.0],
                [0.126397, 0.0, -0.99198, -5e-06, -0.99198, 0.0, -0.126397, 4.100301, 0.0, 1.0, 0.0, 0.559027, 0.0, 0.0, 0.0, 1.0],
                [0.199656, 0.0, -0.979866, -5e-06, -0.979866, 0.0, -0.199656, 4.180084, 0.0, 1.0, 0.0, 0.57022, 0.0, 0.0, 0.0, 1.0],
                [0.26566, 0.0, -0.964067, -5e-06, -0.964067, 0.0, -0.26566, 4.251914, 0.0, 1.0, 0.0, 0.583548, 0.0, 0.0, 0.0, 1.0],
                [0.325119, 0.0, -0.945673, -5e-06, -0.945673, 0.0, -0.325119, 4.316296, 0.0, 1.0, 0.0, 0.598537, 0.0, 0.0, 0.0, 1.0],
                [0.378707, 0.0, -0.925517, -5e-06, -0.925517, 0.0, -0.378707, 4.373736, 0.0, 1.0, 0.0, 0.614712, 0.0, 0.0, 0.0, 1.0],
                [0.427041, 0.0, -0.904232, -5e-06, -0.904232, 0.0, -0.427041, 4.42474, 0.0, 1.0, 0.0, 0.631599, 0.0, 0.0, 0.0, 1.0],
                [0.470668, 0.0, -0.88231, -5e-06, -0.88231, 0.0, -0.470668, 4.469812, 0.0, 1.0, 0.0, 0.648724, 0.0, 0.0, 0.0, 1.0],
                [0.510071, 0.0, -0.860133, -5e-06, -0.860133, 0.0, -0.510071, 4.509458, 0.0, 1.0, 0.0, 0.665611, 0.0, 0.0, 0.0, 1.0],
                [0.545662, 0.0, -0.838005, -5e-06, -0.838005, 0.0, -0.545662, 4.544185, 0.0, 1.0, 0.0, 0.681787, 0.0, 0.0, 0.0, 1.0],
                [0.5778, 0.0, -0.816178, -5e-06, -0.816178, 0.0, -0.5778, 4.574498, 0.0, 1.0, 0.0, 0.696776, 0.0, 0.0, 0.0, 1.0],
                [0.606785, 0.0, -0.794866, -5e-06, -0.794866, 0.0, -0.606785, 4.600901, 0.0, 1.0, 0.0, 0.710104, 0.0, 0.0, 0.0, 1.0],
                [0.632874, 0.0, -0.774255, -5e-06, -0.774255, 0.0, -0.632874, 4.6239, 0.0, 1.0, 0.0, 0.721296, 0.0, 0.0, 0.0, 1.0],
                [0.656279, 0.0, -0.754518, -5e-06, -0.754518, 0.0, -0.656279, 4.644003, 0.0, 1.0, 0.0, 0.729878, 0.0, 0.0, 0.0, 1.0],
                [0.677181, 0.0, -0.735817, -5e-06, -0.735817, 0.0, -0.677181, 4.661713, 0.0, 1.0, 0.0, 0.735375, 0.0, 0.0, 0.0, 1.0],
                [0.695727, 0.0, -0.718306, -5e-06, -0.718306, 0.0, -0.695727, 4.677536, 0.0, 1.0, 0.0, 0.737313, 0.0, 0.0, 0.0, 1.0],
                [0.71206, 0.0, -0.702119, -5e-06, -0.702119, 0.0, -0.71206, 4.69191, 0.0, 1.0, 0.0, 0.737312, 0.0, 0.0, 0.0, 1.0],
                [0.72637, 0.0, -0.687304, -5e-06, -0.687304, 0.0, -0.72637, 4.705001, 0.0, 1.0, 0.0, 0.737307, 0.0, 0.0, 0.0, 1.0],
                [0.73886, 0.0, -0.67386, -5e-06, -0.67386, 0.0, -0.73886, 4.716908, 0.0, 1.0, 0.0, 0.7373, 0.0, 0.0, 0.0, 1.0],
                [0.749725, 0.0, -0.661749, -5e-06, -0.661749, 0.0, -0.749725, 4.727728, 0.0, 1.0, 0.0, 0.737289, 0.0, 0.0, 0.0, 1.0],
                [0.759156, 0.0, -0.650909, -5e-06, -0.650909, 0.0, -0.759156, 4.737561, 0.0, 1.0, 0.0, 0.737276, 0.0, 0.0, 0.0, 1.0],
                [0.767334, 0.0, -0.641248, -5e-06, -0.641248, 0.0, -0.767334, 4.746503, 0.0, 1.0, 0.0, 0.73726, 0.0, 0.0, 0.0, 1.0],
                [0.774432, 0.0, -0.632658, -5e-06, -0.632658, 0.0, -0.774432, 4.754654, 0.0, 1.0, 0.0, 0.737241, 0.0, 0.0, 0.0, 1.0],
                [0.780616, 0.0, -0.625011, -5e-06, -0.625011, 0.0, -0.780616, 4.762112, 0.0, 1.0, 0.0, 0.73722, 0.0, 0.0, 0.0, 1.0],
                [0.786047, 0.0, -0.618167, -5e-06, -0.618167, 0.0, -0.786047, 4.768974, 0.0, 1.0, 0.0, 0.737195, 0.0, 0.0, 0.0, 1.0],
                [0.790878, 0.0, -0.611974, -5e-06, -0.611974, 0.0, -0.790878, 4.775341, 0.0, 1.0, 0.0, 0.737168, 0.0, 0.0, 0.0, 1.0],
                [0.795257, 0.0, -0.606272, -5e-06, -0.606272, 0.0, -0.795257, 4.781308, 0.0, 1.0, 0.0, 0.737139, 0.0, 0.0, 0.0, 1.0],
                [0.79933, 0.0, -0.600893, -5e-06, -0.600893, 0.0, -0.79933, 4.786975, 0.0, 1.0, 0.0, 0.737106, 0.0, 0.0, 0.0, 1.0],
                [0.803234, 0.0, -0.595663, -5e-06, -0.595663, 0.0, -0.803234, 4.792441, 0.0, 1.0, 0.0, 0.737072, 0.0, 0.0, 0.0, 1.0],
                [0.807086, 0.0, -0.590434, -5e-06, -0.590434, 0.0, -0.807086, 4.797787, 0.0, 1.0, 0.0, 0.737034, 0.0, 0.0, 0.0, 1.0],
                [0.810905, 0.0, -0.585177, -5e-06, -0.585177, 0.0, -0.810905, 4.80303, 0.0, 1.0, 0.0, 0.736995, 0.0, 0.0, 0.0, 1.0],
                [0.814692, 0.0, -0.579893, -5e-06, -0.579893, 0.0, -0.814692, 4.808171, 0.0, 1.0, 0.0, 0.736953, 0.0, 0.0, 0.0, 1.0],
                [0.818446, 0.0, -0.574584, -5e-06, -0.574584, 0.0, -0.818446, 4.81321, 0.0, 1.0, 0.0, 0.736908, 0.0, 0.0, 0.0, 1.0],
                [0.822165, 0.0, -0.569249, -5e-06, -0.569249, 0.0, -0.822165, 4.818149, 0.0, 1.0, 0.0, 0.736861, 0.0, 0.0, 0.0, 1.0],
                [0.825849, 0.0, -0.563891, -5e-06, -0.563891, 0.0, -0.825849, 4.822987, 0.0, 1.0, 0.0, 0.736812, 0.0, 0.0, 0.0, 1.0],
                [0.829498, 0.0, -0.55851, -5e-06, -0.55851, 0.0, -0.829498, 4.827726, 0.0, 1.0, 0.0, 0.736761, 0.0, 0.0, 0.0, 1.0],
                [0.83311, 0.0, -0.553108, -5e-06, -0.553108, 0.0, -0.83311, 4.832366, 0.0, 1.0, 0.0, 0.736707, 0.0, 0.0, 0.0, 1.0],
                [0.836684, 0.0, -0.547686, -5e-06, -0.547686, 0.0, -0.836684, 4.836908, 0.0, 1.0, 0.0, 0.736651, 0.0, 0.0, 0.0, 1.0],
                [0.840221, 0.0, -0.542245, -5e-06, -0.542245, 0.0, -0.840221, 4.841353, 0.0, 1.0, 0.0, 0.736594, 0.0, 0.0, 0.0, 1.0],
                [0.843718, 0.0, -0.536786, -5e-06, -0.536786, 0.0, -0.843718, 4.845701, 0.0, 1.0, 0.0, 0.736534, 0.0, 0.0, 0.0, 1.0],
                [0.847177, 0.0, -0.531311, -5e-06, -0.531311, 0.0, -0.847177, 4.849953, 0.0, 1.0, 0.0, 0.736472, 0.0, 0.0, 0.0, 1.0],
                [0.850595, 0.0, -0.525821, -5e-06, -0.525821, 0.0, -0.850595, 4.854109, 0.0, 1.0, 0.0, 0.736408, 0.0, 0.0, 0.0, 1.0],
                [0.853973, 0.0, -0.520318, -5e-06, -0.520318, 0.0, -0.853973, 4.858172, 0.0, 1.0, 0.0, 0.736342, 0.0, 0.0, 0.0, 1.0],
                [0.85731, 0.0, -0.514801, -5e-06, -0.514801, 0.0, -0.85731, 4.862139, 0.0, 1.0, 0.0, 0.736274, 0.0, 0.0, 0.0, 1.0],
                [0.860605, 0.0, -0.509274, -5e-06, -0.509274, 0.0, -0.860605, 4.866014, 0.0, 1.0, 0.0, 0.736204, 0.0, 0.0, 0.0, 1.0],
                [0.863858, 0.0, -0.503736, -5e-06, -0.503736, 0.0, -0.863858, 4.869796, 0.0, 1.0, 0.0, 0.736133, 0.0, 0.0, 0.0, 1.0],
                [0.867068, 0.0, -0.498189, -5e-06, -0.498189, 0.0, -0.867068, 4.873487, 0.0, 1.0, 0.0, 0.736059, 0.0, 0.0, 0.0, 1.0],
                [0.870236, 0.0, -0.492636, -5e-06, -0.492636, 0.0, -0.870236, 4.877086, 0.0, 1.0, 0.0, 0.735984, 0.0, 0.0, 0.0, 1.0],
                [0.87336, 0.0, -0.487076, -5e-06, -0.487076, 0.0, -0.87336, 4.880594, 0.0, 1.0, 0.0, 0.735907, 0.0, 0.0, 0.0, 1.0],
                [0.87644, 0.0, -0.481511, -5e-06, -0.481511, 0.0, -0.87644, 4.884013, 0.0, 1.0, 0.0, 0.735829, 0.0, 0.0, 0.0, 1.0],
                [0.879476, 0.0, -0.475942, -5e-06, -0.475942, 0.0, -0.879476, 4.887343, 0.0, 1.0, 0.0, 0.735749, 0.0, 0.0, 0.0, 1.0],
                [0.882468, 0.0, -0.470372, -5e-06, -0.470372, 0.0, -0.882468, 4.890584, 0.0, 1.0, 0.0, 0.735667, 0.0, 0.0, 0.0, 1.0],
                [0.885416, 0.0, -0.4648, -5e-06, -0.4648, 0.0, -0.885416, 4.893737, 0.0, 1.0, 0.0, 0.735584, 0.0, 0.0, 0.0, 1.0],
                [0.888318, 0.0, -0.459229, -5e-06, -0.459229, 0.0, -0.888318, 4.896804, 0.0, 1.0, 0.0, 0.735499, 0.0, 0.0, 0.0, 1.0],
                [0.891175, 0.0, -0.45366, -5e-06, -0.45366, 0.0, -0.891175, 4.899784, 0.0, 1.0, 0.0, 0.735413, 0.0, 0.0, 0.0, 1.0],
                [0.893987, 0.0, -0.448094, -5e-06, -0.448094, 0.0, -0.893987, 4.902678, 0.0, 1.0, 0.0, 0.735325, 0.0, 0.0, 0.0, 1.0],
                [0.896753, 0.0, -0.442532, -5e-06, -0.442532, 0.0, -0.896753, 4.905488, 0.0, 1.0, 0.0, 0.735236, 0.0, 0.0, 0.0, 1.0],
                [0.899473, 0.0, -0.436975, -5e-06, -0.436975, 0.0, -0.899473, 4.908212, 0.0, 1.0, 0.0, 0.735146, 0.0, 0.0, 0.0, 1.0],
                [0.902148, 0.0, -0.431426, -5e-06, -0.431426, 0.0, -0.902148, 4.910853, 0.0, 1.0, 0.0, 0.735054, 0.0, 0.0, 0.0, 1.0],
                [0.904777, 0.0, -0.425885, -5e-06, -0.425885, 0.0, -0.904777, 4.913411, 0.0, 1.0, 0.0, 0.734961, 0.0, 0.0, 0.0, 1.0],
                [0.907361, 0.0, -0.420353, -5e-06, -0.420353, 0.0, -0.907361, 4.915887, 0.0, 1.0, 0.0, 0.734867, 0.0, 0.0, 0.0, 1.0],
                [0.909898, 0.0, -0.414832, -5e-06, -0.414832, 0.0, -0.909898, 4.918282, 0.0, 1.0, 0.0, 0.734772, 0.0, 0.0, 0.0, 1.0],
                [0.912389, 0.0, -0.409324, -5e-06, -0.409324, 0.0, -0.912389, 4.920595, 0.0, 1.0, 0.0, 0.734676, 0.0, 0.0, 0.0, 1.0],
                [0.914835, 0.0, -0.403828, -5e-06, -0.403828, 0.0, -0.914835, 4.922828, 0.0, 1.0, 0.0, 0.734578, 0.0, 0.0, 0.0, 1.0],
                [0.917235, 0.0, -0.398347, -5e-06, -0.398347, 0.0, -0.917235, 4.924982, 0.0, 1.0, 0.0, 0.73448, 0.0, 0.0, 0.0, 1.0],
                [0.919589, 0.0, -0.392882, -5e-06, -0.392882, 0.0, -0.919589, 4.927056, 0.0, 1.0, 0.0, 0.73438, 0.0, 0.0, 0.0, 1.0],
                [0.921897, 0.0, -0.387435, -5e-06, -0.387435, 0.0, -0.921897, 4.929053, 0.0, 1.0, 0.0, 0.73428, 0.0, 0.0, 0.0, 1.0],
                [0.92416, 0.0, -0.382005, -5e-06, -0.382005, 0.0, -0.92416, 4.930972, 0.0, 1.0, 0.0, 0.734179, 0.0, 0.0, 0.0, 1.0],
                [0.926378, 0.0, -0.376595, -5e-06, -0.376595, 0.0, -0.926378, 4.932815, 0.0, 1.0, 0.0, 0.734076, 0.0, 0.0, 0.0, 1.0],
                [0.928551, 0.0, -0.371206, -5e-06, -0.371206, 0.0, -0.928551, 4.934581, 0.0, 1.0, 0.0, 0.733973, 0.0, 0.0, 0.0, 1.0],
                [0.930678, 0.0, -0.365839, -5e-06, -0.365839, 0.0, -0.930678, 4.936273, 0.0, 1.0, 0.0, 0.733869, 0.0, 0.0, 0.0, 1.0],
                [0.932761, 0.0, -0.360495, -5e-06, -0.360495, 0.0, -0.932761, 4.937889, 0.0, 1.0, 0.0, 0.733765, 0.0, 0.0, 0.0, 1.0],
                [0.9348, 0.0, -0.355175, -5e-06, -0.355175, 0.0, -0.9348, 4.939431, 0.0, 1.0, 0.0, 0.73366, 0.0, 0.0, 0.0, 1.0],
                [0.936794, 0.0, -0.349881, -5e-06, -0.349881, 0.0, -0.936794, 4.940899, 0.0, 1.0, 0.0, 0.733554, 0.0, 0.0, 0.0, 1.0],
                [0.938745, 0.0, -0.344613, -5e-06, -0.344613, 0.0, -0.938745, 4.942296, 0.0, 1.0, 0.0, 0.733447, 0.0, 0.0, 0.0, 1.0],
                [0.940652, 0.0, -0.339373, -5e-06, -0.339373, 0.0, -0.940652, 4.94362, 0.0, 1.0, 0.0, 0.73334, 0.0, 0.0, 0.0, 1.0],
                [0.942515, 0.0, -0.334163, -5e-06, -0.334163, 0.0, -0.942515, 4.944873, 0.0, 1.0, 0.0, 0.733232, 0.0, 0.0, 0.0, 1.0],
                [0.944336, 0.0, -0.328982, -5e-06, -0.328982, 0.0, -0.944336, 4.946055, 0.0, 1.0, 0.0, 0.733124, 0.0, 0.0, 0.0, 1.0],
                [0.946115, 0.0, -0.323832, -5e-06, -0.323832, 0.0, -0.946115, 4.947167, 0.0, 1.0, 0.0, 0.733015, 0.0, 0.0, 0.0, 1.0],
                [0.947851, 0.0, -0.318715, -5e-06, -0.318715, 0.0, -0.947851, 4.948211, 0.0, 1.0, 0.0, 0.732906, 0.0, 0.0, 0.0, 1.0],
                [0.949545, 0.0, -0.313631, -5e-06, -0.313631, 0.0, -0.949545, 4.949185, 0.0, 1.0, 0.0, 0.732797, 0.0, 0.0, 0.0, 1.0],
                [0.951198, 0.0, -0.308581, -5e-06, -0.308581, 0.0, -0.951198, 4.950092, 0.0, 1.0, 0.0, 0.732687, 0.0, 0.0, 0.0, 1.0],
                [0.95281, 0.0, -0.303566, -5e-06, -0.303566, 0.0, -0.95281, 4.950932, 0.0, 1.0, 0.0, 0.732577, 0.0, 0.0, 0.0, 1.0],
                [0.954382, 0.0, -0.298588, -5e-06, -0.298588, 0.0, -0.954382, 4.951705, 0.0, 1.0, 0.0, 0.732466, 0.0, 0.0, 0.0, 1.0],
                [0.955914, 0.0, -0.293648, -5e-06, -0.293648, 0.0, -0.955914, 4.952412, 0.0, 1.0, 0.0, 0.732356, 0.0, 0.0, 0.0, 1.0],
                [0.957406, 0.0, -0.288745, -5e-06, -0.288745, 0.0, -0.957406, 4.953053, 0.0, 1.0, 0.0, 0.732245, 0.0, 0.0, 0.0, 1.0],
                [0.958859, 0.0, -0.283882, -5e-06, -0.283882, 0.0, -0.958859, 4.953632, 0.0, 1.0, 0.0, 0.732134, 0.0, 0.0, 0.0, 1.0],
                [0.960274, 0.0, -0.27906, -5e-06, -0.27906, 0.0, -0.960274, 4.954146, 0.0, 1.0, 0.0, 0.732023, 0.0, 0.0, 0.0, 1.0],
                [0.96165, 0.0, -0.274279, -5e-06, -0.274279, 0.0, -0.96165, 4.954597, 0.0, 1.0, 0.0, 0.731912, 0.0, 0.0, 0.0, 1.0],
                [0.962989, 0.0, -0.269539, -5e-06, -0.269539, 0.0, -0.962989, 4.954986, 0.0, 1.0, 0.0, 0.731801, 0.0, 0.0, 0.0, 1.0],
                [0.964291, 0.0, -0.264843, -5e-06, -0.264843, 0.0, -0.964291, 4.955313, 0.0, 1.0, 0.0, 0.73169, 0.0, 0.0, 0.0, 1.0],
                [0.965557, 0.0, -0.260191, -5e-06, -0.260191, 0.0, -0.965557, 4.955578, 0.0, 1.0, 0.0, 0.73158, 0.0, 0.0, 0.0, 1.0],
                [0.966787, 0.0, -0.255584, -5e-06, -0.255584, 0.0, -0.966787, 4.955784, 0.0, 1.0, 0.0, 0.731469, 0.0, 0.0, 0.0, 1.0],
                [0.967981, 0.0, -0.251023, -5e-06, -0.251023, 0.0, -0.967981, 4.95593, 0.0, 1.0, 0.0, 0.731358, 0.0, 0.0, 0.0, 1.0],
                [0.969141, 0.0, -0.246508, -5e-06, -0.246508, 0.0, -0.969141, 4.956017, 0.0, 1.0, 0.0, 0.731248, 0.0, 0.0, 0.0, 1.0],
                [0.970266, 0.0, -0.242041, -5e-06, -0.242041, 0.0, -0.970266, 4.956046, 0.0, 1.0, 0.0, 0.731138, 0.0, 0.0, 0.0, 1.0],
                [0.971358, 0.0, -0.237622, -5e-06, -0.237622, 0.0, -0.971358, 4.956046, 0.0, 1.0, 0.0, 0.731028, 0.0, 0.0, 0.0, 1.0],
                [0.972416, 0.0, -0.233252, -5e-06, -0.233252, 0.0, -0.972416, 4.956046, 0.0, 1.0, 0.0, 0.730919, 0.0, 0.0, 0.0, 1.0],
                [0.973442, 0.0, -0.228932, -5e-06, -0.228932, 0.0, -0.973442, 4.956046, 0.0, 1.0, 0.0, 0.730809, 0.0, 0.0, 0.0, 1.0],
                [0.974437, 0.0, -0.224662, -5e-06, -0.224662, 0.0, -0.974437, 4.956046, 0.0, 1.0, 0.0, 0.730701, 0.0, 0.0, 0.0, 1.0],
                [0.9754, 0.0, -0.220444, -5e-06, -0.220444, 0.0, -0.9754, 4.956046, 0.0, 1.0, 0.0, 0.730592, 0.0, 0.0, 0.0, 1.0],
                [0.976332, 0.0, -0.216278, -5e-06, -0.216278, 0.0, -0.976332, 4.956046, 0.0, 1.0, 0.0, 0.730485, 0.0, 0.0, 0.0, 1.0],
                [0.977234, 0.0, -0.212164, -5e-06, -0.212164, 0.0, -0.977234, 4.956046, 0.0, 1.0, 0.0, 0.730378, 0.0, 0.0, 0.0, 1.0],
                [0.978107, 0.0, -0.208105, -5e-06, -0.208105, 0.0, -0.978107, 4.956046, 0.0, 1.0, 0.0, 0.730271, 0.0, 0.0, 0.0, 1.0],
                [0.97895, 0.0, -0.204099, -5e-06, -0.204099, 0.0, -0.97895, 4.956046, 0.0, 1.0, 0.0, 0.730165, 0.0, 0.0, 0.0, 1.0],
                [0.979766, 0.0, -0.200149, -5e-06, -0.200149, 0.0, -0.979766, 4.956046, 0.0, 1.0, 0.0, 0.73006, 0.0, 0.0, 0.0, 1.0],
                [0.980553, 0.0, -0.196254, -5e-06, -0.196254, 0.0, -0.980553, 4.956046, 0.0, 1.0, 0.0, 0.729955, 0.0, 0.0, 0.0, 1.0],
                [0.981314, 0.0, -0.192415, -5e-06, -0.192415, 0.0, -0.981314, 4.956046, 0.0, 1.0, 0.0, 0.729851, 0.0, 0.0, 0.0, 1.0],
                [0.982048, 0.0, -0.188633, -5e-06, -0.188633, 0.0, -0.982048, 4.956046, 0.0, 1.0, 0.0, 0.729748, 0.0, 0.0, 0.0, 1.0],
                [0.982756, 0.0, -0.184909, -5e-06, -0.184909, 0.0, -0.982756, 4.956046, 0.0, 1.0, 0.0, 0.729646, 0.0, 0.0, 0.0, 1.0],
                [0.983438, 0.0, -0.181243, -5e-06, -0.181243, 0.0, -0.983438, 4.956046, 0.0, 1.0, 0.0, 0.729545, 0.0, 0.0, 0.0, 1.0],
                [0.984096, 0.0, -0.177636, -5e-06, -0.177636, 0.0, -0.984096, 4.956046, 0.0, 1.0, 0.0, 0.729444, 0.0, 0.0, 0.0, 1.0],
                [0.98473, 0.0, -0.174088, -5e-06, -0.174088, 0.0, -0.98473, 4.956046, 0.0, 1.0, 0.0, 0.729345, 0.0, 0.0, 0.0, 1.0],
                [0.98534, 0.0, -0.1706, -5e-06, -0.1706, 0.0, -0.98534, 4.956046, 0.0, 1.0, 0.0, 0.729246, 0.0, 0.0, 0.0, 1.0],
                [0.985928, 0.0, -0.167173, -5e-06, -0.167173, 0.0, -0.985928, 4.956046, 0.0, 1.0, 0.0, 0.729149, 0.0, 0.0, 0.0, 1.0],
                [0.986493, 0.0, -0.163806, -5e-06, -0.163806, 0.0, -0.986493, 4.956046, 0.0, 1.0, 0.0, 0.729052, 0.0, 0.0, 0.0, 1.0],
                [0.987036, 0.0, -0.160502, -5e-06, -0.160502, 0.0, -0.987036, 4.956046, 0.0, 1.0, 0.0, 0.728957, 0.0, 0.0, 0.0, 1.0],
                [0.987557, 0.0, -0.157259, -5e-06, -0.157259, 0.0, -0.987557, 4.956046, 0.0, 1.0, 0.0, 0.728863, 0.0, 0.0, 0.0, 1.0],
                [0.988058, 0.0, -0.15408, -5e-06, -0.15408, 0.0, -0.988058, 4.956046, 0.0, 1.0, 0.0, 0.72877, 0.0, 0.0, 0.0, 1.0],
                [0.988539, 0.0, -0.150963, -5e-06, -0.150963, 0.0, -0.988539, 4.956046, 0.0, 1.0, 0.0, 0.728679, 0.0, 0.0, 0.0, 1.0],
                [0.989001, 0.0, -0.147911, -5e-06, -0.147911, 0.0, -0.989001, 4.956046, 0.0, 1.0, 0.0, 0.728588, 0.0, 0.0, 0.0, 1.0],
                [0.989443, 0.0, -0.144922, -5e-06, -0.144922, 0.0, -0.989443, 4.956046, 0.0, 1.0, 0.0, 0.728499, 0.0, 0.0, 0.0, 1.0],
                [0.989867, 0.0, -0.141999, -5e-06, -0.141999, 0.0, -0.989867, 4.956046, 0.0, 1.0, 0.0, 0.728412, 0.0, 0.0, 0.0, 1.0],
                [0.990273, 0.0, -0.139141, -5e-06, -0.139141, 0.0, -0.990273, 4.956046, 0.0, 1.0, 0.0, 0.728326, 0.0, 0.0, 0.0, 1.0],
                [0.990661, 0.0, -0.136348, -5e-06, -0.136348, 0.0, -0.990661, 4.956046, 0.0, 1.0, 0.0, 0.728241, 0.0, 0.0, 0.0, 1.0],
                [0.991032, 0.0, -0.133622, -5e-06, -0.133622, 0.0, -0.991032, 4.956046, 0.0, 1.0, 0.0, 0.728158, 0.0, 0.0, 0.0, 1.0],
                [0.991387, 0.0, -0.130963, -5e-06, -0.130963, 0.0, -0.991387, 4.956046, 0.0, 1.0, 0.0, 0.728076, 0.0, 0.0, 0.0, 1.0],
                [0.991726, 0.0, -0.128371, -5e-06, -0.128371, 0.0, -0.991726, 4.956046, 0.0, 1.0, 0.0, 0.727996, 0.0, 0.0, 0.0, 1.0],
                [0.99205, 0.0, -0.125846, -5e-06, -0.125846, 0.0, -0.99205, 4.956046, 0.0, 1.0, 0.0, 0.727917, 0.0, 0.0, 0.0, 1.0],
                [0.992358, 0.0, -0.12339, -5e-06, -0.12339, 0.0, -0.992358, 4.956046, 0.0, 1.0, 0.0, 0.727841, 0.0, 0.0, 0.0, 1.0],
                [0.992652, 0.0, -0.121002, -5e-06, -0.121002, 0.0, -0.992652, 4.956046, 0.0, 1.0, 0.0, 0.727765, 0.0, 0.0, 0.0, 1.0],
                [0.992932, 0.0, -0.118683, -5e-06, -0.118683, 0.0, -0.992932, 4.956046, 0.0, 1.0, 0.0, 0.727692, 0.0, 0.0, 0.0, 1.0],
                [0.993198, 0.0, -0.116434, -5e-06, -0.116434, 0.0, -0.993198, 4.956046, 0.0, 1.0, 0.0, 0.72762, 0.0, 0.0, 0.0, 1.0],
                [0.993451, 0.0, -0.114255, -5e-06, -0.114255, 0.0, -0.993451, 4.956046, 0.0, 1.0, 0.0, 0.727551, 0.0, 0.0, 0.0, 1.0],
                [0.993692, 0.0, -0.112146, -5e-06, -0.112146, 0.0, -0.993692, 4.956046, 0.0, 1.0, 0.0, 0.727483, 0.0, 0.0, 0.0, 1.0],
                [0.99392, 0.0, -0.110108, -5e-06, -0.110108, 0.0, -0.99392, 4.956046, 0.0, 1.0, 0.0, 0.727417, 0.0, 0.0, 0.0, 1.0],
                [0.994136, 0.0, -0.108141, -5e-06, -0.108141, 0.0, -0.994136, 4.956046, 0.0, 1.0, 0.0, 0.727353, 0.0, 0.0, 0.0, 1.0],
                [0.99434, 0.0, -0.106246, -5e-06, -0.106246, 0.0, -0.99434, 4.956046, 0.0, 1.0, 0.0, 0.727291, 0.0, 0.0, 0.0, 1.0],
                [0.994533, 0.0, -0.104423, -5e-06, -0.104423, 0.0, -0.994533, 4.956046, 0.0, 1.0, 0.0, 0.727231, 0.0, 0.0, 0.0, 1.0],
                [0.994715, 0.0, -0.102672, -5e-06, -0.102672, 0.0, -0.994715, 4.956046, 0.0, 1.0, 0.0, 0.727173, 0.0, 0.0, 0.0, 1.0],
                [0.994887, 0.0, -0.100995, -5e-06, -0.100995, 0.0, -0.994887, 4.956046, 0.0, 1.0, 0.0, 0.727117, 0.0, 0.0, 0.0, 1.0],
                [0.995048, 0.0, -0.099391, -5e-06, -0.099391, 0.0, -0.995048, 4.956046, 0.0, 1.0, 0.0, 0.727064, 0.0, 0.0, 0.0, 1.0],
                [0.9952, 0.0, -0.097861, -5e-06, -0.097861, 0.0, -0.9952, 4.956046, 0.0, 1.0, 0.0, 0.727012, 0.0, 0.0, 0.0, 1.0],
                [0.995342, 0.0, -0.096405, -5e-06, -0.096405, 0.0, -0.995342, 4.956046, 0.0, 1.0, 0.0, 0.726963, 0.0, 0.0, 0.0, 1.0],
                [0.995475, 0.0, -0.095024, -5e-06, -0.095024, 0.0, -0.995475, 4.956046, 0.0, 1.0, 0.0, 0.726916, 0.0, 0.0, 0.0, 1.0],
                [0.995599, 0.0, -0.093718, -5e-06, -0.093718, 0.0, -0.995599, 4.956046, 0.0, 1.0, 0.0, 0.726872, 0.0, 0.0, 0.0, 1.0],
                [0.995714, 0.0, -0.092487, -5e-06, -0.092487, 0.0, -0.995714, 4.956046, 0.0, 1.0, 0.0, 0.72683, 0.0, 0.0, 0.0, 1.0],
                [0.99582, 0.0, -0.091333, -5e-06, -0.091333, 0.0, -0.99582, 4.956046, 0.0, 1.0, 0.0, 0.72679, 0.0, 0.0, 0.0, 1.0],
                [0.995919, 0.0, -0.090255, -5e-06, -0.090255, 0.0, -0.995919, 4.956046, 0.0, 1.0, 0.0, 0.726753, 0.0, 0.0, 0.0, 1.0],
                [0.996009, 0.0, -0.089254, -5e-06, -0.089254, 0.0, -0.996009, 4.956046, 0.0, 1.0, 0.0, 0.726718, 0.0, 0.0, 0.0, 1.0],
                [0.996091, 0.0, -0.08833, -5e-06, -0.08833, 0.0, -0.996091, 4.956046, 0.0, 1.0, 0.0, 0.726686, 0.0, 0.0, 0.0, 1.0],
                [0.996166, 0.0, -0.087484, -5e-06, -0.087484, 0.0, -0.996166, 4.956046, 0.0, 1.0, 0.0, 0.726656, 0.0, 0.0, 0.0, 1.0],
                [0.996233, 0.0, -0.086717, -5e-06, -0.086717, 0.0, -0.996233, 4.956046, 0.0, 1.0, 0.0, 0.726629, 0.0, 0.0, 0.0, 1.0],
                [0.996293, 0.0, -0.086028, -5e-06, -0.086028, 0.0, -0.996293, 4.956046, 0.0, 1.0, 0.0, 0.726605, 0.0, 0.0, 0.0, 1.0],
                [0.996345, 0.0, -0.085418, -5e-06, -0.085418, 0.0, -0.996345, 4.956046, 0.0, 1.0, 0.0, 0.726583, 0.0, 0.0, 0.0, 1.0],
                [0.99639, 0.0, -0.084888, -5e-06, -0.084888, 0.0, -0.99639, 4.956046, 0.0, 1.0, 0.0, 0.726564, 0.0, 0.0, 0.0, 1.0],
                [0.996429, 0.0, -0.084439, -5e-06, -0.084439, 0.0, -0.996429, 4.956046, 0.0, 1.0, 0.0, 0.726548, 0.0, 0.0, 0.0, 1.0],
                [0.99646, 0.0, -0.08407, -5e-06, -0.08407, 0.0, -0.99646, 4.956046, 0.0, 1.0, 0.0, 0.726535, 0.0, 0.0, 0.0, 1.0],
                [0.996484, 0.0, -0.083782, -5e-06, -0.083782, 0.0, -0.996484, 4.956046, 0.0, 1.0, 0.0, 0.726525, 0.0, 0.0, 0.0, 1.0],
                [0.996501, 0.0, -0.083575, -5e-06, -0.083575, 0.0, -0.996501, 4.956046, 0.0, 1.0, 0.0, 0.726517, 0.0, 0.0, 0.0, 1.0],
                [0.996512, 0.0, -0.083451, -5e-06, -0.083451, 0.0, -0.996512, 4.956046, 0.0, 1.0, 0.0, 0.726513, 0.0, 0.0, 0.0, 1.0],
                [0.996515, 0.0, -0.08341, -5e-06, -0.08341, 0.0, -0.996515, 4.956046, 0.0, 1.0, 0.0, 0.726511, 0.0, 0.0, 0.0, 1.0]
            ]
        },
        {
            "name": "Thigh_R",
            "time": [0.0, 0.0167, 0.0333, 0.05, 0.0667, 0.0833, 0.1, 0.1167, 0.1333, 0.15, 0.1667, 0.1833, 0.2, 0.2167, 0.2333, 0.25, 0.2667, 0.2833, 0.3, 0.3167, 0.3333, 0.35, 0.3667, 0.3833, 0.4, 0.4167, 0.4333, 0.45, 0.4667, 0.4833, 0.5, 0.5167, 0.5333, 0.55, 0.5667, 0.5833, 0.6, 0.6167, 0.6333, 0.65, 0.6667, 0.6833, 0.7, 0.7167, 0.7333, 0.75, 0.7667, 0.7833, 0.8, 0.8167, 0.8333, 0.85, 0.8667, 0.8833, 0.9, 0.9167, 0.9333, 0.95, 0.9667, 0.9833, 1.0, 1.0167, 1.0333, 1.05, 1.0667, 1.0833, 1.1, 1.1167, 1.1333, 1.15, 1.1667, 1.1833, 1.2, 1.2167, 1.2333, 1.25, 1.2667, 1.2833, 1.3, 1.3167, 1.3333, 1.35, 1.3667, 1.3833, 1.4, 1.4167, 1.4333, 1.45, 1.4667, 1.4833, 1.5, 1.5167, 1.5333, 1.55, 1.5667, 1.5833, 1.6, 1.6167, 1.6333, 1.65, 1.6667, 1.6833, 1.7, 1.7167, 1.7333, 1.75, 1.7667, 1.7833, 1.8, 1.8167, 1.8333, 1.85, 1.8667, 1.8833, 1.9, 1.9167, 1.9333, 1.95, 1.9667, 1.9833, 2.0, 2.0167, 2.0333, 2.05, 2.0667, 2.0833, 2.1, 2.1167, 2.1333, 2.15, 2.1667, 2.1833, 2.2, 2.2167, 2.2333, 2.25, 2.2667, 2.2833, 2.3, 2.3167, 2.3333, 2.35, 2.3667, 2.3833, 2.4, 2.4167, 2.4333, 2.45, 2.4667, 2.4833, 2.5, 2.5167, 2.5333, 2.55, 2.5667, 2.5833, 2.6, 2.6167, 2.6333, 2.65, 2.6667, 2.6833, 2.7, 2.7167, 2.7333, 2.75, 2.7667, 2.7833, 2.8, 2.8167, 2.8333, 2.85, 2.8667, 2.8833, 2.9, 2.9167, 2.9333, 2.95, 2.9667, 2.9833, 3.0, 3.0167, 3.0333, 3.05, 3.0667, 3.0833, 3.1, 3.1167, 3.1333, 3.15, 3.1667, 3.1833, 3.2, 3.2167, 3.2333, 3.25, 3.2667, 3.2833, 3.3, 3.3167],
            "transform": [
                [0.256033, -0.340763, 0.904615, 0.124994, 0.708871, -0.570059, -0.415371, -0.002831, 0.657228, 0.747602, 0.095603, -1.2e-05, 0.0, 0.0, 0.0, 1.0],
                [0.254122, -0.331168, 0.908708, 0.124994, 0.700098, -0.585252, -0.409073, -0.002831, 0.667296, 0.740138, 0.083125, -1.2e-05, 0.0, 0.0, 0.0, 1.0],
                [0.250217, -0.303856, 0.919273, 0.124994, 0.674624, -0.626317, -0.390649, -0.002831, 0.694458, 0.71791, 0.048273, -1.2e-05, 0.0, 0.0, 0.0, 1.0],
                [0.24774, -0.26083, 0.933056, 0.124994, 0.633031, -0.685481, -0.359701, -0.002831, 0.733414, 0.679765, -0.004708, -1.2e-05, 0.0, 0.0, 0.0, 1.0],
                [0.250484, -0.204653, 0.946243, 0.124994, 0.576197, -0.753923, -0.315586, -0.002831, 0.77798, 0.624271, -0.070926, -1.2e-05, 0.0, 0.0, 0.0, 1.0],
                [0.26187, -0.139174, 0.955016, 0.124994, 0.506489, -0.822506, -0.258745, -0.002831, 0.821518, 0.551462, -0.1449, -1.2e-05, 0.0, 0.0, 0.0, 1.0],
                [0.28416, -0.069623, 0.956246, 0.124994, 0.42831, -0.883089, -0.191574, -0.002831, 0.85779, 0.464007, -0.221119, -1.2e-05, 0.0, 0.0, 0.0, 1.0],
                [0.317926, -0.001992, 0.948114, 0.124994, 0.347774, -0.930049, -0.118571, -0.002831, 0.882029, 0.367425, -0.294995, -1.2e-05, 0.0, 0.0, 0.0, 1.0],
                [0.362027, 0.058029, 0.93036, 0.124994, 0.271658, -0.961304, -0.04575, -0.002831, 0.891705, 0.269302, -0.363783, -1.2e-05, 0.0, 0.0, 0.0, 1.0],
                [0.414145, 0.106039, 0.904013, 0.124994, 0.206153, -0.978307, 0.020311, -0.002831, 0.886557, 0.177954, -0.427022, -1.2e-05, 0.0, 0.0, 0.0, 1.0],
                [0.471599, 0.139409, 0.870724, 0.124994, 0.155995, -0.985038, 0.073223, -0.002831, 0.867905, 0.101297, -0.486291, -1.2e-05, 0.0, 0.0, 0.0, 1.0],
                [0.552976, 0.159679, 0.817753, 0.124994, 0.125289, -0.986238, 0.107858, -0.002831, 0.823723, 0.042813, -0.565373, -1.2e-05, 0.0, 0.0, 0.0, 1.0],
                [0.667115, 0.1698, 0.725345, 0.124994, 0.112366, -0.98547, 0.127351, -0.002831, 0.736431, -0.003453, -0.676504, -1.2e-05, 0.0, 0.0, 0.0, 1.0],
                [0.793001, 0.170864, 0.584769, 0.124994, 0.111896, -0.984383, 0.135888, -0.002831, 0.598856, -0.042326, -0.799738, -1.2e-05, 0.0, 0.0, 0.0, 1.0],
                [0.903934, 0.164072, 0.394947, 0.124994, 0.1186, -0.983429, 0.137101, -0.002831, 0.410898, -0.077088, -0.908417, -1.2e-05, 0.0, 0.0, 0.0, 1.0],
                [0.973824, 0.150579, 0.170272, 0.124994, 0.128123, -0.982386, 0.136006, -0.002831, 0.187753, -0.11063, -0.975966, -1.2e-05, 0.0, 0.0, 0.0, 1.0],
                [0.989537, 0.13125, -0.059908, 0.124994, 0.138492, -0.980503, 0.139388, -0.002831, -0.040445, -0.146226, -0.988424, -1.2e-05, 0.0, 0.0, 0.0, 1.0],
                [0.958934, 0.106448, -0.262893, 0.124994, 0.150772, -0.976403, 0.154598, -0.002831, -0.240234, -0.187886, -0.952359, -1.2e-05, 0.0, 0.0, 0.0, 1.0],
                [0.906275, 0.076254, -0.415753, 0.124994, 0.167803, -0.967668, 0.188301, -0.002831, -0.387952, -0.240416, -0.889771, -1.2e-05, 0.0, 0.0, 0.0, 1.0],
                [0.860097, 0.041468, -0.508441, 0.124994, 0.191573, -0.949994, 0.246591, -0.002831, -0.472791, -0.309495, -0.825034, -1.2e-05, 0.0, 0.0, 0.0, 1.0],
                [0.843645, 0.005715, -0.53687, 0.124994, 0.219991, -0.915827, 0.335948, -0.002831, -0.489761, -0.401527, -0.773893, -1.2e-05, 0.0, 0.0, 0.0, 1.0],
                [0.873026, 0.008804, -0.487594, 0.124994, 0.27003, -0.841298, 0.468293, -0.002831, -0.40609, -0.540496, -0.736854, -1.2e-05, 0.0, 0.0, 0.0, 1.0],
                [0.921402, 0.0838, -0.379468, 0.124994, 0.323267, -0.707219, 0.628759, -0.002831, -0.215677, -0.702007, -0.678725, -1.2e-05, 0.0, 0.0, 0.0, 1.0],
                [0.942463, 0.209092, -0.260851, 0.124994, 0.333624, -0.538328, 0.773885, -0.002831, 0.02139, -0.816382, -0.577114, -1.2e-05, 0.0, 0.0, 0.0, 1.0],
                [0.928, 0.328214, -0.176323, 0.124994, 0.304555, -0.395639, 0.866439, -0.002831, 0.214617, -0.857754, -0.467114, -1.2e-05, 0.0, 0.0, 0.0, 1.0],
                [0.913675, 0.379328, -0.145968, 0.124994, 0.283726, -0.338105, 0.897321, -0.002831, 0.291026, -0.861273, -0.416544, -1.2e-05, 0.0, 0.0, 0.0, 1.0],
                [0.945284, 0.306442, -0.111943, 0.124994, 0.244048, -0.436468, 0.865988, -0.002831, 0.216515, -0.845922, -0.487374, -1.2e-05, 0.0, 0.0, 0.0, 1.0],
                [0.98474, 0.160439, -0.067417, 0.124994, 0.153496, -0.618184, 0.7709, -0.002831, 0.082007, -0.769482, -0.63338, -1.2e-05, 0.0, 0.0, 0.0, 1.0],
                [0.994999, 0.078243, -0.062082, 0.124994, 0.099803, -0.754279, 0.648923, -0.002831, 0.003947, -0.651872, -0.758318, -1.2e-05, 0.0, 0.0, 0.0, 1.0],
                [0.990731, 0.10884, -0.081276, 0.124994, 0.135591, -0.828418, 0.543448, -0.002831, -0.008182, -0.549429, -0.8355, -1.2e-05, 0.0, 0.0, 0.0, 1.0],
                [0.976017, 0.190847, -0.104722, 0.124994, 0.217646, -0.865227, 0.451674, -0.002831, -0.004408, -0.463633, -0.886016, -1.2e-05, 0.0, 0.0, 0.0, 1.0],
                [0.943919, 0.305437, -0.125393, 0.124994, 0.330111, -0.865534, 0.376662, -0.002831, 0.006515, -0.396931, -0.917825, -1.2e-05, 0.0, 0.0, 0.0, 1.0],
                [0.89154, 0.430338, -0.141294, 0.124994, 0.452515, -0.832722, 0.319063, -0.002831, 0.019646, -0.348395, -0.937142, -1.2e-05, 0.0, 0.0, 0.0, 1.0],
                [0.824491, 0.544673, -0.153444, 0.124994, 0.564962, -0.776924, 0.277855, -0.002831, 0.032126, -0.315778, -0.948289, -1.2e-05, 0.0, 0.0, 0.0, 1.0],
                [0.756117, 0.63358, -0.163895, 0.124994, 0.653105, -0.714571, 0.250677, -0.002831, 0.041709, -0.296581, -0.954096, -1.2e-05, 0.0, 0.0, 0.0, 1.0],
                [0.703191, 0.689302, -0.17431, 0.124994, 0.709525, -0.664524, 0.234478, -0.002831, 0.045793, -0.288559, -0.956366, -1.2e-05, 0.0, 0.0, 0.0, 1.0],
                [0.681715, 0.707743, -0.18537, 0.124994, 0.730483, -0.644345, 0.226299, -0.002831, 0.040719, -0.28968, -0.956257, -1.2e-05, 0.0, 0.0, 0.0, 1.0],
                [0.683439, 0.701957, -0.200411, 0.124994, 0.729487, -0.646352, 0.223774, -0.002831, 0.027543, -0.299133, -0.953814, -1.2e-05, 0.0, 0.0, 0.0, 1.0],
                [0.690242, 0.688642, -0.222118, 0.124994, 0.723498, -0.652282, 0.226001, -0.002831, 0.01075, -0.316696, -0.948466, -1.2e-05, 0.0, 0.0, 0.0, 1.0],
                [0.701122, 0.668028, -0.249328, 0.124994, 0.712978, -0.661442, 0.232709, -0.002831, -0.00946, -0.340922, -0.940044, -1.2e-05, 0.0, 0.0, 0.0, 1.0],
                [0.714998, 0.640276, -0.280755, 0.124994, 0.69835, -0.673003, 0.243663, -0.002831, -0.032938, -0.370283, -0.928335, -1.2e-05, 0.0, 0.0, 0.0, 1.0],
                [0.730759, 0.605607, -0.315007, 0.124994, 0.680037, -0.686057, 0.258598, -0.002831, -0.059504, -0.403188, -0.91318, -1.2e-05, 0.0, 0.0, 0.0, 1.0],
                [0.74731, 0.564433, -0.35063, 0.124994, 0.658503, -0.699677, 0.277169, -0.002831, -0.088885, -0.438022, -0.894559, -1.2e-05, 0.0, 0.0, 0.0, 1.0],
                [0.763635, 0.517427, -0.386172, 0.124995, 0.634271, -0.712986, 0.298913, -0.002831, -0.12067, -0.473196, -0.872653, -1.2e-05, 0.0, 0.0, 0.0, 1.0],
                [0.778861, 0.465578, -0.420252, 0.124994, 0.607923, -0.725224, 0.323229, -0.002831, -0.154289, -0.50723, -0.847887, -1.2e-05, 0.0, 0.0, 0.0, 1.0],
                [0.792315, 0.410177, -0.451654, 0.124994, 0.580093, -0.735811, 0.349389, -0.002831, -0.189021, -0.538826, -0.820937, -1.2e-05, 0.0, 0.0, 0.0, 1.0],
                [0.803576, 0.352771, -0.479394, 0.124994, 0.551435, -0.744394, 0.376556, -0.002831, -0.22402, -0.566945, -0.792709, -1.2e-05, 0.0, 0.0, 0.0, 1.0],
                [0.812492, 0.295082, -0.502775, 0.124994, 0.522596, -0.750874, 0.403829, -0.002831, -0.258358, -0.590855, -0.764291, -1.2e-05, 0.0, 0.0, 0.0, 1.0],
                [0.819185, 0.238908, -0.521401, 0.124994, 0.494178, -0.755408, 0.430283, -0.002831, -0.291073, -0.610145, -0.736884, -1.2e-05, 0.0, 0.0, 0.0, 1.0],
                [0.824011, 0.186026, -0.535162, 0.124994, 0.466719, -0.758379, 0.455008, -0.002831, -0.321213, -0.6247, -0.711737, -1.2e-05, 0.0, 0.0, 0.0, 1.0],
                [0.827523, 0.138126, -0.544175, 0.124993, 0.440677, -0.760357, 0.477136, -0.002831, -0.347863, -0.634645, -0.690084, -1.2e-05, 0.0, 0.0, 0.0, 1.0],
                [0.830398, 0.096762, -0.548704, 0.124994, 0.416442, -0.76204, 0.495851, -0.002831, -0.370155, -0.640256, -0.673094, -1.2e-05, 0.0, 0.0, 0.0, 1.0],
                [0.833377, 0.063359, -0.54906, 0.124994, 0.394353, -0.7642, 0.510373, -0.002831, -0.387256, -0.641856, -0.661855, -1.2e-05, 0.0, 0.0, 0.0, 1.0],
                [0.837196, 0.039232, -0.545493, 0.124994, 0.374743, -0.767618, 0.51993, -0.002831, -0.398333, -0.639702, -0.657351, -1.2e-05, 0.0, 0.0, 0.0, 1.0],
                [0.841317, 0.021757, -0.540104, 0.124994, 0.357686, -0.771552, 0.526085, -0.002831, -0.405273, -0.63579, -0.656904, -1.2e-05, 0.0, 0.0, 0.0, 1.0],
                [0.844876, 0.007323, -0.534912, 0.124994, 0.342908, -0.774885, 0.531004, -0.002831, -0.410607, -0.632056, -0.657195, -1.2e-05, 0.0, 0.0, 0.0, 1.0],
                [0.848043, -0.004293, -0.52991, 0.124994, 0.330232, -0.777782, 0.534789, -0.002831, -0.414451, -0.628515, -0.658177, -1.2e-05, 0.0, 0.0, 0.0, 1.0],
                [0.850951, -0.013325, -0.525075, 0.124994, 0.319467, -0.780376, 0.537542, -0.002831, -0.416919, -0.625165, -0.659807, -1.2e-05, 0.0, 0.0, 0.0, 1.0],
                [0.853707, -0.020012, -0.520369, 0.124994, 0.310413, -0.782771, 0.539362, -0.002831, -0.418124, -0.621985, -0.662047, -1.2e-05, 0.0, 0.0, 0.0, 1.0],
                [0.85639, -0.024599, -0.515743, 0.124994, 0.302861, -0.785048, 0.540345, -0.002831, -0.418175, -0.618943, -0.664859, -1.2e-05, 0.0, 0.0, 0.0, 1.0],
                [0.859063, -0.027333, -0.51114, 0.124994, 0.296597, -0.787272, 0.540584, -0.002831, -0.417182, -0.615996, -0.668211, -1.2e-05, 0.0, 0.0, 0.0, 1.0],
                [0.861772, -0.028461, -0.506497, 0.124994, 0.291404, -0.789493, 0.540168, -0.002831, -0.41525, -0.613095, -0.672071, -1.1e-05, 0.0, 0.0, 0.0, 1.0],
                [0.864554, -0.028235, -0.501746, 0.124994, 0.287061, -0.791752, 0.539187, -0.002831, -0.412483, -0.610186, -0.676409, -1.2e-05, 0.0, 0.0, 0.0, 1.0],
