{
    "animation": [
        {
            "name": "Root",
            "time": [0.0, 0.0167, 0.0333, 0.05, 0.0667, 0.0833, 0.1, 0.1167, 0.1333, 0.15, 0.1667, 0.1833, 0.2, 0.2167, 0.2333, 0.25, 0.2667, 0.2833, 0.3, 0.3167, 0.3333, 0.35, 0.3667, 0.3833, 0.4, 0.4167, 0.4333, 0.45, 0.4667, 0.4833, 0.5, 0.5167, 0.5333, 0.55, 0.5667, 0.5833, 0.6, 0.6167, 0.6333, 0.65, 0.6667, 0.6833, 0.7, 0.7167, 0.7333, 0.75, 0.7667, 0.7833, 0.8, 0.8167, 0.8333, 0.85, 0.8667, 0.8833, 0.9, 0.9167, 0.9333, 0.95, 0.9667, 0.9833, 1.0, 1.0167, 1.0333, 1.05, 1.0667, 1.0833, 1.1, 1.1167, 1.1333, 1.15, 1.1667, 1.1833, 1.2, 1.2167, 1.2333, 1.25, 1.2667, 1.2833, 1.3, 1.3167, 1.3333, 1.35, 1.3667, 1.3833, 1.4, 1.4167, 1.4333, 1.45, 1.4667, 1.4833, 1.5, 1.5167, 1.5333, 1.55, 1.5667, 1.5833, 1.6, 1.6167, 1.6333, 1.65, 1.6667, 1.6833, 1.7, 1.7167, 1.7333, 1.75, 1.7667, 1.7833, 1.8, 1.8167, 1.8333, 1.85, 1.8667, 1.8833, 1.9, 1.9167, 1.9333, 1.95, 1.9667, 1.9833, 2.0, 2.0167, 2.0333, 2.05, 2.0667, 2.0833, 2.1, 2.1167, 2.1333, 2.15, 2.1667, 2.1833, 2.2, 2.2167, 2.2333, 2.25, 2.2667, 2.2833, 2.3, 2.3167, 2.3333, 2.35, 2.3667, 2.3833, 2.4, 2.4167, 2.4333, 2.45, 2.4667, 2.4833, 2.5],
            "transform": [
                [0.36385, 0.0, 0.931458, -5e-06, 0.931458, 0.0, -0.36385, 0.000946, 0.0, 1.0, 0.0, 0.70557, 0.0, 0.0, 0.0, 1.0],
                [0.357869, 0.0, 0.933772, 0.001142, 0.933772, 0.0, -0.357869, 0.002198, 0.0, 1.0, 0.0, 0.70557, 0.0, 0.0, 0.0, 1.0],
                [0.340723, 0.0, 0.940164, 0.004369, 0.940164, 0.0, -0.340723, 0.005761, 0.0, 1.0, 0.0, 0.70557, 0.0, 0.0, 0.0, 1.0],
                [0.313624, 0.0, 0.949547, 0.009355, 0.949547, 0.0, -0.313624, 0.011346, 0.0, 1.0, 0.0, 0.70557, 0.0, 0.0, 0.0, 1.0],
                [0.277769, 0.0, 0.960648, 0.015782, 0.960648, 0.0, -0.277769, 0.018665, 0.0, 1.0, 0.0, 0.70557, 0.0, 0.0, 0.0, 1.0],
                [0.234342, 0.0, 0.972154, 0.023329, 0.972154, 0.0, -0.234342, 0.027428, 0.0, 1.0, 0.0, 0.70557, 0.0, 0.0, 0.0, 1.0],
                [0.184491, 0.0, 0.982834, 0.031675, 0.982834, 0.0, -0.184491, 0.037346, 0.0, 1.0, 0.0, 0.70557, 0.0, 0.0, 0.0, 1.0],
                [0.129303, 0.0, 0.991605, 0.040502, 0.991605, 0.0, -0.129303, 0.048132, 0.0, 1.0, 0.0, 0.70557, 0.0, 0.0, 0.0, 1.0],
                [0.069776, 0.0, 0.997563, 0.049489, 0.997563, 0.0, -0.069776, 0.059495, 0.0, 1.0, 0.0, 0.70557, 0.0, 0.0, 0.0, 1.0],
                [0.00678, 0.0, 0.999977, 0.058315, 0.999977, 0.0, -0.00678, 0.071146, 0.0, 1.0, 0.0, 0.70557, 0.0, 0.0, 0.0, 1.0],
                [-0.058973, 0.0, 0.998259, 0.066662, 0.998259, 0.0, 0.058973, 0.082798, 0.0, 1.0, 0.0, 0.70557, 0.0, 0.0, 0.0, 1.0],
                [-0.126958, 0.0, 0.991908, 0.074209, 0.991908, 0.0, 0.126958, 0.094161, 0.0, 1.0, 0.0, 0.70557, 0.0, 0.0, 0.0, 1.0],
                [-0.19685, 0.0, 0.980433, 0.080635, 0.980433, 0.0, 0.19685, 0.104946, 0.0, 1.0, 0.0, 0.70557, 0.0, 0.0, 0.0, 1.0],
                [-0.268548, 0.0, 0.963266, 0.085622, 0.963266, 0.0, 0.268548, 0.114865, 0.0, 1.0, 0.0, 0.70557, 0.0, 0.0, 0.0, 1.0],
                [-0.342173, 0.0, 0.939637, 0.088849, 0.939637, 0.0, 0.342173, 0.123628, 0.0, 1.0, 0.0, 0.70557, 0.0, 0.0, 0.0, 1.0],
                [-0.418074, 0.0, 0.908413, 0.089995, 0.908413, 0.0, 0.418074, 0.130946, 0.0, 1.0, 0.0, 0.70557, 0.0, 0.0, 0.0, 1.0],
                [-0.50007, 0.0, 0.865985, 0.089995, 0.865985, 0.0, 0.50007, 0.136698, 0.0, 1.0, 0.0, 0.70557, 0.0, 0.0, 0.0, 1.0],
                [-0.590232, 0.0, 0.807234, 0.089995, 0.807234, 0.0, 0.590232, 0.141426, 0.0, 1.0, 0.0, 0.70557, 0.0, 0.0, 0.0, 1.0],
                [-0.685388, 0.0, 0.728177, 0.089995, 0.728177, 0.0, 0.685388, 0.145841, 0.0, 1.0, 0.0, 0.70557, 0.0, 0.0, 0.0, 1.0],
                [-0.780617, 0.0, 0.625009, 0.089995, 0.625009, 0.0, 0.780617, 0.150653, 0.0, 1.0, 0.0, 0.70557, 0.0, 0.0, 0.0, 1.0],
                [-0.868936, 0.0, 0.494925, 0.089995, 0.494925, 0.0, 0.868936, 0.15657, 0.0, 1.0, 0.0, 0.70557, 0.0, 0.0, 0.0, 1.0],
                [-0.941407, 0.0, 0.337274, 0.089995, 0.337274, 0.0, 0.941407, 0.164305, 0.0, 1.0, 0.0, 0.70557, 0.0, 0.0, 0.0, 1.0],
                [-0.987941, 0.0, 0.154832, 0.089995, 0.154832, 0.0, 0.987941, 0.174565, 0.0, 1.0, 0.0, 0.70557, 0.0, 0.0, 0.0, 1.0],
                [-0.998973, 0.0, -0.045304, 0.089995, -0.045304, 0.0, 0.998973, 0.188062, 0.0, 1.0, 0.0, 0.70557, 0.0, 0.0, 0.0, 1.0],
                [-0.967761, 0.0, -0.251868, 0.089995, -0.251868, 0.0, 0.967761, 0.205506, 0.0, 1.0, 0.0, 0.70557, 0.0, 0.0, 0.0, 1.0],
                [-0.89251, 0.0, -0.451029, 0.089995, -0.451029, 0.0, 0.89251, 0.227605, 0.0, 1.0, 0.0, 0.70557, 0.0, 0.0, 0.0, 1.0],
                [-0.777278, 0.0, -0.629157, 0.089995, -0.629157, 0.0, 0.777278, 0.255071, 0.0, 1.0, 0.0, 0.70557, 0.0, 0.0, 0.0, 1.0],
                [-0.631107, 0.0, -0.775695, 0.089995, -0.775695, 0.0, 0.631107, 0.288613, 0.0, 1.0, 0.0, 0.70557, 0.0, 0.0, 0.0, 1.0],
                [-0.465713, 0.0, -0.884936, 0.089995, -0.884936, 0.0, 0.465713, 0.328941, 0.0, 1.0, 0.0, 0.70557, 0.0, 0.0, 0.0, 1.0],
                [-0.292837, 0.0, -0.956163, 0.089995, -0.956163, 0.0, 0.292837, 0.376765, 0.0, 1.0, 0.0, 0.70557, 0.0, 0.0, 0.0, 1.0],
                [-0.122264, 0.0, -0.992498, 0.089995, -0.992498, 0.0, 0.122264, 0.432795, 0.0, 1.0, 0.0, 0.70557, 0.0, 0.0, 0.0, 1.0],
                [0.090297, 0.0, -0.995915, 0.082884, -0.995915, 0.0, -0.090297, 0.579396, 0.0, 1.0, 0.0, 0.691801, 0.0, 0.0, 0.0, 1.0],
                [0.364343, 0.0, -0.931265, 0.065926, -0.931265, 0.0, -0.364343, 0.847466, 0.0, 1.0, 0.0, 0.658967, 0.0, 0.0, 0.0, 1.0],
                [0.63431, 0.0, -0.773079, 0.045685, -0.773079, 0.0, -0.63431, 1.160508, 0.0, 1.0, 0.0, 0.619778, 0.0, 0.0, 0.0, 1.0],
                [0.831109, 0.0, -0.55611, 0.028727, -0.55611, 0.0, -0.831109, 1.442029, 0.0, 1.0, 0.0, 0.586944, 0.0, 0.0, 0.0, 1.0],
                [0.931149, 0.0, -0.364639, 0.021616, -0.364639, 0.0, -0.931149, 1.615535, 0.0, 1.0, 0.0, 0.573175, 0.0, 0.0, 0.0, 1.0],
                [0.975293, 0.0, -0.220917, 0.021616, -0.220917, 0.0, -0.975293, 1.703408, 0.0, 1.0, 0.0, 0.574537, 0.0, 0.0, 0.0, 1.0],
                [0.995939, 0.0, -0.090026, 0.021616, -0.090026, 0.0, -0.995939, 1.779583, 0.0, 1.0, 0.0, 0.578369, 0.0, 0.0, 0.0, 1.0],
                [0.999705, 0.0, 0.024284, 0.021616, 0.024284, 0.0, -0.999705, 1.844895, 0.0, 1.0, 0.0, 0.584292, 0.0, 0.0, 0.0, 1.0],
                [0.99267, 0.0, 0.120853, 0.021616, 0.120853, 0.0, -0.99267, 1.900181, 0.0, 1.0, 0.0, 0.591926, 0.0, 0.0, 0.0, 1.0],
                [0.979747, 0.0, 0.200242, 0.021616, 0.200242, 0.0, -0.979747, 1.946276, 0.0, 1.0, 0.0, 0.60089, 0.0, 0.0, 0.0, 1.0],
                [0.964535, 0.0, 0.263954, 0.021616, 0.263954, 0.0, -0.964535, 1.984015, 0.0, 1.0, 0.0, 0.610804, 0.0, 0.0, 0.0, 1.0],
                [0.949459, 0.0, 0.31389, 0.021616, 0.31389, 0.0, -0.949459, 2.014235, 0.0, 1.0, 0.0, 0.621289, 0.0, 0.0, 0.0, 1.0],
                [0.935993, 0.0, 0.352018, 0.021616, 0.352018, 0.0, -0.935993, 2.037769, 0.0, 1.0, 0.0, 0.631963, 0.0, 0.0, 0.0, 1.0],
                [0.924901, 0.0, 0.380209, 0.021616, 0.380209, 0.0, -0.924901, 2.055455, 0.0, 1.0, 0.0, 0.642447, 0.0, 0.0, 0.0, 1.0],
                [0.916438, 0.0, 0.400176, 0.021616, 0.400176, 0.0, -0.916438, 2.068128, 0.0, 1.0, 0.0, 0.652362, 0.0, 0.0, 0.0, 1.0],
                [0.910513, 0.0, 0.41348, 0.021616, 0.41348, 0.0, -0.910513, 2.076622, 0.0, 1.0, 0.0, 0.661326, 0.0, 0.0, 0.0, 1.0],
                [0.906806, 0.0, 0.421549, 0.021616, 0.421549, 0.0, -0.906806, 2.081775, 0.0, 1.0, 0.0, 0.668959, 0.0, 0.0, 0.0, 1.0],
                [0.904851, 0.0, 0.425729, 0.021616, 0.425729, 0.0, -0.904851, 2.084421, 0.0, 1.0, 0.0, 0.674883, 0.0, 0.0, 0.0, 1.0],
                [0.904106, 0.0, 0.427308, 0.021616, 0.427308, 0.0, -0.904106, 2.085396, 0.0, 1.0, 0.0, 0.678715, 0.0, 0.0, 0.0, 1.0],
                [0.903989, 0.0, 0.427555, 0.021616, 0.427555, 0.0, -0.903989, 2.085535, 0.0, 1.0, 0.0, 0.680077, 0.0, 0.0, 0.0, 1.0],
                [0.903989, 0.0, 0.427555, 0.021616, 0.427555, 0.0, -0.903989, 2.085535, 0.0, 1.0, 0.0, 0.680077, 0.0, 0.0, 0.0, 1.0],
                [0.903989, 0.0, 0.427555, 0.021616, 0.427555, 0.0, -0.903989, 2.085535, 0.0, 1.0, 0.0, 0.680077, 0.0, 0.0, 0.0, 1.0],
                [0.903989, 0.0, 0.427555, 0.021616, 0.427555, 0.0, -0.903989, 2.085535, 0.0, 1.0, 0.0, 0.680077, 0.0, 0.0, 0.0, 1.0],
                [0.903989, 0.0, 0.427555, 0.021616, 0.427555, 0.0, -0.903989, 2.085535, 0.0, 1.0, 0.0, 0.680077, 0.0, 0.0, 0.0, 1.0],
                [0.903989, 0.0, 0.427555, 0.021616, 0.427555, 0.0, -0.903989, 2.085535, 0.0, 1.0, 0.0, 0.680077, 0.0, 0.0, 0.0, 1.0],
                [0.903989, 0.0, 0.427555, 0.021616, 0.427555, 0.0, -0.903989, 2.085535, 0.0, 1.0, 0.0, 0.680077, 0.0, 0.0, 0.0, 1.0],
                [0.903989, 0.0, 0.427555, 0.021616, 0.427555, 0.0, -0.903989, 2.085535, 0.0, 1.0, 0.0, 0.680077, 0.0, 0.0, 0.0, 1.0],
                [0.903989, 0.0, 0.427555, 0.021616, 0.427555, 0.0, -0.903989, 2.085535, 0.0, 1.0, 0.0, 0.680077, 0.0, 0.0, 0.0, 1.0],
                [0.903989, 0.0, 0.427555, 0.021616, 0.427555, 0.0, -0.903989, 2.085535, 0.0, 1.0, 0.0, 0.680077, 0.0, 0.0, 0.0, 1.0],
                [0.903989, 0.0, 0.427555, 0.021616, 0.427555, 0.0, -0.903989, 2.085535, 0.0, 1.0, 0.0, 0.680077, 0.0, 0.0, 0.0, 1.0],
                [0.90423, 0.0, 0.427046, 0.021884, 0.427046, 0.0, -0.90423, 2.086031, 0.0, 1.0, 0.0, 0.680334, 0.0, 0.0, 0.0, 1.0],
                [0.904944, 0.0, 0.42553, 0.022666, 0.42553, 0.0, -0.904944, 2.087474, 0.0, 1.0, 0.0, 0.681083, 0.0, 0.0, 0.0, 1.0],
                [0.906121, 0.0, 0.423018, 0.023924, 0.423018, 0.0, -0.906121, 2.089796, 0.0, 1.0, 0.0, 0.682287, 0.0, 0.0, 0.0, 1.0],
                [0.907746, 0.0, 0.419521, 0.025622, 0.419521, 0.0, -0.907746, 2.09293, 0.0, 1.0, 0.0, 0.683912, 0.0, 0.0, 0.0, 1.0],
                [0.9098, 0.0, 0.415048, 0.027723, 0.415048, 0.0, -0.9098, 2.096808, 0.0, 1.0, 0.0, 0.685924, 0.0, 0.0, 0.0, 1.0],
                [0.912262, 0.0, 0.409607, 0.03019, 0.409607, 0.0, -0.912262, 2.101362, 0.0, 1.0, 0.0, 0.688286, 0.0, 0.0, 0.0, 1.0],
                [0.91511, 0.0, 0.403204, 0.032987, 0.403204, 0.0, -0.91511, 2.106525, 0.0, 1.0, 0.0, 0.690963, 0.0, 0.0, 0.0, 1.0],
                [0.918317, 0.0, 0.395845, 0.036077, 0.395845, 0.0, -0.918317, 2.112229, 0.0, 1.0, 0.0, 0.693922, 0.0, 0.0, 0.0, 1.0],
                [0.921856, 0.0, 0.387531, 0.039423, 0.387531, 0.0, -0.921856, 2.118407, 0.0, 1.0, 0.0, 0.697125, 0.0, 0.0, 0.0, 1.0],
                [0.925696, 0.0, 0.378268, 0.04299, 0.378268, 0.0, -0.925696, 2.12499, 0.0, 1.0, 0.0, 0.70054, 0.0, 0.0, 0.0, 1.0],
                [0.929803, 0.0, 0.368057, 0.04674, 0.368057, 0.0, -0.929803, 2.131912, 0.0, 1.0, 0.0, 0.704129, 0.0, 0.0, 0.0, 1.0],
                [0.934143, 0.0, 0.3569, 0.050636, 0.3569, 0.0, -0.934143, 2.139104, 0.0, 1.0, 0.0, 0.707859, 0.0, 0.0, 0.0, 1.0],
                [0.938677, 0.0, 0.344799, 0.054642, 0.344799, 0.0, -0.938677, 2.146498, 0.0, 1.0, 0.0, 0.711695, 0.0, 0.0, 0.0, 1.0],
                [0.943366, 0.0, 0.331755, 0.058721, 0.331755, 0.0, -0.943366, 2.154029, 0.0, 1.0, 0.0, 0.7156, 0.0, 0.0, 0.0, 1.0],
                [0.948168, 0.0, 0.317771, 0.062837, 0.317771, 0.0, -0.948168, 2.161627, 0.0, 1.0, 0.0, 0.719541, 0.0, 0.0, 0.0, 1.0],
                [0.953039, 0.0, 0.302848, 0.066954, 0.302848, 0.0, -0.953039, 2.169225, 0.0, 1.0, 0.0, 0.723481, 0.0, 0.0, 0.0, 1.0],
                [0.957933, 0.0, 0.286991, 0.071033, 0.286991, 0.0, -0.957933, 2.176755, 0.0, 1.0, 0.0, 0.727386, 0.0, 0.0, 0.0, 1.0],
                [0.962804, 0.0, 0.270202, 0.075039, 0.270202, 0.0, -0.962804, 2.18415, 0.0, 1.0, 0.0, 0.731222, 0.0, 0.0, 0.0, 1.0],
                [0.9676, 0.0, 0.252487, 0.078935, 0.252487, 0.0, -0.9676, 2.191342, 0.0, 1.0, 0.0, 0.734952, 0.0, 0.0, 0.0, 1.0],
                [0.972272, 0.0, 0.233854, 0.082685, 0.233854, 0.0, -0.972272, 2.198263, 0.0, 1.0, 0.0, 0.738541, 0.0, 0.0, 0.0, 1.0],
                [0.976766, 0.0, 0.214309, 0.086251, 0.214309, 0.0, -0.976766, 2.204847, 0.0, 1.0, 0.0, 0.741956, 0.0, 0.0, 0.0, 1.0],
                [0.981028, 0.0, 0.193865, 0.089598, 0.193865, 0.0, -0.981028, 2.211024, 0.0, 1.0, 0.0, 0.74516, 0.0, 0.0, 0.0, 1.0],
                [0.985004, 0.0, 0.172534, 0.092688, 0.172534, 0.0, -0.985004, 2.216728, 0.0, 1.0, 0.0, 0.748118, 0.0, 0.0, 0.0, 1.0],
                [0.988636, 0.0, 0.15033, 0.095485, 0.15033, 0.0, -0.988636, 2.221891, 0.0, 1.0, 0.0, 0.750795, 0.0, 0.0, 0.0, 1.0],
                [0.991868, 0.0, 0.127272, 0.097952, 0.127272, 0.0, -0.991868, 2.226445, 0.0, 1.0, 0.0, 0.753157, 0.0, 0.0, 0.0, 1.0],
                [0.994642, 0.0, 0.10338, 0.100053, 0.10338, 0.0, -0.994642, 2.230323, 0.0, 1.0, 0.0, 0.755169, 0.0, 0.0, 0.0, 1.0],
                [0.9969, 0.0, 0.078678, 0.101751, 0.078678, 0.0, -0.9969, 2.233457, 0.0, 1.0, 0.0, 0.756794, 0.0, 0.0, 0.0, 1.0],
                [0.998584, 0.0, 0.053193, 0.103009, 0.053193, 0.0, -0.998584, 2.235779, 0.0, 1.0, 0.0, 0.757998, 0.0, 0.0, 0.0, 1.0],
                [0.999637, 0.0, 0.026956, 0.10379, 0.026956, 0.0, -0.999637, 2.237222, 0.0, 1.0, 0.0, 0.758747, 0.0, 0.0, 0.0, 1.0],
                [1.0, 0.0, 0.0, 0.104059, 0.0, 0.0, -1.0, 2.237718, 0.0, 1.0, 0.0, 0.759004, 0.0, 0.0, 0.0, 1.0],
                [0.999619, 0.0, -0.027587, 0.104059, -0.027587, 0.0, -0.999619, 2.237718, 0.0, 1.0, 0.0, 0.758383, 0.0, 0.0, 0.0, 1.0],
                [0.998458, 0.0, -0.055511, 0.104059, -0.055511, 0.0, -0.998458, 2.237718, 0.0, 1.0, 0.0, 0.756635, 0.0, 0.0, 0.0, 1.0],
                [0.996514, 0.0, -0.083425, 0.104059, -0.083425, 0.0, -0.996514, 2.237718, 0.0, 1.0, 0.0, 0.753933, 0.0, 0.0, 0.0, 1.0],
                [0.993823, 0.0, -0.110979, 0.104059, -0.110979, 0.0, -0.993823, 2.237718, 0.0, 1.0, 0.0, 0.750451, 0.0, 0.0, 0.0, 1.0],
                [0.990457, 0.0, -0.137823, 0.104059, -0.137823, 0.0, -0.990457, 2.237718, 0.0, 1.0, 0.0, 0.746363, 0.0, 0.0, 0.0, 1.0],
                [0.986525, 0.0, -0.163613, 0.104059, -0.163613, 0.0, -0.986525, 2.237718, 0.0, 1.0, 0.0, 0.741841, 0.0, 0.0, 0.0, 1.0],
                [0.982167, 0.0, -0.18801, 0.104059, -0.18801, 0.0, -0.982167, 2.237718, 0.0, 1.0, 0.0, 0.737059, 0.0, 0.0, 0.0, 1.0],
                [0.977554, 0.0, -0.210684, 0.104059, -0.210684, 0.0, -0.977554, 2.237718, 0.0, 1.0, 0.0, 0.732191, 0.0, 0.0, 0.0, 1.0],
                [0.972879, 0.0, -0.231316, 0.104059, -0.231316, 0.0, -0.972879, 2.237718, 0.0, 1.0, 0.0, 0.727409, 0.0, 0.0, 0.0, 1.0],
                [0.96835, 0.0, -0.249596, 0.104059, -0.249596, 0.0, -0.96835, 2.237718, 0.0, 1.0, 0.0, 0.722887, 0.0, 0.0, 0.0, 1.0],
                [0.964188, 0.0, -0.26522, 0.104059, -0.26522, 0.0, -0.964188, 2.237718, 0.0, 1.0, 0.0, 0.718799, 0.0, 0.0, 0.0, 1.0],
                [0.960612, 0.0, -0.277893, 0.104059, -0.277893, 0.0, -0.960612, 2.237718, 0.0, 1.0, 0.0, 0.715317, 0.0, 0.0, 0.0, 1.0],
                [0.957835, 0.0, -0.287319, 0.104059, -0.287319, 0.0, -0.957835, 2.237718, 0.0, 1.0, 0.0, 0.712616, 0.0, 0.0, 0.0, 1.0],
                [0.956051, 0.0, -0.2932, 0.104059, -0.2932, 0.0, -0.956051, 2.237718, 0.0, 1.0, 0.0, 0.710868, 0.0, 0.0, 0.0, 1.0],
                [0.955426, 0.0, -0.29523, 0.104059, -0.29523, 0.0, -0.955426, 2.237718, 0.0, 1.0, 0.0, 0.710246, 0.0, 0.0, 0.0, 1.0],
                [0.955426, 0.0, -0.29523, 0.104059, -0.29523, 0.0, -0.955426, 2.237718, 0.0, 1.0, 0.0, 0.710246, 0.0, 0.0, 0.0, 1.0],
                [0.955426, 0.0, -0.29523, 0.104059, -0.29523, 0.0, -0.955426, 2.237718, 0.0, 1.0, 0.0, 0.710246, 0.0, 0.0, 0.0, 1.0],
                [0.955426, 0.0, -0.29523, 0.104059, -0.29523, 0.0, -0.955426, 2.237718, 0.0, 1.0, 0.0, 0.710246, 0.0, 0.0, 0.0, 1.0],
                [0.955426, 0.0, -0.29523, 0.104059, -0.29523, 0.0, -0.955426, 2.237718, 0.0, 1.0, 0.0, 0.710246, 0.0, 0.0, 0.0, 1.0],
                [0.955426, 0.0, -0.29523, 0.104059, -0.29523, 0.0, -0.955426, 2.237718, 0.0, 1.0, 0.0, 0.710246, 0.0, 0.0, 0.0, 1.0],
                [0.955426, 0.0, -0.29523, 0.104059, -0.29523, 0.0, -0.955426, 2.237718, 0.0, 1.0, 0.0, 0.710246, 0.0, 0.0, 0.0, 1.0],
                [0.955426, 0.0, -0.29523, 0.104059, -0.29523, 0.0, -0.955426, 2.237718, 0.0, 1.0, 0.0, 0.710246, 0.0, 0.0, 0.0, 1.0],
                [0.955426, 0.0, -0.29523, 0.104059, -0.29523, 0.0, -0.955426, 2.237718, 0.0, 1.0, 0.0, 0.710246, 0.0, 0.0, 0.0, 1.0],
                [0.955426, 0.0, -0.29523, 0.104059, -0.29523, 0.0, -0.955426, 2.237718, 0.0, 1.0, 0.0, 0.710246, 0.0, 0.0, 0.0, 1.0],
                [0.955426, 0.0, -0.29523, 0.104059, -0.29523, 0.0, -0.955426, 2.237718, 0.0, 1.0, 0.0, 0.710246, 0.0, 0.0, 0.0, 1.0],
                [0.955426, 0.0, -0.29523, 0.104059, -0.29523, 0.0, -0.955426, 2.237718, 0.0, 1.0, 0.0, 0.710246, 0.0, 0.0, 0.0, 1.0],
                [0.955426, 0.0, -0.29523, 0.104059, -0.29523, 0.0, -0.955426, 2.237718, 0.0, 1.0, 0.0, 0.710246, 0.0, 0.0, 0.0, 1.0],
                [0.955426, 0.0, -0.29523, 0.104059, -0.29523, 0.0, -0.955426, 2.237718, 0.0, 1.0, 0.0, 0.710246, 0.0, 0.0, 0.0, 1.0],
                [0.955426, 0.0, -0.29523, 0.104059, -0.29523, 0.0, -0.955426, 2.237718, 0.0, 1.0, 0.0, 0.710246, 0.0, 0.0, 0.0, 1.0],
                [0.955426, 0.0, -0.29523, 0.104059, -0.29523, 0.0, -0.955426, 2.237718, 0.0, 1.0, 0.0, 0.710246, 0.0, 0.0, 0.0, 1.0],
                [0.955426, 0.0, -0.29523, 0.104059, -0.29523, 0.0, -0.955426, 2.237718, 0.0, 1.0, 0.0, 0.710246, 0.0, 0.0, 0.0, 1.0],
                [0.955426, 0.0, -0.29523, 0.104059, -0.29523, 0.0, -0.955426, 2.237718, 0.0, 1.0, 0.0, 0.710246, 0.0, 0.0, 0.0, 1.0],
                [0.955426, 0.0, -0.29523, 0.104059, -0.29523, 0.0, -0.955426, 2.237718, 0.0, 1.0, 0.0, 0.710246, 0.0, 0.0, 0.0, 1.0],
                [0.955426, 0.0, -0.29523, 0.104059, -0.29523, 0.0, -0.955426, 2.237718, 0.0, 1.0, 0.0, 0.710246, 0.0, 0.0, 0.0, 1.0],
                [0.955426, 0.0, -0.29523, 0.104059, -0.29523, 0.0, -0.955426, 2.237718, 0.0, 1.0, 0.0, 0.710246, 0.0, 0.0, 0.0, 1.0],
                [0.955426, 0.0, -0.29523, 0.104059, -0.29523, 0.0, -0.955426, 2.237718, 0.0, 1.0, 0.0, 0.710246, 0.0, 0.0, 0.0, 1.0],
                [0.955426, 0.0, -0.29523, 0.104059, -0.29523, 0.0, -0.955426, 2.237718, 0.0, 1.0, 0.0, 0.710246, 0.0, 0.0, 0.0, 1.0],
                [0.955426, 0.0, -0.29523, 0.104059, -0.29523, 0.0, -0.955426, 2.237718, 0.0, 1.0, 0.0, 0.710246, 0.0, 0.0, 0.0, 1.0],
                [0.955426, 0.0, -0.29523, 0.104059, -0.29523, 0.0, -0.955426, 2.237718, 0.0, 1.0, 0.0, 0.710246, 0.0, 0.0, 0.0, 1.0],
                [0.955426, 0.0, -0.29523, 0.104059, -0.29523, 0.0, -0.955426, 2.237718, 0.0, 1.0, 0.0, 0.710246, 0.0, 0.0, 0.0, 1.0],
                [0.955426, 0.0, -0.29523, 0.104059, -0.29523, 0.0, -0.955426, 2.237718, 0.0, 1.0, 0.0, 0.710246, 0.0, 0.0, 0.0, 1.0],
                [0.955426, 0.0, -0.29523, 0.104059, -0.29523, 0.0, -0.955426, 2.237718, 0.0, 1.0, 0.0, 0.710246, 0.0, 0.0, 0.0, 1.0],
                [0.955426, 0.0, -0.29523, 0.104059, -0.29523, 0.0, -0.955426, 2.237718, 0.0, 1.0, 0.0, 0.710246, 0.0, 0.0, 0.0, 1.0],
                [0.955426, 0.0, -0.29523, 0.104059, -0.29523, 0.0, -0.955426, 2.237718, 0.0, 1.0, 0.0, 0.710246, 0.0, 0.0, 0.0, 1.0],
                [0.955426, 0.0, -0.29523, 0.104059, -0.29523, 0.0, -0.955426, 2.237718, 0.0, 1.0, 0.0, 0.710246, 0.0, 0.0, 0.0, 1.0],
                [0.955426, 0.0, -0.29523, 0.104059, -0.29523, 0.0, -0.955426, 2.237718, 0.0, 1.0, 0.0, 0.710246, 0.0, 0.0, 0.0, 1.0],
                [0.955426, 0.0, -0.29523, 0.104059, -0.29523, 0.0, -0.955426, 2.237718, 0.0, 1.0, 0.0, 0.710246, 0.0, 0.0, 0.0, 1.0],
                [0.955426, 0.0, -0.29523, 0.104059, -0.29523, 0.0, -0.955426, 2.237718, 0.0, 1.0, 0.0, 0.710246, 0.0, 0.0, 0.0, 1.0],
                [0.955426, 0.0, -0.29523, 0.104059, -0.29523, 0.0, -0.955426, 2.237718, 0.0, 1.0, 0.0, 0.710246, 0.0, 0.0, 0.0, 1.0],
                [0.955426, 0.0, -0.29523, 0.104059, -0.29523, 0.0, -0.955426, 2.237718, 0.0, 1.0, 0.0, 0.710246, 0.0, 0.0, 0.0, 1.0],
                [0.955426, 0.0, -0.29523, 0.104059, -0.29523, 0.0, -0.955426, 2.237718, 0.0, 1.0, 0.0, 0.710246, 0.0, 0.0, 0.0, 1.0],
                [0.955426, 0.0, -0.29523, 0.104059, -0.29523, 0.0, -0.955426, 2.237718, 0.0, 1.0, 0.0, 0.710246, 0.0, 0.0, 0.0, 1.0],
                [0.955426, 0.0, -0.29523, 0.104059, -0.29523, 0.0, -0.955426, 2.237718, 0.0, 1.0, 0.0, 0.710246, 0.0, 0.0, 0.0, 1.0],
                [0.955426, 0.0, -0.29523, 0.104059, -0.29523, 0.0, -0.955426, 2.237718, 0.0, 1.0, 0.0, 0.710246, 0.0, 0.0, 0.0, 1.0],
                [0.955426, 0.0, -0.29523, 0.104059, -0.29523, 0.0, -0.955426, 2.237718, 0.0, 1.0, 0.0, 0.710246, 0.0, 0.0, 0.0, 1.0],
                [0.955426, 0.0, -0.29523, 0.104059, -0.29523, 0.0, -0.955426, 2.237718, 0.0, 1.0, 0.0, 0.710246, 0.0, 0.0, 0.0, 1.0],
                [0.955426, 0.0, -0.29523, 0.104059, -0.29523, 0.0, -0.955426, 2.237718, 0.0, 1.0, 0.0, 0.710246, 0.0, 0.0, 0.0, 1.0],
                [0.955426, 0.0, -0.29523, 0.104059, -0.29523, 0.0, -0.955426, 2.237718, 0.0, 1.0, 0.0, 0.710246, 0.0, 0.0, 0.0, 1.0],
                [0.955426, 0.0, -0.29523, 0.104059, -0.29523, 0.0, -0.955426, 2.237718, 0.0, 1.0, 0.0, 0.710246, 0.0, 0.0, 0.0, 1.0],
                [0.955426, 0.0, -0.29523, 0.104059, -0.29523, 0.0, -0.955426, 2.237718, 0.0, 1.0, 0.0, 0.710246, 0.0, 0.0, 0.0, 1.0]
            ]
        },
        {
            "name": "Thigh_R",
            "time": [0.0, 0.0167, 0.0333, 0.05, 0.0667, 0.0833, 0.1, 0.1167, 0.1333, 0.15, 0.1667, 0.1833, 0.2, 0.2167, 0.2333, 0.25, 0.2667, 0.2833, 0.3, 0.3167, 0.3333, 0.35, 0.3667, 0.3833, 0.4, 0.4167, 0.4333, 0.45, 0.4667, 0.4833, 0.5, 0.5167, 0.5333, 0.55, 0.5667, 0.5833, 0.6, 0.6167, 0.6333, 0.65, 0.6667, 0.6833, 0.7, 0.7167, 0.7333, 0.75, 0.7667, 0.7833, 0.8, 0.8167, 0.8333, 0.85, 0.8667, 0.8833, 0.9, 0.9167, 0.9333, 0.95, 0.9667, 0.9833, 1.0, 1.0167, 1.0333, 1.05, 1.0667, 1.0833, 1.1, 1.1167, 1.1333, 1.15, 1.1667, 1.1833, 1.2, 1.2167, 1.2333, 1.25, 1.2667, 1.2833, 1.3, 1.3167, 1.3333, 1.35, 1.3667, 1.3833, 1.4, 1.4167, 1.4333, 1.45, 1.4667, 1.4833, 1.5, 1.5167, 1.5333, 1.55, 1.5667, 1.5833, 1.6, 1.6167, 1.6333, 1.65, 1.6667, 1.6833, 1.7, 1.7167, 1.7333, 1.75, 1.7667, 1.7833, 1.8, 1.8167, 1.8333, 1.85, 1.8667, 1.8833, 1.9, 1.9167, 1.9333, 1.95, 1.9667, 1.9833, 2.0, 2.0167, 2.0333, 2.05, 2.0667, 2.0833, 2.1, 2.1167, 2.1333, 2.15, 2.1667, 2.1833, 2.2, 2.2167, 2.2333, 2.25, 2.2667, 2.2833, 2.3, 2.3167, 2.3333, 2.35, 2.3667, 2.3833, 2.4, 2.4167, 2.4333, 2.45, 2.4667, 2.4833, 2.5],
            "transform": [
                [0.913163, -0.097517, -0.395757, 0.124994, -0.006663, -0.974398, 0.224723, -0.002831, -0.40754, -0.202571, -0.890436, -1.2e-05, 0.0, 0.0, 0.0, 1.0],
                [0.915455, -0.097806, -0.390352, 0.124994, -0.007932, -0.97421, 0.225494, -0.002831, -0.40234, -0.203333, -0.892624, -1.2e-05, 0.0, 0.0, 0.0, 1.0],
                [0.921884, -0.098561, -0.374719, 0.124994, -0.011572, -0.973676, 0.227634, -0.002831, -0.387291, -0.205515, -0.89876, -1.2e-05, 0.0, 0.0, 0.0, 1.0],
                [0.931583, -0.099591, -0.349619, 0.124994, -0.017369, -0.972835, 0.230837, -0.002831, -0.363111, -0.208971, -0.90801, -1.2e-05, 0.0, 0.0, 0.0, 1.0],
                [0.943488, -0.100675, -0.315743, 0.124994, -0.025126, -0.971728, 0.234756, -0.002831, -0.330451, -0.213555, -0.919346, -1.2e-05, 0.0, 0.0, 0.0, 1.0],
                [0.956406, -0.101582, -0.273801, 0.124994, -0.034642, -0.970396, 0.239015, -0.002831, -0.289975, -0.219109, -0.931615, -1.2e-05, 0.0, 0.0, 0.0, 1.0],
                [0.969091, -0.102076, -0.224595, 0.124994, -0.045684, -0.96889, 0.243232, -0.002831, -0.242436, -0.225453, -0.943608, -1.2e-05, 0.0, 0.0, 0.0, 1.0],
                [0.980316, -0.101938, -0.169081, 0.124994, -0.057973, -0.967268, 0.247039, -0.002831, -0.188729, -0.232374, -0.954141, -1.2e-05, 0.0, 0.0, 0.0, 1.0],
                [0.988965, -0.100976, -0.108401, 0.124994, -0.071176, -0.965598, 0.250101, -0.002831, -0.129926, -0.239624, -0.962133, -1.2e-05, 0.0, 0.0, 0.0, 1.0],
                [0.994115, -0.099038, -0.043884, 0.124994, -0.084903, -0.963957, 0.252138, -0.002831, -0.067274, -0.246928, -0.966696, -1.2e-05, 0.0, 0.0, 0.0, 1.0],
                [0.995113, -0.096027, 0.02299, 0.124994, -0.098717, -0.962427, 0.252952, -0.002831, -0.002164, -0.253984, -0.967206, -1.2e-05, 0.0, 0.0, 0.0, 1.0],
                [0.991633, -0.091905, 0.090646, 0.124994, -0.11215, -0.961092, 0.252431, -0.002831, 0.063919, -0.260484, -0.96336, -1.2e-05, 0.0, 0.0, 0.0, 1.0],
                [0.983706, -0.086693, 0.157496, 0.124994, -0.124722, -0.960031, 0.250562, -0.002831, 0.129479, -0.266122, -0.955204, -1.2e-05, 0.0, 0.0, 0.0, 1.0],
                [0.971715, -0.080463, 0.222023, 0.124994, -0.135969, -0.959318, 0.247423, -0.002831, 0.193083, -0.270612, -0.943127, -1.2e-05, 0.0, 0.0, 0.0, 1.0],
                [0.956355, -0.073329, 0.282855, 0.124994, -0.145454, -0.959014, 0.24317, -0.002831, 0.253431, -0.273698, -0.927827, -1.2e-05, 0.0, 0.0, 0.0, 1.0],
                [0.938573, -0.065428, 0.338821, 0.124994, -0.152787, -0.959166, 0.238017, -0.002831, 0.309413, -0.275163, -0.910247, -1.2e-05, 0.0, 0.0, 0.0, 1.0],
                [0.919356, -0.057426, 0.389211, 0.124994, -0.158408, -0.959585, 0.232594, -0.002831, 0.360125, -0.275489, -0.8913, -1.2e-05, 0.0, 0.0, 0.0, 1.0],
                [0.899477, -0.049468, 0.434158, 0.124994, -0.162617, -0.960099, 0.227511, -0.002831, 0.405581, -0.275241, -0.871634, -1.2e-05, 0.0, 0.0, 0.0, 1.0],
                [0.879591, -0.040928, 0.473966, 0.124994, -0.164872, -0.960771, 0.223007, -0.002831, 0.446247, -0.274298, -0.851836, -1.2e-05, 0.0, 0.0, 0.0, 1.0],
                [0.860211, -0.031186, 0.508983, 0.124994, -0.164646, -0.961653, 0.219342, -0.002831, 0.482625, -0.272481, -0.832362, -1.2e-05, 0.0, 0.0, 0.0, 1.0],
                [0.841716, -0.019633, 0.539563, 0.124994, -0.161422, -0.962779, 0.216785, -0.002831, 0.515225, -0.269568, -0.813558, -1.2e-05, 0.0, 0.0, 0.0, 1.0],
                [0.824353, -0.005658, 0.566048, 0.124994, -0.15467, -0.964149, 0.215615, -0.002831, 0.544535, -0.265293, -0.795676, -1.2e-05, 0.0, 0.0, 0.0, 1.0],
                [0.808241, 0.01136, 0.588742, 0.124994, -0.143845, -0.965713, 0.21611, -0.002831, 0.571012, -0.259356, -0.778897, -1.2e-05, 0.0, 0.0, 0.0, 1.0],
                [0.793367, 0.03206, 0.607899, 0.124994, -0.128365, -0.967345, 0.218547, -0.002831, 0.595055, -0.25142, -0.763346, -1.2e-05, 0.0, 0.0, 0.0, 1.0],
                [0.779573, 0.057107, 0.623702, 0.124994, -0.107602, -0.968813, 0.223201, -0.002831, 0.616998, -0.241113, -0.749118, -1.2e-05, 0.0, 0.0, 0.0, 1.0],
                [0.766537, 0.087194, 0.636253, 0.124994, -0.080879, -0.969742, 0.230338, -0.002831, 0.637086, -0.228021, -0.736293, -1.2e-05, 0.0, 0.0, 0.0, 1.0],
                [0.753738, 0.123037, 0.645555, 0.124994, -0.047464, -0.969558, 0.240209, -0.002831, 0.655458, -0.211694, -0.724955, -1.2e-05, 0.0, 0.0, 0.0, 1.0],
                [0.740415, 0.165352, 0.651494, 0.124994, -0.006594, -0.967433, 0.253034, -0.002831, 0.672117, -0.191645, -0.715214, -1.2e-05, 0.0, 0.0, 0.0, 1.0],
                [0.72551, 0.214819, 0.653825, 0.124994, 0.042499, -0.962205, 0.268984, -0.002831, 0.686898, -0.167363, -0.707221, -1.2e-05, 0.0, 0.0, 0.0, 1.0],
                [0.707605, 0.272003, 0.652158, 0.124994, 0.100505, -0.952298, 0.288138, -0.002831, 0.699424, -0.138342, -0.70119, -1.2e-05, 0.0, 0.0, 0.0, 1.0],
                [0.68486, 0.337228, 0.645944, 0.124994, 0.167925, -0.935644, 0.310432, -0.002831, 0.709061, -0.104132, -0.697416, -1.2e-05, 0.0, 0.0, 0.0, 1.0],
                [0.739962, 0.411159, 0.532358, 0.124994, 0.357461, -0.910792, 0.20658, -0.002831, 0.569805, 0.037437, -0.820927, -1.2e-05, 0.0, 0.0, 0.0, 1.0],
                [0.801864, 0.542342, 0.250753, 0.124994, 0.586744, -0.794014, -0.158963, -0.002831, 0.112889, 0.274595, -0.95491, -1.2e-05, 0.0, 0.0, 0.0, 1.0],
                [0.71602, 0.698075, -0.0021, 0.124994, 0.582116, -0.598733, -0.550143, -0.002831, -0.3853, 0.392691, -0.835068, -1.2e-05, 0.0, 0.0, 0.0, 1.0],
                [0.64102, 0.762962, -0.083536, 0.124994, 0.513011, -0.506865, -0.692752, -0.002831, -0.570887, 0.401213, -0.716321, -1.2e-05, 0.0, 0.0, 0.0, 1.0],
                [0.689545, 0.721604, -0.061756, 0.124994, 0.550794, -0.577862, -0.602246, -0.002831, -0.47027, 0.381261, -0.795918, -1.2e-05, 0.0, 0.0, 0.0, 1.0],
                [0.782517, 0.622495, 0.012859, 0.124994, 0.582007, -0.723969, -0.370316, -0.002831, -0.22121, 0.297262, -0.928817, -1.2e-05, 0.0, 0.0, 0.0, 1.0],
                [0.847429, 0.517493, 0.118591, 0.124994, 0.529408, -0.840465, -0.115509, -0.002831, 0.039896, 0.160669, -0.986202, -1.2e-05, 0.0, 0.0, 0.0, 1.0],
                [0.875554, 0.450976, 0.173277, 0.124994, 0.456565, -0.889648, 0.008451, -0.002831, 0.157967, 0.071713, -0.984837, -1.2e-05, 0.0, 0.0, 0.0, 1.0],
                [0.893954, 0.413701, 0.172326, 0.124994, 0.41548, -0.909189, 0.027354, -0.002831, 0.167993, 0.047145, -0.98466, -1.2e-05, 0.0, 0.0, 0.0, 1.0],
                [0.908007, 0.381957, 0.172135, 0.124994, 0.380424, -0.923803, 0.043147, -0.002831, 0.175499, 0.026307, -0.984128, -1.2e-05, 0.0, 0.0, 0.0, 1.0],
                [0.918612, 0.355576, 0.172386, 0.124994, 0.351244, -0.934601, 0.056069, -0.002831, 0.18105, 0.009044, -0.983433, -1.2e-05, 0.0, 0.0, 0.0, 1.0],
                [0.926505, 0.334229, 0.172853, 0.124994, 0.327605, -0.942477, 0.066396, -0.002831, 0.185102, -0.004888, -0.982708, -1.2e-05, 0.0, 0.0, 0.0, 1.0],
                [0.932278, 0.317485, 0.173379, 0.124994, 0.309045, -0.948129, 0.074417, -0.002831, 0.188012, -0.015795, -0.98204, -1.2e-05, 0.0, 0.0, 0.0, 1.0],
                [0.936398, 0.30484, 0.173868, 0.124994, 0.295018, -0.952098, 0.080429, -0.002831, 0.190058, -0.024019, -0.981479, -1.2e-05, 0.0, 0.0, 0.0, 1.0],
                [0.939235, 0.295749, 0.174268, 0.124994, 0.28493, -0.954794, 0.084728, -0.002831, 0.191448, -0.029925, -0.981047, -1.2e-05, 0.0, 0.0, 0.0, 1.0],
                [0.941082, 0.289643, 0.174558, 0.124994, 0.27815, -0.956532, 0.087604, -0.002831, 0.192344, -0.033889, -0.980742, -1.2e-05, 0.0, 0.0, 0.0, 1.0],
                [0.942181, 0.285935, 0.174743, 0.124994, 0.274032, -0.957559, 0.089347, -0.002831, 0.192874, -0.036295, -0.980552, -1.2e-05, 0.0, 0.0, 0.0, 1.0],
                [0.942739, 0.284029, 0.174841, 0.124994, 0.271916, -0.958078, 0.090241, -0.002831, 0.193143, -0.037531, -0.980453, -1.2e-05, 0.0, 0.0, 0.0, 1.0],
                [0.942944, 0.283327, 0.174877, 0.124994, 0.271136, -0.958269, 0.09057, -0.002831, 0.193241, -0.037987, -0.980416, -1.2e-05, 0.0, 0.0, 0.0, 1.0],
                [0.942973, 0.283226, 0.174883, 0.124994, 0.271024, -0.958296, 0.090617, -0.002831, 0.193255, -0.038052, -0.980411, -1.2e-05, 0.0, 0.0, 0.0, 1.0],
                [0.942973, 0.283226, 0.174883, 0.124994, 0.271024, -0.958296, 0.090617, -0.002831, 0.193255, -0.038052, -0.980411, -1.2e-05, 0.0, 0.0, 0.0, 1.0],
                [0.942973, 0.283226, 0.174883, 0.124994, 0.271024, -0.958296, 0.090617, -0.002831, 0.193255, -0.038052, -0.980411, -1.2e-05, 0.0, 0.0, 0.0, 1.0],
                [0.942973, 0.283226, 0.174883, 0.124994, 0.271024, -0.958296, 0.090617, -0.002831, 0.193255, -0.038052, -0.980411, -1.2e-05, 0.0, 0.0, 0.0, 1.0],
                [0.942973, 0.283226, 0.174883, 0.124994, 0.271024, -0.958296, 0.090617, -0.002831, 0.193255, -0.038052, -0.980411, -1.2e-05, 0.0, 0.0, 0.0, 1.0],
                [0.942973, 0.283226, 0.174883, 0.124994, 0.271024, -0.958296, 0.090617, -0.002831, 0.193255, -0.038052, -0.980411, -1.2e-05, 0.0, 0.0, 0.0, 1.0],
                [0.942973, 0.283226, 0.174883, 0.124994, 0.271024, -0.958296, 0.090617, -0.002831, 0.193255, -0.038052, -0.980411, -1.2e-05, 0.0, 0.0, 0.0, 1.0],
                [0.942973, 0.283226, 0.174883, 0.124994, 0.271024, -0.958296, 0.090617, -0.002831, 0.193255, -0.038052, -0.980411, -1.2e-05, 0.0, 0.0, 0.0, 1.0],
                [0.942973, 0.283226, 0.174883, 0.124994, 0.271024, -0.958296, 0.090617, -0.002831, 0.193255, -0.038052, -0.980411, -1.2e-05, 0.0, 0.0, 0.0, 1.0],
                [0.942973, 0.283226, 0.174883, 0.124994, 0.271024, -0.958296, 0.090617, -0.002831, 0.193255, -0.038052, -0.980411, -1.2e-05, 0.0, 0.0, 0.0, 1.0],
                [0.942973, 0.283226, 0.174883, 0.124994, 0.271024, -0.958296, 0.090617, -0.002831, 0.193255, -0.038052, -0.980411, -1.2e-05, 0.0, 0.0, 0.0, 1.0],
                [0.94314, 0.282737, 0.174775, 0.124994, 0.270547, -0.958438, 0.090537, -0.002831, 0.193109, -0.038104, -0.980437, -1.2e-05, 0.0, 0.0, 0.0, 1.0],
                [0.943623, 0.281313, 0.174463, 0.124994, 0.269159, -0.958851, 0.090295, -0.002831, 0.192685, -0.038245, -0.980515, -1.2e-05, 0.0, 0.0, 0.0, 1.0],
                [0.944397, 0.279017, 0.173962, 0.124994, 0.266926, -0.959513, 0.08989, -0.002831, 0.192, -0.038457, -0.980641, -1.2e-05, 0.0, 0.0, 0.0, 1.0],
                [0.945432, 0.275915, 0.173287, 0.124994, 0.263912, -0.9604, 0.089323, -0.002831, 0.191071, -0.038716, -0.980813, -1.2e-05, 0.0, 0.0, 0.0, 1.0],
                [0.946698, 0.272068, 0.172454, 0.124994, 0.26018, -0.961485, 0.088594, -0.002831, 0.189916, -0.039002, -0.981026, -1.2e-05, 0.0, 0.0, 0.0, 1.0],
                [0.948165, 0.267541, 0.171477, 0.124994, 0.255795, -0.962743, 0.087702, -0.002831, 0.188553, -0.039293, -0.981277, -1.2e-05, 0.0, 0.0, 0.0, 1.0],
                [0.9498, 0.262397, 0.170371, 0.124994, 0.250819, -0.964146, 0.086648, -0.002831, 0.186999, -0.039566, -0.981563, -1.2e-05, 0.0, 0.0, 0.0, 1.0],
                [0.951574, 0.256698, 0.169149, 0.124994, 0.245316, -0.965669, 0.085433, -0.002831, 0.185273, -0.0398, -0.981881, -1.2e-05, 0.0, 0.0, 0.0, 1.0],
                [0.953456, 0.25051, 0.167826, 0.124994, 0.23935, -0.967286, 0.084055, -0.002831, 0.183393, -0.039973, -0.982227, -1.2e-05, 0.0, 0.0, 0.0, 1.0],
                [0.955416, 0.243897, 0.166416, 0.124994, 0.232985, -0.968971, 0.082516, -0.002831, 0.181378, -0.040064, -0.982597, -1.2e-05, 0.0, 0.0, 0.0, 1.0],
                [0.957426, 0.236923, 0.164933, 0.124994, 0.226287, -0.9707, 0.080813, -0.002831, 0.179247, -0.04005, -0.982989, -1.2e-05, 0.0, 0.0, 0.0, 1.0],
                [0.959459, 0.229654, 0.163391, 0.124994, 0.21932, -0.972451, 0.078948, -0.002831, 0.177021, -0.039912, -0.983398, -1.2e-05, 0.0, 0.0, 0.0, 1.0],
                [0.961491, 0.222157, 0.161805, 0.124994, 0.212151, -0.974203, 0.076918, -0.002831, 0.174719, -0.039628, -0.983821, -1.2e-05, 0.0, 0.0, 0.0, 1.0],
                [0.963498, 0.214498, 0.160188, 0.124994, 0.204845, -0.975936, 0.074721, -0.002831, 0.172361, -0.03918, -0.984255, -1.2e-05, 0.0, 0.0, 0.0, 1.0],
                [0.965461, 0.206746, 0.158556, 0.124994, 0.197471, -0.977633, 0.072357, -0.002831, 0.169969, -0.038547, -0.984695, -1.2e-05, 0.0, 0.0, 0.0, 1.0],
                [0.96736, 0.198968, 0.156923, 0.124994, 0.190094, -0.979278, 0.069822, -0.002831, 0.167564, -0.037712, -0.98514, -1.2e-05, 0.0, 0.0, 0.0, 1.0],
                [0.96918, 0.191233, 0.155306, 0.124994, 0.182784, -0.980858, 0.067113, -0.002831, 0.165167, -0.036657, -0.985584, -1.2e-05, 0.0, 0.0, 0.0, 1.0],
                [0.970905, 0.18361, 0.153718, 0.124994, 0.175608, -0.982361, 0.064227, -0.002831, 0.162799, -0.035364, -0.986026, -1.2e-05, 0.0, 0.0, 0.0, 1.0],
                [0.972526, 0.176168, 0.152177, 0.124994, 0.168637, -0.983777, 0.06116, -0.002831, 0.160483, -0.033817, -0.986459, -1.2e-05, 0.0, 0.0, 0.0, 1.0],
                [0.974031, 0.168977, 0.150698, 0.124994, 0.161938, -0.985098, 0.057908, -0.002831, 0.158238, -0.032, -0.986883, -1.2e-05, 0.0, 0.0, 0.0, 1.0],
                [0.975413, 0.162106, 0.1493, 0.124994, 0.155582, -0.986318, 0.054466, -0.002831, 0.156087, -0.029898, -0.987291, -1.2e-05, 0.0, 0.0, 0.0, 1.0],
                [0.976666, 0.155625, 0.147999, 0.124994, 0.149639, -0.987431, 0.050829, -0.002831, 0.154049, -0.027496, -0.987681, -1.2e-05, 0.0, 0.0, 0.0, 1.0],
                [0.977785, 0.149603, 0.146814, 0.124994, 0.144178, -0.988433, 0.046991, -0.002831, 0.152146, -0.024779, -0.988048, -1.2e-05, 0.0, 0.0, 0.0, 1.0],
                [0.978767, 0.14411, 0.145763, 0.124994, 0.139269, -0.989321, 0.042947, -0.002831, 0.150396, -0.021734, -0.988387, -1.2e-05, 0.0, 0.0, 0.0, 1.0],
                [0.979608, 0.139215, 0.144868, 0.124994, 0.134984, -0.99009, 0.038691, -0.002831, 0.148818, -0.018347, -0.988695, -1.2e-05, 0.0, 0.0, 0.0, 1.0],
                [0.980306, 0.134986, 0.144147, 0.124994, 0.131392, -0.990738, 0.034217, -0.002831, 0.147431, -0.014603, -0.988965, -1.2e-05, 0.0, 0.0, 0.0, 1.0],
                [0.980858, 0.131491, 0.143624, 0.124994, 0.128564, -0.99126, 0.02952, -0.002831, 0.14625, -0.010489, -0.989192, -1.2e-05, 0.0, 0.0, 0.0, 1.0],
                [0.981259, 0.128799, 0.14332, 0.124994, 0.126571, -0.99165, 0.024593, -0.002831, 0.145291, -0.005992, -0.989371, -1.2e-05, 0.0, 0.0, 0.0, 1.0],
                [0.981506, 0.126975, 0.14326, 0.124994, 0.125484, -0.991903, 0.019432, -0.002831, 0.144568, -0.001095, -0.989495, -1.2e-05, 0.0, 0.0, 0.0, 1.0],
                [0.98159, 0.126086, 0.143469, 0.124994, 0.125375, -0.992008, 0.014032, -0.002831, 0.144092, 0.004214, -0.989556, -1.2e-05, 0.0, 0.0, 0.0, 1.0],
                [0.980916, 0.126979, 0.14724, 0.124994, 0.127093, -0.991851, 0.008675, -0.002831, 0.147142, 0.010204, -0.989063, -1.2e-05, 0.0, 0.0, 0.0, 1.0],
                [0.978947, 0.130171, 0.157218, 0.124994, 0.13123, -0.991343, 0.003676, -0.002831, 0.156335, 0.017033, -0.987557, -1.2e-05, 0.0, 0.0, 0.0, 1.0],
                [0.975691, 0.13524, 0.172444, 0.124994, 0.137452, -0.990506, -0.000895, -0.002831, 0.170686, 0.024577, -0.985019, -1.2e-05, 0.0, 0.0, 0.0, 1.0],
                [0.971113, 0.141765, 0.191943, 0.124994, 0.145408, -0.989357, -0.004955, -0.002831, 0.189198, 0.032722, -0.981394, -1.2e-05, 0.0, 0.0, 0.0, 1.0],
                [0.96519, 0.149338, 0.214721, 0.124994, 0.154728, -0.987919, -0.008418, -0.002831, 0.21087, 0.041349, -0.976639, -1.1e-05, 0.0, 0.0, 0.0, 1.0],
                [0.957957, 0.157566, 0.239773, 0.124994, 0.165025, -0.986223, -0.01122, -0.002831, 0.234702, 0.050317, -0.970764, -1.2e-05, 0.0, 0.0, 0.0, 1.0],
                [0.949533, 0.16608, 0.266088, 0.124994, 0.175899, -0.984316, -0.013325, -0.002831, 0.259702, 0.059458, -0.963857, -1.2e-05, 0.0, 0.0, 0.0, 1.0],
                [0.94015, 0.174536, 0.292668, 0.124994, 0.186942, -0.982258, -0.014738, -0.002831, 0.284903, 0.068568, -0.956101, -1.2e-05, 0.0, 0.0, 0.0, 1.0],
                [0.930152, 0.182624, 0.318534, 0.124994, 0.197748, -0.980128, -0.015507, -0.002831, 0.309373, 0.077414, -0.947785, -1.2e-05, 0.0, 0.0, 0.0, 1.0],
                [0.919999, 0.190067, 0.342748, 0.124994, 0.207913, -0.978019, -0.015724, -0.002831, 0.332226, 0.085728, -0.939296, -1.2e-05, 0.0, 0.0, 0.0, 1.0],
                [0.910243, 0.196622, 0.364413, 0.124994, 0.217048, -0.976036, -0.01552, -0.002831, 0.352628, 0.093222, -0.931109, -1.2e-05, 0.0, 0.0, 0.0, 1.0],
                [0.901513, 0.202071, 0.382675, 0.124994, 0.224776, -0.974292, -0.015056, -0.002831, 0.369796, 0.099589, -0.923761, -1.2e-05, 0.0, 0.0, 0.0, 1.0],
                [0.894477, 0.206216, 0.396719, 0.124994, 0.230734, -0.972906, -0.014511, -0.002831, 0.382978, 0.104517, -0.917826, -1.2e-05, 0.0, 0.0, 0.0, 1.0],
                [0.889803, 0.20886, 0.405743, 0.124994, 0.234569, -0.971996, -0.014068, -0.002831, 0.391443, 0.107692, -0.913879, -1.2e-05, 0.0, 0.0, 0.0, 1.0],
                [0.88812, 0.209794, 0.408937, 0.124994, 0.235926, -0.97167, -0.013889, -0.002831, 0.394439, 0.108814, -0.912457, -1.2e-05, 0.0, 0.0, 0.0, 1.0],
                [0.88812, 0.209794, 0.408937, 0.124994, 0.235926, -0.97167, -0.013889, -0.002831, 0.394439, 0.108814, -0.912457, -1.2e-05, 0.0, 0.0, 0.0, 1.0],
