{
    "animation": [
        {
            "name": "Root",
            "time": [0.0, 0.0167, 0.0333, 0.05, 0.0667, 0.0833, 0.1, 0.1167, 0.1333, 0.15, 0.1667, 0.1833, 0.2, 0.2167, 0.2333, 0.25, 0.2667, 0.2833, 0.3, 0.3167, 0.3333, 0.35, 0.3667, 0.3833, 0.4, 0.4167, 0.4333, 0.45, 0.4667, 0.4833, 0.5, 0.5167, 0.5333, 0.55, 0.5667, 0.5833, 0.6, 0.6167, 0.6333, 0.65, 0.6667, 0.6833, 0.7, 0.7167, 0.7333, 0.75, 0.7667, 0.7833, 0.8, 0.8167, 0.8333, 0.85, 0.8667, 0.8833, 0.9, 0.9167, 0.9333, 0.95, 0.9667, 0.9833, 1.0, 1.0167, 1.0333, 1.05, 1.0667, 1.0833, 1.1, 1.1167, 1.1333, 1.15, 1.1667, 1.1833, 1.2, 1.2167, 1.2333, 1.25, 1.2667, 1.2833, 1.3, 1.3167, 1.3333, 1.35, 1.3667, 1.3833, 1.4, 1.4167, 1.4333, 1.45, 1.4667, 1.4833, 1.5, 1.5167, 1.5333, 1.55, 1.5667, 1.5833, 1.6, 1.6167, 1.6333, 1.65, 1.6667, 1.6833, 1.7],
            "transform": [
                [-0.312694, 0.0, 0.949854, -5e-06, 0.949854, 0.0, 0.312694, 0.000946, 0.0, 1.0, 0.0, 0.673138, 0.0, 0.0, 0.0, 1.0],
                [-0.285784, 0.0, 0.958294, -5e-06, 0.958294, 0.0, 0.285784, 0.000946, 0.0, 1.0, 0.0, 0.666648, 0.0, 0.0, 0.0, 1.0],
                [-0.212739, 0.0, 0.977109, -5e-06, 0.977109, 0.0, 0.212739, 0.000946, 0.0, 1.0, 0.0, 0.649539, 0.0, 0.0, 0.0, 1.0],
                [-0.105318, 0.0, 0.994439, -5e-06, 0.994439, 0.0, 0.105318, 0.000946, 0.0, 1.0, 0.0, 0.625351, 0.0, 0.0, 0.0, 1.0],
                [0.022111, 0.0, 0.999756, -5e-06, 0.999756, 0.0, -0.022111, 0.000946, 0.0, 1.0, 0.0, 0.597622, 0.0, 0.0, 0.0, 1.0],
                [0.152434, 0.0, 0.988314, -5e-06, 0.988314, 0.0, -0.152434, 0.000946, 0.0, 1.0, 0.0, 0.569894, 0.0, 0.0, 0.0, 1.0],
                [0.268494, 0.0, 0.963281, -5e-06, 0.963281, 0.0, -0.268494, 0.000946, 0.0, 1.0, 0.0, 0.545706, 0.0, 0.0, 0.0, 1.0],
                [0.356122, 0.0, 0.934439, -5e-06, 0.934439, 0.0, -0.356122, 0.000946, 0.0, 1.0, 0.0, 0.528597, 0.0, 0.0, 0.0, 1.0],
                [0.404691, 0.0, 0.914453, -5e-06, 0.914453, 0.0, -0.404691, 0.000946, 0.0, 1.0, 0.0, 0.522107, 0.0, 0.0, 0.0, 1.0],
                [0.421557, 0.0, 0.906802, -0.016496, 0.906802, 0.0, -0.421557, 0.045832, 0.0, 1.0, 0.0, 0.522107, 0.0, 0.0, 0.0, 1.0],
                [0.426007, 0.0, 0.90472, -0.055823, 0.90472, 0.0, -0.426007, 0.16282, 0.0, 1.0, 0.0, 0.522107, 0.0, 0.0, 0.0, 1.0],
                [0.426349, 0.0, 0.904559, -0.102761, 0.904559, 0.0, -0.426349, 0.325408, 0.0, 1.0, 0.0, 0.522107, 0.0, 0.0, 0.0, 1.0],
                [0.430789, 0.0, 0.902453, -0.142088, 0.902453, 0.0, -0.430789, 0.507096, 0.0, 1.0, 0.0, 0.522107, 0.0, 0.0, 0.0, 1.0],
                [0.447427, 0.0, 0.89432, -0.15858, 0.89432, 0.0, -0.447427, 0.68138, 0.0, 1.0, 0.0, 0.522107, 0.0, 0.0, 0.0, 1.0],
                [0.587638, 0.0, 0.809124, -0.140911, 0.809124, 0.0, -0.587638, 0.827459, 0.0, 1.0, 0.0, 0.537615, 0.0, 0.0, 0.0, 1.0],
                [0.852328, 0.0, 0.523008, -0.098776, 0.523008, 0.0, -0.852328, 0.947332, 0.0, 1.0, 0.0, 0.574597, 0.0, 0.0, 0.0, 1.0],
                [0.999387, 0.0, 0.035, -0.048486, 0.035, 0.0, -0.999387, 1.048698, 0.0, 1.0, 0.0, 0.618736, 0.0, 0.0, 0.0, 1.0],
                [0.909994, 0.0, -0.41462, -0.006351, -0.41462, 0.0, -0.909994, 1.139255, 0.0, 1.0, 0.0, 0.655717, 0.0, 0.0, 0.0, 1.0],
                [0.764722, 0.0, -0.64436, 0.011318, -0.64436, 0.0, -0.764722, 1.226702, 0.0, 1.0, 0.0, 0.671226, 0.0, 0.0, 0.0, 1.0],
                [0.668337, 0.0, -0.743859, 0.011318, -0.743859, 0.0, -0.668337, 1.317008, 0.0, 1.0, 0.0, 0.671226, 0.0, 0.0, 0.0, 1.0],
                [0.580056, 0.0, -0.814577, 0.011318, -0.814577, 0.0, -0.580056, 1.409217, 0.0, 1.0, 0.0, 0.671226, 0.0, 0.0, 0.0, 1.0],
                [0.501693, 0.0, -0.865046, 0.011318, -0.865046, 0.0, -0.501693, 1.50064, 0.0, 1.0, 0.0, 0.671226, 0.0, 0.0, 0.0, 1.0],
                [0.433611, 0.0, -0.9011, 0.011318, -0.9011, 0.0, -0.433611, 1.588592, 0.0, 1.0, 0.0, 0.671226, 0.0, 0.0, 0.0, 1.0],
                [0.375737, 0.0, -0.926726, 0.011318, -0.926726, 0.0, -0.375737, 1.670384, 0.0, 1.0, 0.0, 0.671226, 0.0, 0.0, 0.0, 1.0],
                [0.32799, 0.0, -0.944681, 0.011318, -0.944681, 0.0, -0.32799, 1.743331, 0.0, 1.0, 0.0, 0.671226, 0.0, 0.0, 0.0, 1.0],
                [0.290441, 0.0, -0.956893, 0.011318, -0.956893, 0.0, -0.290441, 1.804745, 0.0, 1.0, 0.0, 0.671226, 0.0, 0.0, 0.0, 1.0],
                [0.26332, 0.0, -0.964709, 0.011318, -0.964709, 0.0, -0.26332, 1.851939, 0.0, 1.0, 0.0, 0.671226, 0.0, 0.0, 0.0, 1.0],
                [0.246925, 0.0, -0.969035, 0.011318, -0.969035, 0.0, -0.246925, 1.882226, 0.0, 1.0, 0.0, 0.671226, 0.0, 0.0, 0.0, 1.0],
                [0.241459, 0.0, -0.970411, 0.011318, -0.970411, 0.0, -0.241459, 1.892919, 0.0, 1.0, 0.0, 0.671226, 0.0, 0.0, 0.0, 1.0],
                [0.241459, 0.0, -0.970411, 0.011318, -0.970411, 0.0, -0.241459, 1.892919, 0.0, 1.0, 0.0, 0.671226, 0.0, 0.0, 0.0, 1.0],
                [0.241459, 0.0, -0.970411, 0.011318, -0.970411, 0.0, -0.241459, 1.892919, 0.0, 1.0, 0.0, 0.671226, 0.0, 0.0, 0.0, 1.0],
                [0.241459, 0.0, -0.970411, 0.011318, -0.970411, 0.0, -0.241459, 1.892919, 0.0, 1.0, 0.0, 0.671226, 0.0, 0.0, 0.0, 1.0],
                [0.241459, 0.0, -0.970411, 0.011318, -0.970411, 0.0, -0.241459, 1.892919, 0.0, 1.0, 0.0, 0.671226, 0.0, 0.0, 0.0, 1.0],
                [0.241459, 0.0, -0.970411, 0.011318, -0.970411, 0.0, -0.241459, 1.892919, 0.0, 1.0, 0.0, 0.671226, 0.0, 0.0, 0.0, 1.0],
                [0.241459, 0.0, -0.970411, 0.011318, -0.970411, 0.0, -0.241459, 1.892919, 0.0, 1.0, 0.0, 0.671226, 0.0, 0.0, 0.0, 1.0],
                [0.241459, 0.0, -0.970411, 0.011318, -0.970411, 0.0, -0.241459, 1.892919, 0.0, 1.0, 0.0, 0.671226, 0.0, 0.0, 0.0, 1.0],
                [0.241459, 0.0, -0.970411, 0.011318, -0.970411, 0.0, -0.241459, 1.892919, 0.0, 1.0, 0.0, 0.671226, 0.0, 0.0, 0.0, 1.0],
                [0.241459, 0.0, -0.970411, 0.011318, -0.970411, 0.0, -0.241459, 1.892919, 0.0, 1.0, 0.0, 0.671226, 0.0, 0.0, 0.0, 1.0],
                [0.241459, 0.0, -0.970411, 0.011318, -0.970411, 0.0, -0.241459, 1.892919, 0.0, 1.0, 0.0, 0.671226, 0.0, 0.0, 0.0, 1.0],
                [0.24204, 0.0, -0.970266, 0.01131, -0.970266, 0.0, -0.24204, 1.893029, 0.0, 1.0, 0.0, 0.671237, 0.0, 0.0, 0.0, 1.0],
                [0.243759, 0.0, -0.969836, 0.011286, -0.969836, 0.0, -0.243759, 1.893356, 0.0, 1.0, 0.0, 0.671268, 0.0, 0.0, 0.0, 1.0],
                [0.246579, 0.0, -0.969123, 0.011246, -0.969123, 0.0, -0.246579, 1.893892, 0.0, 1.0, 0.0, 0.67132, 0.0, 0.0, 0.0, 1.0],
                [0.250462, 0.0, -0.968126, 0.011191, -0.968126, 0.0, -0.250462, 1.894631, 0.0, 1.0, 0.0, 0.671392, 0.0, 0.0, 0.0, 1.0],
                [0.255371, 0.0, -0.966843, 0.011122, -0.966843, 0.0, -0.255371, 1.895565, 0.0, 1.0, 0.0, 0.671483, 0.0, 0.0, 0.0, 1.0],
                [0.261269, 0.0, -0.965266, 0.011038, -0.965266, 0.0, -0.261269, 1.896687, 0.0, 1.0, 0.0, 0.671592, 0.0, 0.0, 0.0, 1.0],
                [0.268118, 0.0, -0.963386, 0.010941, -0.963386, 0.0, -0.268118, 1.89799, 0.0, 1.0, 0.0, 0.671718, 0.0, 0.0, 0.0, 1.0],
                [0.275878, 0.0, -0.961192, 0.010832, -0.961192, 0.0, -0.275878, 1.899468, 0.0, 1.0, 0.0, 0.671862, 0.0, 0.0, 0.0, 1.0],
                [0.284512, 0.0, -0.958673, 0.010709, -0.958673, 0.0, -0.284512, 1.901114, 0.0, 1.0, 0.0, 0.672021, 0.0, 0.0, 0.0, 1.0],
                [0.293977, 0.0, -0.955812, 0.010575, -0.955812, 0.0, -0.293977, 1.90292, 0.0, 1.0, 0.0, 0.672197, 0.0, 0.0, 0.0, 1.0],
                [0.304235, 0.0, -0.952597, 0.01043, -0.952597, 0.0, -0.304235, 1.904879, 0.0, 1.0, 0.0, 0.672387, 0.0, 0.0, 0.0, 1.0],
                [0.315242, 0.0, -0.949011, 0.010273, -0.949011, 0.0, -0.315242, 1.906986, 0.0, 1.0, 0.0, 0.672591, 0.0, 0.0, 0.0, 1.0],
                [0.326957, 0.0, -0.945039, 0.010106, -0.945039, 0.0, -0.326957, 1.909231, 0.0, 1.0, 0.0, 0.672809, 0.0, 0.0, 0.0, 1.0],
                [0.339336, 0.0, -0.940665, 0.00993, -0.940665, 0.0, -0.339336, 1.911609, 0.0, 1.0, 0.0, 0.67304, 0.0, 0.0, 0.0, 1.0],
                [0.352334, 0.0, -0.935874, 0.009744, -0.935874, 0.0, -0.352334, 1.914113, 0.0, 1.0, 0.0, 0.673283, 0.0, 0.0, 0.0, 1.0],
                [0.365905, 0.0, -0.930652, 0.009549, -0.930652, 0.0, -0.365905, 1.916735, 0.0, 1.0, 0.0, 0.673538, 0.0, 0.0, 0.0, 1.0],
                [0.380002, 0.0, -0.924986, 0.009346, -0.924986, 0.0, -0.380002, 1.919469, 0.0, 1.0, 0.0, 0.673803, 0.0, 0.0, 0.0, 1.0],
                [0.394578, 0.0, -0.918863, 0.009135, -0.918863, 0.0, -0.394578, 1.922308, 0.0, 1.0, 0.0, 0.674078, 0.0, 0.0, 0.0, 1.0],
                [0.409583, 0.0, -0.912273, 0.008917, -0.912273, 0.0, -0.409583, 1.925245, 0.0, 1.0, 0.0, 0.674363, 0.0, 0.0, 0.0, 1.0],
                [0.424969, 0.0, -0.905208, 0.008692, -0.905208, 0.0, -0.424969, 1.928272, 0.0, 1.0, 0.0, 0.674657, 0.0, 0.0, 0.0, 1.0],
                [0.440684, 0.0, -0.897662, 0.008461, -0.897662, 0.0, -0.440684, 1.931382, 0.0, 1.0, 0.0, 0.674959, 0.0, 0.0, 0.0, 1.0],
                [0.456678, 0.0, -0.889632, 0.008224, -0.889632, 0.0, -0.456678, 1.93457, 0.0, 1.0, 0.0, 0.675269, 0.0, 0.0, 0.0, 1.0],
                [0.4729, 0.0, -0.881116, 0.007982, -0.881116, 0.0, -0.4729, 1.937827, 0.0, 1.0, 0.0, 0.675585, 0.0, 0.0, 0.0, 1.0],
                [0.489298, 0.0, -0.872117, 0.007736, -0.872117, 0.0, -0.489298, 1.941147, 0.0, 1.0, 0.0, 0.675907, 0.0, 0.0, 0.0, 1.0],
                [0.50582, 0.0, -0.862639, 0.007485, -0.862639, 0.0, -0.50582, 1.944523, 0.0, 1.0, 0.0, 0.676235, 0.0, 0.0, 0.0, 1.0],
                [0.522416, 0.0, -0.852691, 0.00723, -0.852691, 0.0, -0.522416, 1.947948, 0.0, 1.0, 0.0, 0.676567, 0.0, 0.0, 0.0, 1.0],
                [0.539035, 0.0, -0.842283, 0.006973, -0.842283, 0.0, -0.539035, 1.951415, 0.0, 1.0, 0.0, 0.676904, 0.0, 0.0, 0.0, 1.0],
                [0.555627, 0.0, -0.831431, 0.006713, -0.831431, 0.0, -0.555627, 1.954916, 0.0, 1.0, 0.0, 0.677243, 0.0, 0.0, 0.0, 1.0],
                [0.572144, 0.0, -0.820153, 0.006451, -0.820153, 0.0, -0.572144, 1.958446, 0.0, 1.0, 0.0, 0.677586, 0.0, 0.0, 0.0, 1.0],
                [0.588537, 0.0, -0.80847, 0.006187, -0.80847, 0.0, -0.588537, 1.961996, 0.0, 1.0, 0.0, 0.677931, 0.0, 0.0, 0.0, 1.0],
                [0.604762, 0.0, -0.796406, 0.005922, -0.796406, 0.0, -0.604762, 1.965561, 0.0, 1.0, 0.0, 0.678277, 0.0, 0.0, 0.0, 1.0],
                [0.620774, 0.0, -0.78399, 0.005657, -0.78399, 0.0, -0.620774, 1.969132, 0.0, 1.0, 0.0, 0.678623, 0.0, 0.0, 0.0, 1.0],
                [0.636531, 0.0, -0.771251, 0.005392, -0.771251, 0.0, -0.636531, 1.972703, 0.0, 1.0, 0.0, 0.67897, 0.0, 0.0, 0.0, 1.0],
                [0.651993, 0.0, -0.758225, 0.005127, -0.758225, 0.0, -0.651993, 1.976268, 0.0, 1.0, 0.0, 0.679316, 0.0, 0.0, 0.0, 1.0],
                [0.667124, 0.0, -0.744947, 0.004863, -0.744947, 0.0, -0.667124, 1.979818, 0.0, 1.0, 0.0, 0.67966, 0.0, 0.0, 0.0, 1.0],
                [0.681888, 0.0, -0.731456, 0.004601, -0.731456, 0.0, -0.681888, 1.983347, 0.0, 1.0, 0.0, 0.680003, 0.0, 0.0, 0.0, 1.0],
                [0.696255, 0.0, -0.717794, 0.004341, -0.717794, 0.0, -0.696255, 1.986849, 0.0, 1.0, 0.0, 0.680343, 0.0, 0.0, 0.0, 1.0],
                [0.710196, 0.0, -0.704004, 0.004083, -0.704004, 0.0, -0.710196, 1.990316, 0.0, 1.0, 0.0, 0.680679, 0.0, 0.0, 0.0, 1.0],
                [0.723684, 0.0, -0.690131, 0.003829, -0.690131, 0.0, -0.723684, 1.99374, 0.0, 1.0, 0.0, 0.681012, 0.0, 0.0, 0.0, 1.0],
                [0.736698, 0.0, -0.676222, 0.003578, -0.676222, 0.0, -0.736698, 1.997116, 0.0, 1.0, 0.0, 0.681339, 0.0, 0.0, 0.0, 1.0],
                [0.749217, 0.0, -0.662324, 0.003331, -0.662324, 0.0, -0.749217, 2.000437, 0.0, 1.0, 0.0, 0.681662, 0.0, 0.0, 0.0, 1.0],
                [0.761226, 0.0, -0.648487, 0.003089, -0.648487, 0.0, -0.761226, 2.003694, 0.0, 1.0, 0.0, 0.681978, 0.0, 0.0, 0.0, 1.0],
                [0.772709, 0.0, -0.63476, 0.002853, -0.63476, 0.0, -0.772709, 2.006881, 0.0, 1.0, 0.0, 0.682287, 0.0, 0.0, 0.0, 1.0],
                [0.783657, 0.0, -0.621194, 0.002622, -0.621194, 0.0, -0.783657, 2.009992, 0.0, 1.0, 0.0, 0.682589, 0.0, 0.0, 0.0, 1.0],
                [0.794061, 0.0, -0.607838, 0.002397, -0.607838, 0.0, -0.794061, 2.013019, 0.0, 1.0, 0.0, 0.682883, 0.0, 0.0, 0.0, 1.0],
                [0.803916, 0.0, -0.594743, 0.002179, -0.594743, 0.0, -0.803916, 2.015956, 0.0, 1.0, 0.0, 0.683168, 0.0, 0.0, 0.0, 1.0],
                [0.813218, 0.0, -0.58196, 0.001968, -0.58196, 0.0, -0.813218, 2.018794, 0.0, 1.0, 0.0, 0.683444, 0.0, 0.0, 0.0, 1.0],
                [0.821966, 0.0, -0.569537, 0.001765, -0.569537, 0.0, -0.821966, 2.021528, 0.0, 1.0, 0.0, 0.683709, 0.0, 0.0, 0.0, 1.0],
                [0.83016, 0.0, -0.557525, 0.00157, -0.557525, 0.0, -0.83016, 2.024151, 0.0, 1.0, 0.0, 0.683963, 0.0, 0.0, 0.0, 1.0],
                [0.837803, 0.0, -0.545972, 0.001384, -0.545972, 0.0, -0.837803, 2.026655, 0.0, 1.0, 0.0, 0.684206, 0.0, 0.0, 0.0, 1.0],
                [0.844899, 0.0, -0.534926, 0.001207, -0.534926, 0.0, -0.844899, 2.029033, 0.0, 1.0, 0.0, 0.684437, 0.0, 0.0, 0.0, 1.0],
                [0.851451, 0.0, -0.524434, 0.00104, -0.524434, 0.0, -0.851451, 2.031278, 0.0, 1.0, 0.0, 0.684655, 0.0, 0.0, 0.0, 1.0],
                [0.857466, 0.0, -0.514541, 0.000884, -0.514541, 0.0, -0.857466, 2.033384, 0.0, 1.0, 0.0, 0.68486, 0.0, 0.0, 0.0, 1.0],
                [0.862947, 0.0, -0.505294, 0.000738, -0.505294, 0.0, -0.862947, 2.035344, 0.0, 1.0, 0.0, 0.68505, 0.0, 0.0, 0.0, 1.0],
                [0.867901, 0.0, -0.496736, 0.000604, -0.496736, 0.0, -0.867901, 2.03715, 0.0, 1.0, 0.0, 0.685225, 0.0, 0.0, 0.0, 1.0],
                [0.872334, 0.0, -0.488911, 0.000482, -0.488911, 0.0, -0.872334, 2.038795, 0.0, 1.0, 0.0, 0.685385, 0.0, 0.0, 0.0, 1.0],
                [0.876248, 0.0, -0.48186, 0.000372, -0.48186, 0.0, -0.876248, 2.040274, 0.0, 1.0, 0.0, 0.685528, 0.0, 0.0, 0.0, 1.0],
                [0.879648, 0.0, -0.475625, 0.000275, -0.475625, 0.0, -0.879648, 2.041577, 0.0, 1.0, 0.0, 0.685655, 0.0, 0.0, 0.0, 1.0],
                [0.882535, 0.0, -0.470246, 0.000192, -0.470246, 0.0, -0.882535, 2.042699, 0.0, 1.0, 0.0, 0.685764, 0.0, 0.0, 0.0, 1.0],
                [0.88491, 0.0, -0.465761, 0.000123, -0.465761, 0.0, -0.88491, 2.043633, 0.0, 1.0, 0.0, 0.685854, 0.0, 0.0, 0.0, 1.0],
                [0.88677, 0.0, -0.46221, 6.8e-05, -0.46221, 0.0, -0.88677, 2.044372, 0.0, 1.0, 0.0, 0.685926, 0.0, 0.0, 0.0, 1.0],
                [0.888111, 0.0, -0.459629, 2.8e-05, -0.459629, 0.0, -0.888111, 2.044908, 0.0, 1.0, 0.0, 0.685978, 0.0, 0.0, 0.0, 1.0],
                [0.888924, 0.0, -0.458055, 4e-06, -0.458055, 0.0, -0.888924, 2.045235, 0.0, 1.0, 0.0, 0.68601, 0.0, 0.0, 0.0, 1.0],
                [0.889198, 0.0, -0.457523, -5e-06, -0.457523, 0.0, -0.889198, 2.045345, 0.0, 1.0, 0.0, 0.686021, 0.0, 0.0, 0.0, 1.0]
            ]
        },
        {
            "name": "Thigh_R",
            "time": [0.0, 0.0167, 0.0333, 0.05, 0.0667, 0.0833, 0.1, 0.1167, 0.1333, 0.15, 0.1667, 0.1833, 0.2, 0.2167, 0.2333, 0.25, 0.2667, 0.2833, 0.3, 0.3167, 0.3333, 0.35, 0.3667, 0.3833, 0.4, 0.4167, 0.4333, 0.45, 0.4667, 0.4833, 0.5, 0.5167, 0.5333, 0.55, 0.5667, 0.5833, 0.6, 0.6167, 0.6333, 0.65, 0.6667, 0.6833, 0.7, 0.7167, 0.7333, 0.75, 0.7667, 0.7833, 0.8, 0.8167, 0.8333, 0.85, 0.8667, 0.8833, 0.9, 0.9167, 0.9333, 0.95, 0.9667, 0.9833, 1.0, 1.0167, 1.0333, 1.05, 1.0667, 1.0833, 1.1, 1.1167, 1.1333, 1.15, 1.1667, 1.1833, 1.2, 1.2167, 1.2333, 1.25, 1.2667, 1.2833, 1.3, 1.3167, 1.3333, 1.35, 1.3667, 1.3833, 1.4, 1.4167, 1.4333, 1.45, 1.4667, 1.4833, 1.5, 1.5167, 1.5333, 1.55, 1.5667, 1.5833, 1.6, 1.6167, 1.6333, 1.65, 1.6667, 1.6833, 1.7],
            "transform": [
                [0.962518, 0.230544, 0.142857, 0.124994, 0.171336, -0.925175, 0.338663, -0.002831, 0.210244, -0.301491, -0.93, -1.2e-05, 0.0, 0.0, 0.0, 1.0],
                [0.961783, 0.236127, 0.138622, 0.124994, 0.169678, -0.911325, 0.375091, -0.002831, 0.214899, -0.337234, -0.916565, -1.2e-05, 0.0, 0.0, 0.0, 1.0],
                [0.959809, 0.250333, 0.126886, 0.124994, 0.164197, -0.867527, 0.469503, -0.002831, 0.227609, -0.429797, -0.873767, -1.2e-05, 0.0, 0.0, 0.0, 1.0],
                [0.957014, 0.268854, 0.10882, 0.124994, 0.153596, -0.788036, 0.596158, -0.002831, 0.246034, -0.553816, -0.795459, -1.2e-05, 0.0, 0.0, 0.0, 1.0],
                [0.953842, 0.2875, 0.086768, 0.124994, 0.137084, -0.673906, 0.725987, -0.002831, 0.267195, -0.68058, -0.682214, -1.2e-05, 0.0, 0.0, 0.0, 1.0],
                [0.950574, 0.303615, 0.065015, 0.124994, 0.115477, -0.540059, 0.833667, -0.002831, 0.288226, -0.784952, -0.548428, -1.2e-05, 0.0, 0.0, 0.0, 1.0],
                [0.947126, 0.317095, 0.049017, 0.124994, 0.091226, -0.41258, 0.906342, -0.002831, 0.30762, -0.853946, -0.419694, -1.2e-05, 0.0, 0.0, 0.0, 1.0],
                [0.942977, 0.329903, 0.044229, 0.124994, 0.067535, -0.319743, 0.945094, -0.002831, 0.325932, -0.888214, -0.323792, -1.2e-05, 0.0, 0.0, 0.0, 1.0],
                [0.937233, 0.344171, 0.05603, 0.124994, 0.047744, -0.285823, 0.957092, -0.002831, 0.345418, -0.894342, -0.284317, -1.2e-05, 0.0, 0.0, 0.0, 1.0],
                [0.912414, 0.37351, 0.167299, 0.124994, -0.004278, -0.400049, 0.916483, -0.002831, 0.409244, -0.836927, -0.363414, -1.2e-05, 0.0, 0.0, 0.0, 1.0],
                [0.83219, 0.365045, 0.417374, 0.124994, -0.075745, -0.670818, 0.737743, -0.002831, 0.549292, -0.645555, -0.5306, -1.2e-05, 0.0, 0.0, 0.0, 1.0],
                [0.696418, 0.225049, 0.681436, 0.124994, -0.074148, -0.921906, 0.380247, -0.002831, 0.713795, -0.315337, -0.625347, -1.2e-05, 0.0, 0.0, 0.0, 1.0],
                [0.580158, 0.008044, 0.814465, 0.124994, 0.015299, -0.99988, -0.001022, -0.002831, 0.81436, 0.013054, -0.580213, -1.2e-05, 0.0, 0.0, 0.0, 1.0],
                [0.549358, -0.133625, 0.824833, 0.124994, 0.108142, -0.967457, -0.228755, -0.002831, 0.828559, 0.214868, -0.517031, -1.2e-05, 0.0, 0.0, 0.0, 1.0],
                [0.583678, -0.116616, 0.803568, 0.124994, 0.211631, -0.933579, -0.289203, -0.002831, 0.783921, 0.338861, -0.520231, -1.2e-05, 0.0, 0.0, 0.0, 1.0],
                [0.626273, 0.014048, 0.779477, 0.124994, 0.350987, -0.897855, -0.26582, -0.002831, 0.696125, 0.440062, -0.567235, -1.2e-05, 0.0, 0.0, 0.0, 1.0],
                [0.657192, 0.169624, 0.734389, 0.124994, 0.473037, -0.851384, -0.226665, -0.002831, 0.5868, 0.496355, -0.639763, -1.2e-05, 0.0, 0.0, 0.0, 1.0],
                [0.684118, 0.305995, 0.66208, 0.124994, 0.513681, -0.846559, -0.139522, -0.002831, 0.517797, 0.435547, -0.736332, -1.2e-05, 0.0, 0.0, 0.0, 1.0],
                [0.718072, 0.39059, 0.57603, 0.124994, 0.496056, -0.867771, -0.029963, -0.002831, 0.48816, 0.307259, -0.81688, -1.2e-05, 0.0, 0.0, 0.0, 1.0],
                [0.75492, 0.414368, 0.508325, 0.124994, 0.466564, -0.88405, 0.027749, -0.002831, 0.460884, 0.216218, -0.860718, -1.2e-05, 0.0, 0.0, 0.0, 1.0],
                [0.789531, 0.413604, 0.453399, 0.124994, 0.430209, -0.899872, 0.071743, -0.002831, 0.437675, 0.138413, -0.888416, -1.2e-05, 0.0, 0.0, 0.0, 1.0],
                [0.821314, 0.39494, 0.41166, 0.124994, 0.388147, -0.915697, 0.104104, -0.002831, 0.418071, 0.074283, -0.905372, -1.2e-05, 0.0, 0.0, 0.0, 1.0],
                [0.849429, 0.364031, 0.382035, 0.124994, 0.342085, -0.931097, 0.126619, -0.002831, 0.401805, 0.023135, -0.915433, -1.2e-05, 0.0, 0.0, 0.0, 1.0],
                [0.873082, 0.325853, 0.362694, 0.124994, 0.294283, -0.945279, 0.140862, -0.002831, 0.388748, -0.016249, -0.921201, -1.2e-05, 0.0, 0.0, 0.0, 1.0],
                [0.89176, 0.284991, 0.351488, 0.124994, 0.247512, -0.957457, 0.14836, -0.002831, 0.378816, -0.045303, -0.924363, -1.2e-05, 0.0, 0.0, 0.0, 1.0],
                [0.905371, 0.245846, 0.34621, 0.124994, 0.204966, -0.96709, 0.150734, -0.002831, 0.371875, -0.065508, -0.925969, -1.2e-05, 0.0, 0.0, 0.0, 1.0],
                [0.914273, 0.212716, 0.344756, 0.124994, 0.170117, -0.973969, 0.149804, -0.002831, 0.367647, -0.078312, -0.926662, -1.2e-05, 0.0, 0.0, 0.0, 1.0],
                [0.919136, 0.189824, 0.345187, 0.124994, 0.146572, -0.978123, 0.147609, -0.002831, 0.365656, -0.085078, -0.926854, -1.2e-05, 0.0, 0.0, 0.0, 1.0],
                [0.920657, 0.181298, 0.345718, 0.124994, 0.137936, -0.979564, 0.146368, -0.002831, 0.365189, -0.087068, -0.926853, -1.2e-05, 0.0, 0.0, 0.0, 1.0],
                [0.920657, 0.181298, 0.345718, 0.124994, 0.137936, -0.979564, 0.146368, -0.002831, 0.365189, -0.087068, -0.926853, -1.2e-05, 0.0, 0.0, 0.0, 1.0],
                [0.920657, 0.181298, 0.345718, 0.124994, 0.137936, -0.979564, 0.146368, -0.002831, 0.365189, -0.087068, -0.926853, -1.2e-05, 0.0, 0.0, 0.0, 1.0],
                [0.920657, 0.181298, 0.345718, 0.124994, 0.137936, -0.979564, 0.146368, -0.002831, 0.365189, -0.087068, -0.926853, -1.2e-05, 0.0, 0.0, 0.0, 1.0],
                [0.920657, 0.181298, 0.345718, 0.124994, 0.137936, -0.979564, 0.146368, -0.002831, 0.365189, -0.087068, -0.926853, -1.2e-05, 0.0, 0.0, 0.0, 1.0],
                [0.920657, 0.181298, 0.345718, 0.124994, 0.137936, -0.979564, 0.146368, -0.002831, 0.365189, -0.087068, -0.926853, -1.2e-05, 0.0, 0.0, 0.0, 1.0],
                [0.920657, 0.181298, 0.345718, 0.124994, 0.137936, -0.979564, 0.146368, -0.002831, 0.365189, -0.087068, -0.926853, -1.2e-05, 0.0, 0.0, 0.0, 1.0],
                [0.920657, 0.181298, 0.345718, 0.124994, 0.137936, -0.979564, 0.146368, -0.002831, 0.365189, -0.087068, -0.926853, -1.2e-05, 0.0, 0.0, 0.0, 1.0],
                [0.920657, 0.181298, 0.345718, 0.124994, 0.137936, -0.979564, 0.146368, -0.002831, 0.365189, -0.087068, -0.926853, -1.2e-05, 0.0, 0.0, 0.0, 1.0],
                [0.920657, 0.181298, 0.345718, 0.124994, 0.137936, -0.979564, 0.146368, -0.002831, 0.365189, -0.087068, -0.926853, -1.2e-05, 0.0, 0.0, 0.0, 1.0],
                [0.920657, 0.181298, 0.345718, 0.124994, 0.137936, -0.979564, 0.146368, -0.002831, 0.365189, -0.087068, -0.926853, -1.2e-05, 0.0, 0.0, 0.0, 1.0],
                [0.920621, 0.181383, 0.345768, 0.124994, 0.13802, -0.979552, 0.146373, -0.002831, 0.365248, -0.087031, -0.926833, -1.2e-05, 0.0, 0.0, 0.0, 1.0],
                [0.920515, 0.181636, 0.345919, 0.124994, 0.138268, -0.979515, 0.146387, -0.002831, 0.365422, -0.086921, -0.926775, -1.2e-05, 0.0, 0.0, 0.0, 1.0],
                [0.920341, 0.18205, 0.346165, 0.124994, 0.138675, -0.979454, 0.146409, -0.002831, 0.365706, -0.086741, -0.92668, -1.2e-05, 0.0, 0.0, 0.0, 1.0],
                [0.9201, 0.18262, 0.346504, 0.124994, 0.139237, -0.979369, 0.14644, -0.002831, 0.366098, -0.086493, -0.926548, -1.2e-05, 0.0, 0.0, 0.0, 1.0],
                [0.919795, 0.183341, 0.346932, 0.124994, 0.139946, -0.979262, 0.14648, -0.002831, 0.366594, -0.086179, -0.926382, -1.2e-05, 0.0, 0.0, 0.0, 1.0],
                [0.919428, 0.184208, 0.347447, 0.124994, 0.140799, -0.979133, 0.146528, -0.002831, 0.367189, -0.085801, -0.926181, -1.2e-05, 0.0, 0.0, 0.0, 1.0],
                [0.918999, 0.185214, 0.348045, 0.124994, 0.141789, -0.978982, 0.146584, -0.002831, 0.367879, -0.085361, -0.925947, -1.2e-05, 0.0, 0.0, 0.0, 1.0],
                [0.918512, 0.186354, 0.348722, 0.124994, 0.142911, -0.978809, 0.146649, -0.002831, 0.368661, -0.084862, -0.925682, -1.2e-05, 0.0, 0.0, 0.0, 1.0],
                [0.917967, 0.187622, 0.349476, 0.124994, 0.144161, -0.978614, 0.146722, -0.002831, 0.369531, -0.084305, -0.925386, -1.2e-05, 0.0, 0.0, 0.0, 1.0],
                [0.917366, 0.189014, 0.350303, 0.124994, 0.145532, -0.978399, 0.146803, -0.002831, 0.370485, -0.083692, -0.925061, -1.2e-05, 0.0, 0.0, 0.0, 1.0],
                [0.916711, 0.190522, 0.3512, 0.124994, 0.147019, -0.978163, 0.146893, -0.002831, 0.371518, -0.083025, -0.924706, -1.2e-05, 0.0, 0.0, 0.0, 1.0],
                [0.916003, 0.192142, 0.352164, 0.124994, 0.148617, -0.977907, 0.146991, -0.002831, 0.372627, -0.082306, -0.924324, -1.2e-05, 0.0, 0.0, 0.0, 1.0],
                [0.915244, 0.193869, 0.353191, 0.124994, 0.15032, -0.977631, 0.147098, -0.002831, 0.373808, -0.081538, -0.923915, -1.2e-05, 0.0, 0.0, 0.0, 1.0],
                [0.914434, 0.195695, 0.354277, 0.124994, 0.152123, -0.977335, 0.147212, -0.002831, 0.375057, -0.080722, -0.923481, -1.2e-05, 0.0, 0.0, 0.0, 1.0],
                [0.913577, 0.197617, 0.35542, 0.124994, 0.154021, -0.977019, 0.147335, -0.002831, 0.376369, -0.079859, -0.923022, -1.2e-05, 0.0, 0.0, 0.0, 1.0],
                [0.912673, 0.199627, 0.356617, 0.124994, 0.156008, -0.976684, 0.147467, -0.002831, 0.377741, -0.078954, -0.922539, -1.2e-05, 0.0, 0.0, 0.0, 1.0],
                [0.911725, 0.201721, 0.357863, 0.124994, 0.158079, -0.976329, 0.147607, -0.002831, 0.379168, -0.078006, -0.922034, -1.2e-05, 0.0, 0.0, 0.0, 1.0],
                [0.910733, 0.203893, 0.359156, 0.124994, 0.160228, -0.975957, 0.147755, -0.002831, 0.380647, -0.077018, -0.921508, -1.2e-05, 0.0, 0.0, 0.0, 1.0],
                [0.909699, 0.206137, 0.360492, 0.124994, 0.16245, -0.975565, 0.147912, -0.002831, 0.382174, -0.075993, -0.920961, -1.2e-05, 0.0, 0.0, 0.0, 1.0],
                [0.908625, 0.208448, 0.361868, 0.124994, 0.164739, -0.975156, 0.148076, -0.002831, 0.383745, -0.074931, -0.920394, -1.2e-05, 0.0, 0.0, 0.0, 1.0],
                [0.907514, 0.21082, 0.363281, 0.124994, 0.167091, -0.97473, 0.148249, -0.002831, 0.385355, -0.073837, -0.91981, -1.2e-05, 0.0, 0.0, 0.0, 1.0],
                [0.906366, 0.213247, 0.364727, 0.124994, 0.169499, -0.974287, 0.14843, -0.002831, 0.387002, -0.072711, -0.919208, -1.2e-05, 0.0, 0.0, 0.0, 1.0],
                [0.905184, 0.215725, 0.366203, 0.124994, 0.171959, -0.973827, 0.148619, -0.002831, 0.38868, -0.071555, -0.91859, -1.2e-05, 0.0, 0.0, 0.0, 1.0],
                [0.903969, 0.218246, 0.367706, 0.124994, 0.174464, -0.973351, 0.148816, -0.002831, 0.390386, -0.070373, -0.917958, -1.2e-05, 0.0, 0.0, 0.0, 1.0],
                [0.902724, 0.220807, 0.369233, 0.124994, 0.177011, -0.97286, 0.14902, -0.002831, 0.392117, -0.069166, -0.917312, -1.2e-05, 0.0, 0.0, 0.0, 1.0],
                [0.901451, 0.2234, 0.37078, 0.124994, 0.179592, -0.972354, 0.149232, -0.002831, 0.393868, -0.067936, -0.916653, -1.2e-05, 0.0, 0.0, 0.0, 1.0],
                [0.900152, 0.226022, 0.372344, 0.124994, 0.182203, -0.971835, 0.149451, -0.002831, 0.395636, -0.066686, -0.915983, -1.2e-05, 0.0, 0.0, 0.0, 1.0],
                [0.898829, 0.228666, 0.373921, 0.124994, 0.184838, -0.971302, 0.149676, -0.002831, 0.397417, -0.065418, -0.915303, -1.2e-05, 0.0, 0.0, 0.0, 1.0],
                [0.897485, 0.231327, 0.37551, 0.124994, 0.187492, -0.970757, 0.149908, -0.002831, 0.399207, -0.064135, -0.914615, -1.2e-05, 0.0, 0.0, 0.0, 1.0],
                [0.896122, 0.234, 0.377105, 0.124994, 0.190161, -0.970201, 0.150146, -0.002831, 0.401003, -0.062839, -0.913919, -1.2e-05, 0.0, 0.0, 0.0, 1.0],
                [0.894743, 0.236679, 0.378705, 0.124994, 0.192837, -0.969635, 0.15039, -0.002831, 0.4028, -0.061532, -0.913217, -1.2e-05, 0.0, 0.0, 0.0, 1.0],
                [0.89335, 0.239358, 0.380305, 0.124994, 0.195517, -0.96906, 0.150639, -0.002831, 0.404596, -0.060217, -0.912511, -1.2e-05, 0.0, 0.0, 0.0, 1.0],
                [0.891946, 0.242034, 0.381904, 0.124994, 0.198194, -0.968476, 0.150893, -0.002831, 0.406386, -0.058897, -0.911801, -1.2e-05, 0.0, 0.0, 0.0, 1.0],
                [0.890535, 0.244699, 0.383497, 0.124994, 0.200864, -0.967886, 0.151151, -0.002831, 0.408168, -0.057574, -0.91109, -1.2e-05, 0.0, 0.0, 0.0, 1.0],
                [0.889117, 0.24735, 0.385081, 0.124994, 0.203521, -0.96729, 0.151413, -0.002831, 0.409938, -0.056251, -0.910378, -1.2e-05, 0.0, 0.0, 0.0, 1.0],
                [0.887698, 0.249981, 0.386654, 0.124994, 0.20616, -0.966689, 0.151678, -0.002831, 0.411691, -0.054931, -0.909667, -1.2e-05, 0.0, 0.0, 0.0, 1.0],
                [0.886279, 0.252586, 0.388212, 0.124994, 0.208776, -0.966085, 0.151945, -0.002831, 0.413426, -0.053616, -0.908958, -1.2e-05, 0.0, 0.0, 0.0, 1.0],
                [0.884864, 0.255161, 0.389753, 0.124994, 0.211364, -0.96548, 0.152215, -0.002831, 0.415138, -0.052309, -0.908253, -1.2e-05, 0.0, 0.0, 0.0, 1.0],
                [0.883456, 0.257701, 0.391272, 0.124994, 0.213918, -0.964875, 0.152485, -0.002831, 0.416825, -0.051013, -0.907554, -1.2e-05, 0.0, 0.0, 0.0, 1.0],
                [0.882059, 0.2602, 0.392768, 0.124994, 0.216433, -0.964271, 0.152756, -0.002831, 0.418483, -0.049731, -0.906862, -1.2e-05, 0.0, 0.0, 0.0, 1.0],
                [0.880675, 0.262654, 0.394237, 0.124994, 0.218905, -0.96367, 0.153027, -0.002831, 0.420108, -0.048466, -0.906179, -1.2e-05, 0.0, 0.0, 0.0, 1.0],
                [0.879309, 0.265057, 0.395676, 0.124994, 0.221328, -0.963073, 0.153296, -0.002831, 0.421698, -0.04722, -0.905506, -1.2e-05, 0.0, 0.0, 0.0, 1.0],
                [0.877963, 0.267405, 0.397083, 0.124994, 0.223696, -0.962483, 0.153563, -0.002831, 0.423249, -0.045997, -0.904845, -1.2e-05, 0.0, 0.0, 0.0, 1.0],
                [0.876641, 0.269693, 0.398453, 0.124994, 0.226005, -0.961902, 0.153828, -0.002831, 0.424759, -0.044799, -0.904197, -1.2e-05, 0.0, 0.0, 0.0, 1.0],
                [0.875348, 0.271915, 0.399785, 0.124994, 0.228251, -0.961329, 0.154089, -0.002831, 0.426224, -0.04363, -0.903565, -1.2e-05, 0.0, 0.0, 0.0, 1.0],
                [0.874085, 0.274067, 0.401075, 0.124994, 0.230427, -0.960769, 0.154345, -0.002831, 0.427642, -0.042492, -0.902949, -1.2e-05, 0.0, 0.0, 0.0, 1.0],
                [0.872858, 0.276145, 0.402321, 0.124994, 0.232528, -0.960222, 0.154596, -0.002831, 0.429008, -0.041389, -0.902352, -1.2e-05, 0.0, 0.0, 0.0, 1.0],
                [0.87167, 0.278142, 0.403519, 0.124994, 0.234551, -0.959691, 0.15484, -0.002831, 0.430321, -0.040323, -0.901775, -1.2e-05, 0.0, 0.0, 0.0, 1.0],
                [0.870525, 0.280056, 0.404666, 0.124994, 0.236489, -0.959177, 0.155077, -0.002831, 0.431577, -0.039299, -0.90122, -1.2e-05, 0.0, 0.0, 0.0, 1.0],
                [0.869426, 0.28188, 0.405761, 0.124994, 0.238339, -0.958682, 0.155306, -0.002831, 0.432774, -0.038318, -0.900688, -1.2e-05, 0.0, 0.0, 0.0, 1.0],
                [0.868377, 0.283611, 0.406799, 0.124994, 0.240094, -0.958208, 0.155525, -0.002831, 0.433907, -0.037384, -0.900182, -1.2e-05, 0.0, 0.0, 0.0, 1.0],
                [0.867383, 0.285242, 0.407778, 0.124994, 0.24175, -0.957758, 0.155734, -0.002831, 0.434975, -0.0365, -0.899703, -1.2e-05, 0.0, 0.0, 0.0, 1.0],
                [0.866446, 0.286771, 0.408696, 0.124994, 0.243302, -0.957332, 0.155932, -0.002831, 0.435975, -0.03567, -0.899252, -1.2e-05, 0.0, 0.0, 0.0, 1.0],
                [0.865572, 0.288192, 0.409549, 0.124994, 0.244745, -0.956934, 0.156117, -0.002831, 0.436903, -0.034895, -0.898831, -1.2e-05, 0.0, 0.0, 0.0, 1.0],
                [0.864763, 0.289499, 0.410334, 0.124994, 0.246074, -0.956565, 0.156289, -0.002831, 0.437757, -0.03418, -0.898443, -1.2e-05, 0.0, 0.0, 0.0, 1.0],
                [0.864024, 0.29069, 0.411049, 0.124994, 0.247284, -0.956227, 0.156447, -0.002831, 0.438534, -0.033528, -0.898089, -1.2e-05, 0.0, 0.0, 0.0, 1.0],
                [0.863358, 0.291758, 0.41169, 0.124994, 0.248371, -0.955922, 0.15659, -0.002831, 0.439231, -0.032941, -0.89777, -1.2e-05, 0.0, 0.0, 0.0, 1.0],
                [0.862769, 0.2927, 0.412256, 0.124994, 0.249329, -0.955652, 0.156716, -0.002831, 0.439844, -0.032422, -0.897489, -1.2e-05, 0.0, 0.0, 0.0, 1.0],
                [0.862262, 0.29351, 0.412742, 0.124994, 0.250153, -0.955419, 0.156826, -0.002831, 0.440372, -0.031975, -0.897246, -1.2e-05, 0.0, 0.0, 0.0, 1.0],
                [0.861838, 0.294183, 0.413147, 0.124994, 0.250839, -0.955224, 0.156917, -0.002831, 0.440811, -0.031603, -0.897044, -1.2e-05, 0.0, 0.0, 0.0, 1.0],
                [0.861503, 0.294715, 0.413467, 0.124994, 0.251381, -0.95507, 0.156989, -0.002831, 0.441157, -0.031309, -0.896884, -1.2e-05, 0.0, 0.0, 0.0, 1.0],
                [0.861259, 0.295102, 0.413699, 0.124994, 0.251774, -0.954957, 0.157042, -0.002831, 0.441409, -0.031095, -0.896767, -1.2e-05, 0.0, 0.0, 0.0, 1.0],
                [0.86111, 0.295337, 0.41384, 0.124994, 0.252014, -0.954889, 0.157074, -0.002831, 0.441562, -0.030964, -0.896696, -1.2e-05, 0.0, 0.0, 0.0, 1.0],
                [0.86106, 0.295417, 0.413888, 0.124994, 0.252095, -0.954866, 0.157085, -0.002831, 0.441614, -0.03092, -0.896672, -1.2e-05, 0.0, 0.0, 0.0, 1.0]
            ]
        },
        {
            "name": "Leg_R",
            "time": [0.0, 0.0167, 0.0333, 0.05, 0.0667, 0.0833, 0.1, 0.1167, 0.1333, 0.15, 0.1667, 0.1833, 0.2, 0.2167, 0.2333, 0.25, 0.2667, 0.2833, 0.3, 0.3167, 0.3333, 0.35, 0.3667, 0.3833, 0.4, 0.4167, 0.4333, 0.45, 0.4667, 0.4833, 0.5, 0.5167, 0.5333, 0.55, 0.5667, 0.5833, 0.6, 0.6167, 0.6333, 0.65, 0.6667, 0.6833, 0.7, 0.7167, 0.7333, 0.75, 0.7667, 0.7833, 0.8, 0.8167, 0.8333, 0.85, 0.8667, 0.8833, 0.9, 0.9167, 0.9333, 0.95, 0.9667, 0.9833, 1.0, 1.0167, 1.0333, 1.05, 1.0667, 1.0833, 1.1, 1.1167, 1.1333, 1.15, 1.1667, 1.1833, 1.2, 1.2167, 1.2333, 1.25, 1.2667, 1.2833, 1.3, 1.3167, 1.3333, 1.35, 1.3667, 1.3833, 1.4, 1.4167, 1.4333, 1.45, 1.4667, 1.4833, 1.5, 1.5167, 1.5333, 1.55, 1.5667, 1.5833, 1.6, 1.6167, 1.6333, 1.65, 1.6667, 1.6833, 1.7],
            "transform": [
                [1.0, 0.0, 1e-06, -0.0, -0.0, 0.960904, 0.276882, 0.37472, -1e-06, -0.276883, 0.960903, -0.0, 0.0, 0.0, 0.0, 1.0],
                [1.0, 0.0, 1e-06, 0.0, -0.0, 0.959741, 0.28089, 0.37472, -1e-06, -0.28089, 0.959739, -0.0, 0.0, 0.0, 0.0, 1.0],
                [1.0, 0.0, 1e-06, 0.0, -0.0, 0.954429, 0.298439, 0.37472, -1e-06, -0.298439, 0.954428, -0.0, 0.0, 0.0, 0.0, 1.0],
                [1.0, -0.0, 1e-06, 0.0, -0.0, 0.940903, 0.338677, 0.37472, -1e-06, -0.338678, 0.940902, -0.0, 0.0, 0.0, 0.0, 1.0],
                [1.0, -0.0, 1e-06, -0.0, -0.0, 0.911608, 0.411062, 0.37472, -1e-06, -0.411063, 0.911606, 0.0, 0.0, 0.0, 0.0, 1.0],
                [1.0, -0.0, 1e-06, 0.0, -0.0, 0.853057, 0.521818, 0.37472, -1e-06, -0.521819, 0.853056, 0.0, 0.0, 0.0, 0.0, 1.0],
                [1.0, -0.0, 1e-06, 0.0, -0.0, 0.745944, 0.666009, 0.37472, -1e-06, -0.66601, 0.745943, -0.0, 0.0, 0.0, 0.0, 1.0],
                [1.0, -0.0, 1e-06, 0.0, -0.0, 0.574635, 0.818409, 0.37472, -1e-06, -0.818411, 0.574634, 0.0, 0.0, 0.0, 0.0, 1.0],
                [1.0, -1e-06, 1e-06, 0.0, -0.0, 0.34711, 0.937824, 0.37472, -1e-06, -0.937825, 0.347109, 0.0, 0.0, 0.0, 0.0, 1.0],
                [1.0, -1e-06, 0.0, -0.0, -0.0, 0.291343, 0.956618, 0.37472, -1e-06, -0.956619, 0.291343, 0.0, 0.0, 0.0, 0.0, 1.0],
                [1.0, -1e-06, 1e-06, 0.0, -0.0, 0.389849, 0.920878, 0.37472, -1e-06, -0.92088, 0.389848, 0.0, 0.0, 0.0, 0.0, 1.0],
                [1.0, -1e-06, 1e-06, -0.0, -0.0, 0.475595, 0.879664, 0.37472, -1e-06, -0.879665, 0.475594, 0.0, 0.0, 0.0, 0.0, 1.0],
                [1.0, -0.0, 1e-06, -0.0, -0.0, 0.546501, 0.837458, 0.37472, -1e-06, -0.83746, 0.5465, -0.0, 0.0, 0.0, 0.0, 1.0],
                [1.0, -0.0, 1e-06, 0.0, -0.0, 0.617793, 0.786341, 0.37472, -1e-06, -0.786342, 0.617792, 0.0, 0.0, 0.0, 0.0, 1.0],
                [1.0, -0.0, 1e-06, 0.0, -0.0, 0.709344, 0.704862, 0.37472, -1e-06, -0.704863, 0.709343, 0.0, 0.0, 0.0, 0.0, 1.0],
                [1.0, -0.0, 1e-06, -0.0, -0.0, 0.808967, 0.587854, 0.37472, -1e-06, -0.587855, 0.808966, 0.0, 0.0, 0.0, 0.0, 1.0],
                [1.0, -0.0, 1e-06, -0.0, -0.0, 0.890967, 0.45407, 0.37472, -1e-06, -0.454071, 0.890965, 0.0, 0.0, 0.0, 0.0, 1.0],
                [1.0, -0.0, 1e-06, 0.0, -0.0, 0.94088, 0.338742, 0.37472, -1e-06, -0.338742, 0.940879, 0.0, 0.0, 0.0, 0.0, 1.0],
                [1.0, 0.0, 1e-06, 0.0, -0.0, 0.957252, 0.289258, 0.37472, -1e-06, -0.289259, 0.95725, -0.0, 0.0, 0.0, 0.0, 1.0],
                [1.0, 0.0, 1e-06, -0.0, -0.0, 0.957252, 0.289258, 0.37472, -1e-06, -0.289259, 0.95725, 0.0, 0.0, 0.0, 0.0, 1.0],
                [1.0, 0.0, 1e-06, -0.0, -0.0, 0.957252, 0.289258, 0.37472, -1e-06, -0.289259, 0.95725, 0.0, 0.0, 0.0, 0.0, 1.0],
                [1.0, 0.0, 1e-06, 0.0, -0.0, 0.957252, 0.289258, 0.37472, -1e-06, -0.289259, 0.95725, -0.0, 0.0, 0.0, 0.0, 1.0],
                [1.0, 0.0, 1e-06, -0.0, -0.0, 0.957252, 0.289258, 0.37472, -1e-06, -0.289259, 0.95725, 0.0, 0.0, 0.0, 0.0, 1.0],
                [1.0, 0.0, 1e-06, -0.0, -0.0, 0.957252, 0.289258, 0.37472, -1e-06, -0.289259, 0.95725, -0.0, 0.0, 0.0, 0.0, 1.0],
                [1.0, 0.0, 1e-06, -0.0, -0.0, 0.957252, 0.289258, 0.37472, -1e-06, -0.289259, 0.95725, 0.0, 0.0, 0.0, 0.0, 1.0],
                [1.0, 0.0, 1e-06, 0.0, -0.0, 0.957252, 0.289258, 0.37472, -1e-06, -0.289259, 0.95725, 0.0, 0.0, 0.0, 0.0, 1.0],
                [1.0, 0.0, 1e-06, -0.0, -0.0, 0.957252, 0.289258, 0.37472, -1e-06, -0.289259, 0.95725, -0.0, 0.0, 0.0, 0.0, 1.0],
                [1.0, 0.0, 1e-06, 0.0, -0.0, 0.957252, 0.289258, 0.37472, -1e-06, -0.289259, 0.95725, 0.0, 0.0, 0.0, 0.0, 1.0],
                [1.0, 0.0, 1e-06, 0.0, -0.0, 0.957252, 0.289258, 0.37472, -1e-06, -0.289259, 0.95725, 0.0, 0.0, 0.0, 0.0, 1.0],
                [1.0, 0.0, 1e-06, 0.0, -0.0, 0.957252, 0.289258, 0.37472, -1e-06, -0.289259, 0.95725, 0.0, 0.0, 0.0, 0.0, 1.0],
                [1.0, 0.0, 1e-06, 0.0, -0.0, 0.957252, 0.289258, 0.37472, -1e-06, -0.289259, 0.95725, 0.0, 0.0, 0.0, 0.0, 1.0],
                [1.0, 0.0, 1e-06, 0.0, -0.0, 0.957252, 0.289258, 0.37472, -1e-06, -0.289259, 0.95725, 0.0, 0.0, 0.0, 0.0, 1.0],
                [1.0, 0.0, 1e-06, 0.0, -0.0, 0.957252, 0.289258, 0.37472, -1e-06, -0.289259, 0.95725, 0.0, 0.0, 0.0, 0.0, 1.0],
                [1.0, 0.0, 1e-06, 0.0, -0.0, 0.957252, 0.289258, 0.37472, -1e-06, -0.289259, 0.95725, 0.0, 0.0, 0.0, 0.0, 1.0],
                [1.0, 0.0, 1e-06, 0.0, -0.0, 0.957252, 0.289258, 0.37472, -1e-06, -0.289259, 0.95725, 0.0, 0.0, 0.0, 0.0, 1.0],
                [1.0, 0.0, 1e-06, 0.0, -0.0, 0.957252, 0.289258, 0.37472, -1e-06, -0.289259, 0.95725, 0.0, 0.0, 0.0, 0.0, 1.0],
                [1.0, 0.0, 1e-06, 0.0, -0.0, 0.957252, 0.289258, 0.37472, -1e-06, -0.289259, 0.95725, 0.0, 0.0, 0.0, 0.0, 1.0],
                [1.0, 0.0, 1e-06, 0.0, -0.0, 0.957252, 0.289258, 0.37472, -1e-06, -0.289259, 0.95725, 0.0, 0.0, 0.0, 0.0, 1.0],
                [1.0, 0.0, 1e-06, 0.0, -0.0, 0.957252, 0.289258, 0.37472, -1e-06, -0.289259, 0.95725, 0.0, 0.0, 0.0, 0.0, 1.0],
                [1.0, 0.0, 1e-06, 0.0, -0.0, 0.957209, 0.289399, 0.37472, -1e-06, -0.289399, 0.957208, 0.0, 0.0, 0.0, 0.0, 1.0],
                [1.0, 0.0, 1e-06, -0.0, -0.0, 0.957083, 0.289815, 0.37472, -1e-06, -0.289815, 0.957082, 0.0, 0.0, 0.0, 0.0, 1.0],
                [1.0, 0.0, 1e-06, 0.0, -0.0, 0.956877, 0.290497, 0.37472, -1e-06, -0.290497, 0.956875, 0.0, 0.0, 0.0, 0.0, 1.0],
                [1.0, 0.0, 1e-06, -0.0, -0.0, 0.956591, 0.291436, 0.37472, -1e-06, -0.291437, 0.95659, 0.0, 0.0, 0.0, 0.0, 1.0],
                [1.0, 0.0, 1e-06, 0.0, -0.0, 0.956228, 0.292624, 0.37472, -1e-06, -0.292624, 0.956227, -0.0, 0.0, 0.0, 0.0, 1.0],
                [1.0, 0.0, 1e-06, 0.0, -0.0, 0.95579, 0.294051, 0.37472, -1e-06, -0.294052, 0.955789, -0.0, 0.0, 0.0, 0.0, 1.0],
                [1.0, 0.0, 1e-06, 0.0, -0.0, 0.955278, 0.295709, 0.37472, -1e-06, -0.29571, 0.955277, 0.0, 0.0, 0.0, 0.0, 1.0],
                [1.0, 0.0, 1e-06, 0.0, -0.0, 0.954695, 0.297589, 0.37472, -1e-06, -0.29759, 0.954693, -0.0, 0.0, 0.0, 0.0, 1.0],
                [1.0, 0.0, 1e-06, -0.0, -0.0, 0.95404, 0.299681, 0.37472, -1e-06, -0.299682, 0.954039, -0.0, 0.0, 0.0, 0.0, 1.0],
                [1.0, 0.0, 1e-06, 0.0, -0.0, 0.953316, 0.301977, 0.37472, -1e-06, -0.301978, 0.953314, 0.0, 0.0, 0.0, 0.0, 1.0],
                [1.0, 0.0, 1e-06, 0.0, -0.0, 0.952523, 0.304468, 0.37472, -1e-06, -0.304468, 0.952522, 0.0, 0.0, 0.0, 0.0, 1.0],
                [1.0, 0.0, 1e-06, -0.0, -0.0, 0.951663, 0.307144, 0.37472, -1e-06, -0.307144, 0.951662, -0.0, 0.0, 0.0, 0.0, 1.0],
                [1.0, 0.0, 1e-06, 0.0, -0.0, 0.950738, 0.309997, 0.37472, -1e-06, -0.309997, 0.950737, -0.0, 0.0, 0.0, 0.0, 1.0],
                [1.0, 0.0, 1e-06, -0.0, -0.0, 0.949748, 0.313017, 0.37472, -1e-06, -0.313017, 0.949747, 0.0, 0.0, 0.0, 0.0, 1.0],
