{
    "animation": [
        {
            "name": "Root",
            "time": [0.0, 0.0167, 0.0333, 0.05, 0.0667, 0.0833, 0.1, 0.1167, 0.1333, 0.15, 0.1667, 0.1833, 0.2, 0.2167, 0.2333, 0.25, 0.2667, 0.2833, 0.3, 0.3167, 0.3333, 0.35, 0.3667, 0.3833, 0.4, 0.4167, 0.4333, 0.45, 0.4667, 0.4833, 0.5, 0.5167, 0.5333, 0.55, 0.5667, 0.5833, 0.6, 0.6167, 0.6333, 0.65, 0.6667, 0.6833, 0.7, 0.7167, 0.7333, 0.75, 0.7667, 0.7833, 0.8, 0.8167, 0.8333, 0.85, 0.8667, 0.8833, 0.9, 0.9167, 0.9333, 0.95, 0.9667, 0.9833, 1.0, 1.0167, 1.0333, 1.05, 1.0667, 1.0833, 1.1, 1.1167, 1.1333, 1.15, 1.1667, 1.1833, 1.2, 1.2167, 1.2333, 1.25, 1.2667, 1.2833, 1.3, 1.3167, 1.3333],
            "transform": [
                [0.333889, 0.0, 0.942612, -5e-06, 0.942612, 0.0, -0.333889, 0.000946, 0.0, 1.0, 0.0, 0.709149, 0.0, 0.0, 0.0, 1.0],
                [0.340406, 0.0, 0.940278, -5e-06, 0.940278, 0.0, -0.340406, 0.001268, 0.0, 1.0, 0.0, 0.706452, 0.0, 0.0, 0.0, 1.0],
                [0.358025, 0.0, 0.933712, -5e-06, 0.933712, 0.0, -0.358025, 0.002428, 0.0, 1.0, 0.0, 0.69913, 0.0, 0.0, 0.0, 1.0],
                [0.383785, 0.0, 0.923423, -5e-06, 0.923423, 0.0, -0.383785, 0.004725, 0.0, 1.0, 0.0, 0.688339, 0.0, 0.0, 0.0, 1.0],
                [0.414698, 0.0, 0.909959, -5e-06, 0.909959, 0.0, -0.414698, 0.008454, 0.0, 1.0, 0.0, 0.675237, 0.0, 0.0, 0.0, 1.0],
                [0.447823, 0.0, 0.894122, -5e-06, 0.894122, 0.0, -0.447823, 0.013911, 0.0, 1.0, 0.0, 0.660978, 0.0, 0.0, 0.0, 1.0],
                [0.480344, 0.0, 0.87708, -5e-06, 0.87708, 0.0, -0.480344, 0.021393, 0.0, 1.0, 0.0, 0.646719, 0.0, 0.0, 0.0, 1.0],
                [0.50964, 0.0, 0.860388, -5e-06, 0.860388, 0.0, -0.50964, 0.031195, 0.0, 1.0, 0.0, 0.633617, 0.0, 0.0, 0.0, 1.0],
                [0.533308, 0.0, 0.845921, -5e-06, 0.845921, 0.0, -0.533308, 0.043614, 0.0, 1.0, 0.0, 0.622827, 0.0, 0.0, 0.0, 1.0],
                [0.549118, 0.0, 0.835745, -5e-06, 0.835745, 0.0, -0.549118, 0.058947, 0.0, 1.0, 0.0, 0.615505, 0.0, 0.0, 0.0, 1.0],
                [0.55489, 0.0, 0.831924, -5e-06, 0.831924, 0.0, -0.55489, 0.077489, 0.0, 1.0, 0.0, 0.612807, 0.0, 0.0, 0.0, 1.0],
                [0.542603, 0.0, 0.839989, -5e-06, 0.839989, 0.0, -0.542603, 0.099328, 0.0, 1.0, 0.0, 0.61335, 0.0, 0.0, 0.0, 1.0],
                [0.508554, 0.0, 0.86103, -5e-06, 0.86103, 0.0, -0.508554, 0.123718, 0.0, 1.0, 0.0, 0.614932, 0.0, 0.0, 0.0, 1.0],
                [0.45664, 0.0, 0.889651, -5e-06, 0.889651, 0.0, -0.45664, 0.149704, 0.0, 1.0, 0.0, 0.617483, 0.0, 0.0, 0.0, 1.0],
                [0.39114, 0.0, 0.920331, -5e-06, 0.920331, 0.0, -0.39114, 0.17633, 0.0, 1.0, 0.0, 0.620932, 0.0, 0.0, 0.0, 1.0],
                [0.317331, 0.0, 0.948315, -5e-06, 0.948315, 0.0, -0.317331, 0.202643, 0.0, 1.0, 0.0, 0.625208, 0.0, 0.0, 0.0, 1.0],
                [0.241544, 0.0, 0.97039, -5e-06, 0.97039, 0.0, -0.241544, 0.227686, 0.0, 1.0, 0.0, 0.630241, 0.0, 0.0, 0.0, 1.0],
                [0.170771, 0.0, 0.985311, -5e-06, 0.985311, 0.0, -0.170771, 0.250505, 0.0, 1.0, 0.0, 0.63596, 0.0, 0.0, 0.0, 1.0],
                [0.112087, 0.0, 0.993698, -5e-06, 0.993698, 0.0, -0.112087, 0.270145, 0.0, 1.0, 0.0, 0.642294, 0.0, 0.0, 0.0, 1.0],
                [0.072231, 0.0, 0.997388, -5e-06, 0.997388, 0.0, -0.072231, 0.285652, 0.0, 1.0, 0.0, 0.649174, 0.0, 0.0, 0.0, 1.0],
                [0.057564, 0.0, 0.998342, -5e-06, 0.998342, 0.0, -0.057564, 0.296069, 0.0, 1.0, 0.0, 0.656528, 0.0, 0.0, 0.0, 1.0],
                [0.057564, 0.0, 0.998342, -5e-06, 0.998342, 0.0, -0.057564, 0.30186, 0.0, 1.0, 0.0, 0.66417, 0.0, 0.0, 0.0, 1.0],
                [0.057564, 0.0, 0.998342, -5e-06, 0.998342, 0.0, -0.057564, 0.309159, 0.0, 1.0, 0.0, 0.671449, 0.0, 0.0, 0.0, 1.0],
                [0.057564, 0.0, 0.998342, -5e-06, 0.998342, 0.0, -0.057564, 0.325517, 0.0, 1.0, 0.0, 0.677598, 0.0, 0.0, 0.0, 1.0],
                [0.057564, 0.0, 0.998342, -5e-06, 0.998342, 0.0, -0.057564, 0.358486, 0.0, 1.0, 0.0, 0.68185, 0.0, 0.0, 0.0, 1.0],
                [0.057564, 0.0, 0.998342, -5e-06, 0.998342, 0.0, -0.057564, 0.415616, 0.0, 1.0, 0.0, 0.683437, 0.0, 0.0, 0.0, 1.0],
                [0.057564, 0.0, 0.998342, -5e-06, 0.998342, 0.0, -0.057564, 0.54342, 0.0, 1.0, 0.0, 0.675794, 0.0, 0.0, 0.0, 1.0],
                [0.057564, 0.0, 0.998342, -5e-06, 0.998342, 0.0, -0.057564, 0.744452, 0.0, 1.0, 0.0, 0.657568, 0.0, 0.0, 0.0, 1.0],
                [0.057564, 0.0, 0.998342, -5e-06, 0.998342, 0.0, -0.057564, 0.960331, 0.0, 1.0, 0.0, 0.635815, 0.0, 0.0, 0.0, 1.0],
                [0.057564, 0.0, 0.998342, -5e-06, 0.998342, 0.0, -0.057564, 1.132673, 0.0, 1.0, 0.0, 0.617589, 0.0, 0.0, 0.0, 1.0],
                [0.057564, 0.0, 0.998342, -5e-06, 0.998342, 0.0, -0.057564, 1.203094, 0.0, 1.0, 0.0, 0.609946, 0.0, 0.0, 0.0, 1.0],
                [0.031977, 0.0, 0.999489, -5e-06, 0.999489, 0.0, -0.031977, 1.197844, 0.0, 1.0, 0.0, 0.612519, 0.0, 0.0, 0.0, 1.0],
                [-0.031716, 0.0, 0.999497, -5e-06, 0.999497, 0.0, 0.031716, 1.185322, 0.0, 1.0, 0.0, 0.619276, 0.0, 0.0, 0.0, 1.0],
                [-0.113446, 0.0, 0.993544, -5e-06, 0.993544, 0.0, 0.113446, 1.170377, 0.0, 1.0, 0.0, 0.628769, 0.0, 0.0, 0.0, 1.0],
                [-0.192759, 0.0, 0.981246, -5e-06, 0.981246, 0.0, 0.192759, 1.157856, 0.0, 1.0, 0.0, 0.639554, 0.0, 0.0, 0.0, 1.0],
                [-0.25017, 0.0, 0.968202, -5e-06, 0.968202, 0.0, 0.25017, 1.152605, 0.0, 1.0, 0.0, 0.650185, 0.0, 0.0, 0.0, 1.0],
                [-0.286485, 0.0, 0.958084, -5e-06, 0.958084, 0.0, 0.286485, 1.155169, 0.0, 1.0, 0.0, 0.659477, 0.0, 0.0, 0.0, 1.0],
                [-0.31529, 0.0, 0.948995, -5e-06, 0.948995, 0.0, 0.31529, 1.162129, 0.0, 1.0, 0.0, 0.667287, 0.0, 0.0, 0.0, 1.0],
                [-0.337526, 0.0, 0.941316, -5e-06, 0.941316, 0.0, 0.337526, 1.172386, 0.0, 1.0, 0.0, 0.673735, 0.0, 0.0, 0.0, 1.0],
                [-0.354111, 0.0, 0.935203, -5e-06, 0.935203, 0.0, 0.354111, 1.184841, 0.0, 1.0, 0.0, 0.678939, 0.0, 0.0, 0.0, 1.0],
                [-0.365923, 0.0, 0.930645, -5e-06, 0.930645, 0.0, 0.365923, 1.198394, 0.0, 1.0, 0.0, 0.683016, 0.0, 0.0, 0.0, 1.0],
                [-0.373807, 0.0, 0.927507, -5e-06, 0.927507, 0.0, 0.373807, 1.211948, 0.0, 1.0, 0.0, 0.686087, 0.0, 0.0, 0.0, 1.0],
                [-0.378574, 0.0, 0.925571, -5e-06, 0.925571, 0.0, 0.378574, 1.224402, 0.0, 1.0, 0.0, 0.688269, 0.0, 0.0, 0.0, 1.0],
                [-0.381018, 0.0, 0.924568, -5e-06, 0.924568, 0.0, 0.381018, 1.234659, 0.0, 1.0, 0.0, 0.689681, 0.0, 0.0, 0.0, 1.0],
                [-0.381918, 0.0, 0.924196, -5e-06, 0.924196, 0.0, 0.381918, 1.241619, 0.0, 1.0, 0.0, 0.690441, 0.0, 0.0, 0.0, 1.0],
                [-0.382047, 0.0, 0.924143, -5e-06, 0.924143, 0.0, 0.382047, 1.244183, 0.0, 1.0, 0.0, 0.690668, 0.0, 0.0, 0.0, 1.0],
                [-0.382047, 0.0, 0.924143, -5e-06, 0.924143, 0.0, 0.382047, 1.244183, 0.0, 1.0, 0.0, 0.690668, 0.0, 0.0, 0.0, 1.0],
                [-0.382047, 0.0, 0.924143, -5e-06, 0.924143, 0.0, 0.382047, 1.244183, 0.0, 1.0, 0.0, 0.690668, 0.0, 0.0, 0.0, 1.0],
                [-0.382047, 0.0, 0.924143, -5e-06, 0.924143, 0.0, 0.382047, 1.244183, 0.0, 1.0, 0.0, 0.690668, 0.0, 0.0, 0.0, 1.0],
                [-0.382047, 0.0, 0.924143, -5e-06, 0.924143, 0.0, 0.382047, 1.244183, 0.0, 1.0, 0.0, 0.690668, 0.0, 0.0, 0.0, 1.0],
                [-0.382047, 0.0, 0.924143, -5e-06, 0.924143, 0.0, 0.382047, 1.244183, 0.0, 1.0, 0.0, 0.690668, 0.0, 0.0, 0.0, 1.0],
                [-0.376372, 0.0, 0.926469, -5e-06, 0.926469, 0.0, 0.376372, 1.244183, 0.0, 1.0, 0.0, 0.690653, 0.0, 0.0, 0.0, 1.0],
                [-0.359646, 0.0, 0.933089, -5e-06, 0.933089, 0.0, 0.359646, 1.244183, 0.0, 1.0, 0.0, 0.690609, 0.0, 0.0, 0.0, 1.0],
                [-0.332044, 0.0, 0.943264, -5e-06, 0.943264, 0.0, 0.332044, 1.244183, 0.0, 1.0, 0.0, 0.690538, 0.0, 0.0, 0.0, 1.0],
                [-0.29346, 0.0, 0.955971, -5e-06, 0.955971, 0.0, 0.29346, 1.244183, 0.0, 1.0, 0.0, 0.690442, 0.0, 0.0, 0.0, 1.0],
                [-0.243621, 0.0, 0.969871, -5e-06, 0.969871, 0.0, 0.243621, 1.244183, 0.0, 1.0, 0.0, 0.690324, 0.0, 0.0, 0.0, 1.0],
                [-0.182203, 0.0, 0.983261, -5e-06, 0.983261, 0.0, 0.182203, 1.244183, 0.0, 1.0, 0.0, 0.690185, 0.0, 0.0, 0.0, 1.0],
                [-0.108998, 0.0, 0.994042, -5e-06, 0.994042, 0.0, 0.108998, 1.244183, 0.0, 1.0, 0.0, 0.690027, 0.0, 0.0, 0.0, 1.0],
                [-0.024104, 0.0, 0.999709, -5e-06, 0.999709, 0.0, 0.024104, 1.244183, 0.0, 1.0, 0.0, 0.689853, 0.0, 0.0, 0.0, 1.0],
                [0.07185, 0.0, 0.997416, -5e-06, 0.997416, 0.0, -0.07185, 1.244183, 0.0, 1.0, 0.0, 0.689664, 0.0, 0.0, 0.0, 1.0],
                [0.177466, 0.0, 0.984127, -5e-06, 0.984127, 0.0, -0.177466, 1.244183, 0.0, 1.0, 0.0, 0.689463, 0.0, 0.0, 0.0, 1.0],
                [0.290388, 0.0, 0.956909, -5e-06, 0.956909, 0.0, -0.290388, 1.244183, 0.0, 1.0, 0.0, 0.689252, 0.0, 0.0, 0.0, 1.0],
                [0.407224, 0.0, 0.913328, -5e-06, 0.913328, 0.0, -0.407224, 1.244183, 0.0, 1.0, 0.0, 0.689032, 0.0, 0.0, 0.0, 1.0],
                [0.523661, 0.0, 0.851927, -5e-06, 0.851927, 0.0, -0.523661, 1.244183, 0.0, 1.0, 0.0, 0.688806, 0.0, 0.0, 0.0, 1.0],
                [0.634834, 0.0, 0.772649, -5e-06, 0.772649, 0.0, -0.634834, 1.244183, 0.0, 1.0, 0.0, 0.688576, 0.0, 0.0, 0.0, 1.0],
                [0.735901, 0.0, 0.677089, -5e-06, 0.677089, 0.0, -0.735901, 1.250213, 0.0, 1.0, 0.0, 0.688344, 0.0, 0.0, 0.0, 1.0],
                [0.822732, 0.0, 0.568429, -5e-06, 0.568429, 0.0, -0.822732, 1.267253, 0.0, 1.0, 0.0, 0.688112, 0.0, 0.0, 0.0, 1.0],
                [0.892497, 0.0, 0.451053, -5e-06, 0.451053, 0.0, -0.892497, 1.293731, 0.0, 1.0, 0.0, 0.687882, 0.0, 0.0, 0.0, 1.0],
                [0.94401, 0.0, 0.329916, -5e-06, 0.329916, 0.0, -0.94401, 1.328073, 0.0, 1.0, 0.0, 0.687656, 0.0, 0.0, 0.0, 1.0],
                [0.977731, 0.0, 0.209863, -5e-06, 0.209863, 0.0, -0.977731, 1.368708, 0.0, 1.0, 0.0, 0.687437, 0.0, 0.0, 0.0, 1.0],
                [0.995471, 0.0, 0.09507, -5e-06, 0.09507, 0.0, -0.995471, 1.414061, 0.0, 1.0, 0.0, 0.687225, 0.0, 0.0, 0.0, 1.0],
                [0.999936, 0.0, -0.011286, -5e-06, -0.011286, 0.0, -0.999936, 1.46256, 0.0, 1.0, 0.0, 0.687024, 0.0, 0.0, 0.0, 1.0],
                [0.994248, 0.0, -0.107098, -5e-06, -0.107098, 0.0, -0.994248, 1.512632, 0.0, 1.0, 0.0, 0.686836, 0.0, 0.0, 0.0, 1.0],
                [0.981546, 0.0, -0.191228, -5e-06, -0.191228, 0.0, -0.981546, 1.562703, 0.0, 1.0, 0.0, 0.686662, 0.0, 0.0, 0.0, 1.0],
                [0.964719, 0.0, -0.263283, -5e-06, -0.263283, 0.0, -0.964719, 1.611202, 0.0, 1.0, 0.0, 0.686504, 0.0, 0.0, 0.0, 1.0],
                [0.946271, 0.0, -0.323376, -5e-06, -0.323376, 0.0, -0.946271, 1.656556, 0.0, 1.0, 0.0, 0.686365, 0.0, 0.0, 0.0, 1.0],
                [0.928278, 0.0, -0.371888, -5e-06, -0.371888, 0.0, -0.928278, 1.69719, 0.0, 1.0, 0.0, 0.686246, 0.0, 0.0, 0.0, 1.0],
                [0.912408, 0.0, -0.409282, -5e-06, -0.409282, 0.0, -0.912408, 1.731532, 0.0, 1.0, 0.0, 0.686151, 0.0, 0.0, 0.0, 1.0],
                [0.899974, 0.0, -0.435943, -5e-06, -0.435943, 0.0, -0.899974, 1.75801, 0.0, 1.0, 0.0, 0.68608, 0.0, 0.0, 0.0, 1.0],
                [0.891987, 0.0, -0.452061, -5e-06, -0.452061, 0.0, -0.891987, 1.77505, 0.0, 1.0, 0.0, 0.686036, 0.0, 0.0, 0.0, 1.0],
                [0.889198, 0.0, -0.457523, -5e-06, -0.457523, 0.0, -0.889198, 1.78108, 0.0, 1.0, 0.0, 0.686021, 0.0, 0.0, 0.0, 1.0]
            ]
        },
        {
            "name": "Thigh_R",
            "time": [0.0, 0.0167, 0.0333, 0.05, 0.0667, 0.0833, 0.1, 0.1167, 0.1333, 0.15, 0.1667, 0.1833, 0.2, 0.2167, 0.2333, 0.25, 0.2667, 0.2833, 0.3, 0.3167, 0.3333, 0.35, 0.3667, 0.3833, 0.4, 0.4167, 0.4333, 0.45, 0.4667, 0.4833, 0.5, 0.5167, 0.5333, 0.55, 0.5667, 0.5833, 0.6, 0.6167, 0.6333, 0.65, 0.6667, 0.6833, 0.7, 0.7167, 0.7333, 0.75, 0.7667, 0.7833, 0.8, 0.8167, 0.8333, 0.85, 0.8667, 0.8833, 0.9, 0.9167, 0.9333, 0.95, 0.9667, 0.9833, 1.0, 1.0167, 1.0333, 1.05, 1.0667, 1.0833, 1.1, 1.1167, 1.1333, 1.15, 1.1667, 1.1833, 1.2, 1.2167, 1.2333, 1.25, 1.2667, 1.2833, 1.3, 1.3167, 1.3333],
            "transform": [
                [0.9576, 0.044507, -0.284642, 0.124994, 0.096921, -0.980174, 0.172802, -0.002831, -0.271309, -0.193062, -0.942931, -1.2e-05, 0.0, 0.0, 0.0, 1.0],
                [0.958247, 0.042273, -0.282799, 0.124994, 0.095169, -0.979774, 0.176018, -0.002831, -0.269639, -0.195582, -0.942891, -1.2e-05, 0.0, 0.0, 0.0, 1.0],
                [0.960301, 0.036305, -0.276594, 0.124994, 0.090328, -0.978545, 0.185164, -0.002831, -0.263937, -0.202796, -0.94298, -1.2e-05, 0.0, 0.0, 0.0, 1.0],
                [0.963859, 0.02776, -0.264963, 0.124994, 0.08295, -0.976389, 0.199449, -0.002831, -0.25317, -0.214219, -0.943406, -1.2e-05, 0.0, 0.0, 0.0, 1.0],
                [0.968901, 0.017874, -0.2468, 0.124994, 0.073491, -0.973168, 0.218035, -0.002831, -0.236281, -0.229391, -0.94422, -1.2e-05, 0.0, 0.0, 0.0, 1.0],
                [0.975244, 0.007974, -0.220984, 0.124994, 0.062313, -0.968759, 0.240038, -0.002831, -0.212167, -0.247865, -0.945277, -1.2e-05, 0.0, 0.0, 0.0, 1.0],
                [0.982472, -0.000518, -0.186407, 0.124994, 0.049683, -0.963093, 0.264538, -0.002831, -0.179665, -0.269161, -0.946189, -1.2e-05, 0.0, 0.0, 0.0, 1.0],
                [0.989845, -0.006092, -0.142014, 0.124994, 0.035805, -0.956179, 0.290578, -0.002831, -0.137562, -0.292711, -0.946254, -1.2e-05, 0.0, 0.0, 0.0, 1.0],
                [0.996193, -0.00717, -0.086873, 0.124994, 0.020835, -0.948136, 0.317175, -0.002831, -0.084642, -0.317777, -0.94438, -1.2e-05, 0.0, 0.0, 0.0, 1.0],
                [0.999792, -0.002157, -0.020273, 0.124994, 0.004935, -0.9392, 0.343328, -0.002831, -0.019781, -0.343356, -0.938997, -1.2e-05, 0.0, 0.0, 0.0, 1.0],
                [0.998255, 0.010462, 0.058111, 0.124994, -0.01168, -0.929736, 0.368037, -0.002831, 0.057878, -0.368072, -0.927994, -1.2e-05, 0.0, 0.0, 0.0, 1.0],
                [0.988576, 0.029979, 0.147708, 0.124994, -0.030545, -0.919829, 0.391123, -0.002831, 0.147592, -0.391166, -0.908408, -1.2e-05, 0.0, 0.0, 0.0, 1.0],
                [0.968146, 0.055794, 0.244089, 0.124994, -0.051902, -0.90896, 0.413637, -0.002831, 0.244946, -0.413128, -0.877112, -1.2e-05, 0.0, 0.0, 0.0, 1.0],
                [0.935796, 0.089345, 0.341032, 0.124994, -0.073584, -0.896543, 0.436797, -0.002831, 0.344776, -0.433846, -0.83241, -1.2e-05, 0.0, 0.0, 0.0, 1.0],
                [0.892081, 0.131909, 0.432194, 0.124994, -0.093624, -0.881733, 0.462361, -0.002831, 0.44207, -0.452926, -0.77423, -1.2e-05, 0.0, 0.0, 0.0, 1.0],
                [0.839204, 0.184585, 0.511531, 0.124994, -0.110355, -0.863256, 0.492552, -0.002831, 0.532501, -0.4698, -0.70408, -1.2e-05, 0.0, 0.0, 0.0, 1.0],
                [0.780632, 0.248271, 0.573563, 0.124994, -0.12242, -0.839195, 0.529871, -0.002831, 0.612884, -0.483848, -0.624711, -1.2e-05, 0.0, 0.0, 0.0, 1.0],
                [0.72052, 0.32359, 0.613302, 0.124994, -0.128657, -0.806701, 0.576782, -0.002831, 0.681394, -0.494488, -0.539614, -1.2e-05, 0.0, 0.0, 0.0, 1.0],
                [0.663099, 0.410668, 0.62582, 0.124994, -0.127851, -0.761638, 0.635263, -0.002831, 0.737532, -0.501252, -0.452539, -1.2e-05, 0.0, 0.0, 0.0, 1.0],
                [0.612087, 0.508599, 0.605537, 0.124994, -0.118375, -0.698178, 0.706069, -0.002831, 0.781879, -0.503855, -0.367142, -1.2e-05, 0.0, 0.0, 0.0, 1.0],
                [0.570098, 0.614336, 0.545507, 0.124994, -0.09779, -0.608513, 0.787494, -0.002831, 0.815736, -0.502293, -0.286837, -1.2e-05, 0.0, 0.0, 0.0, 1.0],
                [0.530775, 0.720665, 0.446001, 0.124994, -0.067771, -0.48847, 0.869945, -0.002831, 0.844798, -0.49197, -0.210428, -1.2e-05, 0.0, 0.0, 0.0, 1.0],
                [0.491969, 0.80878, 0.322239, 0.124994, -0.035495, -0.351186, 0.935632, -0.002831, 0.869888, -0.471739, -0.144066, -1.2e-05, 0.0, 0.0, 0.0, 1.0],
                [0.463289, 0.864653, 0.194257, 0.124994, -0.002233, -0.21806, 0.975933, -0.002831, 0.886204, -0.452571, -0.099095, -1.2e-05, 0.0, 0.0, 0.0, 1.0],
                [0.455425, 0.886345, 0.083527, 0.124994, 0.03511, -0.11163, 0.993129, -0.002831, 0.889581, -0.449362, -0.08196, -1.2e-05, 0.0, 0.0, 0.0, 1.0],
                [0.479483, 0.87752, 0.007206, 0.124994, 0.081464, -0.052685, 0.995283, -0.002831, 0.873761, -0.476633, -0.096748, -1.2e-05, 0.0, 0.0, 0.0, 1.0],
                [0.5643, 0.825535, 0.00746, 0.124994, 0.141033, -0.105299, 0.984389, -0.002831, 0.813434, -0.554437, -0.175849, -1.2e-05, 0.0, 0.0, 0.0, 1.0],
                [0.699022, 0.711277, 0.073831, 0.124994, 0.18906, -0.283392, 0.940183, -0.002831, 0.689655, -0.643249, -0.332573, -1.2e-05, 0.0, 0.0, 0.0, 1.0],
                [0.827342, 0.544008, 0.139852, 0.124994, 0.191847, -0.507685, 0.83991, -0.002831, 0.52792, -0.668061, -0.524398, -1.2e-05, 0.0, 0.0, 0.0, 1.0],
                [0.907844, 0.383679, 0.169138, 0.124994, 0.161487, -0.692189, 0.703416, -0.002831, 0.386962, -0.611277, -0.690361, -1.2e-05, 0.0, 0.0, 0.0, 1.0],
                [0.936044, 0.306467, 0.172909, 0.124994, 0.153607, -0.797969, 0.582792, -0.002831, 0.316583, -0.518959, -0.794013, -1.2e-05, 0.0, 0.0, 0.0, 1.0],
                [0.938656, 0.298531, 0.172637, 0.124994, 0.176568, -0.846051, 0.503009, -0.002831, 0.296224, -0.441669, -0.846865, -1.2e-05, 0.0, 0.0, 0.0, 1.0],
                [0.93835, 0.300428, 0.171003, 0.124994, 0.196094, -0.869982, 0.452411, -0.002831, 0.284687, -0.390986, -0.875262, -1.2e-05, 0.0, 0.0, 0.0, 1.0],
                [0.936429, 0.307341, 0.169237, 0.124994, 0.212122, -0.880147, 0.424667, -0.002831, 0.279472, -0.361771, -0.889391, -1.2e-05, 0.0, 0.0, 0.0, 1.0],
                [0.93434, 0.314439, 0.167739, 0.124994, 0.223644, -0.883784, 0.410982, -0.002831, 0.277474, -0.346482, -0.896079, -1.2e-05, 0.0, 0.0, 0.0, 1.0],
                [0.933657, 0.316971, 0.16677, 0.124994, 0.229254, -0.886618, 0.40168, -0.002831, 0.275183, -0.336798, -0.900467, -1.2e-05, 0.0, 0.0, 0.0, 1.0],
                [0.935092, 0.31306, 0.166118, 0.124994, 0.229649, -0.892246, 0.388787, -0.002831, 0.269932, -0.325402, -0.906229, -1.2e-05, 0.0, 0.0, 0.0, 1.0],
                [0.937989, 0.304721, 0.165292, 0.124994, 0.226928, -0.900171, 0.371742, -0.002831, 0.262069, -0.311179, -0.913503, -1.2e-05, 0.0, 0.0, 0.0, 1.0],
                [0.941888, 0.293074, 0.164176, 0.124994, 0.221672, -0.909462, 0.351761, -0.002831, 0.252405, -0.294925, -0.921581, -1.2e-05, 0.0, 0.0, 0.0, 1.0],
                [0.946334, 0.279249, 0.162697, 0.124994, 0.214505, -0.919248, 0.3301, -0.002831, 0.24174, -0.277485, -0.92982, -1.2e-05, 0.0, 0.0, 0.0, 1.0],
                [0.950906, 0.264387, 0.160862, 0.124994, 0.206119, -0.928768, 0.308061, -0.002831, 0.230851, -0.259779, -0.937669, -1.2e-05, 0.0, 0.0, 0.0, 1.0],
                [0.955232, 0.249643, 0.158774, 0.124994, 0.197283, -0.937399, 0.286982, -0.002831, 0.220478, -0.24281, -0.944687, -1.2e-05, 0.0, 0.0, 0.0, 1.0],
                [0.959003, 0.236175, 0.156631, 0.124994, 0.188837, -0.944666, 0.268223, -0.002831, 0.211311, -0.227648, -0.950539, -1.2e-05, 0.0, 0.0, 0.0, 1.0],
                [0.961966, 0.225137, 0.154709, 0.124994, 0.181675, -0.950214, 0.253149, -0.002831, 0.204, -0.215413, -0.954977, -1.2e-05, 0.0, 0.0, 0.0, 1.0],
                [0.963902, 0.217676, 0.153329, 0.124994, 0.176714, -0.953762, 0.24312, -0.002831, 0.199161, -0.207247, -0.957801, -1.2e-05, 0.0, 0.0, 0.0, 1.0],
                [0.964599, 0.214935, 0.152808, 0.124994, 0.174865, -0.955022, 0.23948, -0.002831, 0.197407, -0.20428, -0.958802, -1.2e-05, 0.0, 0.0, 0.0, 1.0],
                [0.964599, 0.214935, 0.152808, 0.124994, 0.174865, -0.955022, 0.23948, -0.002831, 0.197407, -0.20428, -0.958802, -1.2e-05, 0.0, 0.0, 0.0, 1.0],
                [0.964599, 0.214935, 0.152808, 0.124994, 0.174865, -0.955022, 0.23948, -0.002831, 0.197407, -0.20428, -0.958802, -1.2e-05, 0.0, 0.0, 0.0, 1.0],
                [0.964599, 0.214935, 0.152808, 0.124994, 0.174865, -0.955022, 0.23948, -0.002831, 0.197407, -0.20428, -0.958802, -1.2e-05, 0.0, 0.0, 0.0, 1.0],
                [0.964599, 0.214935, 0.152808, 0.124994, 0.174865, -0.955022, 0.23948, -0.002831, 0.197407, -0.20428, -0.958802, -1.2e-05, 0.0, 0.0, 0.0, 1.0],
                [0.964599, 0.214935, 0.152808, 0.124994, 0.174865, -0.955022, 0.23948, -0.002831, 0.197407, -0.20428, -0.958802, -1.2e-05, 0.0, 0.0, 0.0, 1.0],
                [0.965909, 0.213125, 0.146958, 0.124994, 0.173565, -0.954317, 0.243211, -0.002831, 0.192079, -0.209412, -0.958777, -1.2e-05, 0.0, 0.0, 0.0, 1.0],
                [0.969402, 0.207878, 0.130561, 0.124994, 0.170027, -0.952222, 0.253692, -0.002831, 0.17706, -0.22373, -0.958434, -1.2e-05, 0.0, 0.0, 0.0, 1.0],
                [0.974256, 0.199312, 0.105348, 0.124994, 0.164896, -0.948668, 0.269878, -0.002831, 0.153731, -0.245558, -0.957115, -1.2e-05, 0.0, 0.0, 0.0, 1.0],
                [0.979546, 0.18747, 0.073102, 0.124994, 0.158883, -0.943528, 0.290703, -0.002831, 0.123471, -0.273142, -0.954017, -1.2e-05, 0.0, 0.0, 0.0, 1.0],
                [0.98437, 0.172459, 0.035683, 0.124994, 0.15269, -0.936712, 0.315044, -0.002831, 0.087757, -0.304671, -0.948406, -1.2e-05, 0.0, 0.0, 0.0, 1.0],
                [0.987969, 0.154568, -0.004966, 0.124994, 0.146943, -0.928246, 0.341706, -0.002831, 0.048208, -0.338324, -0.939794, -1.2e-05, 0.0, 0.0, 0.0, 1.0],
                [0.989826, 0.134339, -0.046864, 0.124994, 0.142126, -0.918321, 0.369436, -0.002831, 0.006593, -0.372337, -0.928074, -1.2e-05, 0.0, 0.0, 0.0, 1.0],
                [0.989731, 0.112589, -0.08807, 0.124994, 0.138537, -0.907316, 0.396965, -0.002831, -0.035213, -0.405088, -0.913599, -1.2e-05, 0.0, 0.0, 0.0, 1.0],
                [0.987806, 0.090396, -0.126757, 0.124994, 0.136264, -0.895797, 0.423056, -0.002831, -0.075306, -0.435169, -0.897194, -1.2e-05, 0.0, 0.0, 0.0, 1.0],
                [0.984489, 0.069046, -0.161285, 0.124994, 0.13519, -0.884481, 0.446557, -0.002831, -0.11182, -0.461434, -0.880099, -1.2e-05, 0.0, 0.0, 0.0, 1.0],
                [0.980469, 0.049955, -0.190223, 0.124994, 0.135032, -0.874194, 0.46642, -0.002831, -0.142992, -0.482995, -0.863868, -1.2e-05, 0.0, 0.0, 0.0, 1.0],
                [0.976585, 0.034587, -0.212329, 0.124994, 0.135396, -0.865811, 0.481702, -0.002831, -0.167176, -0.49917, -0.850224, -1.2e-05, 0.0, 0.0, 0.0, 1.0],
                [0.973714, 0.024386, -0.226463, 0.124994, 0.135861, -0.860199, 0.491525, -0.002831, -0.182817, -0.50937, -0.840904, -1.2e-05, 0.0, 0.0, 0.0, 1.0],
                [0.972624, 0.020708, -0.231459, 0.124994, 0.13607, -0.858167, 0.495007, -0.002831, -0.18838, -0.512949, -0.837494, -1.2e-05, 0.0, 0.0, 0.0, 1.0],
                [0.973901, 0.025764, -0.225506, 0.124994, 0.136426, -0.86048, 0.490876, -0.002831, -0.181397, -0.508828, -0.841539, -1.2e-05, 0.0, 0.0, 0.0, 1.0],
                [0.977221, 0.039941, -0.208429, 0.124994, 0.137619, -0.866901, 0.479104, -0.002831, -0.161551, -0.496873, -0.852653, -1.2e-05, 0.0, 0.0, 0.0, 1.0],
                [0.98152, 0.061605, -0.18117, 0.124994, 0.140022, -0.876523, 0.460542, -0.002831, -0.130428, -0.477398, -0.868953, -1.2e-05, 0.0, 0.0, 0.0, 1.0],
                [0.985487, 0.088949, -0.14458, 0.124994, 0.144149, -0.888308, 0.436035, -0.002831, -0.089647, -0.450546, -0.88824, -1.2e-05, 0.0, 0.0, 0.0, 1.0],
                [0.987757, 0.120026, -0.099646, 0.124994, 0.150514, -0.901152, 0.406531, -0.002831, -0.041002, -0.416551, -0.908187, -1.2e-05, 0.0, 0.0, 0.0, 1.0],
                [0.987104, 0.152817, -0.047669, 0.124994, 0.159513, -0.913954, 0.373149, -0.002831, 0.013456, -0.37594, -0.926547, -1.2e-05, 0.0, 0.0, 0.0, 1.0],
                [0.982624, 0.185356, 0.009644, 0.124994, 0.171313, -0.925715, 0.337195, -0.002831, 0.071428, -0.329682, -0.941386, -1.2e-05, 0.0, 0.0, 0.0, 1.0],
                [0.973893, 0.215883, 0.070191, 0.124994, 0.185773, -0.935635, 0.30012, -0.002831, 0.130464, -0.279245, -0.951316, -1.2e-05, 0.0, 0.0, 0.0, 1.0],
                [0.96106, 0.243003, 0.131579, 0.124994, 0.20242, -0.943199, 0.263437, -0.002831, 0.188121, -0.226543, -0.955661, -1.2e-05, 0.0, 0.0, 0.0, 1.0],
                [0.944856, 0.265804, 0.191297, 0.124994, 0.220471, -0.948226, 0.228597, -0.002831, 0.242155, -0.173816, -0.954542, -1.2e-05, 0.0, 0.0, 0.0, 1.0],
                [0.926517, 0.283907, 0.246904, 0.124994, 0.2389, -0.950871, 0.196896, -0.002831, 0.290674, -0.123441, -0.948826, -1.2e-05, 0.0, 0.0, 0.0, 1.0],
                [0.907641, 0.297424, 0.296184, 0.124994, 0.256543, -0.951571, 0.169397, -0.002831, 0.332224, -0.077767, -0.939989, -1.2e-05, 0.0, 0.0, 0.0, 1.0],
                [0.890017, 0.306844, 0.337218, 0.124994, 0.272184, -0.950958, 0.146934, -0.002831, 0.365767, -0.038988, -0.92989, -1.2e-05, 0.0, 0.0, 0.0, 1.0],
                [0.875459, 0.312857, 0.368363, 0.124994, 0.284645, -0.949754, 0.130154, -0.002831, 0.390574, -0.009091, -0.920527, -1.2e-05, 0.0, 0.0, 0.0, 1.0],
                [0.865673, 0.316157, 0.388144, 0.124994, 0.292829, -0.948651, 0.119619, -0.002831, 0.406031, 0.010109, -0.913803, -1.2e-05, 0.0, 0.0, 0.0, 1.0],
                [0.862135, 0.317218, 0.39509, 0.124994, 0.295754, -0.9482, 0.115942, -0.002831, 0.411403, 0.016892, -0.911297, -1.2e-05, 0.0, 0.0, 0.0, 1.0]
            ]
        },
        {
            "name": "Leg_R",
            "time": [0.0, 0.0167, 0.0333, 0.05, 0.0667, 0.0833, 0.1, 0.1167, 0.1333, 0.15, 0.1667, 0.1833, 0.2, 0.2167, 0.2333, 0.25, 0.2667, 0.2833, 0.3, 0.3167, 0.3333, 0.35, 0.3667, 0.3833, 0.4, 0.4167, 0.4333, 0.45, 0.4667, 0.4833, 0.5, 0.5167, 0.5333, 0.55, 0.5667, 0.5833, 0.6, 0.6167, 0.6333, 0.65, 0.6667, 0.6833, 0.7, 0.7167, 0.7333, 0.75, 0.7667, 0.7833, 0.8, 0.8167, 0.8333, 0.85, 0.8667, 0.8833, 0.9, 0.9167, 0.9333, 0.95, 0.9667, 0.9833, 1.0, 1.0167, 1.0333, 1.05, 1.0667, 1.0833, 1.1, 1.1167, 1.1333, 1.15, 1.1667, 1.1833, 1.2, 1.2167, 1.2333, 1.25, 1.2667, 1.2833, 1.3, 1.3167, 1.3333],
            "transform": [
                [1.0, 0.0, 1e-06, -0.0, -0.0, 0.96133, 0.2754, 0.37472, -1e-06, -0.275401, 0.961329, -0.0, 0.0, 0.0, 0.0, 1.0],
                [1.0, 0.0, 1e-06, 0.0, -0.0, 0.955723, 0.294269, 0.37472, -1e-06, -0.29427, 0.955722, -0.0, 0.0, 0.0, 0.0, 1.0],
                [1.0, -0.0, 1e-06, 0.0, -0.0, 0.938561, 0.345114, 0.37472, -1e-06, -0.345114, 0.93856, 0.0, 0.0, 0.0, 0.0, 1.0],
                [1.0, -0.0, 1e-06, 0.0, -0.0, 0.908121, 0.41871, 0.37472, -1e-06, -0.41871, 0.908119, 0.0, 0.0, 0.0, 0.0, 1.0],
                [1.0, -0.0, 1e-06, -0.0, -0.0, 0.862939, 0.505309, 0.37472, -1e-06, -0.50531, 0.862938, -0.0, 0.0, 0.0, 0.0, 1.0],
                [1.0, -0.0, 1e-06, 0.0, -0.0, 0.8035, 0.595306, 0.37472, -1e-06, -0.595307, 0.803498, 0.0, 0.0, 0.0, 0.0, 1.0],
                [1.0, -0.0, 1e-06, -0.0, -0.0, 0.732949, 0.680284, 0.37472, -1e-06, -0.680285, 0.732947, 0.0, 0.0, 0.0, 0.0, 1.0],
                [1.0, -0.0, 1e-06, 0.0, -0.0, 0.656852, 0.75402, 0.37472, -1e-06, -0.754021, 0.656851, -0.0, 0.0, 0.0, 0.0, 1.0],
                [1.0, -0.0, 1e-06, 0.0, -0.0, 0.582344, 0.812942, 0.37472, -1e-06, -0.812943, 0.582343, 0.0, 0.0, 0.0, 0.0, 1.0],
                [1.0, -0.0, 1e-06, 0.0, -0.0, 0.517262, 0.855826, 0.37472, -1e-06, -0.855828, 0.517261, -0.0, 0.0, 0.0, 0.0, 1.0],
                [1.0, -1e-06, 1e-06, -0.0, -0.0, 0.46979, 0.882777, 0.37472, -1e-06, -0.882779, 0.46979, 0.0, 0.0, 0.0, 0.0, 1.0],
                [1.0, -1e-06, 1e-06, 0.0, -0.0, 0.437895, 0.899026, 0.37472, -1e-06, -0.899027, 0.437894, 0.0, 0.0, 0.0, 0.0, 1.0],
                [1.0, -0.0, 0.0, -0.0, -0.0, 0.412842, 0.910802, 0.37472, -1e-06, -0.910803, 0.412841, -0.0, 0.0, 0.0, 0.0, 1.0],
                [1.0, -1e-06, 1e-06, 0.0, -0.0, 0.393131, 0.919482, 0.37472, -1e-06, -0.919483, 0.393131, -0.0, 0.0, 0.0, 0.0, 1.0],
                [1.0, -1e-06, 0.0, -0.0, -0.0, 0.377066, 0.926186, 0.37472, -1e-06, -0.926187, 0.377065, 0.0, 0.0, 0.0, 0.0, 1.0],
                [1.0, -1e-06, 0.0, 0.0, -0.0, 0.362584, 0.931951, 0.37472, -1e-06, -0.931952, 0.362583, -0.0, 0.0, 0.0, 0.0, 1.0],
                [1.0, -1e-06, 0.0, -0.0, -0.0, 0.346969, 0.937876, 0.37472, -1e-06, -0.937877, 0.346969, 0.0, 0.0, 0.0, 0.0, 1.0],
                [1.0, -1e-06, 0.0, 0.0, -0.0, 0.32636, 0.945245, 0.37472, -1e-06, -0.945246, 0.326359, 0.0, 0.0, 0.0, 0.0, 1.0],
                [1.0, -1e-06, 0.0, 0.0, -0.0, 0.294885, 0.955532, 0.37472, -1e-06, -0.955534, 0.294884, 0.0, 0.0, 0.0, 0.0, 1.0],
                [1.0, -1e-06, 0.0, -0.0, -0.0, 0.243115, 0.969997, 0.37472, -1e-06, -0.969998, 0.243114, 0.0, 0.0, 0.0, 0.0, 1.0],
                [1.0, -1e-06, 0.0, 0.0, -0.0, 0.155329, 0.987862, 0.37472, -1e-06, -0.987864, 0.155329, -0.0, 0.0, 0.0, 0.0, 1.0],
                [1.0, -1e-06, 0.0, 0.0, -0.0, 0.011217, 0.999936, 0.37472, -1e-06, -0.999938, 0.011217, 0.0, 0.0, 0.0, 0.0, 1.0],
                [1.0, -1e-06, 0.0, -0.0, -0.0, -0.188005, 0.982167, 0.37472, -1e-06, -0.982169, -0.188004, -0.0, 0.0, 0.0, 0.0, 1.0],
                [1.0, -1e-06, -0.0, -0.0, -0.0, -0.405936, 0.913901, 0.37472, -1e-06, -0.913902, -0.405935, -0.0, 0.0, 0.0, 0.0, 1.0],
                [1.0, -1e-06, -0.0, -0.0, -0.0, -0.569979, 0.821659, 0.37472, -1e-06, -0.82166, -0.569978, 0.0, 0.0, 0.0, 0.0, 1.0],
                [1.0, -1e-06, -0.0, -0.0, -0.0, -0.600709, 0.799468, 0.37472, -1e-06, -0.799469, -0.600708, 0.0, 0.0, 0.0, 0.0, 1.0],
                [1.0, -1e-06, -0.0, 0.0, -0.0, -0.477861, 0.878435, 0.37472, -1e-06, -0.878436, -0.477861, -0.0, 0.0, 0.0, 0.0, 1.0],
                [1.0, -1e-06, 0.0, 0.0, -0.0, -0.245938, 0.969285, 0.37472, -1e-06, -0.969286, -0.245937, 0.0, 0.0, 0.0, 0.0, 1.0],
                [1.0, -1e-06, 0.0, -0.0, -0.0, 0.040369, 0.999184, 0.37472, -1e-06, -0.999186, 0.040369, -0.0, 0.0, 0.0, 0.0, 1.0],
                [1.0, -1e-06, 0.0, 0.0, -0.0, 0.295672, 0.955289, 0.37472, -1e-06, -0.95529, 0.295672, -0.0, 0.0, 0.0, 0.0, 1.0],
                [1.0, -1e-06, 1e-06, -0.0, -0.0, 0.464935, 0.885344, 0.37472, -1e-06, -0.885346, 0.464934, 0.0, 0.0, 0.0, 0.0, 1.0],
                [1.0, -1e-06, 1e-06, 0.0, -0.0, 0.560729, 0.827999, 0.37472, -1e-06, -0.828, 0.560728, -0.0, 0.0, 0.0, 0.0, 1.0],
                [1.0, -0.0, 1e-06, -0.0, -0.0, 0.619679, 0.784855, 0.37472, -1e-06, -0.784856, 0.619678, 0.0, 0.0, 0.0, 0.0, 1.0],
                [1.0, -0.0, 1e-06, 0.0, -0.0, 0.656012, 0.75475, 0.37472, -1e-06, -0.754751, 0.656011, -0.0, 0.0, 0.0, 0.0, 1.0],
                [1.0, -0.0, 1e-06, 0.0, -0.0, 0.681721, 0.731612, 0.37472, -1e-06, -0.731613, 0.68172, -0.0, 0.0, 0.0, 0.0, 1.0],
                [1.0, -0.0, 1e-06, 0.0, -0.0, 0.707267, 0.706947, 0.37472, -1e-06, -0.706948, 0.707266, 0.0, 0.0, 0.0, 0.0, 1.0],
                [1.0, -0.0, 1e-06, 0.0, -0.0, 0.739897, 0.67272, 0.37472, -1e-06, -0.672721, 0.739896, -0.0, 0.0, 0.0, 0.0, 1.0],
                [1.0, -0.0, 1e-06, 0.0, -0.0, 0.777928, 0.628353, 0.37472, -1e-06, -0.628354, 0.777927, 0.0, 0.0, 0.0, 0.0, 1.0],
                [1.0, -0.0, 1e-06, -0.0, -0.0, 0.817631, 0.575743, 0.37472, -1e-06, -0.575744, 0.81763, 0.0, 0.0, 0.0, 0.0, 1.0],
                [1.0, -0.0, 1e-06, -0.0, -0.0, 0.855669, 0.517524, 0.37472, -1e-06, -0.517524, 0.855668, 0.0, 0.0, 0.0, 0.0, 1.0],
                [1.0, -0.0, 1e-06, -0.0, -0.0, 0.889429, 0.457075, 0.37472, -1e-06, -0.457075, 0.889427, -0.0, 0.0, 0.0, 0.0, 1.0],
                [1.0, -0.0, 1e-06, 0.0, -0.0, 0.917238, 0.39834, 0.37472, -1e-06, -0.398341, 0.917237, 0.0, 0.0, 0.0, 0.0, 1.0],
                [1.0, -0.0, 1e-06, 0.0, -0.0, 0.938401, 0.34555, 0.37472, -1e-06, -0.34555, 0.9384, 0.0, 0.0, 0.0, 0.0, 1.0],
                [1.0, 0.0, 1e-06, 0.0, -0.0, 0.95301, 0.302942, 0.37472, -1e-06, -0.302942, 0.953008, 0.0, 0.0, 0.0, 0.0, 1.0],
                [1.0, 0.0, 1e-06, -0.0, -0.0, 0.961564, 0.274583, 0.37472, -1e-06, -0.274583, 0.961563, 0.0, 0.0, 0.0, 0.0, 1.0],
                [1.0, 0.0, 1e-06, 0.0, -0.0, 0.964438, 0.264312, 0.37472, -1e-06, -0.264312, 0.964436, -0.0, 0.0, 0.0, 0.0, 1.0],
                [1.0, 0.0, 1e-06, 0.0, -0.0, 0.964438, 0.264312, 0.37472, -1e-06, -0.264312, 0.964436, -0.0, 0.0, 0.0, 0.0, 1.0],
                [1.0, 0.0, 1e-06, 0.0, -0.0, 0.964438, 0.264312, 0.37472, -1e-06, -0.264312, 0.964436, -0.0, 0.0, 0.0, 0.0, 1.0],
                [1.0, 0.0, 1e-06, 0.0, -0.0, 0.964438, 0.264312, 0.37472, -1e-06, -0.264312, 0.964436, -0.0, 0.0, 0.0, 0.0, 1.0],
                [1.0, 0.0, 1e-06, 0.0, -0.0, 0.964438, 0.264312, 0.37472, -1e-06, -0.264312, 0.964436, -0.0, 0.0, 0.0, 0.0, 1.0],
                [1.0, 0.0, 1e-06, 0.0, -0.0, 0.964438, 0.264312, 0.37472, -1e-06, -0.264312, 0.964436, -0.0, 0.0, 0.0, 0.0, 1.0],
                [1.0, 0.0, 1e-06, -0.0, -0.0, 0.963158, 0.26894, 0.37472, -1e-06, -0.26894, 0.963156, 0.0, 0.0, 0.0, 0.0, 1.0],
                [1.0, 0.0, 1e-06, 0.0, -0.0, 0.959561, 0.281503, 0.37472, -1e-06, -0.281503, 0.95956, -0.0, 0.0, 0.0, 0.0, 1.0],
                [1.0, 0.0, 1e-06, 0.0, -0.0, 0.954164, 0.299287, 0.37472, -1e-06, -0.299287, 0.954162, 0.0, 0.0, 0.0, 0.0, 1.0],
                [1.0, -0.0, 1e-06, -0.0, -0.0, 0.947598, 0.319467, 0.37472, -1e-06, -0.319468, 0.947597, 0.0, 0.0, 0.0, 0.0, 1.0],
                [1.0, -0.0, 1e-06, -0.0, -0.0, 0.940485, 0.339836, 0.37472, -1e-06, -0.339837, 0.940484, -0.0, 0.0, 0.0, 0.0, 1.0],
                [1.0, -0.0, 1e-06, -0.0, -0.0, 0.933335, 0.359008, 0.37472, -1e-06, -0.359009, 0.933333, 0.0, 0.0, 0.0, 0.0, 1.0],
                [1.0, -0.0, 1e-06, -0.0, -0.0, 0.926499, 0.376298, 0.37472, -1e-06, -0.376298, 0.926498, -0.0, 0.0, 0.0, 0.0, 1.0],
                [1.0, -0.0, 1e-06, 0.0, -0.0, 0.920183, 0.39149, 0.37472, -1e-06, -0.39149, 0.920182, -0.0, 0.0, 0.0, 0.0, 1.0],
                [1.0, -0.0, 1e-06, 0.0, -0.0, 0.914477, 0.404638, 0.37472, -1e-06, -0.404639, 0.914476, 0.0, 0.0, 0.0, 0.0, 1.0],
                [1.0, -0.0, 1e-06, 0.0, -0.0, 0.909398, 0.415928, 0.37472, -1e-06, -0.415928, 0.909397, -0.0, 0.0, 0.0, 0.0, 1.0],
                [1.0, -0.0, 1e-06, 0.0, -0.0, 0.904918, 0.425586, 0.37472, -1e-06, -0.425587, 0.904917, 0.0, 0.0, 0.0, 0.0, 1.0],
                [1.0, -0.0, 1e-06, -0.0, -0.0, 0.900989, 0.433843, 0.37472, -1e-06, -0.433844, 0.900988, -0.0, 0.0, 0.0, 0.0, 1.0],
                [1.0, -0.0, 1e-06, -0.0, -0.0, 0.897552, 0.440909, 0.37472, -1e-06, -0.440909, 0.897551, 0.0, 0.0, 0.0, 0.0, 1.0],
                [1.0, -0.0, 1e-06, 0.0, -0.0, 0.894551, 0.446966, 0.37472, -1e-06, -0.446967, 0.89455, 0.0, 0.0, 0.0, 0.0, 1.0],
                [1.0, -0.0, 1e-06, -0.0, -0.0, 0.891931, 0.452172, 0.37472, -1e-06, -0.452172, 0.89193, -0.0, 0.0, 0.0, 0.0, 1.0],
                [1.0, -0.0, 1e-06, 0.0, -0.0, 0.889644, 0.456655, 0.37472, -1e-06, -0.456656, 0.889643, 0.0, 0.0, 0.0, 0.0, 1.0],
                [1.0, -0.0, 1e-06, 0.0, -0.0, 0.887648, 0.460524, 0.37472, -1e-06, -0.460525, 0.887646, -0.0, 0.0, 0.0, 0.0, 1.0],
                [1.0, -0.0, 1e-06, 0.0, -0.0, 0.885905, 0.463867, 0.37472, -1e-06, -0.463868, 0.885904, -0.0, 0.0, 0.0, 0.0, 1.0],
                [1.0, -0.0, 1e-06, 0.0, -0.0, 0.884385, 0.466759, 0.37472, -1e-06, -0.46676, 0.884384, -0.0, 0.0, 0.0, 0.0, 1.0],
                [1.0, -0.0, 1e-06, 0.0, -0.0, 0.883062, 0.469258, 0.37472, -1e-06, -0.469259, 0.88306, 0.0, 0.0, 0.0, 0.0, 1.0],
                [1.0, -0.0, 1e-06, -0.0, -0.0, 0.881913, 0.471413, 0.37472, -1e-06, -0.471414, 0.881912, 0.0, 0.0, 0.0, 0.0, 1.0],
                [1.0, -0.0, 1e-06, -0.0, -0.0, 0.88092, 0.473265, 0.37472, -1e-06, -0.473266, 0.880919, 0.0, 0.0, 0.0, 0.0, 1.0],
                [1.0, -0.0, 1e-06, 0.0, -0.0, 0.88007, 0.474846, 0.37472, -1e-06, -0.474846, 0.880068, -0.0, 0.0, 0.0, 0.0, 1.0],
                [1.0, -0.0, 1e-06, -0.0, -0.0, 0.879348, 0.47618, 0.37472, -1e-06, -0.476181, 0.879347, -0.0, 0.0, 0.0, 0.0, 1.0],
                [1.0, -0.0, 1e-06, 0.0, -0.0, 0.878747, 0.477289, 0.37472, -1e-06, -0.477289, 0.878746, -0.0, 0.0, 0.0, 0.0, 1.0],
                [1.0, -0.0, 1e-06, 0.0, -0.0, 0.878259, 0.478186, 0.37472, -1e-06, -0.478187, 0.878258, 0.0, 0.0, 0.0, 0.0, 1.0],
                [1.0, -0.0, 1e-06, 0.0, -0.0, 0.87788, 0.478882, 0.37472, -1e-06, -0.478882, 0.877879, 0.0, 0.0, 0.0, 0.0, 1.0],
                [1.0, -0.0, 1e-06, -0.0, -0.0, 0.877607, 0.479381, 0.37472, -1e-06, -0.479382, 0.877606, 0.0, 0.0, 0.0, 0.0, 1.0],
                [1.0, -0.0, 1e-06, 0.0, -0.0, 0.877441, 0.479685, 0.37472, -1e-06, -0.479686, 0.87744, -0.0, 0.0, 0.0, 0.0, 1.0],
                [1.0, -0.0, 1e-06, -0.0, -0.0, 0.877385, 0.479788, 0.37472, -1e-06, -0.479789, 0.877383, 0.0, 0.0, 0.0, 0.0, 1.0]
            ]
        },
        {
            "name": "Knee_R",
            "time": [0.0, 0.0167, 0.0333, 0.05, 0.0667, 0.0833, 0.1, 0.1167, 0.1333, 0.15, 0.1667, 0.1833, 0.2, 0.2167, 0.2333, 0.25, 0.2667, 0.2833, 0.3, 0.3167, 0.3333, 0.35, 0.3667, 0.3833, 0.4, 0.4167, 0.4333, 0.45, 0.4667, 0.4833, 0.5, 0.5167, 0.5333, 0.55, 0.5667, 0.5833, 0.6, 0.6167, 0.6333, 0.65, 0.6667, 0.6833, 0.7, 0.7167, 0.7333, 0.75, 0.7667, 0.7833, 0.8, 0.8167, 0.8333, 0.85, 0.8667, 0.8833, 0.9, 0.9167, 0.9333, 0.95, 0.9667, 0.9833, 1.0, 1.0167, 1.0333, 1.05, 1.0667, 1.0833, 1.1, 1.1167, 1.1333, 1.15, 1.1667, 1.1833, 1.2, 1.2167, 1.2333, 1.25, 1.2667, 1.2833, 1.3, 1.3167, 1.3333],
            "transform": [
                [1.0, 0.0, -0.0, -0.0, -0.0, 1e-06, -1.0, 0.37472, -0.0, 1.0, 1e-06, -0.0, 0.0, 0.0, 0.0, 1.0],
                [1.0, 0.0, -0.0, -0.0, -0.0, 1e-06, -1.0, 0.37472, -0.0, 1.0, 1e-06, -0.0, 0.0, 0.0, 0.0, 1.0],
                [1.0, 0.0, -0.0, -0.0, -0.0, 1e-06, -1.0, 0.37472, -0.0, 1.0, 1e-06, 0.0, 0.0, 0.0, 0.0, 1.0],
                [1.0, 0.0, -0.0, -0.0, -0.0, 1e-06, -1.0, 0.37472, -0.0, 1.0, 1e-06, 0.0, 0.0, 0.0, 0.0, 1.0],
                [1.0, 0.0, -0.0, 0.0, -0.0, 1e-06, -1.0, 0.375365, -0.0, 1.0, 1e-06, -0.0, 0.0, 0.0, 0.0, 1.0],
                [1.0, 0.0, -0.0, 0.0, -0.0, 1e-06, -1.0, 0.3867, -0.0, 1.0, 1e-06, -0.0, 0.0, 0.0, 0.0, 1.0],
                [1.0, 0.0, -0.0, -0.0, -0.0, 1e-06, -1.0, 0.398308, -0.0, 1.0, 1e-06, -0.0, 0.0, 0.0, 0.0, 1.0],
                [1.0, 0.0, -0.0, 0.0, -0.0, 1e-06, -1.0, 0.409443, -0.0, 1.0, 1e-06, -0.0, 0.0, 0.0, 0.0, 1.0],
                [1.0, 0.0, -0.0, 0.0, -0.0, 1e-06, -1.0, 0.419425, -0.0, 1.0, 1e-06, -0.0, 0.0, 0.0, 0.0, 1.0],
                [1.0, 0.0, -0.0, 0.0, -0.0, 1e-06, -1.0, 0.427614, -0.0, 1.0, 1e-06, -0.0, 0.0, 0.0, 0.0, 1.0],
                [1.0, 0.0, -0.0, -0.0, -0.0, 1e-06, -1.0, 0.433349, -0.0, 1.0, 1e-06, -0.0, 0.0, 0.0, 0.0, 1.0],
                [1.0, 0.0, -0.0, 0.0, -0.0, 1e-06, -1.0, 0.437109, -0.0, 1.0, 1e-06, 0.0, 0.0, 0.0, 0.0, 1.0],
                [1.0, -0.0, -0.0, -0.0, -0.0, 1e-06, -1.0, 0.440017, -0.0, 1.0, 1e-06, -0.0, 0.0, 0.0, 0.0, 1.0],
                [1.0, 0.0, -0.0, 0.0, -0.0, 1e-06, -1.0, 0.442279, -0.0, 1.0, 1e-06, -0.0, 0.0, 0.0, 0.0, 1.0],
                [1.0, 0.0, -0.0, 0.0, -0.0, 1e-06, -1.0, 0.444108, -0.0, 1.0, 1e-06, -0.0, 0.0, 0.0, 0.0, 1.0],
                [1.0, 0.0, -0.0, 0.0, -0.0, 1e-06, -1.0, 0.445745, -0.0, 1.0, 1e-06, -0.0, 0.0, 0.0, 0.0, 1.0],
                [1.0, 0.0, -0.0, 0.0, -0.0, 1e-06, -1.0, 0.4475, -0.0, 1.0, 1e-06, 0.0, 0.0, 0.0, 0.0, 1.0],
                [1.0, 0.0, -0.0, 0.0, -0.0, 1e-06, -1.0, 0.449799, -0.0, 1.0, 1e-06, 0.0, 0.0, 0.0, 0.0, 1.0],
                [1.0, 0.0, -0.0, 0.0, -0.0, 1e-06, -1.0, 0.453277, -0.0, 1.0, 1e-06, -0.0, 0.0, 0.0, 0.0, 1.0],
                [1.0, 0.0, -0.0, 0.0, -0.0, 1e-06, -1.0, 0.458924, -0.0, 1.0, 1e-06, -0.0, 0.0, 0.0, 0.0, 1.0],
                [1.0, 0.0, -0.0, 0.0, -0.0, 1e-06, -1.0, 0.468338, -0.0, 1.0, 1e-06, -0.0, 0.0, 0.0, 0.0, 1.0],
                [1.0, 0.0, -0.0, 0.0, -0.0, 1e-06, -1.0, 0.483542, -0.0, 1.0, 1e-06, 0.0, 0.0, 0.0, 0.0, 1.0],
                [1.0, 0.0, -0.0, 0.0, -0.0, 1e-06, -1.0, 0.48472, -0.0, 1.0, 1e-06, -0.0, 0.0, 0.0, 0.0, 1.0],
                [1.0, 0.0, -0.0, 0.0, -0.0, 1e-06, -1.0, 0.48472, -0.0, 1.0, 1e-06, -0.0, 0.0, 0.0, 0.0, 1.0],
                [1.0, 0.0, -0.0, -0.0, -0.0, 1e-06, -1.0, 0.48472, -0.0, 1.0, 1e-06, -0.0, 0.0, 0.0, 0.0, 1.0],
