{
    "animation": [
        {
            "name": "Root",
            "time": [0.0, 0.0167, 0.0333, 0.05, 0.0667, 0.0833, 0.1, 0.1167, 0.1333, 0.15, 0.1667, 0.1833, 0.2, 0.2167, 0.2333, 0.25, 0.2667, 0.2833, 0.3, 0.3167, 0.3333, 0.35, 0.3667, 0.3833, 0.4, 0.4167, 0.4333, 0.45, 0.4667, 0.4833, 0.5, 0.5167, 0.5333, 0.55, 0.5667, 0.5833, 0.6, 0.6167, 0.6333, 0.65, 0.6667, 0.6833, 0.7, 0.7167, 0.7333, 0.75, 0.7667, 0.7833, 0.8, 0.8167, 0.8333, 0.85, 0.8667, 0.8833, 0.9, 0.9167, 0.9333, 0.95, 0.9667, 0.9833, 1.0, 1.0167, 1.0333, 1.05, 1.0667, 1.0833, 1.1, 1.1167, 1.1333, 1.15, 1.1667, 1.1833, 1.2, 1.2167, 1.2333, 1.25, 1.2667, 1.2833, 1.3, 1.3167, 1.3333, 1.35],
            "transform": [
                [0.889198, 0.0, -0.457523, -5e-06, -0.457523, 0.0, -0.889198, 0.000946, 0.0, 1.0, 0.0, 0.686021, 0.0, 0.0, 0.0, 1.0],
                [0.891934, 0.0, -0.452167, -5e-06, -0.452167, 0.0, -0.891934, 0.005035, 0.0, 1.0, 0.0, 0.688399, 0.0, 0.0, 0.0, 1.0],
                [0.899286, 0.0, -0.43736, -5e-06, -0.43736, 0.0, -0.899286, 0.016445, 0.0, 1.0, 0.0, 0.694853, 0.0, 0.0, 0.0, 1.0],
                [0.909851, 0.0, -0.414936, -5e-06, -0.414936, 0.0, -0.909851, 0.033896, 0.0, 1.0, 0.0, 0.704366, 0.0, 0.0, 0.0, 1.0],
                [0.922188, 0.0, -0.386743, -5e-06, -0.386743, 0.0, -0.922188, 0.056106, 0.0, 1.0, 0.0, 0.715916, 0.0, 0.0, 0.0, 1.0],
                [0.934965, 0.0, -0.354739, -5e-06, -0.354739, 0.0, -0.934965, 0.081793, 0.0, 1.0, 0.0, 0.728486, 0.0, 0.0, 0.0, 1.0],
                [0.94707, 0.0, -0.321026, -5e-06, -0.321026, 0.0, -0.94707, 0.109676, 0.0, 1.0, 0.0, 0.741056, 0.0, 0.0, 0.0, 1.0],
                [0.957677, 0.0, -0.287847, -5e-06, -0.287847, 0.0, -0.957677, 0.138472, 0.0, 1.0, 0.0, 0.752607, 0.0, 0.0, 0.0, 1.0],
                [0.966267, 0.0, -0.257541, -5e-06, -0.257541, 0.0, -0.966267, 0.166901, 0.0, 1.0, 0.0, 0.762119, 0.0, 0.0, 0.0, 1.0],
                [0.972597, 0.0, -0.232497, -5e-06, -0.232497, 0.0, -0.972597, 0.19368, 0.0, 1.0, 0.0, 0.768574, 0.0, 0.0, 0.0, 1.0],
                [0.976593, 0.0, -0.215093, -5e-06, -0.215093, 0.0, -0.976593, 0.217529, 0.0, 1.0, 0.0, 0.770952, 0.0, 0.0, 0.0, 1.0],
                [0.978614, 0.0, -0.205707, -5e-06, -0.205707, 0.0, -0.978614, 0.238885, 0.0, 1.0, 0.0, 0.768673, 0.0, 0.0, 0.0, 1.0],
                [0.980439, 0.0, -0.196823, -5e-06, -0.196823, 0.0, -0.980439, 0.265073, 0.0, 1.0, 0.0, 0.761346, 0.0, 0.0, 0.0, 1.0],
                [0.983867, 0.0, -0.178904, -5e-06, -0.178904, 0.0, -0.983867, 0.305138, 0.0, 1.0, 0.0, 0.748234, 0.0, 0.0, 0.0, 1.0],
                [0.989836, 0.0, -0.142214, -5e-06, -0.142214, 0.0, -0.989836, 0.368124, 0.0, 1.0, 0.0, 0.728601, 0.0, 0.0, 0.0, 1.0],
                [0.99706, 0.0, -0.07662, -5e-06, -0.07662, 0.0, -0.99706, 0.463076, 0.0, 1.0, 0.0, 0.701712, 0.0, 0.0, 0.0, 1.0],
                [0.999375, 0.0, 0.035354, -5e-06, 0.035354, 0.0, -0.999375, 0.594924, 0.0, 1.0, 0.0, 0.667897, 0.0, 0.0, 0.0, 1.0],
                [0.98228, 0.0, 0.187421, -5e-06, 0.187421, 0.0, -0.98228, 0.752138, 0.0, 1.0, 0.0, 0.631746, 0.0, 0.0, 0.0, 1.0],
                [0.936544, 0.0, 0.35055, -5e-06, 0.35055, 0.0, -0.936544, 0.919074, 0.0, 1.0, 0.0, 0.598919, 0.0, 0.0, 0.0, 1.0],
                [0.868575, 0.0, 0.495557, -5e-06, 0.495557, 0.0, -0.868575, 1.080089, 0.0, 1.0, 0.0, 0.575074, 0.0, 0.0, 0.0, 1.0],
                [0.79918, 0.0, 0.601092, -5e-06, 0.601092, 0.0, -0.79918, 1.219538, 0.0, 1.0, 0.0, 0.565868, 0.0, 0.0, 0.0, 1.0],
                [0.738038, 0.0, 0.674759, -5e-06, 0.674759, 0.0, -0.738038, 1.335435, 0.0, 1.0, 0.0, 0.567477, 0.0, 0.0, 0.0, 1.0],
                [0.678627, 0.0, 0.734483, -5e-06, 0.734483, 0.0, -0.678627, 1.436864, 0.0, 1.0, 0.0, 0.572025, 0.0, 0.0, 0.0, 1.0],
                [0.622783, 0.0, 0.782395, -5e-06, 0.782395, 0.0, -0.622783, 1.524791, 0.0, 1.0, 0.0, 0.579091, 0.0, 0.0, 0.0, 1.0],
                [0.571634, 0.0, 0.820508, -5e-06, 0.820508, 0.0, -0.571634, 1.60018, 0.0, 1.0, 0.0, 0.588256, 0.0, 0.0, 0.0, 1.0],
                [0.525791, 0.0, 0.850614, -5e-06, 0.850614, 0.0, -0.525791, 1.663995, 0.0, 1.0, 0.0, 0.5991, 0.0, 0.0, 0.0, 1.0],
                [0.485491, 0.0, 0.874241, -5e-06, 0.874241, 0.0, -0.485491, 1.717201, 0.0, 1.0, 0.0, 0.611203, 0.0, 0.0, 0.0, 1.0],
                [0.450724, 0.0, 0.892663, -5e-06, 0.892663, 0.0, -0.450724, 1.760763, 0.0, 1.0, 0.0, 0.624146, 0.0, 0.0, 0.0, 1.0],
                [0.421311, 0.0, 0.906916, -5e-06, 0.906916, 0.0, -0.421311, 1.795644, 0.0, 1.0, 0.0, 0.637509, 0.0, 0.0, 0.0, 1.0],
                [0.396964, 0.0, 0.917834, -5e-06, 0.917834, 0.0, -0.396964, 1.82281, 0.0, 1.0, 0.0, 0.650871, 0.0, 0.0, 0.0, 1.0],
                [0.377326, 0.0, 0.92608, -5e-06, 0.92608, 0.0, -0.377326, 1.843225, 0.0, 1.0, 0.0, 0.663814, 0.0, 0.0, 0.0, 1.0],
                [0.361995, 0.0, 0.93218, -5e-06, 0.93218, 0.0, -0.361995, 1.857852, 0.0, 1.0, 0.0, 0.675917, 0.0, 0.0, 0.0, 1.0],
                [0.350534, 0.0, 0.93655, -5e-06, 0.93655, 0.0, -0.350534, 1.867658, 0.0, 1.0, 0.0, 0.686761, 0.0, 0.0, 0.0, 1.0],
                [0.342483, 0.0, 0.939524, -5e-06, 0.939524, 0.0, -0.342483, 1.873605, 0.0, 1.0, 0.0, 0.695926, 0.0, 0.0, 0.0, 1.0],
                [0.337362, 0.0, 0.941375, -5e-06, 0.941375, 0.0, -0.337362, 1.87666, 0.0, 1.0, 0.0, 0.702992, 0.0, 0.0, 0.0, 1.0],
                [0.334669, 0.0, 0.942336, -5e-06, 0.942336, 0.0, -0.334669, 1.877785, 0.0, 1.0, 0.0, 0.70754, 0.0, 0.0, 0.0, 1.0],
                [0.333889, 0.0, 0.942612, -5e-06, 0.942612, 0.0, -0.333889, 1.877945, 0.0, 1.0, 0.0, 0.709149, 0.0, 0.0, 0.0, 1.0],
                [0.335962, 0.0, 0.941876, -5e-06, 0.941876, 0.0, -0.335962, 1.877949, 0.0, 1.0, 0.0, 0.70889, 0.0, 0.0, 0.0, 1.0],
                [0.342057, 0.0, 0.939679, -5e-06, 0.939679, 0.0, -0.342057, 1.877972, 0.0, 1.0, 0.0, 0.708143, 0.0, 0.0, 0.0, 1.0],
                [0.351994, 0.0, 0.936002, -5e-06, 0.936002, 0.0, -0.351994, 1.878036, 0.0, 1.0, 0.0, 0.706951, 0.0, 0.0, 0.0, 1.0],
                [0.365592, 0.0, 0.930775, -5e-06, 0.930775, 0.0, -0.365592, 1.87816, 0.0, 1.0, 0.0, 0.705361, 0.0, 0.0, 0.0, 1.0],
                [0.382668, 0.0, 0.923886, -5e-06, 0.923886, 0.0, -0.382668, 1.878365, 0.0, 1.0, 0.0, 0.703415, 0.0, 0.0, 0.0, 1.0],
                [0.403027, 0.0, 0.915188, -5e-06, 0.915188, 0.0, -0.403027, 1.87867, 0.0, 1.0, 0.0, 0.701158, 0.0, 0.0, 0.0, 1.0],
                [0.426461, 0.0, 0.904506, -5e-06, 0.904506, 0.0, -0.426461, 1.879096, 0.0, 1.0, 0.0, 0.698635, 0.0, 0.0, 0.0, 1.0],
                [0.452742, 0.0, 0.891641, -5e-06, 0.891641, 0.0, -0.452742, 1.879663, 0.0, 1.0, 0.0, 0.695889, 0.0, 0.0, 0.0, 1.0],
                [0.481617, 0.0, 0.876382, -5e-06, 0.876382, 0.0, -0.481617, 1.880391, 0.0, 1.0, 0.0, 0.692967, 0.0, 0.0, 0.0, 1.0],
                [0.512799, 0.0, 0.858509, -5e-06, 0.858509, 0.0, -0.512799, 1.881301, 0.0, 1.0, 0.0, 0.689911, 0.0, 0.0, 0.0, 1.0],
                [0.545968, 0.0, 0.837806, -5e-06, 0.837806, 0.0, -0.545968, 1.882411, 0.0, 1.0, 0.0, 0.686766, 0.0, 0.0, 0.0, 1.0],
                [0.580766, 0.0, 0.81407, -5e-06, 0.81407, 0.0, -0.580766, 1.883743, 0.0, 1.0, 0.0, 0.683577, 0.0, 0.0, 0.0, 1.0],
                [0.616796, 0.0, 0.787123, -5e-06, 0.787123, 0.0, -0.616796, 1.885317, 0.0, 1.0, 0.0, 0.680388, 0.0, 0.0, 0.0, 1.0],
                [0.653621, 0.0, 0.756822, -5e-06, 0.756822, 0.0, -0.653621, 1.887153, 0.0, 1.0, 0.0, 0.677243, 0.0, 0.0, 0.0, 1.0],
                [0.690773, 0.0, 0.723072, -5e-06, 0.723072, 0.0, -0.690773, 1.88927, 0.0, 1.0, 0.0, 0.674187, 0.0, 0.0, 0.0, 1.0],
                [0.727756, 0.0, 0.685836, -5e-06, 0.685836, 0.0, -0.727756, 1.891689, 0.0, 1.0, 0.0, 0.671264, 0.0, 0.0, 0.0, 1.0],
                [0.764057, 0.0, 0.645149, -5e-06, 0.645149, 0.0, -0.764057, 1.894431, 0.0, 1.0, 0.0, 0.668519, 0.0, 0.0, 0.0, 1.0],
                [0.799159, 0.0, 0.60112, -5e-06, 0.60112, 0.0, -0.799159, 1.897514, 0.0, 1.0, 0.0, 0.665996, 0.0, 0.0, 0.0, 1.0],
                [0.832555, 0.0, 0.553942, -5e-06, 0.553942, 0.0, -0.832555, 1.90096, 0.0, 1.0, 0.0, 0.663739, 0.0, 0.0, 0.0, 1.0],
                [0.863769, 0.0, 0.503888, -5e-06, 0.503888, 0.0, -0.863769, 1.904789, 0.0, 1.0, 0.0, 0.661793, 0.0, 0.0, 0.0, 1.0],
                [0.892365, 0.0, 0.451314, -5e-06, 0.451314, 0.0, -0.892365, 1.90902, 0.0, 1.0, 0.0, 0.660202, 0.0, 0.0, 0.0, 1.0],
                [0.917972, 0.0, 0.396644, -5e-06, 0.396644, 0.0, -0.917972, 1.913674, 0.0, 1.0, 0.0, 0.659011, 0.0, 0.0, 0.0, 1.0],
                [0.940294, 0.0, 0.340364, -5e-06, 0.340364, 0.0, -0.940294, 1.918771, 0.0, 1.0, 0.0, 0.658263, 0.0, 0.0, 0.0, 1.0],
                [0.959119, 0.0, 0.283004, -5e-06, 0.283004, 0.0, -0.959119, 1.924331, 0.0, 1.0, 0.0, 0.658004, 0.0, 0.0, 0.0, 1.0],
                [0.974331, 0.0, 0.225122, -5e-06, 0.225122, 0.0, -0.974331, 1.932096, 0.0, 1.0, 0.0, 0.658189, 0.0, 0.0, 0.0, 1.0],
                [0.985909, 0.0, 0.167281, -5e-06, 0.167281, 0.0, -0.985909, 1.943518, 0.0, 1.0, 0.0, 0.658718, 0.0, 0.0, 0.0, 1.0],
                [0.993927, 0.0, 0.110037, -5e-06, 0.110037, 0.0, -0.993927, 1.958184, 0.0, 1.0, 0.0, 0.659556, 0.0, 0.0, 0.0, 1.0],
                [0.998545, 0.0, 0.053918, -5e-06, 0.053918, 0.0, -0.998545, 1.975679, 0.0, 1.0, 0.0, 0.660667, 0.0, 0.0, 0.0, 1.0],
                [1.0, 0.0, -0.00059, -5e-06, -0.00059, 0.0, -1.0, 1.995589, 0.0, 1.0, 0.0, 0.662013, 0.0, 0.0, 0.0, 1.0],
                [0.998592, 0.0, -0.053051, -5e-06, -0.053051, 0.0, -0.998592, 2.017501, 0.0, 1.0, 0.0, 0.663559, 0.0, 0.0, 0.0, 1.0],
                [0.994672, 0.0, -0.103091, -5e-06, -0.103091, 0.0, -0.994672, 2.040999, 0.0, 1.0, 0.0, 0.665268, 0.0, 0.0, 0.0, 1.0],
                [0.988626, 0.0, -0.150396, -5e-06, -0.150396, 0.0, -0.988626, 2.065671, 0.0, 1.0, 0.0, 0.667104, 0.0, 0.0, 0.0, 1.0],
                [0.98086, 0.0, -0.194712, -5e-06, -0.194712, 0.0, -0.98086, 2.091102, 0.0, 1.0, 0.0, 0.669031, 0.0, 0.0, 0.0, 1.0],
                [0.97179, 0.0, -0.235846, -5e-06, -0.235846, 0.0, -0.97179, 2.116877, 0.0, 1.0, 0.0, 0.671013, 0.0, 0.0, 0.0, 1.0],
                [0.961828, 0.0, -0.273656, -5e-06, -0.273656, 0.0, -0.961828, 2.142584, 0.0, 1.0, 0.0, 0.673012, 0.0, 0.0, 0.0, 1.0],
                [0.951372, 0.0, -0.308043, -5e-06, -0.308043, 0.0, -0.951372, 2.167808, 0.0, 1.0, 0.0, 0.674994, 0.0, 0.0, 0.0, 1.0],
                [0.940806, 0.0, -0.338945, -5e-06, -0.338945, 0.0, -0.940806, 2.192134, 0.0, 1.0, 0.0, 0.676921, 0.0, 0.0, 0.0, 1.0],
                [0.930487, 0.0, -0.366326, -5e-06, -0.366326, 0.0, -0.930487, 2.215149, 0.0, 1.0, 0.0, 0.678757, 0.0, 0.0, 0.0, 1.0],
                [0.920744, 0.0, -0.390166, -5e-06, -0.390166, 0.0, -0.920744, 2.236438, 0.0, 1.0, 0.0, 0.680466, 0.0, 0.0, 0.0, 1.0],
                [0.911881, 0.0, -0.410454, -5e-06, -0.410454, 0.0, -0.911881, 2.255589, 0.0, 1.0, 0.0, 0.682012, 0.0, 0.0, 0.0, 1.0],
                [0.90417, 0.0, -0.427174, -5e-06, -0.427174, 0.0, -0.90417, 2.272186, 0.0, 1.0, 0.0, 0.683358, 0.0, 0.0, 0.0, 1.0],
                [0.897851, 0.0, -0.4403, -5e-06, -0.4403, 0.0, -0.897851, 2.285816, 0.0, 1.0, 0.0, 0.684469, 0.0, 0.0, 0.0, 1.0],
                [0.893135, 0.0, -0.449789, -5e-06, -0.449789, 0.0, -0.893135, 2.296063, 0.0, 1.0, 0.0, 0.685307, 0.0, 0.0, 0.0, 1.0],
                [0.890202, 0.0, -0.455566, -5e-06, -0.455566, 0.0, -0.890202, 2.302516, 0.0, 1.0, 0.0, 0.685836, 0.0, 0.0, 0.0, 1.0],
                [0.889198, 0.0, -0.457523, -5e-06, -0.457523, 0.0, -0.889198, 2.304759, 0.0, 1.0, 0.0, 0.686021, 0.0, 0.0, 0.0, 1.0]
            ]
        },
        {
            "name": "Thigh_R",
            "time": [0.0, 0.0167, 0.0333, 0.05, 0.0667, 0.0833, 0.1, 0.1167, 0.1333, 0.15, 0.1667, 0.1833, 0.2, 0.2167, 0.2333, 0.25, 0.2667, 0.2833, 0.3, 0.3167, 0.3333, 0.35, 0.3667, 0.3833, 0.4, 0.4167, 0.4333, 0.45, 0.4667, 0.4833, 0.5, 0.5167, 0.5333, 0.55, 0.5667, 0.5833, 0.6, 0.6167, 0.6333, 0.65, 0.6667, 0.6833, 0.7, 0.7167, 0.7333, 0.75, 0.7667, 0.7833, 0.8, 0.8167, 0.8333, 0.85, 0.8667, 0.8833, 0.9, 0.9167, 0.9333, 0.95, 0.9667, 0.9833, 1.0, 1.0167, 1.0333, 1.05, 1.0667, 1.0833, 1.1, 1.1167, 1.1333, 1.15, 1.1667, 1.1833, 1.2, 1.2167, 1.2333, 1.25, 1.2667, 1.2833, 1.3, 1.3167, 1.3333, 1.35],
            "transform": [
                [0.86106, 0.295417, 0.413888, 0.124994, 0.252095, -0.954866, 0.157085, -0.002831, 0.441614, -0.03092, -0.896672, -1.2e-05, 0.0, 0.0, 0.0, 1.0],
                [0.859922, 0.297365, 0.414858, 0.124994, 0.256845, -0.954461, 0.151759, -0.002831, 0.441095, -0.023946, -0.897141, -1.2e-05, 0.0, 0.0, 0.0, 1.0],
                [0.856646, 0.303005, 0.417545, 0.124994, 0.270103, -0.952974, 0.137409, -0.002831, 0.439546, -0.00493, -0.898207, -1.2e-05, 0.0, 0.0, 0.0, 1.0],
                [0.851392, 0.311977, 0.421665, 0.124994, 0.290346, -0.949803, 0.116489, -0.002831, 0.436841, 0.023251, -0.899238, -1.2e-05, 0.0, 0.0, 0.0, 1.0],
                [0.844273, 0.323898, 0.426956, 0.124994, 0.316021, -0.944329, 0.091484, -0.002831, 0.432819, 0.05769, -0.899633, -1.2e-05, 0.0, 0.0, 0.0, 1.0],
                [0.835392, 0.338407, 0.433129, 0.124994, 0.345572, -0.936143, 0.064901, -0.002831, 0.427434, 0.095459, -0.898993, -1.2e-05, 0.0, 0.0, 0.0, 1.0],
                [0.824853, 0.355202, 0.439828, 0.124994, 0.377485, -0.925182, 0.039237, -0.002831, 0.420858, 0.133664, -0.897225, -1.2e-05, 0.0, 0.0, 0.0, 1.0],
                [0.81278, 0.374077, 0.446602, 0.124994, 0.410335, -0.911775, 0.016936, -0.002831, 0.413537, 0.169492, -0.894572, -1.2e-05, 0.0, 0.0, 0.0, 1.0],
                [0.799318, 0.394949, 0.452886, 0.124994, 0.442821, -0.896608, 0.000358, -0.002831, 0.406203, 0.200261, -0.891569, -1.2e-05, 0.0, 0.0, 0.0, 1.0],
                [0.784637, 0.417862, 0.457968, 0.124994, 0.473773, -0.880606, -0.008224, -0.002831, 0.399853, 0.223426, -0.888931, -1.2e-05, 0.0, 0.0, 0.0, 1.0],
                [0.768945, 0.442984, 0.460965, 0.124994, 0.50213, -0.864765, -0.006576, -0.002831, 0.395713, 0.236521, -0.887394, -1.2e-05, 0.0, 0.0, 0.0, 1.0],
                [0.776392, 0.499201, 0.384725, 0.124994, 0.518703, -0.852854, 0.059862, -0.002831, 0.357998, 0.153081, -0.921089, -1.2e-05, 0.0, 0.0, 0.0, 1.0],
                [0.805687, 0.565619, 0.175903, 0.124994, 0.529796, -0.820921, 0.213075, -0.002831, 0.264922, -0.078478, -0.961071, -1.2e-05, 0.0, 0.0, 0.0, 1.0],
                [0.819444, 0.565166, -0.095379, 0.124994, 0.553297, -0.736587, 0.388972, -0.002831, 0.149579, -0.371513, -0.916299, -1.2e-05, 0.0, 0.0, 0.0, 1.0],
                [0.809819, 0.496355, -0.312766, 0.124994, 0.583303, -0.624096, 0.519865, -0.002831, 0.062842, -0.603433, -0.794933, -1.2e-05, 0.0, 0.0, 0.0, 1.0],
                [0.803209, 0.442349, -0.398977, 0.124994, 0.594311, -0.549388, 0.587337, -0.002831, 0.040614, -0.708869, -0.704169, -1.2e-05, 0.0, 0.0, 0.0, 1.0],
                [0.823371, 0.416666, -0.385291, 0.124994, 0.564501, -0.531579, 0.631476, -0.002831, 0.058301, -0.737434, -0.672897, -1.2e-05, 0.0, 0.0, 0.0, 1.0],
                [0.86216, 0.37813, -0.33719, 0.124994, 0.501082, -0.538147, 0.677727, -0.002831, 0.074811, -0.753267, -0.653445, -1.2e-05, 0.0, 0.0, 0.0, 1.0],
                [0.901778, 0.335217, -0.27281, 0.124994, 0.423122, -0.556048, 0.715386, -0.002831, 0.088114, -0.760549, -0.643272, -1.2e-05, 0.0, 0.0, 0.0, 1.0],
                [0.929887, 0.298697, -0.214685, 0.124994, 0.354883, -0.574911, 0.737247, -0.002831, 0.096789, -0.761743, -0.640607, -1.2e-05, 0.0, 0.0, 0.0, 1.0],
                [0.940712, 0.282286, -0.188081, 0.124994, 0.324469, -0.587195, 0.741566, -0.002831, 0.098893, -0.758625, -0.643977, -1.2e-05, 0.0, 0.0, 0.0, 1.0],
                [0.939838, 0.279085, -0.197015, 0.124994, 0.333157, -0.621211, 0.709297, -0.002831, 0.075566, -0.732259, -0.676819, -1.2e-05, 0.0, 0.0, 0.0, 1.0],
                [0.935246, 0.275699, -0.222045, 0.124994, 0.353446, -0.692248, 0.62918, -0.002831, 0.019754, -0.666917, -0.744869, -1.2e-05, 0.0, 0.0, 0.0, 1.0],
                [0.927333, 0.276669, -0.252003, 0.124994, 0.370563, -0.772943, 0.515014, -0.002831, -0.052296, -0.570972, -0.819302, -1.2e-05, 0.0, 0.0, 0.0, 1.0],
                [0.918866, 0.283307, -0.274629, 0.124994, 0.375953, -0.839899, 0.39144, -0.002831, -0.119764, -0.462927, -0.878268, -1.2e-05, 0.0, 0.0, 0.0, 1.0],
                [0.918834, 0.274667, -0.283375, 0.124994, 0.354971, -0.888983, 0.289311, -0.002831, -0.172451, -0.366418, -0.914329, -1.2e-05, 0.0, 0.0, 0.0, 1.0],
                [0.928439, 0.238395, -0.284899, 0.124994, 0.304496, -0.927688, 0.21604, -0.002831, -0.212795, -0.287329, -0.933895, -1.2e-05, 0.0, 0.0, 0.0, 1.0],
                [0.940678, 0.186361, -0.283536, 0.124994, 0.240018, -0.956146, 0.167845, -0.002831, -0.239823, -0.225941, -0.944159, -1.2e-05, 0.0, 0.0, 0.0, 1.0],
                [0.950608, 0.131785, -0.281026, 0.124994, 0.176404, -0.974338, 0.139799, -0.002831, -0.255391, -0.182468, -0.949464, -1.2e-05, 0.0, 0.0, 0.0, 1.0],
                [0.956365, 0.088669, -0.278394, 0.124994, 0.128083, -0.983633, 0.126712, -0.002831, -0.262603, -0.156839, -0.952072, -1.2e-05, 0.0, 0.0, 0.0, 1.0],
                [0.958211, 0.07117, -0.277066, 0.124994, 0.108961, -0.986346, 0.123469, -0.002831, -0.264496, -0.148498, -0.952885, -1.2e-05, 0.0, 0.0, 0.0, 1.0],
                [0.958211, 0.07117, -0.277066, 0.124994, 0.108961, -0.986346, 0.123469, -0.002831, -0.264496, -0.148498, -0.952885, -1.2e-05, 0.0, 0.0, 0.0, 1.0],
                [0.958211, 0.07117, -0.277066, 0.124994, 0.108961, -0.986346, 0.123469, -0.002831, -0.264496, -0.148498, -0.952885, -1.2e-05, 0.0, 0.0, 0.0, 1.0],
                [0.958211, 0.07117, -0.277066, 0.124994, 0.108961, -0.986346, 0.123469, -0.002831, -0.264496, -0.148498, -0.952885, -1.2e-05, 0.0, 0.0, 0.0, 1.0],
                [0.958211, 0.07117, -0.277066, 0.124994, 0.108961, -0.986346, 0.123469, -0.002831, -0.264496, -0.148498, -0.952885, -1.2e-05, 0.0, 0.0, 0.0, 1.0],
                [0.958211, 0.07117, -0.277066, 0.124994, 0.108961, -0.986346, 0.123469, -0.002831, -0.264496, -0.148498, -0.952885, -1.2e-05, 0.0, 0.0, 0.0, 1.0],
                [0.958211, 0.07117, -0.277066, 0.124994, 0.108961, -0.986346, 0.123469, -0.002831, -0.264496, -0.148498, -0.952885, -1.2e-05, 0.0, 0.0, 0.0, 1.0],
                [0.958098, 0.07063, -0.277595, 0.124994, 0.108961, -0.986133, 0.125163, -0.002831, -0.264906, -0.150165, -0.95251, -1.2e-05, 0.0, 0.0, 0.0, 1.0],
                [0.95777, 0.069065, -0.279118, 0.124994, 0.108966, -0.985499, 0.130054, -0.002831, -0.266088, -0.154975, -0.951409, -1.2e-05, 0.0, 0.0, 0.0, 1.0],
                [0.957241, 0.066552, -0.28153, 0.124994, 0.108986, -0.984436, 0.137852, -0.002831, -0.267974, -0.16264, -0.949599, -1.2e-05, 0.0, 0.0, 0.0, 1.0],
                [0.956526, 0.06316, -0.284723, 0.124994, 0.109037, -0.982915, 0.14827, -0.002831, -0.270495, -0.172869, -0.947074, -1.2e-05, 0.0, 0.0, 0.0, 1.0],
                [0.955637, 0.058954, -0.288585, 0.124994, 0.109137, -0.980897, 0.161018, -0.002831, -0.27358, -0.18537, -0.943818, -1.2e-05, 0.0, 0.0, 0.0, 1.0],
                [0.954586, 0.054001, -0.293, 0.124994, 0.109306, -0.978336, 0.175803, -0.002831, -0.277159, -0.199845, -0.939811, -1.2e-05, 0.0, 0.0, 0.0, 1.0],
                [0.953385, 0.048369, -0.297852, 0.124994, 0.109562, -0.975194, 0.192327, -0.002831, -0.281162, -0.215994, -0.935037, -1.2e-05, 0.0, 0.0, 0.0, 1.0],
                [0.952049, 0.042129, -0.303029, 0.124994, 0.10992, -0.971438, 0.210289, -0.002831, -0.285515, -0.233514, -0.929491, -1.2e-05, 0.0, 0.0, 0.0, 1.0],
                [0.950593, 0.035361, -0.308417, 0.124994, 0.110396, -0.967053, 0.229383, -0.002831, -0.290145, -0.252097, -0.923181, -1.2e-05, 0.0, 0.0, 0.0, 1.0],
                [0.949035, 0.02815, -0.31391, 0.124994, 0.110996, -0.962042, 0.2493, -0.002831, -0.294978, -0.271436, -0.916139, -1.2e-05, 0.0, 0.0, 0.0, 1.0],
                [0.947393, 0.02059, -0.319408, 0.124994, 0.111725, -0.956431, 0.26973, -0.002831, -0.299938, -0.291225, -0.908419, -1.2e-05, 0.0, 0.0, 0.0, 1.0],
                [0.94569, 0.012785, -0.324817, 0.124994, 0.112578, -0.950269, 0.290364, -0.002831, -0.304952, -0.31116, -0.900102, -1.2e-05, 0.0, 0.0, 0.0, 1.0],
                [0.94395, 0.004844, -0.330053, 0.124994, 0.113548, -0.943635, 0.310896, -0.002831, -0.309944, -0.330946, -0.891297, -1.2e-05, 0.0, 0.0, 0.0, 1.0],
                [0.942198, -0.003112, -0.335042, 0.124994, 0.114618, -0.936633, 0.331025, -0.002831, -0.314842, -0.350292, -0.882139, -1.2e-05, 0.0, 0.0, 0.0, 1.0],
                [0.940463, -0.010959, -0.33972, 0.124994, 0.115765, -0.929394, 0.35046, -0.002831, -0.319574, -0.368921, -0.872794, -1.2e-05, 0.0, 0.0, 0.0, 1.0],
                [0.938774, -0.018566, -0.344032, 0.124994, 0.116961, -0.922072, 0.368917, -0.002831, -0.324072, -0.386567, -0.863449, -1.2e-05, 0.0, 0.0, 0.0, 1.0],
                [0.937163, -0.025796, -0.347935, 0.124994, 0.118173, -0.914844, 0.386125, -0.002831, -0.328267, -0.402977, -0.854312, -1.2e-05, 0.0, 0.0, 0.0, 1.0],
                [0.935662, -0.032512, -0.351395, 0.124994, 0.119361, -0.907903, 0.401823, -0.002831, -0.332097, -0.417912, -0.845612, -1.2e-05, 0.0, 0.0, 0.0, 1.0],
                [0.934303, -0.038572, -0.354385, 0.124994, 0.120483, -0.901456, 0.415761, -0.002831, -0.3355, -0.431143, -0.837589, -1.2e-05, 0.0, 0.0, 0.0, 1.0],
                [0.93312, -0.043837, -0.356882, 0.124994, 0.121497, -0.895718, 0.427696, -0.002831, -0.338415, -0.442451, -0.830489, -1.2e-05, 0.0, 0.0, 0.0, 1.0],
                [0.932145, -0.048167, -0.358867, 0.124994, 0.122356, -0.890905, 0.437394, -0.002831, -0.340785, -0.451623, -0.824562, -1.2e-05, 0.0, 0.0, 0.0, 1.0],
                [0.93141, -0.051424, -0.36032, 0.124994, 0.123018, -0.88723, 0.44462, -0.002831, -0.342551, -0.458448, -0.820051, -1.2e-05, 0.0, 0.0, 0.0, 1.0],
                [0.930947, -0.053474, -0.361216, 0.124994, 0.123441, -0.884893, 0.449136, -0.002831, -0.343655, -0.46271, -0.81719, -1.2e-05, 0.0, 0.0, 0.0, 1.0],
                [0.930786, -0.054185, -0.361525, 0.124994, 0.123589, -0.884078, 0.450698, -0.002831, -0.344037, -0.464183, -0.816193, -1.2e-05, 0.0, 0.0, 0.0, 1.0],
                [0.932633, -0.050896, -0.357218, 0.124994, 0.123575, -0.885077, 0.448737, -0.002831, -0.339005, -0.462649, -0.819165, -1.2e-05, 0.0, 0.0, 0.0, 1.0],
                [0.937782, -0.041484, -0.344735, 0.124994, 0.123601, -0.887919, 0.44308, -0.002831, -0.324478, -0.458121, -0.82755, -1.2e-05, 0.0, 0.0, 0.0, 1.0],
                [0.945478, -0.026667, -0.32459, 0.124994, 0.123842, -0.892338, 0.434043, -0.002831, -0.301219, -0.450575, -0.840386, -1.2e-05, 0.0, 0.0, 0.0, 1.0],
                [0.954788, -0.007216, -0.2972, 0.124994, 0.124547, -0.898033, 0.421926, -0.002831, -0.26994, -0.439863, -0.856535, -1.2e-05, 0.0, 0.0, 0.0, 1.0],
                [0.964669, 0.016031, -0.262974, 0.124994, 0.125997, -0.904674, 0.407045, -0.002831, -0.231381, -0.425797, -0.874734, -1.2e-05, 0.0, 0.0, 0.0, 1.0],
                [0.97404, 0.042174, -0.222409, 0.124994, 0.128479, -0.911911, 0.389755, -0.002831, -0.18638, -0.408211, -0.893659, -1.2e-05, 0.0, 0.0, 0.0, 1.0],
                [0.981852, 0.07025, -0.176153, 0.124994, 0.132245, -0.919382, 0.370465, -0.002831, -0.135927, -0.387036, -0.91199, -1.2e-05, 0.0, 0.0, 0.0, 1.0],
                [0.987171, 0.099269, -0.125053, 0.124994, 0.137485, -0.926737, 0.349646, -0.002831, -0.081182, -0.362352, -0.928499, -1.2e-05, 0.0, 0.0, 0.0, 1.0],
                [0.989256, 0.128249, -0.070168, 0.124994, 0.144294, -0.933653, 0.327823, -0.002831, -0.02347, -0.334424, -0.94213, -1.2e-05, 0.0, 0.0, 0.0, 1.0],
                [0.987632, 0.156269, -0.012755, 0.124994, 0.152656, -0.939855, 0.305558, -0.002831, 0.035762, -0.303725, -0.952088, -1.2e-05, 0.0, 0.0, 0.0, 1.0],
                [0.982134, 0.182523, 0.04579, 0.124994, 0.162434, -0.945136, 0.283424, -0.002831, 0.095009, -0.270922, -0.957901, -1.2e-05, 0.0, 0.0, 0.0, 1.0],
                [0.972931, 0.206372, 0.103995, 0.124994, 0.173374, -0.949372, 0.261973, -0.002831, 0.152794, -0.236851, -0.959456, -1.2e-05, 0.0, 0.0, 0.0, 1.0],
                [0.960507, 0.227369, 0.160404, 0.124994, 0.185117, -0.952527, 0.241704, -0.002831, 0.207745, -0.202464, -0.957001, -1.2e-05, 0.0, 0.0, 0.0, 1.0],
                [0.945618, 0.24528, 0.213644, 0.124994, 0.197231, -0.954646, 0.223042, -0.002831, 0.258662, -0.168775, -0.95111, -1.2e-05, 0.0, 0.0, 0.0, 1.0],
                [0.929228, 0.260065, 0.262489, 0.124994, 0.209234, -0.955849, 0.206325, -0.002831, 0.304558, -0.136801, -0.942619, -1.2e-05, 0.0, 0.0, 0.0, 1.0],
                [0.912431, 0.271852, 0.305885, 0.124994, 0.220626, -0.956311, 0.191805, -0.002831, 0.344664, -0.107522, -0.932548, -1.2e-05, 0.0, 0.0, 0.0, 1.0],
                [0.896375, 0.280887, 0.342949, 0.124994, 0.230913, -0.956242, 0.179657, -0.002831, 0.378406, -0.081848, -0.922014, -1.2e-05, 0.0, 0.0, 0.0, 1.0],
                [0.882196, 0.287483, 0.372938, 0.124994, 0.239623, -0.955864, 0.170003, -0.002831, 0.405352, -0.060611, -0.912149, -1.2e-05, 0.0, 0.0, 0.0, 1.0],
                [0.870967, 0.291951, 0.395196, 0.124994, 0.246318, -0.955392, 0.162943, -0.002831, 0.425139, -0.044574, -0.90403, -1.2e-05, 0.0, 0.0, 0.0, 1.0],
                [0.86365, 0.294551, 0.409082, 0.124994, 0.250596, -0.955012, 0.158585, -0.002831, 0.43739, -0.034448, -0.898612, -1.2e-05, 0.0, 0.0, 0.0, 1.0],
                [0.86106, 0.295417, 0.413888, 0.124994, 0.252095, -0.954866, 0.157085, -0.002831, 0.441614, -0.03092, -0.896672, -1.2e-05, 0.0, 0.0, 0.0, 1.0]
            ]
        },
        {
            "name": "Leg_R",
            "time": [0.0, 0.0167, 0.0333, 0.05, 0.0667, 0.0833, 0.1, 0.1167, 0.1333, 0.15, 0.1667, 0.1833, 0.2, 0.2167, 0.2333, 0.25, 0.2667, 0.2833, 0.3, 0.3167, 0.3333, 0.35, 0.3667, 0.3833, 0.4, 0.4167, 0.4333, 0.45, 0.4667, 0.4833, 0.5, 0.5167, 0.5333, 0.55, 0.5667, 0.5833, 0.6, 0.6167, 0.6333, 0.65, 0.6667, 0.6833, 0.7, 0.7167, 0.7333, 0.75, 0.7667, 0.7833, 0.8, 0.8167, 0.8333, 0.85, 0.8667, 0.8833, 0.9, 0.9167, 0.9333, 0.95, 0.9667, 0.9833, 1.0, 1.0167, 1.0333, 1.05, 1.0667, 1.0833, 1.1, 1.1167, 1.1333, 1.15, 1.1667, 1.1833, 1.2, 1.2167, 1.2333, 1.25, 1.2667, 1.2833, 1.3, 1.3167, 1.3333, 1.35],
            "transform": [
                [1.0, -0.0, 1e-06, 0.0, -0.0, 0.877385, 0.479788, 0.37472, -1e-06, -0.479789, 0.877383, 0.0, 0.0, 0.0, 0.0, 1.0],
                [1.0, -0.0, 1e-06, 0.0, -0.0, 0.877209, 0.48011, 0.37472, -1e-06, -0.480111, 0.877207, 0.0, 0.0, 0.0, 0.0, 1.0],
                [1.0, -0.0, 1e-06, 0.0, -0.0, 0.875972, 0.482362, 0.37472, -1e-06, -0.482362, 0.875971, 0.0, 0.0, 0.0, 0.0, 1.0],
                [1.0, -0.0, 1e-06, 0.0, -0.0, 0.872586, 0.488461, 0.37472, -1e-06, -0.488461, 0.872585, 0.0, 0.0, 0.0, 0.0, 1.0],
                [1.0, -0.0, 1e-06, -0.0, -0.0, 0.865862, 0.500283, 0.37472, -1e-06, -0.500284, 0.865861, -0.0, 0.0, 0.0, 0.0, 1.0],
                [1.0, -0.0, 1e-06, 0.0, -0.0, 0.854405, 0.519608, 0.37472, -1e-06, -0.519608, 0.854404, 0.0, 0.0, 0.0, 0.0, 1.0],
                [1.0, -0.0, 1e-06, 0.0, -0.0, 0.836465, 0.548021, 0.37472, -1e-06, -0.548022, 0.836464, -0.0, 0.0, 0.0, 0.0, 1.0],
                [1.0, -0.0, 1e-06, -0.0, -0.0, 0.809765, 0.586755, 0.37472, -1e-06, -0.586756, 0.809764, -0.0, 0.0, 0.0, 0.0, 1.0],
                [1.0, -0.0, 1e-06, -0.0, -0.0, 0.771347, 0.636415, 0.37472, -1e-06, -0.636416, 0.771346, -0.0, 0.0, 0.0, 0.0, 1.0],
                [1.0, -0.0, 1e-06, 0.0, -0.0, 0.717488, 0.696571, 0.37472, -1e-06, -0.696571, 0.717487, -0.0, 0.0, 0.0, 0.0, 1.0],
                [1.0, -0.0, 1e-06, -0.0, -0.0, 0.643828, 0.76517, 0.37472, -1e-06, -0.765171, 0.643827, -0.0, 0.0, 0.0, 0.0, 1.0],
                [1.0, -1e-06, 1e-06, -0.0, -0.0, 0.497423, 0.867508, 0.37472, -1e-06, -0.867509, 0.497422, -0.0, 0.0, 0.0, 0.0, 1.0],
                [1.0, -1e-06, 0.0, 0.0, -0.0, 0.24493, 0.96954, 0.37472, -1e-06, -0.969542, 0.244929, -0.0, 0.0, 0.0, 0.0, 1.0],
                [1.0, -1e-06, 0.0, 0.0, -0.0, -0.052324, 0.99863, 0.37472, -1e-06, -0.998631, -0.052324, -0.0, 0.0, 0.0, 0.0, 1.0],
                [1.0, -1e-06, 0.0, -0.0, -0.0, -0.305552, 0.952175, 0.37472, -1e-06, -0.952176, -0.305551, 0.0, 0.0, 0.0, 0.0, 1.0],
                [1.0, -1e-06, -0.0, -0.0, -0.0, -0.453849, 0.891078, 0.37472, -1e-06, -0.89108, -0.453848, 0.0, 0.0, 0.0, 0.0, 1.0],
                [1.0, -1e-06, -0.0, 0.0, -0.0, -0.469306, 0.883035, 0.37472, -1e-06, -0.883036, -0.469306, 0.0, 0.0, 0.0, 0.0, 1.0],
                [1.0, -1e-06, -0.0, -0.0, -0.0, -0.355941, 0.934508, 0.37472, -1e-06, -0.934509, -0.355941, 0.0, 0.0, 0.0, 0.0, 1.0],
                [1.0, -1e-06, 0.0, -0.0, -0.0, -0.095012, 0.995475, 0.37472, -1e-06, -0.995477, -0.095011, 0.0, 0.0, 0.0, 0.0, 1.0],
                [1.0, -1e-06, 0.0, 0.0, -0.0, 0.273449, 0.961886, 0.37472, -1e-06, -0.961887, 0.273449, -0.0, 0.0, 0.0, 0.0, 1.0],
                [1.0, -0.0, 1e-06, -0.0, -0.0, 0.519771, 0.854305, 0.37472, -1e-06, -0.854306, 0.51977, 0.0, 0.0, 0.0, 0.0, 1.0],
                [1.0, -0.0, 1e-06, 0.0, -0.0, 0.626436, 0.779473, 0.37472, -1e-06, -0.779474, 0.626435, -0.0, 0.0, 0.0, 0.0, 1.0],
                [1.0, -0.0, 1e-06, 0.0, -0.0, 0.733898, 0.67926, 0.37472, -1e-06, -0.679261, 0.733897, -0.0, 0.0, 0.0, 0.0, 1.0],
                [1.0, -0.0, 1e-06, -0.0, -0.0, 0.818699, 0.574223, 0.37472, -1e-06, -0.574224, 0.818698, 0.0, 0.0, 0.0, 0.0, 1.0],
                [1.0, -0.0, 1e-06, 0.0, -0.0, 0.876384, 0.481613, 0.37472, -1e-06, -0.481614, 0.876383, -0.0, 0.0, 0.0, 0.0, 1.0],
                [1.0, -0.0, 1e-06, -0.0, -0.0, 0.912727, 0.408571, 0.37472, -1e-06, -0.408571, 0.912726, 0.0, 0.0, 0.0, 0.0, 1.0],
                [1.0, -0.0, 1e-06, 0.0, -0.0, 0.934899, 0.354915, 0.37472, -1e-06, -0.354915, 0.934898, 0.0, 0.0, 0.0, 0.0, 1.0],
                [1.0, 0.0, 1e-06, -0.0, -0.0, 0.948219, 0.31762, 0.37472, -1e-06, -0.317621, 0.948217, 0.0, 0.0, 0.0, 0.0, 1.0],
                [1.0, 0.0, 1e-06, 0.0, -0.0, 0.955984, 0.293421, 0.37472, -1e-06, -0.293422, 0.955982, 0.0, 0.0, 0.0, 0.0, 1.0],
                [1.0, 0.0, 1e-06, -0.0, -0.0, 0.960053, 0.279821, 0.37472, -1e-06, -0.279821, 0.960052, 0.0, 0.0, 0.0, 0.0, 1.0],
                [1.0, 0.0, 1e-06, 0.0, -0.0, 0.96133, 0.2754, 0.37472, -1e-06, -0.275401, 0.961329, 0.0, 0.0, 0.0, 0.0, 1.0],
                [1.0, 0.0, 1e-06, 0.0, -0.0, 0.96133, 0.2754, 0.37472, -1e-06, -0.275401, 0.961329, -0.0, 0.0, 0.0, 0.0, 1.0],
                [1.0, 0.0, 1e-06, 0.0, -0.0, 0.96133, 0.2754, 0.37472, -1e-06, -0.275401, 0.961329, -0.0, 0.0, 0.0, 0.0, 1.0],
                [1.0, 0.0, 1e-06, 0.0, -0.0, 0.96133, 0.2754, 0.37472, -1e-06, -0.275401, 0.961329, -0.0, 0.0, 0.0, 0.0, 1.0],
                [1.0, 0.0, 1e-06, 0.0, -0.0, 0.96133, 0.2754, 0.37472, -1e-06, -0.275401, 0.961329, 0.0, 0.0, 0.0, 0.0, 1.0],
                [1.0, 0.0, 1e-06, 0.0, -0.0, 0.96133, 0.2754, 0.37472, -1e-06, -0.275401, 0.961329, -0.0, 0.0, 0.0, 0.0, 1.0],
                [1.0, 0.0, 1e-06, -0.0, -0.0, 0.96133, 0.2754, 0.37472, -1e-06, -0.275401, 0.961329, 0.0, 0.0, 0.0, 0.0, 1.0],
                [1.0, 0.0, 1e-06, 0.0, -0.0, 0.961239, 0.275717, 0.37472, -1e-06, -0.275718, 0.961238, -0.0, 0.0, 0.0, 0.0, 1.0],
                [1.0, 0.0, 1e-06, -0.0, -0.0, 0.960972, 0.27665, 0.37472, -1e-06, -0.27665, 0.96097, -0.0, 0.0, 0.0, 0.0, 1.0],
                [1.0, 0.0, 1e-06, -0.0, -0.0, 0.960533, 0.278168, 0.37472, -1e-06, -0.278168, 0.960532, 0.0, 0.0, 0.0, 0.0, 1.0],
                [1.0, 0.0, 1e-06, 0.0, -0.0, 0.95993, 0.280242, 0.37472, -1e-06, -0.280243, 0.959928, 0.0, 0.0, 0.0, 0.0, 1.0],
                [1.0, 0.0, 1e-06, -0.0, -0.0, 0.959167, 0.282842, 0.37472, -1e-06, -0.282843, 0.959166, -0.0, 0.0, 0.0, 0.0, 1.0],
                [1.0, 0.0, 1e-06, -0.0, -0.0, 0.958249, 0.285938, 0.37472, -1e-06, -0.285938, 0.958248, 0.0, 0.0, 0.0, 0.0, 1.0],
                [1.0, 0.0, 1e-06, 0.0, -0.0, 0.957179, 0.289498, 0.37472, -1e-06, -0.289498, 0.957178, -0.0, 0.0, 0.0, 0.0, 1.0],
                [1.0, 0.0, 1e-06, 0.0, -0.0, 0.955962, 0.293492, 0.37472, -1e-06, -0.293493, 0.955961, -0.0, 0.0, 0.0, 0.0, 1.0],
                [1.0, 0.0, 1e-06, 0.0, -0.0, 0.954601, 0.297889, 0.37472, -1e-06, -0.29789, 0.9546, 0.0, 0.0, 0.0, 0.0, 1.0],
                [1.0, 0.0, 1e-06, 0.0, -0.0, 0.9531, 0.302658, 0.37472, -1e-06, -0.302658, 0.953099, -0.0, 0.0, 0.0, 0.0, 1.0],
                [1.0, -0.0, 1e-06, -0.0, -0.0, 0.951462, 0.307768, 0.37472, -1e-06, -0.307768, 0.951461, 0.0, 0.0, 0.0, 0.0, 1.0],
                [1.0, -0.0, 1e-06, 0.0, -0.0, 0.949692, 0.313187, 0.37472, -1e-06, -0.313187, 0.949691, 0.0, 0.0, 0.0, 0.0, 1.0],
                [1.0, -0.0, 1e-06, -0.0, -0.0, 0.947794, 0.318885, 0.37472, -1e-06, -0.318885, 0.947793, 0.0, 0.0, 0.0, 0.0, 1.0],
                [1.0, -0.0, 1e-06, -0.0, -0.0, 0.945773, 0.324831, 0.37472, -1e-06, -0.324831, 0.945771, 0.0, 0.0, 0.0, 0.0, 1.0],
                [1.0, -0.0, 1e-06, -0.0, -0.0, 0.943634, 0.330994, 0.37472, -1e-06, -0.330994, 0.943632, 0.0, 0.0, 0.0, 0.0, 1.0],
                [1.0, -0.0, 1e-06, -0.0, -0.0, 0.941383, 0.337343, 0.37472, -1e-06, -0.337344, 0.941381, -0.0, 0.0, 0.0, 0.0, 1.0],
                [1.0, -0.0, 1e-06, 0.0, -0.0, 0.939026, 0.343849, 0.37472, -1e-06, -0.34385, 0.939024, -0.0, 0.0, 0.0, 0.0, 1.0],
                [1.0, -0.0, 1e-06, 0.0, -0.0, 0.93657, 0.350482, 0.37472, -1e-06, -0.350482, 0.936569, -0.0, 0.0, 0.0, 0.0, 1.0],
                [1.0, -0.0, 1e-06, 0.0, -0.0, 0.934024, 0.357211, 0.37472, -1e-06, -0.357211, 0.934023, 0.0, 0.0, 0.0, 0.0, 1.0],
                [1.0, -0.0, 1e-06, 0.0, -0.0, 0.931397, 0.364007, 0.37472, -1e-06, -0.364008, 0.931396, -0.0, 0.0, 0.0, 0.0, 1.0],
                [1.0, -0.0, 1e-06, -0.0, -0.0, 0.928696, 0.370842, 0.37472, -1e-06, -0.370843, 0.928695, 0.0, 0.0, 0.0, 0.0, 1.0],
                [1.0, -0.0, 1e-06, 0.0, -0.0, 0.925933, 0.377688, 0.37472, -1e-06, -0.377689, 0.925932, 0.0, 0.0, 0.0, 0.0, 1.0],
                [1.0, -0.0, 1e-06, 0.0, -0.0, 0.923119, 0.384516, 0.37472, -1e-06, -0.384517, 0.923117, -0.0, 0.0, 0.0, 0.0, 1.0],
                [1.0, -0.0, 1e-06, -0.0, -0.0, 0.920264, 0.3913, 0.37472, -1e-06, -0.3913, 0.920263, -0.0, 0.0, 0.0, 0.0, 1.0],
                [1.0, -0.0, 1e-06, 0.0, -0.0, 0.917381, 0.398011, 0.37472, -1e-06, -0.398012, 0.91738, 0.0, 0.0, 0.0, 0.0, 1.0],
                [1.0, -0.0, 1e-06, 0.0, -0.0, 0.914484, 0.404624, 0.37472, -1e-06, -0.404625, 0.914482, 0.0, 0.0, 0.0, 0.0, 1.0],
                [1.0, -0.0, 1e-06, -0.0, -0.0, 0.911585, 0.411113, 0.37472, -1e-06, -0.411114, 0.911583, 0.0, 0.0, 0.0, 0.0, 1.0],
                [1.0, -0.0, 1e-06, 0.0, -0.0, 0.908699, 0.417453, 0.37472, -1e-06, -0.417453, 0.908698, -0.0, 0.0, 0.0, 0.0, 1.0],
                [1.0, -0.0, 1e-06, 0.0, -0.0, 0.905842, 0.423618, 0.37472, -1e-06, -0.423618, 0.90584, 0.0, 0.0, 0.0, 0.0, 1.0],
                [1.0, -0.0, 1e-06, 0.0, -0.0, 0.903027, 0.429585, 0.37472, -1e-06, -0.429585, 0.903026, -0.0, 0.0, 0.0, 0.0, 1.0],
                [1.0, -0.0, 1e-06, 0.0, -0.0, 0.900272, 0.435329, 0.37472, -1e-06, -0.43533, 0.900271, 0.0, 0.0, 0.0, 0.0, 1.0],
                [1.0, -0.0, 1e-06, 0.0, -0.0, 0.897592, 0.440827, 0.37472, -1e-06, -0.440828, 0.897591, 0.0, 0.0, 0.0, 0.0, 1.0],
                [1.0, -0.0, 1e-06, 0.0, -0.0, 0.895005, 0.446057, 0.37472, -1e-06, -0.446058, 0.895004, 0.0, 0.0, 0.0, 0.0, 1.0],
                [1.0, -0.0, 1e-06, -0.0, -0.0, 0.892527, 0.450996, 0.37472, -1e-06, -0.450996, 0.892525, 0.0, 0.0, 0.0, 0.0, 1.0],
                [1.0, -0.0, 1e-06, 0.0, -0.0, 0.890175, 0.45562, 0.37472, -1e-06, -0.455621, 0.890173, 0.0, 0.0, 0.0, 0.0, 1.0],
                [1.0, -0.0, 1e-06, -0.0, -0.0, 0.887966, 0.459909, 0.37472, -1e-06, -0.45991, 0.887965, 0.0, 0.0, 0.0, 0.0, 1.0],
                [1.0, -0.0, 1e-06, 0.0, -0.0, 0.885919, 0.463841, 0.37472, -1e-06, -0.463842, 0.885917, -0.0, 0.0, 0.0, 0.0, 1.0],
                [1.0, -0.0, 1e-06, 0.0, -0.0, 0.88405, 0.467394, 0.37472, -1e-06, -0.467394, 0.884049, -0.0, 0.0, 0.0, 0.0, 1.0],
                [1.0, -0.0, 1e-06, 0.0, -0.0, 0.882377, 0.470545, 0.37472, -1e-06, -0.470545, 0.882375, 0.0, 0.0, 0.0, 0.0, 1.0],
                [1.0, -0.0, 1e-06, 0.0, -0.0, 0.880916, 0.473273, 0.37472, -1e-06, -0.473274, 0.880915, 0.0, 0.0, 0.0, 0.0, 1.0],
                [1.0, -0.0, 1e-06, 0.0, -0.0, 0.879686, 0.475556, 0.37472, -1e-06, -0.475557, 0.879684, -0.0, 0.0, 0.0, 0.0, 1.0],
                [1.0, -0.0, 1e-06, 0.0, -0.0, 0.878702, 0.477372, 0.37472, -1e-06, -0.477373, 0.8787, -0.0, 0.0, 0.0, 0.0, 1.0],
                [1.0, -0.0, 1e-06, -0.0, -0.0, 0.87798, 0.478699, 0.37472, -1e-06, -0.478699, 0.877978, 0.0, 0.0, 0.0, 0.0, 1.0],
                [1.0, -0.0, 1e-06, 0.0, -0.0, 0.877536, 0.479512, 0.37472, -1e-06, -0.479513, 0.877535, 0.0, 0.0, 0.0, 0.0, 1.0],
                [1.0, -0.0, 1e-06, -0.0, -0.0, 0.877385, 0.479788, 0.37472, -1e-06, -0.479789, 0.877383, -0.0, 0.0, 0.0, 0.0, 1.0]
            ]
        },
        {
            "name": "Knee_R",
            "time": [0.0, 0.0167, 0.0333, 0.05, 0.0667, 0.0833, 0.1, 0.1167, 0.1333, 0.15, 0.1667, 0.1833, 0.2, 0.2167, 0.2333, 0.25, 0.2667, 0.2833, 0.3, 0.3167, 0.3333, 0.35, 0.3667, 0.3833, 0.4, 0.4167, 0.4333, 0.45, 0.4667, 0.4833, 0.5, 0.5167, 0.5333, 0.55, 0.5667, 0.5833, 0.6, 0.6167, 0.6333, 0.65, 0.6667, 0.6833, 0.7, 0.7167, 0.7333, 0.75, 0.7667, 0.7833, 0.8, 0.8167, 0.8333, 0.85, 0.8667, 0.8833, 0.9, 0.9167, 0.9333, 0.95, 0.9667, 0.9833, 1.0, 1.0167, 1.0333, 1.05, 1.0667, 1.0833, 1.1, 1.1167, 1.1333, 1.15, 1.1667, 1.1833, 1.2, 1.2167, 1.2333, 1.25, 1.2667, 1.2833, 1.3, 1.3167, 1.3333, 1.35],
            "transform": [
                [1.0, 0.0, -0.0, 0.0, -0.0, 1e-06, -1.0, 0.37472, -0.0, 1.0, 1e-06, 0.0, 0.0, 0.0, 0.0, 1.0],
                [1.0, 0.0, -0.0, 0.0, -0.0, 1e-06, -1.0, 0.37472, -0.0, 1.0, 1e-06, -0.0, 0.0, 0.0, 0.0, 1.0],
                [1.0, 0.0, -0.0, -0.0, -0.0, 1e-06, -1.0, 0.37472, -0.0, 1.0, 1e-06, 0.0, 0.0, 0.0, 0.0, 1.0],
                [1.0, 0.0, -0.0, 0.0, -0.0, 1e-06, -1.0, 0.37472, -0.0, 1.0, 1e-06, 0.0, 0.0, 0.0, 0.0, 1.0],
                [1.0, 0.0, -0.0, -0.0, -0.0, 1e-06, -1.0, 0.374755, -0.0, 1.0, 1e-06, 0.0, 0.0, 0.0, 0.0, 1.0],
                [1.0, 0.0, -0.0, 0.0, -0.0, 1e-06, -1.0, 0.377114, 0.0, 1.0, 1e-06, 0.0, 0.0, 0.0, 0.0, 1.0],
                [1.0, 0.0, -0.0, 0.0, -0.0, 1e-06, -1.0, 0.380644, -0.0, 1.0, 1e-06, 0.0, 0.0, 0.0, 0.0, 1.0],
                [1.0, 0.0, -0.0, -0.0, -0.0, 1e-06, -1.0, 0.385586, -0.0, 1.0, 1e-06, -0.0, 0.0, 0.0, 0.0, 1.0],
                [1.0, 0.0, -0.0, 0.0, -0.0, 1e-06, -1.0, 0.392183, -0.0, 1.0, 1e-06, -0.0, 0.0, 0.0, 0.0, 1.0],
                [1.0, 0.0, -0.0, -0.0, -0.0, 1e-06, -1.0, 0.400666, -0.0, 1.0, 1e-06, -0.0, 0.0, 0.0, 0.0, 1.0],
                [1.0, -0.0, -0.0, -0.0, -0.0, 1e-06, -1.0, 0.411244, -0.0, 1.0, 1e-06, -0.0, 0.0, 0.0, 0.0, 1.0],
                [1.0, 0.0, -0.0, 0.0, -0.0, 1e-06, -1.0, 0.430033, -0.0, 1.0, 1e-06, -0.0, 0.0, 0.0, 0.0, 1.0],
                [1.0, 0.0, -0.0, -0.0, -0.0, 1e-06, -1.0, 0.458728, -0.0, 1.0, 1e-06, -0.0, 0.0, 0.0, 0.0, 1.0],
                [1.0, 0.0, -0.0, 0.0, -0.0, 1e-06, -1.0, 0.48472, -0.0, 1.0, 1e-06, -0.0, 0.0, 0.0, 0.0, 1.0],
                [1.0, 0.0, -0.0, 0.0, -0.0, 1e-06, -1.0, 0.48472, -0.0, 1.0, 1e-06, -0.0, 0.0, 0.0, 0.0, 1.0],
                [1.0, 0.0, -0.0, 0.0, -0.0, 1e-06, -1.0, 0.48472, -0.0, 1.0, 1e-06, -0.0, 0.0, 0.0, 0.0, 1.0],
                [1.0, 0.0, -0.0, 0.0, -0.0, 1e-06, -1.0, 0.48472, -0.0, 1.0, 1e-06, -0.0, 0.0, 0.0, 0.0, 1.0],
                [1.0, 0.0, -0.0, 0.0, -0.0, 1e-06, -1.0, 0.48472, -0.0, 1.0, 1e-06, 0.0, 0.0, 0.0, 0.0, 1.0],
                [1.0, 0.0, -0.0, 0.0, -0.0, 1e-06, -1.0, 0.48472, -0.0, 1.0, 1e-06, -0.0, 0.0, 0.0, 0.0, 1.0],
                [1.0, 0.0, -0.0, 0.0, -0.0, 1e-06, -1.0, 0.455626, -0.0, 1.0, 1e-06, 0.0, 0.0, 0.0, 0.0, 1.0],
                [1.0, 0.0, -0.0, 0.0, -0.0, 1e-06, -1.0, 0.427306, -0.0, 1.0, 1e-06, -0.0, 0.0, 0.0, 0.0, 1.0],
