{
    "animation": [
        {
            "name": "Root",
            "time": [0.0, 0.0167, 0.0333, 0.05, 0.0667, 0.0833, 0.1, 0.1167, 0.1333, 0.15, 0.1667, 0.1833, 0.2, 0.2167, 0.2333, 0.25, 0.2667, 0.2833, 0.3, 0.3167, 0.3333, 0.35, 0.3667, 0.3833, 0.4, 0.4167, 0.4333, 0.45, 0.4667, 0.4833, 0.5, 0.5167, 0.5333, 0.55, 0.5667, 0.5833, 0.6, 0.6167, 0.6333, 0.65, 0.6667, 0.6833, 0.7, 0.7167, 0.7333, 0.75, 0.7667, 0.7833, 0.8, 0.8167, 0.8333, 0.85, 0.8667, 0.8833, 0.9, 0.9167, 0.9333, 0.95, 0.9667, 0.9833, 1.0],
            "transform": [
                [0.839638, 0.0, -0.543146, -5e-06, -0.543146, 0.0, -0.839638, 0.250841, 0.0, 1.0, 0.0, 0.517257, 0.0, 0.0, 0.0, 1.0],
                [0.854881, 0.0, -0.518824, -5e-06, -0.518824, 0.0, -0.854881, 0.268522, 0.0, 1.0, 0.0, 0.527093, 0.0, 0.0, 0.0, 1.0],
                [0.89365, 0.0, -0.448764, -5e-06, -0.448764, 0.0, -0.89365, 0.318999, 0.0, 1.0, 0.0, 0.552635, 0.0, 0.0, 0.0, 1.0],
                [0.941895, 0.0, -0.335908, -5e-06, -0.335908, 0.0, -0.941895, 0.398427, 0.0, 1.0, 0.0, 0.587934, 0.0, 0.0, 0.0, 1.0],
                [0.982927, 0.0, -0.183996, -5e-06, -0.183996, 0.0, -0.982927, 0.502959, 0.0, 1.0, 0.0, 0.627043, 0.0, 0.0, 0.0, 1.0],
                [1.0, 0.0, 0.0, -5e-06, 0.0, 0.0, -1.0, 0.628749, 0.0, 1.0, 0.0, 0.664013, 0.0, 0.0, 0.0, 1.0],
                [0.978739, 0.0, 0.20511, -5e-06, 0.20511, 0.0, -0.978739, 0.771616, 0.0, 1.0, 0.0, 0.693974, 0.0, 0.0, 0.0, 1.0],
                [0.909653, 0.0, 0.415368, -5e-06, 0.415368, 0.0, -0.909653, 0.926036, 0.0, 1.0, 0.0, 0.716369, 0.0, 0.0, 0.0, 1.0],
                [0.792426, 0.0, 0.609968, -5e-06, 0.609968, 0.0, -0.792426, 1.086151, 0.0, 1.0, 0.0, 0.73172, 0.0, 0.0, 0.0, 1.0],
                [0.638868, 0.0, 0.769316, -5e-06, 0.769316, 0.0, -0.638868, 1.246104, 0.0, 1.0, 0.0, 0.740548, 0.0, 0.0, 0.0, 1.0],
                [0.470482, 0.0, 0.88241, -5e-06, 0.88241, 0.0, -0.470482, 1.400037, 0.0, 1.0, 0.0, 0.743375, 0.0, 0.0, 0.0, 1.0],
                [0.309417, 0.0, 0.950926, -5e-06, 0.950926, 0.0, -0.309417, 1.542968, 0.0, 1.0, 0.0, 0.738224, 0.0, 0.0, 0.0, 1.0],
                [0.165358, 0.0, 0.986234, -5e-06, 0.986234, 0.0, -0.165358, 1.673416, 0.0, 1.0, 0.0, 0.724244, 0.0, 0.0, 0.0, 1.0],
                [0.041058, 0.0, 0.999157, -5e-06, 0.999157, 0.0, -0.041058, 1.790779, 0.0, 1.0, 0.0, 0.703642, 0.0, 0.0, 0.0, 1.0],
                [-0.063347, 0.0, 0.997991, -5e-06, 0.997991, 0.0, 0.063347, 1.894451, 0.0, 1.0, 0.0, 0.678625, 0.0, 0.0, 0.0, 1.0],
                [-0.14885, 0.0, 0.98886, -5e-06, 0.98886, 0.0, 0.14885, 1.983831, 0.0, 1.0, 0.0, 0.651401, 0.0, 0.0, 0.0, 1.0],
                [-0.216747, 0.0, 0.976228, -5e-06, 0.976228, 0.0, 0.216747, 2.058314, 0.0, 1.0, 0.0, 0.624177, 0.0, 0.0, 0.0, 1.0],
                [-0.268249, 0.0, 0.963349, -5e-06, 0.963349, 0.0, 0.268249, 2.117296, 0.0, 1.0, 0.0, 0.599161, 0.0, 0.0, 0.0, 1.0],
                [-0.304315, 0.0, 0.952572, -5e-06, 0.952572, 0.0, 0.304315, 2.160173, 0.0, 1.0, 0.0, 0.578559, 0.0, 0.0, 0.0, 1.0],
                [-0.325626, 0.0, 0.945499, -5e-06, 0.945499, 0.0, 0.325626, 2.186342, 0.0, 1.0, 0.0, 0.564579, 0.0, 0.0, 0.0, 1.0],
                [-0.332646, 0.0, 0.943052, -5e-06, 0.943052, 0.0, 0.332646, 2.195199, 0.0, 1.0, 0.0, 0.559428, 0.0, 0.0, 0.0, 1.0],
                [-0.332646, 0.0, 0.943052, -5e-06, 0.943052, 0.0, 0.332646, 2.195199, 0.0, 1.0, 0.0, 0.559428, 0.0, 0.0, 0.0, 1.0],
                [-0.332646, 0.0, 0.943052, -5e-06, 0.943052, 0.0, 0.332646, 2.195199, 0.0, 1.0, 0.0, 0.559428, 0.0, 0.0, 0.0, 1.0],
                [-0.332646, 0.0, 0.943052, -5e-06, 0.943052, 0.0, 0.332646, 2.195199, 0.0, 1.0, 0.0, 0.559428, 0.0, 0.0, 0.0, 1.0],
                [-0.332646, 0.0, 0.943052, -5e-06, 0.943052, 0.0, 0.332646, 2.195199, 0.0, 1.0, 0.0, 0.559428, 0.0, 0.0, 0.0, 1.0],
                [-0.332646, 0.0, 0.943052, -5e-06, 0.943052, 0.0, 0.332646, 2.195199, 0.0, 1.0, 0.0, 0.559428, 0.0, 0.0, 0.0, 1.0],
                [-0.329019, 0.0, 0.944323, -5e-06, 0.944323, 0.0, 0.329019, 2.195211, 0.0, 1.0, 0.0, 0.559732, 0.0, 0.0, 0.0, 1.0],
                [-0.318355, 0.0, 0.947972, -5e-06, 0.947972, 0.0, 0.318355, 2.195291, 0.0, 1.0, 0.0, 0.560621, 0.0, 0.0, 0.0, 1.0],
                [-0.300903, 0.0, 0.953655, -5e-06, 0.953655, 0.0, 0.300903, 2.195509, 0.0, 1.0, 0.0, 0.562059, 0.0, 0.0, 0.0, 1.0],
                [-0.276835, 0.0, 0.960918, -5e-06, 0.960918, 0.0, 0.276835, 2.195933, 0.0, 1.0, 0.0, 0.564011, 0.0, 0.0, 0.0, 1.0],
                [-0.246272, 0.0, 0.969201, -5e-06, 0.969201, 0.0, 0.246272, 2.196631, 0.0, 1.0, 0.0, 0.566441, 0.0, 0.0, 0.0, 1.0],
                [-0.209322, 0.0, 0.977847, -5e-06, 0.977847, 0.0, 0.209322, 2.197674, 0.0, 1.0, 0.0, 0.569313, 0.0, 0.0, 0.0, 1.0],
                [-0.166117, 0.0, 0.986106, -5e-06, 0.986106, 0.0, 0.166117, 2.199129, 0.0, 1.0, 0.0, 0.572594, 0.0, 0.0, 0.0, 1.0],
                [-0.116849, 0.0, 0.99315, -5e-06, 0.99315, 0.0, 0.116849, 2.201065, 0.0, 1.0, 0.0, 0.576246, 0.0, 0.0, 0.0, 1.0],
                [-0.061807, 0.0, 0.998088, -5e-06, 0.998088, 0.0, 0.061807, 2.203551, 0.0, 1.0, 0.0, 0.580235, 0.0, 0.0, 0.0, 1.0],
                [-0.001414, 0.0, 0.999999, -5e-06, 0.999999, 0.0, 0.001414, 2.206656, 0.0, 1.0, 0.0, 0.584525, 0.0, 0.0, 0.0, 1.0],
                [0.063748, 0.0, 0.997966, -5e-06, 0.997966, 0.0, -0.063748, 2.210448, 0.0, 1.0, 0.0, 0.589081, 0.0, 0.0, 0.0, 1.0],
                [0.132917, 0.0, 0.991127, -5e-06, 0.991127, 0.0, -0.132917, 2.214996, 0.0, 1.0, 0.0, 0.593867, 0.0, 0.0, 0.0, 1.0],
                [0.205146, 0.0, 0.978731, -5e-06, 0.978731, 0.0, -0.205146, 2.220369, 0.0, 1.0, 0.0, 0.598848, 0.0, 0.0, 0.0, 1.0],
                [0.279322, 0.0, 0.960197, -5e-06, 0.960197, 0.0, -0.279322, 2.226635, 0.0, 1.0, 0.0, 0.603989, 0.0, 0.0, 0.0, 1.0],
                [0.354201, 0.0, 0.935169, -5e-06, 0.935169, 0.0, -0.354201, 2.233864, 0.0, 1.0, 0.0, 0.609253, 0.0, 0.0, 0.0, 1.0],
                [0.428462, 0.0, 0.90356, -5e-06, 0.90356, 0.0, -0.428462, 2.242124, 0.0, 1.0, 0.0, 0.614606, 0.0, 0.0, 0.0, 1.0],
                [0.500779, 0.0, 0.865575, -5e-06, 0.865575, 0.0, -0.500779, 2.251483, 0.0, 1.0, 0.0, 0.620012, 0.0, 0.0, 0.0, 1.0],
                [0.569896, 0.0, 0.821717, -5e-06, 0.821717, 0.0, -0.569896, 2.262012, 0.0, 1.0, 0.0, 0.625436, 0.0, 0.0, 0.0, 1.0],
                [0.634706, 0.0, 0.772754, -5e-06, 0.772754, 0.0, -0.634706, 2.273777, 0.0, 1.0, 0.0, 0.630843, 0.0, 0.0, 0.0, 1.0],
                [0.694308, 0.0, 0.719678, -5e-06, 0.719678, 0.0, -0.694308, 2.286849, 0.0, 1.0, 0.0, 0.636196, 0.0, 0.0, 0.0, 1.0],
                [0.748057, 0.0, 0.663634, -5e-06, 0.663634, 0.0, -0.748057, 2.301295, 0.0, 1.0, 0.0, 0.64146, 0.0, 0.0, 0.0, 1.0],
                [0.795579, 0.0, 0.60585, -5e-06, 0.60585, 0.0, -0.795579, 2.317184, 0.0, 1.0, 0.0, 0.646601, 0.0, 0.0, 0.0, 1.0],
                [0.836763, 0.0, 0.547565, -5e-06, 0.547565, 0.0, -0.836763, 2.334586, 0.0, 1.0, 0.0, 0.651582, 0.0, 0.0, 0.0, 1.0],
                [0.871741, 0.0, 0.489967, -5e-06, 0.489967, 0.0, -0.871741, 2.353569, 0.0, 1.0, 0.0, 0.656368, 0.0, 0.0, 0.0, 1.0],
                [0.900843, 0.0, 0.434145, -5e-06, 0.434145, 0.0, -0.900843, 2.375586, 0.0, 1.0, 0.0, 0.660924, 0.0, 0.0, 0.0, 1.0],
                [0.924549, 0.0, 0.381062, -5e-06, 0.381062, 0.0, -0.924549, 2.401241, 0.0, 1.0, 0.0, 0.665214, 0.0, 0.0, 0.0, 1.0],
                [0.94344, 0.0, 0.331543, -5e-06, 0.331543, 0.0, -0.94344, 2.429323, 0.0, 1.0, 0.0, 0.669203, 0.0, 0.0, 0.0, 1.0],
                [0.958148, 0.0, 0.286274, -5e-06, 0.286274, 0.0, -0.958148, 2.458626, 0.0, 1.0, 0.0, 0.672855, 0.0, 0.0, 0.0, 1.0],
                [0.969316, 0.0, 0.245819, -5e-06, 0.245819, 0.0, -0.969316, 2.487942, 0.0, 1.0, 0.0, 0.676135, 0.0, 0.0, 0.0, 1.0],
                [0.977564, 0.0, 0.210639, -5e-06, 0.210639, 0.0, -0.977564, 2.516062, 0.0, 1.0, 0.0, 0.679008, 0.0, 0.0, 0.0, 1.0],
                [0.983461, 0.0, 0.18112, -5e-06, 0.18112, 0.0, -0.983461, 2.541779, 0.0, 1.0, 0.0, 0.681438, 0.0, 0.0, 0.0, 1.0],
                [0.987504, 0.0, 0.157596, -5e-06, 0.157596, 0.0, -0.987504, 2.563884, 0.0, 1.0, 0.0, 0.68339, 0.0, 0.0, 0.0, 1.0],
                [0.990097, 0.0, 0.140382, -5e-06, 0.140382, 0.0, -0.990097, 2.581168, 0.0, 1.0, 0.0, 0.684828, 0.0, 0.0, 0.0, 1.0],
                [0.991541, 0.0, 0.129796, -5e-06, 0.129796, 0.0, -0.991541, 2.592425, 0.0, 1.0, 0.0, 0.685716, 0.0, 0.0, 0.0, 1.0],
                [0.992007, 0.0, 0.126184, -5e-06, 0.126184, 0.0, -0.992007, 2.596446, 0.0, 1.0, 0.0, 0.686021, 0.0, 0.0, 0.0, 1.0]
            ]
        },
        {
            "name": "Thigh_R",
            "time": [0.0, 0.0167, 0.0333, 0.05, 0.0667, 0.0833, 0.1, 0.1167, 0.1333, 0.15, 0.1667, 0.1833, 0.2, 0.2167, 0.2333, 0.25, 0.2667, 0.2833, 0.3, 0.3167, 0.3333, 0.35, 0.3667, 0.3833, 0.4, 0.4167, 0.4333, 0.45, 0.4667, 0.4833, 0.5, 0.5167, 0.5333, 0.55, 0.5667, 0.5833, 0.6, 0.6167, 0.6333, 0.65, 0.6667, 0.6833, 0.7, 0.7167, 0.7333, 0.75, 0.7667, 0.7833, 0.8, 0.8167, 0.8333, 0.85, 0.8667, 0.8833, 0.9, 0.9167, 0.9333, 0.95, 0.9667, 0.9833, 1.0],
            "transform": [
                [0.503314, 0.554911, 0.662381, 0.124994, 0.767595, -0.639147, -0.047812, -0.002831, 0.396828, 0.532504, -0.74764, -1.2e-05, 0.0, 0.0, 0.0, 1.0],
                [0.495835, 0.557756, 0.665624, 0.124994, 0.76213, -0.646915, -0.025644, -0.002831, 0.416299, 0.520006, -0.745847, -1.2e-05, 0.0, 0.0, 0.0, 1.0],
                [0.480768, 0.563958, 0.671425, 0.124994, 0.742999, -0.668636, 0.029599, -0.002831, 0.465632, 0.484637, -0.740481, -1.2e-05, 0.0, 0.0, 0.0, 1.0],
                [0.469392, 0.569729, 0.674595, 0.124994, 0.705897, -0.701085, 0.100931, -0.002831, 0.530452, 0.428818, -0.731256, -1.2e-05, 0.0, 0.0, 0.0, 1.0],
                [0.473109, 0.569803, 0.671931, 0.124994, 0.648744, -0.74134, 0.171882, -0.002831, 0.596069, 0.354592, -0.720393, -1.2e-05, 0.0, 0.0, 0.0, 1.0],
                [0.50257, 0.55629, 0.661789, 0.124994, 0.572177, -0.787869, 0.227757, -0.002831, 0.648102, 0.264196, -0.714257, -1.2e-05, 0.0, 0.0, 0.0, 1.0],
                [0.601608, 0.525277, 0.60179, 0.124994, 0.486436, -0.838487, 0.245594, -0.002831, 0.633598, 0.144981, -0.759957, -1.2e-05, 0.0, 0.0, 0.0, 1.0],
                [0.757159, 0.46373, 0.46007, 0.124994, 0.398522, -0.885966, 0.237152, -0.002831, 0.517581, 0.003786, -0.855626, -1.2e-05, 0.0, 0.0, 0.0, 1.0],
                [0.889564, 0.368415, 0.270082, 0.124994, 0.311272, -0.921589, 0.231903, -0.002831, 0.334341, -0.122223, -0.934493, -1.2e-05, 0.0, 0.0, 0.0, 1.0],
                [0.957363, 0.270329, 0.101871, 0.124994, 0.239501, -0.939895, 0.243377, -0.002831, 0.16154, -0.208602, -0.964568, -1.2e-05, 0.0, 0.0, 0.0, 1.0],
                [0.976326, 0.214277, 0.029536, 0.124994, 0.198481, -0.941767, 0.271435, -0.002831, 0.085978, -0.259145, -0.962004, -1.2e-05, 0.0, 0.0, 0.0, 1.0],
                [0.980455, 0.19497, 0.026357, 0.124994, 0.17794, -0.935905, 0.304, -0.002831, 0.083938, -0.293367, -0.952308, -1.2e-05, 0.0, 0.0, 0.0, 1.0],
                [0.983465, 0.17947, 0.024203, 0.124994, 0.161526, -0.92975, 0.330863, -0.002831, 0.081883, -0.321482, -0.943369, -1.2e-05, 0.0, 0.0, 0.0, 1.0],
                [0.985625, 0.167406, 0.022736, 0.124994, 0.14877, -0.923808, 0.352764, -0.002831, 0.080059, -0.344309, -0.935437, -1.2e-05, 0.0, 0.0, 0.0, 1.0],
                [0.98714, 0.158371, 0.021714, 0.124994, 0.139192, -0.918376, 0.370416, -0.002831, 0.078605, -0.362629, -0.928612, -1.2e-05, 0.0, 0.0, 0.0, 1.0],
                [0.988166, 0.151947, 0.020969, 0.124994, 0.132321, -0.913588, 0.384505, -0.002831, 0.077582, -0.377179, -0.922885, -1.2e-05, 0.0, 0.0, 0.0, 1.0],
                [0.988821, 0.147705, 0.020389, 0.124994, 0.127694, -0.909466, 0.39568, -0.002831, 0.076987, -0.388652, -0.918162, -1.2e-05, 0.0, 0.0, 0.0, 1.0],
                [0.989199, 0.145216, 0.019901, 0.124994, 0.124855, -0.905943, 0.404568, -0.002831, 0.076779, -0.397713, -0.914292, -1.2e-05, 0.0, 0.0, 0.0, 1.0],
                [0.989379, 0.144047, 0.019461, 0.124994, 0.123357, -0.902898, 0.411771, -0.002831, 0.076886, -0.404996, -0.91108, -1.2e-05, 0.0, 0.0, 0.0, 1.0],
                [0.989428, 0.143765, 0.019042, 0.124994, 0.122755, -0.90017, 0.417877, -0.002831, 0.077218, -0.411121, -0.908304, -1.2e-05, 0.0, 0.0, 0.0, 1.0],
                [0.989411, 0.143938, 0.018628, 0.124994, 0.122606, -0.897575, 0.423466, -0.002831, 0.077673, -0.416696, -0.905721, -1.2e-05, 0.0, 0.0, 0.0, 1.0],
                [0.989297, 0.144612, 0.019428, 0.124994, 0.122392, -0.894932, 0.429084, -0.002831, 0.079438, -0.422113, -0.903056, -1.2e-05, 0.0, 0.0, 0.0, 1.0],
                [0.989011, 0.146113, 0.022543, 0.124994, 0.121899, -0.892199, 0.434877, -0.002831, 0.083654, -0.427349, -0.900208, -1.2e-05, 0.0, 0.0, 0.0, 1.0],
                [0.988533, 0.148418, 0.027802, 0.124994, 0.121135, -0.889386, 0.440813, -0.002831, 0.090151, -0.432389, -0.897169, -1.2e-05, 0.0, 0.0, 0.0, 1.0],
                [0.987836, 0.151502, 0.035032, 0.124994, 0.120115, -0.886504, 0.446856, -0.002831, 0.098756, -0.437211, -0.89392, -1.2e-05, 0.0, 0.0, 0.0, 1.0],
                [0.986879, 0.155334, 0.044059, 0.124994, 0.118851, -0.883565, 0.452972, -0.002831, 0.109291, -0.44179, -0.890436, -1.2e-05, 0.0, 0.0, 0.0, 1.0],
                [0.985619, 0.159882, 0.054707, 0.124994, 0.117361, -0.880584, 0.459124, -0.002831, 0.12158, -0.446099, -0.886687, -1.2e-05, 0.0, 0.0, 0.0, 1.0],
                [0.98401, 0.165108, 0.066797, 0.124994, 0.115666, -0.877575, 0.465275, -0.002831, 0.13544, -0.450108, -0.882643, -1.2e-05, 0.0, 0.0, 0.0, 1.0],
                [0.98201, 0.17097, 0.080147, 0.124994, 0.11379, -0.874552, 0.471389, -0.002831, 0.150687, -0.453788, -0.878277, -1.2e-05, 0.0, 0.0, 0.0, 1.0],
                [0.97958, 0.177423, 0.094573, 0.124994, 0.111761, -0.871532, 0.477429, -0.002831, 0.16713, -0.457109, -0.873566, -1.2e-05, 0.0, 0.0, 0.0, 1.0],
                [0.976686, 0.184415, 0.109888, 0.124994, 0.109611, -0.86853, 0.483361, -0.002831, 0.18458, -0.460046, -0.868497, -1.2e-05, 0.0, 0.0, 0.0, 1.0],
                [0.973306, 0.191892, 0.125903, 0.124994, 0.107376, -0.865563, 0.489149, -0.002831, 0.202841, -0.462572, -0.863066, -1.2e-05, 0.0, 0.0, 0.0, 1.0],
                [0.96943, 0.199796, 0.142429, 0.124994, 0.105099, -0.862648, 0.494763, -0.002831, 0.221719, -0.464667, -0.857277, -1.2e-05, 0.0, 0.0, 0.0, 1.0],
                [0.965059, 0.208067, 0.159277, 0.124994, 0.102823, -0.859798, 0.500171, -0.002831, 0.241016, -0.466316, -0.851152, -1.2e-05, 0.0, 0.0, 0.0, 1.0],
                [0.960208, 0.216639, 0.176258, 0.124994, 0.100599, -0.85703, 0.505347, -0.002831, 0.260537, -0.467506, -0.844724, -1.2e-05, 0.0, 0.0, 0.0, 1.0],
                [0.954909, 0.225448, 0.193186, 0.124994, 0.098479, -0.854358, 0.510266, -0.002831, 0.280089, -0.468232, -0.838038, -1.2e-05, 0.0, 0.0, 0.0, 1.0],
                [0.949207, 0.234427, 0.209878, 0.124994, 0.096519, -0.851793, 0.514907, -0.002831, 0.299481, -0.468495, -0.831158, -1.2e-05, 0.0, 0.0, 0.0, 1.0],
                [0.943163, 0.243507, 0.226156, 0.124994, 0.094779, -0.849349, 0.519249, -0.002831, 0.318526, -0.468301, -0.824157, -1.2e-05, 0.0, 0.0, 0.0, 1.0],
                [0.936852, 0.252622, 0.241847, 0.124994, 0.09332, -0.847035, 0.523279, -0.002831, 0.337045, -0.467664, -0.817123, -1.2e-05, 0.0, 0.0, 0.0, 1.0],
                [0.93036, 0.261706, 0.256787, 0.124994, 0.092206, -0.844859, 0.526981, -0.002831, 0.354863, -0.466603, -0.810156, -1.2e-05, 0.0, 0.0, 0.0, 1.0],
                [0.923787, 0.270696, 0.270815, 0.124994, 0.0915, -0.842829, 0.530343, -0.002831, 0.371813, -0.465143, -0.803365, -1.2e-05, 0.0, 0.0, 0.0, 1.0],
                [0.917241, 0.279529, 0.28378, 0.124994, 0.091269, -0.84095, 0.533357, -0.002831, 0.387734, -0.463316, -0.796869, -1.2e-05, 0.0, 0.0, 0.0, 1.0],
                [0.910839, 0.288148, 0.295536, 0.124994, 0.091577, -0.839227, 0.536012, -0.002831, 0.402474, -0.461155, -0.790791, -1.2e-05, 0.0, 0.0, 0.0, 1.0],
                [0.904702, 0.296498, 0.305945, 0.124994, 0.092491, -0.837661, 0.538299, -0.002831, 0.415883, -0.458702, -0.78526, -1.2e-05, 0.0, 0.0, 0.0, 1.0],
                [0.898954, 0.304527, 0.314872, 0.124994, 0.094074, -0.836256, 0.540207, -0.002831, 0.427821, -0.455999, -0.780406, -1.2e-05, 0.0, 0.0, 0.0, 1.0],
                [0.893719, 0.312188, 0.322187, 0.124994, 0.09639, -0.83501, 0.541723, -0.002831, 0.43815, -0.453091, -0.776358, -1.2e-05, 0.0, 0.0, 0.0, 1.0],
                [0.889118, 0.319437, 0.327763, 0.124994, 0.099501, -0.833925, 0.542831, -0.002831, 0.446731, -0.450026, -0.773245, -1.2e-05, 0.0, 0.0, 0.0, 1.0],
                [0.884963, 0.325406, 0.333092, 0.124994, 0.10476, -0.836098, 0.538481, -0.002831, 0.453724, -0.44164, -0.774008, -1.2e-05, 0.0, 0.0, 0.0, 1.0],
                [0.881009, 0.329339, 0.339645, 0.124994, 0.113187, -0.843791, 0.524597, -0.002831, 0.45936, -0.42373, -0.780667, -1.2e-05, 0.0, 0.0, 0.0, 1.0],
                [0.877299, 0.331354, 0.347202, 0.124994, 0.124293, -0.8556, 0.502491, -0.002831, 0.463569, -0.397679, -0.791805, -1.2e-05, 0.0, 0.0, 0.0, 1.0],
                [0.873892, 0.331575, 0.355485, 0.124994, 0.137528, -0.870028, 0.473428, -0.002831, 0.46626, -0.364835, -0.805914, -1.2e-05, 0.0, 0.0, 0.0, 1.0],
                [0.870845, 0.330162, 0.364172, 0.124994, 0.152288, -0.885612, 0.438744, -0.002831, 0.467373, -0.326618, -0.821513, -1.2e-05, 0.0, 0.0, 0.0, 1.0],
                [0.868209, 0.327323, 0.372924, 0.124994, 0.167928, -0.901038, 0.399909, -0.002831, 0.466919, -0.28458, -0.837258, -1.2e-05, 0.0, 0.0, 0.0, 1.0],
                [0.866018, 0.323327, 0.381408, 0.124994, 0.183785, -0.915232, 0.358566, -0.002831, 0.465011, -0.240427, -0.852033, -1.2e-05, 0.0, 0.0, 0.0, 1.0],
                [0.864283, 0.318504, 0.38932, 0.124994, 0.199206, -0.927435, 0.316508, -0.002831, 0.461878, -0.195996, -0.865017, -1.2e-05, 0.0, 0.0, 0.0, 1.0],
                [0.862987, 0.313239, 0.396401, 0.124994, 0.213577, -0.937231, 0.275642, -0.002831, 0.457862, -0.153212, -0.875722, -1.2e-05, 0.0, 0.0, 0.0, 1.0],
                [0.862089, 0.307954, 0.40245, 0.124994, 0.226337, -0.944541, 0.237927, -0.002831, 0.453401, -0.114024, -0.883983, -1.2e-05, 0.0, 0.0, 0.0, 1.0],
                [0.861526, 0.30309, 0.407318, 0.124994, 0.236993, -0.949565, 0.205319, -0.002831, 0.449006, -0.080356, -0.889908, -1.2e-05, 0.0, 0.0, 0.0, 1.0],
                [0.86122, 0.299095, 0.410903, 0.124994, 0.245106, -0.952687, 0.179738, -0.002831, 0.445221, -0.054079, -0.893786, -1.2e-05, 0.0, 0.0, 0.0, 1.0],
                [0.86109, 0.296401, 0.413122, 0.124994, 0.250275, -0.954344, 0.163051, -0.002831, 0.44259, -0.037006, -0.89596, -1.2e-05, 0.0, 0.0, 0.0, 1.0],
                [0.86106, 0.295417, 0.413888, 0.124994, 0.252095, -0.954866, 0.157085, -0.002831, 0.441614, -0.03092, -0.896673, -1.2e-05, 0.0, 0.0, 0.0, 1.0]
            ]
        },
        {
            "name": "Leg_R",
            "time": [0.0, 0.0167, 0.0333, 0.05, 0.0667, 0.0833, 0.1, 0.1167, 0.1333, 0.15, 0.1667, 0.1833, 0.2, 0.2167, 0.2333, 0.25, 0.2667, 0.2833, 0.3, 0.3167, 0.3333, 0.35, 0.3667, 0.3833, 0.4, 0.4167, 0.4333, 0.45, 0.4667, 0.4833, 0.5, 0.5167, 0.5333, 0.55, 0.5667, 0.5833, 0.6, 0.6167, 0.6333, 0.65, 0.6667, 0.6833, 0.7, 0.7167, 0.7333, 0.75, 0.7667, 0.7833, 0.8, 0.8167, 0.8333, 0.85, 0.8667, 0.8833, 0.9, 0.9167, 0.9333, 0.95, 0.9667, 0.9833, 1.0],
            "transform": [
                [1.0, 0.0, 1e-06, -0.0, -0.0, 0.97403, 0.22642, 0.37472, -1e-06, -0.22642, 0.974029, -0.0, 0.0, 0.0, 0.0, 1.0],
                [1.0, -0.0, 1e-06, -0.0, -0.0, 0.952634, 0.30412, 0.37472, -1e-06, -0.304121, 0.952633, -0.0, 0.0, 0.0, 0.0, 1.0],
                [1.0, -0.0, 1e-06, -0.0, -0.0, 0.867256, 0.497864, 0.37472, -1e-06, -0.497865, 0.867254, -0.0, 0.0, 0.0, 0.0, 1.0],
                [1.0, -0.0, 1e-06, -0.0, -0.0, 0.688486, 0.725249, 0.37472, -1e-06, -0.72525, 0.688485, 0.0, 0.0, 0.0, 0.0, 1.0],
                [1.0, -1e-06, 1e-06, 0.0, -0.0, 0.468994, 0.883201, 0.37472, -1e-06, -0.883202, 0.468993, 0.0, 0.0, 0.0, 0.0, 1.0],
                [1.0, -1e-06, 0.0, -0.0, -0.0, 0.360144, 0.932896, 0.37472, -1e-06, -0.932897, 0.360144, -0.0, 0.0, 0.0, 0.0, 1.0],
                [1.0, -1e-06, 0.0, 0.0, -0.0, 0.426486, 0.904494, 0.37472, -1e-06, -0.904495, 0.426485, 0.0, 0.0, 0.0, 0.0, 1.0],
                [1.0, -0.0, 1e-06, 0.0, -0.0, 0.584071, 0.811702, 0.37472, -1e-06, -0.811704, 0.58407, -0.0, 0.0, 0.0, 0.0, 1.0],
                [1.0, -0.0, 1e-06, -0.0, -0.0, 0.758481, 0.651695, 0.37472, -1e-06, -0.651696, 0.75848, -0.0, 0.0, 0.0, 0.0, 1.0],
                [1.0, -0.0, 1e-06, -0.0, -0.0, 0.878316, 0.478081, 0.37472, -1e-06, -0.478082, 0.878315, -0.0, 0.0, 0.0, 0.0, 1.0],
                [1.0, -0.0, 1e-06, 0.0, -0.0, 0.918148, 0.396239, 0.37472, -1e-06, -0.39624, 0.918146, 0.0, 0.0, 0.0, 0.0, 1.0],
                [1.0, -0.0, 1e-06, 0.0, -0.0, 0.90936, 0.416011, 0.37472, -1e-06, -0.416012, 0.909359, 0.0, 0.0, 0.0, 0.0, 1.0],
                [1.0, -0.0, 1e-06, 0.0, -0.0, 0.8829, 0.469561, 0.37472, -1e-06, -0.469562, 0.882899, -0.0, 0.0, 0.0, 0.0, 1.0],
                [1.0, -0.0, 1e-06, -0.0, -0.0, 0.836777, 0.547544, 0.37472, -1e-06, -0.547545, 0.836776, 0.0, 0.0, 0.0, 0.0, 1.0],
                [1.0, -0.0, 1e-06, 0.0, -0.0, 0.769117, 0.639108, 0.37472, -1e-06, -0.639109, 0.769116, 0.0, 0.0, 0.0, 0.0, 1.0],
                [1.0, -0.0, 1e-06, 0.0, -0.0, 0.68111, 0.732181, 0.37472, -1e-06, -0.732182, 0.681109, 0.0, 0.0, 0.0, 0.0, 1.0],
                [1.0, -0.0, 1e-06, -0.0, -0.0, 0.579035, 0.815302, 0.37472, -1e-06, -0.815304, 0.579034, 0.0, 0.0, 0.0, 0.0, 1.0],
                [1.0, -1e-06, 1e-06, 0.0, -0.0, 0.474364, 0.880328, 0.37472, -1e-06, -0.88033, 0.474363, 0.0, 0.0, 0.0, 0.0, 1.0],
                [1.0, -1e-06, 0.0, 0.0, -0.0, 0.381788, 0.924249, 0.37472, -1e-06, -0.924251, 0.381788, -0.0, 0.0, 0.0, 0.0, 1.0],
                [1.0, -1e-06, 0.0, -0.0, -0.0, 0.31643, 0.948615, 0.37472, -1e-06, -0.948617, 0.316429, 0.0, 0.0, 0.0, 0.0, 1.0],
                [1.0, -1e-06, 0.0, -0.0, -0.0, 0.291943, 0.956435, 0.37472, -1e-06, -0.956436, 0.291943, -0.0, 0.0, 0.0, 0.0, 1.0],
                [1.0, -1e-06, 0.0, -0.0, -0.0, 0.291954, 0.956432, 0.37472, -1e-06, -0.956433, 0.291954, -0.0, 0.0, 0.0, 0.0, 1.0],
                [1.0, -1e-06, 0.0, -0.0, -0.0, 0.292028, 0.956409, 0.37472, -1e-06, -0.956411, 0.292027, -0.0, 0.0, 0.0, 0.0, 1.0],
                [1.0, -1e-06, 0.0, -0.0, -0.0, 0.292229, 0.956348, 0.37472, -1e-06, -0.956349, 0.292229, -0.0, 0.0, 0.0, 0.0, 1.0],
                [1.0, -1e-06, 0.0, 0.0, -0.0, 0.292621, 0.956228, 0.37472, -1e-06, -0.956229, 0.29262, 0.0, 0.0, 0.0, 0.0, 1.0],
                [1.0, -1e-06, 0.0, 0.0, -0.0, 0.293266, 0.95603, 0.37472, -1e-06, -0.956032, 0.293266, 0.0, 0.0, 0.0, 0.0, 1.0],
                [1.0, -1e-06, 0.0, 0.0, -0.0, 0.294228, 0.955734, 0.37472, -1e-06, -0.955736, 0.294228, 0.0, 0.0, 0.0, 0.0, 1.0],
                [1.0, -1e-06, 0.0, -0.0, -0.0, 0.29557, 0.95532, 0.37472, -1e-06, -0.955322, 0.29557, 0.0, 0.0, 0.0, 0.0, 1.0],
                [1.0, -1e-06, 0.0, -0.0, -0.0, 0.297353, 0.954767, 0.37472, -1e-06, -0.954768, 0.297353, 0.0, 0.0, 0.0, 0.0, 1.0],
                [1.0, -1e-06, 0.0, 0.0, -0.0, 0.29964, 0.954052, 0.37472, -1e-06, -0.954053, 0.299639, -0.0, 0.0, 0.0, 0.0, 1.0],
                [1.0, -1e-06, 0.0, -0.0, -0.0, 0.302489, 0.953152, 0.37472, -1e-06, -0.953153, 0.302489, 0.0, 0.0, 0.0, 0.0, 1.0],
                [1.0, -1e-06, 0.0, -0.0, -0.0, 0.305962, 0.952043, 0.37472, -1e-06, -0.952044, 0.305961, -0.0, 0.0, 0.0, 0.0, 1.0],
                [1.0, -1e-06, 0.0, -0.0, -0.0, 0.310114, 0.950699, 0.37472, -1e-06, -0.9507, 0.310114, -0.0, 0.0, 0.0, 0.0, 1.0],
                [1.0, -1e-06, 0.0, 0.0, -0.0, 0.315003, 0.94909, 0.37472, -1e-06, -0.949091, 0.315002, -0.0, 0.0, 0.0, 0.0, 1.0],
                [1.0, -1e-06, 0.0, -0.0, -0.0, 0.32068, 0.947187, 0.37472, -1e-06, -0.947188, 0.32068, 0.0, 0.0, 0.0, 0.0, 1.0],
                [1.0, -1e-06, 0.0, -0.0, -0.0, 0.327198, 0.944955, 0.37472, -1e-06, -0.944956, 0.327197, 0.0, 0.0, 0.0, 0.0, 1.0],
                [1.0, -1e-06, 0.0, 0.0, -0.0, 0.334602, 0.942359, 0.37472, -1e-06, -0.94236, 0.334602, -0.0, 0.0, 0.0, 0.0, 1.0],
                [1.0, -1e-06, 0.0, 0.0, -0.0, 0.342938, 0.939358, 0.37472, -1e-06, -0.939359, 0.342938, -0.0, 0.0, 0.0, 0.0, 1.0],
                [1.0, -1e-06, 1e-06, 0.0, -0.0, 0.352245, 0.935907, 0.37472, -1e-06, -0.935909, 0.352244, -0.0, 0.0, 0.0, 0.0, 1.0],
                [1.0, -1e-06, 0.0, 0.0, -0.0, 0.362556, 0.931961, 0.37472, -1e-06, -0.931963, 0.362556, -0.0, 0.0, 0.0, 0.0, 1.0],
                [1.0, -1e-06, 0.0, -0.0, -0.0, 0.373901, 0.927468, 0.37472, -1e-06, -0.927469, 0.3739, 0.0, 0.0, 0.0, 0.0, 1.0],
                [1.0, -1e-06, 1e-06, 0.0, -0.0, 0.386302, 0.922371, 0.37472, -1e-06, -0.922373, 0.386302, -0.0, 0.0, 0.0, 0.0, 1.0],
                [1.0, -1e-06, 0.0, -0.0, -0.0, 0.399775, 0.916613, 0.37472, -1e-06, -0.916614, 0.399774, -0.0, 0.0, 0.0, 0.0, 1.0],
                [1.0, -1e-06, 1e-06, -0.0, -0.0, 0.414326, 0.910128, 0.37472, -1e-06, -0.91013, 0.414325, 0.0, 0.0, 0.0, 0.0, 1.0],
                [1.0, -1e-06, 1e-06, 0.0, -0.0, 0.429954, 0.90285, 0.37472, -1e-06, -0.902852, 0.429953, 0.0, 0.0, 0.0, 0.0, 1.0],
                [1.0, -1e-06, 1e-06, -0.0, -0.0, 0.446648, 0.894709, 0.37472, -1e-06, -0.894711, 0.446647, -0.0, 0.0, 0.0, 0.0, 1.0],
                [1.0, -1e-06, 1e-06, -0.0, -0.0, 0.464387, 0.885632, 0.37472, -1e-06, -0.885633, 0.464386, -0.0, 0.0, 0.0, 0.0, 1.0],
                [1.0, -0.0, 1e-06, 0.0, -0.0, 0.490533, 0.871423, 0.37472, -1e-06, -0.871424, 0.490532, -0.0, 0.0, 0.0, 0.0, 1.0],
                [1.0, -0.0, 1e-06, -0.0, -0.0, 0.529244, 0.848469, 0.37472, -1e-06, -0.848471, 0.529243, 0.0, 0.0, 0.0, 0.0, 1.0],
                [1.0, -0.0, 1e-06, -0.0, -0.0, 0.575481, 0.817815, 0.37472, -1e-06, -0.817816, 0.57548, -0.0, 0.0, 0.0, 0.0, 1.0],
                [1.0, -0.0, 1e-06, 0.0, -0.0, 0.624557, 0.780979, 0.37472, -1e-06, -0.78098, 0.624556, -0.0, 0.0, 0.0, 0.0, 1.0],
                [1.0, -0.0, 1e-06, 0.0, -0.0, 0.672681, 0.739932, 0.37472, -1e-06, -0.739933, 0.67268, 0.0, 0.0, 0.0, 0.0, 1.0],
                [1.0, -0.0, 1e-06, -0.0, -0.0, 0.717195, 0.696873, 0.37472, -1e-06, -0.696874, 0.717194, 0.0, 0.0, 0.0, 0.0, 1.0],
                [1.0, -0.0, 1e-06, -0.0, -0.0, 0.756532, 0.653957, 0.37472, -1e-06, -0.653958, 0.756531, 0.0, 0.0, 0.0, 0.0, 1.0],
                [1.0, -0.0, 1e-06, 0.0, -0.0, 0.790011, 0.613093, 0.37472, -1e-06, -0.613094, 0.790009, -0.0, 0.0, 0.0, 0.0, 1.0],
                [1.0, -0.0, 1e-06, 0.0, -0.0, 0.817558, 0.575847, 0.37472, -1e-06, -0.575848, 0.817556, -0.0, 0.0, 0.0, 0.0, 1.0],
                [1.0, -0.0, 1e-06, 0.0, -0.0, 0.839445, 0.543446, 0.37472, -1e-06, -0.543447, 0.839443, 0.0, 0.0, 0.0, 0.0, 1.0],
                [1.0, -0.0, 1e-06, 0.0, -0.0, 0.856077, 0.516849, 0.37472, -1e-06, -0.516849, 0.856076, 0.0, 0.0, 0.0, 0.0, 1.0],
                [1.0, -0.0, 1e-06, -0.0, -0.0, 0.867834, 0.496855, 0.37472, -1e-06, -0.496855, 0.867833, 0.0, 0.0, 0.0, 0.0, 1.0],
                [1.0, -0.0, 1e-06, 0.0, -0.0, 0.874947, 0.48422, 0.37472, -1e-06, -0.484221, 0.874946, -0.0, 0.0, 0.0, 0.0, 1.0],
                [1.0, -0.0, 1e-06, 0.0, -0.0, 0.877385, 0.479788, 0.37472, -1e-06, -0.479789, 0.877383, 0.0, 0.0, 0.0, 0.0, 1.0]
            ]
        },
        {
            "name": "Knee_R",
            "time": [0.0, 0.0167, 0.0333, 0.05, 0.0667, 0.0833, 0.1, 0.1167, 0.1333, 0.15, 0.1667, 0.1833, 0.2, 0.2167, 0.2333, 0.25, 0.2667, 0.2833, 0.3, 0.3167, 0.3333, 0.35, 0.3667, 0.3833, 0.4, 0.4167, 0.4333, 0.45, 0.4667, 0.4833, 0.5, 0.5167, 0.5333, 0.55, 0.5667, 0.5833, 0.6, 0.6167, 0.6333, 0.65, 0.6667, 0.6833, 0.7, 0.7167, 0.7333, 0.75, 0.7667, 0.7833, 0.8, 0.8167, 0.8333, 0.85, 0.8667, 0.8833, 0.9, 0.9167, 0.9333, 0.95, 0.9667, 0.9833, 1.0],
            "transform": [
                [1.0, 0.0, -0.0, -0.0, -0.0, 1e-06, -1.0, 0.37472, -0.0, 1.0, 1e-06, -0.0, 0.0, 0.0, 0.0, 1.0],
                [1.0, 0.0, -0.0, -0.0, -0.0, 1e-06, -1.0, 0.37472, -0.0, 1.0, 1e-06, 0.0, 0.0, 0.0, 0.0, 1.0],
                [1.0, 0.0, -0.0, -0.0, -0.0, 1e-06, -1.0, 0.37472, -0.0, 1.0, 1e-06, -0.0, 0.0, 0.0, 0.0, 1.0],
                [1.0, 0.0, -0.0, -0.0, -0.0, 1e-06, -1.0, 0.404951, -0.0, 1.0, 1e-06, 0.0, 0.0, 0.0, 0.0, 1.0],
                [1.0, 0.0, -0.0, 0.0, -0.0, 1e-06, -1.0, 0.433444, -0.0, 1.0, 1e-06, 0.0, 0.0, 0.0, 0.0, 1.0],
                [1.0, -0.0, -0.0, -0.0, -0.0, 1e-06, -1.0, 0.44602, -0.0, 1.0, 1e-06, -0.0, 0.0, 0.0, 0.0, 1.0],
                [1.0, 0.0, -0.0, 0.0, -0.0, 1e-06, -1.0, 0.438438, -0.0, 1.0, 1e-06, -0.0, 0.0, 0.0, 0.0, 1.0],
                [1.0, 0.0, -0.0, 0.0, -0.0, 1e-06, -1.0, 0.419202, -0.0, 1.0, 1e-06, -0.0, 0.0, 0.0, 0.0, 1.0],
                [1.0, 0.0, -0.0, -0.0, -0.0, 1e-06, -1.0, 0.394281, -0.0, 1.0, 1e-06, -0.0, 0.0, 0.0, 0.0, 1.0],
                [1.0, 0.0, -0.0, -0.0, -0.0, 1e-06, -1.0, 0.37472, -0.0, 1.0, 1e-06, -0.0, 0.0, 0.0, 0.0, 1.0],
                [1.0, 0.0, -0.0, -0.0, -0.0, 1e-06, -1.0, 0.37472, -0.0, 1.0, 1e-06, 0.0, 0.0, 0.0, 0.0, 1.0],
                [1.0, 0.0, -0.0, 0.0, -0.0, 1e-06, -1.0, 0.37472, -0.0, 1.0, 1e-06, 0.0, 0.0, 0.0, 0.0, 1.0],
                [1.0, 0.0, -0.0, 0.0, -0.0, 1e-06, -1.0, 0.37472, -0.0, 1.0, 1e-06, -0.0, 0.0, 0.0, 0.0, 1.0],
                [1.0, 0.0, -0.0, -0.0, -0.0, 1e-06, -1.0, 0.380584, -0.0, 1.0, 1e-06, 0.0, 0.0, 0.0, 0.0, 1.0],
                [1.0, 0.0, -0.0, 0.0, -0.0, 1e-06, -1.0, 0.39255, -0.0, 1.0, 1e-06, -0.0, 0.0, 0.0, 0.0, 1.0],
                [1.0, 0.0, -0.0, 0.0, -0.0, 1e-06, -1.0, 0.406014, -0.0, 1.0, 1e-06, -0.0, 0.0, 0.0, 0.0, 1.0],
                [1.0, 0.0, -0.0, -1e-06, -0.0, 1e-06, -1.0, 0.419852, -0.0, 1.0, 1e-06, 0.0, 0.0, 0.0, 0.0, 1.0],
                [1.0, 0.0, -0.0, 0.0, -0.0, 1e-06, -1.0, 0.432804, -0.0, 1.0, 1e-06, -0.0, 0.0, 0.0, 0.0, 1.0],
                [1.0, 0.0, -0.0, 0.0, -0.0, 1e-06, -1.0, 0.443572, -0.0, 1.0, 1e-06, -0.0, 0.0, 0.0, 0.0, 1.0],
                [1.0, 0.0, -0.0, -0.0, -0.0, 1e-06, -1.0, 0.4509, -0.0, 1.0, 1e-06, -0.0, 0.0, 0.0, 0.0, 1.0],
                [1.0, 0.0, -0.0, -0.0, -0.0, 1e-06, -1.0, 0.4536, -0.0, 1.0, 1e-06, -0.0, 0.0, 0.0, 0.0, 1.0],
                [1.0, 0.0, -0.0, -0.0, -0.0, 1e-06, -1.0, 0.453599, -0.0, 1.0, 1e-06, -0.0, 0.0, 0.0, 0.0, 1.0],
                [1.0, 0.0, -0.0, -0.0, -0.0, 1e-06, -1.0, 0.453591, -0.0, 1.0, 1e-06, -0.0, 0.0, 0.0, 0.0, 1.0],
                [1.0, 0.0, -0.0, 0.0, -0.0, 1e-06, -1.0, 0.453569, -0.0, 1.0, 1e-06, -0.0, 0.0, 0.0, 0.0, 1.0],
                [1.0, 0.0, -0.0, 0.0, -0.0, 1e-06, -1.0, 0.453526, -0.0, 1.0, 1e-06, 0.0, 0.0, 0.0, 0.0, 1.0],
                [1.0, 0.0, -0.0, 0.0, -0.0, 1e-06, -1.0, 0.453455, -0.0, 1.0, 1e-06, 0.0, 0.0, 0.0, 0.0, 1.0],
                [1.0, 0.0, -0.0, -0.0, -0.0, 1e-06, -1.0, 0.453349, -0.0, 1.0, 1e-06, 0.0, 0.0, 0.0, 0.0, 1.0],
                [1.0, 0.0, -0.0, -0.0, -0.0, 1e-06, -1.0, 0.453202, -0.0, 1.0, 1e-06, 0.0, 0.0, 0.0, 0.0, 1.0],
                [1.0, 0.0, -0.0, 0.0, -0.0, 1e-06, -1.0, 0.453006, -0.0, 1.0, 1e-06, -0.0, 0.0, 0.0, 0.0, 1.0],
                [1.0, 0.0, -0.0, 0.0, -0.0, 1e-06, -1.0, 0.452754, -0.0, 1.0, 1e-06, -0.0, 0.0, 0.0, 0.0, 1.0],
                [1.0, 0.0, -0.0, 0.0, -0.0, 1e-06, -1.0, 0.45244, -0.0, 1.0, 1e-06, -0.0, 0.0, 0.0, 0.0, 1.0],
                [1.0, 0.0, -0.0, -0.0, -0.0, 1e-06, -1.0, 0.452057, -0.0, 1.0, 1e-06, -0.0, 0.0, 0.0, 0.0, 1.0],
                [1.0, 0.0, -0.0, -0.0, -0.0, 1e-06, -1.0, 0.451599, -0.0, 1.0, 1e-06, -0.0, 0.0, 0.0, 0.0, 1.0],
                [1.0, 0.0, -0.0, -0.0, -0.0, 1e-06, -1.0, 0.451058, -0.0, 1.0, 1e-06, -0.0, 0.0, 0.0, 0.0, 1.0],
                [1.0, 0.0, -0.0, 0.0, -0.0, 1e-06, -1.0, 0.450429, -0.0, 1.0, 1e-06, 0.0, 0.0, 0.0, 0.0, 1.0],
                [1.0, 0.0, -0.0, -1e-06, -0.0, 1e-06, -1.0, 0.449706, -0.0, 1.0, 1e-06, -0.0, 0.0, 0.0, 0.0, 1.0],
                [1.0, 0.0, -0.0, -0.0, -0.0, 1e-06, -1.0, 0.448881, -0.0, 1.0, 1e-06, -0.0, 0.0, 0.0, 0.0, 1.0],
                [1.0, 0.0, -0.0, 0.0, -0.0, 1e-06, -1.0, 0.447951, -0.0, 1.0, 1e-06, 0.0, 0.0, 0.0, 0.0, 1.0],
                [1.0, 0.0, -0.0, 0.0, -0.0, 1e-06, -1.0, 0.446908, -0.0, 1.0, 1e-06, -0.0, 0.0, 0.0, 0.0, 1.0],
                [1.0, 0.0, -0.0, 0.0, -0.0, 1e-06, -1.0, 0.445749, -0.0, 1.0, 1e-06, -0.0, 0.0, 0.0, 0.0, 1.0],
                [1.0, 0.0, -0.0, 0.0, -0.0, 1e-06, -1.0, 0.444467, -0.0, 1.0, 1e-06, 0.0, 0.0, 0.0, 0.0, 1.0],
                [1.0, 0.0, -0.0, 0.0, -0.0, 1e-06, -1.0, 0.443058, -0.0, 1.0, 1e-06, -0.0, 0.0, 0.0, 0.0, 1.0],
                [1.0, -0.0, -0.0, 0.0, -0.0, 1e-06, -1.0, 0.441519, -0.0, 1.0, 1e-06, -0.0, 0.0, 0.0, 0.0, 1.0],
                [1.0, -0.0, -0.0, -0.0, -0.0, 1e-06, -1.0, 0.439846, -0.0, 1.0, 1e-06, 0.0, 0.0, 0.0, 0.0, 1.0],
                [1.0, 0.0, -0.0, 0.0, -0.0, 1e-06, -1.0, 0.438035, -0.0, 1.0, 1e-06, 0.0, 0.0, 0.0, 0.0, 1.0],
                [1.0, 0.0, -0.0, -0.0, -0.0, 1e-06, -1.0, 0.436084, -0.0, 1.0, 1e-06, -0.0, 0.0, 0.0, 0.0, 1.0],
                [1.0, 0.0, -0.0, -0.0, -0.0, 1e-06, -1.0, 0.433991, -0.0, 1.0, 1e-06, -0.0, 0.0, 0.0, 0.0, 1.0],
                [1.0, 0.0, -0.0, 0.0, -0.0, 1e-06, -1.0, 0.430865, -0.0, 1.0, 1e-06, -1e-06, 0.0, 0.0, 0.0, 1.0],
                [1.0, 0.0, -0.0, -0.0, -0.0, 1e-06, -1.0, 0.426137, -0.0, 1.0, 1e-06, 1e-06, 0.0, 0.0, 0.0, 1.0],
                [1.0, 0.0, -0.0, 0.0, -0.0, 1e-06, -1.0, 0.420309, -0.0, 1.0, 1e-06, 0.0, 0.0, 0.0, 0.0, 1.0],
                [1.0, 0.0, -0.0, 0.0, -0.0, 1e-06, -1.0, 0.413862, -0.0, 1.0, 1e-06, -0.0, 0.0, 0.0, 0.0, 1.0],
                [1.0, 0.0, -0.0, -0.0, -0.0, 1e-06, -1.0, 0.407217, -0.0, 1.0, 1e-06, -0.0, 0.0, 0.0, 0.0, 1.0],
                [1.0, 0.0, -0.0, 0.0, -0.0, 1e-06, -1.0, 0.400711, -0.0, 1.0, 1e-06, 0.0, 0.0, 0.0, 0.0, 1.0],
                [1.0, 0.0, -0.0, -0.0, -0.0, 1e-06, -1.0, 0.394595, -0.0, 1.0, 1e-06, 0.0, 0.0, 0.0, 0.0, 1.0],
                [1.0, 0.0, -0.0, -0.0, -0.0, 1e-06, -1.0, 0.389045, -0.0, 1.0, 1e-06, 0.0, 0.0, 0.0, 0.0, 1.0],
                [1.0, 0.0, -0.0, 0.0, -0.0, 1e-06, -1.0, 0.384178, -0.0, 1.0, 1e-06, 0.0, 0.0, 0.0, 0.0, 1.0],
                [1.0, 0.0, -0.0, 0.0, -0.0, 1e-06, -1.0, 0.380071, -0.0, 1.0, 1e-06, 0.0, 0.0, 0.0, 0.0, 1.0],
                [1.0, 0.0, -0.0, 0.0, -0.0, 1e-06, -1.0, 0.376775, -0.0, 1.0, 1e-06, -0.0, 0.0, 0.0, 0.0, 1.0],
                [1.0, 0.0, -0.0, -0.0, -0.0, 1e-06, -1.0, 0.37472, -0.0, 1.0, 1e-06, 0.0, 0.0, 0.0, 0.0, 1.0],
                [1.0, 0.0, -0.0, 0.0, -0.0, 1e-06, -1.0, 0.37472, -0.0, 1.0, 1e-06, -0.0, 0.0, 0.0, 0.0, 1.0],
                [1.0, 0.0, -0.0, 0.0, -0.0, 1e-06, -1.0, 0.37472, -0.0, 1.0, 1e-06, 0.0, 0.0, 0.0, 0.0, 1.0]
            ]
        },
        {
            "name": "Thigh_L",
            "time": [0.0, 0.0167, 0.0333, 0.05, 0.0667, 0.0833, 0.1, 0.1167, 0.1333, 0.15, 0.1667, 0.1833, 0.2, 0.2167, 0.2333, 0.25, 0.2667, 0.2833, 0.3, 0.3167, 0.3333, 0.35, 0.3667, 0.3833, 0.4, 0.4167, 0.4333, 0.45, 0.4667, 0.4833, 0.5, 0.5167, 0.5333, 0.55, 0.5667, 0.5833, 0.6, 0.6167, 0.6333, 0.65, 0.6667, 0.6833, 0.7, 0.7167, 0.7333, 0.75, 0.7667, 0.7833, 0.8, 0.8167, 0.8333, 0.85, 0.8667, 0.8833, 0.9, 0.9167, 0.9333, 0.95, 0.9667, 0.9833, 1.0],
            "transform": [
                [0.910265, -0.23225, 0.342749, -0.125006, -0.412979, -0.568138, 0.711805, -0.002831, 0.029412, -0.789479, -0.613072, -1.2e-05, 0.0, 0.0, 0.0, 1.0],
                [0.920879, -0.207333, 0.330143, -0.125006, -0.386847, -0.590851, 0.707985, -0.002831, 0.048277, -0.779683, -0.624309, -1.2e-05, 0.0, 0.0, 0.0, 1.0],
                [0.942336, -0.147014, 0.300648, -0.125006, -0.321561, -0.646684, 0.691663, -0.002831, 0.09274, -0.748455, -0.656668, -1.2e-05, 0.0, 0.0, 0.0, 1.0],
                [0.960652, -0.07395, 0.26773, -0.125006, -0.237802, -0.717035, 0.655217, -0.002831, 0.143518, -0.693102, -0.706407, -1.2e-05, 0.0, 0.0, 0.0, 1.0],
                [0.969746, -0.014412, 0.24369, -0.125006, -0.160942, -0.788324, 0.593836, -0.002831, 0.183548, -0.61509, -0.766794, -1.2e-05, 0.0, 0.0, 0.0, 1.0],
                [0.971843, 0.002665, 0.235612, -0.125006, -0.120352, -0.854045, 0.506084, -0.002831, 0.202573, -0.52019, -0.829678, -1.2e-05, 0.0, 0.0, 0.0, 1.0],
                [0.98262, -0.026513, 0.183725, -0.125006, -0.099641, -0.910406, 0.401535, -0.002831, 0.156619, -0.412862, -0.897226, -1.2e-05, 0.0, 0.0, 0.0, 1.0],
                [0.996239, -0.068008, 0.053682, -0.125006, -0.080844, -0.952488, 0.293647, -0.002831, 0.031161, -0.296882, -0.954405, -1.2e-05, 0.0, 0.0, 0.0, 1.0],
                [0.988838, -0.104883, -0.105819, -0.125006, -0.08262, -0.977047, 0.196346, -0.002831, -0.123983, -0.185412, -0.974808, -1.2e-05, 0.0, 0.0, 0.0, 1.0],
                [0.961791, -0.136536, -0.23731, -0.125006, -0.107825, -0.985623, 0.130075, -0.002831, -0.251658, -0.099517, -0.962686, -1.2e-05, 0.0, 0.0, 0.0, 1.0],
                [0.94104, -0.175422, -0.289256, -0.125006, -0.149165, -0.982603, 0.110629, -0.002831, -0.30363, -0.060959, -0.950837, -1.2e-05, 0.0, 0.0, 0.0, 1.0],
                [0.934963, -0.229579, -0.270436, -0.125006, -0.203081, -0.971456, 0.122591, -0.002831, -0.290861, -0.059697, -0.954901, -1.2e-05, 0.0, 0.0, 0.0, 1.0],
                [0.92909, -0.294498, -0.223743, -0.125006, -0.268075, -0.952995, 0.141188, -0.002831, -0.254806, -0.071196, -0.964367, -1.2e-05, 0.0, 0.0, 0.0, 1.0],
                [0.918276, -0.364731, -0.154077, -0.125006, -0.340832, -0.926201, 0.161194, -0.002831, -0.201499, -0.095506, -0.974821, -1.2e-05, 0.0, 0.0, 0.0, 1.0],
                [0.898359, -0.434034, -0.067557, -0.125006, -0.417204, -0.891221, 0.177947, -0.002831, -0.137443, -0.131675, -0.981718, -1.2e-05, 0.0, 0.0, 0.0, 1.0],
                [0.867669, -0.496356, 0.027946, -0.125006, -0.492238, -0.849875, 0.18818, -0.002831, -0.069653, -0.177033, -0.981737, -1.2e-05, 0.0, 0.0, 0.0, 1.0],
                [0.827925, -0.547108, 0.123338, -0.125006, -0.560816, -0.805663, 0.190767, -0.002831, -0.005001, -0.22711, -0.973856, -1.2e-05, 0.0, 0.0, 0.0, 1.0],
                [0.784133, -0.584142, 0.209552, -0.125006, -0.618515, -0.763208, 0.186952, -0.002831, 0.050726, -0.276206, -0.959759, -1.2e-05, 0.0, 0.0, 0.0, 1.0],
                [0.743514, -0.607865, 0.278721, -0.125006, -0.662163, -0.727447, 0.179886, -0.002831, 0.093409, -0.318307, -0.943374, -1.2e-05, 0.0, 0.0, 0.0, 1.0],
                [0.714003, -0.620388, 0.324526, -0.125006, -0.689711, -0.702954, 0.173642, -0.002831, 0.120402, -0.34781, -0.929801, -1.2e-05, 0.0, 0.0, 0.0, 1.0],
                [0.702872, -0.623993, 0.341472, -0.125006, -0.699424, -0.69369, 0.172042, -0.002831, 0.129523, -0.359757, -0.924012, -1.2e-05, 0.0, 0.0, 0.0, 1.0],
                [0.703841, -0.623144, 0.341026, -0.125006, -0.69873, -0.693824, 0.174305, -0.002831, 0.127995, -0.360967, -0.923753, -1.2e-05, 0.0, 0.0, 0.0, 1.0],
                [0.706513, -0.621467, 0.338552, -0.125006, -0.696586, -0.695128, 0.177662, -0.002831, 0.124926, -0.361351, -0.924023, -1.2e-05, 0.0, 0.0, 0.0, 1.0],
                [0.710776, -0.618992, 0.334133, -0.125006, -0.693039, -0.697535, 0.182043, -0.002831, 0.120387, -0.360959, -0.924778, -1.2e-05, 0.0, 0.0, 0.0, 1.0],
                [0.716506, -0.61574, 0.327844, -0.125006, -0.688128, -0.700979, 0.187366, -0.002831, 0.114444, -0.359847, -0.925965, -1.2e-05, 0.0, 0.0, 0.0, 1.0],
                [0.723569, -0.611723, 0.319753, -0.125006, -0.681883, -0.70539, 0.193543, -0.002831, 0.107156, -0.358075, -0.927523, -1.2e-05, 0.0, 0.0, 0.0, 1.0],
                [0.731822, -0.606947, 0.309921, -0.125006, -0.674327, -0.710696, 0.20048, -0.002831, 0.09858, -0.355703, -0.929385, -1.2e-05, 0.0, 0.0, 0.0, 1.0],
                [0.741116, -0.601413, 0.29841, -0.125006, -0.665482, -0.716824, 0.208076, -0.002831, 0.088768, -0.352794, -0.93148, -1.2e-05, 0.0, 0.0, 0.0, 1.0],
