{
    "animation": [
        {
            "name": "Root",
            "time": [0.0, 0.0167, 0.0333, 0.05, 0.0667, 0.0833, 0.1, 0.1167, 0.1333, 0.15, 0.1667, 0.1833, 0.2, 0.2167, 0.2333, 0.25, 0.2667, 0.2833, 0.3, 0.3167, 0.3333, 0.35, 0.3667, 0.3833, 0.4, 0.4167, 0.4333, 0.45, 0.4667, 0.4833, 0.5, 0.5167, 0.5333, 0.55, 0.5667, 0.5833, 0.6, 0.6167, 0.6333, 0.65, 0.6667, 0.6833, 0.7, 0.7167, 0.7333, 0.75, 0.7667, 0.7833, 0.8, 0.8167, 0.8333, 0.85, 0.8667, 0.8833, 0.9, 0.9167, 0.9333, 0.95, 0.9667, 0.9833, 1.0, 1.0167, 1.0333, 1.05, 1.0667, 1.0833, 1.1, 1.1167, 1.1333, 1.15, 1.1667, 1.1833],
            "transform": [
                [0.839638, 0.0, -0.543146, -5e-06, -0.543146, 0.0, -0.839638, 0.250841, 0.0, 1.0, 0.0, 0.517257, 0.0, 0.0, 0.0, 1.0],
                [0.854881, 0.0, -0.518824, -5e-06, -0.518824, 0.0, -0.854881, 0.268522, 0.0, 1.0, 0.0, 0.527093, 0.0, 0.0, 0.0, 1.0],
                [0.89365, 0.0, -0.448764, -5e-06, -0.448764, 0.0, -0.89365, 0.318999, 0.0, 1.0, 0.0, 0.552635, 0.0, 0.0, 0.0, 1.0],
                [0.941895, 0.0, -0.335908, -5e-06, -0.335908, 0.0, -0.941895, 0.398427, 0.0, 1.0, 0.0, 0.587934, 0.0, 0.0, 0.0, 1.0],
                [0.982927, 0.0, -0.183996, -5e-06, -0.183996, 0.0, -0.982927, 0.502959, 0.0, 1.0, 0.0, 0.627043, 0.0, 0.0, 0.0, 1.0],
                [1.0, 0.0, 0.0, -5e-06, 0.0, 0.0, -1.0, 0.628749, 0.0, 1.0, 0.0, 0.664013, 0.0, 0.0, 0.0, 1.0],
                [0.978739, 0.0, 0.20511, -5e-06, 0.20511, 0.0, -0.978739, 0.771616, 0.0, 1.0, 0.0, 0.693974, 0.0, 0.0, 0.0, 1.0],
                [0.909653, 0.0, 0.415368, -5e-06, 0.415368, 0.0, -0.909653, 0.926036, 0.0, 1.0, 0.0, 0.716369, 0.0, 0.0, 0.0, 1.0],
                [0.792426, 0.0, 0.609968, -5e-06, 0.609968, 0.0, -0.792426, 1.086151, 0.0, 1.0, 0.0, 0.73172, 0.0, 0.0, 0.0, 1.0],
                [0.638868, 0.0, 0.769316, -5e-06, 0.769316, 0.0, -0.638868, 1.246104, 0.0, 1.0, 0.0, 0.740548, 0.0, 0.0, 0.0, 1.0],
                [0.470482, 0.0, 0.88241, -5e-06, 0.88241, 0.0, -0.470482, 1.400037, 0.0, 1.0, 0.0, 0.743375, 0.0, 0.0, 0.0, 1.0],
                [0.309417, 0.0, 0.950926, -5e-06, 0.950926, 0.0, -0.309417, 1.542968, 0.0, 1.0, 0.0, 0.738224, 0.0, 0.0, 0.0, 1.0],
                [0.165358, 0.0, 0.986234, -5e-06, 0.986234, 0.0, -0.165358, 1.673416, 0.0, 1.0, 0.0, 0.724244, 0.0, 0.0, 0.0, 1.0],
                [0.041058, 0.0, 0.999157, -5e-06, 0.999157, 0.0, -0.041058, 1.790779, 0.0, 1.0, 0.0, 0.703642, 0.0, 0.0, 0.0, 1.0],
                [-0.063347, 0.0, 0.997991, -5e-06, 0.997991, 0.0, 0.063347, 1.894451, 0.0, 1.0, 0.0, 0.678625, 0.0, 0.0, 0.0, 1.0],
                [-0.14885, 0.0, 0.98886, -5e-06, 0.98886, 0.0, 0.14885, 1.983831, 0.0, 1.0, 0.0, 0.651401, 0.0, 0.0, 0.0, 1.0],
                [-0.216747, 0.0, 0.976228, -5e-06, 0.976228, 0.0, 0.216747, 2.058314, 0.0, 1.0, 0.0, 0.624177, 0.0, 0.0, 0.0, 1.0],
                [-0.268249, 0.0, 0.963349, -5e-06, 0.963349, 0.0, 0.268249, 2.117296, 0.0, 1.0, 0.0, 0.599161, 0.0, 0.0, 0.0, 1.0],
                [-0.304315, 0.0, 0.952572, -5e-06, 0.952572, 0.0, 0.304315, 2.160173, 0.0, 1.0, 0.0, 0.578559, 0.0, 0.0, 0.0, 1.0],
                [-0.325626, 0.0, 0.945499, -5e-06, 0.945499, 0.0, 0.325626, 2.186342, 0.0, 1.0, 0.0, 0.564579, 0.0, 0.0, 0.0, 1.0],
                [-0.332646, 0.0, 0.943052, -5e-06, 0.943052, 0.0, 0.332646, 2.195199, 0.0, 1.0, 0.0, 0.559428, 0.0, 0.0, 0.0, 1.0],
                [-0.332646, 0.0, 0.943052, -5e-06, 0.943052, 0.0, 0.332646, 2.195199, 0.0, 1.0, 0.0, 0.559428, 0.0, 0.0, 0.0, 1.0],
                [-0.332646, 0.0, 0.943052, -5e-06, 0.943052, 0.0, 0.332646, 2.195199, 0.0, 1.0, 0.0, 0.559428, 0.0, 0.0, 0.0, 1.0],
                [-0.332646, 0.0, 0.943052, -5e-06, 0.943052, 0.0, 0.332646, 2.195199, 0.0, 1.0, 0.0, 0.559428, 0.0, 0.0, 0.0, 1.0],
                [-0.332646, 0.0, 0.943052, -5e-06, 0.943052, 0.0, 0.332646, 2.195199, 0.0, 1.0, 0.0, 0.559428, 0.0, 0.0, 0.0, 1.0],
                [-0.332646, 0.0, 0.943052, -5e-06, 0.943052, 0.0, 0.332646, 2.195203, 0.0, 1.0, 0.0, 0.559941, 0.0, 0.0, 0.0, 1.0],
                [-0.332646, 0.0, 0.943052, -5e-06, 0.943052, 0.0, 0.332646, 2.195229, 0.0, 1.0, 0.0, 0.561414, 0.0, 0.0, 0.0, 1.0],
                [-0.332646, 0.0, 0.943052, -5e-06, 0.943052, 0.0, 0.332646, 2.195298, 0.0, 1.0, 0.0, 0.563744, 0.0, 0.0, 0.0, 1.0],
                [-0.332646, 0.0, 0.943052, -5e-06, 0.943052, 0.0, 0.332646, 2.195434, 0.0, 1.0, 0.0, 0.566831, 0.0, 0.0, 0.0, 1.0],
                [-0.332646, 0.0, 0.943052, -5e-06, 0.943052, 0.0, 0.332646, 2.195657, 0.0, 1.0, 0.0, 0.570574, 0.0, 0.0, 0.0, 1.0],
                [-0.332646, 0.0, 0.943052, -5e-06, 0.943052, 0.0, 0.332646, 2.195991, 0.0, 1.0, 0.0, 0.574872, 0.0, 0.0, 0.0, 1.0],
                [-0.332646, 0.0, 0.943052, -5e-06, 0.943052, 0.0, 0.332646, 2.196456, 0.0, 1.0, 0.0, 0.579623, 0.0, 0.0, 0.0, 1.0],
                [-0.332646, 0.0, 0.943052, -5e-06, 0.943052, 0.0, 0.332646, 2.197075, 0.0, 1.0, 0.0, 0.584727, 0.0, 0.0, 0.0, 1.0],
                [-0.332646, 0.0, 0.943052, -5e-06, 0.943052, 0.0, 0.332646, 2.19787, 0.0, 1.0, 0.0, 0.590081, 0.0, 0.0, 0.0, 1.0],
                [-0.332646, 0.0, 0.943052, -5e-06, 0.943052, 0.0, 0.332646, 2.198864, 0.0, 1.0, 0.0, 0.595586, 0.0, 0.0, 0.0, 1.0],
                [-0.332646, 0.0, 0.943052, -5e-06, 0.943052, 0.0, 0.332646, 2.200076, 0.0, 1.0, 0.0, 0.60114, 0.0, 0.0, 0.0, 1.0],
                [-0.332646, 0.0, 0.943052, -5e-06, 0.943052, 0.0, 0.332646, 2.201531, 0.0, 1.0, 0.0, 0.606642, 0.0, 0.0, 0.0, 1.0],
                [-0.332646, 0.0, 0.943052, -5e-06, 0.943052, 0.0, 0.332646, 2.203249, 0.0, 1.0, 0.0, 0.611991, 0.0, 0.0, 0.0, 1.0],
                [-0.332646, 0.0, 0.943052, -5e-06, 0.943052, 0.0, 0.332646, 2.205254, 0.0, 1.0, 0.0, 0.617085, 0.0, 0.0, 0.0, 1.0],
                [-0.332646, 0.0, 0.943052, -5e-06, 0.943052, 0.0, 0.332646, 2.207566, 0.0, 1.0, 0.0, 0.621824, 0.0, 0.0, 0.0, 1.0],
                [-0.332646, 0.0, 0.943052, -5e-06, 0.943052, 0.0, 0.332646, 2.210207, 0.0, 1.0, 0.0, 0.626106, 0.0, 0.0, 0.0, 1.0],
                [-0.324802, 0.0, 0.945782, -5e-06, 0.945782, 0.0, 0.324802, 2.2141, 0.0, 1.0, 0.0, 0.629856, 0.0, 0.0, 0.0, 1.0],
                [-0.301941, 0.0, 0.953326, -5e-06, 0.953326, 0.0, 0.301941, 2.22011, 0.0, 1.0, 0.0, 0.6331, 0.0, 0.0, 0.0, 1.0],
                [-0.264776, 0.0, 0.96431, -5e-06, 0.96431, 0.0, 0.264776, 2.228175, 0.0, 1.0, 0.0, 0.635891, 0.0, 0.0, 0.0, 1.0],
                [-0.213796, 0.0, 0.976879, -5e-06, 0.976879, 0.0, 0.213796, 2.238234, 0.0, 1.0, 0.0, 0.638279, 0.0, 0.0, 0.0, 1.0],
                [-0.149516, 0.0, 0.988759, -5e-06, 0.988759, 0.0, 0.149516, 2.250226, 0.0, 1.0, 0.0, 0.640317, 0.0, 0.0, 0.0, 1.0],
                [-0.072727, 0.0, 0.997352, -5e-06, 0.997352, 0.0, 0.072727, 2.26409, 0.0, 1.0, 0.0, 0.642057, 0.0, 0.0, 0.0, 1.0],
                [0.015265, 0.0, 0.999883, -5e-06, 0.999883, 0.0, -0.015265, 2.279763, 0.0, 1.0, 0.0, 0.643551, 0.0, 0.0, 0.0, 1.0],
                [0.112455, 0.0, 0.993657, -5e-06, 0.993657, 0.0, -0.112455, 2.297186, 0.0, 1.0, 0.0, 0.644851, 0.0, 0.0, 0.0, 1.0],
                [0.216058, 0.0, 0.97638, -5e-06, 0.97638, 0.0, -0.216058, 2.316295, 0.0, 1.0, 0.0, 0.646008, 0.0, 0.0, 0.0, 1.0],
                [0.322597, 0.0, 0.946536, -5e-06, 0.946536, 0.0, -0.322597, 2.337031, 0.0, 1.0, 0.0, 0.647075, 0.0, 0.0, 0.0, 1.0],
                [0.428163, 0.0, 0.903701, -5e-06, 0.903701, 0.0, -0.428163, 2.359332, 0.0, 1.0, 0.0, 0.648103, 0.0, 0.0, 0.0, 1.0],
                [0.528837, 0.0, 0.848723, -5e-06, 0.848723, 0.0, -0.528837, 2.383136, 0.0, 1.0, 0.0, 0.649144, 0.0, 0.0, 0.0, 1.0],
                [0.621162, 0.0, 0.783682, -5e-06, 0.783682, 0.0, -0.621162, 2.408381, 0.0, 1.0, 0.0, 0.650251, 0.0, 0.0, 0.0, 1.0],
                [0.702551, 0.0, 0.711634, -5e-06, 0.711634, 0.0, -0.702551, 2.435008, 0.0, 1.0, 0.0, 0.651475, 0.0, 0.0, 0.0, 1.0],
                [0.771522, 0.0, 0.636203, -5e-06, 0.636203, 0.0, -0.771522, 2.462954, 0.0, 1.0, 0.0, 0.652867, 0.0, 0.0, 0.0, 1.0],
                [0.827719, 0.0, 0.561142, -5e-06, 0.561142, 0.0, -0.827719, 2.492158, 0.0, 1.0, 0.0, 0.654481, 0.0, 0.0, 0.0, 1.0],
                [0.871741, 0.0, 0.489967, -5e-06, 0.489967, 0.0, -0.871741, 2.522559, 0.0, 1.0, 0.0, 0.656368, 0.0, 0.0, 0.0, 1.0],
                [0.905009, 0.0, 0.425392, -5e-06, 0.425392, 0.0, -0.905009, 2.554026, 0.0, 1.0, 0.0, 0.658559, 0.0, 0.0, 0.0, 1.0],
                [0.929728, 0.0, 0.368246, -5e-06, 0.368246, 0.0, -0.929728, 2.586149, 0.0, 1.0, 0.0, 0.661008, 0.0, 0.0, 0.0, 1.0],
                [0.947907, 0.0, 0.318547, -5e-06, 0.318547, 0.0, -0.947907, 2.618452, 0.0, 1.0, 0.0, 0.663648, 0.0, 0.0, 0.0, 1.0],
                [0.961155, 0.0, 0.276009, -5e-06, 0.276009, 0.0, -0.961155, 2.650455, 0.0, 1.0, 0.0, 0.66641, 0.0, 0.0, 0.0, 1.0],
                [0.97073, 0.0, 0.240173, -5e-06, 0.240173, 0.0, -0.97073, 2.68168, 0.0, 1.0, 0.0, 0.669229, 0.0, 0.0, 0.0, 1.0],
                [0.977595, 0.0, 0.210493, -5e-06, 0.210493, 0.0, -0.977595, 2.711649, 0.0, 1.0, 0.0, 0.672036, 0.0, 0.0, 0.0, 1.0],
                [0.982477, 0.0, 0.186386, -5e-06, 0.186386, 0.0, -0.982477, 2.739883, 0.0, 1.0, 0.0, 0.674765, 0.0, 0.0, 0.0, 1.0],
                [0.985912, 0.0, 0.167266, -5e-06, 0.167266, 0.0, -0.985912, 2.765905, 0.0, 1.0, 0.0, 0.677348, 0.0, 0.0, 0.0, 1.0],
                [0.988295, 0.0, 0.152556, -5e-06, 0.152556, 0.0, -0.988295, 2.789236, 0.0, 1.0, 0.0, 0.679718, 0.0, 0.0, 0.0, 1.0],
                [0.98991, 0.0, 0.141698, -5e-06, 0.141698, 0.0, -0.98991, 2.809397, 0.0, 1.0, 0.0, 0.681807, 0.0, 0.0, 0.0, 1.0],
                [0.990961, 0.0, 0.134151, -5e-06, 0.134151, 0.0, -0.990961, 2.82591, 0.0, 1.0, 0.0, 0.68355, 0.0, 0.0, 0.0, 1.0],
                [0.991594, 0.0, 0.12939, -5e-06, 0.12939, 0.0, -0.991594, 2.838298, 0.0, 1.0, 0.0, 0.684878, 0.0, 0.0, 0.0, 1.0],
                [0.991915, 0.0, 0.126902, -5e-06, 0.126902, 0.0, -0.991915, 2.846081, 0.0, 1.0, 0.0, 0.685724, 0.0, 0.0, 0.0, 1.0],
                [0.992007, 0.0, 0.126184, -5e-06, 0.126184, 0.0, -0.992007, 2.848782, 0.0, 1.0, 0.0, 0.686021, 0.0, 0.0, 0.0, 1.0]
            ]
        },
        {
            "name": "Thigh_R",
            "time": [0.0, 0.0167, 0.0333, 0.05, 0.0667, 0.0833, 0.1, 0.1167, 0.1333, 0.15, 0.1667, 0.1833, 0.2, 0.2167, 0.2333, 0.25, 0.2667, 0.2833, 0.3, 0.3167, 0.3333, 0.35, 0.3667, 0.3833, 0.4, 0.4167, 0.4333, 0.45, 0.4667, 0.4833, 0.5, 0.5167, 0.5333, 0.55, 0.5667, 0.5833, 0.6, 0.6167, 0.6333, 0.65, 0.6667, 0.6833, 0.7, 0.7167, 0.7333, 0.75, 0.7667, 0.7833, 0.8, 0.8167, 0.8333, 0.85, 0.8667, 0.8833, 0.9, 0.9167, 0.9333, 0.95, 0.9667, 0.9833, 1.0, 1.0167, 1.0333, 1.05, 1.0667, 1.0833, 1.1, 1.1167, 1.1333, 1.15, 1.1667, 1.1833],
            "transform": [
                [0.503314, 0.554911, 0.662381, 0.124994, 0.767595, -0.639147, -0.047812, -0.002831, 0.396828, 0.532504, -0.74764, -1.2e-05, 0.0, 0.0, 0.0, 1.0],
                [0.495873, 0.557565, 0.665755, 0.124994, 0.762221, -0.646791, -0.026039, -0.002831, 0.416086, 0.520364, -0.745716, -1.2e-05, 0.0, 0.0, 0.0, 1.0],
                [0.480866, 0.563383, 0.671837, 0.124994, 0.743328, -0.668322, 0.028402, -0.002831, 0.465006, 0.485737, -0.740154, -1.2e-05, 0.0, 0.0, 0.0, 1.0],
                [0.4695, 0.56887, 0.675245, 0.124994, 0.706496, -0.700739, 0.099121, -0.002831, 0.529558, 0.43052, -0.730904, -1.2e-05, 0.0, 0.0, 0.0, 1.0],
                [0.473162, 0.569055, 0.672527, 0.124994, 0.64937, -0.741165, 0.170266, -0.002831, 0.595345, 0.356155, -0.72022, -1.2e-05, 0.0, 0.0, 0.0, 1.0],
                [0.50257, 0.55629, 0.661789, 0.124994, 0.572177, -0.787869, 0.227757, -0.002831, 0.648102, 0.264196, -0.714257, -1.2e-05, 0.0, 0.0, 0.0, 1.0],
                [0.599406, 0.522845, 0.606089, 0.124994, 0.481042, -0.840496, 0.249322, -0.002831, 0.639773, 0.142109, -0.755312, -1.2e-05, 0.0, 0.0, 0.0, 1.0],
                [0.751763, 0.455515, 0.47682, 0.124994, 0.383668, -0.890224, 0.245554, -0.002831, 0.536331, -0.001657, -0.844006, -1.2e-05, 0.0, 0.0, 0.0, 1.0],
                [0.885143, 0.356316, 0.299266, 0.124994, 0.290199, -0.925452, 0.243554, -0.002831, 0.363738, -0.128733, -0.922563, -1.2e-05, 0.0, 0.0, 0.0, 1.0],
                [0.956887, 0.260009, 0.129462, 0.124994, 0.221584, -0.94164, 0.253396, -0.002831, 0.187793, -0.213784, -0.958661, -1.2e-05, 0.0, 0.0, 0.0, 1.0],
                [0.976326, 0.214277, 0.029536, 0.124994, 0.198481, -0.941767, 0.271435, -0.002831, 0.085978, -0.259145, -0.962004, -1.2e-05, 0.0, 0.0, 0.0, 1.0],
                [0.975741, 0.218418, -0.014924, 0.124994, 0.213286, -0.933008, 0.28983, -0.002831, 0.04938, -0.285981, -0.956962, -1.2e-05, 0.0, 0.0, 0.0, 1.0],
                [0.96933, 0.239841, -0.053618, 0.124994, 0.244638, -0.920804, 0.303758, -0.002831, 0.023482, -0.307558, -0.95124, -1.2e-05, 0.0, 0.0, 0.0, 1.0],
                [0.957676, 0.274343, -0.087126, 0.124994, 0.28776, -0.905075, 0.313098, -0.002831, 0.007041, -0.324917, -0.945717, -1.2e-05, 0.0, 0.0, 0.0, 1.0],
                [0.941163, 0.317523, -0.11571, 0.124994, 0.337947, -0.88575, 0.318174, -0.002831, -0.001463, -0.338557, -0.940945, -1.2e-05, 0.0, 0.0, 0.0, 1.0],
                [0.920545, 0.364896, -0.139449, 0.124994, 0.390617, -0.86327, 0.319657, -0.002831, -0.003741, -0.348729, -0.937216, -1.2e-05, 0.0, 0.0, 0.0, 1.0],
                [0.897286, 0.412062, -0.158372, 0.124994, 0.441446, -0.838867, 0.31847, -0.002831, -0.001624, -0.355671, -0.93461, -1.2e-05, 0.0, 0.0, 0.0, 1.0],
                [0.873664, 0.454893, -0.172573, 0.124994, 0.486519, -0.814635, 0.315699, -0.002831, 0.003025, -0.359774, -0.933035, -1.2e-05, 0.0, 0.0, 0.0, 1.0],
                [0.852654, 0.48965, -0.182269, 0.124994, 0.522408, -0.793378, 0.312471, -0.002831, 0.008393, -0.361648, -0.932277, -1.2e-05, 0.0, 0.0, 0.0, 1.0],
                [0.837629, 0.512941, -0.187799, 0.124994, 0.54609, -0.778311, 0.309862, -0.002831, 0.012775, -0.362103, -0.93205, -1.2e-05, 0.0, 0.0, 0.0, 1.0],
                [0.831945, 0.521473, -0.189557, 0.124994, 0.554666, -0.772643, 0.308813, -0.002831, 0.014577, -0.362055, -0.932043, -1.2e-05, 0.0, 0.0, 0.0, 1.0],
                [0.831945, 0.521473, -0.189557, 0.124994, 0.554666, -0.772643, 0.308813, -0.002831, 0.014577, -0.362055, -0.932043, -1.2e-05, 0.0, 0.0, 0.0, 1.0],
                [0.831945, 0.521473, -0.189557, 0.124994, 0.554666, -0.772643, 0.308813, -0.002831, 0.014577, -0.362055, -0.932043, -1.2e-05, 0.0, 0.0, 0.0, 1.0],
                [0.831945, 0.521473, -0.189557, 0.124994, 0.554666, -0.772643, 0.308813, -0.002831, 0.014577, -0.362055, -0.932043, -1.2e-05, 0.0, 0.0, 0.0, 1.0],
                [0.831945, 0.521473, -0.189557, 0.124994, 0.554666, -0.772643, 0.308813, -0.002831, 0.014577, -0.362055, -0.932043, -1.2e-05, 0.0, 0.0, 0.0, 1.0],
                [0.832014, 0.521733, -0.188534, 0.124994, 0.554544, -0.772858, 0.308495, -0.002831, 0.015241, -0.361222, -0.932355, -1.2e-05, 0.0, 0.0, 0.0, 1.0],
                [0.832261, 0.522427, -0.1855, 0.124994, 0.554116, -0.773503, 0.307646, -0.002831, 0.017237, -0.35883, -0.933244, -1.2e-05, 0.0, 0.0, 0.0, 1.0],
                [0.832733, 0.523423, -0.180506, 0.124994, 0.553292, -0.774577, 0.306424, -0.002831, 0.020574, -0.35504, -0.934625, -1.2e-05, 0.0, 0.0, 0.0, 1.0],
                [0.833473, 0.524581, -0.173597, 0.124994, 0.551982, -0.77608, 0.304979, -0.002831, 0.025261, -0.350013, -0.936404, -1.2e-05, 0.0, 0.0, 0.0, 1.0],
                [0.834514, 0.525756, -0.164819, 0.124994, 0.550096, -0.778013, 0.303461, -0.002831, 0.031314, -0.343908, -0.938481, -1.2e-05, 0.0, 0.0, 0.0, 1.0],
                [0.835882, 0.526799, -0.154216, 0.124994, 0.547539, -0.780376, 0.302011, -0.002831, 0.038753, -0.336884, -0.940748, -1.2e-05, 0.0, 0.0, 0.0, 1.0],
                [0.837595, 0.527558, -0.141829, 0.124994, 0.544214, -0.783176, 0.300771, -0.002831, 0.047597, -0.329108, -0.943092, -1.2e-05, 0.0, 0.0, 0.0, 1.0],
                [0.839661, 0.527883, -0.127702, 0.124994, 0.540019, -0.786418, 0.299872, -0.002831, 0.05787, -0.320751, -0.945394, -1.2e-05, 0.0, 0.0, 0.0, 1.0],
                [0.84208, 0.52762, -0.111876, 0.124994, 0.534842, -0.790111, 0.299442, -0.002831, 0.069597, -0.311989, -0.947533, -1.2e-05, 0.0, 0.0, 0.0, 1.0],
                [0.844842, 0.526621, -0.094394, 0.124994, 0.528568, -0.794261, 0.299603, -0.002831, 0.082803, -0.30301, -0.949383, -1.2e-05, 0.0, 0.0, 0.0, 1.0],
                [0.847927, 0.524737, -0.0753, 0.124994, 0.521067, -0.798877, 0.300468, -0.002831, 0.097511, -0.29401, -0.950815, -1.2e-05, 0.0, 0.0, 0.0, 1.0],
                [0.8513, 0.521825, -0.054636, 0.124994, 0.512202, -0.803963, 0.302141, -0.002831, 0.11374, -0.285196, -0.951697, -1.2e-05, 0.0, 0.0, 0.0, 1.0],
                [0.854917, 0.517748, -0.032445, 0.124994, 0.501821, -0.809519, 0.304717, -0.002831, 0.131502, -0.276788, -0.951891, -1.2e-05, 0.0, 0.0, 0.0, 1.0],
                [0.858717, 0.512374, -0.008769, 0.124994, 0.489759, -0.815536, 0.308278, -0.002831, 0.150802, -0.269017, -0.951256, -1.2e-05, 0.0, 0.0, 0.0, 1.0],
                [0.862624, 0.50558, 0.01635, 0.124994, 0.475838, -0.821994, 0.312893, -0.002831, 0.171632, -0.262128, -0.949648, -1.2e-05, 0.0, 0.0, 0.0, 1.0],
                [0.866545, 0.497252, 0.04287, 0.124994, 0.459865, -0.828858, 0.318615, -0.002831, 0.193965, -0.256379, -0.946915, -1.2e-05, 0.0, 0.0, 0.0, 1.0],
                [0.871069, 0.486125, 0.07014, 0.124994, 0.439994, -0.83579, 0.328415, -0.002831, 0.218273, -0.25521, -0.941926, -1.2e-05, 0.0, 0.0, 0.0, 1.0],
                [0.876399, 0.471613, 0.097493, 0.124994, 0.414932, -0.842224, 0.344221, -0.002831, 0.244449, -0.261221, -0.933814, -1.2e-05, 0.0, 0.0, 0.0, 1.0],
                [0.881898, 0.454608, 0.124845, 0.124994, 0.385382, -0.847706, 0.364516, -0.002831, 0.271544, -0.273352, -0.922791, -1.2e-05, 0.0, 0.0, 0.0, 1.0],
                [0.887017, 0.435981, 0.152056, 0.124994, 0.35219, -0.851796, 0.387819, -0.002831, 0.298602, -0.290448, -0.909108, -1.2e-05, 0.0, 0.0, 0.0, 1.0],
                [0.891324, 0.416578, 0.178895, 0.124994, 0.316373, -0.854152, 0.41271, -0.002831, 0.32473, -0.31126, -0.893122, -1.2e-05, 0.0, 0.0, 0.0, 1.0],
                [0.894525, 0.397218, 0.20504, 0.124994, 0.279126, -0.854607, 0.437874, -0.002831, 0.34916, -0.334456, -0.875344, -1.2e-05, 0.0, 0.0, 0.0, 1.0],
                [0.896478, 0.378671, 0.230073, 0.124994, 0.241795, -0.85321, 0.46213, -0.002831, 0.371296, -0.358658, -0.856448, -1.2e-05, 0.0, 0.0, 0.0, 1.0],
                [0.897187, 0.361648, 0.253508, 0.124994, 0.205838, -0.850246, 0.484468, -0.002831, 0.390751, -0.382475, -0.837273, -1.2e-05, 0.0, 0.0, 0.0, 1.0],
                [0.896782, 0.346785, 0.274811, 0.124994, 0.17277, -0.846214, 0.504053, -0.002831, 0.407347, -0.404545, -0.818786, -1.2e-05, 0.0, 0.0, 0.0, 1.0],
                [0.895495, 0.334647, 0.293426, 0.124994, 0.144119, -0.841786, 0.520215, -0.002831, 0.42109, -0.42356, -0.802047, -1.2e-05, 0.0, 0.0, 0.0, 1.0],
                [0.89361, 0.325733, 0.308802, 0.124994, 0.121389, -0.83774, 0.532403, -0.002831, 0.432118, -0.438274, -0.788156, -1.2e-05, 0.0, 0.0, 0.0, 1.0],
                [0.891409, 0.320509, 0.320411, 0.124994, 0.106043, -0.834879, 0.54012, -0.002831, 0.440618, -0.447489, -0.778208, -1.2e-05, 0.0, 0.0, 0.0, 1.0],
                [0.889117, 0.319437, 0.327763, 0.124994, 0.099501, -0.833925, 0.542831, -0.002831, 0.446731, -0.450026, -0.773244, -1.2e-05, 0.0, 0.0, 0.0, 1.0],
                [0.886782, 0.32043, 0.33308, 0.124994, 0.099365, -0.835979, 0.539687, -0.002831, 0.45138, -0.445487, -0.773173, -1.2e-05, 0.0, 0.0, 0.0, 1.0],
                [0.884374, 0.32105, 0.338834, 0.124994, 0.102106, -0.841374, 0.530717, -0.002831, 0.455474, -0.434754, -0.776873, -1.2e-05, 0.0, 0.0, 0.0, 1.0],
                [0.88193, 0.321265, 0.344947, 0.124994, 0.107415, -0.849493, 0.516547, -0.002831, 0.458979, -0.418504, -0.783704, -1.2e-05, 0.0, 0.0, 0.0, 1.0],
                [0.879487, 0.321047, 0.351327, 0.124994, 0.114968, -0.859656, 0.497765, -0.002831, 0.461827, -0.397386, -0.792969, -1.2e-05, 0.0, 0.0, 0.0, 1.0],
                [0.877085, 0.320381, 0.357878, 0.124994, 0.124421, -0.871165, 0.474962, -0.002831, 0.46394, -0.372053, -0.80395, -1.2e-05, 0.0, 0.0, 0.0, 1.0],
                [0.874764, 0.319267, 0.364493, 0.124994, 0.135412, -0.883335, 0.448753, -0.002831, 0.465242, -0.343195, -0.815945, -1.2e-05, 0.0, 0.0, 0.0, 1.0],
                [0.872561, 0.317725, 0.371064, 0.124994, 0.147565, -0.895535, 0.419808, -0.002831, 0.465685, -0.311551, -0.828296, -1.2e-05, 0.0, 0.0, 0.0, 1.0],
                [0.870508, 0.315792, 0.37748, 0.124994, 0.160489, -0.907211, 0.388854, -0.002831, 0.465251, -0.277918, -0.840418, -1.2e-05, 0.0, 0.0, 0.0, 1.0],
                [0.868634, 0.313528, 0.383633, 0.124994, 0.173791, -0.917917, 0.35668, -0.002831, 0.463973, -0.243152, -0.851825, -1.2e-05, 0.0, 0.0, 0.0, 1.0],
                [0.86696, 0.311015, 0.389422, 0.124994, 0.187081, -0.927328, 0.324128, -0.002831, 0.461931, -0.208152, -0.862144, -1.2e-05, 0.0, 0.0, 0.0, 1.0],
                [0.8655, 0.308347, 0.394755, 0.124994, 0.199981, -0.935251, 0.292079, -0.002831, 0.459257, -0.17385, -0.871126, -1.2e-05, 0.0, 0.0, 0.0, 1.0],
                [0.864259, 0.305637, 0.399551, 0.124994, 0.212133, -0.941619, 0.261436, -0.002831, 0.45613, -0.14119, -0.878642, -1.2e-05, 0.0, 0.0, 0.0, 1.0],
                [0.863237, 0.303006, 0.403743, 0.124994, 0.223202, -0.946487, 0.233108, -0.002831, 0.452771, -0.11111, -0.884677, -1.2e-05, 0.0, 0.0, 0.0, 1.0],
                [0.862426, 0.300579, 0.407274, 0.124994, 0.232879, -0.950001, 0.207995, -0.002831, 0.449431, -0.084534, -0.889307, -1.1e-05, 0.0, 0.0, 0.0, 1.0],
                [0.861815, 0.298486, 0.410097, 0.124994, 0.240876, -0.952372, 0.186981, -0.002831, 0.446377, -0.06236, -0.89267, -1.2e-05, 0.0, 0.0, 0.0, 1.0],
                [0.861391, 0.296851, 0.412169, 0.124994, 0.246923, -0.953839, 0.170929, -0.002831, 0.443884, -0.045462, -0.89493, -1.2e-05, 0.0, 0.0, 0.0, 1.0],
                [0.861142, 0.295792, 0.413449, 0.124994, 0.250754, -0.95462, 0.160685, -0.002831, 0.442217, -0.034698, -0.896237, -1.2e-05, 0.0, 0.0, 0.0, 1.0],
                [0.86106, 0.295417, 0.413888, 0.124994, 0.252095, -0.954866, 0.157085, -0.002831, 0.441614, -0.03092, -0.896673, -1.2e-05, 0.0, 0.0, 0.0, 1.0]
            ]
        },
        {
            "name": "Leg_R",
            "time": [0.0, 0.0167, 0.0333, 0.05, 0.0667, 0.0833, 0.1, 0.1167, 0.1333, 0.15, 0.1667, 0.1833, 0.2, 0.2167, 0.2333, 0.25, 0.2667, 0.2833, 0.3, 0.3167, 0.3333, 0.35, 0.3667, 0.3833, 0.4, 0.4167, 0.4333, 0.45, 0.4667, 0.4833, 0.5, 0.5167, 0.5333, 0.55, 0.5667, 0.5833, 0.6, 0.6167, 0.6333, 0.65, 0.6667, 0.6833, 0.7, 0.7167, 0.7333, 0.75, 0.7667, 0.7833, 0.8, 0.8167, 0.8333, 0.85, 0.8667, 0.8833, 0.9, 0.9167, 0.9333, 0.95, 0.9667, 0.9833, 1.0, 1.0167, 1.0333, 1.05, 1.0667, 1.0833, 1.1, 1.1167, 1.1333, 1.15, 1.1667, 1.1833],
            "transform": [
                [1.0, 0.0, 1e-06, -0.0, -0.0, 0.97403, 0.22642, 0.37472, -1e-06, -0.22642, 0.974029, -0.0, 0.0, 0.0, 0.0, 1.0],
                [1.0, 0.0, 1e-06, -0.0, -0.0, 0.952634, 0.30412, 0.37472, -1e-06, -0.304121, 0.952633, -0.0, 0.0, 0.0, 0.0, 1.0],
                [1.0, -0.0, 1e-06, 0.0, -0.0, 0.867256, 0.497864, 0.37472, -1e-06, -0.497864, 0.867254, 0.0, 0.0, 0.0, 0.0, 1.0],
                [1.0, -0.0, 1e-06, 0.0, -0.0, 0.688487, 0.725249, 0.37472, -1e-06, -0.72525, 0.688485, 0.0, 0.0, 0.0, 0.0, 1.0],
                [1.0, -1e-06, 0.0, 0.0, -0.0, 0.468994, 0.883201, 0.37472, -1e-06, -0.883202, 0.468993, -0.0, 0.0, 0.0, 0.0, 1.0],
                [1.0, -1e-06, 0.0, -0.0, -0.0, 0.360144, 0.932896, 0.37472, -1e-06, -0.932897, 0.360144, -0.0, 0.0, 0.0, 0.0, 1.0],
                [1.0, -1e-06, 1e-06, 0.0, -0.0, 0.426486, 0.904494, 0.37472, -1e-06, -0.904495, 0.426485, -0.0, 0.0, 0.0, 0.0, 1.0],
                [1.0, -0.0, 1e-06, 0.0, -0.0, 0.584071, 0.811702, 0.37472, -1e-06, -0.811704, 0.58407, 0.0, 0.0, 0.0, 0.0, 1.0],
                [1.0, -0.0, 1e-06, 0.0, -0.0, 0.758481, 0.651695, 0.37472, -1e-06, -0.651696, 0.75848, -0.0, 0.0, 0.0, 0.0, 1.0],
                [1.0, -0.0, 1e-06, 0.0, -0.0, 0.878316, 0.478081, 0.37472, -1e-06, -0.478082, 0.878315, -0.0, 0.0, 0.0, 0.0, 1.0],
                [1.0, -0.0, 1e-06, 0.0, -0.0, 0.918148, 0.396239, 0.37472, -1e-06, -0.39624, 0.918146, 0.0, 0.0, 0.0, 0.0, 1.0],
                [1.0, -0.0, 1e-06, -0.0, -0.0, 0.913884, 0.405978, 0.37472, -1e-06, -0.405978, 0.913882, 0.0, 0.0, 0.0, 0.0, 1.0],
                [1.0, -0.0, 1e-06, -0.0, -0.0, 0.901655, 0.432458, 0.37472, -1e-06, -0.432458, 0.901653, 0.0, 0.0, 0.0, 0.0, 1.0],
                [1.0, -0.0, 1e-06, -0.0, -0.0, 0.881847, 0.471537, 0.37472, -1e-06, -0.471538, 0.881845, -0.0, 0.0, 0.0, 0.0, 1.0],
                [1.0, -0.0, 1e-06, -0.0, -0.0, 0.854839, 0.518894, 0.37472, -1e-06, -0.518895, 0.854837, 0.0, 0.0, 0.0, 0.0, 1.0],
                [1.0, -0.0, 1e-06, -0.0, -0.0, 0.821643, 0.570003, 0.37472, -1e-06, -0.570004, 0.821642, 0.0, 0.0, 0.0, 0.0, 1.0],
                [1.0, -0.0, 1e-06, -0.0, -0.0, 0.784379, 0.620282, 0.37472, -1e-06, -0.620283, 0.784378, -0.0, 0.0, 0.0, 0.0, 1.0],
                [1.0, -0.0, 1e-06, 0.0, -0.0, 0.746497, 0.665389, 0.37472, -1e-06, -0.66539, 0.746496, 0.0, 0.0, 0.0, 0.0, 1.0],
                [1.0, -0.0, 1e-06, 0.0, -0.0, 0.712675, 0.701494, 0.37472, -1e-06, -0.701495, 0.712674, -0.0, 0.0, 0.0, 0.0, 1.0],
                [1.0, -0.0, 1e-06, -0.0, -0.0, 0.688382, 0.725348, 0.37472, -1e-06, -0.725349, 0.688381, 0.0, 0.0, 0.0, 0.0, 1.0],
                [1.0, -0.0, 1e-06, 0.0, -0.0, 0.679161, 0.733989, 0.37472, -1e-06, -0.73399, 0.679161, -0.0, 0.0, 0.0, 0.0, 1.0],
                [1.0, -0.0, 1e-06, 0.0, -0.0, 0.679161, 0.733989, 0.37472, -1e-06, -0.73399, 0.679161, -0.0, 0.0, 0.0, 0.0, 1.0],
                [1.0, -0.0, 1e-06, 0.0, -0.0, 0.679161, 0.733989, 0.37472, -1e-06, -0.73399, 0.679161, -0.0, 0.0, 0.0, 0.0, 1.0],
                [1.0, -0.0, 1e-06, 0.0, -0.0, 0.679161, 0.733989, 0.37472, -1e-06, -0.73399, 0.679161, -0.0, 0.0, 0.0, 0.0, 1.0],
                [1.0, -0.0, 1e-06, 0.0, -0.0, 0.679161, 0.733989, 0.37472, -1e-06, -0.73399, 0.679161, -0.0, 0.0, 0.0, 0.0, 1.0],
                [1.0, -0.0, 1e-06, 0.0, -0.0, 0.681065, 0.732223, 0.37472, -1e-06, -0.732224, 0.681064, -0.0, 0.0, 0.0, 0.0, 1.0],
                [1.0, -0.0, 1e-06, -0.0, -0.0, 0.686416, 0.727209, 0.37472, -1e-06, -0.727211, 0.686415, -0.0, 0.0, 0.0, 0.0, 1.0],
                [1.0, -0.0, 1e-06, 0.0, -0.0, 0.694689, 0.71931, 0.37472, -1e-06, -0.719311, 0.694688, -0.0, 0.0, 0.0, 0.0, 1.0],
                [1.0, -0.0, 1e-06, -1e-06, -0.0, 0.70537, 0.708839, 0.37472, -1e-06, -0.70884, 0.705369, -0.0, 0.0, 0.0, 0.0, 1.0],
                [1.0, -0.0, 1e-06, 0.0, -0.0, 0.717929, 0.696116, 0.37472, -1e-06, -0.696117, 0.717928, -0.0, 0.0, 0.0, 0.0, 1.0],
                [1.0, -0.0, 1e-06, -0.0, -0.0, 0.731816, 0.681503, 0.37472, -1e-06, -0.681504, 0.731815, 0.0, 0.0, 0.0, 0.0, 1.0],
                [1.0, -0.0, 1e-06, -0.0, -0.0, 0.746448, 0.665444, 0.37472, -1e-06, -0.665445, 0.746447, 0.0, 0.0, 0.0, 0.0, 1.0],
                [1.0, -0.0, 1e-06, 0.0, -0.0, 0.761214, 0.648501, 0.37472, -1e-06, -0.648502, 0.761213, -0.0, 0.0, 0.0, 0.0, 1.0],
                [1.0, -0.0, 1e-06, -0.0, -0.0, 0.775475, 0.631378, 0.37472, -1e-06, -0.631379, 0.775474, 0.0, 0.0, 0.0, 0.0, 1.0],
                [1.0, -0.0, 1e-06, -0.0, -0.0, 0.788581, 0.614931, 0.37472, -1e-06, -0.614932, 0.78858, -0.0, 0.0, 0.0, 0.0, 1.0],
                [1.0, -0.0, 1e-06, 0.0, -0.0, 0.799877, 0.600165, 0.37472, -1e-06, -0.600166, 0.799875, -0.0, 0.0, 0.0, 0.0, 1.0],
                [1.0, -0.0, 1e-06, -0.0, -0.0, 0.808719, 0.588196, 0.37472, -1e-06, -0.588197, 0.808717, -0.0, 0.0, 0.0, 0.0, 1.0],
                [1.0, -0.0, 1e-06, 0.0, -0.0, 0.814477, 0.580196, 0.37472, -1e-06, -0.580197, 0.814476, -0.0, 0.0, 0.0, 0.0, 1.0],
                [1.0, -0.0, 1e-06, 0.0, -0.0, 0.816533, 0.577299, 0.37472, -1e-06, -0.5773, 0.816532, -0.0, 0.0, 0.0, 0.0, 1.0],
                [1.0, -0.0, 1e-06, 1e-06, -0.0, 0.816387, 0.577506, 0.37472, -1e-06, -0.577507, 0.816386, 0.0, 0.0, 0.0, 0.0, 1.0],
                [1.0, -0.0, 1e-06, -1e-06, -0.0, 0.815997, 0.578057, 0.37472, -1e-06, -0.578058, 0.815995, 0.0, 0.0, 0.0, 0.0, 1.0],
                [1.0, -0.0, 1e-06, -0.0, -0.0, 0.815435, 0.578849, 0.37472, -1e-06, -0.57885, 0.815434, 0.0, 0.0, 0.0, 0.0, 1.0],
                [1.0, -0.0, 1e-06, -0.0, -0.0, 0.814776, 0.579777, 0.37472, -1e-06, -0.579778, 0.814774, 0.0, 0.0, 0.0, 0.0, 1.0],
                [1.0, -0.0, 1e-06, -0.0, -0.0, 0.814093, 0.580735, 0.37472, -1e-06, -0.580736, 0.814092, 0.0, 0.0, 0.0, 0.0, 1.0],
                [1.0, -0.0, 1e-06, 0.0, -0.0, 0.813459, 0.581623, 0.37472, -1e-06, -0.581624, 0.813458, -0.0, 0.0, 0.0, 0.0, 1.0],
                [1.0, -0.0, 1e-06, 0.0, -0.0, 0.812944, 0.582342, 0.37472, -1e-06, -0.582343, 0.812943, 0.0, 0.0, 0.0, 0.0, 1.0],
                [1.0, -0.0, 1e-06, 0.0, -0.0, 0.812615, 0.582802, 0.37472, -1e-06, -0.582802, 0.812614, -0.0, 0.0, 0.0, 0.0, 1.0],
                [1.0, -0.0, 1e-06, 0.0, -0.0, 0.812532, 0.582917, 0.37472, -1e-06, -0.582918, 0.812531, -0.0, 0.0, 0.0, 0.0, 1.0],
                [1.0, -0.0, 1e-06, -0.0, -0.0, 0.812751, 0.582612, 0.37472, -1e-06, -0.582613, 0.81275, -0.0, 0.0, 0.0, 0.0, 1.0],
                [1.0, -0.0, 1e-06, 0.0, -0.0, 0.813319, 0.581818, 0.37472, -1e-06, -0.581819, 0.813318, 0.0, 0.0, 0.0, 0.0, 1.0],
                [1.0, -0.0, 1e-06, -0.0, -0.0, 0.814276, 0.580478, 0.37472, -1e-06, -0.580479, 0.814275, 0.0, 0.0, 0.0, 0.0, 1.0],
                [1.0, -0.0, 1e-06, -0.0, -0.0, 0.815653, 0.578542, 0.37472, -1e-06, -0.578542, 0.815652, -0.0, 0.0, 0.0, 0.0, 1.0],
                [1.0, -0.0, 1e-06, 0.0, -0.0, 0.817472, 0.575968, 0.37472, -1e-06, -0.575969, 0.817471, 0.0, 0.0, 0.0, 0.0, 1.0],
                [1.0, -0.0, 1e-06, 0.0, -0.0, 0.819747, 0.572726, 0.37472, -1e-06, -0.572727, 0.819746, -0.0, 0.0, 0.0, 0.0, 1.0],
                [1.0, -0.0, 1e-06, -0.0, -0.0, 0.822481, 0.568793, 0.37472, -1e-06, -0.568794, 0.822479, -0.0, 0.0, 0.0, 0.0, 1.0],
                [1.0, -0.0, 1e-06, -0.0, -0.0, 0.82567, 0.564154, 0.37472, -1e-06, -0.564155, 0.825669, 0.0, 0.0, 0.0, 0.0, 1.0],
                [1.0, -0.0, 1e-06, 0.0, -0.0, 0.829303, 0.5588, 0.37472, -1e-06, -0.5588, 0.829302, -0.0, 0.0, 0.0, 0.0, 1.0],
                [1.0, -0.0, 1e-06, 0.0, -0.0, 0.833361, 0.55273, 0.37472, -1e-06, -0.552731, 0.83336, -0.0, 0.0, 0.0, 0.0, 1.0],
                [1.0, -0.0, 1e-06, -0.0, -0.0, 0.837788, 0.545996, 0.37472, -1e-06, -0.545997, 0.837787, -0.0, 0.0, 0.0, 0.0, 1.0],
                [1.0, -0.0, 1e-06, -0.0, -0.0, 0.842417, 0.538827, 0.37472, -1e-06, -0.538828, 0.842415, -0.0, 0.0, 0.0, 0.0, 1.0],
                [1.0, -0.0, 1e-06, -0.0, -0.0, 0.847081, 0.531465, 0.37472, -1e-06, -0.531466, 0.847079, -0.0, 0.0, 0.0, 0.0, 1.0],
                [1.0, -0.0, 1e-06, 0.0, -0.0, 0.851647, 0.524116, 0.37472, -1e-06, -0.524116, 0.851646, -0.0, 0.0, 0.0, 0.0, 1.0],
                [1.0, -0.0, 1e-06, -0.0, -0.0, 0.856014, 0.516954, 0.37472, -1e-06, -0.516954, 0.856013, 0.0, 0.0, 0.0, 0.0, 1.0],
                [1.0, -0.0, 1e-06, 0.0, -0.0, 0.860101, 0.510124, 0.37472, -1e-06, -0.510125, 0.8601, -0.0, 0.0, 0.0, 0.0, 1.0],
                [1.0, -0.0, 1e-06, 0.0, -0.0, 0.863849, 0.503752, 0.37472, -1e-06, -0.503752, 0.863848, -0.0, 0.0, 0.0, 0.0, 1.0],
                [1.0, -0.0, 1e-06, -0.0, -0.0, 0.867212, 0.49794, 0.37472, -1e-06, -0.497941, 0.86721, 0.0, 0.0, 0.0, 0.0, 1.0],
                [1.0, -0.0, 1e-06, -0.0, -0.0, 0.870153, 0.492783, 0.37472, -1e-06, -0.492784, 0.870151, 0.0, 0.0, 0.0, 0.0, 1.0],
                [1.0, -0.0, 1e-06, -0.0, -0.0, 0.87264, 0.488365, 0.37472, -1e-06, -0.488366, 0.872639, 0.0, 0.0, 0.0, 0.0, 1.0],
                [1.0, -0.0, 1e-06, -0.0, -0.0, 0.874643, 0.484768, 0.37472, -1e-06, -0.484768, 0.874642, 0.0, 0.0, 0.0, 0.0, 1.0],
                [1.0, -0.0, 1e-06, 0.0, -0.0, 0.87613, 0.482075, 0.37472, -1e-06, -0.482076, 0.876129, 0.0, 0.0, 0.0, 0.0, 1.0],
                [1.0, -0.0, 1e-06, 0.0, -0.0, 0.877061, 0.48038, 0.37472, -1e-06, -0.480381, 0.87706, 0.0, 0.0, 0.0, 0.0, 1.0],
                [1.0, -0.0, 1e-06, 0.0, -0.0, 0.877385, 0.479788, 0.37472, -1e-06, -0.479789, 0.877383, 0.0, 0.0, 0.0, 0.0, 1.0]
            ]
        },
        {
            "name": "Knee_R",
            "time": [0.0, 0.0167, 0.0333, 0.05, 0.0667, 0.0833, 0.1, 0.1167, 0.1333, 0.15, 0.1667, 0.1833, 0.2, 0.2167, 0.2333, 0.25, 0.2667, 0.2833, 0.3, 0.3167, 0.3333, 0.35, 0.3667, 0.3833, 0.4, 0.4167, 0.4333, 0.45, 0.4667, 0.4833, 0.5, 0.5167, 0.5333, 0.55, 0.5667, 0.5833, 0.6, 0.6167, 0.6333, 0.65, 0.6667, 0.6833, 0.7, 0.7167, 0.7333, 0.75, 0.7667, 0.7833, 0.8, 0.8167, 0.8333, 0.85, 0.8667, 0.8833, 0.9, 0.9167, 0.9333, 0.95, 0.9667, 0.9833, 1.0, 1.0167, 1.0333, 1.05, 1.0667, 1.0833, 1.1, 1.1167, 1.1333, 1.15, 1.1667, 1.1833],
            "transform": [
                [1.0, 0.0, -0.0, -0.0, -0.0, 1e-06, -1.0, 0.37472, -0.0, 1.0, 1e-06, -0.0, 0.0, 0.0, 0.0, 1.0],
                [1.0, 0.0, -0.0, -0.0, -0.0, 1e-06, -1.0, 0.37472, -0.0, 1.0, 1e-06, -0.0, 0.0, 0.0, 0.0, 1.0],
                [1.0, 0.0, -0.0, 0.0, -0.0, 1e-06, -1.0, 0.37472, -0.0, 1.0, 1e-06, 0.0, 0.0, 0.0, 0.0, 1.0],
                [1.0, 0.0, -0.0, 0.0, -0.0, 1e-06, -1.0, 0.404951, -0.0, 1.0, 1e-06, 0.0, 0.0, 0.0, 0.0, 1.0],
                [1.0, 0.0, -0.0, 0.0, -0.0, 1e-06, -1.0, 0.433444, -0.0, 1.0, 1e-06, -0.0, 0.0, 0.0, 0.0, 1.0],
                [1.0, -0.0, -0.0, -0.0, -0.0, 1e-06, -1.0, 0.44602, -0.0, 1.0, 1e-06, -0.0, 0.0, 0.0, 0.0, 1.0],
                [1.0, 0.0, -0.0, 0.0, -0.0, 1e-06, -1.0, 0.438438, -0.0, 1.0, 1e-06, 0.0, 0.0, 0.0, 0.0, 1.0],
                [1.0, 0.0, -0.0, 0.0, -0.0, 1e-06, -1.0, 0.419202, -0.0, 1.0, 1e-06, 0.0, 0.0, 0.0, 0.0, 1.0],
                [1.0, 0.0, -0.0, -0.0, -0.0, 1e-06, -1.0, 0.394281, -0.0, 1.0, 1e-06, -0.0, 0.0, 0.0, 0.0, 1.0],
                [1.0, -0.0, -0.0, 0.0, -0.0, 1e-06, -1.0, 0.37472, -0.0, 1.0, 1e-06, -0.0, 0.0, 0.0, 0.0, 1.0],
                [1.0, 0.0, -0.0, -0.0, -0.0, 1e-06, -1.0, 0.37472, -0.0, 1.0, 1e-06, 0.0, 0.0, 0.0, 0.0, 1.0],
                [1.0, 0.0, -0.0, -0.0, -0.0, 1e-06, -1.0, 0.37472, -0.0, 1.0, 1e-06, 0.0, 0.0, 0.0, 0.0, 1.0],
                [1.0, 0.0, -0.0, -0.0, -0.0, 1e-06, -1.0, 0.37472, -0.0, 1.0, 1e-06, 0.0, 0.0, 0.0, 0.0, 1.0],
                [1.0, 0.0, -0.0, 0.0, -0.0, 1e-06, -1.0, 0.37472, -0.0, 1.0, 1e-06, 0.0, 0.0, 0.0, 0.0, 1.0],
                [1.0, 0.0, -0.0, -0.0, -0.0, 1e-06, -1.0, 0.377027, -0.0, 1.0, 1e-06, 0.0, 0.0, 0.0, 0.0, 1.0],
                [1.0, 0.0, -0.0, -0.0, -0.0, 1e-06, -1.0, 0.383429, -0.0, 1.0, 1e-06, 0.0, 0.0, 0.0, 0.0, 1.0],
                [1.0, 0.0, -0.0, -0.0, -0.0, 1e-06, -1.0, 0.390004, -0.0, 1.0, 1e-06, -0.0, 0.0, 0.0, 0.0, 1.0],
                [1.0, 0.0, -0.0, -0.0, -0.0, 1e-06, -1.0, 0.396193, -0.0, 1.0, 1e-06, -0.0, 0.0, 0.0, 0.0, 1.0],
                [1.0, 0.0, -0.0, 0.0, -0.0, 1e-06, -1.0, 0.40139, -0.0, 1.0, 1e-06, -0.0, 0.0, 0.0, 0.0, 1.0],
                [1.0, 0.0, -0.0, -0.0, -0.0, 1e-06, -1.0, 0.404966, -0.0, 1.0, 1e-06, 0.0, 0.0, 0.0, 0.0, 1.0],
                [1.0, 0.0, -0.0, -0.0, -0.0, 1e-06, -1.0, 0.406294, -0.0, 1.0, 1e-06, -0.0, 0.0, 0.0, 0.0, 1.0],
                [1.0, 0.0, -0.0, -0.0, -0.0, 1e-06, -1.0, 0.406294, -0.0, 1.0, 1e-06, -0.0, 0.0, 0.0, 0.0, 1.0],
                [1.0, 0.0, -0.0, -0.0, -0.0, 1e-06, -1.0, 0.406294, -0.0, 1.0, 1e-06, -0.0, 0.0, 0.0, 0.0, 1.0],
                [1.0, 0.0, -0.0, -0.0, -0.0, 1e-06, -1.0, 0.406294, -0.0, 1.0, 1e-06, -0.0, 0.0, 0.0, 0.0, 1.0],
                [1.0, 0.0, -0.0, -0.0, -0.0, 1e-06, -1.0, 0.406294, -0.0, 1.0, 1e-06, -0.0, 0.0, 0.0, 0.0, 1.0],
                [1.0, 0.0, -0.0, 0.0, -0.0, 1e-06, -1.0, 0.406021, -0.0, 1.0, 1e-06, -0.0, 0.0, 0.0, 0.0, 1.0],
                [1.0, 0.0, -0.0, 0.0, -0.0, 1e-06, -1.0, 0.40525, -0.0, 1.0, 1e-06, 0.0, 0.0, 0.0, 0.0, 1.0],
                [1.0, 0.0, -0.0, 0.0, -0.0, 1e-06, -1.0, 0.404049, -0.0, 1.0, 1e-06, -0.0, 0.0, 0.0, 0.0, 1.0],
                [1.0, 0.0, -0.0, -1e-06, -0.0, 1e-06, -1.0, 0.402478, -0.0, 1.0, 1e-06, -0.0, 0.0, 0.0, 0.0, 1.0],
                [1.0, 0.0, -0.0, 0.0, -0.0, 1e-06, -1.0, 0.4006, -0.0, 1.0, 1e-06, 0.0, 0.0, 0.0, 0.0, 1.0],
                [1.0, 0.0, -0.0, -0.0, -0.0, 1e-06, -1.0, 0.398482, -0.0, 1.0, 1e-06, -0.0, 0.0, 0.0, 0.0, 1.0],
                [1.0, 0.0, -0.0, -0.0, -0.0, 1e-06, -1.0, 0.3962, -0.0, 1.0, 1e-06, 0.0, 0.0, 0.0, 0.0, 1.0],
                [1.0, 0.0, -0.0, -0.0, -0.0, 1e-06, -1.0, 0.39384, -0.0, 1.0, 1e-06, -0.0, 0.0, 0.0, 0.0, 1.0],
                [1.0, 0.0, -0.0, -0.0, -0.0, 1e-06, -1.0, 0.391499, -0.0, 1.0, 1e-06, -0.0, 0.0, 0.0, 0.0, 1.0],
                [1.0, 0.0, -0.0, 0.0, -0.0, 1e-06, -1.0, 0.38929, 0.0, 1.0, 1e-06, -0.0, 0.0, 0.0, 0.0, 1.0],
                [1.0, 0.0, -0.0, 0.0, -0.0, 1e-06, -1.0, 0.387337, -0.0, 1.0, 1e-06, -0.0, 0.0, 0.0, 0.0, 1.0],
                [1.0, 0.0, -0.0, -0.0, -0.0, 1e-06, -1.0, 0.385774, -0.0, 1.0, 1e-06, 0.0, 0.0, 0.0, 0.0, 1.0],
                [1.0, 0.0, -0.0, 0.0, -0.0, 1e-06, -1.0, 0.384738, -0.0, 1.0, 1e-06, -0.0, 0.0, 0.0, 0.0, 1.0],
                [1.0, 0.0, -0.0, 0.0, -0.0, 1e-06, -1.0, 0.384365, -0.0, 1.0, 1e-06, 0.0, 0.0, 0.0, 0.0, 1.0],
                [1.0, 0.0, -0.0, 1e-06, -0.0, 1e-06, -1.0, 0.384391, -0.0, 1.0, 1e-06, 0.0, 0.0, 0.0, 0.0, 1.0],
                [1.0, 0.0, -0.0, -1e-06, -0.0, 1e-06, -1.0, 0.384463, -0.0, 1.0, 1e-06, 0.0, 0.0, 0.0, 0.0, 1.0],
                [1.0, 0.0, -0.0, 0.0, -0.0, 1e-06, -1.0, 0.384564, -0.0, 1.0, 1e-06, 0.0, 0.0, 0.0, 0.0, 1.0],
                [1.0, 0.0, -0.0, -0.0, -0.0, 1e-06, -1.0, 0.384684, -0.0, 1.0, 1e-06, 0.0, 0.0, 0.0, 0.0, 1.0],
                [1.0, 0.0, -0.0, -0.0, -0.0, 1e-06, -1.0, 0.384808, -0.0, 1.0, 1e-06, 0.0, 0.0, 0.0, 0.0, 1.0],
                [1.0, 0.0, -0.0, 0.0, -0.0, 1e-06, -1.0, 0.384922, -0.0, 1.0, 1e-06, -0.0, 0.0, 0.0, 0.0, 1.0],
                [1.0, 0.0, -0.0, 0.0, -0.0, 1e-06, -1.0, 0.385015, -0.0, 1.0, 1e-06, 0.0, 0.0, 0.0, 0.0, 1.0],
                [1.0, 0.0, -0.0, 0.0, -0.0, 1e-06, -1.0, 0.385075, -0.0, 1.0, 1e-06, -0.0, 0.0, 0.0, 0.0, 1.0],
                [1.0, 0.0, -0.0, -0.0, -0.0, 1e-06, -1.0, 0.38509, -0.0, 1.0, 1e-06, -0.0, 0.0, 0.0, 0.0, 1.0],
                [1.0, 0.0, -0.0, -0.0, -0.0, 1e-06, -1.0, 0.38505, -0.0, 1.0, 1e-06, -0.0, 0.0, 0.0, 0.0, 1.0],
                [1.0, 0.0, -0.0, 1e-06, -0.0, 1e-06, -1.0, 0.384948, 0.0, 1.0, 1e-06, 0.0, 0.0, 0.0, 0.0, 1.0],
                [1.0, 0.0, -0.0, 0.0, -0.0, 1e-06, -1.0, 0.384774, -0.0, 1.0, 1e-06, 0.0, 0.0, 0.0, 0.0, 1.0],
                [1.0, 0.0, -0.0, -0.0, -0.0, 1e-06, -1.0, 0.384525, -0.0, 1.0, 1e-06, -0.0, 0.0, 0.0, 0.0, 1.0],
                [1.0, 0.0, -0.0, 0.0, -0.0, 1e-06, -1.0, 0.384194, -0.0, 1.0, 1e-06, 1e-06, 0.0, 0.0, 0.0, 1.0],
                [1.0, 0.0, -0.0, 0.0, -0.0, 1e-06, -1.0, 0.383778, -0.0, 1.0, 1e-06, -0.0, 0.0, 0.0, 0.0, 1.0],
                [1.0, 0.0, -0.0, -0.0, -0.0, 1e-06, -1.0, 0.383275, -0.0, 1.0, 1e-06, 0.0, 0.0, 0.0, 0.0, 1.0],
                [1.0, 0.0, -0.0, -0.0, -0.0, 1e-06, -1.0, 0.382683, -0.0, 1.0, 1e-06, 1e-06, 0.0, 0.0, 0.0, 1.0],
                [1.0, 0.0, -0.0, 0.0, -0.0, 1e-06, -1.0, 0.382003, -0.0, 1.0, 1e-06, -0.0, 0.0, 0.0, 0.0, 1.0],
                [1.0, 0.0, -0.0, 0.0, -0.0, 1e-06, -1.0, 0.381237, -0.0, 1.0, 1e-06, 1e-06, 0.0, 0.0, 0.0, 1.0],
                [1.0, 0.0, -0.0, -0.0, -0.0, 1e-06, -1.0, 0.38039, -0.0, 1.0, 1e-06, -0.0, 0.0, 0.0, 0.0, 1.0],
                [1.0, 0.0, -0.0, -0.0, -0.0, 1e-06, -1.0, 0.379494, -0.0, 1.0, 1e-06, -0.0, 0.0, 0.0, 0.0, 1.0],
                [1.0, 0.0, -0.0, -0.0, -0.0, 1e-06, -1.0, 0.378579, -0.0, 1.0, 1e-06, -0.0, 0.0, 0.0, 0.0, 1.0],
                [1.0, 0.0, -0.0, 0.0, -0.0, 1e-06, -1.0, 0.37767, -0.0, 1.0, 1e-06, -0.0, 0.0, 0.0, 0.0, 1.0],
