{
    "animation": [
        {
            "name": "Root",
            "time": [0.0, 0.0167, 0.0333, 0.05, 0.0667, 0.0833, 0.1, 0.1167, 0.1333, 0.15, 0.1667, 0.1833, 0.2, 0.2167, 0.2333, 0.25, 0.2667, 0.2833, 0.3, 0.3167, 0.3333, 0.35, 0.3667, 0.3833, 0.4, 0.4167, 0.4333, 0.45, 0.4667, 0.4833, 0.5, 0.5167, 0.5333, 0.55, 0.5667, 0.5833, 0.6, 0.6167, 0.6333, 0.65, 0.6667, 0.6833, 0.7, 0.7167, 0.7333, 0.75, 0.7667, 0.7833, 0.8, 0.8167, 0.8333, 0.85, 0.8667, 0.8833, 0.9, 0.9167, 0.9333, 0.95, 0.9667, 0.9833, 1.0, 1.0167, 1.0333, 1.05, 1.0667, 1.0833, 1.1, 1.1167, 1.1333, 1.15, 1.1667, 1.1833, 1.2, 1.2167, 1.2333, 1.25, 1.2667, 1.2833, 1.3, 1.3167, 1.3333, 1.35, 1.3667, 1.3833, 1.4, 1.4167, 1.4333, 1.45, 1.4667, 1.4833, 1.5, 1.5167, 1.5333, 1.55, 1.5667, 1.5833, 1.6, 1.6167, 1.6333, 1.65, 1.6667, 1.6833, 1.7, 1.7167, 1.7333, 1.75, 1.7667, 1.7833, 1.8, 1.8167, 1.8333, 1.85, 1.8667, 1.8833, 1.9, 1.9167, 1.9333, 1.95, 1.9667, 1.9833, 2.0, 2.0167, 2.0333, 2.05, 2.0667, 2.0833, 2.1, 2.1167, 2.1333, 2.15, 2.1667, 2.1833, 2.2, 2.2167, 2.2333, 2.25, 2.2667, 2.2833, 2.3, 2.3167, 2.3333, 2.35, 2.3667, 2.3833, 2.4, 2.4167, 2.4333, 2.45, 2.4667, 2.4833, 2.5, 2.5167, 2.5333, 2.55, 2.5667, 2.5833, 2.6, 2.6167, 2.6333, 2.65, 2.6667, 2.6833, 2.7, 2.7167, 2.7333, 2.75, 2.7667, 2.7833, 2.8, 2.8167, 2.8333, 2.85, 2.8667, 2.8833, 2.9, 2.9167, 2.9333, 2.95, 2.9667, 2.9833, 3.0, 3.0167, 3.0333, 3.05, 3.0667, 3.0833, 3.1, 3.1167, 3.1333, 3.15, 3.1667, 3.1833, 3.2, 3.2167, 3.2333, 3.25, 3.2667, 3.2833, 3.3, 3.3167],
            "transform": [
                [0.741301, 0.0, 0.671172, -5e-06, 0.671172, 0.0, -0.741301, 0.000946, 0.0, 1.0, 0.0, 0.456582, 0.0, 0.0, 0.0, 1.0],
                [0.754692, 0.0, 0.656079, -5e-06, 0.656079, 0.0, -0.754692, 0.00361, 0.0, 1.0, 0.0, 0.463225, 0.0, 0.0, 0.0, 1.0],
                [0.78969, 0.0, 0.613506, -5e-06, 0.613506, 0.0, -0.78969, 0.011586, 0.0, 1.0, 0.0, 0.481258, 0.0, 0.0, 0.0, 1.0],
                [0.837302, 0.0, 0.546741, -5e-06, 0.546741, 0.0, -0.837302, 0.024852, 0.0, 1.0, 0.0, 0.507833, 0.0, 0.0, 0.0, 1.0],
                [0.887951, 0.0, 0.459938, -5e-06, 0.459938, 0.0, -0.887951, 0.043384, 0.0, 1.0, 0.0, 0.540102, 0.0, 0.0, 0.0, 1.0],
                [0.933087, 0.0, 0.359652, -5e-06, 0.359652, 0.0, -0.933087, 0.067161, 0.0, 1.0, 0.0, 0.575219, 0.0, 0.0, 0.0, 1.0],
                [0.966937, 0.0, 0.255016, -5e-06, 0.255016, 0.0, -0.966937, 0.096159, 0.0, 1.0, 0.0, 0.610336, 0.0, 0.0, 0.0, 1.0],
                [0.98765, 0.0, 0.156675, -5e-06, 0.156675, 0.0, -0.98765, 0.130355, 0.0, 1.0, 0.0, 0.642605, 0.0, 0.0, 0.0, 1.0],
                [0.997167, 0.0, 0.075225, -5e-06, 0.075225, 0.0, -0.997167, 0.169728, 0.0, 1.0, 0.0, 0.66918, 0.0, 0.0, 0.0, 1.0],
                [0.999796, 0.0, 0.020176, -5e-06, 0.020176, 0.0, -0.999796, 0.214255, 0.0, 1.0, 0.0, 0.687213, 0.0, 0.0, 0.0, 1.0],
                [1.0, 0.0, 0.0, -5e-06, 0.0, 0.0, -1.0, 0.263912, 0.0, 1.0, 0.0, 0.693857, 0.0, 0.0, 0.0, 1.0],
                [1.0, 0.0, 0.000167, -5e-06, 0.000167, 0.0, -1.0, 0.318136, 0.0, 1.0, 0.0, 0.693857, 0.0, 0.0, 0.0, 1.0],
                [0.999999, 0.0, 0.001333, -5e-06, 0.001333, 0.0, -0.999999, 0.374205, 0.0, 1.0, 0.0, 0.693857, 0.0, 0.0, 0.0, 1.0],
                [0.99999, 0.0, 0.004499, -5e-06, 0.004499, 0.0, -0.99999, 0.428852, 0.0, 1.0, 0.0, 0.693857, 0.0, 0.0, 0.0, 1.0],
                [0.999943, 0.0, 0.010665, -5e-06, 0.010665, 0.0, -0.999943, 0.478813, 0.0, 1.0, 0.0, 0.693857, 0.0, 0.0, 0.0, 1.0],
                [0.999783, 0.0, 0.020832, -5e-06, 0.020832, 0.0, -0.999783, 0.520825, 0.0, 1.0, 0.0, 0.693857, 0.0, 0.0, 0.0, 1.0],
                [0.999352, 0.0, 0.036001, -5e-06, 0.036001, 0.0, -0.999352, 0.55432, 0.0, 1.0, 0.0, 0.693857, 0.0, 0.0, 0.0, 1.0],
                [0.998365, 0.0, 0.057166, -5e-06, 0.057166, 0.0, -0.998365, 0.589522, 0.0, 1.0, 0.0, 0.693857, 0.0, 0.0, 0.0, 1.0],
                [0.996356, 0.0, 0.085296, -5e-06, 0.085296, 0.0, -0.996356, 0.639354, 0.0, 1.0, 0.0, 0.693857, 0.0, 0.0, 0.0, 1.0],
                [0.992614, 0.0, 0.121312, -5e-06, 0.121312, 0.0, -0.992614, 0.716739, 0.0, 1.0, 0.0, 0.693857, 0.0, 0.0, 0.0, 1.0],
                [0.986122, 0.0, 0.166023, -5e-06, 0.166023, 0.0, -0.986122, 0.834599, 0.0, 1.0, 0.0, 0.693857, 0.0, 0.0, 0.0, 1.0],
                [0.956912, 0.0, 0.290378, -5e-06, 0.290378, 0.0, -0.956912, 1.001417, 0.0, 1.0, 0.0, 0.655871, 0.0, 0.0, 0.0, 1.0],
                [0.850851, 0.0, 0.525408, -5e-06, 0.525408, 0.0, -0.850851, 1.207926, 0.0, 1.0, 0.0, 0.565289, 0.0, 0.0, 0.0, 1.0],
                [0.623622, 0.0, 0.781726, -5e-06, 0.781726, 0.0, -0.623622, 1.440421, 0.0, 1.0, 0.0, 0.457175, 0.0, 0.0, 0.0, 1.0],
                [0.303157, 0.0, 0.95294, -5e-06, 0.95294, 0.0, -0.303157, 1.685196, 0.0, 1.0, 0.0, 0.366593, 0.0, 0.0, 0.0, 1.0],
                [-0.011246, 0.0, 0.999937, -5e-06, 0.999937, 0.0, 0.011246, 1.928544, 0.0, 1.0, 0.0, 0.328607, 0.0, 0.0, 0.0, 1.0],
                [-0.248161, 0.0, 0.968719, -5e-06, 0.968719, 0.0, 0.248161, 2.159218, 0.0, 1.0, 0.0, 0.404691, 0.0, 0.0, 0.0, 1.0],
                [-0.427243, 0.0, 0.904137, -5e-06, 0.904137, 0.0, 0.427243, 2.375802, 0.0, 1.0, 0.0, 0.54599, 0.0, 0.0, 0.0, 1.0],
                [-0.588241, 0.0, 0.808686, -5e-06, 0.808686, 0.0, 0.588241, 2.579338, 0.0, 1.0, 0.0, 0.622074, 0.0, 0.0, 0.0, 1.0],
                [-0.764654, 0.0, 0.644442, -5e-06, 0.644442, 0.0, 0.764654, 2.770761, 0.0, 1.0, 0.0, 0.618677, 0.0, 0.0, 0.0, 1.0],
                [-0.927579, 0.0, 0.373627, -5e-06, 0.373627, 0.0, 0.927579, 2.950577, 0.0, 1.0, 0.0, 0.60972, 0.0, 0.0, 0.0, 1.0],
                [-0.999975, 0.0, 0.007048, -5e-06, 0.007048, 0.0, 0.999975, 3.119189, 0.0, 1.0, 0.0, 0.597058, 0.0, 0.0, 0.0, 1.0],
                [-0.925442, 0.0, -0.378889, -5e-06, -0.378889, 0.0, 0.925442, 3.276995, 0.0, 1.0, 0.0, 0.582542, 0.0, 0.0, 0.0, 1.0],
                [-0.727744, 0.0, -0.685849, -5e-06, -0.685849, 0.0, 0.727744, 3.424396, 0.0, 1.0, 0.0, 0.568027, 0.0, 0.0, 0.0, 1.0],
                [-0.489908, 0.0, -0.871774, -5e-06, -0.871774, 0.0, 0.489908, 3.561793, 0.0, 1.0, 0.0, 0.555364, 0.0, 0.0, 0.0, 1.0],
                [-0.283687, 0.0, -0.958917, -5e-06, -0.958917, 0.0, 0.283687, 3.689587, 0.0, 1.0, 0.0, 0.546407, 0.0, 0.0, 0.0, 1.0],
                [-0.143399, 0.0, -0.989665, -5e-06, -0.989665, 0.0, 0.143399, 3.808176, 0.0, 1.0, 0.0, 0.54301, 0.0, 0.0, 0.0, 1.0],
                [-0.045911, 0.0, -0.998945, -5e-06, -0.998945, 0.0, 0.045911, 3.917937, 0.0, 1.0, 0.0, 0.544948, 0.0, 0.0, 0.0, 1.0],
                [0.042077, 0.0, -0.999115, -5e-06, -0.999115, 0.0, -0.042077, 4.019141, 0.0, 1.0, 0.0, 0.550445, 0.0, 0.0, 0.0, 1.0],
                [0.12111, 0.0, -0.992639, -5e-06, -0.992639, 0.0, -0.12111, 4.112033, 0.0, 1.0, 0.0, 0.559027, 0.0, 0.0, 0.0, 1.0],
                [0.191963, 0.0, -0.981402, -5e-06, -0.981402, 0.0, -0.191963, 4.19686, 0.0, 1.0, 0.0, 0.57022, 0.0, 0.0, 0.0, 1.0],
                [0.255496, 0.0, -0.96681, -5e-06, -0.96681, 0.0, -0.255496, 4.273867, 0.0, 1.0, 0.0, 0.583548, 0.0, 0.0, 0.0, 1.0],
                [0.312567, 0.0, -0.949896, -5e-06, -0.949896, 0.0, -0.312567, 4.3433, 0.0, 1.0, 0.0, 0.598537, 0.0, 0.0, 0.0, 1.0],
                [0.36399, 0.0, -0.931403, -5e-06, -0.931403, 0.0, -0.36399, 4.405407, 0.0, 1.0, 0.0, 0.614712, 0.0, 0.0, 0.0, 1.0],
                [0.410509, 0.0, -0.911857, -5e-06, -0.911857, 0.0, -0.410509, 4.460431, 0.0, 1.0, 0.0, 0.631599, 0.0, 0.0, 0.0, 1.0],
                [0.452789, 0.0, -0.891617, -5e-06, -0.891617, 0.0, -0.452789, 4.508619, 0.0, 1.0, 0.0, 0.648724, 0.0, 0.0, 0.0, 1.0],
                [0.491425, 0.0, -0.87092, -5e-06, -0.87092, 0.0, -0.491425, 4.550217, 0.0, 1.0, 0.0, 0.665611, 0.0, 0.0, 0.0, 1.0],
                [0.526932, 0.0, -0.849907, -5e-06, -0.849907, 0.0, -0.526932, 4.585471, 0.0, 1.0, 0.0, 0.681787, 0.0, 0.0, 0.0, 1.0],
                [0.559766, 0.0, -0.828651, -5e-06, -0.828651, 0.0, -0.559766, 4.614626, 0.0, 1.0, 0.0, 0.696776, 0.0, 0.0, 0.0, 1.0],
                [0.590317, 0.0, -0.807172, -5e-06, -0.807172, 0.0, -0.590317, 4.637929, 0.0, 1.0, 0.0, 0.710104, 0.0, 0.0, 0.0, 1.0],
                [0.618923, 0.0, -0.785452, -5e-06, -0.785452, 0.0, -0.618923, 4.655626, 0.0, 1.0, 0.0, 0.721296, 0.0, 0.0, 0.0, 1.0],
                [0.645873, 0.0, -0.763445, -5e-06, -0.763445, 0.0, -0.645873, 4.667962, 0.0, 1.0, 0.0, 0.729878, 0.0, 0.0, 0.0, 1.0],
                [0.671408, 0.0, -0.741088, -5e-06, -0.741088, 0.0, -0.671408, 4.675184, 0.0, 1.0, 0.0, 0.735375, 0.0, 0.0, 0.0, 1.0],
                [0.695727, 0.0, -0.718306, -5e-06, -0.718306, 0.0, -0.695727, 4.677536, 0.0, 1.0, 0.0, 0.737313, 0.0, 0.0, 0.0, 1.0],
                [0.718965, 0.0, -0.695046, -5e-06, -0.695046, 0.0, -0.718965, 4.677536, 0.0, 1.0, 0.0, 0.737312, 0.0, 0.0, 0.0, 1.0],
                [0.741129, 0.0, -0.671362, -5e-06, -0.671362, 0.0, -0.741129, 4.677536, 0.0, 1.0, 0.0, 0.737307, 0.0, 0.0, 0.0, 1.0],
                [0.762206, 0.0, -0.647334, -5e-06, -0.647334, 0.0, -0.762206, 4.677536, 0.0, 1.0, 0.0, 0.7373, 0.0, 0.0, 0.0, 1.0],
                [0.782189, 0.0, -0.623042, -5e-06, -0.623042, 0.0, -0.782189, 4.677536, 0.0, 1.0, 0.0, 0.737289, 0.0, 0.0, 0.0, 1.0],
                [0.801076, 0.0, -0.598563, -5e-06, -0.598563, 0.0, -0.801076, 4.677536, 0.0, 1.0, 0.0, 0.737276, 0.0, 0.0, 0.0, 1.0],
                [0.818874, 0.0, -0.573973, -5e-06, -0.573973, 0.0, -0.818874, 4.677536, 0.0, 1.0, 0.0, 0.73726, 0.0, 0.0, 0.0, 1.0],
                [0.835594, 0.0, -0.549347, -5e-06, -0.549347, 0.0, -0.835594, 4.677536, 0.0, 1.0, 0.0, 0.737241, 0.0, 0.0, 0.0, 1.0],
                [0.851253, 0.0, -0.524756, -5e-06, -0.524756, 0.0, -0.851253, 4.677536, 0.0, 1.0, 0.0, 0.73722, 0.0, 0.0, 0.0, 1.0],
                [0.865871, 0.0, -0.500267, -5e-06, -0.500267, 0.0, -0.865871, 4.677536, 0.0, 1.0, 0.0, 0.737195, 0.0, 0.0, 0.0, 1.0],
                [0.879475, 0.0, -0.475944, -5e-06, -0.475944, 0.0, -0.879475, 4.677536, 0.0, 1.0, 0.0, 0.737168, 0.0, 0.0, 0.0, 1.0],
                [0.892095, 0.0, -0.451848, -5e-06, -0.451848, 0.0, -0.892095, 4.677536, 0.0, 1.0, 0.0, 0.737139, 0.0, 0.0, 0.0, 1.0],
                [0.903763, 0.0, -0.428033, -5e-06, -0.428033, 0.0, -0.903763, 4.677536, 0.0, 1.0, 0.0, 0.737106, 0.0, 0.0, 0.0, 1.0],
                [0.914515, 0.0, -0.404551, -5e-06, -0.404551, 0.0, -0.914515, 4.677536, 0.0, 1.0, 0.0, 0.737072, 0.0, 0.0, 0.0, 1.0],
                [0.924389, 0.0, -0.38145, -5e-06, -0.38145, 0.0, -0.924389, 4.677536, 0.0, 1.0, 0.0, 0.737034, 0.0, 0.0, 0.0, 1.0],
                [0.933425, 0.0, -0.358772, -5e-06, -0.358772, 0.0, -0.933425, 4.677536, 0.0, 1.0, 0.0, 0.736995, 0.0, 0.0, 0.0, 1.0],
                [0.941664, 0.0, -0.336556, -5e-06, -0.336556, 0.0, -0.941664, 4.677536, 0.0, 1.0, 0.0, 0.736953, 0.0, 0.0, 0.0, 1.0],
                [0.949147, 0.0, -0.314835, -5e-06, -0.314835, 0.0, -0.949147, 4.677536, 0.0, 1.0, 0.0, 0.736908, 0.0, 0.0, 0.0, 1.0],
                [0.955916, 0.0, -0.293639, -5e-06, -0.293639, 0.0, -0.955916, 4.677536, 0.0, 1.0, 0.0, 0.736861, 0.0, 0.0, 0.0, 1.0],
                [0.962016, 0.0, -0.272995, -5e-06, -0.272995, 0.0, -0.962016, 4.677536, 0.0, 1.0, 0.0, 0.736812, 0.0, 0.0, 0.0, 1.0],
                [0.967486, 0.0, -0.252923, -5e-06, -0.252923, 0.0, -0.967486, 4.677536, 0.0, 1.0, 0.0, 0.736761, 0.0, 0.0, 0.0, 1.0],
                [0.97237, 0.0, -0.233444, -5e-06, -0.233444, 0.0, -0.97237, 4.677536, 0.0, 1.0, 0.0, 0.736707, 0.0, 0.0, 0.0, 1.0],
                [0.976708, 0.0, -0.214571, -5e-06, -0.214571, 0.0, -0.976708, 4.677536, 0.0, 1.0, 0.0, 0.736651, 0.0, 0.0, 0.0, 1.0],
                [0.980541, 0.0, -0.196317, -5e-06, -0.196317, 0.0, -0.980541, 4.677536, 0.0, 1.0, 0.0, 0.736594, 0.0, 0.0, 0.0, 1.0],
                [0.983906, 0.0, -0.178689, -5e-06, -0.178689, 0.0, -0.983906, 4.677536, 0.0, 1.0, 0.0, 0.736534, 0.0, 0.0, 0.0, 1.0],
                [0.986841, 0.0, -0.161695, -5e-06, -0.161695, 0.0, -0.986841, 4.677536, 0.0, 1.0, 0.0, 0.736472, 0.0, 0.0, 0.0, 1.0],
                [0.989382, 0.0, -0.145337, -5e-06, -0.145337, 0.0, -0.989382, 4.677536, 0.0, 1.0, 0.0, 0.736408, 0.0, 0.0, 0.0, 1.0],
                [0.991564, 0.0, -0.129617, -5e-06, -0.129617, 0.0, -0.991564, 4.677536, 0.0, 1.0, 0.0, 0.736342, 0.0, 0.0, 0.0, 1.0],
                [0.993419, 0.0, -0.114533, -5e-06, -0.114533, 0.0, -0.993419, 4.677536, 0.0, 1.0, 0.0, 0.736274, 0.0, 0.0, 0.0, 1.0],
                [0.994979, 0.0, -0.100084, -5e-06, -0.100084, 0.0, -0.994979, 4.677536, 0.0, 1.0, 0.0, 0.736204, 0.0, 0.0, 0.0, 1.0],
                [0.996272, 0.0, -0.086263, -5e-06, -0.086263, 0.0, -0.996272, 4.677536, 0.0, 1.0, 0.0, 0.736133, 0.0, 0.0, 0.0, 1.0],
                [0.997327, 0.0, -0.073066, -5e-06, -0.073066, 0.0, -0.997327, 4.677536, 0.0, 1.0, 0.0, 0.736059, 0.0, 0.0, 0.0, 1.0],
                [0.998169, 0.0, -0.060485, -5e-06, -0.060485, 0.0, -0.998169, 4.677536, 0.0, 1.0, 0.0, 0.735984, 0.0, 0.0, 0.0, 1.0],
                [0.998823, 0.0, -0.04851, -5e-06, -0.04851, 0.0, -0.998823, 4.677536, 0.0, 1.0, 0.0, 0.735907, 0.0, 0.0, 0.0, 1.0],
                [0.99931, 0.0, -0.037134, -5e-06, -0.037134, 0.0, -0.99931, 4.677536, 0.0, 1.0, 0.0, 0.735829, 0.0, 0.0, 0.0, 1.0],
                [0.999653, 0.0, -0.026344, -5e-06, -0.026344, 0.0, -0.999653, 4.677536, 0.0, 1.0, 0.0, 0.735749, 0.0, 0.0, 0.0, 1.0],
                [0.99987, 0.0, -0.016131, -5e-06, -0.016131, 0.0, -0.99987, 4.677536, 0.0, 1.0, 0.0, 0.735667, 0.0, 0.0, 0.0, 1.0],
                [0.999979, 0.0, -0.006481, -5e-06, -0.006481, 0.0, -0.999979, 4.677536, 0.0, 1.0, 0.0, 0.735584, 0.0, 0.0, 0.0, 1.0],
                [0.999997, 0.0, 0.002617, -5e-06, 0.002617, 0.0, -0.999997, 4.677536, 0.0, 1.0, 0.0, 0.735499, 0.0, 0.0, 0.0, 1.0],
                [0.999938, 0.0, 0.011177, -5e-06, 0.011177, 0.0, -0.999938, 4.677536, 0.0, 1.0, 0.0, 0.735413, 0.0, 0.0, 0.0, 1.0],
                [0.999815, 0.0, 0.019211, -5e-06, 0.019211, 0.0, -0.999815, 4.677536, 0.0, 1.0, 0.0, 0.735325, 0.0, 0.0, 0.0, 1.0],
                [0.999643, 0.0, 0.026733, -5e-06, 0.026733, 0.0, -0.999643, 4.677536, 0.0, 1.0, 0.0, 0.735236, 0.0, 0.0, 0.0, 1.0],
                [0.99943, 0.0, 0.033758, -5e-06, 0.033758, 0.0, -0.99943, 4.677536, 0.0, 1.0, 0.0, 0.735146, 0.0, 0.0, 0.0, 1.0],
                [0.999188, 0.0, 0.040299, -5e-06, 0.040299, 0.0, -0.999188, 4.677536, 0.0, 1.0, 0.0, 0.735054, 0.0, 0.0, 0.0, 1.0],
                [0.998924, 0.0, 0.046369, -5e-06, 0.046369, 0.0, -0.998924, 4.677536, 0.0, 1.0, 0.0, 0.734961, 0.0, 0.0, 0.0, 1.0],
                [0.998648, 0.0, 0.051985, -5e-06, 0.051985, 0.0, -0.998648, 4.677536, 0.0, 1.0, 0.0, 0.734867, 0.0, 0.0, 0.0, 1.0],
                [0.998365, 0.0, 0.057159, -5e-06, 0.057159, 0.0, -0.998365, 4.677536, 0.0, 1.0, 0.0, 0.734772, 0.0, 0.0, 0.0, 1.0],
                [0.998082, 0.0, 0.061906, -5e-06, 0.061906, 0.0, -0.998082, 4.677536, 0.0, 1.0, 0.0, 0.734676, 0.0, 0.0, 0.0, 1.0],
                [0.997804, 0.0, 0.066241, -5e-06, 0.066241, 0.0, -0.997804, 4.677536, 0.0, 1.0, 0.0, 0.734578, 0.0, 0.0, 0.0, 1.0],
                [0.997535, 0.0, 0.070177, -5e-06, 0.070177, 0.0, -0.997535, 4.677536, 0.0, 1.0, 0.0, 0.73448, 0.0, 0.0, 0.0, 1.0],
                [0.997278, 0.0, 0.073729, -5e-06, 0.073729, 0.0, -0.997278, 4.677536, 0.0, 1.0, 0.0, 0.73438, 0.0, 0.0, 0.0, 1.0],
                [0.997038, 0.0, 0.076912, -5e-06, 0.076912, 0.0, -0.997038, 4.677536, 0.0, 1.0, 0.0, 0.73428, 0.0, 0.0, 0.0, 1.0],
                [0.996816, 0.0, 0.079738, -5e-06, 0.079738, 0.0, -0.996816, 4.677536, 0.0, 1.0, 0.0, 0.734179, 0.0, 0.0, 0.0, 1.0],
                [0.996614, 0.0, 0.082223, -5e-06, 0.082223, 0.0, -0.996614, 4.677536, 0.0, 1.0, 0.0, 0.734076, 0.0, 0.0, 0.0, 1.0],
                [0.996434, 0.0, 0.08438, -5e-06, 0.08438, 0.0, -0.996434, 4.677536, 0.0, 1.0, 0.0, 0.733973, 0.0, 0.0, 0.0, 1.0],
                [0.996276, 0.0, 0.086223, -5e-06, 0.086223, 0.0, -0.996276, 4.677536, 0.0, 1.0, 0.0, 0.733869, 0.0, 0.0, 0.0, 1.0],
                [0.996141, 0.0, 0.087766, -5e-06, 0.087766, 0.0, -0.996141, 4.677536, 0.0, 1.0, 0.0, 0.733765, 0.0, 0.0, 0.0, 1.0],
                [0.99603, 0.0, 0.089023, -5e-06, 0.089023, 0.0, -0.99603, 4.677536, 0.0, 1.0, 0.0, 0.73366, 0.0, 0.0, 0.0, 1.0],
                [0.995941, 0.0, 0.090007, -5e-06, 0.090007, 0.0, -0.995941, 4.677536, 0.0, 1.0, 0.0, 0.733554, 0.0, 0.0, 0.0, 1.0],
                [0.995875, 0.0, 0.090733, -5e-06, 0.090733, 0.0, -0.995875, 4.677536, 0.0, 1.0, 0.0, 0.733447, 0.0, 0.0, 0.0, 1.0],
                [0.995831, 0.0, 0.091212, -5e-06, 0.091212, 0.0, -0.995831, 4.677536, 0.0, 1.0, 0.0, 0.73334, 0.0, 0.0, 0.0, 1.0],
                [0.995809, 0.0, 0.09146, -5e-06, 0.09146, 0.0, -0.995809, 4.677536, 0.0, 1.0, 0.0, 0.733232, 0.0, 0.0, 0.0, 1.0],
                [0.995806, 0.0, 0.091489, -5e-06, 0.091489, 0.0, -0.995806, 4.677536, 0.0, 1.0, 0.0, 0.733124, 0.0, 0.0, 0.0, 1.0],
                [0.99582, 0.0, 0.091338, -5e-06, 0.091338, 0.0, -0.99582, 4.677536, 0.0, 1.0, 0.0, 0.733015, 0.0, 0.0, 0.0, 1.0],
                [0.995847, 0.0, 0.091041, -5e-06, 0.091041, 0.0, -0.995847, 4.677536, 0.0, 1.0, 0.0, 0.732906, 0.0, 0.0, 0.0, 1.0],
                [0.995887, 0.0, 0.090601, -5e-06, 0.090601, 0.0, -0.995887, 4.677536, 0.0, 1.0, 0.0, 0.732797, 0.0, 0.0, 0.0, 1.0],
                [0.99594, 0.0, 0.090022, -5e-06, 0.090022, 0.0, -0.99594, 4.677536, 0.0, 1.0, 0.0, 0.732687, 0.0, 0.0, 0.0, 1.0],
                [0.996004, 0.0, 0.089308, -5e-06, 0.089308, 0.0, -0.996004, 4.677536, 0.0, 1.0, 0.0, 0.732577, 0.0, 0.0, 0.0, 1.0],
                [0.996079, 0.0, 0.088463, -5e-06, 0.088463, 0.0, -0.996079, 4.677536, 0.0, 1.0, 0.0, 0.732466, 0.0, 0.0, 0.0, 1.0],
                [0.996165, 0.0, 0.087491, -5e-06, 0.087491, 0.0, -0.996165, 4.677536, 0.0, 1.0, 0.0, 0.732356, 0.0, 0.0, 0.0, 1.0],
                [0.996261, 0.0, 0.086395, -5e-06, 0.086395, 0.0, -0.996261, 4.677536, 0.0, 1.0, 0.0, 0.732245, 0.0, 0.0, 0.0, 1.0],
                [0.996366, 0.0, 0.08518, -5e-06, 0.08518, 0.0, -0.996366, 4.677536, 0.0, 1.0, 0.0, 0.732134, 0.0, 0.0, 0.0, 1.0],
                [0.996478, 0.0, 0.083849, -5e-06, 0.083849, 0.0, -0.996478, 4.677536, 0.0, 1.0, 0.0, 0.732023, 0.0, 0.0, 0.0, 1.0],
                [0.996599, 0.0, 0.082406, -5e-06, 0.082406, 0.0, -0.996599, 4.677536, 0.0, 1.0, 0.0, 0.731912, 0.0, 0.0, 0.0, 1.0],
                [0.996726, 0.0, 0.080855, -5e-06, 0.080855, 0.0, -0.996726, 4.677536, 0.0, 1.0, 0.0, 0.731801, 0.0, 0.0, 0.0, 1.0],
                [0.996859, 0.0, 0.0792, -5e-06, 0.0792, 0.0, -0.996859, 4.677536, 0.0, 1.0, 0.0, 0.73169, 0.0, 0.0, 0.0, 1.0],
                [0.996997, 0.0, 0.077443, -5e-06, 0.077443, 0.0, -0.996997, 4.677536, 0.0, 1.0, 0.0, 0.73158, 0.0, 0.0, 0.0, 1.0],
                [0.997139, 0.0, 0.07559, -5e-06, 0.07559, 0.0, -0.997139, 4.677536, 0.0, 1.0, 0.0, 0.731469, 0.0, 0.0, 0.0, 1.0],
                [0.997285, 0.0, 0.073643, -5e-06, 0.073643, 0.0, -0.997285, 4.677536, 0.0, 1.0, 0.0, 0.731358, 0.0, 0.0, 0.0, 1.0],
                [0.997433, 0.0, 0.071607, -5e-06, 0.071607, 0.0, -0.997433, 4.677536, 0.0, 1.0, 0.0, 0.731248, 0.0, 0.0, 0.0, 1.0],
                [0.997583, 0.0, 0.069485, -5e-06, 0.069485, 0.0, -0.997583, 4.677536, 0.0, 1.0, 0.0, 0.731138, 0.0, 0.0, 0.0, 1.0],
                [0.997734, 0.0, 0.067281, -5e-06, 0.067281, 0.0, -0.997734, 4.677536, 0.0, 1.0, 0.0, 0.731028, 0.0, 0.0, 0.0, 1.0],
                [0.997885, 0.0, 0.064998, -5e-06, 0.064998, 0.0, -0.997885, 4.677536, 0.0, 1.0, 0.0, 0.730919, 0.0, 0.0, 0.0, 1.0],
                [0.998036, 0.0, 0.06264, -5e-06, 0.06264, 0.0, -0.998036, 4.677536, 0.0, 1.0, 0.0, 0.730809, 0.0, 0.0, 0.0, 1.0],
                [0.998186, 0.0, 0.060211, -5e-06, 0.060211, 0.0, -0.998186, 4.677536, 0.0, 1.0, 0.0, 0.730701, 0.0, 0.0, 0.0, 1.0],
                [0.998333, 0.0, 0.057715, -5e-06, 0.057715, 0.0, -0.998333, 4.677536, 0.0, 1.0, 0.0, 0.730592, 0.0, 0.0, 0.0, 1.0],
                [0.998478, 0.0, 0.055154, -5e-06, 0.055154, 0.0, -0.998478, 4.677536, 0.0, 1.0, 0.0, 0.730485, 0.0, 0.0, 0.0, 1.0],
                [0.998619, 0.0, 0.052533, -5e-06, 0.052533, 0.0, -0.998619, 4.677536, 0.0, 1.0, 0.0, 0.730378, 0.0, 0.0, 0.0, 1.0],
                [0.998756, 0.0, 0.049855, -5e-06, 0.049855, 0.0, -0.998756, 4.677536, 0.0, 1.0, 0.0, 0.730271, 0.0, 0.0, 0.0, 1.0],
                [0.998889, 0.0, 0.047124, -5e-06, 0.047124, 0.0, -0.998889, 4.677536, 0.0, 1.0, 0.0, 0.730165, 0.0, 0.0, 0.0, 1.0],
                [0.999016, 0.0, 0.044344, -5e-06, 0.044344, 0.0, -0.999016, 4.677536, 0.0, 1.0, 0.0, 0.73006, 0.0, 0.0, 0.0, 1.0],
                [0.999138, 0.0, 0.041517, -5e-06, 0.041517, 0.0, -0.999138, 4.677536, 0.0, 1.0, 0.0, 0.729955, 0.0, 0.0, 0.0, 1.0],
                [0.999253, 0.0, 0.038648, -5e-06, 0.038648, 0.0, -0.999253, 4.677536, 0.0, 1.0, 0.0, 0.729851, 0.0, 0.0, 0.0, 1.0],
                [0.999361, 0.0, 0.03574, -5e-06, 0.03574, 0.0, -0.999361, 4.677536, 0.0, 1.0, 0.0, 0.729748, 0.0, 0.0, 0.0, 1.0],
                [0.999462, 0.0, 0.032797, -5e-06, 0.032797, 0.0, -0.999462, 4.677536, 0.0, 1.0, 0.0, 0.729646, 0.0, 0.0, 0.0, 1.0],
                [0.999555, 0.0, 0.029822, -5e-06, 0.029822, 0.0, -0.999555, 4.677536, 0.0, 1.0, 0.0, 0.729545, 0.0, 0.0, 0.0, 1.0],
                [0.99964, 0.0, 0.026819, -5e-06, 0.026819, 0.0, -0.99964, 4.677536, 0.0, 1.0, 0.0, 0.729444, 0.0, 0.0, 0.0, 1.0],
                [0.999717, 0.0, 0.023792, -5e-06, 0.023792, 0.0, -0.999717, 4.677536, 0.0, 1.0, 0.0, 0.729345, 0.0, 0.0, 0.0, 1.0],
                [0.999785, 0.0, 0.020743, -5e-06, 0.020743, 0.0, -0.999785, 4.677536, 0.0, 1.0, 0.0, 0.729246, 0.0, 0.0, 0.0, 1.0],
                [0.999844, 0.0, 0.017676, -5e-06, 0.017676, 0.0, -0.999844, 4.677536, 0.0, 1.0, 0.0, 0.729149, 0.0, 0.0, 0.0, 1.0],
                [0.999893, 0.0, 0.014596, -5e-06, 0.014596, 0.0, -0.999893, 4.677536, 0.0, 1.0, 0.0, 0.729052, 0.0, 0.0, 0.0, 1.0],
                [0.999934, 0.0, 0.011505, -5e-06, 0.011505, 0.0, -0.999934, 4.677536, 0.0, 1.0, 0.0, 0.728957, 0.0, 0.0, 0.0, 1.0],
                [0.999965, 0.0, 0.008407, -5e-06, 0.008407, 0.0, -0.999965, 4.677536, 0.0, 1.0, 0.0, 0.728863, 0.0, 0.0, 0.0, 1.0],
                [0.999986, 0.0, 0.005305, -5e-06, 0.005305, 0.0, -0.999986, 4.677536, 0.0, 1.0, 0.0, 0.72877, 0.0, 0.0, 0.0, 1.0],
                [0.999998, 0.0, 0.002203, -5e-06, 0.002203, 0.0, -0.999998, 4.677536, 0.0, 1.0, 0.0, 0.728679, 0.0, 0.0, 0.0, 1.0],
                [1.0, 0.0, -0.000896, -5e-06, -0.000896, 0.0, -1.0, 4.677536, 0.0, 1.0, 0.0, 0.728588, 0.0, 0.0, 0.0, 1.0],
                [0.999992, 0.0, -0.003987, -5e-06, -0.003987, 0.0, -0.999992, 4.677536, 0.0, 1.0, 0.0, 0.728499, 0.0, 0.0, 0.0, 1.0],
                [0.999975, 0.0, -0.007069, -5e-06, -0.007069, 0.0, -0.999975, 4.677536, 0.0, 1.0, 0.0, 0.728412, 0.0, 0.0, 0.0, 1.0],
                [0.999949, 0.0, -0.010137, -5e-06, -0.010137, 0.0, -0.999949, 4.677536, 0.0, 1.0, 0.0, 0.728326, 0.0, 0.0, 0.0, 1.0],
                [0.999913, 0.0, -0.013187, -5e-06, -0.013187, 0.0, -0.999913, 4.677536, 0.0, 1.0, 0.0, 0.728241, 0.0, 0.0, 0.0, 1.0],
                [0.999869, 0.0, -0.016217, -5e-06, -0.016217, 0.0, -0.999869, 4.677536, 0.0, 1.0, 0.0, 0.728158, 0.0, 0.0, 0.0, 1.0],
                [0.999815, 0.0, -0.019223, -5e-06, -0.019223, 0.0, -0.999815, 4.677536, 0.0, 1.0, 0.0, 0.728076, 0.0, 0.0, 0.0, 1.0],
                [0.999753, 0.0, -0.022202, -5e-06, -0.022202, 0.0, -0.999753, 4.677536, 0.0, 1.0, 0.0, 0.727996, 0.0, 0.0, 0.0, 1.0],
                [0.999684, 0.0, -0.02515, -5e-06, -0.02515, 0.0, -0.999684, 4.677536, 0.0, 1.0, 0.0, 0.727917, 0.0, 0.0, 0.0, 1.0],
                [0.999606, 0.0, -0.028064, -5e-06, -0.028064, 0.0, -0.999606, 4.677536, 0.0, 1.0, 0.0, 0.727841, 0.0, 0.0, 0.0, 1.0],
                [0.999521, 0.0, -0.03094, -5e-06, -0.03094, 0.0, -0.999521, 4.677536, 0.0, 1.0, 0.0, 0.727765, 0.0, 0.0, 0.0, 1.0],
                [0.999429, 0.0, -0.033776, -5e-06, -0.033776, 0.0, -0.999429, 4.677536, 0.0, 1.0, 0.0, 0.727692, 0.0, 0.0, 0.0, 1.0],
                [0.999331, 0.0, -0.036567, -5e-06, -0.036567, 0.0, -0.999331, 4.677536, 0.0, 1.0, 0.0, 0.72762, 0.0, 0.0, 0.0, 1.0],
                [0.999227, 0.0, -0.039311, -5e-06, -0.039311, 0.0, -0.999227, 4.677536, 0.0, 1.0, 0.0, 0.727551, 0.0, 0.0, 0.0, 1.0],
                [0.999117, 0.0, -0.042004, -5e-06, -0.042004, 0.0, -0.999117, 4.677536, 0.0, 1.0, 0.0, 0.727483, 0.0, 0.0, 0.0, 1.0],
                [0.999003, 0.0, -0.044642, -5e-06, -0.044642, 0.0, -0.999003, 4.677536, 0.0, 1.0, 0.0, 0.727417, 0.0, 0.0, 0.0, 1.0],
                [0.998884, 0.0, -0.047223, -5e-06, -0.047223, 0.0, -0.998884, 4.677536, 0.0, 1.0, 0.0, 0.727353, 0.0, 0.0, 0.0, 1.0],
                [0.998762, 0.0, -0.049743, -5e-06, -0.049743, 0.0, -0.998762, 4.677536, 0.0, 1.0, 0.0, 0.727291, 0.0, 0.0, 0.0, 1.0],
                [0.998637, 0.0, -0.052199, -5e-06, -0.052199, 0.0, -0.998637, 4.677536, 0.0, 1.0, 0.0, 0.727231, 0.0, 0.0, 0.0, 1.0],
                [0.998509, 0.0, -0.054588, -5e-06, -0.054588, 0.0, -0.998509, 4.677536, 0.0, 1.0, 0.0, 0.727173, 0.0, 0.0, 0.0, 1.0],
                [0.99838, 0.0, -0.056905, -5e-06, -0.056905, 0.0, -0.99838, 4.677536, 0.0, 1.0, 0.0, 0.727117, 0.0, 0.0, 0.0, 1.0],
                [0.998249, 0.0, -0.059149, -5e-06, -0.059149, 0.0, -0.998249, 4.677536, 0.0, 1.0, 0.0, 0.727064, 0.0, 0.0, 0.0, 1.0],
                [0.998118, 0.0, -0.061315, -5e-06, -0.061315, 0.0, -0.998118, 4.677536, 0.0, 1.0, 0.0, 0.727012, 0.0, 0.0, 0.0, 1.0],
                [0.997988, 0.0, -0.063401, -5e-06, -0.063401, 0.0, -0.997988, 4.677536, 0.0, 1.0, 0.0, 0.726963, 0.0, 0.0, 0.0, 1.0],
                [0.997859, 0.0, -0.065402, -5e-06, -0.065402, 0.0, -0.997859, 4.677536, 0.0, 1.0, 0.0, 0.726916, 0.0, 0.0, 0.0, 1.0],
                [0.997732, 0.0, -0.067317, -5e-06, -0.067317, 0.0, -0.997732, 4.677536, 0.0, 1.0, 0.0, 0.726872, 0.0, 0.0, 0.0, 1.0],
                [0.997607, 0.0, -0.069141, -5e-06, -0.069141, 0.0, -0.997607, 4.677536, 0.0, 1.0, 0.0, 0.72683, 0.0, 0.0, 0.0, 1.0],
                [0.997485, 0.0, -0.070871, -5e-06, -0.070871, 0.0, -0.997485, 4.677536, 0.0, 1.0, 0.0, 0.72679, 0.0, 0.0, 0.0, 1.0],
                [0.997368, 0.0, -0.072505, -5e-06, -0.072505, 0.0, -0.997368, 4.677536, 0.0, 1.0, 0.0, 0.726753, 0.0, 0.0, 0.0, 1.0],
                [0.997255, 0.0, -0.074038, -5e-06, -0.074038, 0.0, -0.997255, 4.677536, 0.0, 1.0, 0.0, 0.726718, 0.0, 0.0, 0.0, 1.0],
                [0.997148, 0.0, -0.075467, -5e-06, -0.075467, 0.0, -0.997148, 4.677536, 0.0, 1.0, 0.0, 0.726686, 0.0, 0.0, 0.0, 1.0],
                [0.997047, 0.0, -0.07679, -5e-06, -0.07679, 0.0, -0.997047, 4.677536, 0.0, 1.0, 0.0, 0.726656, 0.0, 0.0, 0.0, 1.0],
                [0.996953, 0.0, -0.078002, -5e-06, -0.078002, 0.0, -0.996953, 4.677536, 0.0, 1.0, 0.0, 0.726629, 0.0, 0.0, 0.0, 1.0],
                [0.996867, 0.0, -0.079101, -5e-06, -0.079101, 0.0, -0.996867, 4.677536, 0.0, 1.0, 0.0, 0.726605, 0.0, 0.0, 0.0, 1.0],
                [0.996788, 0.0, -0.080083, -5e-06, -0.080083, 0.0, -0.996788, 4.677536, 0.0, 1.0, 0.0, 0.726583, 0.0, 0.0, 0.0, 1.0],
                [0.996719, 0.0, -0.080946, -5e-06, -0.080946, 0.0, -0.996719, 4.677536, 0.0, 1.0, 0.0, 0.726564, 0.0, 0.0, 0.0, 1.0],
                [0.996658, 0.0, -0.081684, -5e-06, -0.081684, 0.0, -0.996658, 4.677536, 0.0, 1.0, 0.0, 0.726548, 0.0, 0.0, 0.0, 1.0],
                [0.996608, 0.0, -0.082297, -5e-06, -0.082297, 0.0, -0.996608, 4.677536, 0.0, 1.0, 0.0, 0.726535, 0.0, 0.0, 0.0, 1.0],
                [0.996568, 0.0, -0.082778, -5e-06, -0.082778, 0.0, -0.996568, 4.677536, 0.0, 1.0, 0.0, 0.726525, 0.0, 0.0, 0.0, 1.0],
                [0.996539, 0.0, -0.083127, -5e-06, -0.083127, 0.0, -0.996539, 4.677536, 0.0, 1.0, 0.0, 0.726517, 0.0, 0.0, 0.0, 1.0],
                [0.996521, 0.0, -0.083339, -5e-06, -0.083339, 0.0, -0.996521, 4.677536, 0.0, 1.0, 0.0, 0.726513, 0.0, 0.0, 0.0, 1.0],
                [0.996515, 0.0, -0.08341, -5e-06, -0.08341, 0.0, -0.996515, 4.677536, 0.0, 1.0, 0.0, 0.726511, 0.0, 0.0, 0.0, 1.0]
            ]
        },
        {
            "name": "Thigh_R",
            "time": [0.0, 0.0167, 0.0333, 0.05, 0.0667, 0.0833, 0.1, 0.1167, 0.1333, 0.15, 0.1667, 0.1833, 0.2, 0.2167, 0.2333, 0.25, 0.2667, 0.2833, 0.3, 0.3167, 0.3333, 0.35, 0.3667, 0.3833, 0.4, 0.4167, 0.4333, 0.45, 0.4667, 0.4833, 0.5, 0.5167, 0.5333, 0.55, 0.5667, 0.5833, 0.6, 0.6167, 0.6333, 0.65, 0.6667, 0.6833, 0.7, 0.7167, 0.7333, 0.75, 0.7667, 0.7833, 0.8, 0.8167, 0.8333, 0.85, 0.8667, 0.8833, 0.9, 0.9167, 0.9333, 0.95, 0.9667, 0.9833, 1.0, 1.0167, 1.0333, 1.05, 1.0667, 1.0833, 1.1, 1.1167, 1.1333, 1.15, 1.1667, 1.1833, 1.2, 1.2167, 1.2333, 1.25, 1.2667, 1.2833, 1.3, 1.3167, 1.3333, 1.35, 1.3667, 1.3833, 1.4, 1.4167, 1.4333, 1.45, 1.4667, 1.4833, 1.5, 1.5167, 1.5333, 1.55, 1.5667, 1.5833, 1.6, 1.6167, 1.6333, 1.65, 1.6667, 1.6833, 1.7, 1.7167, 1.7333, 1.75, 1.7667, 1.7833, 1.8, 1.8167, 1.8333, 1.85, 1.8667, 1.8833, 1.9, 1.9167, 1.9333, 1.95, 1.9667, 1.9833, 2.0, 2.0167, 2.0333, 2.05, 2.0667, 2.0833, 2.1, 2.1167, 2.1333, 2.15, 2.1667, 2.1833, 2.2, 2.2167, 2.2333, 2.25, 2.2667, 2.2833, 2.3, 2.3167, 2.3333, 2.35, 2.3667, 2.3833, 2.4, 2.4167, 2.4333, 2.45, 2.4667, 2.4833, 2.5, 2.5167, 2.5333, 2.55, 2.5667, 2.5833, 2.6, 2.6167, 2.6333, 2.65, 2.6667, 2.6833, 2.7, 2.7167, 2.7333, 2.75, 2.7667, 2.7833, 2.8, 2.8167, 2.8333, 2.85, 2.8667, 2.8833, 2.9, 2.9167, 2.9333, 2.95, 2.9667, 2.9833, 3.0, 3.0167, 3.0333, 3.05, 3.0667, 3.0833, 3.1, 3.1167, 3.1333, 3.15, 3.1667, 3.1833, 3.2, 3.2167, 3.2333, 3.25, 3.2667, 3.2833, 3.3, 3.3167],
            "transform": [
                [0.256033, -0.340763, 0.904615, 0.124994, 0.708871, -0.570059, -0.415371, -0.002831, 0.657228, 0.747602, 0.095603, -1.2e-05, 0.0, 0.0, 0.0, 1.0],
                [0.254122, -0.331168, 0.908708, 0.124994, 0.700098, -0.585252, -0.409073, -0.002831, 0.667296, 0.740138, 0.083125, -1.2e-05, 0.0, 0.0, 0.0, 1.0],
                [0.250217, -0.303856, 0.919273, 0.124994, 0.674624, -0.626317, -0.390649, -0.002831, 0.694458, 0.71791, 0.048273, -1.2e-05, 0.0, 0.0, 0.0, 1.0],
                [0.24774, -0.26083, 0.933056, 0.124994, 0.633031, -0.685481, -0.359701, -0.002831, 0.733414, 0.679765, -0.004708, -1.2e-05, 0.0, 0.0, 0.0, 1.0],
                [0.250484, -0.204653, 0.946243, 0.124994, 0.576197, -0.753923, -0.315586, -0.002831, 0.77798, 0.624271, -0.070926, -1.2e-05, 0.0, 0.0, 0.0, 1.0],
                [0.26187, -0.139174, 0.955016, 0.124994, 0.506489, -0.822506, -0.258745, -0.002831, 0.821518, 0.551462, -0.1449, -1.2e-05, 0.0, 0.0, 0.0, 1.0],
                [0.28416, -0.069623, 0.956246, 0.124994, 0.42831, -0.883089, -0.191574, -0.002831, 0.85779, 0.464007, -0.221119, -1.2e-05, 0.0, 0.0, 0.0, 1.0],
                [0.317926, -0.001992, 0.948114, 0.124994, 0.347774, -0.930049, -0.118571, -0.002831, 0.882029, 0.367425, -0.294995, -1.2e-05, 0.0, 0.0, 0.0, 1.0],
                [0.362027, 0.058029, 0.93036, 0.124994, 0.271658, -0.961304, -0.04575, -0.002831, 0.891705, 0.269302, -0.363783, -1.2e-05, 0.0, 0.0, 0.0, 1.0],
                [0.414145, 0.106039, 0.904013, 0.124994, 0.206153, -0.978307, 0.020311, -0.002831, 0.886557, 0.177954, -0.427022, -1.2e-05, 0.0, 0.0, 0.0, 1.0],
                [0.471599, 0.139409, 0.870724, 0.124994, 0.155995, -0.985038, 0.073223, -0.002831, 0.867905, 0.101297, -0.486291, -1.2e-05, 0.0, 0.0, 0.0, 1.0],
                [0.552976, 0.159679, 0.817753, 0.124994, 0.125289, -0.986238, 0.107858, -0.002831, 0.823723, 0.042813, -0.565373, -1.2e-05, 0.0, 0.0, 0.0, 1.0],
                [0.667115, 0.1698, 0.725345, 0.124994, 0.112366, -0.98547, 0.127351, -0.002831, 0.736431, -0.003453, -0.676504, -1.2e-05, 0.0, 0.0, 0.0, 1.0],
                [0.793001, 0.170864, 0.584769, 0.124994, 0.111896, -0.984383, 0.135888, -0.002831, 0.598856, -0.042326, -0.799738, -1.2e-05, 0.0, 0.0, 0.0, 1.0],
                [0.903934, 0.164072, 0.394947, 0.124994, 0.1186, -0.983429, 0.137101, -0.002831, 0.410898, -0.077088, -0.908417, -1.2e-05, 0.0, 0.0, 0.0, 1.0],
                [0.973824, 0.150579, 0.170272, 0.124994, 0.128123, -0.982386, 0.136006, -0.002831, 0.187753, -0.11063, -0.975966, -1.2e-05, 0.0, 0.0, 0.0, 1.0],
                [0.989537, 0.13125, -0.059908, 0.124994, 0.138492, -0.980503, 0.139388, -0.002831, -0.040445, -0.146226, -0.988424, -1.2e-05, 0.0, 0.0, 0.0, 1.0],
                [0.958934, 0.106448, -0.262893, 0.124994, 0.150772, -0.976403, 0.154598, -0.002831, -0.240234, -0.187886, -0.952359, -1.2e-05, 0.0, 0.0, 0.0, 1.0],
                [0.906275, 0.076254, -0.415753, 0.124994, 0.167803, -0.967668, 0.188301, -0.002831, -0.387952, -0.240416, -0.889771, -1.2e-05, 0.0, 0.0, 0.0, 1.0],
                [0.860097, 0.041468, -0.508441, 0.124994, 0.191573, -0.949994, 0.246591, -0.002831, -0.472791, -0.309495, -0.825034, -1.2e-05, 0.0, 0.0, 0.0, 1.0],
                [0.843645, 0.005715, -0.53687, 0.124994, 0.219991, -0.915827, 0.335948, -0.002831, -0.489761, -0.401527, -0.773893, -1.2e-05, 0.0, 0.0, 0.0, 1.0],
                [0.873026, 0.008804, -0.487594, 0.124994, 0.27003, -0.841298, 0.468293, -0.002831, -0.40609, -0.540496, -0.736854, -1.2e-05, 0.0, 0.0, 0.0, 1.0],
                [0.921402, 0.0838, -0.379468, 0.124994, 0.323267, -0.707219, 0.628759, -0.002831, -0.215677, -0.702007, -0.678725, -1.2e-05, 0.0, 0.0, 0.0, 1.0],
                [0.942463, 0.209092, -0.260851, 0.124994, 0.333624, -0.538328, 0.773885, -0.002831, 0.02139, -0.816382, -0.577114, -1.2e-05, 0.0, 0.0, 0.0, 1.0],
                [0.928, 0.328214, -0.176323, 0.124994, 0.304555, -0.395639, 0.866439, -0.002831, 0.214617, -0.857754, -0.467114, -1.2e-05, 0.0, 0.0, 0.0, 1.0],
                [0.913675, 0.379328, -0.145968, 0.124994, 0.283726, -0.338105, 0.897321, -0.002831, 0.291026, -0.861273, -0.416544, -1.2e-05, 0.0, 0.0, 0.0, 1.0],
                [0.945284, 0.306442, -0.111943, 0.124994, 0.244048, -0.436468, 0.865988, -0.002831, 0.216515, -0.845922, -0.487374, -1.2e-05, 0.0, 0.0, 0.0, 1.0],
                [0.98474, 0.160439, -0.067417, 0.124994, 0.153496, -0.618184, 0.7709, -0.002831, 0.082007, -0.769482, -0.63338, -1.2e-05, 0.0, 0.0, 0.0, 1.0],
                [0.994999, 0.078243, -0.062082, 0.124994, 0.099803, -0.754279, 0.648923, -0.002831, 0.003947, -0.651872, -0.758318, -1.2e-05, 0.0, 0.0, 0.0, 1.0],
                [0.990665, 0.108415, -0.082634, 0.124994, 0.135987, -0.82816, 0.543742, -0.002831, -0.009484, -0.549902, -0.835175, -1.2e-05, 0.0, 0.0, 0.0, 1.0],
                [0.975735, 0.189574, -0.109553, 0.124994, 0.218772, -0.864473, 0.452574, -0.002831, -0.008909, -0.465558, -0.884972, -1.2e-05, 0.0, 0.0, 0.0, 1.0],
                [0.943327, 0.303307, -0.134678, 0.124994, 0.33186, -0.864326, 0.377897, -0.002831, -0.001787, -0.401173, -0.916, -1.2e-05, 0.0, 0.0, 0.0, 1.0],
                [0.890658, 0.427568, -0.15464, 0.124994, 0.454599, -0.83123, 0.319989, -0.002831, 0.008276, -0.355299, -0.934716, -1.2e-05, 0.0, 0.0, 0.0, 1.0],
                [0.823448, 0.541624, -0.169041, 0.124994, 0.567057, -0.775366, 0.277941, -0.002831, 0.019471, -0.324725, -0.945608, -1.2e-05, 0.0, 0.0, 0.0, 1.0],
                [0.755121, 0.630758, -0.178699, 0.124994, 0.654888, -0.713196, 0.249941, -0.002831, 0.030205, -0.305763, -0.951629, -1.2e-05, 0.0, 0.0, 0.0, 1.0],
                [0.702508, 0.687407, -0.184259, 0.124994, 0.710644, -0.663638, 0.233597, -0.002831, 0.038295, -0.295046, -0.954716, -1.2e-05, 0.0, 0.0, 0.0, 1.0],
                [0.681715, 0.707743, -0.18537, 0.124994, 0.730483, -0.644345, 0.226299, -0.002831, 0.040719, -0.28968, -0.956257, -1.2e-05, 0.0, 0.0, 0.0, 1.0],
                [0.686178, 0.704209, -0.182338, 0.124994, 0.726429, -0.650181, 0.22263, -0.002831, 0.038225, -0.285219, -0.9577, -1.2e-05, 0.0, 0.0, 0.0, 1.0],
                [0.699092, 0.692877, -0.176606, 0.124993, 0.71421, -0.664812, 0.218923, -0.002831, 0.034277, -0.27918, -0.959627, -1.2e-05, 0.0, 0.0, 0.0, 1.0],
                [0.719025, 0.674239, -0.168531, 0.124994, 0.694368, -0.686733, 0.215055, -0.002831, 0.029262, -0.271651, -0.961951, -1.2e-05, 0.0, 0.0, 0.0, 1.0],
                [0.74439, 0.648668, -0.158466, 0.124994, 0.667328, -0.714288, 0.210866, -0.002831, 0.023591, -0.262714, -0.964585, -1.2e-05, 0.0, 0.0, 0.0, 1.0],
                [0.773506, 0.616559, -0.14677, 0.124994, 0.633542, -0.745724, 0.206197, -0.002831, 0.017682, -0.252479, -0.967441, -1.2e-05, 0.0, 0.0, 0.0, 1.0],
                [0.804661, 0.578457, -0.133815, 0.124994, 0.593614, -0.779263, 0.200917, -0.002831, 0.011945, -0.241104, -0.970426, -1.2e-05, 0.0, 0.0, 0.0, 1.0],
                [0.836198, 0.53514, -0.119981, 0.124995, 0.548385, -0.813182, 0.194953, -0.002831, 0.006761, -0.228814, -0.973447, -1.2e-05, 0.0, 0.0, 0.0, 1.0],
                [0.866612, 0.487668, -0.105648, 0.124994, 0.498975, -0.845909, 0.188303, -0.002831, 0.002461, -0.215901, -0.976412, -1.2e-05, 0.0, 0.0, 0.0, 1.0],
                [0.89464, 0.437384, -0.09118, 0.124994, 0.446787, -0.876126, 0.181054, -0.002831, -0.000696, -0.202715, -0.979238, -1.2e-05, 0.0, 0.0, 0.0, 1.0],
                [0.919339, 0.385875, -0.076908, 0.124994, 0.393457, -0.902844, 0.17338, -0.002831, -0.002533, -0.189655, -0.981848, -1.2e-05, 0.0, 0.0, 0.0, 1.0],
                [0.940137, 0.3349, -0.063112, 0.124994, 0.340783, -0.925451, 0.16554, -0.002831, -0.002968, -0.177137, -0.984182, -1.2e-05, 0.0, 0.0, 0.0, 1.0],
                [0.956832, 0.286304, -0.05001, 0.124994, 0.290633, -0.943721, 0.157858, -0.002831, -0.002, -0.165577, -0.986195, -1.2e-05, 0.0, 0.0, 0.0, 1.0],
                [0.969558, 0.241932, -0.037757, 0.124994, 0.244861, -0.957771, 0.150711, -0.002831, 0.0003, -0.155368, -0.987857, -1.2e-05, 0.0, 0.0, 0.0, 1.0],
                [0.978702, 0.203572, -0.026448, 0.124994, 0.205248, -0.96798, 0.14451, -0.002831, 0.003817, -0.14686, -0.98915, -1.2e-05, 0.0, 0.0, 0.0, 1.0],
                [0.984803, 0.17292, -0.016142, 0.124994, 0.173469, -0.974881, 0.139685, -0.002831, 0.008418, -0.140362, -0.990065, -1.2e-05, 0.0, 0.0, 0.0, 1.0],
                [0.988419, 0.151588, -0.006878, 0.124994, 0.151098, -0.979023, 0.136675, -0.002831, 0.013985, -0.136131, -0.990592, -1.2e-05, 0.0, 0.0, 0.0, 1.0],
                [0.989991, 0.141125, 0.001286, 0.124994, 0.139643, -0.980826, 0.135925, -0.002831, 0.020444, -0.134384, -0.990719, -1.2e-05, 0.0, 0.0, 0.0, 1.0],
                [0.990578, 0.136663, 0.008781, 0.124994, 0.134204, -0.981515, 0.136432, -0.002831, 0.027264, -0.133967, -0.990611, -1.2e-05, 0.0, 0.0, 0.0, 1.0],
                [0.991077, 0.13231, 0.016099, 0.124994, 0.128896, -0.982161, 0.136898, -0.002831, 0.033925, -0.133601, -0.990455, -1.2e-05, 0.0, 0.0, 0.0, 1.0],
                [0.991493, 0.128065, 0.023243, 0.124994, 0.12372, -0.982767, 0.137327, -0.002831, 0.040429, -0.133282, -0.990253, -1.2e-05, 0.0, 0.0, 0.0, 1.0],
                [0.991831, 0.123929, 0.030213, 0.124994, 0.118673, -0.983334, 0.13772, -0.002831, 0.046777, -0.133009, -0.990011, -1.2e-05, 0.0, 0.0, 0.0, 1.0],
                [0.992095, 0.1199, 0.037012, 0.124994, 0.113755, -0.983865, 0.138081, -0.002831, 0.052971, -0.132778, -0.989729, -1.2e-05, 0.0, 0.0, 0.0, 1.0],
                [0.992292, 0.115978, 0.043641, 0.124994, 0.108964, -0.98436, 0.138412, -0.002831, 0.059012, -0.132589, -0.989413, -1.2e-05, 0.0, 0.0, 0.0, 1.0],
                [0.992426, 0.112161, 0.050102, 0.124994, 0.1043, -0.984823, 0.138716, -0.002831, 0.064901, -0.132439, -0.989064, -1.2e-05, 0.0, 0.0, 0.0, 1.0],
                [0.9925, 0.10845, 0.056397, 0.124994, 0.099761, -0.985253, 0.138994, -0.002831, 0.07064, -0.132325, -0.988686, -1.2e-05, 0.0, 0.0, 0.0, 1.0],
                [0.992521, 0.104843, 0.062528, 0.124994, 0.095346, -0.985654, 0.13925, -0.002831, 0.07623, -0.132246, -0.988282, -1.2e-05, 0.0, 0.0, 0.0, 1.0],
                [0.992491, 0.101339, 0.068496, 0.124994, 0.091053, -0.986027, 0.139485, -0.002831, 0.081674, -0.1322, -0.987853, -1.2e-05, 0.0, 0.0, 0.0, 1.0],
