{
    "animation": [
        {
            "name": "Root",
            "time": [0.0, 0.0167, 0.0333, 0.05, 0.0667, 0.0833, 0.1, 0.1167, 0.1333, 0.15, 0.1667, 0.1833, 0.2, 0.2167, 0.2333, 0.25, 0.2667, 0.2833, 0.3, 0.3167, 0.3333, 0.35, 0.3667, 0.3833, 0.4, 0.4167, 0.4333, 0.45, 0.4667, 0.4833, 0.5, 0.5167, 0.5333, 0.55, 0.5667, 0.5833, 0.6, 0.6167, 0.6333, 0.65, 0.6667, 0.6833, 0.7, 0.7167, 0.7333, 0.75, 0.7667, 0.7833, 0.8, 0.8167, 0.8333, 0.85, 0.8667, 0.8833, 0.9, 0.9167, 0.9333, 0.95, 0.9667, 0.9833, 1.0, 1.0167, 1.0333, 1.05, 1.0667, 1.0833, 1.1, 1.1167, 1.1333, 1.15, 1.1667, 1.1833, 1.2, 1.2167, 1.2333, 1.25, 1.2667, 1.2833, 1.3, 1.3167, 1.3333, 1.35, 1.3667, 1.3833, 1.4, 1.4167, 1.4333, 1.45, 1.4667, 1.4833, 1.5, 1.5167, 1.5333, 1.55, 1.5667, 1.5833, 1.6, 1.6167],
            "transform": [
                [0.358025, 0.0, 0.933712, -5e-06, 0.933712, 0.0, -0.358025, 0.002428, 0.0, 1.0, 0.0, 0.69913, 0.0, 0.0, 0.0, 1.0],
                [0.366909, 0.0, 0.930257, -5e-06, 0.930257, 0.0, -0.366909, 0.003386, 0.0, 1.0, 0.0, 0.69542, 0.0, 0.0, 0.0, 1.0],
                [0.390184, 0.0, 0.920737, -5e-06, 0.920737, 0.0, -0.390184, 0.006383, 0.0, 1.0, 0.0, 0.685642, 0.0, 0.0, 0.0, 1.0],
                [0.422695, 0.0, 0.906272, -5e-06, 0.906272, 0.0, -0.422695, 0.011602, 0.0, 1.0, 0.0, 0.671817, 0.0, 0.0, 0.0, 1.0],
                [0.459321, 0.0, 0.88827, -5e-06, 0.88827, 0.0, -0.459321, 0.019229, 0.0, 1.0, 0.0, 0.655968, 0.0, 0.0, 0.0, 1.0],
                [0.495173, 0.0, 0.868794, -5e-06, 0.868794, 0.0, -0.495173, 0.029446, 0.0, 1.0, 0.0, 0.64012, 0.0, 0.0, 0.0, 1.0],
                [0.525747, 0.0, 0.850641, -5e-06, 0.850641, 0.0, -0.525747, 0.04244, 0.0, 1.0, 0.0, 0.626295, 0.0, 0.0, 0.0, 1.0],
                [0.546946, 0.0, 0.837168, -5e-06, 0.837168, 0.0, -0.546946, 0.058392, 0.0, 1.0, 0.0, 0.616516, 0.0, 0.0, 0.0, 1.0],
                [0.55489, 0.0, 0.831924, -5e-06, 0.831924, 0.0, -0.55489, 0.077489, 0.0, 1.0, 0.0, 0.612807, 0.0, 0.0, 0.0, 1.0],
                [0.542603, 0.0, 0.839989, -5e-06, 0.839989, 0.0, -0.542603, 0.099728, 0.0, 1.0, 0.0, 0.61335, 0.0, 0.0, 0.0, 1.0],
                [0.508554, 0.0, 0.86103, -5e-06, 0.86103, 0.0, -0.508554, 0.124364, 0.0, 1.0, 0.0, 0.614932, 0.0, 0.0, 0.0, 1.0],
                [0.45664, 0.0, 0.889651, -5e-06, 0.889651, 0.0, -0.45664, 0.150467, 0.0, 1.0, 0.0, 0.617483, 0.0, 0.0, 0.0, 1.0],
                [0.39114, 0.0, 0.920331, -5e-06, 0.920331, 0.0, -0.39114, 0.177105, 0.0, 1.0, 0.0, 0.620932, 0.0, 0.0, 0.0, 1.0],
                [0.317331, 0.0, 0.948315, -5e-06, 0.948315, 0.0, -0.317331, 0.203349, 0.0, 1.0, 0.0, 0.625208, 0.0, 0.0, 0.0, 1.0],
                [0.241544, 0.0, 0.97039, -5e-06, 0.97039, 0.0, -0.241544, 0.228267, 0.0, 1.0, 0.0, 0.630241, 0.0, 0.0, 0.0, 1.0],
                [0.170771, 0.0, 0.985311, -5e-06, 0.985311, 0.0, -0.170771, 0.250929, 0.0, 1.0, 0.0, 0.63596, 0.0, 0.0, 0.0, 1.0],
                [0.112087, 0.0, 0.993698, -5e-06, 0.993698, 0.0, -0.112087, 0.270404, 0.0, 1.0, 0.0, 0.642294, 0.0, 0.0, 0.0, 1.0],
                [0.072231, 0.0, 0.997388, -5e-06, 0.997388, 0.0, -0.072231, 0.285761, 0.0, 1.0, 0.0, 0.649174, 0.0, 0.0, 0.0, 1.0],
                [0.057564, 0.0, 0.998342, -5e-06, 0.998342, 0.0, -0.057564, 0.296069, 0.0, 1.0, 0.0, 0.656528, 0.0, 0.0, 0.0, 1.0],
                [0.057564, 0.0, 0.998342, -5e-06, 0.998342, 0.0, -0.057564, 0.301809, 0.0, 1.0, 0.0, 0.66417, 0.0, 0.0, 0.0, 1.0],
                [0.057564, 0.0, 0.998342, -5e-06, 0.998342, 0.0, -0.057564, 0.309101, 0.0, 1.0, 0.0, 0.671449, 0.0, 0.0, 0.0, 1.0],
                [0.057564, 0.0, 0.998342, -5e-06, 0.998342, 0.0, -0.057564, 0.325479, 0.0, 1.0, 0.0, 0.677598, 0.0, 0.0, 0.0, 1.0],
                [0.057564, 0.0, 0.998342, -5e-06, 0.998342, 0.0, -0.057564, 0.358473, 0.0, 1.0, 0.0, 0.68185, 0.0, 0.0, 0.0, 1.0],
                [0.057564, 0.0, 0.998342, -5e-06, 0.998342, 0.0, -0.057564, 0.415616, 0.0, 1.0, 0.0, 0.683437, 0.0, 0.0, 0.0, 1.0],
                [0.057564, 0.0, 0.998342, -5e-06, 0.998342, 0.0, -0.057564, 0.54342, 0.0, 1.0, 0.0, 0.675794, 0.0, 0.0, 0.0, 1.0],
                [0.057564, 0.0, 0.998342, -5e-06, 0.998342, 0.0, -0.057564, 0.744452, 0.0, 1.0, 0.0, 0.657568, 0.0, 0.0, 0.0, 1.0],
                [0.057564, 0.0, 0.998342, -5e-06, 0.998342, 0.0, -0.057564, 0.960331, 0.0, 1.0, 0.0, 0.635815, 0.0, 0.0, 0.0, 1.0],
                [0.057564, 0.0, 0.998342, -5e-06, 0.998342, 0.0, -0.057564, 1.132673, 0.0, 1.0, 0.0, 0.617589, 0.0, 0.0, 0.0, 1.0],
                [0.057564, 0.0, 0.998342, -5e-06, 0.998342, 0.0, -0.057564, 1.203094, 0.0, 1.0, 0.0, 0.609946, 0.0, 0.0, 0.0, 1.0],
                [0.031977, 0.0, 0.999488, -5e-06, 0.999488, 0.0, -0.031977, 1.197844, 0.0, 1.0, 0.0, 0.612519, 0.0, 0.0, 0.0, 1.0],
                [-0.031716, 0.0, 0.999497, -5e-06, 0.999497, 0.0, 0.031716, 1.185322, 0.0, 1.0, 0.0, 0.619276, 0.0, 0.0, 0.0, 1.0],
                [-0.113446, 0.0, 0.993544, -5e-06, 0.993544, 0.0, 0.113446, 1.170377, 0.0, 1.0, 0.0, 0.628769, 0.0, 0.0, 0.0, 1.0],
                [-0.192759, 0.0, 0.981246, -5e-06, 0.981246, 0.0, 0.192759, 1.157856, 0.0, 1.0, 0.0, 0.639554, 0.0, 0.0, 0.0, 1.0],
                [-0.25017, 0.0, 0.968202, -5e-06, 0.968202, 0.0, 0.25017, 1.152605, 0.0, 1.0, 0.0, 0.650185, 0.0, 0.0, 0.0, 1.0],
                [-0.286485, 0.0, 0.958084, -5e-06, 0.958084, 0.0, 0.286485, 1.155169, 0.0, 1.0, 0.0, 0.659477, 0.0, 0.0, 0.0, 1.0],
                [-0.31529, 0.0, 0.948995, -5e-06, 0.948995, 0.0, 0.31529, 1.162129, 0.0, 1.0, 0.0, 0.667287, 0.0, 0.0, 0.0, 1.0],
                [-0.337526, 0.0, 0.941316, -5e-06, 0.941316, 0.0, 0.337526, 1.172386, 0.0, 1.0, 0.0, 0.673735, 0.0, 0.0, 0.0, 1.0],
                [-0.354111, 0.0, 0.935203, -5e-06, 0.935203, 0.0, 0.354111, 1.184841, 0.0, 1.0, 0.0, 0.678939, 0.0, 0.0, 0.0, 1.0],
                [-0.365923, 0.0, 0.930645, -5e-06, 0.930645, 0.0, 0.365923, 1.198394, 0.0, 1.0, 0.0, 0.683016, 0.0, 0.0, 0.0, 1.0],
                [-0.373807, 0.0, 0.927507, -5e-06, 0.927507, 0.0, 0.373807, 1.211948, 0.0, 1.0, 0.0, 0.686087, 0.0, 0.0, 0.0, 1.0],
                [-0.378574, 0.0, 0.925571, -5e-06, 0.925571, 0.0, 0.378574, 1.224402, 0.0, 1.0, 0.0, 0.688269, 0.0, 0.0, 0.0, 1.0],
                [-0.381018, 0.0, 0.924568, -5e-06, 0.924568, 0.0, 0.381018, 1.234659, 0.0, 1.0, 0.0, 0.689681, 0.0, 0.0, 0.0, 1.0],
                [-0.381918, 0.0, 0.924196, -5e-06, 0.924196, 0.0, 0.381918, 1.241619, 0.0, 1.0, 0.0, 0.690441, 0.0, 0.0, 0.0, 1.0],
                [-0.382047, 0.0, 0.924143, -5e-06, 0.924143, 0.0, 0.382047, 1.244183, 0.0, 1.0, 0.0, 0.690668, 0.0, 0.0, 0.0, 1.0],
                [-0.380805, 0.0, 0.924655, -5e-06, 0.924655, 0.0, 0.380805, 1.244183, 0.0, 1.0, 0.0, 0.69034, 0.0, 0.0, 0.0, 1.0],
                [-0.377106, 0.0, 0.92617, -5e-06, 0.92617, 0.0, 0.377106, 1.244183, 0.0, 1.0, 0.0, 0.689386, 0.0, 0.0, 0.0, 1.0],
                [-0.370973, 0.0, 0.928644, -5e-06, 0.928644, 0.0, 0.370973, 1.244183, 0.0, 1.0, 0.0, 0.687856, 0.0, 0.0, 0.0, 1.0],
                [-0.362408, 0.0, 0.932019, -5e-06, 0.932019, 0.0, 0.362408, 1.244183, 0.0, 1.0, 0.0, 0.685797, 0.0, 0.0, 0.0, 1.0],
                [-0.351397, 0.0, 0.936227, -5e-06, 0.936227, 0.0, 0.351397, 1.244183, 0.0, 1.0, 0.0, 0.683258, 0.0, 0.0, 0.0, 1.0],
                [-0.337908, 0.0, 0.941179, -5e-06, 0.941179, 0.0, 0.337908, 1.244183, 0.0, 1.0, 0.0, 0.680286, 0.0, 0.0, 0.0, 1.0],
                [-0.321897, 0.0, 0.946775, -5e-06, 0.946775, 0.0, 0.321897, 1.244183, 0.0, 1.0, 0.0, 0.67693, 0.0, 0.0, 0.0, 1.0],
                [-0.303304, 0.0, 0.952894, -5e-06, 0.952894, 0.0, 0.303304, 1.244183, 0.0, 1.0, 0.0, 0.673237, 0.0, 0.0, 0.0, 1.0],
                [-0.282062, 0.0, 0.959396, -5e-06, 0.959396, 0.0, 0.282062, 1.244183, 0.0, 1.0, 0.0, 0.669255, 0.0, 0.0, 0.0, 1.0],
                [-0.258094, 0.0, 0.96612, -5e-06, 0.96612, 0.0, 0.258094, 1.244183, 0.0, 1.0, 0.0, 0.665034, 0.0, 0.0, 0.0, 1.0],
                [-0.231319, 0.0, 0.972878, -5e-06, 0.972878, 0.0, 0.231319, 1.244183, 0.0, 1.0, 0.0, 0.66062, 0.0, 0.0, 0.0, 1.0],
                [-0.201655, 0.0, 0.979457, -5e-06, 0.979457, 0.0, 0.201655, 1.244183, 0.0, 1.0, 0.0, 0.656062, 0.0, 0.0, 0.0, 1.0],
                [-0.169021, 0.0, 0.985613, -5e-06, 0.985613, 0.0, 0.169021, 1.244183, 0.0, 1.0, 0.0, 0.651408, 0.0, 0.0, 0.0, 1.0],
                [-0.133347, 0.0, 0.991069, -5e-06, 0.991069, 0.0, 0.133347, 1.244183, 0.0, 1.0, 0.0, 0.646705, 0.0, 0.0, 0.0, 1.0],
                [-0.094578, 0.0, 0.995517, -5e-06, 0.995517, 0.0, 0.094578, 1.244183, 0.0, 1.0, 0.0, 0.642003, 0.0, 0.0, 0.0, 1.0],
                [-0.052679, 0.0, 0.998611, -5e-06, 0.998611, 0.0, 0.052679, 1.244183, 0.0, 1.0, 0.0, 0.637349, 0.0, 0.0, 0.0, 1.0],
                [-0.007649, 0.0, 0.999971, -5e-06, 0.999971, 0.0, 0.007649, 1.244183, 0.0, 1.0, 0.0, 0.632791, 0.0, 0.0, 0.0, 1.0],
                [0.040477, 0.0, 0.99918, -5e-06, 0.99918, 0.0, -0.040477, 1.244183, 0.0, 1.0, 0.0, 0.628377, 0.0, 0.0, 0.0, 1.0],
                [0.091608, 0.0, 0.995795, -5e-06, 0.995795, 0.0, -0.091608, 1.244183, 0.0, 1.0, 0.0, 0.624155, 0.0, 0.0, 0.0, 1.0],
                [0.145595, 0.0, 0.989344, -5e-06, 0.989344, 0.0, -0.145595, 1.244183, 0.0, 1.0, 0.0, 0.620174, 0.0, 0.0, 0.0, 1.0],
                [0.202217, 0.0, 0.979341, -5e-06, 0.979341, 0.0, -0.202217, 1.244183, 0.0, 1.0, 0.0, 0.616481, 0.0, 0.0, 0.0, 1.0],
                [0.261166, 0.0, 0.965294, -5e-06, 0.965294, 0.0, -0.261166, 1.244183, 0.0, 1.0, 0.0, 0.613124, 0.0, 0.0, 0.0, 1.0],
                [0.322046, 0.0, 0.946724, -5e-06, 0.946724, 0.0, -0.322046, 1.244183, 0.0, 1.0, 0.0, 0.610152, 0.0, 0.0, 0.0, 1.0],
                [0.384364, 0.0, 0.923181, -5e-06, 0.923181, 0.0, -0.384364, 1.244183, 0.0, 1.0, 0.0, 0.607613, 0.0, 0.0, 0.0, 1.0],
                [0.447528, 0.0, 0.89427, -5e-06, 0.89427, 0.0, -0.447528, 1.244183, 0.0, 1.0, 0.0, 0.605554, 0.0, 0.0, 0.0, 1.0],
                [0.510852, 0.0, 0.859669, -5e-06, 0.859669, 0.0, -0.510852, 1.244183, 0.0, 1.0, 0.0, 0.604024, 0.0, 0.0, 0.0, 1.0],
                [0.573566, 0.0, 0.81916, -5e-06, 0.81916, 0.0, -0.573566, 1.244183, 0.0, 1.0, 0.0, 0.603071, 0.0, 0.0, 0.0, 1.0],
                [0.634834, 0.0, 0.772649, -5e-06, 0.772649, 0.0, -0.634834, 1.244183, 0.0, 1.0, 0.0, 0.602743, 0.0, 0.0, 0.0, 1.0],
                [0.693747, 0.0, 0.720219, -5e-06, 0.720219, 0.0, -0.693747, 1.246012, 0.0, 1.0, 0.0, 0.603103, 0.0, 0.0, 0.0, 1.0],
                [0.74928, 0.0, 0.662254, -5e-06, 0.662254, 0.0, -0.74928, 1.251306, 0.0, 1.0, 0.0, 0.604145, 0.0, 0.0, 0.0, 1.0],
                [0.800466, 0.0, 0.599379, -5e-06, 0.599379, 0.0, -0.800466, 1.259777, 0.0, 1.0, 0.0, 0.605813, 0.0, 0.0, 0.0, 1.0],
                [0.846487, 0.0, 0.53241, -5e-06, 0.53241, 0.0, -0.846487, 1.271135, 0.0, 1.0, 0.0, 0.608049, 0.0, 0.0, 0.0, 1.0],
                [0.886715, 0.0, 0.462316, -5e-06, 0.462316, 0.0, -0.886715, 1.285093, 0.0, 1.0, 0.0, 0.610797, 0.0, 0.0, 0.0, 1.0],
                [0.920748, 0.0, 0.390159, -5e-06, 0.390159, 0.0, -0.920748, 1.30136, 0.0, 1.0, 0.0, 0.614, 0.0, 0.0, 0.0, 1.0],
                [0.948411, 0.0, 0.317043, -5e-06, 0.317043, 0.0, -0.948411, 1.319649, 0.0, 1.0, 0.0, 0.617601, 0.0, 0.0, 0.0, 1.0],
                [0.969762, 0.0, 0.244052, -5e-06, 0.244052, 0.0, -0.969762, 1.339671, 0.0, 1.0, 0.0, 0.621544, 0.0, 0.0, 0.0, 1.0],
                [0.985062, 0.0, 0.172201, -5e-06, 0.172201, 0.0, -0.985062, 1.361136, 0.0, 1.0, 0.0, 0.62577, 0.0, 0.0, 0.0, 1.0],
                [0.994743, 0.0, 0.102399, -5e-06, 0.102399, 0.0, -0.994743, 1.383757, 0.0, 1.0, 0.0, 0.630224, 0.0, 0.0, 0.0, 1.0],
                [0.999373, 0.0, 0.035416, -5e-06, 0.035416, 0.0, -0.999373, 1.407243, 0.0, 1.0, 0.0, 0.634848, 0.0, 0.0, 0.0, 1.0],
                [0.999605, 0.0, -0.028121, -5e-06, -0.028121, 0.0, -0.999605, 1.431308, 0.0, 1.0, 0.0, 0.639587, 0.0, 0.0, 0.0, 1.0],
                [0.996144, 0.0, -0.087735, -5e-06, -0.087735, 0.0, -0.996144, 1.455661, 0.0, 1.0, 0.0, 0.644382, 0.0, 0.0, 0.0, 1.0],
                [0.98971, 0.0, -0.143088, -5e-06, -0.143088, 0.0, -0.98971, 1.480014, 0.0, 1.0, 0.0, 0.649177, 0.0, 0.0, 0.0, 1.0],
                [0.981009, 0.0, -0.193961, -5e-06, -0.193961, 0.0, -0.981009, 1.504079, 0.0, 1.0, 0.0, 0.653915, 0.0, 0.0, 0.0, 1.0],
                [0.970713, 0.0, -0.240243, -5e-06, -0.240243, 0.0, -0.970713, 1.527565, 0.0, 1.0, 0.0, 0.658539, 0.0, 0.0, 0.0, 1.0],
                [0.959444, 0.0, -0.281899, -5e-06, -0.281899, 0.0, -0.959444, 1.550186, 0.0, 1.0, 0.0, 0.662993, 0.0, 0.0, 0.0, 1.0],
                [0.947771, 0.0, -0.318953, -5e-06, -0.318953, 0.0, -0.947771, 1.571651, 0.0, 1.0, 0.0, 0.66722, 0.0, 0.0, 0.0, 1.0],
                [0.936199, 0.0, -0.35147, -5e-06, -0.35147, 0.0, -0.936199, 1.591673, 0.0, 1.0, 0.0, 0.671162, 0.0, 0.0, 0.0, 1.0],
                [0.925179, 0.0, -0.379531, -5e-06, -0.379531, 0.0, -0.925179, 1.609962, 0.0, 1.0, 0.0, 0.674763, 0.0, 0.0, 0.0, 1.0],
                [0.915102, 0.0, -0.403223, -5e-06, -0.403223, 0.0, -0.915102, 1.626229, 0.0, 1.0, 0.0, 0.677966, 0.0, 0.0, 0.0, 1.0],
                [0.906309, 0.0, -0.422616, -5e-06, -0.422616, 0.0, -0.906309, 1.640187, 0.0, 1.0, 0.0, 0.680714, 0.0, 0.0, 0.0, 1.0],
                [0.899092, 0.0, -0.437759, -5e-06, -0.437759, 0.0, -0.899092, 1.651545, 0.0, 1.0, 0.0, 0.68295, 0.0, 0.0, 0.0, 1.0],
                [0.893702, 0.0, -0.44866, -5e-06, -0.44866, 0.0, -0.893702, 1.660016, 0.0, 1.0, 0.0, 0.684618, 0.0, 0.0, 0.0, 1.0],
                [0.890347, 0.0, -0.455282, -5e-06, -0.455282, 0.0, -0.890347, 1.66531, 0.0, 1.0, 0.0, 0.68566, 0.0, 0.0, 0.0, 1.0],
                [0.889198, 0.0, -0.457523, -5e-06, -0.457523, 0.0, -0.889198, 1.667139, 0.0, 1.0, 0.0, 0.686021, 0.0, 0.0, 0.0, 1.0]
            ]
        },
        {
            "name": "Thigh_R",
            "time": [0.0, 0.0167, 0.0333, 0.05, 0.0667, 0.0833, 0.1, 0.1167, 0.1333, 0.15, 0.1667, 0.1833, 0.2, 0.2167, 0.2333, 0.25, 0.2667, 0.2833, 0.3, 0.3167, 0.3333, 0.35, 0.3667, 0.3833, 0.4, 0.4167, 0.4333, 0.45, 0.4667, 0.4833, 0.5, 0.5167, 0.5333, 0.55, 0.5667, 0.5833, 0.6, 0.6167, 0.6333, 0.65, 0.6667, 0.6833, 0.7, 0.7167, 0.7333, 0.75, 0.7667, 0.7833, 0.8, 0.8167, 0.8333, 0.85, 0.8667, 0.8833, 0.9, 0.9167, 0.9333, 0.95, 0.9667, 0.9833, 1.0, 1.0167, 1.0333, 1.05, 1.0667, 1.0833, 1.1, 1.1167, 1.1333, 1.15, 1.1667, 1.1833, 1.2, 1.2167, 1.2333, 1.25, 1.2667, 1.2833, 1.3, 1.3167, 1.3333, 1.35, 1.3667, 1.3833, 1.4, 1.4167, 1.4333, 1.45, 1.4667, 1.4833, 1.5, 1.5167, 1.5333, 1.55, 1.5667, 1.5833, 1.6, 1.6167],
            "transform": [
                [0.960301, 0.036305, -0.276594, 0.124994, 0.090328, -0.978545, 0.185164, -0.002831, -0.263937, -0.202796, -0.94298, -1.2e-05, 0.0, 0.0, 0.0, 1.0],
                [0.961726, 0.033431, -0.271965, 0.124994, 0.087743, -0.977838, 0.190078, -0.002831, -0.259583, -0.206665, -0.943348, -1.2e-05, 0.0, 0.0, 0.0, 1.0],
                [0.96586, 0.026073, -0.257747, 0.124994, 0.080704, -0.975694, 0.203724, -0.002831, -0.246171, -0.217569, -0.944491, -1.2e-05, 0.0, 0.0, 0.0, 1.0],
                [0.972258, 0.01627, -0.233342, 0.124994, 0.070114, -0.971977, 0.224368, -0.002831, -0.223152, -0.234503, -0.946156, -1.2e-05, 0.0, 0.0, 0.0, 1.0],
                [0.980159, 0.006226, -0.198111, 0.124994, 0.056708, -0.966534, 0.250184, -0.002831, -0.189924, -0.256454, -0.947713, -1.2e-05, 0.0, 0.0, 0.0, 1.0],
                [0.988454, -0.001727, -0.151505, 0.124994, 0.041133, -0.959321, 0.279299, -0.002831, -0.145825, -0.282305, -0.948177, -1.2e-05, 0.0, 0.0, 0.0, 1.0],
                [0.995635, -0.005201, -0.093185, 0.124994, 0.024033, -0.950485, 0.309833, -0.002831, -0.090183, -0.310719, -0.946214, -1.2e-05, 0.0, 0.0, 0.0, 1.0],
                [0.99973, -0.001852, -0.023153, 0.124994, 0.006132, -0.940414, 0.33997, -0.002831, -0.022404, -0.340019, -0.940151, -1.2e-05, 0.0, 0.0, 0.0, 1.0],
                [0.998255, 0.010462, 0.058111, 0.124994, -0.01168, -0.929736, 0.368037, -0.002831, 0.057878, -0.368072, -0.927994, -1.2e-05, 0.0, 0.0, 0.0, 1.0],
                [0.988285, 0.030553, 0.149529, 0.124994, -0.031118, -0.918832, 0.393415, -0.002831, 0.149412, -0.393458, -0.90712, -1.2e-05, 0.0, 0.0, 0.0, 1.0],
                [0.967392, 0.056931, 0.2468, 0.124994, -0.053042, -0.907265, 0.417197, -0.002831, 0.247665, -0.416683, -0.874664, -1.2e-05, 0.0, 0.0, 0.0, 1.0],
                [0.934603, 0.090917, 0.343875, 0.124994, -0.075179, -0.894444, 0.440812, -0.002831, 0.347655, -0.437835, -0.829118, -1.2e-05, 0.0, 0.0, 0.0, 1.0],
                [0.890628, 0.133704, 0.43463, 0.124994, -0.095485, -0.879497, 0.466224, -0.002831, 0.444593, -0.456732, -0.77054, -1.2e-05, 0.0, 0.0, 0.0, 1.0],
                [0.837748, 0.186353, 0.513274, 0.124994, -0.112253, -0.861114, 0.495861, -0.002831, 0.534394, -0.473022, -0.70048, -1.2e-05, 0.0, 0.0, 0.0, 1.0],
                [0.779416, 0.249781, 0.57456, 0.124994, -0.12413, -0.837335, 0.532409, -0.002831, 0.614086, -0.486287, -0.621629, -1.2e-05, 0.0, 0.0, 0.0, 1.0],
                [0.719702, 0.324682, 0.613685, 0.124994, -0.129993, -0.805262, 0.578492, -0.002831, 0.682004, -0.496116, -0.537344, -1.2e-05, 0.0, 0.0, 0.0, 1.0],
                [0.662706, 0.411292, 0.625826, 0.124994, -0.128699, -0.760698, 0.636217, -0.002831, 0.737737, -0.502167, -0.451188, -1.2e-05, 0.0, 0.0, 0.0, 1.0],
                [0.612008, 0.508825, 0.605428, 0.124994, -0.118729, -0.697746, 0.706436, -0.002831, 0.781888, -0.504225, -0.366615, -1.2e-05, 0.0, 0.0, 0.0, 1.0],
                [0.570098, 0.614336, 0.545507, 0.124994, -0.09779, -0.608513, 0.787494, -0.002831, 0.815736, -0.502293, -0.286837, -1.2e-05, 0.0, 0.0, 0.0, 1.0],
                [0.530721, 0.720615, 0.446146, 0.124994, -0.067626, -0.488712, 0.869819, -0.002831, 0.844843, -0.491802, -0.210639, -1.2e-05, 0.0, 0.0, 0.0, 1.0],
                [0.491895, 0.808757, 0.322411, 0.124994, -0.035329, -0.351461, 0.935536, -0.002831, 0.869937, -0.471574, -0.14431, -1.2e-05, 0.0, 0.0, 0.0, 1.0],
                [0.463231, 0.864658, 0.194372, 0.124994, -0.002122, -0.218239, 0.975893, -0.002831, 0.886234, -0.452475, -0.099261, -1.2e-05, 0.0, 0.0, 0.0, 1.0],
                [0.455404, 0.886353, 0.083564, 0.124994, 0.035147, -0.111688, 0.993122, -0.002831, 0.889591, -0.449334, -0.082016, -1.2e-05, 0.0, 0.0, 0.0, 1.0],
                [0.479483, 0.87752, 0.007206, 0.124994, 0.081464, -0.052685, 0.995283, -0.002831, 0.873761, -0.476633, -0.096748, -1.2e-05, 0.0, 0.0, 0.0, 1.0],
                [0.5643, 0.825535, 0.00746, 0.124994, 0.141033, -0.105299, 0.984389, -0.002831, 0.813434, -0.554437, -0.175849, -1.2e-05, 0.0, 0.0, 0.0, 1.0],
                [0.699022, 0.711277, 0.073831, 0.124994, 0.18906, -0.283392, 0.940183, -0.002831, 0.689655, -0.643249, -0.332573, -1.2e-05, 0.0, 0.0, 0.0, 1.0],
                [0.827342, 0.544008, 0.139852, 0.124994, 0.191847, -0.507685, 0.83991, -0.002831, 0.52792, -0.668061, -0.524398, -1.2e-05, 0.0, 0.0, 0.0, 1.0],
                [0.907844, 0.383679, 0.169138, 0.124994, 0.161487, -0.692189, 0.703416, -0.002831, 0.386962, -0.611277, -0.690361, -1.2e-05, 0.0, 0.0, 0.0, 1.0],
                [0.936044, 0.306467, 0.172909, 0.124994, 0.153607, -0.797969, 0.582792, -0.002831, 0.316583, -0.518959, -0.794013, -1.2e-05, 0.0, 0.0, 0.0, 1.0],
                [0.938656, 0.298531, 0.172637, 0.124994, 0.176568, -0.846051, 0.503009, -0.002831, 0.296224, -0.441669, -0.846865, -1.2e-05, 0.0, 0.0, 0.0, 1.0],
                [0.93835, 0.300428, 0.171003, 0.124994, 0.196094, -0.869982, 0.452411, -0.002831, 0.284687, -0.390986, -0.875262, -1.2e-05, 0.0, 0.0, 0.0, 1.0],
                [0.936429, 0.307341, 0.169237, 0.124994, 0.212122, -0.880147, 0.424667, -0.002831, 0.279472, -0.361771, -0.889391, -1.2e-05, 0.0, 0.0, 0.0, 1.0],
                [0.93434, 0.314439, 0.167739, 0.124994, 0.223644, -0.883784, 0.410982, -0.002831, 0.277474, -0.346482, -0.896079, -1.2e-05, 0.0, 0.0, 0.0, 1.0],
                [0.933657, 0.316971, 0.16677, 0.124994, 0.229254, -0.886618, 0.40168, -0.002831, 0.275183, -0.336798, -0.900467, -1.2e-05, 0.0, 0.0, 0.0, 1.0],
                [0.935092, 0.31306, 0.166118, 0.124994, 0.229649, -0.892246, 0.388787, -0.002831, 0.269932, -0.325402, -0.906229, -1.2e-05, 0.0, 0.0, 0.0, 1.0],
                [0.937989, 0.304721, 0.165292, 0.124994, 0.226928, -0.900171, 0.371742, -0.002831, 0.262069, -0.311179, -0.913503, -1.2e-05, 0.0, 0.0, 0.0, 1.0],
                [0.941888, 0.293074, 0.164176, 0.124994, 0.221672, -0.909462, 0.351761, -0.002831, 0.252405, -0.294925, -0.921581, -1.2e-05, 0.0, 0.0, 0.0, 1.0],
                [0.946334, 0.279249, 0.162697, 0.124994, 0.214505, -0.919248, 0.3301, -0.002831, 0.24174, -0.277485, -0.92982, -1.2e-05, 0.0, 0.0, 0.0, 1.0],
                [0.950906, 0.264387, 0.160862, 0.124994, 0.206119, -0.928768, 0.308061, -0.002831, 0.230851, -0.259779, -0.937669, -1.2e-05, 0.0, 0.0, 0.0, 1.0],
                [0.955232, 0.249643, 0.158774, 0.124994, 0.197283, -0.937399, 0.286982, -0.002831, 0.220478, -0.24281, -0.944687, -1.2e-05, 0.0, 0.0, 0.0, 1.0],
                [0.959003, 0.236175, 0.156631, 0.124994, 0.188837, -0.944666, 0.268223, -0.002831, 0.211311, -0.227648, -0.950539, -1.2e-05, 0.0, 0.0, 0.0, 1.0],
                [0.961966, 0.225137, 0.154709, 0.124994, 0.181675, -0.950214, 0.253149, -0.002831, 0.204, -0.215413, -0.954977, -1.2e-05, 0.0, 0.0, 0.0, 1.0],
                [0.963902, 0.217676, 0.153329, 0.124994, 0.176714, -0.953762, 0.24312, -0.002831, 0.199161, -0.207247, -0.957801, -1.2e-05, 0.0, 0.0, 0.0, 1.0],
                [0.964599, 0.214935, 0.152808, 0.124994, 0.174865, -0.955022, 0.23948, -0.002831, 0.197407, -0.20428, -0.958802, -1.2e-05, 0.0, 0.0, 0.0, 1.0],
                [0.964119, 0.215859, 0.154525, 0.124994, 0.175258, -0.954758, 0.240246, -0.002831, 0.199393, -0.204543, -0.958334, -1.2e-05, 0.0, 0.0, 0.0, 1.0],
                [0.962702, 0.218544, 0.159504, 0.124994, 0.176393, -0.953985, 0.242475, -0.002831, 0.205156, -0.205296, -0.956956, -1.2e-05, 0.0, 0.0, 0.0, 1.0],
                [0.960354, 0.222866, 0.167481, 0.124994, 0.178185, -0.952731, 0.246069, -0.002831, 0.214405, -0.20647, -0.954673, -1.2e-05, 0.0, 0.0, 0.0, 1.0],
                [0.95705, 0.228703, 0.178185, 0.124994, 0.180543, -0.951017, 0.250932, -0.002831, 0.226846, -0.207984, -0.951464, -1.2e-05, 0.0, 0.0, 0.0, 1.0],
                [0.952746, 0.235933, 0.191337, 0.124994, 0.183365, -0.948861, 0.256975, -0.002831, 0.242181, -0.209747, -0.947288, -1.2e-05, 0.0, 0.0, 0.0, 1.0],
                [0.947389, 0.244436, 0.20665, 0.124994, 0.186543, -0.94628, 0.264106, -0.002831, 0.260106, -0.211661, -0.942096, -1.2e-05, 0.0, 0.0, 0.0, 1.0],
                [0.940925, 0.254085, 0.22383, 0.124994, 0.189967, -0.943292, 0.27223, -0.002831, 0.280307, -0.213627, -0.935837, -1.2e-05, 0.0, 0.0, 0.0, 1.0],
                [0.933307, 0.264752, 0.242577, 0.124994, 0.193528, -0.939916, 0.281251, -0.002831, 0.302464, -0.215547, -0.928469, -1.2e-05, 0.0, 0.0, 0.0, 1.0],
                [0.924503, 0.2763, 0.262586, 0.124994, 0.19712, -0.936175, 0.291062, -0.002831, 0.326247, -0.217326, -0.919963, -1.2e-05, 0.0, 0.0, 0.0, 1.0],
                [0.914504, 0.288587, 0.283548, 0.124994, 0.200642, -0.932097, 0.301555, -0.002831, 0.351319, -0.21888, -0.910311, -1.2e-05, 0.0, 0.0, 0.0, 1.0],
                [0.903325, 0.301465, 0.305157, 0.124994, 0.204002, -0.927715, 0.312609, -0.002831, 0.37734, -0.220134, -0.899531, -1.2e-05, 0.0, 0.0, 0.0, 1.0],
                [0.891016, 0.31478, 0.327112, 0.124994, 0.20712, -0.923069, 0.324102, -0.002831, 0.403968, -0.221027, -0.887669, -1.2e-05, 0.0, 0.0, 0.0, 1.0],
                [0.877659, 0.328374, 0.349118, 0.124994, 0.20993, -0.918203, 0.3359, -0.002831, 0.430863, -0.221515, -0.874808, -1.2e-05, 0.0, 0.0, 0.0, 1.0],
                [0.863372, 0.342087, 0.370897, 0.124994, 0.212378, -0.913169, 0.34787, -0.002831, 0.457694, -0.22157, -0.861059, -1.2e-05, 0.0, 0.0, 0.0, 1.0],
                [0.848307, 0.355759, 0.392185, 0.124994, 0.21443, -0.908024, 0.359872, -0.002831, 0.484142, -0.221185, -0.846572, -1.2e-05, 0.0, 0.0, 0.0, 1.0],
                [0.832653, 0.36923, 0.412743, 0.124994, 0.216068, -0.90283, 0.371765, -0.002831, 0.509904, -0.22037, -0.831526, -1.2e-05, 0.0, 0.0, 0.0, 1.0],
                [0.816628, 0.382346, 0.432353, 0.124994, 0.217291, -0.897651, 0.38341, -0.002831, 0.534698, -0.219156, -0.81613, -1.2e-05, 0.0, 0.0, 0.0, 1.0],
                [0.800477, 0.394957, 0.450826, 0.124994, 0.218116, -0.892558, 0.394668, -0.002831, 0.558266, -0.21759, -0.800621, -1.2e-05, 0.0, 0.0, 0.0, 1.0],
                [0.784469, 0.406922, 0.467998, 0.124994, 0.218573, -0.887619, 0.405407, -0.002831, 0.580374, -0.215736, -0.785254, -1.2e-05, 0.0, 0.0, 0.0, 1.0],
                [0.768889, 0.418106, 0.483731, 0.124994, 0.218709, -0.882908, 0.415496, -0.002831, 0.600812, -0.213673, -0.770304, -1.2e-05, 0.0, 0.0, 0.0, 1.0],
                [0.754035, 0.428385, 0.497913, 0.124994, 0.21858, -0.878496, 0.424812, -0.002831, 0.619398, -0.211489, -0.756055, -1.2e-05, 0.0, 0.0, 0.0, 1.0],
                [0.740212, 0.437638, 0.510448, 0.124994, 0.21825, -0.874454, 0.433237, -0.002831, 0.635965, -0.209281, -0.742798, -1.2e-05, 0.0, 0.0, 0.0, 1.0],
                [0.727727, 0.445757, 0.521261, 0.124994, 0.217791, -0.870852, 0.440658, -0.002831, 0.650369, -0.207152, -0.730827, -1.2e-05, 0.0, 0.0, 0.0, 1.0],
                [0.716882, 0.452635, 0.530284, 0.124994, 0.217276, -0.86776, 0.446968, -0.002831, 0.662473, -0.205204, -0.72043, -1.2e-05, 0.0, 0.0, 0.0, 1.0],
                [0.707974, 0.458169, 0.537449, 0.124994, 0.216775, -0.865244, 0.452059, -0.002831, 0.672146, -0.20354, -0.711893, -1.2e-05, 0.0, 0.0, 0.0, 1.0],
                [0.70129, 0.462257, 0.542688, 0.124994, 0.216355, -0.86337, 0.455829, -0.002831, 0.679251, -0.202254, -0.705486, -1.2e-05, 0.0, 0.0, 0.0, 1.0],
                [0.697097, 0.464793, 0.545914, 0.124994, 0.216073, -0.8622, 0.458171, -0.002831, 0.683642, -0.201432, -0.701468, -1.2e-05, 0.0, 0.0, 0.0, 1.0],
                [0.695648, 0.465664, 0.547019, 0.124994, 0.215972, -0.861796, 0.458977, -0.002831, 0.685149, -0.201145, -0.70008, -1.2e-05, 0.0, 0.0, 0.0, 1.0],
                [0.696457, 0.464889, 0.546648, 0.124994, 0.216327, -0.862351, 0.457766, -0.002831, 0.684214, -0.200559, -0.701161, -1.2e-05, 0.0, 0.0, 0.0, 1.0],
                [0.698797, 0.462645, 0.545565, 0.124994, 0.217346, -0.863952, 0.454252, -0.002831, 0.6815, -0.198853, -0.704283, -1.2e-05, 0.0, 0.0, 0.0, 1.0],
                [0.70253, 0.459056, 0.543799, 0.124994, 0.218948, -0.866492, 0.448609, -0.002831, 0.677135, -0.196097, -0.709249, -1.2e-05, 0.0, 0.0, 0.0, 1.0],
                [0.707517, 0.454248, 0.541367, 0.124994, 0.22104, -0.869859, 0.441002, -0.002831, 0.671238, -0.192352, -0.715849, -1.2e-05, 0.0, 0.0, 0.0, 1.0],
                [0.713612, 0.448346, 0.538277, 0.124994, 0.223524, -0.873934, 0.431594, -0.002831, 0.663923, -0.187672, -0.723868, -1.2e-05, 0.0, 0.0, 0.0, 1.0],
                [0.72067, 0.44148, 0.534537, 0.124994, 0.226297, -0.878593, 0.420547, -0.002831, 0.655305, -0.182111, -0.733083, -1.2e-05, 0.0, 0.0, 0.0, 1.0],
                [0.72854, 0.433779, 0.530154, 0.124994, 0.229255, -0.883715, 0.408027, -0.002831, 0.6455, -0.175723, -0.743271, -1.2e-05, 0.0, 0.0, 0.0, 1.0],
                [0.737077, 0.425374, 0.525142, 0.124994, 0.232299, -0.889178, 0.394204, -0.002831, 0.63463, -0.168568, -0.754208, -1.2e-05, 0.0, 0.0, 0.0, 1.0],
                [0.746129, 0.416398, 0.519522, 0.124994, 0.235333, -0.894863, 0.379256, -0.002831, 0.622823, -0.160712, -0.765678, -1.2e-05, 0.0, 0.0, 0.0, 1.0],
                [0.755553, 0.406984, 0.513326, 0.124994, 0.238273, -0.900658, 0.36337, -0.002831, 0.610218, -0.152233, -0.77747, -1.2e-05, 0.0, 0.0, 0.0, 1.0],
                [0.765203, 0.397264, 0.5066, 0.124994, 0.241042, -0.906458, 0.346741, -0.002831, 0.59696, -0.143215, -0.789384, -1.2e-05, 0.0, 0.0, 0.0, 1.0],
                [0.774943, 0.387371, 0.499405, 0.124994, 0.243577, -0.912167, 0.329573, -0.002831, 0.583208, -0.133756, -0.801235, -1.2e-05, 0.0, 0.0, 0.0, 1.0],
                [0.78464, 0.377435, 0.491815, 0.124994, 0.245831, -0.917699, 0.312078, -0.002831, 0.569128, -0.123965, -0.812851, -1.2e-05, 0.0, 0.0, 0.0, 1.0],
                [0.794168, 0.367582, 0.483921, 0.124994, 0.247768, -0.92298, 0.294475, -0.002831, 0.554893, -0.113962, -0.824079, -1.2e-05, 0.0, 0.0, 0.0, 1.0],
                [0.803411, 0.357935, 0.475828, 0.124994, 0.249372, -0.927948, 0.276987, -0.002831, 0.540688, -0.103876, -0.834786, -1.2e-05, 0.0, 0.0, 0.0, 1.0],
                [0.812261, 0.348611, 0.467655, 0.124994, 0.250638, -0.932555, 0.259843, -0.002831, 0.526699, -0.093848, -0.844856, -1.2e-05, 0.0, 0.0, 0.0, 1.0],
                [0.820619, 0.339723, 0.459534, 0.124994, 0.251578, -0.936762, 0.243272, -0.002831, 0.51312, -0.084024, -0.854194, -1.2e-05, 0.0, 0.0, 0.0, 1.0],
                [0.828395, 0.331378, 0.451607, 0.124994, 0.252217, -0.940545, 0.227503, -0.002831, 0.500147, -0.074559, -0.862725, -1.2e-05, 0.0, 0.0, 0.0, 1.0],
                [0.835509, 0.323676, 0.444024, 0.124994, 0.252592, -0.943888, 0.212764, -0.002831, 0.487977, -0.065609, -0.870387, -1.2e-05, 0.0, 0.0, 0.0, 1.0],
                [0.841887, 0.316712, 0.436943, 0.124994, 0.252748, -0.946785, 0.199283, -0.002831, 0.476807, -0.057337, -0.877136, -1.2e-05, 0.0, 0.0, 0.0, 1.0],
                [0.847461, 0.310579, 0.430522, 0.124994, 0.252737, -0.949234, 0.187281, -0.002831, 0.466832, -0.049904, -0.882937, -1.2e-05, 0.0, 0.0, 0.0, 1.0],
                [0.852169, 0.305363, 0.424924, 0.124994, 0.252617, -0.951241, 0.176979, -0.002831, 0.458249, -0.043473, -0.88776, -1.2e-05, 0.0, 0.0, 0.0, 1.0],
                [0.855948, 0.301151, 0.420309, 0.124994, 0.252443, -0.952809, 0.168595, -0.002831, 0.451247, -0.038204, -0.891581, -1.2e-05, 0.0, 0.0, 0.0, 1.0],
                [0.858736, 0.298029, 0.416833, 0.124994, 0.25227, -0.95394, 0.162342, -0.002831, 0.446017, -0.034254, -0.894369, -1.2e-05, 0.0, 0.0, 0.0, 1.0],
                [0.860465, 0.296086, 0.414646, 0.124994, 0.252143, -0.95463, 0.158435, -0.002831, 0.442745, -0.031777, -0.896085, -1.2e-05, 0.0, 0.0, 0.0, 1.0],
                [0.86106, 0.295417, 0.413888, 0.124994, 0.252095, -0.954866, 0.157085, -0.002831, 0.441614, -0.03092, -0.896672, -1.2e-05, 0.0, 0.0, 0.0, 1.0]
            ]
        },
        {
            "name": "Leg_R",
            "time": [0.0, 0.0167, 0.0333, 0.05, 0.0667, 0.0833, 0.1, 0.1167, 0.1333, 0.15, 0.1667, 0.1833, 0.2, 0.2167, 0.2333, 0.25, 0.2667, 0.2833, 0.3, 0.3167, 0.3333, 0.35, 0.3667, 0.3833, 0.4, 0.4167, 0.4333, 0.45, 0.4667, 0.4833, 0.5, 0.5167, 0.5333, 0.55, 0.5667, 0.5833, 0.6, 0.6167, 0.6333, 0.65, 0.6667, 0.6833, 0.7, 0.7167, 0.7333, 0.75, 0.7667, 0.7833, 0.8, 0.8167, 0.8333, 0.85, 0.8667, 0.8833, 0.9, 0.9167, 0.9333, 0.95, 0.9667, 0.9833, 1.0, 1.0167, 1.0333, 1.05, 1.0667, 1.0833, 1.1, 1.1167, 1.1333, 1.15, 1.1667, 1.1833, 1.2, 1.2167, 1.2333, 1.25, 1.2667, 1.2833, 1.3, 1.3167, 1.3333, 1.35, 1.3667, 1.3833, 1.4, 1.4167, 1.4333, 1.45, 1.4667, 1.4833, 1.5, 1.5167, 1.5333, 1.55, 1.5667, 1.5833, 1.6, 1.6167],
            "transform": [
                [1.0, -0.0, 1e-06, 0.0, -0.0, 0.938561, 0.345114, 0.37472, -1e-06, -0.345114, 0.93856, 0.0, 0.0, 0.0, 0.0, 1.0],
                [1.0, -0.0, 1e-06, 0.0, -0.0, 0.928744, 0.370724, 0.37472, -1e-06, -0.370724, 0.928742, 0.0, 0.0, 0.0, 0.0, 1.0],
                [1.0, -0.0, 1e-06, 0.0, -0.0, 0.89929, 0.437355, 0.37472, -1e-06, -0.437355, 0.899288, 0.0, 0.0, 0.0, 0.0, 1.0],
                [1.0, -0.0, 1e-06, 0.0, -0.0, 0.848844, 0.528643, 0.37472, -1e-06, -0.528644, 0.848843, -0.0, 0.0, 0.0, 0.0, 1.0],
                [1.0, -0.0, 1e-06, 0.0, -0.0, 0.778241, 0.627967, 0.37472, -1e-06, -0.627967, 0.778239, 0.0, 0.0, 0.0, 0.0, 1.0],
                [1.0, -0.0, 1e-06, -0.0, -0.0, 0.693209, 0.720737, 0.37472, -1e-06, -0.720738, 0.693208, 0.0, 0.0, 0.0, 0.0, 1.0],
                [1.0, -0.0, 1e-06, 0.0, -0.0, 0.604277, 0.796774, 0.37472, -1e-06, -0.796776, 0.604276, -0.0, 0.0, 0.0, 0.0, 1.0],
                [1.0, -0.0, 1e-06, -0.0, -0.0, 0.524896, 0.851166, 0.37472, -1e-06, -0.851167, 0.524895, -0.0, 0.0, 0.0, 0.0, 1.0],
                [1.0, -1e-06, 1e-06, -0.0, -0.0, 0.46979, 0.882777, 0.37472, -1e-06, -0.882779, 0.46979, 0.0, 0.0, 0.0, 0.0, 1.0],
                [1.0, -1e-06, 1e-06, 0.0, -0.0, 0.436095, 0.8999, 0.37472, -1e-06, -0.899902, 0.436094, -0.0, 0.0, 0.0, 0.0, 1.0],
                [1.0, -1e-06, 0.0, -0.0, -0.0, 0.409677, 0.91223, 0.37472, -1e-06, -0.912231, 0.409676, 0.0, 0.0, 0.0, 0.0, 1.0],
                [1.0, -1e-06, 0.0, 0.0, -0.0, 0.389061, 0.921211, 0.37472, -1e-06, -0.921213, 0.38906, -0.0, 0.0, 0.0, 0.0, 1.0],
                [1.0, -1e-06, 0.0, 0.0, -0.0, 0.372544, 0.928014, 0.37472, -1e-06, -0.928015, 0.372543, -0.0, 0.0, 0.0, 0.0, 1.0],
                [1.0, -1e-06, 0.0, 0.0, -0.0, 0.35804, 0.933706, 0.37472, -1e-06, -0.933707, 0.358039, -0.0, 0.0, 0.0, 0.0, 1.0],
                [1.0, -1e-06, 0.0, -0.0, -0.0, 0.342795, 0.93941, 0.37472, -1e-06, -0.939411, 0.342795, 0.0, 0.0, 0.0, 0.0, 1.0],
                [1.0, -1e-06, 1e-06, -0.0, -0.0, 0.322901, 0.946432, 0.37472, -1e-06, -0.946434, 0.3229, -0.0, 0.0, 0.0, 0.0, 1.0],
                [1.0, -1e-06, 0.0, -0.0, -0.0, 0.292429, 0.956287, 0.37472, -1e-06, -0.956288, 0.292428, -0.0, 0.0, 0.0, 0.0, 1.0],
                [1.0, -1e-06, 0.0, 0.0, -0.0, 0.241867, 0.970309, 0.37472, -1e-06, -0.97031, 0.241867, 0.0, 0.0, 0.0, 0.0, 1.0],
                [1.0, -1e-06, 0.0, 0.0, -0.0, 0.155329, 0.987862, 0.37472, -1e-06, -0.987864, 0.155329, -0.0, 0.0, 0.0, 0.0, 1.0],
                [1.0, -1e-06, 0.0, -0.0, -0.0, 0.012179, 0.999925, 0.37472, -1e-06, -0.999927, 0.012179, 0.0, 0.0, 0.0, 0.0, 1.0],
                [1.0, -1e-06, 0.0, -0.0, -0.0, -0.186615, 0.982432, 0.37472, -1e-06, -0.982434, -0.186615, -0.0, 0.0, 0.0, 0.0, 1.0],
                [1.0, -1e-06, -0.0, -0.0, -0.0, -0.40483, 0.914391, 0.37472, -1e-06, -0.914393, -0.404829, -0.0, 0.0, 0.0, 0.0, 1.0],
                [1.0, -1e-06, -0.0, -0.0, -0.0, -0.569577, 0.821937, 0.37472, -1e-06, -0.821939, -0.569576, -0.0, 0.0, 0.0, 0.0, 1.0],
                [1.0, -1e-06, -0.0, -0.0, -0.0, -0.600709, 0.799468, 0.37472, -1e-06, -0.799469, -0.600708, 0.0, 0.0, 0.0, 0.0, 1.0],
                [1.0, -1e-06, -0.0, 0.0, -0.0, -0.477861, 0.878435, 0.37472, -1e-06, -0.878436, -0.477861, -0.0, 0.0, 0.0, 0.0, 1.0],
                [1.0, -1e-06, 0.0, 0.0, -0.0, -0.245938, 0.969285, 0.37472, -1e-06, -0.969286, -0.245937, 0.0, 0.0, 0.0, 0.0, 1.0],
                [1.0, -1e-06, 0.0, -0.0, -0.0, 0.040369, 0.999184, 0.37472, -1e-06, -0.999186, 0.040369, -0.0, 0.0, 0.0, 0.0, 1.0],
                [1.0, -1e-06, 0.0, 0.0, -0.0, 0.295672, 0.955289, 0.37472, -1e-06, -0.95529, 0.295672, -0.0, 0.0, 0.0, 0.0, 1.0],
                [1.0, -1e-06, 1e-06, -0.0, -0.0, 0.464935, 0.885344, 0.37472, -1e-06, -0.885346, 0.464934, 0.0, 0.0, 0.0, 0.0, 1.0],
                [1.0, -0.0, 1e-06, 0.0, -0.0, 0.560729, 0.827999, 0.37472, -1e-06, -0.828, 0.560728, -0.0, 0.0, 0.0, 0.0, 1.0],
                [1.0, -0.0, 1e-06, -0.0, -0.0, 0.619679, 0.784855, 0.37472, -1e-06, -0.784856, 0.619678, -0.0, 0.0, 0.0, 0.0, 1.0],
                [1.0, -0.0, 1e-06, 0.0, -0.0, 0.656013, 0.75475, 0.37472, -1e-06, -0.754751, 0.656011, -0.0, 0.0, 0.0, 0.0, 1.0],
                [1.0, -0.0, 1e-06, -0.0, -0.0, 0.681721, 0.731612, 0.37472, -1e-06, -0.731613, 0.68172, 0.0, 0.0, 0.0, 0.0, 1.0],
                [1.0, -0.0, 1e-06, 0.0, -0.0, 0.707267, 0.706947, 0.37472, -1e-06, -0.706948, 0.707266, 0.0, 0.0, 0.0, 0.0, 1.0],
                [1.0, -0.0, 1e-06, 0.0, -0.0, 0.739897, 0.67272, 0.37472, -1e-06, -0.672721, 0.739896, -0.0, 0.0, 0.0, 0.0, 1.0],
                [1.0, -0.0, 1e-06, 0.0, -0.0, 0.777928, 0.628353, 0.37472, -1e-06, -0.628354, 0.777927, 0.0, 0.0, 0.0, 0.0, 1.0],
                [1.0, -0.0, 1e-06, -0.0, -0.0, 0.817631, 0.575743, 0.37472, -1e-06, -0.575744, 0.81763, 0.0, 0.0, 0.0, 0.0, 1.0],
                [1.0, -0.0, 1e-06, -0.0, -0.0, 0.855669, 0.517524, 0.37472, -1e-06, -0.517524, 0.855668, 0.0, 0.0, 0.0, 0.0, 1.0],
                [1.0, -0.0, 1e-06, -0.0, -0.0, 0.889429, 0.457075, 0.37472, -1e-06, -0.457075, 0.889427, -0.0, 0.0, 0.0, 0.0, 1.0],
                [1.0, -0.0, 1e-06, 0.0, -0.0, 0.917238, 0.39834, 0.37472, -1e-06, -0.398341, 0.917237, 0.0, 0.0, 0.0, 0.0, 1.0],
                [1.0, -0.0, 1e-06, 0.0, -0.0, 0.938401, 0.34555, 0.37472, -1e-06, -0.34555, 0.9384, 0.0, 0.0, 0.0, 0.0, 1.0],
                [1.0, 0.0, 1e-06, 0.0, -0.0, 0.95301, 0.302942, 0.37472, -1e-06, -0.302942, 0.953008, 0.0, 0.0, 0.0, 0.0, 1.0],
                [1.0, 0.0, 1e-06, -0.0, -0.0, 0.961564, 0.274583, 0.37472, -1e-06, -0.274583, 0.961563, 0.0, 0.0, 0.0, 0.0, 1.0],
                [1.0, 0.0, 1e-06, 0.0, -0.0, 0.964438, 0.264312, 0.37472, -1e-06, -0.264312, 0.964436, -0.0, 0.0, 0.0, 0.0, 1.0],
                [1.0, 0.0, 1e-06, 0.0, -0.0, 0.964438, 0.264312, 0.37472, -1e-06, -0.264312, 0.964436, -0.0, 0.0, 0.0, 0.0, 1.0],
                [1.0, 0.0, 1e-06, -0.0, -0.0, 0.964438, 0.264312, 0.37472, -1e-06, -0.264312, 0.964437, 0.0, 0.0, 0.0, 0.0, 1.0],
                [1.0, 0.0, 1e-06, -0.0, -0.0, 0.964438, 0.264312, 0.37472, -1e-06, -0.264312, 0.964437, 0.0, 0.0, 0.0, 0.0, 1.0],
                [1.0, 0.0, 1e-06, -0.0, -0.0, 0.964438, 0.264312, 0.37472, -1e-06, -0.264312, 0.964437, 0.0, 0.0, 0.0, 0.0, 1.0],
                [1.0, 0.0, 1e-06, 0.0, -0.0, 0.964438, 0.264312, 0.37472, -1e-06, -0.264312, 0.964436, 0.0, 0.0, 0.0, 0.0, 1.0],
                [1.0, 0.0, 1e-06, -0.0, -0.0, 0.964438, 0.264312, 0.37472, -1e-06, -0.264312, 0.964437, -0.0, 0.0, 0.0, 0.0, 1.0],
                [1.0, 0.0, 1e-06, 0.0, -0.0, 0.964438, 0.264312, 0.37472, -1e-06, -0.264312, 0.964436, -0.0, 0.0, 0.0, 0.0, 1.0],
                [1.0, 0.0, 1e-06, 0.0, -0.0, 0.964438, 0.264312, 0.37472, -1e-06, -0.264312, 0.964437, -0.0, 0.0, 0.0, 0.0, 1.0],
                [1.0, 0.0, 1e-06, 0.0, -0.0, 0.964438, 0.264312, 0.37472, -1e-06, -0.264312, 0.964437, -0.0, 0.0, 0.0, 0.0, 1.0],
                [1.0, 0.0, 1e-06, 0.0, -0.0, 0.964438, 0.264312, 0.37472, -1e-06, -0.264312, 0.964436, 0.0, 0.0, 0.0, 0.0, 1.0],
                [1.0, 0.0, 1e-06, -0.0, -0.0, 0.959386, 0.282098, 0.37472, -1e-06, -0.282098, 0.959385, -0.0, 0.0, 0.0, 0.0, 1.0],
                [1.0, -0.0, 1e-06, 0.0, -0.0, 0.943769, 0.330609, 0.37472, -1e-06, -0.330609, 0.943767, 0.0, 0.0, 0.0, 0.0, 1.0],
                [1.0, -0.0, 1e-06, 0.0, -0.0, 0.916346, 0.400389, 0.37472, -1e-06, -0.400389, 0.916345, 0.0, 0.0, 0.0, 0.0, 1.0],
                [1.0, -0.0, 1e-06, 0.0, -0.0, 0.876895, 0.480683, 0.37472, -1e-06, -0.480684, 0.876893, 0.0, 0.0, 0.0, 0.0, 1.0],
                [1.0, -0.0, 1e-06, -0.0, -0.0, 0.827408, 0.561602, 0.37472, -1e-06, -0.561603, 0.827407, -0.0, 0.0, 0.0, 0.0, 1.0],
                [1.0, -0.0, 1e-06, 0.0, -0.0, 0.77184, 0.635817, 0.37472, -1e-06, -0.635818, 0.771838, -0.0, 0.0, 0.0, 0.0, 1.0],
                [1.0, -0.0, 1e-06, 0.0, -0.0, 0.714933, 0.699193, 0.37472, -1e-06, -0.699194, 0.714932, -0.0, 0.0, 0.0, 0.0, 1.0],
                [1.0, -0.0, 1e-06, -0.0, -0.0, 0.66102, 0.750368, 0.37472, -1e-06, -0.750369, 0.661019, 0.0, 0.0, 0.0, 0.0, 1.0],
                [1.0, -0.0, 1e-06, -0.0, -0.0, 0.613333, 0.789824, 0.37472, -1e-06, -0.789825, 0.613333, 0.0, 0.0, 0.0, 0.0, 1.0],
                [1.0, -0.0, 1e-06, 0.0, -0.0, 0.573884, 0.818936, 0.37472, -1e-06, -0.818938, 0.573883, -0.0, 0.0, 0.0, 0.0, 1.0],
                [1.0, -1e-06, 1e-06, -0.0, -0.0, 0.543657, 0.839307, 0.37472, -1e-06, -0.839309, 0.543656, 0.0, 0.0, 0.0, 0.0, 1.0],
                [1.0, -0.0, 1e-06, 0.0, -0.0, 0.522923, 0.85238, 0.37472, -1e-06, -0.852381, 0.522922, -0.0, 0.0, 0.0, 0.0, 1.0],
                [1.0, -0.0, 1e-06, -0.0, -0.0, 0.511516, 0.859273, 0.37472, -1e-06, -0.859275, 0.511515, 0.0, 0.0, 0.0, 0.0, 1.0],
