{
    "animation": [
        {
            "name": "Root",
            "time": [0.0, 0.0167, 0.0333, 0.05, 0.0667, 0.0833, 0.1, 0.1167, 0.1333, 0.15, 0.1667, 0.1833, 0.2, 0.2167, 0.2333, 0.25, 0.2667, 0.2833, 0.3, 0.3167, 0.3333, 0.35, 0.3667, 0.3833, 0.4, 0.4167, 0.4333, 0.45, 0.4667, 0.4833, 0.5, 0.5167, 0.5333, 0.55, 0.5667, 0.5833, 0.6, 0.6167, 0.6333, 0.65, 0.6667, 0.6833, 0.7, 0.7167, 0.7333, 0.75, 0.7667, 0.7833, 0.8, 0.8167, 0.8333, 0.85, 0.8667, 0.8833, 0.9, 0.9167, 0.9333, 0.95, 0.9667, 0.9833, 1.0, 1.0167, 1.0333, 1.05, 1.0667, 1.0833, 1.1, 1.1167, 1.1333, 1.15, 1.1667, 1.1833, 1.2, 1.2167, 1.2333, 1.25, 1.2667, 1.2833, 1.3, 1.3167, 1.3333, 1.35, 1.3667, 1.3833, 1.4, 1.4167, 1.4333, 1.45, 1.4667, 1.4833, 1.5, 1.5167, 1.5333, 1.55, 1.5667, 1.5833, 1.6, 1.6167],
            "transform": [
                [0.241459, 0.0, -0.970411, 0.011318, -0.970411, 0.0, -0.241459, 0.000946, 0.0, 1.0, 0.0, 0.671226, 0.0, 0.0, 0.0, 1.0],
                [0.222726, 0.0, -0.974881, 0.011001, -0.974881, 0.0, -0.222726, 0.004316, 0.0, 1.0, 0.0, 0.668281, 0.0, 0.0, 0.0, 1.0],
                [0.169968, 0.0, -0.98545, 0.010141, -0.98545, 0.0, -0.169968, 0.01403, 0.0, 1.0, 0.0, 0.660289, 0.0, 0.0, 0.0, 1.0],
                [0.08843, 0.0, -0.996082, 0.008872, -0.996082, 0.0, -0.08843, 0.029496, 0.0, 1.0, 0.0, 0.648511, 0.0, 0.0, 0.0, 1.0],
                [-0.016532, 0.0, -0.999864, 0.007333, -0.999864, 0.0, 0.016532, 0.050122, 0.0, 1.0, 0.0, 0.634209, 0.0, 0.0, 0.0, 1.0],
                [-0.139501, 0.0, -0.990222, 0.005657, -0.990222, 0.0, 0.139501, 0.075317, 0.0, 1.0, 0.0, 0.618644, 0.0, 0.0, 0.0, 1.0],
                [-0.275216, 0.0, -0.961382, 0.003981, -0.961382, 0.0, 0.275216, 0.104488, 0.0, 1.0, 0.0, 0.60308, 0.0, 0.0, 0.0, 1.0],
                [-0.418754, 0.0, -0.9081, 0.002441, -0.9081, 0.0, 0.418754, 0.137043, 0.0, 1.0, 0.0, 0.588778, 0.0, 0.0, 0.0, 1.0],
                [-0.565409, 0.0, -0.82481, 0.001173, -0.82481, 0.0, 0.565409, 0.172391, 0.0, 1.0, 0.0, 0.577, 0.0, 0.0, 0.0, 1.0],
                [-0.709847, 0.0, -0.704356, 0.000312, -0.704356, 0.0, 0.709847, 0.209939, 0.0, 1.0, 0.0, 0.569007, 0.0, 0.0, 0.0, 1.0],
                [-0.843898, 0.0, -0.536503, -5e-06, -0.536503, 0.0, 0.843898, 0.249095, 0.0, 1.0, 0.0, 0.566063, 0.0, 0.0, 0.0, 1.0],
                [-0.95189, 0.0, -0.306441, -5e-06, -0.306441, 0.0, 0.95189, 0.289433, 0.0, 1.0, 0.0, 0.566063, 0.0, 0.0, 0.0, 1.0],
                [-0.999727, 0.0, -0.023378, -5e-06, -0.023378, 0.0, 0.999727, 0.331185, 0.0, 1.0, 0.0, 0.566063, 0.0, 0.0, 0.0, 1.0],
                [-0.962127, 0.0, 0.272601, -5e-06, 0.272601, 0.0, 0.962127, 0.374749, 0.0, 1.0, 0.0, 0.566063, 0.0, 0.0, 0.0, 1.0],
                [-0.844664, 0.0, 0.535297, -5e-06, 0.535297, 0.0, 0.844664, 0.420522, 0.0, 1.0, 0.0, 0.566063, 0.0, 0.0, 0.0, 1.0],
                [-0.677331, 0.0, 0.735678, -5e-06, 0.735678, 0.0, 0.677331, 0.468903, 0.0, 1.0, 0.0, 0.566063, 0.0, 0.0, 0.0, 1.0],
                [-0.469898, 0.0, 0.88272, -5e-06, 0.88272, 0.0, 0.469898, 0.519955, 0.0, 1.0, 0.0, 0.569295, 0.0, 0.0, 0.0, 1.0],
                [-0.196177, 0.0, 0.980568, -5e-06, 0.980568, 0.0, 0.196177, 0.572415, 0.0, 1.0, 0.0, 0.578067, 0.0, 0.0, 0.0, 1.0],
                [0.149648, 0.0, 0.988739, -5e-06, 0.988739, 0.0, -0.149648, 0.624686, 0.0, 1.0, 0.0, 0.590994, 0.0, 0.0, 0.0, 1.0],
                [0.530483, 0.0, 0.847696, -5e-06, 0.847696, 0.0, -0.530483, 0.675169, 0.0, 1.0, 0.0, 0.606691, 0.0, 0.0, 0.0, 1.0],
                [0.84617, 0.0, 0.532913, -5e-06, 0.532913, 0.0, -0.84617, 0.722268, 0.0, 1.0, 0.0, 0.623773, 0.0, 0.0, 0.0, 1.0],
                [0.992712, 0.0, 0.120512, -5e-06, 0.120512, 0.0, -0.992712, 0.764386, 0.0, 1.0, 0.0, 0.640855, 0.0, 0.0, 0.0, 1.0],
                [0.966997, 0.0, -0.254786, -5e-06, -0.254786, 0.0, -0.966997, 0.799924, 0.0, 1.0, 0.0, 0.656552, 0.0, 0.0, 0.0, 1.0],
                [0.857821, 0.0, -0.513949, -5e-06, -0.513949, 0.0, -0.857821, 0.827286, 0.0, 1.0, 0.0, 0.669479, 0.0, 0.0, 0.0, 1.0],
                [0.755627, 0.0, -0.655002, -5e-06, -0.655002, 0.0, -0.755627, 0.844875, 0.0, 1.0, 0.0, 0.678251, 0.0, 0.0, 0.0, 1.0],
                [0.714421, 0.0, -0.699716, -5e-06, -0.699716, 0.0, -0.714421, 0.851093, 0.0, 1.0, 0.0, 0.681483, 0.0, 0.0, 0.0, 1.0],
                [0.714421, 0.0, -0.699716, -5e-06, -0.699716, 0.0, -0.714421, 0.851093, 0.0, 1.0, 0.0, 0.681483, 0.0, 0.0, 0.0, 1.0],
                [0.714421, 0.0, -0.699716, -5e-06, -0.699716, 0.0, -0.714421, 0.851093, 0.0, 1.0, 0.0, 0.681483, 0.0, 0.0, 0.0, 1.0],
                [0.714421, 0.0, -0.699716, -5e-06, -0.699716, 0.0, -0.714421, 0.851093, 0.0, 1.0, 0.0, 0.681483, 0.0, 0.0, 0.0, 1.0],
                [0.714421, 0.0, -0.699716, -5e-06, -0.699716, 0.0, -0.714421, 0.851093, 0.0, 1.0, 0.0, 0.681483, 0.0, 0.0, 0.0, 1.0],
                [0.714421, 0.0, -0.699716, -5e-06, -0.699716, 0.0, -0.714421, 0.851093, 0.0, 1.0, 0.0, 0.681483, 0.0, 0.0, 0.0, 1.0],
                [0.714421, 0.0, -0.699716, -5e-06, -0.699716, 0.0, -0.714421, 0.851093, 0.0, 1.0, 0.0, 0.681483, 0.0, 0.0, 0.0, 1.0],
                [0.714421, 0.0, -0.699716, -5e-06, -0.699716, 0.0, -0.714421, 0.851093, 0.0, 1.0, 0.0, 0.681483, 0.0, 0.0, 0.0, 1.0],
                [0.714421, 0.0, -0.699716, -5e-06, -0.699716, 0.0, -0.714421, 0.851093, 0.0, 1.0, 0.0, 0.681483, 0.0, 0.0, 0.0, 1.0],
                [0.714421, 0.0, -0.699716, -5e-06, -0.699716, 0.0, -0.714421, 0.851093, 0.0, 1.0, 0.0, 0.681483, 0.0, 0.0, 0.0, 1.0],
                [0.714421, 0.0, -0.699716, -5e-06, -0.699716, 0.0, -0.714421, 0.851093, 0.0, 1.0, 0.0, 0.681483, 0.0, 0.0, 0.0, 1.0],
                [0.714421, 0.0, -0.699716, -5e-06, -0.699716, 0.0, -0.714421, 0.851093, 0.0, 1.0, 0.0, 0.681483, 0.0, 0.0, 0.0, 1.0],
                [0.714421, 0.0, -0.699716, -5e-06, -0.699716, 0.0, -0.714421, 0.851093, 0.0, 1.0, 0.0, 0.681483, 0.0, 0.0, 0.0, 1.0],
                [0.714421, 0.0, -0.699716, -5e-06, -0.699716, 0.0, -0.714421, 0.851093, 0.0, 1.0, 0.0, 0.681483, 0.0, 0.0, 0.0, 1.0],
                [0.714421, 0.0, -0.699716, -5e-06, -0.699716, 0.0, -0.714421, 0.851093, 0.0, 1.0, 0.0, 0.681483, 0.0, 0.0, 0.0, 1.0],
                [0.714421, 0.0, -0.699716, -5e-06, -0.699716, 0.0, -0.714421, 0.851093, 0.0, 1.0, 0.0, 0.681483, 0.0, 0.0, 0.0, 1.0],
                [0.715379, 0.0, -0.698737, -5e-06, -0.698737, 0.0, -0.715379, 0.851522, 0.0, 1.0, 0.0, 0.680483, 0.0, 0.0, 0.0, 1.0],
                [0.718168, 0.0, -0.69587, -5e-06, -0.69587, 0.0, -0.718168, 0.852775, 0.0, 1.0, 0.0, 0.677667, 0.0, 0.0, 0.0, 1.0],
                [0.722655, 0.0, -0.691209, -5e-06, -0.691209, 0.0, -0.722655, 0.854801, 0.0, 1.0, 0.0, 0.673317, 0.0, 0.0, 0.0, 1.0],
                [0.728697, 0.0, -0.684836, -5e-06, -0.684836, 0.0, -0.728697, 0.857548, 0.0, 1.0, 0.0, 0.667709, 0.0, 0.0, 0.0, 1.0],
                [0.736143, 0.0, -0.676827, -5e-06, -0.676827, 0.0, -0.736143, 0.860964, 0.0, 1.0, 0.0, 0.661125, 0.0, 0.0, 0.0, 1.0],
                [0.744834, 0.0, -0.66725, -5e-06, -0.66725, 0.0, -0.744834, 0.864999, 0.0, 1.0, 0.0, 0.653843, 0.0, 0.0, 0.0, 1.0],
                [0.754609, 0.0, -0.656175, -5e-06, -0.656175, 0.0, -0.754609, 0.8696, 0.0, 1.0, 0.0, 0.646141, 0.0, 0.0, 0.0, 1.0],
                [0.765302, 0.0, -0.643671, -5e-06, -0.643671, 0.0, -0.765302, 0.874716, 0.0, 1.0, 0.0, 0.638301, 0.0, 0.0, 0.0, 1.0],
                [0.776747, 0.0, -0.629812, -5e-06, -0.629812, 0.0, -0.776747, 0.880296, 0.0, 1.0, 0.0, 0.630599, 0.0, 0.0, 0.0, 1.0],
                [0.788778, 0.0, -0.614678, -5e-06, -0.614678, 0.0, -0.788778, 0.886287, 0.0, 1.0, 0.0, 0.623317, 0.0, 0.0, 0.0, 1.0],
                [0.80123, 0.0, -0.598356, -5e-06, -0.598356, 0.0, -0.80123, 0.892639, 0.0, 1.0, 0.0, 0.616733, 0.0, 0.0, 0.0, 1.0],
                [0.813943, 0.0, -0.580944, -5e-06, -0.580944, 0.0, -0.813943, 0.899301, 0.0, 1.0, 0.0, 0.611126, 0.0, 0.0, 0.0, 1.0],
                [0.826764, 0.0, -0.562549, -5e-06, -0.562549, 0.0, -0.826764, 0.906219, 0.0, 1.0, 0.0, 0.606775, 0.0, 0.0, 0.0, 1.0],
                [0.839545, 0.0, -0.543291, -5e-06, -0.543291, 0.0, -0.839545, 0.913344, 0.0, 1.0, 0.0, 0.60396, 0.0, 0.0, 0.0, 1.0],
                [0.85215, 0.0, -0.523297, -5e-06, -0.523297, 0.0, -0.85215, 0.920623, 0.0, 1.0, 0.0, 0.602959, 0.0, 0.0, 0.0, 1.0],
                [0.864455, 0.0, -0.502711, -5e-06, -0.502711, 0.0, -0.864455, 0.928006, 0.0, 1.0, 0.0, 0.603589, 0.0, 0.0, 0.0, 1.0],
                [0.876346, 0.0, -0.481682, -5e-06, -0.481682, 0.0, -0.876346, 0.935439, 0.0, 1.0, 0.0, 0.605386, 0.0, 0.0, 0.0, 1.0],
                [0.887726, 0.0, -0.460373, -5e-06, -0.460373, 0.0, -0.887726, 0.942873, 0.0, 1.0, 0.0, 0.608214, 0.0, 0.0, 0.0, 1.0],
                [0.898511, 0.0, -0.438951, -5e-06, -0.438951, 0.0, -0.898511, 0.950255, 0.0, 1.0, 0.0, 0.611935, 0.0, 0.0, 0.0, 1.0],
                [0.908634, 0.0, -0.417594, -5e-06, -0.417594, 0.0, -0.908634, 0.957535, 0.0, 1.0, 0.0, 0.616411, 0.0, 0.0, 0.0, 1.0],
                [0.918043, 0.0, -0.396481, -5e-06, -0.396481, 0.0, -0.918043, 0.964659, 0.0, 1.0, 0.0, 0.621505, 0.0, 0.0, 0.0, 1.0],
                [0.926701, 0.0, -0.375799, -5e-06, -0.375799, 0.0, -0.926701, 0.971578, 0.0, 1.0, 0.0, 0.627081, 0.0, 0.0, 0.0, 1.0],
                [0.934587, 0.0, -0.355734, -5e-06, -0.355734, 0.0, -0.934587, 0.978239, 0.0, 1.0, 0.0, 0.632999, 0.0, 0.0, 0.0, 1.0],
                [0.941693, 0.0, -0.336473, -5e-06, -0.336473, 0.0, -0.941693, 0.984592, 0.0, 1.0, 0.0, 0.639124, 0.0, 0.0, 0.0, 1.0],
                [0.948022, 0.0, -0.318205, -5e-06, -0.318205, 0.0, -0.948022, 0.990583, 0.0, 1.0, 0.0, 0.645318, 0.0, 0.0, 0.0, 1.0],
                [0.953588, 0.0, -0.301115, -5e-06, -0.301115, 0.0, -0.953588, 0.996163, 0.0, 1.0, 0.0, 0.651443, 0.0, 0.0, 0.0, 1.0],
                [0.958413, 0.0, -0.285385, -5e-06, -0.285385, 0.0, -0.958413, 1.001279, 0.0, 1.0, 0.0, 0.657361, 0.0, 0.0, 0.0, 1.0],
                [0.962524, 0.0, -0.271197, -5e-06, -0.271197, 0.0, -0.962524, 1.00588, 0.0, 1.0, 0.0, 0.662937, 0.0, 0.0, 0.0, 1.0],
                [0.965951, 0.0, -0.258727, -5e-06, -0.258727, 0.0, -0.965951, 1.009915, 0.0, 1.0, 0.0, 0.668031, 0.0, 0.0, 0.0, 1.0],
                [0.968722, 0.0, -0.248148, -5e-06, -0.248148, 0.0, -0.968722, 1.013331, 0.0, 1.0, 0.0, 0.672508, 0.0, 0.0, 0.0, 1.0],
                [0.970864, 0.0, -0.239632, -5e-06, -0.239632, 0.0, -0.970864, 1.016078, 0.0, 1.0, 0.0, 0.676228, 0.0, 0.0, 0.0, 1.0],
                [0.972394, 0.0, -0.233345, -5e-06, -0.233345, 0.0, -0.972394, 1.018104, 0.0, 1.0, 0.0, 0.679056, 0.0, 0.0, 0.0, 1.0],
                [0.973319, 0.0, -0.229454, -5e-06, -0.229454, 0.0, -0.973319, 1.019357, 0.0, 1.0, 0.0, 0.680853, 0.0, 0.0, 0.0, 1.0],
                [0.973633, 0.0, -0.228121, -5e-06, -0.228121, 0.0, -0.973633, 1.019786, 0.0, 1.0, 0.0, 0.681483, 0.0, 0.0, 0.0, 1.0],
                [0.973633, 0.0, -0.228121, -5e-06, -0.228121, 0.0, -0.973633, 1.019786, 0.0, 1.0, 0.0, 0.681483, 0.0, 0.0, 0.0, 1.0],
                [0.973633, 0.0, -0.228121, -5e-06, -0.228121, 0.0, -0.973633, 1.019786, 0.0, 1.0, 0.0, 0.681483, 0.0, 0.0, 0.0, 1.0],
                [0.973633, 0.0, -0.228121, -5e-06, -0.228121, 0.0, -0.973633, 1.019786, 0.0, 1.0, 0.0, 0.681483, 0.0, 0.0, 0.0, 1.0],
                [0.973633, 0.0, -0.228121, -5e-06, -0.228121, 0.0, -0.973633, 1.019786, 0.0, 1.0, 0.0, 0.681483, 0.0, 0.0, 0.0, 1.0],
                [0.973633, 0.0, -0.228121, -5e-06, -0.228121, 0.0, -0.973633, 1.019786, 0.0, 1.0, 0.0, 0.681483, 0.0, 0.0, 0.0, 1.0],
                [0.973633, 0.0, -0.228121, -5e-06, -0.228121, 0.0, -0.973633, 1.019786, 0.0, 1.0, 0.0, 0.681483, 0.0, 0.0, 0.0, 1.0],
                [0.973633, 0.0, -0.228121, -5e-06, -0.228121, 0.0, -0.973633, 1.019786, 0.0, 1.0, 0.0, 0.681483, 0.0, 0.0, 0.0, 1.0],
                [0.973633, 0.0, -0.228121, -5e-06, -0.228121, 0.0, -0.973633, 1.019786, 0.0, 1.0, 0.0, 0.681483, 0.0, 0.0, 0.0, 1.0],
                [0.973633, 0.0, -0.228121, -5e-06, -0.228121, 0.0, -0.973633, 1.019786, 0.0, 1.0, 0.0, 0.681483, 0.0, 0.0, 0.0, 1.0],
                [0.973633, 0.0, -0.228121, -5e-06, -0.228121, 0.0, -0.973633, 1.019786, 0.0, 1.0, 0.0, 0.681483, 0.0, 0.0, 0.0, 1.0],
                [0.973633, 0.0, -0.228121, -5e-06, -0.228121, 0.0, -0.973633, 1.019786, 0.0, 1.0, 0.0, 0.681483, 0.0, 0.0, 0.0, 1.0],
                [0.973633, 0.0, -0.228121, -5e-06, -0.228121, 0.0, -0.973633, 1.019786, 0.0, 1.0, 0.0, 0.681483, 0.0, 0.0, 0.0, 1.0],
                [0.973633, 0.0, -0.228121, -5e-06, -0.228121, 0.0, -0.973633, 1.019786, 0.0, 1.0, 0.0, 0.681483, 0.0, 0.0, 0.0, 1.0],
                [0.973633, 0.0, -0.228121, -5e-06, -0.228121, 0.0, -0.973633, 1.019786, 0.0, 1.0, 0.0, 0.681483, 0.0, 0.0, 0.0, 1.0],
                [0.973633, 0.0, -0.228121, -5e-06, -0.228121, 0.0, -0.973633, 1.019786, 0.0, 1.0, 0.0, 0.681483, 0.0, 0.0, 0.0, 1.0],
                [0.973633, 0.0, -0.228121, -5e-06, -0.228121, 0.0, -0.973633, 1.019786, 0.0, 1.0, 0.0, 0.681483, 0.0, 0.0, 0.0, 1.0],
                [0.973633, 0.0, -0.228121, -5e-06, -0.228121, 0.0, -0.973633, 1.019786, 0.0, 1.0, 0.0, 0.681483, 0.0, 0.0, 0.0, 1.0],
                [0.973633, 0.0, -0.228121, -5e-06, -0.228121, 0.0, -0.973633, 1.019786, 0.0, 1.0, 0.0, 0.681483, 0.0, 0.0, 0.0, 1.0],
                [0.973633, 0.0, -0.228121, -5e-06, -0.228121, 0.0, -0.973633, 1.019786, 0.0, 1.0, 0.0, 0.681483, 0.0, 0.0, 0.0, 1.0],
                [0.973633, 0.0, -0.228121, -5e-06, -0.228121, 0.0, -0.973633, 1.019786, 0.0, 1.0, 0.0, 0.681483, 0.0, 0.0, 0.0, 1.0],
                [0.973633, 0.0, -0.228121, -5e-06, -0.228121, 0.0, -0.973633, 1.019786, 0.0, 1.0, 0.0, 0.681483, 0.0, 0.0, 0.0, 1.0],
                [0.973633, 0.0, -0.228121, -5e-06, -0.228121, 0.0, -0.973633, 1.019786, 0.0, 1.0, 0.0, 0.681483, 0.0, 0.0, 0.0, 1.0],
                [0.973633, 0.0, -0.228121, -5e-06, -0.228121, 0.0, -0.973633, 1.019786, 0.0, 1.0, 0.0, 0.681483, 0.0, 0.0, 0.0, 1.0]
            ]
        },
        {
            "name": "Thigh_R",
            "time": [0.0, 0.0167, 0.0333, 0.05, 0.0667, 0.0833, 0.1, 0.1167, 0.1333, 0.15, 0.1667, 0.1833, 0.2, 0.2167, 0.2333, 0.25, 0.2667, 0.2833, 0.3, 0.3167, 0.3333, 0.35, 0.3667, 0.3833, 0.4, 0.4167, 0.4333, 0.45, 0.4667, 0.4833, 0.5, 0.5167, 0.5333, 0.55, 0.5667, 0.5833, 0.6, 0.6167, 0.6333, 0.65, 0.6667, 0.6833, 0.7, 0.7167, 0.7333, 0.75, 0.7667, 0.7833, 0.8, 0.8167, 0.8333, 0.85, 0.8667, 0.8833, 0.9, 0.9167, 0.9333, 0.95, 0.9667, 0.9833, 1.0, 1.0167, 1.0333, 1.05, 1.0667, 1.0833, 1.1, 1.1167, 1.1333, 1.15, 1.1667, 1.1833, 1.2, 1.2167, 1.2333, 1.25, 1.2667, 1.2833, 1.3, 1.3167, 1.3333, 1.35, 1.3667, 1.3833, 1.4, 1.4167, 1.4333, 1.45, 1.4667, 1.4833, 1.5, 1.5167, 1.5333, 1.55, 1.5667, 1.5833, 1.6, 1.6167],
            "transform": [
                [0.920657, 0.181298, 0.345718, 0.124994, 0.137936, -0.979564, 0.146368, -0.002831, 0.365189, -0.087068, -0.926853, -1.2e-05, 0.0, 0.0, 0.0, 1.0],
                [0.908297, 0.195319, 0.369929, 0.124994, 0.148585, -0.977275, 0.151168, -0.002831, 0.391049, -0.082339, -0.91668, -1.2e-05, 0.0, 0.0, 0.0, 1.0],
                [0.869863, 0.23297, 0.434813, 0.124994, 0.177143, -0.970179, 0.165437, -0.002831, 0.460388, -0.066883, -0.885194, -1.2e-05, 0.0, 0.0, 0.0, 1.0],
                [0.800251, 0.286514, 0.52679, 0.124994, 0.217699, -0.957345, 0.189982, -0.002831, 0.558753, -0.037351, -0.828493, -1.2e-05, 0.0, 0.0, 0.0, 1.0],
                [0.695839, 0.346199, 0.629249, 0.124994, 0.263176, -0.938116, 0.225107, -0.002831, 0.668241, 0.008965, -0.743891, -1.2e-05, 0.0, 0.0, 0.0, 1.0],
                [0.560513, 0.401149, 0.724503, 0.124994, 0.30624, -0.913235, 0.268727, -0.002831, 0.769442, 0.071247, -0.63473, -1.2e-05, 0.0, 0.0, 0.0, 1.0],
                [0.408043, 0.442219, 0.798714, 0.124994, 0.34142, -0.885292, 0.315734, -0.002831, 0.846719, 0.143864, -0.512221, -1.2e-05, 0.0, 0.0, 0.0, 1.0],
                [0.258863, 0.464991, 0.846624, 0.124994, 0.367027, -0.858109, 0.359079, -0.002831, 0.893465, 0.217781, -0.392798, -1.2e-05, 0.0, 0.0, 0.0, 1.0],
                [0.133688, 0.470505, 0.872211, 0.124994, 0.385307, -0.835542, 0.391669, -0.002831, 0.913052, 0.283708, -0.292992, -1.2e-05, 0.0, 0.0, 0.0, 1.0],
                [0.049121, 0.463262, 0.884859, 0.124994, 0.4007, -0.820646, 0.407402, -0.002831, 0.914891, 0.334551, -0.225941, -1.2e-05, 0.0, 0.0, 0.0, 1.0],
                [0.017909, 0.44813, 0.893789, 0.124994, 0.417334, -0.815684, 0.40061, -0.002831, 0.908576, 0.365834, -0.201629, -1.2e-05, 0.0, 0.0, 0.0, 1.0],
                [0.035844, 0.398686, 0.916387, 0.124994, 0.41161, -0.841473, 0.349996, -0.002831, 0.910654, 0.364648, -0.194266, -1.2e-05, 0.0, 0.0, 0.0, 1.0],
                [0.077857, 0.301199, 0.950378, 0.124994, 0.367543, -0.894795, 0.253475, -0.002831, 0.926741, 0.32957, -0.18037, -1.2e-05, 0.0, 0.0, 0.0, 1.0],
                [0.124309, 0.183076, 0.975208, 0.124994, 0.301282, -0.943391, 0.1387, -0.002831, 0.945397, 0.276571, -0.17243, -1.2e-05, 0.0, 0.0, 0.0, 1.0],
                [0.162079, 0.082423, 0.98333, 0.124994, 0.237874, -0.97038, 0.04213, -0.002831, 0.957677, 0.22708, -0.176885, -1.2e-05, 0.0, 0.0, 0.0, 1.0],
                [0.187944, 0.041153, 0.981318, 0.124994, 0.208212, -0.978081, 0.001141, -0.002831, 0.959856, 0.204108, -0.192393, -1.2e-05, 0.0, 0.0, 0.0, 1.0],
                [0.213775, 0.049579, 0.975624, 0.124994, 0.207895, -0.97814, 0.004155, -0.002831, 0.954504, 0.201939, -0.21941, -1.2e-05, 0.0, 0.0, 0.0, 1.0],
                [0.249216, 0.069606, 0.965943, 0.124994, 0.211649, -0.977216, 0.015813, -0.002831, 0.945037, 0.200501, -0.25827, -1.2e-05, 0.0, 0.0, 0.0, 1.0],
                [0.291079, 0.098314, 0.951635, 0.124994, 0.219088, -0.97512, 0.033728, -0.002831, 0.931275, 0.198674, -0.305377, -1.2e-05, 0.0, 0.0, 0.0, 1.0],
                [0.336153, 0.132831, 0.932393, 0.124994, 0.229753, -0.971658, 0.055593, -0.002831, 0.913353, 0.195532, -0.357145, -1.2e-05, 0.0, 0.0, 0.0, 1.0],
                [0.381245, 0.170193, 0.908673, 0.124994, 0.24293, -0.966807, 0.079158, -0.002831, 0.891984, 0.190566, -0.409937, -1.2e-05, 0.0, 0.0, 0.0, 1.0],
                [0.423315, 0.207345, 0.881937, 0.124994, 0.257542, -0.960836, 0.10228, -0.002831, 0.868605, 0.18384, -0.460138, -1.2e-05, 0.0, 0.0, 0.0, 1.0],
                [0.45965, 0.241228, 0.854711, 0.124994, 0.272133, -0.954363, 0.123005, -0.002831, 0.845378, 0.176056, -0.504321, -1.2e-05, 0.0, 0.0, 0.0, 1.0],
                [0.487959, 0.268883, 0.83042, 0.124994, 0.284937, -0.94832, 0.139629, -0.002831, 0.825049, 0.168484, -0.539358, -1.2e-05, 0.0, 0.0, 0.0, 1.0],
                [0.506314, 0.287499, 0.813013, 0.124994, 0.294019, -0.943848, 0.150663, -0.002831, 0.810677, 0.162759, -0.562416, -1.2e-05, 0.0, 0.0, 0.0, 1.0],
                [0.512882, 0.294327, 0.806426, 0.124994, 0.297447, -0.942123, 0.15468, -0.002831, 0.80528, 0.160536, -0.570747, -1.2e-05, 0.0, 0.0, 0.0, 1.0],
                [0.512882, 0.294327, 0.806426, 0.124994, 0.297447, -0.942123, 0.15468, -0.002831, 0.80528, 0.160536, -0.570747, -1.2e-05, 0.0, 0.0, 0.0, 1.0],
                [0.512882, 0.294327, 0.806426, 0.124994, 0.297447, -0.942123, 0.15468, -0.002831, 0.80528, 0.160536, -0.570747, -1.2e-05, 0.0, 0.0, 0.0, 1.0],
                [0.512882, 0.294327, 0.806426, 0.124994, 0.297447, -0.942123, 0.15468, -0.002831, 0.80528, 0.160536, -0.570747, -1.2e-05, 0.0, 0.0, 0.0, 1.0],
                [0.512882, 0.294327, 0.806426, 0.124994, 0.297447, -0.942123, 0.15468, -0.002831, 0.80528, 0.160536, -0.570747, -1.2e-05, 0.0, 0.0, 0.0, 1.0],
                [0.512882, 0.294327, 0.806426, 0.124994, 0.297447, -0.942123, 0.15468, -0.002831, 0.80528, 0.160536, -0.570747, -1.2e-05, 0.0, 0.0, 0.0, 1.0],
                [0.512882, 0.294327, 0.806426, 0.124994, 0.297447, -0.942123, 0.15468, -0.002831, 0.80528, 0.160536, -0.570747, -1.2e-05, 0.0, 0.0, 0.0, 1.0],
                [0.512882, 0.294327, 0.806426, 0.124994, 0.297447, -0.942123, 0.15468, -0.002831, 0.80528, 0.160536, -0.570747, -1.2e-05, 0.0, 0.0, 0.0, 1.0],
                [0.512882, 0.294327, 0.806426, 0.124994, 0.297447, -0.942123, 0.15468, -0.002831, 0.80528, 0.160536, -0.570747, -1.2e-05, 0.0, 0.0, 0.0, 1.0],
                [0.512882, 0.294327, 0.806426, 0.124994, 0.297447, -0.942123, 0.15468, -0.002831, 0.80528, 0.160536, -0.570747, -1.2e-05, 0.0, 0.0, 0.0, 1.0],
                [0.512882, 0.294327, 0.806426, 0.124994, 0.297447, -0.942123, 0.15468, -0.002831, 0.80528, 0.160536, -0.570747, -1.2e-05, 0.0, 0.0, 0.0, 1.0],
                [0.512882, 0.294327, 0.806426, 0.124994, 0.297447, -0.942123, 0.15468, -0.002831, 0.80528, 0.160536, -0.570747, -1.2e-05, 0.0, 0.0, 0.0, 1.0],
                [0.512882, 0.294327, 0.806426, 0.124994, 0.297447, -0.942123, 0.15468, -0.002831, 0.80528, 0.160536, -0.570747, -1.2e-05, 0.0, 0.0, 0.0, 1.0],
                [0.512882, 0.294327, 0.806426, 0.124994, 0.297447, -0.942123, 0.15468, -0.002831, 0.80528, 0.160536, -0.570747, -1.2e-05, 0.0, 0.0, 0.0, 1.0],
                [0.512882, 0.294327, 0.806426, 0.124994, 0.297447, -0.942123, 0.15468, -0.002831, 0.80528, 0.160536, -0.570747, -1.2e-05, 0.0, 0.0, 0.0, 1.0],
                [0.512882, 0.294327, 0.806426, 0.124994, 0.297447, -0.942123, 0.15468, -0.002831, 0.80528, 0.160536, -0.570747, -1.2e-05, 0.0, 0.0, 0.0, 1.0],
                [0.518615, 0.298521, 0.801201, 0.124994, 0.29698, -0.941617, 0.158606, -0.002831, 0.801773, 0.155686, -0.576993, -1.2e-05, 0.0, 0.0, 0.0, 1.0],
                [0.534691, 0.310145, 0.786076, 0.124994, 0.2958, -0.940054, 0.169695, -0.002831, 0.791585, 0.141787, -0.594381, -1.2e-05, 0.0, 0.0, 0.0, 1.0],
                [0.559313, 0.327561, 0.761494, 0.124994, 0.294377, -0.937226, 0.186936, -0.002831, 0.774926, 0.119611, -0.620631, -1.2e-05, 0.0, 0.0, 0.0, 1.0],
                [0.590519, 0.348924, 0.727694, 0.124994, 0.29329, -0.932832, 0.209286, -0.002831, 0.751842, 0.089839, -0.653193, -1.2e-05, 0.0, 0.0, 0.0, 1.0],
                [0.626189, 0.372276, 0.685052, 0.124994, 0.29313, -0.926589, 0.235592, -0.002831, 0.722468, 0.053285, -0.689348, -1.2e-05, 0.0, 0.0, 0.0, 1.0],
                [0.664102, 0.395665, 0.634363, 0.124994, 0.294406, -0.918326, 0.264573, -0.002831, 0.687235, 0.011057, -0.726351, -1.2e-05, 0.0, 0.0, 0.0, 1.0],
                [0.702056, 0.417311, 0.577033, 0.124994, 0.297448, -0.908073, 0.294829, -0.002831, 0.647025, -0.035349, -0.761649, -1.2e-05, 0.0, 0.0, 0.0, 1.0],
                [0.738041, 0.435791, 0.515151, 0.124994, 0.302337, -0.896112, 0.324919, -0.002831, 0.603231, -0.084054, -0.793126, -1.2e-05, 0.0, 0.0, 0.0, 1.0],
                [0.770422, 0.450187, 0.451421, 0.124994, 0.308862, -0.882989, 0.353458, -0.002831, 0.557722, -0.132884, -0.819322, -1.2e-05, 0.0, 0.0, 0.0, 1.0],
                [0.798079, 0.460182, 0.388974, 0.124994, 0.316524, -0.86948, 0.379228, -0.002831, 0.51272, -0.179533, -0.839575, -1.2e-05, 0.0, 0.0, 0.0, 1.0],
                [0.820463, 0.466041, 0.331126, 0.124994, 0.324591, -0.856527, 0.401247, -0.002831, 0.470617, -0.221727, -0.854024, -1.2e-05, 0.0, 0.0, 0.0, 1.0],
                [0.837538, 0.468498, 0.281137, 0.124994, 0.332179, -0.845144, 0.418791, -0.002831, 0.433804, -0.257365, -0.863468, -1.2e-05, 0.0, 0.0, 0.0, 1.0],
                [0.849625, 0.46856, 0.242049, 0.124994, 0.338351, -0.836339, 0.431338, -0.002831, 0.404543, -0.284577, -0.869115, -1.2e-05, 0.0, 0.0, 0.0, 1.0],
                [0.857167, 0.467263, 0.216631, 0.124994, 0.342211, -0.831044, 0.438469, -0.002831, 0.38491, -0.301707, -0.872248, -1.2e-05, 0.0, 0.0, 0.0, 1.0],
                [0.860452, 0.465412, 0.207393, 0.124994, 0.342994, -0.830064, 0.439712, -0.002831, 0.376797, -0.307215, -0.873866, -1.2e-05, 0.0, 0.0, 0.0, 1.0],
                [0.861606, 0.462579, 0.208935, 0.124994, 0.341349, -0.832713, 0.435966, -0.002831, 0.375652, -0.30431, -0.875374, -1.2e-05, 0.0, 0.0, 0.0, 1.0],
                [0.862749, 0.458131, 0.213962, 0.124994, 0.338442, -0.837608, 0.428797, -0.002831, 0.375661, -0.297529, -0.877698, -1.2e-05, 0.0, 0.0, 0.0, 1.0],
                [0.863848, 0.452197, 0.221998, 0.124994, 0.334436, -0.844367, 0.418562, -0.002831, 0.376721, -0.287329, -0.880638, -1.2e-05, 0.0, 0.0, 0.0, 1.0],
                [0.864863, 0.444879, 0.232579, 0.124994, 0.3295, -0.852597, 0.405593, -0.002831, 0.378736, -0.274147, -0.88397, -1.2e-05, 0.0, 0.0, 0.0, 1.0],
                [0.86575, 0.43627, 0.245241, 0.124994, 0.3238, -0.861907, 0.390213, -0.002831, 0.381613, -0.258417, -0.887464, -1.2e-05, 0.0, 0.0, 0.0, 1.0],
                [0.866466, 0.426474, 0.259528, 0.124994, 0.317508, -0.871916, 0.372756, -0.002831, 0.385258, -0.240577, -0.890898, -1.2e-05, 0.0, 0.0, 0.0, 1.0],
                [0.866974, 0.415613, 0.274994, 0.124994, 0.310795, -0.882263, 0.353574, -0.002831, 0.389567, -0.221072, -0.894072, -1.2e-05, 0.0, 0.0, 0.0, 1.0],
                [0.867245, 0.403842, 0.2912, 0.124994, 0.303828, -0.892616, 0.33305, -0.002831, 0.394429, -0.200361, -0.896817, -1.2e-05, 0.0, 0.0, 0.0, 1.0],
                [0.867265, 0.391353, 0.307723, 0.124994, 0.296774, -0.902678, 0.311599, -0.002831, 0.39972, -0.178914, -0.899007, -1.2e-05, 0.0, 0.0, 0.0, 1.0],
                [0.867034, 0.378379, 0.32416, 0.124994, 0.289792, -0.9122, 0.28967, -0.002831, 0.405304, -0.157214, -0.900562, -1.2e-05, 0.0, 0.0, 0.0, 1.0],
                [0.86657, 0.365195, 0.34013, 0.124994, 0.283034, -0.920978, 0.267746, -0.002831, 0.411032, -0.135752, -0.901457, -1.2e-05, 0.0, 0.0, 0.0, 1.0],
                [0.865905, 0.352114, 0.35528, 0.124994, 0.276644, -0.92886, 0.24634, -0.002831, 0.416746, -0.11502, -0.901717, -1.2e-05, 0.0, 0.0, 0.0, 1.0],
                [0.865088, 0.339488, 0.369284, 0.124994, 0.270751, -0.935746, 0.225985, -0.002831, 0.422275, -0.095512, -0.901422, -1.2e-05, 0.0, 0.0, 0.0, 1.0],
                [0.864182, 0.327694, 0.381845, 0.124994, 0.265478, -0.94158, 0.207231, -0.002831, 0.427446, -0.077714, -0.900695, -1.2e-05, 0.0, 0.0, 0.0, 1.0],
                [0.863262, 0.317133, 0.39269, 0.124994, 0.260935, -0.946343, 0.19064, -0.002831, 0.432078, -0.062105, -0.899695, -1.2e-05, 0.0, 0.0, 0.0, 1.0],
                [0.862408, 0.308216, 0.401566, 0.124994, 0.257225, -0.950043, 0.176774, -0.002831, 0.43599, -0.049158, -0.898608, -1.2e-05, 0.0, 0.0, 0.0, 1.0],
                [0.861704, 0.301357, 0.408227, 0.124994, 0.254448, -0.952697, 0.166193, -0.002831, 0.439001, -0.039336, -0.897625, -1.2e-05, 0.0, 0.0, 0.0, 1.0],
                [0.861231, 0.296962, 0.412424, 0.124994, 0.252703, -0.954313, 0.15945, -0.002831, 0.440933, -0.033102, -0.89693, -1.2e-05, 0.0, 0.0, 0.0, 1.0],
                [0.86106, 0.295417, 0.413888, 0.124994, 0.252095, -0.954866, 0.157085, -0.002831, 0.441614, -0.03092, -0.896672, -1.2e-05, 0.0, 0.0, 0.0, 1.0],
                [0.86106, 0.295417, 0.413888, 0.124994, 0.252095, -0.954866, 0.157085, -0.002831, 0.441614, -0.03092, -0.896672, -1.2e-05, 0.0, 0.0, 0.0, 1.0],
                [0.86106, 0.295417, 0.413888, 0.124994, 0.252095, -0.954866, 0.157085, -0.002831, 0.441614, -0.03092, -0.896672, -1.2e-05, 0.0, 0.0, 0.0, 1.0],
                [0.86106, 0.295417, 0.413888, 0.124994, 0.252095, -0.954866, 0.157085, -0.002831, 0.441614, -0.03092, -0.896672, -1.2e-05, 0.0, 0.0, 0.0, 1.0],
                [0.86106, 0.295417, 0.413888, 0.124994, 0.252095, -0.954866, 0.157085, -0.002831, 0.441614, -0.03092, -0.896672, -1.2e-05, 0.0, 0.0, 0.0, 1.0],
                [0.86106, 0.295417, 0.413888, 0.124994, 0.252095, -0.954866, 0.157085, -0.002831, 0.441614, -0.03092, -0.896672, -1.2e-05, 0.0, 0.0, 0.0, 1.0],
                [0.86106, 0.295417, 0.413888, 0.124994, 0.252095, -0.954866, 0.157085, -0.002831, 0.441614, -0.03092, -0.896672, -1.2e-05, 0.0, 0.0, 0.0, 1.0],
                [0.86106, 0.295417, 0.413888, 0.124994, 0.252095, -0.954866, 0.157085, -0.002831, 0.441614, -0.03092, -0.896672, -1.2e-05, 0.0, 0.0, 0.0, 1.0],
                [0.86106, 0.295417, 0.413888, 0.124994, 0.252095, -0.954866, 0.157085, -0.002831, 0.441614, -0.03092, -0.896672, -1.2e-05, 0.0, 0.0, 0.0, 1.0],
                [0.86106, 0.295417, 0.413888, 0.124994, 0.252095, -0.954866, 0.157085, -0.002831, 0.441614, -0.03092, -0.896672, -1.2e-05, 0.0, 0.0, 0.0, 1.0],
                [0.86106, 0.295417, 0.413888, 0.124994, 0.252095, -0.954866, 0.157085, -0.002831, 0.441614, -0.03092, -0.896672, -1.2e-05, 0.0, 0.0, 0.0, 1.0],
                [0.86106, 0.295417, 0.413888, 0.124994, 0.252095, -0.954866, 0.157085, -0.002831, 0.441614, -0.03092, -0.896672, -1.2e-05, 0.0, 0.0, 0.0, 1.0],
                [0.86106, 0.295417, 0.413888, 0.124994, 0.252095, -0.954866, 0.157085, -0.002831, 0.441614, -0.03092, -0.896672, -1.2e-05, 0.0, 0.0, 0.0, 1.0],
                [0.86106, 0.295417, 0.413888, 0.124994, 0.252095, -0.954866, 0.157085, -0.002831, 0.441614, -0.03092, -0.896672, -1.2e-05, 0.0, 0.0, 0.0, 1.0],
                [0.86106, 0.295417, 0.413888, 0.124994, 0.252095, -0.954866, 0.157085, -0.002831, 0.441614, -0.03092, -0.896672, -1.2e-05, 0.0, 0.0, 0.0, 1.0],
                [0.86106, 0.295417, 0.413888, 0.124994, 0.252095, -0.954866, 0.157085, -0.002831, 0.441614, -0.03092, -0.896672, -1.2e-05, 0.0, 0.0, 0.0, 1.0],
                [0.86106, 0.295417, 0.413888, 0.124994, 0.252095, -0.954866, 0.157085, -0.002831, 0.441614, -0.03092, -0.896672, -1.2e-05, 0.0, 0.0, 0.0, 1.0],
                [0.86106, 0.295417, 0.413888, 0.124994, 0.252095, -0.954866, 0.157085, -0.002831, 0.441614, -0.03092, -0.896672, -1.2e-05, 0.0, 0.0, 0.0, 1.0],
                [0.86106, 0.295417, 0.413888, 0.124994, 0.252095, -0.954866, 0.157085, -0.002831, 0.441614, -0.03092, -0.896672, -1.2e-05, 0.0, 0.0, 0.0, 1.0],
                [0.86106, 0.295417, 0.413888, 0.124994, 0.252095, -0.954866, 0.157085, -0.002831, 0.441614, -0.03092, -0.896672, -1.2e-05, 0.0, 0.0, 0.0, 1.0],
                [0.86106, 0.295417, 0.413888, 0.124994, 0.252095, -0.954866, 0.157085, -0.002831, 0.441614, -0.03092, -0.896672, -1.2e-05, 0.0, 0.0, 0.0, 1.0],
                [0.86106, 0.295417, 0.413888, 0.124994, 0.252095, -0.954866, 0.157085, -0.002831, 0.441614, -0.03092, -0.896672, -1.2e-05, 0.0, 0.0, 0.0, 1.0],
                [0.86106, 0.295417, 0.413888, 0.124994, 0.252095, -0.954866, 0.157085, -0.002831, 0.441614, -0.03092, -0.896672, -1.2e-05, 0.0, 0.0, 0.0, 1.0],
                [0.86106, 0.295417, 0.413888, 0.124994, 0.252095, -0.954866, 0.157085, -0.002831, 0.441614, -0.03092, -0.896672, -1.2e-05, 0.0, 0.0, 0.0, 1.0]
            ]
        },
        {
            "name": "Leg_R",
            "time": [0.0, 0.0167, 0.0333, 0.05, 0.0667, 0.0833, 0.1, 0.1167, 0.1333, 0.15, 0.1667, 0.1833, 0.2, 0.2167, 0.2333, 0.25, 0.2667, 0.2833, 0.3, 0.3167, 0.3333, 0.35, 0.3667, 0.3833, 0.4, 0.4167, 0.4333, 0.45, 0.4667, 0.4833, 0.5, 0.5167, 0.5333, 0.55, 0.5667, 0.5833, 0.6, 0.6167, 0.6333, 0.65, 0.6667, 0.6833, 0.7, 0.7167, 0.7333, 0.75, 0.7667, 0.7833, 0.8, 0.8167, 0.8333, 0.85, 0.8667, 0.8833, 0.9, 0.9167, 0.9333, 0.95, 0.9667, 0.9833, 1.0, 1.0167, 1.0333, 1.05, 1.0667, 1.0833, 1.1, 1.1167, 1.1333, 1.15, 1.1667, 1.1833, 1.2, 1.2167, 1.2333, 1.25, 1.2667, 1.2833, 1.3, 1.3167, 1.3333, 1.35, 1.3667, 1.3833, 1.4, 1.4167, 1.4333, 1.45, 1.4667, 1.4833, 1.5, 1.5167, 1.5333, 1.55, 1.5667, 1.5833, 1.6, 1.6167],
            "transform": [
                [1.0, 0.0, 1e-06, -0.0, -0.0, 0.957252, 0.289258, 0.37472, -1e-06, -0.289259, 0.95725, 0.0, 0.0, 0.0, 0.0, 1.0],
                [1.0, 0.0, 1e-06, -0.0, -0.0, 0.95253, 0.304447, 0.37472, -1e-06, -0.304447, 0.952529, -0.0, 0.0, 0.0, 0.0, 1.0],
                [1.0, -0.0, 1e-06, -0.0, -0.0, 0.938194, 0.346112, 0.37472, -1e-06, -0.346112, 0.938193, -0.0, 0.0, 0.0, 0.0, 1.0],
                [1.0, -0.0, 1e-06, -0.0, -0.0, 0.912776, 0.408461, 0.37472, -1e-06, -0.408462, 0.912775, 0.0, 0.0, 0.0, 0.0, 1.0],
                [1.0, -0.0, 1e-06, -0.0, -0.0, 0.874482, 0.485059, 0.37472, -1e-06, -0.485059, 0.874481, 0.0, 0.0, 0.0, 0.0, 1.0],
                [1.0, -0.0, 1e-06, -0.0, -0.0, 0.822788, 0.568349, 0.37472, -1e-06, -0.56835, 0.822787, 0.0, 0.0, 0.0, 0.0, 1.0],
                [1.0, -0.0, 1e-06, -0.0, -0.0, 0.75997, 0.649959, 0.37472, -1e-06, -0.64996, 0.759969, -0.0, 0.0, 0.0, 0.0, 1.0],
                [1.0, -0.0, 1e-06, 0.0, -0.0, 0.69209, 0.721811, 0.37472, -1e-06, -0.721812, 0.692089, -0.0, 0.0, 0.0, 0.0, 1.0],
                [1.0, -0.0, 1e-06, 0.0, -0.0, 0.628871, 0.77751, 0.37472, -1e-06, -0.777511, 0.62887, -0.0, 0.0, 0.0, 0.0, 1.0],
                [1.0, -0.0, 1e-06, 0.0, -0.0, 0.582293, 0.812979, 0.37472, -1e-06, -0.81298, 0.582292, 0.0, 0.0, 0.0, 0.0, 1.0],
                [1.0, -0.0, 1e-06, 0.0, -0.0, 0.564405, 0.825498, 0.37472, -1e-06, -0.825499, 0.564404, -0.0, 0.0, 0.0, 0.0, 1.0],
                [1.0, -0.0, 1e-06, 0.0, -0.0, 0.564405, 0.825498, 0.37472, -1e-06, -0.825499, 0.564404, -0.0, 0.0, 0.0, 0.0, 1.0],
                [1.0, -0.0, 1e-06, -0.0, -0.0, 0.564405, 0.825498, 0.37472, -1e-06, -0.825499, 0.564404, -0.0, 0.0, 0.0, 0.0, 1.0],
                [1.0, -0.0, 1e-06, -0.0, -0.0, 0.564405, 0.825498, 0.37472, -1e-06, -0.825499, 0.564404, -0.0, 0.0, 0.0, 0.0, 1.0],
                [1.0, -0.0, 1e-06, -0.0, -0.0, 0.564405, 0.825498, 0.37472, -1e-06, -0.825499, 0.564404, 0.0, 0.0, 0.0, 0.0, 1.0],
                [1.0, -0.0, 1e-06, 0.0, -0.0, 0.564405, 0.825498, 0.37472, -1e-06, -0.825499, 0.564404, -0.0, 0.0, 0.0, 0.0, 1.0],
                [1.0, -0.0, 1e-06, 0.0, -0.0, 0.583866, 0.81185, 0.37472, -1e-06, -0.811851, 0.583865, -0.0, 0.0, 0.0, 0.0, 1.0],
                [1.0, -0.0, 1e-06, 0.0, -0.0, 0.634478, 0.772941, 0.37472, -1e-06, -0.772942, 0.634477, 0.0, 0.0, 0.0, 0.0, 1.0],
                [1.0, -0.0, 1e-06, -0.0, -0.0, 0.7029, 0.711289, 0.37472, -1e-06, -0.71129, 0.702899, -0.0, 0.0, 0.0, 0.0, 1.0],
                [1.0, -0.0, 1e-06, 0.0, -0.0, 0.775705, 0.631096, 0.37472, -1e-06, -0.631097, 0.775704, -0.0, 0.0, 0.0, 0.0, 1.0],
                [1.0, -0.0, 1e-06, 0.0, -0.0, 0.841979, 0.539511, 0.37472, -1e-06, -0.539512, 0.841978, 0.0, 0.0, 0.0, 0.0, 1.0],
                [1.0, -0.0, 1e-06, 0.0, -0.0, 0.89511, 0.445847, 0.37472, -1e-06, -0.445847, 0.895108, -0.0, 0.0, 0.0, 0.0, 1.0],
                [1.0, -0.0, 1e-06, 0.0, -0.0, 0.933037, 0.359782, 0.37472, -1e-06, -0.359783, 0.933035, 0.0, 0.0, 0.0, 0.0, 1.0],
                [1.0, 0.0, 1e-06, 0.0, -0.0, 0.957054, 0.289911, 0.37472, -1e-06, -0.289911, 0.957053, 0.0, 0.0, 0.0, 0.0, 1.0],
                [1.0, 0.0, 1e-06, -0.0, -0.0, 0.969937, 0.243357, 0.37472, -1e-06, -0.243358, 0.969936, -0.0, 0.0, 0.0, 0.0, 1.0],
                [1.0, 0.0, 1e-06, 0.0, -0.0, 0.97403, 0.22642, 0.37472, -1e-06, -0.22642, 0.974029, -0.0, 0.0, 0.0, 0.0, 1.0],
                [1.0, 0.0, 1e-06, 0.0, -0.0, 0.97403, 0.22642, 0.37472, -1e-06, -0.22642, 0.974029, -0.0, 0.0, 0.0, 0.0, 1.0],
                [1.0, 0.0, 1e-06, 0.0, -0.0, 0.97403, 0.22642, 0.37472, -1e-06, -0.22642, 0.974029, -0.0, 0.0, 0.0, 0.0, 1.0],
                [1.0, 0.0, 1e-06, 0.0, -0.0, 0.97403, 0.22642, 0.37472, -1e-06, -0.22642, 0.974029, -0.0, 0.0, 0.0, 0.0, 1.0],
                [1.0, 0.0, 1e-06, 0.0, -0.0, 0.97403, 0.22642, 0.37472, -1e-06, -0.22642, 0.974029, -0.0, 0.0, 0.0, 0.0, 1.0],
                [1.0, 0.0, 1e-06, 0.0, -0.0, 0.97403, 0.22642, 0.37472, -1e-06, -0.22642, 0.974029, -0.0, 0.0, 0.0, 0.0, 1.0],
                [1.0, 0.0, 1e-06, 0.0, -0.0, 0.97403, 0.22642, 0.37472, -1e-06, -0.22642, 0.974029, -0.0, 0.0, 0.0, 0.0, 1.0],
                [1.0, 0.0, 1e-06, 0.0, -0.0, 0.97403, 0.22642, 0.37472, -1e-06, -0.22642, 0.974029, -0.0, 0.0, 0.0, 0.0, 1.0],
                [1.0, 0.0, 1e-06, 0.0, -0.0, 0.97403, 0.22642, 0.37472, -1e-06, -0.22642, 0.974029, -0.0, 0.0, 0.0, 0.0, 1.0],
                [1.0, 0.0, 1e-06, 0.0, -0.0, 0.97403, 0.22642, 0.37472, -1e-06, -0.22642, 0.974029, -0.0, 0.0, 0.0, 0.0, 1.0],
                [1.0, 0.0, 1e-06, 0.0, -0.0, 0.97403, 0.22642, 0.37472, -1e-06, -0.22642, 0.974029, -0.0, 0.0, 0.0, 0.0, 1.0],
                [1.0, 0.0, 1e-06, 0.0, -0.0, 0.97403, 0.22642, 0.37472, -1e-06, -0.22642, 0.974029, -0.0, 0.0, 0.0, 0.0, 1.0],
                [1.0, 0.0, 1e-06, 0.0, -0.0, 0.97403, 0.22642, 0.37472, -1e-06, -0.22642, 0.974029, -0.0, 0.0, 0.0, 0.0, 1.0],
                [1.0, 0.0, 1e-06, 0.0, -0.0, 0.97403, 0.22642, 0.37472, -1e-06, -0.22642, 0.974029, -0.0, 0.0, 0.0, 0.0, 1.0],
                [1.0, 0.0, 1e-06, 0.0, -0.0, 0.97403, 0.22642, 0.37472, -1e-06, -0.22642, 0.974029, -0.0, 0.0, 0.0, 0.0, 1.0],
                [1.0, 0.0, 1e-06, 0.0, -0.0, 0.97403, 0.22642, 0.37472, -1e-06, -0.22642, 0.974029, -0.0, 0.0, 0.0, 0.0, 1.0],
                [1.0, 0.0, 1e-06, -0.0, -0.0, 0.971858, 0.235572, 0.37472, -1e-06, -0.235573, 0.971856, -0.0, 0.0, 0.0, 0.0, 1.0],
                [1.0, 0.0, 1e-06, -0.0, -0.0, 0.965252, 0.261325, 0.37472, -1e-06, -0.261325, 0.96525, -0.0, 0.0, 0.0, 0.0, 1.0],
                [1.0, 0.0, 1e-06, 0.0, -0.0, 0.953606, 0.301061, 0.37472, -1e-06, -0.301061, 0.953604, -0.0, 0.0, 0.0, 0.0, 1.0],
                [1.0, -0.0, 1e-06, -0.0, -0.0, 0.936001, 0.351998, 0.37472, -1e-06, -0.351998, 0.936, 0.0, 0.0, 0.0, 0.0, 1.0],
                [1.0, -0.0, 1e-06, -0.0, -0.0, 0.911585, 0.411112, 0.37472, -1e-06, -0.411112, 0.911584, 0.0, 0.0, 0.0, 0.0, 1.0],
                [1.0, -0.0, 1e-06, 0.0, -0.0, 0.879905, 0.475151, 0.37472, -1e-06, -0.475152, 0.879903, 0.0, 0.0, 0.0, 0.0, 1.0],
                [1.0, -0.0, 1e-06, 0.0, -0.0, 0.84118, 0.540756, 0.37472, -1e-06, -0.540757, 0.841178, 0.0, 0.0, 0.0, 0.0, 1.0],
                [1.0, -0.0, 1e-06, -0.0, -0.0, 0.796471, 0.604678, 0.37472, -1e-06, -0.604679, 0.796469, 0.0, 0.0, 0.0, 0.0, 1.0],
                [1.0, -0.0, 1e-06, 0.0, -0.0, 0.747698, 0.664039, 0.37472, -1e-06, -0.66404, 0.747697, 0.0, 0.0, 0.0, 0.0, 1.0],
                [1.0, -0.0, 1e-06, 0.0, -0.0, 0.697522, 0.716564, 0.37472, -1e-06, -0.716565, 0.697521, -0.0, 0.0, 0.0, 0.0, 1.0],
                [1.0, -0.0, 1e-06, 0.0, -0.0, 0.649112, 0.760693, 0.37472, -1e-06, -0.760694, 0.649111, 0.0, 0.0, 0.0, 0.0, 1.0],
                [1.0, -0.0, 1e-06, -0.0, -0.0, 0.605872, 0.795562, 0.37472, -1e-06, -0.795563, 0.605871, -0.0, 0.0, 0.0, 0.0, 1.0],
                [1.0, -0.0, 1e-06, 0.0, -0.0, 0.571196, 0.820813, 0.37472, -1e-06, -0.820815, 0.571195, 0.0, 0.0, 0.0, 0.0, 1.0],
                [1.0, -0.0, 1e-06, 0.0, -0.0, 0.548292, 0.836287, 0.37472, -1e-06, -0.836288, 0.548291, 0.0, 0.0, 0.0, 0.0, 1.0],
                [1.0, -0.0, 1e-06, 0.0, -0.0, 0.540071, 0.841619, 0.37472, -1e-06, -0.84162, 0.540071, 0.0, 0.0, 0.0, 0.0, 1.0],
                [1.0, -1e-06, 1e-06, -0.0, -0.0, 0.543421, 0.83946, 0.37472, -1e-06, -0.839461, 0.54342, -0.0, 0.0, 0.0, 0.0, 1.0],
                [1.0, -0.0, 1e-06, -0.0, -0.0, 0.552942, 0.83322, 0.37472, -1e-06, -0.833221, 0.552941, 0.0, 0.0, 0.0, 0.0, 1.0],
                [1.0, -0.0, 1e-06, 0.0, -0.0, 0.567796, 0.823169, 0.37472, -1e-06, -0.82317, 0.567796, -0.0, 0.0, 0.0, 0.0, 1.0],
                [1.0, -0.0, 1e-06, -0.0, -0.0, 0.587099, 0.809515, 0.37472, -1e-06, -0.809516, 0.587098, 0.0, 0.0, 0.0, 0.0, 1.0],
                [1.0, -0.0, 1e-06, 0.0, -0.0, 0.609932, 0.792454, 0.37472, -1e-06, -0.792455, 0.609931, -0.0, 0.0, 0.0, 0.0, 1.0],
                [1.0, -0.0, 1e-06, -0.0, -0.0, 0.635363, 0.772213, 0.37472, -1e-06, -0.772214, 0.635362, -0.0, 0.0, 0.0, 0.0, 1.0],
                [1.0, -0.0, 1e-06, 0.0, -0.0, 0.662469, 0.74909, 0.37472, -1e-06, -0.749091, 0.662468, 0.0, 0.0, 0.0, 0.0, 1.0],
                [1.0, -0.0, 1e-06, 0.0, -0.0, 0.690353, 0.723472, 0.37472, -1e-06, -0.723473, 0.690352, 0.0, 0.0, 0.0, 0.0, 1.0],
                [1.0, -0.0, 1e-06, 0.0, -0.0, 0.718179, 0.695859, 0.37472, -1e-06, -0.69586, 0.718178, 0.0, 0.0, 0.0, 0.0, 1.0],
                [1.0, -0.0, 1e-06, -0.0, -0.0, 0.745185, 0.666858, 0.37472, -1e-06, -0.666859, 0.745184, -0.0, 0.0, 0.0, 0.0, 1.0],
                [1.0, -0.0, 1e-06, 0.0, -0.0, 0.770715, 0.637181, 0.37472, -1e-06, -0.637182, 0.770714, -0.0, 0.0, 0.0, 0.0, 1.0],
