{
    "animation": [
        {
            "name": "Root",
            "time": [0.0, 0.0167, 0.0333, 0.05, 0.0667, 0.0833, 0.1, 0.1167, 0.1333, 0.15, 0.1667, 0.1833, 0.2, 0.2167, 0.2333, 0.25, 0.2667, 0.2833, 0.3, 0.3167, 0.3333, 0.35, 0.3667, 0.3833, 0.4, 0.4167, 0.4333, 0.45, 0.4667, 0.4833, 0.5, 0.5167, 0.5333, 0.55, 0.5667, 0.5833, 0.6, 0.6167, 0.6333, 0.65, 0.6667, 0.6833, 0.7, 0.7167, 0.7333, 0.75, 0.7667, 0.7833, 0.8, 0.8167, 0.8333, 0.85, 0.8667, 0.8833, 0.9, 0.9167, 0.9333, 0.95, 0.9667, 0.9833, 1.0, 1.0167, 1.0333, 1.05, 1.0667, 1.0833, 1.1, 1.1167, 1.1333, 1.15, 1.1667, 1.1833, 1.2, 1.2167, 1.2333, 1.25, 1.2667, 1.2833, 1.3, 1.3167, 1.3333, 1.35, 1.3667, 1.3833, 1.4, 1.4167, 1.4333, 1.45, 1.4667, 1.4833, 1.5, 1.5167, 1.5333, 1.55, 1.5667, 1.5833, 1.6, 1.6167, 1.6333, 1.65, 1.6667, 1.6833, 1.7, 1.7167, 1.7333, 1.75, 1.7667, 1.7833, 1.8, 1.8167, 1.8333, 1.85, 1.8667, 1.8833, 1.9, 1.9167, 1.9333, 1.95, 1.9667, 1.9833, 2.0, 2.0167, 2.0333, 2.05, 2.0667, 2.0833, 2.1, 2.1167, 2.1333, 2.15, 2.1667, 2.1833, 2.2, 2.2167, 2.2333, 2.25],
            "transform": [
                [0.796925, 0.0, -0.604078, -5e-06, -0.604078, 0.0, -0.796925, 0.000946, 0.0, 1.0, 0.0, 0.588303, 0.0, 0.0, 0.0, 1.0],
                [0.796925, 0.0, -0.604078, -5e-06, -0.604078, 0.0, -0.796925, 0.002942, 0.0, 1.0, 0.0, 0.589483, 0.0, 0.0, 0.0, 1.0],
                [0.796925, 0.0, -0.604078, -5e-06, -0.604078, 0.0, -0.796925, 0.008621, 0.0, 1.0, 0.0, 0.592803, 0.0, 0.0, 0.0, 1.0],
                [0.796925, 0.0, -0.604078, -5e-06, -0.604078, 0.0, -0.796925, 0.017524, 0.0, 1.0, 0.0, 0.597934, 0.0, 0.0, 0.0, 1.0],
                [0.796925, 0.0, -0.604078, -5e-06, -0.604078, 0.0, -0.796925, 0.02919, 0.0, 1.0, 0.0, 0.604547, 0.0, 0.0, 0.0, 1.0],
                [0.796925, 0.0, -0.604078, -5e-06, -0.604078, 0.0, -0.796925, 0.043159, 0.0, 1.0, 0.0, 0.612312, 0.0, 0.0, 0.0, 1.0],
                [0.796925, 0.0, -0.604078, -5e-06, -0.604078, 0.0, -0.796925, 0.058969, 0.0, 1.0, 0.0, 0.620901, 0.0, 0.0, 0.0, 1.0],
                [0.796925, 0.0, -0.604078, -5e-06, -0.604078, 0.0, -0.796925, 0.076161, 0.0, 1.0, 0.0, 0.629983, 0.0, 0.0, 0.0, 1.0],
                [0.796925, 0.0, -0.604078, -5e-06, -0.604078, 0.0, -0.796925, 0.094274, 0.0, 1.0, 0.0, 0.63923, 0.0, 0.0, 0.0, 1.0],
                [0.796925, 0.0, -0.604078, -5e-06, -0.604078, 0.0, -0.796925, 0.112847, 0.0, 1.0, 0.0, 0.648313, 0.0, 0.0, 0.0, 1.0],
                [0.796925, 0.0, -0.604078, -5e-06, -0.604078, 0.0, -0.796925, 0.13142, 0.0, 1.0, 0.0, 0.656901, 0.0, 0.0, 0.0, 1.0],
                [0.796925, 0.0, -0.604078, -5e-06, -0.604078, 0.0, -0.796925, 0.149533, 0.0, 1.0, 0.0, 0.664666, 0.0, 0.0, 0.0, 1.0],
                [0.796925, 0.0, -0.604078, -5e-06, -0.604078, 0.0, -0.796925, 0.166725, 0.0, 1.0, 0.0, 0.671279, 0.0, 0.0, 0.0, 1.0],
                [0.796925, 0.0, -0.604078, -5e-06, -0.604078, 0.0, -0.796925, 0.182535, 0.0, 1.0, 0.0, 0.67641, 0.0, 0.0, 0.0, 1.0],
                [0.796925, 0.0, -0.604078, -5e-06, -0.604078, 0.0, -0.796925, 0.196504, 0.0, 1.0, 0.0, 0.679731, 0.0, 0.0, 0.0, 1.0],
                [0.796925, 0.0, -0.604078, -5e-06, -0.604078, 0.0, -0.796925, 0.20817, 0.0, 1.0, 0.0, 0.680911, 0.0, 0.0, 0.0, 1.0],
                [0.797289, 0.0, -0.603598, -5e-06, -0.603598, 0.0, -0.797289, 0.217305, 0.0, 1.0, 0.0, 0.680911, 0.0, 0.0, 0.0, 1.0],
                [0.798758, 0.0, -0.601653, -5e-06, -0.601653, 0.0, -0.798758, 0.224613, 0.0, 1.0, 0.0, 0.680911, 0.0, 0.0, 0.0, 1.0],
                [0.801883, 0.0, -0.597481, -5e-06, -0.597481, 0.0, -0.801883, 0.231029, 0.0, 1.0, 0.0, 0.680911, 0.0, 0.0, 0.0, 1.0],
                [0.807177, 0.0, -0.590309, -5e-06, -0.590309, 0.0, -0.807177, 0.237488, 0.0, 1.0, 0.0, 0.680911, 0.0, 0.0, 0.0, 1.0],
                [0.815095, 0.0, -0.579327, -5e-06, -0.579327, 0.0, -0.815095, 0.244925, 0.0, 1.0, 0.0, 0.680911, 0.0, 0.0, 0.0, 1.0],
                [0.826009, 0.0, -0.563657, -5e-06, -0.563657, 0.0, -0.826009, 0.254276, 0.0, 1.0, 0.0, 0.680911, 0.0, 0.0, 0.0, 1.0],
                [0.84017, 0.0, -0.542323, -5e-06, -0.542323, 0.0, -0.84017, 0.266476, 0.0, 1.0, 0.0, 0.680911, 0.0, 0.0, 0.0, 1.0],
                [0.857666, 0.0, -0.514208, -5e-06, -0.514208, 0.0, -0.857666, 0.282461, 0.0, 1.0, 0.0, 0.680911, 0.0, 0.0, 0.0, 1.0],
                [0.878348, 0.0, -0.478022, -5e-06, -0.478022, 0.0, -0.878348, 0.303166, 0.0, 1.0, 0.0, 0.680911, 0.0, 0.0, 0.0, 1.0],
                [0.90174, 0.0, -0.432278, -5e-06, -0.432278, 0.0, -0.90174, 0.329526, 0.0, 1.0, 0.0, 0.680911, 0.0, 0.0, 0.0, 1.0],
                [0.926906, 0.0, -0.375293, -5e-06, -0.375293, 0.0, -0.926906, 0.362476, 0.0, 1.0, 0.0, 0.680911, 0.0, 0.0, 0.0, 1.0],
                [0.952277, 0.0, -0.305236, -5e-06, -0.305236, 0.0, -0.952277, 0.402952, 0.0, 1.0, 0.0, 0.680911, 0.0, 0.0, 0.0, 1.0],
                [0.97544, 0.0, -0.220267, -5e-06, -0.220267, 0.0, -0.97544, 0.45189, 0.0, 1.0, 0.0, 0.680911, 0.0, 0.0, 0.0, 1.0],
                [0.992917, 0.0, -0.118808, -5e-06, -0.118808, 0.0, -0.992917, 0.510225, 0.0, 1.0, 0.0, 0.680911, 0.0, 0.0, 0.0, 1.0],
                [1.0, 0.0, 0.0, -5e-06, 0.0, 0.0, -1.0, 0.578891, 0.0, 1.0, 0.0, 0.680911, 0.0, 0.0, 0.0, 1.0],
                [0.989338, 0.0, 0.145635, -5e-06, 0.145635, 0.0, -0.989338, 0.673947, 0.0, 1.0, 0.0, 0.671669, 0.0, 0.0, 0.0, 1.0],
                [0.950653, 0.0, 0.310255, -5e-06, 0.310255, 0.0, -0.950653, 0.802443, 0.0, 1.0, 0.0, 0.649632, 0.0, 0.0, 0.0, 1.0],
                [0.884574, 0.0, 0.466401, -5e-06, 0.466401, 0.0, -0.884574, 0.951804, 0.0, 1.0, 0.0, 0.623329, 0.0, 0.0, 0.0, 1.0],
                [0.806717, 0.0, 0.590938, -5e-06, 0.590938, 0.0, -0.806717, 1.109452, 0.0, 1.0, 0.0, 0.601292, 0.0, 0.0, 0.0, 1.0],
                [0.74225, 0.0, 0.670124, -5e-06, 0.670124, 0.0, -0.74225, 1.262813, 0.0, 1.0, 0.0, 0.59205, 0.0, 0.0, 0.0, 1.0],
                [0.695329, 0.0, 0.718692, -5e-06, 0.718692, 0.0, -0.695329, 1.401606, 0.0, 1.0, 0.0, 0.593496, 0.0, 0.0, 0.0, 1.0],
                [0.652686, 0.0, 0.757628, -5e-06, 0.757628, 0.0, -0.652686, 1.524724, 0.0, 1.0, 0.0, 0.597566, 0.0, 0.0, 0.0, 1.0],
                [0.615057, 0.0, 0.788483, -5e-06, 0.788483, 0.0, -0.615057, 1.633359, 0.0, 1.0, 0.0, 0.603856, 0.0, 0.0, 0.0, 1.0],
                [0.582723, 0.0, 0.812671, -5e-06, 0.812671, 0.0, -0.582723, 1.728698, 0.0, 1.0, 0.0, 0.611962, 0.0, 0.0, 0.0, 1.0],
                [0.555627, 0.0, 0.831432, -5e-06, 0.831432, 0.0, -0.555627, 1.811932, 0.0, 1.0, 0.0, 0.621481, 0.0, 0.0, 0.0, 1.0],
                [0.533469, 0.0, 0.84582, -5e-06, 0.84582, 0.0, -0.533469, 1.884249, 0.0, 1.0, 0.0, 0.632009, 0.0, 0.0, 0.0, 1.0],
                [0.515778, 0.0, 0.856722, -5e-06, 0.856722, 0.0, -0.515778, 1.946839, 0.0, 1.0, 0.0, 0.643143, 0.0, 0.0, 0.0, 1.0],
                [0.501968, 0.0, 0.864886, -5e-06, 0.864886, 0.0, -0.501968, 2.000892, 0.0, 1.0, 0.0, 0.654478, 0.0, 0.0, 0.0, 1.0],
                [0.491375, 0.0, 0.870948, -5e-06, 0.870948, 0.0, -0.491375, 2.047597, 0.0, 1.0, 0.0, 0.665611, 0.0, 0.0, 0.0, 1.0],
                [0.48329, 0.0, 0.87546, -5e-06, 0.87546, 0.0, -0.48329, 2.088142, 0.0, 1.0, 0.0, 0.676139, 0.0, 0.0, 0.0, 1.0],
                [0.47697, 0.0, 0.87892, -5e-06, 0.87892, 0.0, -0.47697, 2.123717, 0.0, 1.0, 0.0, 0.685658, 0.0, 0.0, 0.0, 1.0],
                [0.471654, 0.0, 0.881784, -5e-06, 0.881784, 0.0, -0.471654, 2.155512, 0.0, 1.0, 0.0, 0.693764, 0.0, 0.0, 0.0, 1.0],
                [0.466569, 0.0, 0.884485, -5e-06, 0.884485, 0.0, -0.466569, 2.184716, 0.0, 1.0, 0.0, 0.700054, 0.0, 0.0, 0.0, 1.0],
                [0.460933, 0.0, 0.887435, -5e-06, 0.887435, 0.0, -0.460933, 2.212519, 0.0, 1.0, 0.0, 0.704124, 0.0, 0.0, 0.0, 1.0],
                [0.453953, 0.0, 0.891026, -5e-06, 0.891026, 0.0, -0.453953, 2.240109, 0.0, 1.0, 0.0, 0.70557, 0.0, 0.0, 0.0, 1.0],
                [0.44505, 0.0, 0.895506, -5e-06, 0.895506, 0.0, -0.44505, 2.268353, 0.0, 1.0, 0.0, 0.70557, 0.0, 0.0, 0.0, 1.0],
                [0.434555, 0.0, 0.900645, -5e-06, 0.900645, 0.0, -0.434555, 2.29682, 0.0, 1.0, 0.0, 0.70557, 0.0, 0.0, 0.0, 1.0],
                [0.423031, 0.0, 0.906115, -5e-06, 0.906115, 0.0, -0.423031, 2.324758, 0.0, 1.0, 0.0, 0.70557, 0.0, 0.0, 0.0, 1.0],
                [0.411059, 0.0, 0.911609, -5e-06, 0.911609, 0.0, -0.411059, 2.351414, 0.0, 1.0, 0.0, 0.70557, 0.0, 0.0, 0.0, 1.0],
                [0.399233, 0.0, 0.916849, -5e-06, 0.916849, 0.0, -0.399233, 2.376036, 0.0, 1.0, 0.0, 0.70557, 0.0, 0.0, 0.0, 1.0],
                [0.388161, 0.0, 0.921592, -5e-06, 0.921592, 0.0, -0.388161, 2.397869, 0.0, 1.0, 0.0, 0.70557, 0.0, 0.0, 0.0, 1.0],
                [0.378461, 0.0, 0.925617, -5e-06, 0.925617, 0.0, -0.378461, 2.416161, 0.0, 1.0, 0.0, 0.70557, 0.0, 0.0, 0.0, 1.0],
                [0.370759, 0.0, 0.928729, -5e-06, 0.928729, 0.0, -0.370759, 2.430159, 0.0, 1.0, 0.0, 0.70557, 0.0, 0.0, 0.0, 1.0],
                [0.365681, 0.0, 0.93074, -5e-06, 0.93074, 0.0, -0.365681, 2.43911, 0.0, 1.0, 0.0, 0.70557, 0.0, 0.0, 0.0, 1.0],
                [0.36385, 0.0, 0.931458, -5e-06, 0.931458, 0.0, -0.36385, 2.442261, 0.0, 1.0, 0.0, 0.70557, 0.0, 0.0, 0.0, 1.0],
                [0.36385, 0.0, 0.931458, -5e-06, 0.931458, 0.0, -0.36385, 2.442261, 0.0, 1.0, 0.0, 0.70557, 0.0, 0.0, 0.0, 1.0],
                [0.36385, 0.0, 0.931458, -5e-06, 0.931458, 0.0, -0.36385, 2.442261, 0.0, 1.0, 0.0, 0.70557, 0.0, 0.0, 0.0, 1.0],
                [0.36385, 0.0, 0.931458, -5e-06, 0.931458, 0.0, -0.36385, 2.442261, 0.0, 1.0, 0.0, 0.70557, 0.0, 0.0, 0.0, 1.0],
                [0.36385, 0.0, 0.931458, -5e-06, 0.931458, 0.0, -0.36385, 2.442261, 0.0, 1.0, 0.0, 0.70557, 0.0, 0.0, 0.0, 1.0],
                [0.36385, 0.0, 0.931458, -5e-06, 0.931458, 0.0, -0.36385, 2.442261, 0.0, 1.0, 0.0, 0.70557, 0.0, 0.0, 0.0, 1.0],
                [0.36385, 0.0, 0.931458, -5e-06, 0.931458, 0.0, -0.36385, 2.442261, 0.0, 1.0, 0.0, 0.70557, 0.0, 0.0, 0.0, 1.0],
                [0.36385, 0.0, 0.931458, -5e-06, 0.931458, 0.0, -0.36385, 2.442261, 0.0, 1.0, 0.0, 0.70557, 0.0, 0.0, 0.0, 1.0],
                [0.36385, 0.0, 0.931458, -5e-06, 0.931458, 0.0, -0.36385, 2.442261, 0.0, 1.0, 0.0, 0.70557, 0.0, 0.0, 0.0, 1.0],
                [0.36385, 0.0, 0.931458, -5e-06, 0.931458, 0.0, -0.36385, 2.442261, 0.0, 1.0, 0.0, 0.70557, 0.0, 0.0, 0.0, 1.0],
                [0.36385, 0.0, 0.931458, -5e-06, 0.931458, 0.0, -0.36385, 2.442261, 0.0, 1.0, 0.0, 0.70557, 0.0, 0.0, 0.0, 1.0],
                [0.36385, 0.0, 0.931458, -5e-06, 0.931458, 0.0, -0.36385, 2.442261, 0.0, 1.0, 0.0, 0.70557, 0.0, 0.0, 0.0, 1.0],
                [0.36385, 0.0, 0.931458, -5e-06, 0.931458, 0.0, -0.36385, 2.442261, 0.0, 1.0, 0.0, 0.70557, 0.0, 0.0, 0.0, 1.0],
                [0.36385, 0.0, 0.931458, -5e-06, 0.931458, 0.0, -0.36385, 2.442261, 0.0, 1.0, 0.0, 0.70557, 0.0, 0.0, 0.0, 1.0],
                [0.36385, 0.0, 0.931458, -5e-06, 0.931458, 0.0, -0.36385, 2.442261, 0.0, 1.0, 0.0, 0.70557, 0.0, 0.0, 0.0, 1.0],
                [0.36385, 0.0, 0.931458, -5e-06, 0.931458, 0.0, -0.36385, 2.442261, 0.0, 1.0, 0.0, 0.70557, 0.0, 0.0, 0.0, 1.0],
                [0.362525, 0.0, 0.931974, -5e-06, 0.931974, 0.0, -0.362525, 2.442261, 0.0, 1.0, 0.0, 0.70557, 0.0, 0.0, 0.0, 1.0],
                [0.358687, 0.0, 0.933458, -5e-06, 0.933458, 0.0, -0.358687, 2.442261, 0.0, 1.0, 0.0, 0.70557, 0.0, 0.0, 0.0, 1.0],
                [0.352543, 0.0, 0.935796, -5e-06, 0.935796, 0.0, -0.352543, 2.442261, 0.0, 1.0, 0.0, 0.70557, 0.0, 0.0, 0.0, 1.0],
                [0.344292, 0.0, 0.938863, -5e-06, 0.938863, 0.0, -0.344292, 2.442261, 0.0, 1.0, 0.0, 0.70557, 0.0, 0.0, 0.0, 1.0],
                [0.334132, 0.0, 0.942526, -5e-06, 0.942526, 0.0, -0.334132, 2.442261, 0.0, 1.0, 0.0, 0.70557, 0.0, 0.0, 0.0, 1.0],
                [0.322261, 0.0, 0.946651, -5e-06, 0.946651, 0.0, -0.322261, 2.442261, 0.0, 1.0, 0.0, 0.70557, 0.0, 0.0, 0.0, 1.0],
                [0.30888, 0.0, 0.951101, -5e-06, 0.951101, 0.0, -0.30888, 2.442261, 0.0, 1.0, 0.0, 0.70557, 0.0, 0.0, 0.0, 1.0],
                [0.294194, 0.0, 0.955746, -5e-06, 0.955746, 0.0, -0.294194, 2.442261, 0.0, 1.0, 0.0, 0.70557, 0.0, 0.0, 0.0, 1.0],
                [0.278413, 0.0, 0.960461, -5e-06, 0.960461, 0.0, -0.278413, 2.442261, 0.0, 1.0, 0.0, 0.70557, 0.0, 0.0, 0.0, 1.0],
                [0.261754, 0.0, 0.965135, -5e-06, 0.965135, 0.0, -0.261754, 2.442261, 0.0, 1.0, 0.0, 0.70557, 0.0, 0.0, 0.0, 1.0],
                [0.24444, 0.0, 0.969664, -5e-06, 0.969664, 0.0, -0.24444, 2.442261, 0.0, 1.0, 0.0, 0.70557, 0.0, 0.0, 0.0, 1.0],
                [0.2267, 0.0, 0.973964, -5e-06, 0.973964, 0.0, -0.2267, 2.442261, 0.0, 1.0, 0.0, 0.70557, 0.0, 0.0, 0.0, 1.0],
                [0.208767, 0.0, 0.977965, -5e-06, 0.977965, 0.0, -0.208767, 2.442261, 0.0, 1.0, 0.0, 0.70557, 0.0, 0.0, 0.0, 1.0],
                [0.190882, 0.0, 0.981613, -5e-06, 0.981613, 0.0, -0.190882, 2.442261, 0.0, 1.0, 0.0, 0.70557, 0.0, 0.0, 0.0, 1.0],
                [0.173284, 0.0, 0.984872, -5e-06, 0.984872, 0.0, -0.173284, 2.442261, 0.0, 1.0, 0.0, 0.70557, 0.0, 0.0, 0.0, 1.0],
                [0.156219, 0.0, 0.987722, -5e-06, 0.987722, 0.0, -0.156219, 2.442261, 0.0, 1.0, 0.0, 0.70557, 0.0, 0.0, 0.0, 1.0],
                [0.13993, 0.0, 0.990162, -5e-06, 0.990162, 0.0, -0.13993, 2.442261, 0.0, 1.0, 0.0, 0.70557, 0.0, 0.0, 0.0, 1.0],
                [0.124663, 0.0, 0.992199, -5e-06, 0.992199, 0.0, -0.124663, 2.442261, 0.0, 1.0, 0.0, 0.70557, 0.0, 0.0, 0.0, 1.0],
                [0.110659, 0.0, 0.993858, -5e-06, 0.993858, 0.0, -0.110659, 2.442261, 0.0, 1.0, 0.0, 0.70557, 0.0, 0.0, 0.0, 1.0],
                [0.098161, 0.0, 0.995171, -5e-06, 0.995171, 0.0, -0.098161, 2.442261, 0.0, 1.0, 0.0, 0.70557, 0.0, 0.0, 0.0, 1.0],
                [0.087407, 0.0, 0.996173, -5e-06, 0.996173, 0.0, -0.087407, 2.442261, 0.0, 1.0, 0.0, 0.70557, 0.0, 0.0, 0.0, 1.0],
                [0.078635, 0.0, 0.996904, -5e-06, 0.996904, 0.0, -0.078635, 2.442261, 0.0, 1.0, 0.0, 0.70557, 0.0, 0.0, 0.0, 1.0],
                [0.07208, 0.0, 0.997399, -5e-06, 0.997399, 0.0, -0.07208, 2.442261, 0.0, 1.0, 0.0, 0.70557, 0.0, 0.0, 0.0, 1.0],
                [0.067975, 0.0, 0.997687, -5e-06, 0.997687, 0.0, -0.067975, 2.442261, 0.0, 1.0, 0.0, 0.70557, 0.0, 0.0, 0.0, 1.0],
                [0.066555, 0.0, 0.997783, -5e-06, 0.997783, 0.0, -0.066555, 2.442261, 0.0, 1.0, 0.0, 0.70557, 0.0, 0.0, 0.0, 1.0],
                [0.070735, 0.0, 0.997495, -5e-06, 0.997495, 0.0, -0.070735, 2.443254, 0.0, 1.0, 0.0, 0.705558, 0.0, 0.0, 0.0, 1.0],
                [0.082986, 0.0, 0.996551, -5e-06, 0.996551, 0.0, -0.082986, 2.446151, 0.0, 1.0, 0.0, 0.705523, 0.0, 0.0, 0.0, 1.0],
                [0.102925, 0.0, 0.994689, -5e-06, 0.994689, 0.0, -0.102925, 2.450835, 0.0, 1.0, 0.0, 0.705466, 0.0, 0.0, 0.0, 1.0],
                [0.130215, 0.0, 0.991486, -5e-06, 0.991486, 0.0, -0.130215, 2.457185, 0.0, 1.0, 0.0, 0.705389, 0.0, 0.0, 0.0, 1.0],
                [0.164527, 0.0, 0.986373, -5e-06, 0.986373, 0.0, -0.164527, 2.465083, 0.0, 1.0, 0.0, 0.705294, 0.0, 0.0, 0.0, 1.0],
                [0.205502, 0.0, 0.978657, -5e-06, 0.978657, 0.0, -0.205502, 2.474411, 0.0, 1.0, 0.0, 0.705181, 0.0, 0.0, 0.0, 1.0],
                [0.252705, 0.0, 0.967543, -5e-06, 0.967543, 0.0, -0.252705, 2.485048, 0.0, 1.0, 0.0, 0.705052, 0.0, 0.0, 0.0, 1.0],
                [0.305585, 0.0, 0.952165, -5e-06, 0.952165, 0.0, -0.305585, 2.496876, 0.0, 1.0, 0.0, 0.704908, 0.0, 0.0, 0.0, 1.0],
                [0.363436, 0.0, 0.931619, -5e-06, 0.931619, 0.0, -0.363436, 2.509775, 0.0, 1.0, 0.0, 0.704752, 0.0, 0.0, 0.0, 1.0],
                [0.425355, 0.0, 0.905027, -5e-06, 0.905027, 0.0, -0.425355, 2.523627, 0.0, 1.0, 0.0, 0.704584, 0.0, 0.0, 0.0, 1.0],
                [0.490232, 0.0, 0.871592, -5e-06, 0.871592, 0.0, -0.490232, 2.538312, 0.0, 1.0, 0.0, 0.704406, 0.0, 0.0, 0.0, 1.0],
                [0.556741, 0.0, 0.830686, -5e-06, 0.830686, 0.0, -0.556741, 2.553712, 0.0, 1.0, 0.0, 0.704219, 0.0, 0.0, 0.0, 1.0],
                [0.623376, 0.0, 0.781923, -5e-06, 0.781923, 0.0, -0.623376, 2.569708, 0.0, 1.0, 0.0, 0.704025, 0.0, 0.0, 0.0, 1.0],
                [0.688499, 0.0, 0.725237, -5e-06, 0.725237, 0.0, -0.688499, 2.586179, 0.0, 1.0, 0.0, 0.703826, 0.0, 0.0, 0.0, 1.0],
                [0.750437, 0.0, 0.660942, -5e-06, 0.660942, 0.0, -0.750437, 2.603008, 0.0, 1.0, 0.0, 0.703622, 0.0, 0.0, 0.0, 1.0],
                [0.807586, 0.0, 0.58975, -5e-06, 0.58975, 0.0, -0.807586, 2.620075, 0.0, 1.0, 0.0, 0.703415, 0.0, 0.0, 0.0, 1.0],
                [0.858531, 0.0, 0.512761, -5e-06, 0.512761, 0.0, -0.858531, 2.637261, 0.0, 1.0, 0.0, 0.703206, 0.0, 0.0, 0.0, 1.0],
                [0.902159, 0.0, 0.431403, -5e-06, 0.431403, 0.0, -0.902159, 2.654447, 0.0, 1.0, 0.0, 0.702998, 0.0, 0.0, 0.0, 1.0],
                [0.937743, 0.0, 0.347331, -5e-06, 0.347331, 0.0, -0.937743, 2.671514, 0.0, 1.0, 0.0, 0.702791, 0.0, 0.0, 0.0, 1.0],
                [0.964983, 0.0, 0.262312, -5e-06, 0.262312, 0.0, -0.964983, 2.688343, 0.0, 1.0, 0.0, 0.702587, 0.0, 0.0, 0.0, 1.0],
                [0.984013, 0.0, 0.178097, -5e-06, 0.178097, 0.0, -0.984013, 2.704814, 0.0, 1.0, 0.0, 0.702387, 0.0, 0.0, 0.0, 1.0],
                [0.995352, 0.0, 0.096308, -5e-06, 0.096308, 0.0, -0.995352, 2.72081, 0.0, 1.0, 0.0, 0.702194, 0.0, 0.0, 0.0, 1.0],
                [0.999832, 0.0, 0.018354, -5e-06, 0.018354, 0.0, -0.999832, 2.73621, 0.0, 1.0, 0.0, 0.702007, 0.0, 0.0, 0.0, 1.0],
                [0.998507, 0.0, -0.054619, -5e-06, -0.054619, 0.0, -0.998507, 2.750896, 0.0, 1.0, 0.0, 0.701829, 0.0, 0.0, 0.0, 1.0],
                [0.992561, 0.0, -0.121745, -5e-06, -0.121745, 0.0, -0.992561, 2.764747, 0.0, 1.0, 0.0, 0.701661, 0.0, 0.0, 0.0, 1.0],
                [0.983221, 0.0, -0.18242, -5e-06, -0.18242, 0.0, -0.983221, 2.777647, 0.0, 1.0, 0.0, 0.701505, 0.0, 0.0, 0.0, 1.0],
                [0.971687, 0.0, -0.236271, -5e-06, -0.236271, 0.0, -0.971687, 2.789474, 0.0, 1.0, 0.0, 0.701361, 0.0, 0.0, 0.0, 1.0],
                [0.959091, 0.0, -0.2831, -5e-06, -0.2831, 0.0, -0.959091, 2.800112, 0.0, 1.0, 0.0, 0.701232, 0.0, 0.0, 0.0, 1.0],
                [0.946456, 0.0, -0.322833, -5e-06, -0.322833, 0.0, -0.946456, 2.809439, 0.0, 1.0, 0.0, 0.701119, 0.0, 0.0, 0.0, 1.0],
                [0.934689, 0.0, -0.355468, -5e-06, -0.355468, 0.0, -0.934689, 2.817338, 0.0, 1.0, 0.0, 0.701023, 0.0, 0.0, 0.0, 1.0],
                [0.924569, 0.0, -0.381014, -5e-06, -0.381014, 0.0, -0.924569, 2.823688, 0.0, 1.0, 0.0, 0.700946, 0.0, 0.0, 0.0, 1.0],
                [0.916754, 0.0, -0.399452, -5e-06, -0.399452, 0.0, -0.916754, 2.828372, 0.0, 1.0, 0.0, 0.70089, 0.0, 0.0, 0.0, 1.0],
                [0.911777, 0.0, -0.410686, -5e-06, -0.410686, 0.0, -0.911777, 2.831269, 0.0, 1.0, 0.0, 0.700855, 0.0, 0.0, 0.0, 1.0],
                [0.910048, 0.0, -0.414502, -5e-06, -0.414502, 0.0, -0.910048, 2.832261, 0.0, 1.0, 0.0, 0.700842, 0.0, 0.0, 0.0, 1.0],
                [0.910048, 0.0, -0.414502, -5e-06, -0.414502, 0.0, -0.910048, 2.832261, 0.0, 1.0, 0.0, 0.700842, 0.0, 0.0, 0.0, 1.0]
            ]
        },
        {
            "name": "Thigh_R",
            "time": [0.0, 0.0167, 0.0333, 0.05, 0.0667, 0.0833, 0.1, 0.1167, 0.1333, 0.15, 0.1667, 0.1833, 0.2, 0.2167, 0.2333, 0.25, 0.2667, 0.2833, 0.3, 0.3167, 0.3333, 0.35, 0.3667, 0.3833, 0.4, 0.4167, 0.4333, 0.45, 0.4667, 0.4833, 0.5, 0.5167, 0.5333, 0.55, 0.5667, 0.5833, 0.6, 0.6167, 0.6333, 0.65, 0.6667, 0.6833, 0.7, 0.7167, 0.7333, 0.75, 0.7667, 0.7833, 0.8, 0.8167, 0.8333, 0.85, 0.8667, 0.8833, 0.9, 0.9167, 0.9333, 0.95, 0.9667, 0.9833, 1.0, 1.0167, 1.0333, 1.05, 1.0667, 1.0833, 1.1, 1.1167, 1.1333, 1.15, 1.1667, 1.1833, 1.2, 1.2167, 1.2333, 1.25, 1.2667, 1.2833, 1.3, 1.3167, 1.3333, 1.35, 1.3667, 1.3833, 1.4, 1.4167, 1.4333, 1.45, 1.4667, 1.4833, 1.5, 1.5167, 1.5333, 1.55, 1.5667, 1.5833, 1.6, 1.6167, 1.6333, 1.65, 1.6667, 1.6833, 1.7, 1.7167, 1.7333, 1.75, 1.7667, 1.7833, 1.8, 1.8167, 1.8333, 1.85, 1.8667, 1.8833, 1.9, 1.9167, 1.9333, 1.95, 1.9667, 1.9833, 2.0, 2.0167, 2.0333, 2.05, 2.0667, 2.0833, 2.1, 2.1167, 2.1333, 2.15, 2.1667, 2.1833, 2.2, 2.2167, 2.2333, 2.25],
            "transform": [
                [0.887612, 0.452406, 0.086448, 0.124994, 0.438996, -0.774159, -0.456023, -0.002831, -0.139384, 0.442721, -0.885759, -1.2e-05, 0.0, 0.0, 0.0, 1.0],
                [0.887693, 0.452635, 0.084386, 0.124994, 0.438543, -0.775324, -0.454478, -0.002831, -0.140287, 0.440443, -0.886752, -1.2e-05, 0.0, 0.0, 0.0, 1.0],
                [0.88791, 0.453258, 0.078565, 0.124994, 0.437286, -0.778609, -0.450052, -0.002831, -0.142818, 0.433961, -0.88954, -1.2e-05, 0.0, 0.0, 0.0, 1.0],
                [0.888208, 0.454148, 0.069529, 0.124994, 0.435384, -0.783679, -0.443041, -0.002831, -0.146719, 0.423784, -0.893801, -1.2e-05, 0.0, 0.0, 0.0, 1.0],
                [0.88853, 0.45516, 0.057818, 0.124994, 0.433004, -0.79018, -0.433728, -0.002831, -0.15173, 0.410415, -0.899187, -1.2e-05, 0.0, 0.0, 0.0, 1.0],
                [0.888817, 0.456145, 0.043979, 0.124994, 0.430312, -0.797752, -0.422399, -0.002831, -0.157592, 0.39436, -0.905342, -1.2e-05, 0.0, 0.0, 0.0, 1.0],
                [0.889021, 0.456972, 0.028563, 0.124994, 0.427471, -0.806038, -0.409351, -0.002831, -0.164039, 0.376132, -0.91193, -1.2e-05, 0.0, 0.0, 0.0, 1.0],
                [0.889108, 0.457535, 0.012129, 0.124994, 0.424634, -0.814699, -0.394903, -0.002831, -0.170801, 0.356261, -0.918643, -1.2e-05, 0.0, 0.0, 0.0, 1.0],
                [0.889058, 0.457768, -0.004762, 0.124994, 0.421941, -0.823421, -0.379396, -0.002831, -0.177597, 0.335295, -0.925222, -1.2e-05, 0.0, 0.0, 0.0, 1.0],
                [0.888872, 0.457647, -0.021546, 0.124994, 0.419521, -0.831917, -0.363198, -0.002831, -0.184141, 0.313797, -0.931463, -1.2e-05, 0.0, 0.0, 0.0, 1.0],
                [0.888568, 0.457194, -0.03766, 0.124994, 0.417483, -0.839943, -0.346701, -0.002831, -0.190143, 0.292345, -0.93722, -1.2e-05, 0.0, 0.0, 0.0, 1.0],
                [0.88818, 0.456478, -0.052549, 0.124994, 0.415921, -0.847289, -0.330315, -0.002831, -0.195306, 0.271523, -0.942407, -1.2e-05, 0.0, 0.0, 0.0, 1.0],
                [0.887755, 0.455607, -0.065662, 0.124994, 0.414917, -0.853787, -0.314465, -0.002831, -0.199335, 0.251924, -0.946995, -1.2e-05, 0.0, 0.0, 0.0, 1.0],
                [0.887345, 0.45472, -0.07646, 0.124994, 0.414538, -0.859304, -0.299586, -0.002831, -0.201931, 0.23414, -0.951001, -1.2e-05, 0.0, 0.0, 0.0, 1.0],
                [0.887004, 0.453979, -0.084407, 0.124994, 0.414845, -0.863736, -0.286113, -0.002831, -0.202795, 0.218767, -0.954471, -1.2e-05, 0.0, 0.0, 0.0, 1.0],
                [0.886776, 0.453553, -0.088971, 0.124994, 0.4159, -0.866997, -0.27448, -0.002831, -0.20163, 0.206399, -0.957468, -1.2e-05, 0.0, 0.0, 0.0, 1.0],
                [0.886477, 0.453682, -0.091265, 0.124994, 0.417517, -0.869137, -0.265096, -0.002831, -0.199591, 0.196897, -0.959893, -1.2e-05, 0.0, 0.0, 0.0, 1.0],
                [0.885939, 0.454417, -0.09282, 0.124994, 0.419555, -0.870513, -0.257249, -0.002831, -0.1977, 0.188964, -0.961877, -1.2e-05, 0.0, 0.0, 0.0, 1.0],
                [0.88522, 0.455631, -0.093731, 0.124994, 0.422123, -0.871477, -0.249672, -0.002831, -0.195443, 0.181449, -0.963783, -1.2e-05, 0.0, 0.0, 0.0, 1.0],
                [0.884377, 0.457191, -0.094092, 0.124994, 0.425321, -0.872341, -0.241082, -0.002831, -0.192301, 0.173188, -0.965933, -1.2e-05, 0.0, 0.0, 0.0, 1.0],
                [0.883468, 0.458963, -0.094001, 0.124994, 0.429229, -0.873372, -0.230173, -0.002831, -0.187739, 0.163003, -0.968599, -1.2e-05, 0.0, 0.0, 0.0, 1.0],
                [0.882551, 0.460813, -0.093558, 0.124994, 0.433898, -0.874778, -0.21562, -0.002831, -0.181204, 0.149702, -0.971985, -1.2e-05, 0.0, 0.0, 0.0, 1.0],
                [0.881683, 0.462611, -0.092866, 0.124994, 0.43933, -0.876667, -0.196063, -0.002831, -0.172114, 0.132066, -0.976184, -1.2e-05, 0.0, 0.0, 0.0, 1.0],
                [0.88092, 0.464229, -0.092027, 0.124994, 0.445449, -0.878999, -0.170097, -0.002831, -0.159856, 0.108849, -0.981121, -1.2e-05, 0.0, 0.0, 0.0, 1.0],
                [0.880322, 0.465539, -0.091136, 0.124994, 0.452062, -0.881513, -0.136279, -0.002831, -0.143781, 0.078771, -0.98647, -1.2e-05, 0.0, 0.0, 0.0, 1.0],
                [0.879949, 0.466409, -0.090276, 0.124994, 0.458811, -0.883637, -0.093135, -0.002831, -0.123211, 0.040535, -0.991553, -1.2e-05, 0.0, 0.0, 0.0, 1.0],
                [0.87987, 0.466707, -0.089509, 0.124994, 0.465112, -0.884381, -0.039224, -0.002831, -0.097466, -0.007119, -0.995214, -1.2e-05, 0.0, 0.0, 0.0, 1.0],
                [0.880155, 0.466293, -0.088862, 0.124994, 0.470087, -0.882212, 0.026757, -0.002831, -0.065919, -0.065323, -0.995685, -1.2e-05, 0.0, 0.0, 0.0, 1.0],
                [0.88088, 0.465026, -0.088316, 0.124994, 0.472504, -0.874957, 0.105763, -0.002831, -0.02809, -0.134894, -0.990462, -1.2e-05, 0.0, 0.0, 0.0, 1.0],
                [0.882121, 0.462768, -0.087787, 0.124994, 0.470743, -0.859742, 0.198094, -0.002831, 0.016197, -0.216067, -0.976244, -1.2e-05, 0.0, 0.0, 0.0, 1.0],
                [0.883943, 0.459407, -0.087113, 0.124994, 0.462825, -0.833069, 0.302962, -0.002831, 0.066612, -0.308118, -0.949013, -1.2e-05, 0.0, 0.0, 0.0, 1.0],
                [0.884543, 0.462722, -0.058907, 0.124994, 0.438821, -0.78265, 0.441465, -0.002831, 0.158172, -0.416344, -0.895343, -1.2e-05, 0.0, 0.0, 0.0, 1.0],
                [0.876315, 0.481702, 0.005804, 0.124994, 0.380769, -0.699973, 0.604195, -0.002831, 0.295105, -0.527254, -0.796816, -1.2e-05, 0.0, 0.0, 0.0, 1.0],
                [0.855428, 0.51188, 0.078867, 0.124994, 0.291311, -0.601439, 0.743914, -0.002831, 0.428229, -0.613388, -0.663606, -1.2e-05, 0.0, 0.0, 0.0, 1.0],
                [0.831252, 0.538848, 0.136607, 0.124994, 0.200313, -0.519583, 0.830607, -0.002831, 0.51855, -0.663078, -0.539844, -1.2e-05, 0.0, 0.0, 0.0, 1.0],
                [0.823414, 0.542976, 0.164814, 0.124994, 0.150773, -0.489365, 0.858946, -0.002831, 0.547042, -0.682418, -0.484819, -1.2e-05, 0.0, 0.0, 0.0, 1.0],
                [0.834484, 0.524959, 0.167491, 0.124994, 0.142485, -0.499189, 0.854697, -0.002831, 0.532291, -0.689365, -0.491365, -1.2e-05, 0.0, 0.0, 0.0, 1.0],
                [0.852113, 0.499191, 0.157197, 0.124994, 0.146912, -0.516436, 0.843629, -0.002831, 0.502315, -0.695771, -0.5134, -1.2e-05, 0.0, 0.0, 0.0, 1.0],
                [0.874207, 0.466504, 0.134666, 0.124994, 0.161311, -0.540627, 0.825651, -0.002831, 0.457975, -0.700065, -0.547874, -1.2e-05, 0.0, 0.0, 0.0, 1.0],
                [0.898162, 0.428018, 0.100518, 0.124994, 0.182633, -0.571175, 0.800252, -0.002831, 0.399936, -0.700397, -0.59118, -1.2e-05, 0.0, 0.0, 0.0, 1.0],
                [0.921147, 0.385211, 0.055665, 0.124994, 0.207582, -0.607213, 0.766943, -0.002831, 0.329236, -0.694911, -0.639298, -1.2e-05, 0.0, 0.0, 0.0, 1.0],
                [0.940454, 0.339915, 0.001624, 0.124994, 0.232772, -0.647484, 0.725658, -0.002831, 0.247714, -0.682069, -0.688054, -1.2e-05, 0.0, 0.0, 0.0, 1.0],
                [0.953905, 0.294187, -0.059316, 0.124994, 0.255005, -0.690344, 0.677049, -0.002831, 0.158231, -0.660965, -0.733544, -1.2e-05, 0.0, 0.0, 0.0, 1.0],
                [0.960235, 0.250071, -0.124143, 0.124994, 0.271617, -0.73389, 0.622598, -0.002831, 0.064586, -0.631558, -0.772633, -1.2e-05, 0.0, 0.0, 0.0, 1.0],
                [0.959334, 0.209316, -0.189377, 0.124994, 0.280795, -0.776182, 0.564529, -0.002831, -0.028826, -0.594747, -0.803396, -1.2e-05, 0.0, 0.0, 0.0, 1.0],
                [0.952264, 0.173118, -0.251443, 0.124994, 0.281742, -0.815508, 0.505535, -0.002831, -0.117537, -0.552243, -0.825356, -1.2e-05, 0.0, 0.0, 0.0, 1.0],
                [0.941046, 0.141986, -0.307037, 0.124994, 0.274642, -0.850586, 0.448411, -0.002831, -0.197494, -0.506299, -0.839438, -1.2e-05, 0.0, 0.0, 0.0, 1.0],
                [0.928304, 0.115748, -0.353345, 0.124994, 0.260437, -0.880663, 0.39573, -0.002831, -0.265374, -0.459381, -0.847671, -1.2e-05, 0.0, 0.0, 0.0, 1.0],
                [0.916861, 0.093673, -0.38806, 0.124994, 0.240495, -0.905491, 0.349635, -0.002831, -0.318634, -0.413892, -0.85274, -1.2e-05, 0.0, 0.0, 0.0, 1.0],
                [0.909387, 0.074671, -0.409193, 0.124994, 0.216262, -0.925214, 0.31178, -0.002831, -0.35531, -0.372021, -0.857529, -1.2e-05, 0.0, 0.0, 0.0, 1.0],
                [0.908125, 0.057501, -0.41473, 0.124994, 0.188956, -0.940202, 0.283394, -0.002831, -0.373635, -0.335722, -0.864689, -1.2e-05, 0.0, 0.0, 0.0, 1.0],
                [0.910406, 0.039639, -0.411812, 0.124994, 0.160297, -0.951442, 0.262793, -0.002831, -0.381399, -0.305259, -0.872554, -1.2e-05, 0.0, 0.0, 0.0, 1.0],
                [0.912267, 0.019967, -0.409108, 0.124994, 0.13189, -0.959932, 0.247248, -0.002831, -0.387779, -0.279512, -0.878351, -1.2e-05, 0.0, 0.0, 0.0, 1.0],
                [0.913605, -0.000627, -0.406602, 0.124994, 0.104432, -0.966089, 0.236141, -0.002831, -0.392962, -0.258201, -0.88256, -1.2e-05, 0.0, 0.0, 0.0, 1.0],
                [0.91439, -0.021262, -0.404274, 0.124994, 0.0786, -0.970291, 0.228809, -0.002831, -0.397129, -0.240995, -0.885556, -1.2e-05, 0.0, 0.0, 0.0, 1.0],
                [0.914667, -0.04106, -0.402117, 0.124994, 0.055051, -0.972901, 0.224563, -0.002831, -0.400442, -0.227536, -0.887623, -1.2e-05, 0.0, 0.0, 0.0, 1.0],
                [0.914538, -0.059153, -0.40015, 0.124994, 0.034423, -0.974278, 0.222697, -0.002831, -0.403031, -0.217439, -0.88898, -1.2e-05, 0.0, 0.0, 0.0, 1.0],
                [0.914154, -0.074685, -0.398427, 0.124994, 0.017336, -0.974777, 0.222499, -0.002831, -0.404996, -0.210305, -0.889804, -1.2e-05, 0.0, 0.0, 0.0, 1.0],
                [0.913687, -0.086814, -0.397037, 0.124994, 0.004397, -0.974749, 0.223251, -0.002831, -0.406394, -0.205727, -0.890236, -1.2e-05, 0.0, 0.0, 0.0, 1.0],
                [0.91331, -0.094702, -0.396101, 0.124994, -0.0038, -0.974526, 0.224234, -0.002831, -0.407247, -0.203289, -0.890407, -1.2e-05, 0.0, 0.0, 0.0, 1.0],
                [0.913163, -0.097517, -0.395757, 0.124994, -0.006663, -0.974398, 0.224723, -0.002831, -0.40754, -0.202571, -0.890436, -1.2e-05, 0.0, 0.0, 0.0, 1.0],
                [0.913163, -0.097517, -0.395757, 0.124994, -0.006663, -0.974398, 0.224723, -0.002831, -0.40754, -0.202571, -0.890436, -1.2e-05, 0.0, 0.0, 0.0, 1.0],
                [0.913163, -0.097517, -0.395757, 0.124994, -0.006663, -0.974398, 0.224723, -0.002831, -0.40754, -0.202571, -0.890436, -1.2e-05, 0.0, 0.0, 0.0, 1.0],
                [0.913163, -0.097517, -0.395757, 0.124994, -0.006663, -0.974398, 0.224723, -0.002831, -0.40754, -0.202571, -0.890436, -1.2e-05, 0.0, 0.0, 0.0, 1.0],
                [0.913163, -0.097517, -0.395757, 0.124994, -0.006663, -0.974398, 0.224723, -0.002831, -0.40754, -0.202571, -0.890436, -1.2e-05, 0.0, 0.0, 0.0, 1.0],
                [0.913163, -0.097517, -0.395757, 0.124994, -0.006663, -0.974398, 0.224723, -0.002831, -0.40754, -0.202571, -0.890436, -1.2e-05, 0.0, 0.0, 0.0, 1.0],
                [0.913163, -0.097517, -0.395757, 0.124994, -0.006663, -0.974398, 0.224723, -0.002831, -0.40754, -0.202571, -0.890436, -1.2e-05, 0.0, 0.0, 0.0, 1.0],
                [0.913163, -0.097517, -0.395757, 0.124994, -0.006663, -0.974398, 0.224723, -0.002831, -0.40754, -0.202571, -0.890436, -1.2e-05, 0.0, 0.0, 0.0, 1.0],
                [0.913163, -0.097517, -0.395757, 0.124994, -0.006663, -0.974398, 0.224723, -0.002831, -0.40754, -0.202571, -0.890436, -1.2e-05, 0.0, 0.0, 0.0, 1.0],
                [0.913163, -0.097517, -0.395757, 0.124994, -0.006663, -0.974398, 0.224723, -0.002831, -0.40754, -0.202571, -0.890436, -1.2e-05, 0.0, 0.0, 0.0, 1.0],
                [0.913163, -0.097517, -0.395757, 0.124994, -0.006663, -0.974398, 0.224723, -0.002831, -0.40754, -0.202571, -0.890436, -1.2e-05, 0.0, 0.0, 0.0, 1.0],
                [0.913163, -0.097517, -0.395757, 0.124994, -0.006663, -0.974398, 0.224723, -0.002831, -0.40754, -0.202571, -0.890436, -1.2e-05, 0.0, 0.0, 0.0, 1.0],
                [0.913163, -0.097517, -0.395757, 0.124994, -0.006663, -0.974398, 0.224723, -0.002831, -0.40754, -0.202571, -0.890436, -1.2e-05, 0.0, 0.0, 0.0, 1.0],
                [0.913163, -0.097517, -0.395757, 0.124994, -0.006663, -0.974398, 0.224723, -0.002831, -0.40754, -0.202571, -0.890436, -1.2e-05, 0.0, 0.0, 0.0, 1.0],
                [0.913163, -0.097517, -0.395757, 0.124994, -0.006663, -0.974398, 0.224723, -0.002831, -0.40754, -0.202571, -0.890436, -1.2e-05, 0.0, 0.0, 0.0, 1.0],
                [0.913163, -0.097517, -0.395757, 0.124994, -0.006663, -0.974398, 0.224723, -0.002831, -0.40754, -0.202571, -0.890436, -1.2e-05, 0.0, 0.0, 0.0, 1.0],
                [0.913163, -0.097517, -0.395757, 0.124994, -0.006663, -0.974398, 0.224723, -0.002831, -0.40754, -0.202571, -0.890436, -1.2e-05, 0.0, 0.0, 0.0, 1.0],
                [0.913163, -0.097517, -0.395757, 0.124994, -0.006663, -0.974398, 0.224723, -0.002831, -0.40754, -0.202571, -0.890436, -1.2e-05, 0.0, 0.0, 0.0, 1.0],
                [0.913163, -0.097517, -0.395757, 0.124994, -0.006663, -0.974398, 0.224723, -0.002831, -0.40754, -0.202571, -0.890436, -1.2e-05, 0.0, 0.0, 0.0, 1.0],
                [0.913163, -0.097517, -0.395757, 0.124994, -0.006663, -0.974398, 0.224723, -0.002831, -0.40754, -0.202571, -0.890436, -1.2e-05, 0.0, 0.0, 0.0, 1.0],
                [0.913163, -0.097517, -0.395757, 0.124994, -0.006663, -0.974398, 0.224723, -0.002831, -0.40754, -0.202571, -0.890436, -1.2e-05, 0.0, 0.0, 0.0, 1.0],
                [0.913163, -0.097517, -0.395757, 0.124994, -0.006663, -0.974398, 0.224723, -0.002831, -0.40754, -0.202571, -0.890436, -1.2e-05, 0.0, 0.0, 0.0, 1.0],
                [0.913163, -0.097517, -0.395757, 0.124994, -0.006663, -0.974398, 0.224723, -0.002831, -0.40754, -0.202571, -0.890436, -1.2e-05, 0.0, 0.0, 0.0, 1.0],
                [0.913163, -0.097517, -0.395757, 0.124994, -0.006663, -0.974398, 0.224723, -0.002831, -0.40754, -0.202571, -0.890436, -1.2e-05, 0.0, 0.0, 0.0, 1.0],
                [0.913163, -0.097517, -0.395757, 0.124994, -0.006663, -0.974398, 0.224723, -0.002831, -0.40754, -0.202571, -0.890436, -1.2e-05, 0.0, 0.0, 0.0, 1.0],
                [0.913163, -0.097517, -0.395757, 0.124994, -0.006663, -0.974398, 0.224723, -0.002831, -0.40754, -0.202571, -0.890436, -1.2e-05, 0.0, 0.0, 0.0, 1.0],
                [0.913163, -0.097517, -0.395757, 0.124994, -0.006663, -0.974398, 0.224723, -0.002831, -0.40754, -0.202571, -0.890436, -1.2e-05, 0.0, 0.0, 0.0, 1.0],
                [0.913163, -0.097517, -0.395757, 0.124994, -0.006663, -0.974398, 0.224723, -0.002831, -0.40754, -0.202571, -0.890436, -1.2e-05, 0.0, 0.0, 0.0, 1.0],
                [0.913163, -0.097517, -0.395757, 0.124994, -0.006663, -0.974398, 0.224723, -0.002831, -0.40754, -0.202571, -0.890436, -1.2e-05, 0.0, 0.0, 0.0, 1.0],
                [0.913163, -0.097517, -0.395757, 0.124994, -0.006663, -0.974398, 0.224723, -0.002831, -0.40754, -0.202571, -0.890436, -1.2e-05, 0.0, 0.0, 0.0, 1.0],
                [0.913163, -0.097517, -0.395757, 0.124994, -0.006663, -0.974398, 0.224723, -0.002831, -0.40754, -0.202571, -0.890436, -1.2e-05, 0.0, 0.0, 0.0, 1.0],
                [0.913163, -0.097517, -0.395757, 0.124994, -0.006663, -0.974398, 0.224723, -0.002831, -0.40754, -0.202571, -0.890436, -1.2e-05, 0.0, 0.0, 0.0, 1.0],
                [0.913163, -0.097517, -0.395757, 0.124994, -0.006663, -0.974398, 0.224723, -0.002831, -0.40754, -0.202571, -0.890436, -1.2e-05, 0.0, 0.0, 0.0, 1.0],
                [0.913163, -0.097517, -0.395757, 0.124994, -0.006663, -0.974398, 0.224723, -0.002831, -0.40754, -0.202571, -0.890436, -1.2e-05, 0.0, 0.0, 0.0, 1.0],
                [0.913163, -0.097517, -0.395757, 0.124994, -0.006663, -0.974398, 0.224723, -0.002831, -0.40754, -0.202571, -0.890436, -1.2e-05, 0.0, 0.0, 0.0, 1.0],
                [0.913163, -0.097517, -0.395757, 0.124994, -0.006663, -0.974398, 0.224723, -0.002831, -0.40754, -0.202571, -0.890436, -1.2e-05, 0.0, 0.0, 0.0, 1.0],
                [0.913163, -0.097517, -0.395757, 0.124994, -0.006663, -0.974398, 0.224723, -0.002831, -0.40754, -0.202571, -0.890436, -1.2e-05, 0.0, 0.0, 0.0, 1.0],
                [0.913163, -0.097517, -0.395757, 0.124994, -0.006663, -0.974398, 0.224723, -0.002831, -0.40754, -0.202571, -0.890436, -1.2e-05, 0.0, 0.0, 0.0, 1.0],
                [0.913163, -0.097517, -0.395757, 0.124994, -0.006663, -0.974398, 0.224723, -0.002831, -0.40754, -0.202571, -0.890436, -1.2e-05, 0.0, 0.0, 0.0, 1.0],
                [0.913163, -0.097517, -0.395757, 0.124994, -0.006663, -0.974398, 0.224723, -0.002831, -0.40754, -0.202571, -0.890436, -1.2e-05, 0.0, 0.0, 0.0, 1.0],
                [0.913163, -0.097517, -0.395757, 0.124994, -0.006663, -0.974398, 0.224723, -0.002831, -0.40754, -0.202571, -0.890436, -1.2e-05, 0.0, 0.0, 0.0, 1.0],
                [0.912059, -0.100335, -0.397593, 0.124994, -0.009347, -0.974436, 0.224463, -0.002831, -0.40995, -0.201007, -0.889684, -1.2e-05, 0.0, 0.0, 0.0, 1.0],
                [0.908937, -0.108118, -0.40267, 0.124994, -0.016786, -0.974497, 0.223764, -0.002831, -0.416594, -0.196628, -0.887574, -1.2e-05, 0.0, 0.0, 0.0, 1.0],
                [0.904021, -0.119846, -0.410344, 0.124994, -0.028069, -0.974465, 0.222767, -0.002831, -0.426564, -0.189867, -0.884304, -1.2e-05, 0.0, 0.0, 0.0, 1.0],
                [0.897518, -0.134495, -0.419966, 0.124994, -0.042287, -0.974213, 0.221621, -0.002831, -0.438945, -0.181149, -0.880064, -1.2e-05, 0.0, 0.0, 0.0, 1.0],
                [0.889678, -0.151034, -0.430885, 0.124994, -0.058514, -0.973637, 0.220463, -0.002831, -0.452823, -0.170927, -0.875063, -1.2e-05, 0.0, 0.0, 0.0, 1.0],
                [0.880837, -0.168438, -0.442442, 0.124994, -0.075801, -0.972685, 0.219395, -0.002831, -0.467312, -0.159713, -0.869547, -1.2e-05, 0.0, 0.0, 0.0, 1.0],
                [0.871445, -0.1857, -0.453981, 0.124994, -0.093179, -0.971381, 0.21848, -0.002831, -0.481561, -0.148091, -0.86381, -1.2e-05, 0.0, 0.0, 0.0, 1.0],
                [0.862074, -0.201838, -0.464853, 0.124994, -0.109661, -0.969827, 0.21773, -0.002831, -0.494774, -0.136722, -0.858199, -1.2e-05, 0.0, 0.0, 0.0, 1.0],
                [0.853411, -0.215907, -0.474418, 0.124994, -0.124255, -0.968204, 0.217111, -0.002831, -0.50621, -0.126336, -0.853107, -1.2e-05, 0.0, 0.0, 0.0, 1.0],
                [0.846227, -0.226994, -0.48205, 0.124994, -0.135968, -0.966754, 0.216552, -0.002831, -0.515181, -0.117708, -0.84896, -1.2e-05, 0.0, 0.0, 0.0, 1.0],
                [0.841336, -0.234214, -0.487131, 0.124994, -0.14381, -0.965751, 0.21596, -0.002831, -0.521029, -0.11164, -0.846207, -1.2e-05, 0.0, 0.0, 0.0, 1.0],
                [0.839534, -0.236683, -0.489043, 0.124994, -0.146798, -0.96546, 0.215251, -0.002831, -0.523099, -0.108919, -0.845284, -1.2e-05, 0.0, 0.0, 0.0, 1.0],
                [0.842815, -0.233576, -0.484875, 0.124994, -0.144926, -0.966132, 0.213499, -0.002831, -0.518323, -0.109669, -0.848124, -1.2e-05, 0.0, 0.0, 0.0, 1.0],
                [0.852118, -0.22496, -0.472533, 0.124994, -0.139041, -0.967763, 0.209994, -0.002831, -0.504541, -0.113238, -0.85593, -1.2e-05, 0.0, 0.0, 0.0, 1.0],
                [0.866408, -0.21119, -0.452477, 0.124994, -0.12939, -0.970158, 0.205057, -0.002831, -0.48228, -0.119117, -0.867881, -1.2e-05, 0.0, 0.0, 0.0, 1.0],
                [0.884445, -0.192562, -0.425061, 0.124994, -0.116181, -0.97307, 0.199082, -0.002831, -0.45195, -0.126692, -0.883001, -1.2e-05, 0.0, 0.0, 0.0, 1.0],
                [0.904833, -0.169369, -0.390628, 0.124994, -0.099622, -0.976222, 0.192513, -0.002831, -0.413946, -0.135277, -0.900194, -1.2e-05, 0.0, 0.0, 0.0, 1.0],
                [0.926082, -0.141955, -0.3496, 0.124994, -0.079964, -0.97932, 0.185831, -0.002831, -0.36875, -0.144139, -0.918285, -1.2e-05, 0.0, 0.0, 0.0, 1.0],
                [0.946676, -0.110761, -0.302549, 0.124994, -0.057529, -0.982069, 0.179519, -0.002831, -0.317008, -0.15254, -0.936076, -1.2e-05, 0.0, 0.0, 0.0, 1.0],
                [0.965164, -0.076355, -0.250255, 0.124994, -0.032735, -0.984193, 0.174038, -0.002831, -0.259588, -0.159783, -0.95241, -1.2e-05, 0.0, 0.0, 0.0, 1.0],
