{
    "animation": [
        {
            "name": "Root",
            "time": [0.0, 0.0167, 0.0333, 0.05, 0.0667, 0.0833, 0.1, 0.1167, 0.1333, 0.15, 0.1667, 0.1833, 0.2, 0.2167, 0.2333, 0.25, 0.2667, 0.2833, 0.3, 0.3167, 0.3333, 0.35, 0.3667, 0.3833, 0.4, 0.4167, 0.4333, 0.45, 0.4667, 0.4833, 0.5, 0.5167, 0.5333, 0.55, 0.5667, 0.5833, 0.6, 0.6167, 0.6333, 0.65, 0.6667, 0.6833, 0.7, 0.7167, 0.7333, 0.75, 0.7667, 0.7833, 0.8, 0.8167, 0.8333, 0.85, 0.8667, 0.8833, 0.9, 0.9167, 0.9333, 0.95, 0.9667, 0.9833, 1.0, 1.0167, 1.0333, 1.05, 1.0667, 1.0833, 1.1, 1.1167, 1.1333, 1.15, 1.1667, 1.1833, 1.2, 1.2167, 1.2333, 1.25, 1.2667, 1.2833, 1.3, 1.3167, 1.3333, 1.35, 1.3667, 1.3833, 1.4, 1.4167, 1.4333, 1.45, 1.4667, 1.4833, 1.5, 1.5167, 1.5333, 1.55, 1.5667, 1.5833, 1.6, 1.6167, 1.6333, 1.65, 1.6667, 1.6833, 1.7, 1.7167, 1.7333, 1.75, 1.7667, 1.7833, 1.8, 1.8167, 1.8333, 1.85, 1.8667, 1.8833, 1.9, 1.9167, 1.9333, 1.95, 1.9667, 1.9833, 2.0, 2.0167, 2.0333, 2.05, 2.0667, 2.0833, 2.1, 2.1167, 2.1333, 2.15, 2.1667, 2.1833, 2.2, 2.2167, 2.2333, 2.25, 2.2667, 2.2833, 2.3, 2.3167, 2.3333, 2.35, 2.3667, 2.3833, 2.4, 2.4167, 2.4333, 2.45, 2.4667, 2.4833, 2.5, 2.5167, 2.5333, 2.55, 2.5667, 2.5833, 2.6, 2.6167, 2.6333, 2.65, 2.6667, 2.6833, 2.7, 2.7167, 2.7333, 2.75, 2.7667, 2.7833, 2.8, 2.8167, 2.8333, 2.85, 2.8667, 2.8833, 2.9, 2.9167, 2.9333, 2.95, 2.9667, 2.9833, 3.0, 3.0167, 3.0333, 3.05, 3.0667, 3.0833, 3.1, 3.1167, 3.1333, 3.15, 3.1667, 3.1833, 3.2, 3.2167, 3.2333, 3.25, 3.2667, 3.2833, 3.3, 3.3167, 3.3333],
            "transform": [
                [0.170385, 0.0, 0.985378, -5e-06, 0.985378, 0.0, -0.170385, 0.000946, 0.0, 1.0, 0.0, 0.736665, 0.0, 0.0, 0.0, 1.0],
                [0.19229, 0.0, 0.981338, -5e-06, 0.981338, 0.0, -0.19229, 0.009078, 0.0, 1.0, 0.0, 0.735382, 0.0, 0.0, 0.0, 1.0],
                [0.252555, 0.0, 0.967583, -5e-06, 0.967583, 0.0, -0.252555, 0.031561, 0.0, 1.0, 0.0, 0.731901, 0.0, 0.0, 0.0, 1.0],
                [0.342293, 0.0, 0.939593, -5e-06, 0.939593, 0.0, -0.342293, 0.065524, 0.0, 1.0, 0.0, 0.72677, 0.0, 0.0, 0.0, 1.0],
                [0.451168, 0.0, 0.892439, -5e-06, 0.892439, 0.0, -0.451168, 0.108098, 0.0, 1.0, 0.0, 0.720539, 0.0, 0.0, 0.0, 1.0],
                [0.567511, 0.0, 0.823366, -5e-06, 0.823366, 0.0, -0.567511, 0.156412, 0.0, 1.0, 0.0, 0.713759, 0.0, 0.0, 0.0, 1.0],
                [0.679622, 0.0, 0.733562, -5e-06, 0.733562, 0.0, -0.679622, 0.207595, 0.0, 1.0, 0.0, 0.706979, 0.0, 0.0, 0.0, 1.0],
                [0.777819, 0.0, 0.628488, -5e-06, 0.628488, 0.0, -0.777819, 0.258779, 0.0, 1.0, 0.0, 0.700749, 0.0, 0.0, 0.0, 1.0],
                [0.856182, 0.0, 0.516674, -5e-06, 0.516674, 0.0, -0.856182, 0.307093, 0.0, 1.0, 0.0, 0.695618, 0.0, 0.0, 0.0, 1.0],
                [0.913098, 0.0, 0.407741, -5e-06, 0.407741, 0.0, -0.913098, 0.349667, 0.0, 1.0, 0.0, 0.692136, 0.0, 0.0, 0.0, 1.0],
                [0.950503, 0.0, 0.310717, -5e-06, 0.310717, 0.0, -0.950503, 0.38363, 0.0, 1.0, 0.0, 0.690854, 0.0, 0.0, 0.0, 1.0],
                [0.973134, 0.0, 0.230239, -5e-06, 0.230239, 0.0, -0.973134, 0.407107, 0.0, 1.0, 0.0, 0.690854, 0.0, 0.0, 0.0, 1.0],
                [0.986384, 0.0, 0.164458, -5e-06, 0.164458, 0.0, -0.986384, 0.422202, 0.0, 1.0, 0.0, 0.690854, 0.0, 0.0, 0.0, 1.0],
                [0.993848, 0.0, 0.110754, -5e-06, 0.110754, 0.0, -0.993848, 0.432013, 0.0, 1.0, 0.0, 0.690854, 0.0, 0.0, 0.0, 1.0],
                [0.997837, 0.0, 0.065743, -5e-06, 0.065743, 0.0, -0.997837, 0.439637, 0.0, 1.0, 0.0, 0.690854, 0.0, 0.0, 0.0, 1.0],
                [0.99967, 0.0, 0.025675, -5e-06, 0.025675, 0.0, -0.99967, 0.448173, 0.0, 1.0, 0.0, 0.690854, 0.0, 0.0, 0.0, 1.0],
                [0.999911, 0.0, -0.013347, -5e-06, -0.013347, 0.0, -0.999911, 0.46072, 0.0, 1.0, 0.0, 0.690854, 0.0, 0.0, 0.0, 1.0],
                [0.998473, 0.0, -0.055248, -5e-06, -0.055248, 0.0, -0.998473, 0.480374, 0.0, 1.0, 0.0, 0.690854, 0.0, 0.0, 0.0, 1.0],
                [0.994589, 0.0, -0.103887, -5e-06, -0.103887, 0.0, -0.994589, 0.510234, 0.0, 1.0, 0.0, 0.690854, 0.0, 0.0, 0.0, 1.0],
                [0.986643, 0.0, -0.162899, -5e-06, -0.162899, 0.0, -0.986643, 0.553399, 0.0, 1.0, 0.0, 0.690854, 0.0, 0.0, 0.0, 1.0],
                [0.971893, 0.0, -0.235422, -5e-06, -0.235422, 0.0, -0.971893, 0.612966, 0.0, 1.0, 0.0, 0.690854, 0.0, 0.0, 0.0, 1.0],
                [0.946459, 0.0, -0.322824, -5e-06, -0.322824, 0.0, -0.946459, 0.71001, 0.0, 1.0, 0.0, 0.681424, 0.0, 0.0, 0.0, 1.0],
                [0.908384, 0.0, -0.418138, -5e-06, -0.418138, 0.0, -0.908384, 0.850653, 0.0, 1.0, 0.0, 0.65894, 0.0, 0.0, 0.0, 1.0],
                [0.8594, 0.0, -0.511304, -5e-06, -0.511304, 0.0, -0.8594, 1.015566, 0.0, 1.0, 0.0, 0.632103, 0.0, 0.0, 0.0, 1.0],
                [0.805128, 0.0, -0.593102, -5e-06, -0.593102, 0.0, -0.805128, 1.185419, 0.0, 1.0, 0.0, 0.609618, 0.0, 0.0, 0.0, 1.0],
                [0.754562, 0.0, -0.656228, -5e-06, -0.656228, 0.0, -0.754562, 1.340882, 0.0, 1.0, 0.0, 0.600189, 0.0, 0.0, 0.0, 1.0],
                [0.716551, 0.0, -0.697535, -5e-06, -0.697535, 0.0, -0.716551, 1.466787, 0.0, 1.0, 0.0, 0.604787, 0.0, 0.0, 0.0, 1.0],
                [0.691364, 0.0, -0.722507, -5e-06, -0.722507, 0.0, -0.691364, 1.564617, 0.0, 1.0, 0.0, 0.617268, 0.0, 0.0, 0.0, 1.0],
                [0.675464, 0.0, -0.737393, -5e-06, -0.737393, 0.0, -0.675464, 1.640015, 0.0, 1.0, 0.0, 0.63566, 0.0, 0.0, 0.0, 1.0],
                [0.664302, 0.0, -0.747464, -5e-06, -0.747464, 0.0, -0.664302, 1.698627, 0.0, 1.0, 0.0, 0.657994, 0.0, 0.0, 0.0, 1.0],
                [0.652865, 0.0, -0.757474, -5e-06, -0.757474, 0.0, -0.652865, 1.746096, 0.0, 1.0, 0.0, 0.682299, 0.0, 0.0, 0.0, 1.0],
                [0.635817, 0.0, -0.77184, -5e-06, -0.77184, 0.0, -0.635817, 1.788067, 0.0, 1.0, 0.0, 0.706603, 0.0, 0.0, 0.0, 1.0],
                [0.607332, 0.0, -0.794448, -5e-06, -0.794448, 0.0, -0.607332, 1.830184, 0.0, 1.0, 0.0, 0.728937, 0.0, 0.0, 0.0, 1.0],
                [0.560726, 0.0, -0.828002, -5e-06, -0.828002, 0.0, -0.560726, 1.878091, 0.0, 1.0, 0.0, 0.74733, 0.0, 0.0, 0.0, 1.0],
                [0.488116, 0.0, -0.872779, -5e-06, -0.872779, 0.0, -0.488116, 1.937433, 0.0, 1.0, 0.0, 0.759811, 0.0, 0.0, 0.0, 1.0],
                [0.380702, 0.0, -0.924698, -5e-06, -0.924698, 0.0, -0.380702, 2.013855, 0.0, 1.0, 0.0, 0.764409, 0.0, 0.0, 0.0, 1.0],
                [0.139134, 0.0, -0.990274, -5e-06, -0.990274, 0.0, -0.139134, 2.111133, 0.0, 1.0, 0.0, 0.757486, 0.0, 0.0, 0.0, 1.0],
                [-0.312462, 0.0, -0.94993, -5e-06, -0.94993, 0.0, 0.312462, 2.225579, 0.0, 1.0, 0.0, 0.738948, 0.0, 0.0, 0.0, 1.0],
                [-0.794249, 0.0, -0.607591, -5e-06, -0.607591, 0.0, 0.794249, 2.351638, 0.0, 1.0, 0.0, 0.712139, 0.0, 0.0, 0.0, 1.0],
                [-0.998763, 0.0, -0.04973, -5e-06, -0.04973, 0.0, 0.998763, 2.483754, 0.0, 1.0, 0.0, 0.680405, 0.0, 0.0, 0.0, 1.0],
                [-0.905065, 0.0, 0.425274, -5e-06, 0.425274, 0.0, 0.905065, 2.616371, 0.0, 1.0, 0.0, 0.647091, 0.0, 0.0, 0.0, 1.0],
                [-0.689146, 0.0, 0.724623, -5e-06, 0.724623, 0.0, 0.689146, 2.744593, 0.0, 1.0, 0.0, 0.615036, 0.0, 0.0, 0.0, 1.0],
                [-0.445513, 0.0, 0.895275, -5e-06, 0.895275, 0.0, 0.445513, 2.866151, 0.0, 1.0, 0.0, 0.585052, 0.0, 0.0, 0.0, 1.0],
                [-0.208225, 0.0, 0.978081, -5e-06, 0.978081, 0.0, 0.208225, 2.979436, 0.0, 1.0, 0.0, 0.557447, 0.0, 0.0, 0.0, 1.0],
                [0.012005, 0.0, 0.999928, -5e-06, 0.999928, 0.0, -0.012005, 3.082839, 0.0, 1.0, 0.0, 0.532527, 0.0, 0.0, 0.0, 1.0],
                [0.210733, 0.0, 0.977544, -5e-06, 0.977544, 0.0, -0.210733, 3.174749, 0.0, 1.0, 0.0, 0.5106, 0.0, 0.0, 0.0, 1.0],
                [0.383956, 0.0, 0.923352, -5e-06, 0.923352, 0.0, -0.383956, 3.253558, 0.0, 1.0, 0.0, 0.491971, 0.0, 0.0, 0.0, 1.0],
                [0.527106, 0.0, 0.849799, -5e-06, 0.849799, 0.0, -0.527106, 3.317656, 0.0, 1.0, 0.0, 0.476948, 0.0, 0.0, 0.0, 1.0],
                [0.635999, 0.0, 0.77169, -5e-06, 0.77169, 0.0, -0.635999, 3.365433, 0.0, 1.0, 0.0, 0.465838, 0.0, 0.0, 0.0, 1.0],
                [0.707929, 0.0, 0.706283, -5e-06, 0.706283, 0.0, -0.707929, 3.395279, 0.0, 1.0, 0.0, 0.458947, 0.0, 0.0, 0.0, 1.0],
                [0.741301, 0.0, 0.671172, -5e-06, 0.671172, 0.0, -0.741301, 3.405586, 0.0, 1.0, 0.0, 0.456582, 0.0, 0.0, 0.0, 1.0],
                [0.754503, 0.0, 0.656297, -5e-06, 0.656297, 0.0, -0.754503, 3.405547, 0.0, 1.0, 0.0, 0.456661, 0.0, 0.0, 0.0, 1.0],
                [0.767334, 0.0, 0.641248, -5e-06, 0.641248, 0.0, -0.767334, 3.405434, 0.0, 1.0, 0.0, 0.456895, 0.0, 0.0, 0.0, 1.0],
                [0.779791, 0.0, 0.62604, -5e-06, 0.62604, 0.0, -0.779791, 3.405248, 0.0, 1.0, 0.0, 0.457282, 0.0, 0.0, 0.0, 1.0],
                [0.79187, 0.0, 0.61069, -5e-06, 0.61069, 0.0, -0.79187, 3.404992, 0.0, 1.0, 0.0, 0.457817, 0.0, 0.0, 0.0, 1.0],
                [0.803568, 0.0, 0.595213, -5e-06, 0.595213, 0.0, -0.803568, 3.404669, 0.0, 1.0, 0.0, 0.458497, 0.0, 0.0, 0.0, 1.0],
                [0.814883, 0.0, 0.579625, -5e-06, 0.579625, 0.0, -0.814883, 3.404282, 0.0, 1.0, 0.0, 0.459318, 0.0, 0.0, 0.0, 1.0],
                [0.825815, 0.0, 0.563942, -5e-06, 0.563942, 0.0, -0.825815, 3.403832, 0.0, 1.0, 0.0, 0.460277, 0.0, 0.0, 0.0, 1.0],
                [0.836361, 0.0, 0.548178, -5e-06, 0.548178, 0.0, -0.836361, 3.403322, 0.0, 1.0, 0.0, 0.46137, 0.0, 0.0, 0.0, 1.0],
                [0.846524, 0.0, 0.532351, -5e-06, 0.532351, 0.0, -0.846524, 3.402756, 0.0, 1.0, 0.0, 0.462594, 0.0, 0.0, 0.0, 1.0],
                [0.856302, 0.0, 0.516475, -5e-06, 0.516475, 0.0, -0.856302, 3.402136, 0.0, 1.0, 0.0, 0.463945, 0.0, 0.0, 0.0, 1.0],
                [0.865699, 0.0, 0.500564, -5e-06, 0.500564, 0.0, -0.865699, 3.401464, 0.0, 1.0, 0.0, 0.465419, 0.0, 0.0, 0.0, 1.0],
                [0.874717, 0.0, 0.484634, -5e-06, 0.484634, 0.0, -0.874717, 3.400742, 0.0, 1.0, 0.0, 0.467013, 0.0, 0.0, 0.0, 1.0],
                [0.883358, 0.0, 0.468699, -5e-06, 0.468699, 0.0, -0.883358, 3.399974, 0.0, 1.0, 0.0, 0.468723, 0.0, 0.0, 0.0, 1.0],
                [0.891626, 0.0, 0.452773, -5e-06, 0.452773, 0.0, -0.891626, 3.399162, 0.0, 1.0, 0.0, 0.470546, 0.0, 0.0, 0.0, 1.0],
                [0.899525, 0.0, 0.43687, -5e-06, 0.43687, 0.0, -0.899525, 3.398309, 0.0, 1.0, 0.0, 0.472478, 0.0, 0.0, 0.0, 1.0],
                [0.90706, 0.0, 0.421002, -5e-06, 0.421002, 0.0, -0.90706, 3.397416, 0.0, 1.0, 0.0, 0.474516, 0.0, 0.0, 0.0, 1.0],
                [0.914236, 0.0, 0.405183, -5e-06, 0.405183, 0.0, -0.914236, 3.396488, 0.0, 1.0, 0.0, 0.476655, 0.0, 0.0, 0.0, 1.0],
                [0.921058, 0.0, 0.389426, -5e-06, 0.389426, 0.0, -0.921058, 3.395526, 0.0, 1.0, 0.0, 0.478893, 0.0, 0.0, 0.0, 1.0],
                [0.927533, 0.0, 0.373741, -5e-06, 0.373741, 0.0, -0.927533, 3.394532, 0.0, 1.0, 0.0, 0.481226, 0.0, 0.0, 0.0, 1.0],
                [0.933667, 0.0, 0.358141, -5e-06, 0.358141, 0.0, -0.933667, 3.393511, 0.0, 1.0, 0.0, 0.48365, 0.0, 0.0, 0.0, 1.0],
                [0.939468, 0.0, 0.342637, -5e-06, 0.342637, 0.0, -0.939468, 3.392463, 0.0, 1.0, 0.0, 0.486162, 0.0, 0.0, 0.0, 1.0],
                [0.944942, 0.0, 0.327239, -5e-06, 0.327239, 0.0, -0.944942, 3.391393, 0.0, 1.0, 0.0, 0.488758, 0.0, 0.0, 0.0, 1.0],
                [0.950096, 0.0, 0.311957, -5e-06, 0.311957, 0.0, -0.950096, 3.390301, 0.0, 1.0, 0.0, 0.491434, 0.0, 0.0, 0.0, 1.0],
                [0.95494, 0.0, 0.2968, -5e-06, 0.2968, 0.0, -0.95494, 3.389191, 0.0, 1.0, 0.0, 0.494188, 0.0, 0.0, 0.0, 1.0],
                [0.95948, 0.0, 0.281778, -5e-06, 0.281778, 0.0, -0.95948, 3.388067, 0.0, 1.0, 0.0, 0.497014, 0.0, 0.0, 0.0, 1.0],
                [0.963724, 0.0, 0.266899, -5e-06, 0.266899, 0.0, -0.963724, 3.386929, 0.0, 1.0, 0.0, 0.499911, 0.0, 0.0, 0.0, 1.0],
                [0.967683, 0.0, 0.252171, -5e-06, 0.252171, 0.0, -0.967683, 3.38578, 0.0, 1.0, 0.0, 0.502873, 0.0, 0.0, 0.0, 1.0],
                [0.971363, 0.0, 0.237601, -5e-06, 0.237601, 0.0, -0.971363, 3.384624, 0.0, 1.0, 0.0, 0.505899, 0.0, 0.0, 0.0, 1.0],
                [0.974773, 0.0, 0.223197, -5e-06, 0.223197, 0.0, -0.974773, 3.383462, 0.0, 1.0, 0.0, 0.508983, 0.0, 0.0, 0.0, 1.0],
                [0.977923, 0.0, 0.208964, -5e-06, 0.208964, 0.0, -0.977923, 3.382299, 0.0, 1.0, 0.0, 0.512123, 0.0, 0.0, 0.0, 1.0],
                [0.980821, 0.0, 0.194909, -5e-06, 0.194909, 0.0, -0.980821, 3.381135, 0.0, 1.0, 0.0, 0.515314, 0.0, 0.0, 0.0, 1.0],
                [0.983476, 0.0, 0.181038, -5e-06, 0.181038, 0.0, -0.983476, 3.379973, 0.0, 1.0, 0.0, 0.518555, 0.0, 0.0, 0.0, 1.0],
                [0.985897, 0.0, 0.167354, -5e-06, 0.167354, 0.0, -0.985897, 3.378817, 0.0, 1.0, 0.0, 0.521839, 0.0, 0.0, 0.0, 1.0],
                [0.988092, 0.0, 0.153864, -5e-06, 0.153864, 0.0, -0.988092, 3.377669, 0.0, 1.0, 0.0, 0.525165, 0.0, 0.0, 0.0, 1.0],
                [0.990071, 0.0, 0.14057, -5e-06, 0.14057, 0.0, -0.990071, 3.376531, 0.0, 1.0, 0.0, 0.528529, 0.0, 0.0, 0.0, 1.0],
                [0.991841, 0.0, 0.127477, -5e-06, 0.127477, 0.0, -0.991841, 3.375406, 0.0, 1.0, 0.0, 0.531927, 0.0, 0.0, 0.0, 1.0],
                [0.993413, 0.0, 0.114588, -5e-06, 0.114588, 0.0, -0.993413, 3.374296, 0.0, 1.0, 0.0, 0.535355, 0.0, 0.0, 0.0, 1.0],
                [0.994794, 0.0, 0.101906, -5e-06, 0.101906, 0.0, -0.994794, 3.373204, 0.0, 1.0, 0.0, 0.53881, 0.0, 0.0, 0.0, 1.0],
                [0.995993, 0.0, 0.089433, -5e-06, 0.089433, 0.0, -0.995993, 3.372134, 0.0, 1.0, 0.0, 0.542288, 0.0, 0.0, 0.0, 1.0],
                [0.997018, 0.0, 0.077171, -5e-06, 0.077171, 0.0, -0.997018, 3.371086, 0.0, 1.0, 0.0, 0.545786, 0.0, 0.0, 0.0, 1.0],
                [0.997877, 0.0, 0.065123, -5e-06, 0.065123, 0.0, -0.997877, 3.370064, 0.0, 1.0, 0.0, 0.5493, 0.0, 0.0, 0.0, 1.0],
                [0.998579, 0.0, 0.05329, -5e-06, 0.05329, 0.0, -0.998579, 3.369071, 0.0, 1.0, 0.0, 0.552827, 0.0, 0.0, 0.0, 1.0],
                [0.999131, 0.0, 0.041672, -5e-06, 0.041672, 0.0, -0.999131, 3.368109, 0.0, 1.0, 0.0, 0.556363, 0.0, 0.0, 0.0, 1.0],
                [0.999542, 0.0, 0.030271, -5e-06, 0.030271, 0.0, -0.999542, 3.367181, 0.0, 1.0, 0.0, 0.559904, 0.0, 0.0, 0.0, 1.0],
                [0.999818, 0.0, 0.019087, -5e-06, 0.019087, 0.0, -0.999818, 3.366289, 0.0, 1.0, 0.0, 0.563447, 0.0, 0.0, 0.0, 1.0],
                [0.999967, 0.0, 0.00812, -5e-06, 0.00812, 0.0, -0.999967, 3.365435, 0.0, 1.0, 0.0, 0.566988, 0.0, 0.0, 0.0, 1.0],
                [0.999997, 0.0, -0.002629, -5e-06, -0.002629, 0.0, -0.999997, 3.364623, 0.0, 1.0, 0.0, 0.570524, 0.0, 0.0, 0.0, 1.0],
                [0.999913, 0.0, -0.013162, -5e-06, -0.013162, 0.0, -0.999913, 3.363855, 0.0, 1.0, 0.0, 0.574051, 0.0, 0.0, 0.0, 1.0],
                [0.999724, 0.0, -0.023477, -5e-06, -0.023477, 0.0, -0.999724, 3.363134, 0.0, 1.0, 0.0, 0.577566, 0.0, 0.0, 0.0, 1.0],
                [0.999436, 0.0, -0.033577, -5e-06, -0.033577, 0.0, -0.999436, 3.362461, 0.0, 1.0, 0.0, 0.581064, 0.0, 0.0, 0.0, 1.0],
                [0.999055, 0.0, -0.043462, -5e-06, -0.043462, 0.0, -0.999055, 3.361841, 0.0, 1.0, 0.0, 0.584543, 0.0, 0.0, 0.0, 1.0],
                [0.998587, 0.0, -0.053132, -5e-06, -0.053132, 0.0, -0.998587, 3.361274, 0.0, 1.0, 0.0, 0.587999, 0.0, 0.0, 0.0, 1.0],
                [0.998039, 0.0, -0.06259, -5e-06, -0.06259, 0.0, -0.998039, 3.360765, 0.0, 1.0, 0.0, 0.591428, 0.0, 0.0, 0.0, 1.0],
                [0.997416, 0.0, -0.071837, -5e-06, -0.071837, 0.0, -0.997416, 3.360316, 0.0, 1.0, 0.0, 0.594827, 0.0, 0.0, 0.0, 1.0],
                [0.996724, 0.0, -0.080874, -5e-06, -0.080874, 0.0, -0.996724, 3.359928, 0.0, 1.0, 0.0, 0.598192, 0.0, 0.0, 0.0, 1.0],
                [0.995969, 0.0, -0.089704, -5e-06, -0.089704, 0.0, -0.995969, 3.359605, 0.0, 1.0, 0.0, 0.601519, 0.0, 0.0, 0.0, 1.0],
                [0.995154, 0.0, -0.098327, -5e-06, -0.098327, 0.0, -0.995154, 3.359349, 0.0, 1.0, 0.0, 0.604805, 0.0, 0.0, 0.0, 1.0],
                [0.994286, 0.0, -0.106746, -5e-06, -0.106746, 0.0, -0.994286, 3.359163, 0.0, 1.0, 0.0, 0.608047, 0.0, 0.0, 0.0, 1.0],
                [0.99337, 0.0, -0.114963, -5e-06, -0.114963, 0.0, -0.99337, 3.35905, 0.0, 1.0, 0.0, 0.61124, 0.0, 0.0, 0.0, 1.0],
                [0.992409, 0.0, -0.12298, -5e-06, -0.12298, 0.0, -0.992409, 3.359011, 0.0, 1.0, 0.0, 0.614382, 0.0, 0.0, 0.0, 1.0],
                [0.991409, 0.0, -0.1308, -5e-06, -0.1308, 0.0, -0.991409, 3.359161, 0.0, 1.0, 0.0, 0.617469, 0.0, 0.0, 0.0, 1.0],
                [0.990373, 0.0, -0.138425, -5e-06, -0.138425, 0.0, -0.990373, 3.359606, 0.0, 1.0, 0.0, 0.620501, 0.0, 0.0, 0.0, 1.0],
                [0.989306, 0.0, -0.145856, -5e-06, -0.145856, 0.0, -0.989306, 3.36034, 0.0, 1.0, 0.0, 0.623478, 0.0, 0.0, 0.0, 1.0],
                [0.988211, 0.0, -0.153098, -5e-06, -0.153098, 0.0, -0.988211, 3.361356, 0.0, 1.0, 0.0, 0.626402, 0.0, 0.0, 0.0, 1.0],
                [0.987092, 0.0, -0.160151, -5e-06, -0.160151, 0.0, -0.987092, 3.362646, 0.0, 1.0, 0.0, 0.629272, 0.0, 0.0, 0.0, 1.0],
                [0.985954, 0.0, -0.167019, -5e-06, -0.167019, 0.0, -0.985954, 3.364205, 0.0, 1.0, 0.0, 0.632089, 0.0, 0.0, 0.0, 1.0],
                [0.984798, 0.0, -0.173705, -5e-06, -0.173705, 0.0, -0.984798, 3.366026, 0.0, 1.0, 0.0, 0.634854, 0.0, 0.0, 0.0, 1.0],
                [0.983628, 0.0, -0.180211, -5e-06, -0.180211, 0.0, -0.983628, 3.368101, 0.0, 1.0, 0.0, 0.637566, 0.0, 0.0, 0.0, 1.0],
                [0.982447, 0.0, -0.186539, -5e-06, -0.186539, 0.0, -0.982447, 3.370425, 0.0, 1.0, 0.0, 0.640226, 0.0, 0.0, 0.0, 1.0],
                [0.981259, 0.0, -0.192693, -5e-06, -0.192693, 0.0, -0.981259, 3.372991, 0.0, 1.0, 0.0, 0.642836, 0.0, 0.0, 0.0, 1.0],
                [0.980065, 0.0, -0.198676, -5e-06, -0.198676, 0.0, -0.980065, 3.375791, 0.0, 1.0, 0.0, 0.645395, 0.0, 0.0, 0.0, 1.0],
                [0.978869, 0.0, -0.204489, -5e-06, -0.204489, 0.0, -0.978869, 3.378819, 0.0, 1.0, 0.0, 0.647903, 0.0, 0.0, 0.0, 1.0],
                [0.977672, 0.0, -0.210136, -5e-06, -0.210136, 0.0, -0.977672, 3.38207, 0.0, 1.0, 0.0, 0.650361, 0.0, 0.0, 0.0, 1.0],
                [0.976478, 0.0, -0.215619, -5e-06, -0.215619, 0.0, -0.976478, 3.385534, 0.0, 1.0, 0.0, 0.652771, 0.0, 0.0, 0.0, 1.0],
                [0.975287, 0.0, -0.220942, -5e-06, -0.220942, 0.0, -0.975287, 3.389207, 0.0, 1.0, 0.0, 0.655131, 0.0, 0.0, 0.0, 1.0],
                [0.974102, 0.0, -0.226107, -5e-06, -0.226107, 0.0, -0.974102, 3.393081, 0.0, 1.0, 0.0, 0.657443, 0.0, 0.0, 0.0, 1.0],
                [0.972926, 0.0, -0.231117, -5e-06, -0.231117, 0.0, -0.972926, 3.39715, 0.0, 1.0, 0.0, 0.659706, 0.0, 0.0, 0.0, 1.0],
                [0.971759, 0.0, -0.235974, -5e-06, -0.235974, 0.0, -0.971759, 3.401406, 0.0, 1.0, 0.0, 0.661923, 0.0, 0.0, 0.0, 1.0],
                [0.970604, 0.0, -0.240682, -5e-06, -0.240682, 0.0, -0.970604, 3.405843, 0.0, 1.0, 0.0, 0.664092, 0.0, 0.0, 0.0, 1.0],
                [0.969462, 0.0, -0.245243, -5e-06, -0.245243, 0.0, -0.969462, 3.410456, 0.0, 1.0, 0.0, 0.666215, 0.0, 0.0, 0.0, 1.0],
                [0.968334, 0.0, -0.24966, -5e-06, -0.24966, 0.0, -0.968334, 3.415236, 0.0, 1.0, 0.0, 0.668291, 0.0, 0.0, 0.0, 1.0],
                [0.967221, 0.0, -0.253935, -5e-06, -0.253935, 0.0, -0.967221, 3.420176, 0.0, 1.0, 0.0, 0.670322, 0.0, 0.0, 0.0, 1.0],
                [0.966126, 0.0, -0.258072, -5e-06, -0.258072, 0.0, -0.966126, 3.425272, 0.0, 1.0, 0.0, 0.672308, 0.0, 0.0, 0.0, 1.0],
                [0.965048, 0.0, -0.262073, -5e-06, -0.262073, 0.0, -0.965048, 3.430515, 0.0, 1.0, 0.0, 0.674248, 0.0, 0.0, 0.0, 1.0],
                [0.963989, 0.0, -0.26594, -5e-06, -0.26594, 0.0, -0.963989, 3.435898, 0.0, 1.0, 0.0, 0.676145, 0.0, 0.0, 0.0, 1.0],
                [0.962951, 0.0, -0.269677, -5e-06, -0.269677, 0.0, -0.962951, 3.441416, 0.0, 1.0, 0.0, 0.677998, 0.0, 0.0, 0.0, 1.0],
                [0.961933, 0.0, -0.273287, -5e-06, -0.273287, 0.0, -0.961933, 3.447062, 0.0, 1.0, 0.0, 0.679807, 0.0, 0.0, 0.0, 1.0],
                [0.960936, 0.0, -0.27677, -5e-06, -0.27677, 0.0, -0.960936, 3.452828, 0.0, 1.0, 0.0, 0.681574, 0.0, 0.0, 0.0, 1.0],
                [0.959962, 0.0, -0.280131, -5e-06, -0.280131, 0.0, -0.959962, 3.458708, 0.0, 1.0, 0.0, 0.683298, 0.0, 0.0, 0.0, 1.0],
                [0.95901, 0.0, -0.283372, -5e-06, -0.283372, 0.0, -0.95901, 3.464696, 0.0, 1.0, 0.0, 0.68498, 0.0, 0.0, 0.0, 1.0],
                [0.958082, 0.0, -0.286495, -5e-06, -0.286495, 0.0, -0.958082, 3.470784, 0.0, 1.0, 0.0, 0.68662, 0.0, 0.0, 0.0, 1.0],
                [0.957177, 0.0, -0.289502, -5e-06, -0.289502, 0.0, -0.957177, 3.476966, 0.0, 1.0, 0.0, 0.68822, 0.0, 0.0, 0.0, 1.0],
                [0.956297, 0.0, -0.292398, -5e-06, -0.292398, 0.0, -0.956297, 3.483236, 0.0, 1.0, 0.0, 0.689778, 0.0, 0.0, 0.0, 1.0],
                [0.955441, 0.0, -0.295183, -5e-06, -0.295183, 0.0, -0.955441, 3.489586, 0.0, 1.0, 0.0, 0.691297, 0.0, 0.0, 0.0, 1.0],
                [0.954609, 0.0, -0.29786, -5e-06, -0.29786, 0.0, -0.954609, 3.49601, 0.0, 1.0, 0.0, 0.692776, 0.0, 0.0, 0.0, 1.0],
                [0.953803, 0.0, -0.300433, -5e-06, -0.300433, 0.0, -0.953803, 3.502501, 0.0, 1.0, 0.0, 0.694216, 0.0, 0.0, 0.0, 1.0],
                [0.953022, 0.0, -0.302902, -5e-06, -0.302902, 0.0, -0.953022, 3.509052, 0.0, 1.0, 0.0, 0.695617, 0.0, 0.0, 0.0, 1.0],
                [0.952265, 0.0, -0.305271, -5e-06, -0.305271, 0.0, -0.952265, 3.515657, 0.0, 1.0, 0.0, 0.69698, 0.0, 0.0, 0.0, 1.0],
                [0.951535, 0.0, -0.307542, -5e-06, -0.307542, 0.0, -0.951535, 3.522309, 0.0, 1.0, 0.0, 0.698304, 0.0, 0.0, 0.0, 1.0],
                [0.950829, 0.0, -0.309717, -5e-06, -0.309717, 0.0, -0.950829, 3.529001, 0.0, 1.0, 0.0, 0.699592, 0.0, 0.0, 0.0, 1.0],
                [0.950148, 0.0, -0.311799, -5e-06, -0.311799, 0.0, -0.950148, 3.535727, 0.0, 1.0, 0.0, 0.700843, 0.0, 0.0, 0.0, 1.0],
                [0.949493, 0.0, -0.313789, -5e-06, -0.313789, 0.0, -0.949493, 3.54248, 0.0, 1.0, 0.0, 0.702057, 0.0, 0.0, 0.0, 1.0],
                [0.948862, 0.0, -0.315691, -5e-06, -0.315691, 0.0, -0.948862, 3.549252, 0.0, 1.0, 0.0, 0.703235, 0.0, 0.0, 0.0, 1.0],
                [0.948256, 0.0, -0.317506, -5e-06, -0.317506, 0.0, -0.948256, 3.556038, 0.0, 1.0, 0.0, 0.704378, 0.0, 0.0, 0.0, 1.0],
                [0.947675, 0.0, -0.319237, -5e-06, -0.319237, 0.0, -0.947675, 3.562831, 0.0, 1.0, 0.0, 0.705485, 0.0, 0.0, 0.0, 1.0],
                [0.947118, 0.0, -0.320885, -5e-06, -0.320885, 0.0, -0.947118, 3.569624, 0.0, 1.0, 0.0, 0.706558, 0.0, 0.0, 0.0, 1.0],
                [0.946585, 0.0, -0.322454, -5e-06, -0.322454, 0.0, -0.946585, 3.57641, 0.0, 1.0, 0.0, 0.707597, 0.0, 0.0, 0.0, 1.0],
                [0.946076, 0.0, -0.323944, -5e-06, -0.323944, 0.0, -0.946076, 3.583183, 0.0, 1.0, 0.0, 0.708602, 0.0, 0.0, 0.0, 1.0],
                [0.94559, 0.0, -0.325359, -5e-06, -0.325359, 0.0, -0.94559, 3.589936, 0.0, 1.0, 0.0, 0.709574, 0.0, 0.0, 0.0, 1.0],
                [0.945128, 0.0, -0.326701, -5e-06, -0.326701, 0.0, -0.945128, 3.596662, 0.0, 1.0, 0.0, 0.710513, 0.0, 0.0, 0.0, 1.0],
                [0.944688, 0.0, -0.32797, -5e-06, -0.32797, 0.0, -0.944688, 3.603354, 0.0, 1.0, 0.0, 0.71142, 0.0, 0.0, 0.0, 1.0],
                [0.94427, 0.0, -0.329171, -5e-06, -0.329171, 0.0, -0.94427, 3.610006, 0.0, 1.0, 0.0, 0.712295, 0.0, 0.0, 0.0, 1.0],
                [0.943875, 0.0, -0.330304, -5e-06, -0.330304, 0.0, -0.943875, 3.616611, 0.0, 1.0, 0.0, 0.713139, 0.0, 0.0, 0.0, 1.0],
                [0.9435, 0.0, -0.331372, -5e-06, -0.331372, 0.0, -0.9435, 3.623162, 0.0, 1.0, 0.0, 0.713951, 0.0, 0.0, 0.0, 1.0],
                [0.943147, 0.0, -0.332377, -5e-06, -0.332377, 0.0, -0.943147, 3.629653, 0.0, 1.0, 0.0, 0.714734, 0.0, 0.0, 0.0, 1.0],
                [0.942814, 0.0, -0.33332, -5e-06, -0.33332, 0.0, -0.942814, 3.636077, 0.0, 1.0, 0.0, 0.715486, 0.0, 0.0, 0.0, 1.0],
                [0.942501, 0.0, -0.334205, -5e-06, -0.334205, 0.0, -0.942501, 3.642427, 0.0, 1.0, 0.0, 0.716209, 0.0, 0.0, 0.0, 1.0],
                [0.942207, 0.0, -0.335032, -5e-06, -0.335032, 0.0, -0.942207, 3.648696, 0.0, 1.0, 0.0, 0.716902, 0.0, 0.0, 0.0, 1.0],
                [0.941932, 0.0, -0.335804, -5e-06, -0.335804, 0.0, -0.941932, 3.654878, 0.0, 1.0, 0.0, 0.717567, 0.0, 0.0, 0.0, 1.0],
                [0.941675, 0.0, -0.336523, -5e-06, -0.336523, 0.0, -0.941675, 3.660967, 0.0, 1.0, 0.0, 0.718204, 0.0, 0.0, 0.0, 1.0],
                [0.941436, 0.0, -0.33719, -5e-06, -0.33719, 0.0, -0.941436, 3.666954, 0.0, 1.0, 0.0, 0.718813, 0.0, 0.0, 0.0, 1.0],
                [0.941215, 0.0, -0.337809, -5e-06, -0.337809, 0.0, -0.941215, 3.672835, 0.0, 1.0, 0.0, 0.719395, 0.0, 0.0, 0.0, 1.0],
                [0.94101, 0.0, -0.33838, -5e-06, -0.33838, 0.0, -0.94101, 3.678601, 0.0, 1.0, 0.0, 0.719951, 0.0, 0.0, 0.0, 1.0],
                [0.94082, 0.0, -0.338906, -5e-06, -0.338906, 0.0, -0.94082, 3.684247, 0.0, 1.0, 0.0, 0.72048, 0.0, 0.0, 0.0, 1.0],
                [0.940647, 0.0, -0.339388, -5e-06, -0.339388, 0.0, -0.940647, 3.689764, 0.0, 1.0, 0.0, 0.720983, 0.0, 0.0, 0.0, 1.0],
                [0.940488, 0.0, -0.339828, -5e-06, -0.339828, 0.0, -0.940488, 3.695148, 0.0, 1.0, 0.0, 0.72146, 0.0, 0.0, 0.0, 1.0],
                [0.940343, 0.0, -0.340229, -5e-06, -0.340229, 0.0, -0.940343, 3.700391, 0.0, 1.0, 0.0, 0.721913, 0.0, 0.0, 0.0, 1.0],
                [0.940211, 0.0, -0.340592, -5e-06, -0.340592, 0.0, -0.940211, 3.705486, 0.0, 1.0, 0.0, 0.722342, 0.0, 0.0, 0.0, 1.0],
                [0.940093, 0.0, -0.340919, -5e-06, -0.340919, 0.0, -0.940093, 3.710427, 0.0, 1.0, 0.0, 0.722746, 0.0, 0.0, 0.0, 1.0],
                [0.939986, 0.0, -0.341212, -5e-06, -0.341212, 0.0, -0.939986, 3.715207, 0.0, 1.0, 0.0, 0.723127, 0.0, 0.0, 0.0, 1.0],
                [0.939892, 0.0, -0.341473, -5e-06, -0.341473, 0.0, -0.939892, 3.719819, 0.0, 1.0, 0.0, 0.723485, 0.0, 0.0, 0.0, 1.0],
                [0.939808, 0.0, -0.341703, -5e-06, -0.341703, 0.0, -0.939808, 3.724257, 0.0, 1.0, 0.0, 0.72382, 0.0, 0.0, 0.0, 1.0],
                [0.939735, 0.0, -0.341905, -5e-06, -0.341905, 0.0, -0.939735, 3.728513, 0.0, 1.0, 0.0, 0.724133, 0.0, 0.0, 0.0, 1.0],
                [0.939671, 0.0, -0.34208, -5e-06, -0.34208, 0.0, -0.939671, 3.732582, 0.0, 1.0, 0.0, 0.724424, 0.0, 0.0, 0.0, 1.0],
                [0.939616, 0.0, -0.342231, -5e-06, -0.342231, 0.0, -0.939616, 3.736456, 0.0, 1.0, 0.0, 0.724694, 0.0, 0.0, 0.0, 1.0],
                [0.939569, 0.0, -0.342359, -5e-06, -0.342359, 0.0, -0.939569, 3.740128, 0.0, 1.0, 0.0, 0.724943, 0.0, 0.0, 0.0, 1.0],
                [0.939531, 0.0, -0.342465, -5e-06, -0.342465, 0.0, -0.939531, 3.743593, 0.0, 1.0, 0.0, 0.725172, 0.0, 0.0, 0.0, 1.0],
                [0.939499, 0.0, -0.342552, -5e-06, -0.342552, 0.0, -0.939499, 3.746843, 0.0, 1.0, 0.0, 0.725381, 0.0, 0.0, 0.0, 1.0],
                [0.939473, 0.0, -0.342622, -5e-06, -0.342622, 0.0, -0.939473, 3.749872, 0.0, 1.0, 0.0, 0.725571, 0.0, 0.0, 0.0, 1.0],
                [0.939453, 0.0, -0.342676, -5e-06, -0.342676, 0.0, -0.939453, 3.752672, 0.0, 1.0, 0.0, 0.725742, 0.0, 0.0, 0.0, 1.0],
                [0.939439, 0.0, -0.342717, -5e-06, -0.342717, 0.0, -0.939439, 3.755237, 0.0, 1.0, 0.0, 0.725894, 0.0, 0.0, 0.0, 1.0],
                [0.939428, 0.0, -0.342745, -5e-06, -0.342745, 0.0, -0.939428, 3.757561, 0.0, 1.0, 0.0, 0.726029, 0.0, 0.0, 0.0, 1.0],
                [0.939422, 0.0, -0.342764, -5e-06, -0.342764, 0.0, -0.939422, 3.759637, 0.0, 1.0, 0.0, 0.726146, 0.0, 0.0, 0.0, 1.0],
                [0.939418, 0.0, -0.342774, -5e-06, -0.342774, 0.0, -0.939418, 3.761458, 0.0, 1.0, 0.0, 0.726245, 0.0, 0.0, 0.0, 1.0],
                [0.939417, 0.0, -0.342777, -5e-06, -0.342777, 0.0, -0.939417, 3.763017, 0.0, 1.0, 0.0, 0.726329, 0.0, 0.0, 0.0, 1.0],
                [0.939417, 0.0, -0.342776, -5e-06, -0.342776, 0.0, -0.939417, 3.764307, 0.0, 1.0, 0.0, 0.726396, 0.0, 0.0, 0.0, 1.0],
                [0.939419, 0.0, -0.342772, -5e-06, -0.342772, 0.0, -0.939419, 3.765323, 0.0, 1.0, 0.0, 0.726447, 0.0, 0.0, 0.0, 1.0],
                [0.939421, 0.0, -0.342767, -5e-06, -0.342767, 0.0, -0.939421, 3.766056, 0.0, 1.0, 0.0, 0.726483, 0.0, 0.0, 0.0, 1.0],
                [0.939422, 0.0, -0.342762, -5e-06, -0.342762, 0.0, -0.939422, 3.766501, 0.0, 1.0, 0.0, 0.726504, 0.0, 0.0, 0.0, 1.0],
                [0.939423, 0.0, -0.342761, -5e-06, -0.342761, 0.0, -0.939423, 3.766651, 0.0, 1.0, 0.0, 0.726511, 0.0, 0.0, 0.0, 1.0]
            ]
        },
        {
            "name": "Thigh_R",
            "time": [0.0, 0.0167, 0.0333, 0.05, 0.0667, 0.0833, 0.1, 0.1167, 0.1333, 0.15, 0.1667, 0.1833, 0.2, 0.2167, 0.2333, 0.25, 0.2667, 0.2833, 0.3, 0.3167, 0.3333, 0.35, 0.3667, 0.3833, 0.4, 0.4167, 0.4333, 0.45, 0.4667, 0.4833, 0.5, 0.5167, 0.5333, 0.55, 0.5667, 0.5833, 0.6, 0.6167, 0.6333, 0.65, 0.6667, 0.6833, 0.7, 0.7167, 0.7333, 0.75, 0.7667, 0.7833, 0.8, 0.8167, 0.8333, 0.85, 0.8667, 0.8833, 0.9, 0.9167, 0.9333, 0.95, 0.9667, 0.9833, 1.0, 1.0167, 1.0333, 1.05, 1.0667, 1.0833, 1.1, 1.1167, 1.1333, 1.15, 1.1667, 1.1833, 1.2, 1.2167, 1.2333, 1.25, 1.2667, 1.2833, 1.3, 1.3167, 1.3333, 1.35, 1.3667, 1.3833, 1.4, 1.4167, 1.4333, 1.45, 1.4667, 1.4833, 1.5, 1.5167, 1.5333, 1.55, 1.5667, 1.5833, 1.6, 1.6167, 1.6333, 1.65, 1.6667, 1.6833, 1.7, 1.7167, 1.7333, 1.75, 1.7667, 1.7833, 1.8, 1.8167, 1.8333, 1.85, 1.8667, 1.8833, 1.9, 1.9167, 1.9333, 1.95, 1.9667, 1.9833, 2.0, 2.0167, 2.0333, 2.05, 2.0667, 2.0833, 2.1, 2.1167, 2.1333, 2.15, 2.1667, 2.1833, 2.2, 2.2167, 2.2333, 2.25, 2.2667, 2.2833, 2.3, 2.3167, 2.3333, 2.35, 2.3667, 2.3833, 2.4, 2.4167, 2.4333, 2.45, 2.4667, 2.4833, 2.5, 2.5167, 2.5333, 2.55, 2.5667, 2.5833, 2.6, 2.6167, 2.6333, 2.65, 2.6667, 2.6833, 2.7, 2.7167, 2.7333, 2.75, 2.7667, 2.7833, 2.8, 2.8167, 2.8333, 2.85, 2.8667, 2.8833, 2.9, 2.9167, 2.9333, 2.95, 2.9667, 2.9833, 3.0, 3.0167, 3.0333, 3.05, 3.0667, 3.0833, 3.1, 3.1167, 3.1333, 3.15, 3.1667, 3.1833, 3.2, 3.2167, 3.2333, 3.25, 3.2667, 3.2833, 3.3, 3.3167, 3.3333],
            "transform": [
                [0.999652, 0.012379, 0.02328, 0.124994, 0.007986, -0.983604, 0.180152, -0.002831, 0.025128, -0.179903, -0.983364, -1.2e-05, 0.0, 0.0, 0.0, 1.0],
                [0.999695, 0.006277, 0.02385, 0.124994, 0.001992, -0.984457, 0.175604, -0.002831, 0.024582, -0.175502, -0.984172, -1.2e-05, 0.0, 0.0, 0.0, 1.0],
                [0.999627, -0.010319, 0.025264, 0.124994, -0.014294, -0.986579, 0.162644, -0.002831, 0.023246, -0.162944, -0.986362, -1.2e-05, 0.0, 0.0, 0.0, 1.0],
                [0.999029, -0.034845, 0.026946, 0.124994, -0.038335, -0.989083, 0.142272, -0.002831, 0.021695, -0.143166, -0.989461, -1.2e-05, 0.0, 0.0, 0.0, 1.0],
                [0.997503, -0.064702, 0.028276, 0.124994, -0.067554, -0.991005, 0.115504, -0.002831, 0.020549, -0.117125, -0.992905, -1.2e-05, 0.0, 0.0, 0.0, 1.0],
                [0.994847, -0.097231, 0.028709, 0.124994, -0.099317, -0.991551, 0.083422, -0.002831, 0.020355, -0.085843, -0.996101, -1.2e-05, 0.0, 0.0, 0.0, 1.0],
                [0.991156, -0.129735, 0.027881, 0.124994, -0.130945, -0.990264, 0.047183, -0.002831, 0.021489, -0.050416, -0.998497, -1.2e-05, 0.0, 0.0, 0.0, 1.0],
                [0.98686, -0.159522, 0.025684, 0.124994, -0.159772, -0.987119, 0.007991, -0.002831, 0.024078, -0.011989, -0.999638, -1.2e-05, 0.0, 0.0, 0.0, 1.0],
                [0.982679, -0.183964, 0.0223, 0.124994, -0.183188, -0.982524, -0.03294, -0.002831, 0.02797, 0.028285, -0.999209, -1.2e-05, 0.0, 0.0, 0.0, 1.0],
                [0.979518, -0.200528, 0.018211, 0.124994, -0.198676, -0.977231, -0.074447, -0.002831, 0.032726, 0.069304, -0.997059, -1.2e-05, 0.0, 0.0, 0.0, 1.0],
                [0.978289, -0.206761, 0.014165, 0.124994, -0.203799, -0.97218, -0.115443, -0.002831, 0.03764, 0.11005, -0.993213, -1.2e-05, 0.0, 0.0, 0.0, 1.0],
                [0.977832, -0.20722, 0.03007, 0.124994, -0.20011, -0.967085, -0.157158, -0.002831, 0.061646, 0.147657, -0.987116, -1.2e-05, 0.0, 0.0, 0.0, 1.0],
                [0.974895, -0.207841, 0.079878, 0.124994, -0.188554, -0.961414, -0.200318, -0.002831, 0.11843, 0.180228, -0.97647, -1.2e-05, 0.0, 0.0, 0.0, 1.0],
                [0.965803, -0.207513, 0.155443, 0.124994, -0.166341, -0.955794, -0.242455, -0.002831, 0.198885, 0.208307, -0.957629, -1.2e-05, 0.0, 0.0, 0.0, 1.0],
                [0.946968, -0.204325, 0.247997, 0.124994, -0.131764, -0.950836, -0.28026, -0.002831, 0.293069, 0.23272, -0.927336, -1.2e-05, 0.0, 0.0, 0.0, 1.0],
                [0.91674, -0.195835, 0.348189, 0.124994, -0.084532, -0.946955, -0.310042, -0.002831, 0.390438, 0.254795, -0.884668, -1.2e-05, 0.0, 0.0, 0.0, 1.0],
                [0.876433, -0.179355, 0.446873, 0.124994, -0.025729, -0.944158, -0.328481, -0.002831, 0.480834, 0.276394, -0.832109, -1.2e-05, 0.0, 0.0, 0.0, 1.0],
                [0.830288, -0.152113, 0.536174, 0.124994, 0.042708, -0.941838, -0.333336, -0.002831, 0.555695, 0.299664, -0.775503, -1.2e-05, 0.0, 0.0, 0.0, 1.0],
                [0.784463, -0.111209, 0.610123, 0.124994, 0.118824, -0.938611, -0.323862, -0.002831, 0.608685, 0.326555, -0.723093, -1.2e-05, 0.0, 0.0, 0.0, 1.0],
                [0.745519, -0.053307, 0.664349, 0.124994, 0.201459, -0.932142, -0.300868, -0.002831, 0.635306, 0.358142, -0.684192, -1.2e-05, 0.0, 0.0, 0.0, 1.0],
                [0.718808, 0.025767, 0.694731, 0.124994, 0.290722, -0.918879, -0.266717, -0.002831, 0.631502, 0.393692, -0.66799, -1.2e-05, 0.0, 0.0, 0.0, 1.0],
                [0.698119, 0.125544, 0.704889, 0.124994, 0.385904, -0.895241, -0.222751, -0.002831, 0.603081, 0.427526, -0.673435, -1.2e-05, 0.0, 0.0, 0.0, 1.0],
                [0.673113, 0.231441, 0.702391, 0.124994, 0.476448, -0.862109, -0.172518, -0.002831, 0.56561, 0.450777, -0.690569, -1.2e-05, 0.0, 0.0, 0.0, 1.0],
                [0.645445, 0.32758, 0.689994, 0.124994, 0.549947, -0.826211, -0.122188, -0.002831, 0.530054, 0.458326, -0.713428, -1.2e-05, 0.0, 0.0, 0.0, 1.0],
                [0.621749, 0.400123, 0.673296, 0.124994, 0.596409, -0.799085, -0.075871, -0.002831, 0.507664, 0.448733, -0.73547, -1.2e-05, 0.0, 0.0, 0.0, 1.0],
                [0.610724, 0.437504, 0.660004, 0.124994, 0.607111, -0.793818, -0.035571, -0.002831, 0.508362, 0.42242, -0.750419, -1.2e-05, 0.0, 0.0, 0.0, 1.0],
                [0.613975, 0.443143, 0.653191, 0.124994, 0.58465, -0.811283, 0.00085, -0.002831, 0.530299, 0.381366, -0.757193, -1.2e-05, 0.0, 0.0, 0.0, 1.0],
                [0.625951, 0.43017, 0.650491, 0.124994, 0.540231, -0.840739, 0.036133, -0.002831, 0.562437, 0.328797, -0.758655, -1.2e-05, 0.0, 0.0, 0.0, 1.0],
                [0.643, 0.401748, 0.652034, 0.124994, 0.477021, -0.876144, 0.069423, -0.002831, 0.599167, 0.266395, -0.755005, -1.2e-05, 0.0, 0.0, 0.0, 1.0],
                [0.661191, 0.361346, 0.65746, 0.124994, 0.399212, -0.911446, 0.099465, -0.002831, 0.635181, 0.196701, -0.746896, -1.2e-05, 0.0, 0.0, 0.0, 1.0],
                [0.67713, 0.313199, 0.665884, 0.124994, 0.312629, -0.941615, 0.124983, -0.002831, 0.666152, 0.123545, -0.735513, -1.2e-05, 0.0, 0.0, 0.0, 1.0],
                [0.688682, 0.262296, 0.675956, 0.124994, 0.224606, -0.963588, 0.145075, -0.002831, 0.689397, 0.051914, -0.722521, -1.2e-05, 0.0, 0.0, 0.0, 1.0],
                [0.695376, 0.213999, 0.686044, 0.124994, 0.143263, -0.97675, 0.15947, -0.002831, 0.704221, -0.012606, -0.709869, -1.2e-05, 0.0, 0.0, 0.0, 1.0],
                [0.698302, 0.173546, 0.694447, 0.124994, 0.076605, -0.982709, 0.168555, -0.002831, 0.711692, -0.064503, -0.699524, -1.2e-05, 0.0, 0.0, 0.0, 1.0],
                [0.699536, 0.145741, 0.699578, 0.124994, 0.031934, -0.984377, 0.173141, -0.002831, 0.713883, -0.098778, -0.693263, -1.2e-05, 0.0, 0.0, 0.0, 1.0],
                [0.701235, 0.135013, 0.700029, 0.124994, 0.015815, -0.984607, 0.174057, -0.002831, 0.712754, -0.110983, -0.692578, -1.2e-05, 0.0, 0.0, 0.0, 1.0],
                [0.710357, 0.155965, 0.686344, 0.124994, 0.042203, -0.982821, 0.179658, -0.002831, 0.702575, -0.098655, -0.704738, -1.2e-05, 0.0, 0.0, 0.0, 1.0],
                [0.725628, 0.205812, 0.656586, 0.124994, 0.106684, -0.976329, 0.188137, -0.002831, 0.679766, -0.06647, -0.730411, -1.2e-05, 0.0, 0.0, 0.0, 1.0],
                [0.737592, 0.262767, 0.622022, 0.124994, 0.187221, -0.964642, 0.1855, -0.002831, 0.648773, -0.020368, -0.760709, -1.2e-05, 0.0, 0.0, 0.0, 1.0],
                [0.742655, 0.304489, 0.596447, 0.124994, 0.260861, -0.951835, 0.161113, -0.002831, 0.616778, 0.035939, -0.786317, -1.2e-05, 0.0, 0.0, 0.0, 1.0],
                [0.743396, 0.307985, 0.593723, 0.124994, 0.305738, -0.94598, 0.107902, -0.002831, 0.594883, 0.10131, -0.797403, -1.2e-05, 0.0, 0.0, 0.0, 1.0],
                [0.731629, 0.279059, 0.621968, 0.124994, 0.332827, -0.942465, 0.03135, -0.002831, 0.594932, 0.184071, -0.782415, -1.2e-05, 0.0, 0.0, 0.0, 1.0],
                [0.698597, 0.236629, 0.675255, 0.124994, 0.367937, -0.928198, -0.055387, -0.002831, 0.613664, 0.287144, -0.735503, -1.2e-05, 0.0, 0.0, 0.0, 1.0],
                [0.646865, 0.176657, 0.741861, 0.124994, 0.412457, -0.899281, -0.145498, -0.002831, 0.641439, 0.400103, -0.654579, -1.2e-05, 0.0, 0.0, 0.0, 1.0],
                [0.580047, 0.098094, 0.808655, 0.124994, 0.465739, -0.854391, -0.230432, -0.002831, 0.668305, 0.510283, -0.541275, -1.2e-05, 0.0, 0.0, 0.0, 1.0],
                [0.504209, 0.004813, 0.863568, 0.124994, 0.524451, -0.796166, -0.301773, -0.002831, 0.686092, 0.605056, -0.40396, -1.2e-05, 0.0, 0.0, 0.0, 1.0],
                [0.427494, -0.094434, 0.899072, 0.124994, 0.583077, -0.731211, -0.354046, -0.002831, 0.690847, 0.67558, -0.257527, -1.2e-05, 0.0, 0.0, 0.0, 1.0],
                [0.358322, -0.188325, 0.914407, 0.124994, 0.635445, -0.668358, -0.386658, -0.002831, 0.683969, 0.719602, -0.119818, -1.2e-05, 0.0, 0.0, 0.0, 1.0],
                [0.303583, -0.266042, 0.914909, 0.124994, 0.676289, -0.616231, -0.403596, -0.002831, 0.67117, 0.741267, -0.007156, -1.2e-05, 0.0, 0.0, 0.0, 1.0],
                [0.268161, -0.319045, 0.90901, 0.124994, 0.701784, -0.581728, -0.411205, -0.002831, 0.65999, 0.748197, 0.067904, -1.2e-05, 0.0, 0.0, 0.0, 1.0],
                [0.256033, -0.340763, 0.904615, 0.124994, 0.708871, -0.570059, -0.415371, -0.002831, 0.657228, 0.747602, 0.095603, -1.2e-05, 0.0, 0.0, 0.0, 1.0],
                [0.257119, -0.344676, 0.902822, 0.124994, 0.705595, -0.571395, -0.419096, -0.002831, 0.660321, 0.744783, 0.096286, -1.2e-05, 0.0, 0.0, 0.0, 1.0],
                [0.258352, -0.348293, 0.90108, 0.124994, 0.702202, -0.572871, -0.422763, -0.002831, 0.663449, 0.741961, 0.09657, -1.2e-05, 0.0, 0.0, 0.0, 1.0],
                [0.259731, -0.35162, 0.89939, 0.124994, 0.698691, -0.574488, -0.426371, -0.002831, 0.66661, 0.739137, 0.096462, -1.2e-05, 0.0, 0.0, 0.0, 1.0],
                [0.261256, -0.354662, 0.897753, 0.124994, 0.695062, -0.576243, -0.42992, -0.002831, 0.669801, 0.736312, 0.095965, -1.2e-05, 0.0, 0.0, 0.0, 1.0],
                [0.262927, -0.357425, 0.896168, 0.124994, 0.691313, -0.578137, -0.433408, -0.002831, 0.67302, 0.733485, 0.095086, -1.2e-05, 0.0, 0.0, 0.0, 1.0],
                [0.264742, -0.359915, 0.894635, 0.124994, 0.687442, -0.58017, -0.436834, -0.002831, 0.676264, 0.730658, 0.093826, -1.2e-05, 0.0, 0.0, 0.0, 1.0],
                [0.266702, -0.362137, 0.893155, 0.124994, 0.683451, -0.582339, -0.440198, -0.002831, 0.679532, 0.727828, 0.092192, -1.2e-05, 0.0, 0.0, 0.0, 1.0],
                [0.268807, -0.364096, 0.891727, 0.124994, 0.679336, -0.584646, -0.443497, -0.002831, 0.682821, 0.724996, 0.090187, -1.2e-05, 0.0, 0.0, 0.0, 1.0],
                [0.271056, -0.365797, 0.890349, 0.124994, 0.675098, -0.587088, -0.446729, -0.002831, 0.686126, 0.722161, 0.087816, -1.2e-05, 0.0, 0.0, 0.0, 1.0],
                [0.273449, -0.367245, 0.88902, 0.124994, 0.670737, -0.589666, -0.449894, -0.002831, 0.689447, 0.71932, 0.085082, -1.2e-05, 0.0, 0.0, 0.0, 1.0],
                [0.275986, -0.368444, 0.887739, 0.124994, 0.66625, -0.592377, -0.452988, -0.002831, 0.692778, 0.716473, 0.081989, -1.2e-05, 0.0, 0.0, 0.0, 1.0],
                [0.278668, -0.3694, 0.886503, 0.124994, 0.661638, -0.595222, -0.456009, -0.002831, 0.696117, 0.713618, 0.078541, -1.2e-05, 0.0, 0.0, 0.0, 1.0],
