{
    "animation": [
        {
            "name": "Root",
            "time": [0.0, 0.0167, 0.0333, 0.05, 0.0667, 0.0833, 0.1, 0.1167, 0.1333, 0.15, 0.1667, 0.1833, 0.2, 0.2167, 0.2333, 0.25, 0.2667, 0.2833, 0.3, 0.3167, 0.3333, 0.35, 0.3667, 0.3833, 0.4, 0.4167, 0.4333, 0.45, 0.4667, 0.4833, 0.5, 0.5167, 0.5333, 0.55, 0.5667, 0.5833, 0.6, 0.6167, 0.6333, 0.65, 0.6667, 0.6833, 0.7, 0.7167, 0.7333, 0.75, 0.7667, 0.7833, 0.8, 0.8167, 0.8333, 0.85, 0.8667, 0.8833, 0.9, 0.9167, 0.9333, 0.95, 0.9667, 0.9833, 1.0, 1.0167, 1.0333, 1.05, 1.0667, 1.0833, 1.1, 1.1167, 1.1333, 1.15, 1.1667, 1.1833, 1.2, 1.2167, 1.2333, 1.25, 1.2667, 1.2833, 1.3, 1.3167, 1.3333, 1.35, 1.3667, 1.3833, 1.4, 1.4167, 1.4333, 1.45, 1.4667, 1.4833, 1.5],
            "transform": [
                [0.977253, 0.0, -0.212075, -5e-06, -0.212075, 0.0, -0.977253, 0.280461, 0.0, 1.0, 0.0, 0.715199, 0.0, 0.0, 0.0, 1.0],
                [0.977273, 0.0, -0.211983, -5e-06, -0.211983, 0.0, -0.977273, 0.280538, 0.0, 1.0, 0.0, 0.715382, 0.0, 0.0, 0.0, 1.0],
                [0.977385, 0.0, -0.211468, -5e-06, -0.211468, 0.0, -0.977385, 0.281079, 0.0, 1.0, 0.0, 0.715897, 0.0, 0.0, 0.0, 1.0],
                [0.977665, 0.0, -0.210171, -5e-06, -0.210171, 0.0, -0.977665, 0.282547, 0.0, 1.0, 0.0, 0.716692, 0.0, 0.0, 0.0, 1.0],
                [0.978186, 0.0, -0.207732, -5e-06, -0.207732, 0.0, -0.978186, 0.285404, 0.0, 1.0, 0.0, 0.717717, 0.0, 0.0, 0.0, 1.0],
                [0.979014, 0.0, -0.203794, -5e-06, -0.203794, 0.0, -0.979014, 0.290116, 0.0, 1.0, 0.0, 0.718921, 0.0, 0.0, 0.0, 1.0],
                [0.980203, 0.0, -0.197997, -5e-06, -0.197997, 0.0, -0.980203, 0.297144, 0.0, 1.0, 0.0, 0.720252, 0.0, 0.0, 0.0, 1.0],
                [0.981789, 0.0, -0.189975, -5e-06, -0.189975, 0.0, -0.981789, 0.306953, 0.0, 1.0, 0.0, 0.72166, 0.0, 0.0, 0.0, 1.0],
                [0.983783, 0.0, -0.179362, -5e-06, -0.179362, 0.0, -0.983783, 0.320005, 0.0, 1.0, 0.0, 0.723094, 0.0, 0.0, 0.0, 1.0],
                [0.986163, 0.0, -0.16578, -5e-06, -0.16578, 0.0, -0.986163, 0.336765, 0.0, 1.0, 0.0, 0.724502, 0.0, 0.0, 0.0, 1.0],
                [0.98886, 0.0, -0.148846, -5e-06, -0.148846, 0.0, -0.98886, 0.357696, 0.0, 1.0, 0.0, 0.725833, 0.0, 0.0, 0.0, 1.0],
                [0.991753, 0.0, -0.128165, -5e-06, -0.128165, 0.0, -0.991753, 0.38326, 0.0, 1.0, 0.0, 0.727037, 0.0, 0.0, 0.0, 1.0],
                [0.994646, 0.0, -0.103338, -5e-06, -0.103338, 0.0, -0.994646, 0.413923, 0.0, 1.0, 0.0, 0.728062, 0.0, 0.0, 0.0, 1.0],
                [0.997261, 0.0, -0.073962, -5e-06, -0.073962, 0.0, -0.997261, 0.450146, 0.0, 1.0, 0.0, 0.728858, 0.0, 0.0, 0.0, 1.0],
                [0.999214, 0.0, -0.03964, -5e-06, -0.03964, 0.0, -0.999214, 0.492393, 0.0, 1.0, 0.0, 0.729372, 0.0, 0.0, 0.0, 1.0],
                [1.0, 0.0, 0.0, -5e-06, 0.0, 0.0, -1.0, 0.541128, 0.0, 1.0, 0.0, 0.729555, 0.0, 0.0, 0.0, 1.0],
                [0.996986, 0.0, 0.077586, -5e-06, 0.077586, 0.0, -0.996986, 0.627887, 0.0, 1.0, 0.0, 0.715109, 0.0, 0.0, 0.0, 1.0],
                [0.979275, 0.0, 0.202535, -5e-06, 0.202535, 0.0, -0.979275, 0.75938, 0.0, 1.0, 0.0, 0.680659, 0.0, 0.0, 0.0, 1.0],
                [0.941131, 0.0, 0.338043, -5e-06, 0.338043, 0.0, -0.941131, 0.898834, 0.0, 1.0, 0.0, 0.639542, 0.0, 0.0, 0.0, 1.0],
                [0.893643, 0.0, 0.448779, -5e-06, 0.448779, 0.0, -0.893643, 1.009474, 0.0, 1.0, 0.0, 0.605093, 0.0, 0.0, 0.0, 1.0],
                [0.861917, 0.0, 0.50705, -5e-06, 0.50705, 0.0, -0.861917, 1.054526, 0.0, 1.0, 0.0, 0.590646, 0.0, 0.0, 0.0, 1.0],
                [0.848194, 0.0, 0.529686, -5e-06, 0.529686, 0.0, -0.848194, 1.054526, 0.0, 1.0, 0.0, 0.590646, 0.0, 0.0, 0.0, 1.0],
                [0.835809, 0.0, 0.54902, -5e-06, 0.54902, 0.0, -0.835809, 1.054526, 0.0, 1.0, 0.0, 0.590646, 0.0, 0.0, 0.0, 1.0],
                [0.824836, 0.0, 0.565371, -5e-06, 0.565371, 0.0, -0.824836, 1.054526, 0.0, 1.0, 0.0, 0.590646, 0.0, 0.0, 0.0, 1.0],
                [0.815298, 0.0, 0.579042, -5e-06, 0.579042, 0.0, -0.815298, 1.054526, 0.0, 1.0, 0.0, 0.590646, 0.0, 0.0, 0.0, 1.0],
                [0.807173, 0.0, 0.590315, -5e-06, 0.590315, 0.0, -0.807173, 1.054526, 0.0, 1.0, 0.0, 0.590646, 0.0, 0.0, 0.0, 1.0],
                [0.800406, 0.0, 0.599458, -5e-06, 0.599458, 0.0, -0.800406, 1.054526, 0.0, 1.0, 0.0, 0.590646, 0.0, 0.0, 0.0, 1.0],
                [0.794914, 0.0, 0.606723, -5e-06, 0.606723, 0.0, -0.794914, 1.054526, 0.0, 1.0, 0.0, 0.590646, 0.0, 0.0, 0.0, 1.0],
                [0.790591, 0.0, 0.612344, -5e-06, 0.612344, 0.0, -0.790591, 1.054526, 0.0, 1.0, 0.0, 0.590646, 0.0, 0.0, 0.0, 1.0],
                [0.787318, 0.0, 0.616548, -5e-06, 0.616548, 0.0, -0.787318, 1.054526, 0.0, 1.0, 0.0, 0.590646, 0.0, 0.0, 0.0, 1.0],
                [0.784958, 0.0, 0.619548, -5e-06, 0.619548, 0.0, -0.784958, 1.054526, 0.0, 1.0, 0.0, 0.590646, 0.0, 0.0, 0.0, 1.0],
                [0.783371, 0.0, 0.621555, -5e-06, 0.621555, 0.0, -0.783371, 1.054526, 0.0, 1.0, 0.0, 0.590646, 0.0, 0.0, 0.0, 1.0],
                [0.782405, 0.0, 0.622769, -5e-06, 0.622769, 0.0, -0.782405, 1.054526, 0.0, 1.0, 0.0, 0.590646, 0.0, 0.0, 0.0, 1.0],
                [0.781909, 0.0, 0.623393, -5e-06, 0.623393, 0.0, -0.781909, 1.054526, 0.0, 1.0, 0.0, 0.590646, 0.0, 0.0, 0.0, 1.0],
                [0.781726, 0.0, 0.623622, -5e-06, 0.623622, 0.0, -0.781726, 1.054526, 0.0, 1.0, 0.0, 0.590646, 0.0, 0.0, 0.0, 1.0],
                [0.7817, 0.0, 0.623655, -5e-06, 0.623655, 0.0, -0.7817, 1.054526, 0.0, 1.0, 0.0, 0.590646, 0.0, 0.0, 0.0, 1.0],
                [0.7817, 0.0, 0.623655, -5e-06, 0.623655, 0.0, -0.7817, 1.054526, 0.0, 1.0, 0.0, 0.590646, 0.0, 0.0, 0.0, 1.0],
                [0.7817, 0.0, 0.623655, -5e-06, 0.623655, 0.0, -0.7817, 1.054526, 0.0, 1.0, 0.0, 0.590646, 0.0, 0.0, 0.0, 1.0],
                [0.7817, 0.0, 0.623655, -5e-06, 0.623655, 0.0, -0.7817, 1.054526, 0.0, 1.0, 0.0, 0.590646, 0.0, 0.0, 0.0, 1.0],
                [0.7817, 0.0, 0.623655, -5e-06, 0.623655, 0.0, -0.7817, 1.054526, 0.0, 1.0, 0.0, 0.590646, 0.0, 0.0, 0.0, 1.0],
                [0.7817, 0.0, 0.623655, -5e-06, 0.623655, 0.0, -0.7817, 1.054526, 0.0, 1.0, 0.0, 0.590646, 0.0, 0.0, 0.0, 1.0],
                [0.7817, 0.0, 0.623655, -5e-06, 0.623655, 0.0, -0.7817, 1.054526, 0.0, 1.0, 0.0, 0.590646, 0.0, 0.0, 0.0, 1.0],
                [0.7817, 0.0, 0.623655, -5e-06, 0.623655, 0.0, -0.7817, 1.054526, 0.0, 1.0, 0.0, 0.590646, 0.0, 0.0, 0.0, 1.0],
                [0.7817, 0.0, 0.623655, -5e-06, 0.623655, 0.0, -0.7817, 1.054526, 0.0, 1.0, 0.0, 0.590646, 0.0, 0.0, 0.0, 1.0],
                [0.7817, 0.0, 0.623655, -5e-06, 0.623655, 0.0, -0.7817, 1.054526, 0.0, 1.0, 0.0, 0.590646, 0.0, 0.0, 0.0, 1.0],
                [0.7817, 0.0, 0.623655, -5e-06, 0.623655, 0.0, -0.7817, 1.054526, 0.0, 1.0, 0.0, 0.590646, 0.0, 0.0, 0.0, 1.0],
                [0.7817, 0.0, 0.623655, -5e-06, 0.623655, 0.0, -0.7817, 1.054526, 0.0, 1.0, 0.0, 0.590646, 0.0, 0.0, 0.0, 1.0],
                [0.7817, 0.0, 0.623655, -5e-06, 0.623655, 0.0, -0.7817, 1.054526, 0.0, 1.0, 0.0, 0.590646, 0.0, 0.0, 0.0, 1.0],
                [0.7817, 0.0, 0.623655, -5e-06, 0.623655, 0.0, -0.7817, 1.054526, 0.0, 1.0, 0.0, 0.590646, 0.0, 0.0, 0.0, 1.0],
                [0.7817, 0.0, 0.623655, -5e-06, 0.623655, 0.0, -0.7817, 1.054526, 0.0, 1.0, 0.0, 0.590646, 0.0, 0.0, 0.0, 1.0],
                [0.7817, 0.0, 0.623655, -5e-06, 0.623655, 0.0, -0.7817, 1.054526, 0.0, 1.0, 0.0, 0.590646, 0.0, 0.0, 0.0, 1.0],
                [0.7817, 0.0, 0.623655, -5e-06, 0.623655, 0.0, -0.7817, 1.054526, 0.0, 1.0, 0.0, 0.590646, 0.0, 0.0, 0.0, 1.0],
                [0.7817, 0.0, 0.623655, -5e-06, 0.623655, 0.0, -0.7817, 1.054526, 0.0, 1.0, 0.0, 0.590646, 0.0, 0.0, 0.0, 1.0],
                [0.7817, 0.0, 0.623655, -5e-06, 0.623655, 0.0, -0.7817, 1.054526, 0.0, 1.0, 0.0, 0.590646, 0.0, 0.0, 0.0, 1.0],
                [0.7817, 0.0, 0.623655, -5e-06, 0.623655, 0.0, -0.7817, 1.054526, 0.0, 1.0, 0.0, 0.590646, 0.0, 0.0, 0.0, 1.0],
                [0.7817, 0.0, 0.623655, -5e-06, 0.623655, 0.0, -0.7817, 1.054526, 0.0, 1.0, 0.0, 0.590646, 0.0, 0.0, 0.0, 1.0],
                [0.7817, 0.0, 0.623655, -5e-06, 0.623655, 0.0, -0.7817, 1.054526, 0.0, 1.0, 0.0, 0.590646, 0.0, 0.0, 0.0, 1.0],
                [0.7817, 0.0, 0.623655, -5e-06, 0.623655, 0.0, -0.7817, 1.054526, 0.0, 1.0, 0.0, 0.590646, 0.0, 0.0, 0.0, 1.0],
                [0.7817, 0.0, 0.623655, -5e-06, 0.623655, 0.0, -0.7817, 1.054526, 0.0, 1.0, 0.0, 0.590646, 0.0, 0.0, 0.0, 1.0],
                [0.7817, 0.0, 0.623655, -5e-06, 0.623655, 0.0, -0.7817, 1.054526, 0.0, 1.0, 0.0, 0.590646, 0.0, 0.0, 0.0, 1.0],
                [0.7817, 0.0, 0.623655, -5e-06, 0.623655, 0.0, -0.7817, 1.054526, 0.0, 1.0, 0.0, 0.590646, 0.0, 0.0, 0.0, 1.0],
                [0.783823, 0.0, 0.620985, -5e-06, 0.620985, 0.0, -0.783823, 1.056416, 0.0, 1.0, 0.0, 0.591005, 0.0, 0.0, 0.0, 1.0],
                [0.789957, 0.0, 0.613162, -5e-06, 0.613162, 0.0, -0.789957, 1.061915, 0.0, 1.0, 0.0, 0.59205, 0.0, 0.0, 0.0, 1.0],
                [0.7997, 0.0, 0.600399, -5e-06, 0.600399, 0.0, -0.7997, 1.070766, 0.0, 1.0, 0.0, 0.593732, 0.0, 0.0, 0.0, 1.0],
                [0.812585, 0.0, 0.582843, -5e-06, 0.582843, 0.0, -0.812585, 1.082709, 0.0, 1.0, 0.0, 0.596001, 0.0, 0.0, 0.0, 1.0],
                [0.828089, 0.0, 0.560597, -5e-06, 0.560597, 0.0, -0.828089, 1.097489, 0.0, 1.0, 0.0, 0.598809, 0.0, 0.0, 0.0, 1.0],
                [0.845639, 0.0, 0.533755, -5e-06, 0.533755, 0.0, -0.845639, 1.114846, 0.0, 1.0, 0.0, 0.602106, 0.0, 0.0, 0.0, 1.0],
                [0.864623, 0.0, 0.50242, -5e-06, 0.50242, 0.0, -0.864623, 1.134523, 0.0, 1.0, 0.0, 0.605845, 0.0, 0.0, 0.0, 1.0],
                [0.884396, 0.0, 0.466736, -5e-06, 0.466736, 0.0, -0.884396, 1.156262, 0.0, 1.0, 0.0, 0.609975, 0.0, 0.0, 0.0, 1.0],
                [0.904297, 0.0, 0.426904, -5e-06, 0.426904, 0.0, -0.904297, 1.179806, 0.0, 1.0, 0.0, 0.614448, 0.0, 0.0, 0.0, 1.0],
                [0.923666, 0.0, 0.3832, -5e-06, 0.3832, 0.0, -0.923666, 1.204896, 0.0, 1.0, 0.0, 0.619215, 0.0, 0.0, 0.0, 1.0],
                [0.941865, 0.0, 0.335991, -5e-06, 0.335991, 0.0, -0.941865, 1.231275, 0.0, 1.0, 0.0, 0.624227, 0.0, 0.0, 0.0, 1.0],
                [0.958307, 0.0, 0.285741, -5e-06, 0.285741, 0.0, -0.958307, 1.258686, 0.0, 1.0, 0.0, 0.629435, 0.0, 0.0, 0.0, 1.0],
                [0.972476, 0.0, 0.233005, -5e-06, 0.233005, 0.0, -0.972476, 1.286869, 0.0, 1.0, 0.0, 0.63479, 0.0, 0.0, 0.0, 1.0],
                [0.983954, 0.0, 0.178421, -5e-06, 0.178421, 0.0, -0.983954, 1.315569, 0.0, 1.0, 0.0, 0.640243, 0.0, 0.0, 0.0, 1.0],
                [0.992444, 0.0, 0.122697, -5e-06, 0.122697, 0.0, -0.992444, 1.344526, 0.0, 1.0, 0.0, 0.645744, 0.0, 0.0, 0.0, 1.0],
                [0.997781, 0.0, 0.066583, -5e-06, 0.066583, 0.0, -0.997781, 1.373483, 0.0, 1.0, 0.0, 0.651246, 0.0, 0.0, 0.0, 1.0],
                [0.999941, 0.0, 0.010847, -5e-06, 0.010847, 0.0, -0.999941, 1.402182, 0.0, 1.0, 0.0, 0.656699, 0.0, 0.0, 0.0, 1.0],
                [0.999042, 0.0, -0.043752, -5e-06, -0.043752, 0.0, -0.999042, 1.430366, 0.0, 1.0, 0.0, 0.662053, 0.0, 0.0, 0.0, 1.0],
                [0.995334, 0.0, -0.096494, -5e-06, -0.096494, 0.0, -0.995334, 1.457776, 0.0, 1.0, 0.0, 0.667261, 0.0, 0.0, 0.0, 1.0],
                [0.989179, 0.0, -0.146713, -5e-06, -0.146713, 0.0, -0.989179, 1.484155, 0.0, 1.0, 0.0, 0.672273, 0.0, 0.0, 0.0, 1.0],
                [0.981038, 0.0, -0.193818, -5e-06, -0.193818, 0.0, -0.981038, 1.509246, 0.0, 1.0, 0.0, 0.67704, 0.0, 0.0, 0.0, 1.0],
                [0.971437, 0.0, -0.237298, -5e-06, -0.237298, 0.0, -0.971437, 1.532789, 0.0, 1.0, 0.0, 0.681513, 0.0, 0.0, 0.0, 1.0],
                [0.96095, 0.0, -0.276723, -5e-06, -0.276723, 0.0, -0.96095, 1.554529, 0.0, 1.0, 0.0, 0.685644, 0.0, 0.0, 0.0, 1.0],
                [0.950168, 0.0, -0.311737, -5e-06, -0.311737, 0.0, -0.950168, 1.574206, 0.0, 1.0, 0.0, 0.689382, 0.0, 0.0, 0.0, 1.0],
                [0.939683, 0.0, -0.342045, -5e-06, -0.342045, 0.0, -0.939683, 1.591563, 0.0, 1.0, 0.0, 0.69268, 0.0, 0.0, 0.0, 1.0],
                [0.930064, 0.0, -0.367397, -5e-06, -0.367397, 0.0, -0.930064, 1.606342, 0.0, 1.0, 0.0, 0.695488, 0.0, 0.0, 0.0, 1.0],
                [0.921843, 0.0, -0.387563, -5e-06, -0.387563, 0.0, -0.921843, 1.618286, 0.0, 1.0, 0.0, 0.697757, 0.0, 0.0, 0.0, 1.0],
                [0.915502, 0.0, -0.402314, -5e-06, -0.402314, 0.0, -0.915502, 1.627136, 0.0, 1.0, 0.0, 0.699439, 0.0, 0.0, 0.0, 1.0],
                [0.911457, 0.0, -0.411396, -5e-06, -0.411396, 0.0, -0.911457, 1.632635, 0.0, 1.0, 0.0, 0.700483, 0.0, 0.0, 0.0, 1.0],
                [0.910048, 0.0, -0.414502, -5e-06, -0.414502, 0.0, -0.910048, 1.634526, 0.0, 1.0, 0.0, 0.700842, 0.0, 0.0, 0.0, 1.0]
            ]
        },
        {
            "name": "Thigh_R",
            "time": [0.0, 0.0167, 0.0333, 0.05, 0.0667, 0.0833, 0.1, 0.1167, 0.1333, 0.15, 0.1667, 0.1833, 0.2, 0.2167, 0.2333, 0.25, 0.2667, 0.2833, 0.3, 0.3167, 0.3333, 0.35, 0.3667, 0.3833, 0.4, 0.4167, 0.4333, 0.45, 0.4667, 0.4833, 0.5, 0.5167, 0.5333, 0.55, 0.5667, 0.5833, 0.6, 0.6167, 0.6333, 0.65, 0.6667, 0.6833, 0.7, 0.7167, 0.7333, 0.75, 0.7667, 0.7833, 0.8, 0.8167, 0.8333, 0.85, 0.8667, 0.8833, 0.9, 0.9167, 0.9333, 0.95, 0.9667, 0.9833, 1.0, 1.0167, 1.0333, 1.05, 1.0667, 1.0833, 1.1, 1.1167, 1.1333, 1.15, 1.1667, 1.1833, 1.2, 1.2167, 1.2333, 1.25, 1.2667, 1.2833, 1.3, 1.3167, 1.3333, 1.35, 1.3667, 1.3833, 1.4, 1.4167, 1.4333, 1.45, 1.4667, 1.4833, 1.5],
            "transform": [
                [0.870212, 0.26984, 0.41221, 0.124994, 0.382646, -0.897201, -0.220475, -0.002831, 0.310343, 0.34959, -0.88401, -1.2e-05, 0.0, 0.0, 0.0, 1.0],
                [0.870345, 0.271977, 0.410521, 0.124994, 0.38419, -0.896521, -0.220557, -0.002831, 0.308054, 0.349679, -0.884775, -1.2e-05, 0.0, 0.0, 0.0, 1.0],
                [0.870678, 0.277989, 0.40576, 0.124994, 0.388527, -0.894588, -0.220807, -0.002831, 0.301606, 0.3499, -0.886907, -1.2e-05, 0.0, 0.0, 0.0, 1.0],
                [0.871073, 0.28727, 0.39838, 0.124994, 0.395208, -0.891548, -0.221243, -0.002831, 0.291619, 0.350162, -0.890138, -1.2e-05, 0.0, 0.0, 0.0, 1.0],
                [0.871368, 0.29921, 0.388831, 0.124994, 0.403779, -0.887537, -0.221894, -0.002831, 0.278709, 0.350353, -0.894189, -1.2e-05, 0.0, 0.0, 0.0, 1.0],
                [0.871407, 0.313195, 0.377567, 0.124994, 0.413782, -0.882693, -0.222786, -0.002831, 0.263501, 0.350368, -0.898782, -1.2e-05, 0.0, 0.0, 0.0, 1.0],
                [0.871063, 0.32861, 0.365052, 0.124994, 0.424763, -0.87717, -0.223934, -0.002831, 0.246626, 0.350121, -0.903654, -1.2e-05, 0.0, 0.0, 0.0, 1.0],
                [0.870256, 0.344845, 0.351761, 0.124994, 0.436276, -0.87114, -0.22533, -0.002831, 0.22873, 0.34956, -0.908565, -1.2e-05, 0.0, 0.0, 0.0, 1.0],
                [0.868964, 0.361295, 0.338183, 0.124994, 0.44789, -0.864805, -0.226946, -0.002831, 0.210467, 0.348676, -0.913306, -1.2e-05, 0.0, 0.0, 0.0, 1.0],
                [0.86723, 0.377369, 0.324812, 0.124994, 0.459188, -0.858387, -0.228724, -0.002831, 0.192501, 0.347506, -0.917705, -1.2e-05, 0.0, 0.0, 0.0, 1.0],
                [0.865164, 0.392492, 0.312154, 0.124994, 0.469778, -0.852136, -0.230582, -0.002831, 0.175496, 0.346134, -0.921625, -1.2e-05, 0.0, 0.0, 0.0, 1.0],
                [0.862929, 0.406108, 0.300714, 0.124994, 0.479287, -0.846324, -0.232414, -0.002831, 0.160116, 0.344685, -0.924962, -1.2e-05, 0.0, 0.0, 0.0, 1.0],
                [0.860736, 0.417676, 0.290997, 0.124994, 0.487358, -0.841236, -0.234096, -0.002831, 0.147021, 0.343314, -0.927642, -1.2e-05, 0.0, 0.0, 0.0, 1.0],
                [0.858823, 0.426668, 0.283507, 0.124994, 0.49365, -0.837167, -0.235494, -0.002831, 0.136865, 0.342201, -0.929606, -1.2e-05, 0.0, 0.0, 0.0, 1.0],
                [0.857432, 0.432562, 0.278746, 0.124994, 0.497826, -0.834414, -0.236471, -0.002831, 0.130301, 0.341524, -0.930797, -1.2e-05, 0.0, 0.0, 0.0, 1.0],
                [0.856784, 0.434825, 0.277213, 0.124994, 0.499541, -0.833267, -0.236899, -0.002831, 0.127983, 0.341451, -0.931145, -1.2e-05, 0.0, 0.0, 0.0, 1.0],
                [0.851597, 0.439215, 0.286132, 0.124994, 0.485156, -0.867104, -0.112923, -0.002831, 0.198509, 0.234983, -0.951513, -1.2e-05, 0.0, 0.0, 0.0, 1.0],
                [0.83755, 0.453881, 0.304139, 0.124994, 0.408949, -0.889936, 0.201919, -0.002831, 0.362311, -0.04474, -0.930983, -1.2e-05, 0.0, 0.0, 0.0, 1.0],
                [0.819541, 0.477583, 0.316648, 0.124994, 0.248074, -0.793831, 0.555237, -0.002831, 0.516537, -0.376487, -0.769056, -1.2e-05, 0.0, 0.0, 0.0, 1.0],
                [0.806564, 0.497865, 0.318723, 0.124994, 0.078698, -0.624793, 0.776814, -0.002831, 0.585885, -0.601465, -0.543118, -1.2e-05, 0.0, 0.0, 0.0, 1.0],
                [0.803517, 0.502187, 0.319637, 0.124994, 0.001685, -0.538866, 0.842389, -0.002831, 0.595279, -0.676334, -0.433836, -1.2e-05, 0.0, 0.0, 0.0, 1.0],
                [0.806534, 0.495605, 0.3223, 0.124994, -0.005393, -0.538981, 0.8423, -0.002831, 0.591163, -0.681081, -0.432035, -1.2e-05, 0.0, 0.0, 0.0, 1.0],
                [0.810189, 0.489066, 0.32312, 0.124994, -0.010523, -0.539015, 0.84223, -0.002831, 0.586074, -0.685764, -0.431559, -1.2e-05, 0.0, 0.0, 0.0, 1.0],
                [0.814356, 0.482621, 0.322334, 0.124994, -0.01392, -0.538995, 0.842193, -0.002831, 0.580198, -0.69033, -0.432218, -1.2e-05, 0.0, 0.0, 0.0, 1.0],
                [0.818902, 0.476324, 0.320178, 0.124994, -0.015799, -0.538944, 0.842193, -0.002831, 0.573715, -0.694731, -0.433818, -1.2e-05, 0.0, 0.0, 0.0, 1.0],
                [0.823689, 0.47023, 0.316887, 0.124994, -0.016379, -0.53888, 0.842223, -0.002831, 0.566804, -0.698919, -0.436169, -1.2e-05, 0.0, 0.0, 0.0, 1.0],
                [0.828581, 0.464401, 0.312703, 0.124994, -0.015874, -0.538817, 0.842273, -0.002831, 0.559643, -0.702854, -0.439084, -1.2e-05, 0.0, 0.0, 0.0, 1.0],
                [0.833444, 0.458898, 0.307868, 0.124994, -0.014501, -0.538768, 0.842329, -0.002831, 0.552413, -0.706497, -0.44238, -1.2e-05, 0.0, 0.0, 0.0, 1.0],
                [0.838148, 0.453786, 0.302631, 0.124994, -0.012477, -0.538737, 0.842381, -0.002831, 0.5453, -0.709814, -0.445881, -1.2e-05, 0.0, 0.0, 0.0, 1.0],
                [0.842571, 0.449132, 0.297243, 0.124994, -0.01002, -0.538727, 0.84242, -0.002831, 0.538492, -0.712775, -0.449417, -1.2e-05, 0.0, 0.0, 0.0, 1.0],
                [0.846598, 0.445005, 0.291962, 0.124994, -0.007346, -0.538737, 0.842442, -0.002831, 0.532182, -0.715352, -0.452826, -1.2e-05, 0.0, 0.0, 0.0, 1.0],
                [0.850119, 0.441474, 0.287048, 0.124994, -0.004672, -0.538762, 0.842445, -0.002831, 0.526569, -0.717518, -0.455951, -1.2e-05, 0.0, 0.0, 0.0, 1.0],
                [0.853033, 0.438608, 0.282766, 0.124994, -0.002215, -0.538795, 0.842433, -0.002831, 0.521852, -0.719248, -0.45864, -1.2e-05, 0.0, 0.0, 0.0, 1.0],
                [0.855239, 0.436478, 0.279379, 0.124994, -0.000193, -0.53883, 0.842414, -0.002831, 0.518234, -0.720517, -0.460746, -1.2e-05, 0.0, 0.0, 0.0, 1.0],
                [0.856638, 0.43515, 0.277155, 0.124994, 0.00118, -0.538856, 0.842397, -0.002831, 0.515916, -0.7213, -0.462119, -1.2e-05, 0.0, 0.0, 0.0, 1.0],
                [0.857128, 0.434693, 0.276355, 0.124994, 0.001685, -0.538866, 0.842389, -0.002831, 0.5151, -0.721568, -0.462611, -1.2e-05, 0.0, 0.0, 0.0, 1.0],
                [0.857128, 0.434693, 0.276355, 0.124994, 0.001685, -0.538866, 0.842389, -0.002831, 0.5151, -0.721568, -0.462611, -1.2e-05, 0.0, 0.0, 0.0, 1.0],
                [0.857128, 0.434693, 0.276355, 0.124994, 0.001685, -0.538866, 0.842389, -0.002831, 0.5151, -0.721568, -0.462611, -1.2e-05, 0.0, 0.0, 0.0, 1.0],
                [0.857128, 0.434693, 0.276355, 0.124994, 0.001685, -0.538866, 0.842389, -0.002831, 0.5151, -0.721568, -0.462611, -1.2e-05, 0.0, 0.0, 0.0, 1.0],
                [0.857128, 0.434693, 0.276355, 0.124994, 0.001685, -0.538866, 0.842389, -0.002831, 0.5151, -0.721568, -0.462611, -1.2e-05, 0.0, 0.0, 0.0, 1.0],
                [0.857128, 0.434693, 0.276355, 0.124994, 0.001685, -0.538866, 0.842389, -0.002831, 0.5151, -0.721568, -0.462611, -1.2e-05, 0.0, 0.0, 0.0, 1.0],
                [0.857128, 0.434693, 0.276355, 0.124994, 0.001685, -0.538866, 0.842389, -0.002831, 0.5151, -0.721568, -0.462611, -1.2e-05, 0.0, 0.0, 0.0, 1.0],
                [0.857128, 0.434693, 0.276355, 0.124994, 0.001685, -0.538866, 0.842389, -0.002831, 0.5151, -0.721568, -0.462611, -1.2e-05, 0.0, 0.0, 0.0, 1.0],
                [0.857128, 0.434693, 0.276355, 0.124994, 0.001685, -0.538866, 0.842389, -0.002831, 0.5151, -0.721568, -0.462611, -1.2e-05, 0.0, 0.0, 0.0, 1.0],
                [0.857128, 0.434693, 0.276355, 0.124994, 0.001685, -0.538866, 0.842389, -0.002831, 0.5151, -0.721568, -0.462611, -1.2e-05, 0.0, 0.0, 0.0, 1.0],
                [0.857128, 0.434693, 0.276355, 0.124994, 0.001685, -0.538866, 0.842389, -0.002831, 0.5151, -0.721568, -0.462611, -1.2e-05, 0.0, 0.0, 0.0, 1.0],
                [0.857128, 0.434693, 0.276355, 0.124994, 0.001685, -0.538866, 0.842389, -0.002831, 0.5151, -0.721568, -0.462611, -1.2e-05, 0.0, 0.0, 0.0, 1.0],
                [0.857128, 0.434693, 0.276355, 0.124994, 0.001685, -0.538866, 0.842389, -0.002831, 0.5151, -0.721568, -0.462611, -1.2e-05, 0.0, 0.0, 0.0, 1.0],
                [0.857128, 0.434693, 0.276355, 0.124994, 0.001685, -0.538866, 0.842389, -0.002831, 0.5151, -0.721568, -0.462611, -1.2e-05, 0.0, 0.0, 0.0, 1.0],
                [0.857128, 0.434693, 0.276355, 0.124994, 0.001685, -0.538866, 0.842389, -0.002831, 0.5151, -0.721568, -0.462611, -1.2e-05, 0.0, 0.0, 0.0, 1.0],
                [0.857128, 0.434693, 0.276355, 0.124994, 0.001685, -0.538866, 0.842389, -0.002831, 0.5151, -0.721568, -0.462611, -1.2e-05, 0.0, 0.0, 0.0, 1.0],
                [0.857128, 0.434693, 0.276355, 0.124994, 0.001685, -0.538866, 0.842389, -0.002831, 0.5151, -0.721568, -0.462611, -1.2e-05, 0.0, 0.0, 0.0, 1.0],
                [0.857128, 0.434693, 0.276355, 0.124994, 0.001685, -0.538866, 0.842389, -0.002831, 0.5151, -0.721568, -0.462611, -1.2e-05, 0.0, 0.0, 0.0, 1.0],
                [0.857128, 0.434693, 0.276355, 0.124994, 0.001685, -0.538866, 0.842389, -0.002831, 0.5151, -0.721568, -0.462611, -1.2e-05, 0.0, 0.0, 0.0, 1.0],
                [0.857128, 0.434693, 0.276355, 0.124994, 0.001685, -0.538866, 0.842389, -0.002831, 0.5151, -0.721568, -0.462611, -1.2e-05, 0.0, 0.0, 0.0, 1.0],
                [0.857128, 0.434693, 0.276355, 0.124994, 0.001685, -0.538866, 0.842389, -0.002831, 0.5151, -0.721568, -0.462611, -1.2e-05, 0.0, 0.0, 0.0, 1.0],
                [0.857128, 0.434693, 0.276355, 0.124994, 0.001685, -0.538866, 0.842389, -0.002831, 0.5151, -0.721568, -0.462611, -1.2e-05, 0.0, 0.0, 0.0, 1.0],
                [0.857128, 0.434693, 0.276355, 0.124994, 0.001685, -0.538866, 0.842389, -0.002831, 0.5151, -0.721568, -0.462611, -1.2e-05, 0.0, 0.0, 0.0, 1.0],
                [0.857128, 0.434693, 0.276355, 0.124994, 0.001685, -0.538866, 0.842389, -0.002831, 0.5151, -0.721568, -0.462611, -1.2e-05, 0.0, 0.0, 0.0, 1.0],
                [0.857128, 0.434693, 0.276355, 0.124994, 0.001685, -0.538866, 0.842389, -0.002831, 0.5151, -0.721568, -0.462611, -1.2e-05, 0.0, 0.0, 0.0, 1.0],
                [0.857128, 0.434693, 0.276355, 0.124994, 0.001685, -0.538866, 0.842389, -0.002831, 0.5151, -0.721568, -0.462611, -1.2e-05, 0.0, 0.0, 0.0, 1.0],
                [0.857647, 0.432655, 0.277938, 0.124994, -0.000645, -0.539578, 0.841935, -0.002831, 0.514237, -0.722261, -0.46249, -1.2e-05, 0.0, 0.0, 0.0, 1.0],
                [0.85906, 0.426902, 0.282434, 0.124994, -0.007109, -0.541759, 0.840503, -0.002831, 0.511824, -0.724049, -0.462371, -1.2e-05, 0.0, 0.0, 0.0, 1.0],
                [0.861119, 0.417957, 0.289454, 0.124994, -0.016928, -0.545453, 0.83797, -0.002831, 0.50812, -0.72649, -0.462626, -1.2e-05, 0.0, 0.0, 0.0, 1.0],
                [0.86356, 0.406329, 0.298597, 0.124994, -0.029328, -0.550687, 0.834195, -0.002831, 0.503392, -0.729133, -0.463636, -1.2e-05, 0.0, 0.0, 0.0, 1.0],
                [0.866126, 0.392516, 0.309445, 0.124994, -0.043541, -0.557499, 0.829034, -0.002831, 0.497925, -0.73152, -0.465775, -1.2e-05, 0.0, 0.0, 0.0, 1.0],
                [0.868592, 0.377017, 0.321567, 0.124994, -0.058794, -0.565942, 0.822345, -0.002831, 0.492027, -0.733187, -0.469408, -1.2e-05, 0.0, 0.0, 0.0, 1.0],
                [0.870776, 0.360341, 0.334517, 0.124994, -0.074306, -0.576095, 0.813998, -0.002831, 0.486031, -0.733665, -0.474876, -1.2e-05, 0.0, 0.0, 0.0, 1.0],
                [0.872554, 0.343005, 0.347846, 0.124994, -0.089289, -0.588069, 0.803866, -0.002831, 0.480288, -0.732474, -0.482497, -1.2e-05, 0.0, 0.0, 0.0, 1.0],
                [0.873857, 0.325542, 0.361102, 0.124994, -0.102941, -0.601999, 0.791833, -0.002831, 0.475158, -0.729119, -0.492552, -1.2e-05, 0.0, 0.0, 0.0, 1.0],
                [0.87468, 0.308502, 0.373845, 0.124994, -0.114441, -0.618038, 0.777773, -0.002831, 0.470996, -0.723084, -0.505282, -1.2e-05, 0.0, 0.0, 0.0, 1.0],
                [0.875065, 0.292458, 0.385652, 0.124994, -0.122948, -0.636341, 0.761546, -0.002831, 0.468127, -0.713816, -0.520885, -1.2e-05, 0.0, 0.0, 0.0, 1.0],
                [0.875093, 0.278008, 0.396134, 0.124994, -0.127592, -0.657041, 0.742977, -0.002831, 0.466831, -0.700716, -0.539503, -1.2e-05, 0.0, 0.0, 0.0, 1.0],
                [0.874862, 0.265781, 0.404941, 0.124994, -0.127465, -0.680216, 0.721843, -0.002831, 0.4673, -0.683126, -0.561219, -1.2e-05, 0.0, 0.0, 0.0, 1.0],
                [0.874457, 0.256443, 0.411779, 0.124994, -0.121617, -0.705845, 0.697847, -0.002831, 0.469611, -0.660315, -0.586045, -1.2e-05, 0.0, 0.0, 0.0, 1.0],
                [0.874371, 0.249924, 0.415947, 0.124994, -0.10938, -0.7336, 0.67072, -0.002831, 0.472768, -0.631953, -0.614104, -1.2e-05, 0.0, 0.0, 0.0, 1.0],
                [0.874995, 0.245633, 0.41719, 0.124994, -0.091308, -0.762532, 0.640473, -0.002831, 0.475443, -0.598502, -0.644785, -1.2e-05, 0.0, 0.0, 0.0, 1.0],
                [0.876188, 0.243493, 0.415939, 0.124994, -0.06829, -0.791571, 0.607247, -0.002831, 0.477106, -0.560466, -0.676939, -1.2e-05, 0.0, 0.0, 0.0, 1.0],
                [0.877773, 0.243401, 0.412637, 0.124994, -0.041277, -0.819689, 0.571317, -0.002831, 0.477294, -0.518518, -0.709457, -1.2e-05, 0.0, 0.0, 0.0, 1.0],
                [0.879558, 0.24522, 0.407731, 0.124994, -0.011279, -0.845963, 0.53312, -0.002831, 0.475657, -0.473507, -0.74131, -1.2e-05, 0.0, 0.0, 0.0, 1.0],
                [0.881354, 0.248759, 0.401663, 0.124994, 0.020652, -0.86963, 0.493268, -0.002831, 0.472004, -0.426447, -0.771592, -1.2e-05, 0.0, 0.0, 0.0, 1.0],
                [0.882999, 0.253766, 0.39486, 0.124994, 0.053454, -0.89014, 0.452538, -0.002831, 0.46632, -0.378483, -0.79956, -1.2e-05, 0.0, 0.0, 0.0, 1.0],
                [0.884369, 0.259934, 0.387717, 0.124994, 0.086085, -0.907179, 0.411839, -0.002831, 0.45878, -0.33084, -0.824661, -1.2e-05, 0.0, 0.0, 0.0, 1.0],
                [0.885389, 0.266906, 0.380588, 0.124994, 0.117567, -0.920685, 0.372175, -0.002831, 0.449738, -0.284774, -0.846546, -1.2e-05, 0.0, 0.0, 0.0, 1.0],
                [0.886032, 0.274289, 0.37378, 0.124994, 0.147004, -0.930822, 0.334598, -0.002831, 0.4397, -0.241516, -0.865063, -1.2e-05, 0.0, 0.0, 0.0, 1.0],
                [0.886325, 0.281668, 0.367546, 0.124994, 0.173603, -0.937955, 0.300165, -0.002831, 0.429289, -0.202236, -0.880234, -1.2e-05, 0.0, 0.0, 0.0, 1.0],
                [0.886333, 0.28862, 0.362094, 0.124994, 0.196673, -0.942584, 0.26991, -0.002831, 0.419206, -0.168015, -0.892209, -1.2e-05, 0.0, 0.0, 0.0, 1.0],
                [0.886151, 0.294724, 0.357593, 0.124994, 0.215602, -0.945292, 0.244817, -0.002831, 0.410183, -0.139847, -0.901217, -1.2e-05, 0.0, 0.0, 0.0, 1.0],
                [0.885894, 0.299568, 0.354189, 0.124994, 0.229835, -0.946667, 0.22582, -0.002831, 0.402948, -0.118647, -0.9075, -1.2e-05, 0.0, 0.0, 0.0, 1.0],
                [0.885673, 0.302754, 0.352025, 0.124994, 0.23882, -0.947233, 0.213803, -0.002831, 0.398179, -0.105289, -0.911245, -1.2e-05, 0.0, 0.0, 0.0, 1.0],
                [0.885584, 0.303899, 0.351261, 0.124994, 0.241962, -0.947371, 0.209614, -0.002831, 0.396477, -0.100639, -0.912512, -1.2e-05, 0.0, 0.0, 0.0, 1.0]
            ]
        },
        {
            "name": "Leg_R",
            "time": [0.0, 0.0167, 0.0333, 0.05, 0.0667, 0.0833, 0.1, 0.1167, 0.1333, 0.15, 0.1667, 0.1833, 0.2, 0.2167, 0.2333, 0.25, 0.2667, 0.2833, 0.3, 0.3167, 0.3333, 0.35, 0.3667, 0.3833, 0.4, 0.4167, 0.4333, 0.45, 0.4667, 0.4833, 0.5, 0.5167, 0.5333, 0.55, 0.5667, 0.5833, 0.6, 0.6167, 0.6333, 0.65, 0.6667, 0.6833, 0.7, 0.7167, 0.7333, 0.75, 0.7667, 0.7833, 0.8, 0.8167, 0.8333, 0.85, 0.8667, 0.8833, 0.9, 0.9167, 0.9333, 0.95, 0.9667, 0.9833, 1.0, 1.0167, 1.0333, 1.05, 1.0667, 1.0833, 1.1, 1.1167, 1.1333, 1.15, 1.1667, 1.1833, 1.2, 1.2167, 1.2333, 1.25, 1.2667, 1.2833, 1.3, 1.3167, 1.3333, 1.35, 1.3667, 1.3833, 1.4, 1.4167, 1.4333, 1.45, 1.4667, 1.4833, 1.5],
            "transform": [
                [1.0, 0.0, 1e-06, -0.0, -0.0, 0.956467, 0.291842, 0.37472, -1e-06, -0.291842, 0.956466, 0.0, 0.0, 0.0, 0.0, 1.0],
                [1.0, -0.0, 1e-06, -0.0, -0.0, 0.953959, 0.29994, 0.37472, -1e-06, -0.29994, 0.953957, 0.0, 0.0, 0.0, 0.0, 1.0],
                [1.0, -0.0, 1e-06, 0.0, -0.0, 0.946506, 0.322688, 0.37472, -1e-06, -0.322689, 0.946505, 0.0, 0.0, 0.0, 0.0, 1.0],
                [1.0, -0.0, 1e-06, 0.0, -0.0, 0.933841, 0.35769, 0.37472, -1e-06, -0.357691, 0.933839, 0.0, 0.0, 0.0, 0.0, 1.0],
                [1.0, -0.0, 1e-06, 0.0, -0.0, 0.915461, 0.402407, 0.37472, -1e-06, -0.402408, 0.91546, -0.0, 0.0, 0.0, 0.0, 1.0],
                [1.0, -0.0, 1e-06, 0.0, -0.0, 0.890934, 0.454133, 0.37472, -1e-06, -0.454134, 0.890933, 0.0, 0.0, 0.0, 0.0, 1.0],
                [1.0, -0.0, 1e-06, -0.0, -0.0, 0.860156, 0.510031, 0.37472, -1e-06, -0.510032, 0.860155, -0.0, 0.0, 0.0, 0.0, 1.0],
                [1.0, -0.0, 1e-06, 0.0, -0.0, 0.823554, 0.567238, 0.37472, -1e-06, -0.567239, 0.823553, 0.0, 0.0, 0.0, 0.0, 1.0],
                [1.0, -0.0, 1e-06, 0.0, -0.0, 0.782198, 0.62303, 0.37472, -1e-06, -0.623031, 0.782197, 0.0, 0.0, 0.0, 0.0, 1.0],
                [1.0, -0.0, 1e-06, -0.0, -0.0, 0.737811, 0.675008, 0.37472, -1e-06, -0.675009, 0.73781, -0.0, 0.0, 0.0, 0.0, 1.0],
                [1.0, -0.0, 1e-06, 0.0, -0.0, 0.692676, 0.721249, 0.37472, -1e-06, -0.72125, 0.692675, 0.0, 0.0, 0.0, 0.0, 1.0],
                [1.0, -0.0, 1e-06, 0.0, -0.0, 0.649471, 0.760386, 0.37472, -1e-06, -0.760387, 0.64947, -0.0, 0.0, 0.0, 0.0, 1.0],
                [1.0, -0.0, 1e-06, 0.0, -0.0, 0.61107, 0.791576, 0.37472, -1e-06, -0.791578, 0.611069, 0.0, 0.0, 0.0, 0.0, 1.0],
                [1.0, -0.0, 1e-06, 0.0, -0.0, 0.58036, 0.814359, 0.37472, -1e-06, -0.81436, 0.58036, 0.0, 0.0, 0.0, 0.0, 1.0],
                [1.0, -0.0, 1e-06, 0.0, -0.0, 0.560104, 0.828422, 0.37472, -1e-06, -0.828423, 0.560103, -0.0, 0.0, 0.0, 0.0, 1.0],
                [1.0, -0.0, 1e-06, -0.0, -0.0, 0.552837, 0.833289, 0.37472, -1e-06, -0.83329, 0.552837, -0.0, 0.0, 0.0, 0.0, 1.0],
                [1.0, -0.0, 1e-06, -0.0, -0.0, 0.552838, 0.833289, 0.37472, -1e-06, -0.83329, 0.552837, 0.0, 0.0, 0.0, 0.0, 1.0],
                [1.0, -0.0, 1e-06, -0.0, -0.0, 0.552837, 0.833289, 0.37472, -1e-06, -0.83329, 0.552837, 0.0, 0.0, 0.0, 0.0, 1.0],
                [1.0, -0.0, 1e-06, -0.0, -0.0, 0.552838, 0.833289, 0.37472, -1e-06, -0.83329, 0.552837, 0.0, 0.0, 0.0, 0.0, 1.0],
                [1.0, -0.0, 1e-06, -0.0, -0.0, 0.552838, 0.833289, 0.37472, -1e-06, -0.83329, 0.552837, 0.0, 0.0, 0.0, 0.0, 1.0],
                [1.0, -0.0, 1e-06, -0.0, -0.0, 0.552837, 0.833289, 0.37472, -1e-06, -0.83329, 0.552837, 0.0, 0.0, 0.0, 0.0, 1.0],
                [1.0, -0.0, 1e-06, 0.0, -0.0, 0.552837, 0.833288, 0.37472, -1e-06, -0.83329, 0.552837, 0.0, 0.0, 0.0, 0.0, 1.0],
                [1.0, -0.0, 1e-06, 0.0, -0.0, 0.552838, 0.833289, 0.37472, -1e-06, -0.83329, 0.552837, -0.0, 0.0, 0.0, 0.0, 1.0],
                [1.0, -0.0, 1e-06, -0.0, -0.0, 0.552837, 0.833289, 0.37472, -1e-06, -0.83329, 0.552837, 0.0, 0.0, 0.0, 0.0, 1.0],
                [1.0, -0.0, 1e-06, 0.0, -0.0, 0.552837, 0.833288, 0.37472, -1e-06, -0.83329, 0.552837, 0.0, 0.0, 0.0, 0.0, 1.0],
                [1.0, -0.0, 1e-06, -0.0, -0.0, 0.552838, 0.833289, 0.37472, -1e-06, -0.83329, 0.552837, 0.0, 0.0, 0.0, 0.0, 1.0],
                [1.0, -0.0, 1e-06, 0.0, -0.0, 0.552837, 0.833289, 0.37472, -1e-06, -0.83329, 0.552837, 0.0, 0.0, 0.0, 0.0, 1.0],
                [1.0, -0.0, 1e-06, 0.0, -0.0, 0.552838, 0.833289, 0.37472, -1e-06, -0.83329, 0.552837, 0.0, 0.0, 0.0, 0.0, 1.0],
                [1.0, -0.0, 1e-06, -0.0, -0.0, 0.552838, 0.833289, 0.37472, -1e-06, -0.83329, 0.552837, -0.0, 0.0, 0.0, 0.0, 1.0],
                [1.0, -0.0, 1e-06, 0.0, -0.0, 0.552838, 0.833289, 0.37472, -1e-06, -0.83329, 0.552837, 0.0, 0.0, 0.0, 0.0, 1.0],
                [1.0, -0.0, 1e-06, 0.0, -0.0, 0.552838, 0.833288, 0.37472, -1e-06, -0.83329, 0.552837, 0.0, 0.0, 0.0, 0.0, 1.0],
                [1.0, -0.0, 1e-06, -0.0, -0.0, 0.552837, 0.833289, 0.37472, -1e-06, -0.83329, 0.552837, -0.0, 0.0, 0.0, 0.0, 1.0],
                [1.0, -0.0, 1e-06, -0.0, -0.0, 0.552838, 0.833289, 0.37472, -1e-06, -0.83329, 0.552837, -0.0, 0.0, 0.0, 0.0, 1.0],
                [1.0, -0.0, 1e-06, -0.0, -0.0, 0.552838, 0.833289, 0.37472, -1e-06, -0.83329, 0.552837, 0.0, 0.0, 0.0, 0.0, 1.0],
                [1.0, -0.0, 1e-06, 0.0, -0.0, 0.552837, 0.833289, 0.37472, -1e-06, -0.83329, 0.552837, -0.0, 0.0, 0.0, 0.0, 1.0],
                [1.0, -0.0, 1e-06, -0.0, -0.0, 0.552838, 0.833289, 0.37472, -1e-06, -0.83329, 0.552837, -0.0, 0.0, 0.0, 0.0, 1.0],
                [1.0, -0.0, 1e-06, -0.0, -0.0, 0.552838, 0.833289, 0.37472, -1e-06, -0.83329, 0.552837, -0.0, 0.0, 0.0, 0.0, 1.0],
                [1.0, -0.0, 1e-06, -0.0, -0.0, 0.552838, 0.833289, 0.37472, -1e-06, -0.83329, 0.552837, -0.0, 0.0, 0.0, 0.0, 1.0],
                [1.0, -0.0, 1e-06, -0.0, -0.0, 0.552838, 0.833289, 0.37472, -1e-06, -0.83329, 0.552837, -0.0, 0.0, 0.0, 0.0, 1.0],
                [1.0, -0.0, 1e-06, -0.0, -0.0, 0.552838, 0.833289, 0.37472, -1e-06, -0.83329, 0.552837, -0.0, 0.0, 0.0, 0.0, 1.0],
                [1.0, -0.0, 1e-06, -0.0, -0.0, 0.552838, 0.833289, 0.37472, -1e-06, -0.83329, 0.552837, -0.0, 0.0, 0.0, 0.0, 1.0],
                [1.0, -0.0, 1e-06, -0.0, -0.0, 0.552838, 0.833289, 0.37472, -1e-06, -0.83329, 0.552837, -0.0, 0.0, 0.0, 0.0, 1.0],
                [1.0, -0.0, 1e-06, -0.0, -0.0, 0.552838, 0.833289, 0.37472, -1e-06, -0.83329, 0.552837, -0.0, 0.0, 0.0, 0.0, 1.0],
                [1.0, -0.0, 1e-06, -0.0, -0.0, 0.552838, 0.833289, 0.37472, -1e-06, -0.83329, 0.552837, -0.0, 0.0, 0.0, 0.0, 1.0],
                [1.0, -0.0, 1e-06, -0.0, -0.0, 0.552838, 0.833289, 0.37472, -1e-06, -0.83329, 0.552837, -0.0, 0.0, 0.0, 0.0, 1.0],
                [1.0, -0.0, 1e-06, -0.0, -0.0, 0.552838, 0.833289, 0.37472, -1e-06, -0.83329, 0.552837, -0.0, 0.0, 0.0, 0.0, 1.0],
                [1.0, -0.0, 1e-06, -0.0, -0.0, 0.552838, 0.833289, 0.37472, -1e-06, -0.83329, 0.552837, -0.0, 0.0, 0.0, 0.0, 1.0],
                [1.0, -0.0, 1e-06, -0.0, -0.0, 0.552838, 0.833289, 0.37472, -1e-06, -0.83329, 0.552837, -0.0, 0.0, 0.0, 0.0, 1.0],
                [1.0, -0.0, 1e-06, -0.0, -0.0, 0.552838, 0.833289, 0.37472, -1e-06, -0.83329, 0.552837, -0.0, 0.0, 0.0, 0.0, 1.0],
                [1.0, -0.0, 1e-06, -0.0, -0.0, 0.552838, 0.833289, 0.37472, -1e-06, -0.83329, 0.552837, -0.0, 0.0, 0.0, 0.0, 1.0],
                [1.0, -0.0, 1e-06, -0.0, -0.0, 0.552838, 0.833289, 0.37472, -1e-06, -0.83329, 0.552837, -0.0, 0.0, 0.0, 0.0, 1.0],
                [1.0, -0.0, 1e-06, -0.0, -0.0, 0.552838, 0.833289, 0.37472, -1e-06, -0.83329, 0.552837, -0.0, 0.0, 0.0, 0.0, 1.0],
                [1.0, -0.0, 1e-06, -0.0, -0.0, 0.552838, 0.833289, 0.37472, -1e-06, -0.83329, 0.552837, -0.0, 0.0, 0.0, 0.0, 1.0],
                [1.0, -0.0, 1e-06, -0.0, -0.0, 0.552838, 0.833289, 0.37472, -1e-06, -0.83329, 0.552837, -0.0, 0.0, 0.0, 0.0, 1.0],
                [1.0, -0.0, 1e-06, -0.0, -0.0, 0.552838, 0.833289, 0.37472, -1e-06, -0.83329, 0.552837, -0.0, 0.0, 0.0, 0.0, 1.0],
                [1.0, -0.0, 1e-06, -0.0, -0.0, 0.552838, 0.833289, 0.37472, -1e-06, -0.83329, 0.552837, -0.0, 0.0, 0.0, 0.0, 1.0],
                [1.0, -0.0, 1e-06, -0.0, -0.0, 0.552838, 0.833289, 0.37472, -1e-06, -0.83329, 0.552837, -0.0, 0.0, 0.0, 0.0, 1.0],
                [1.0, -0.0, 1e-06, -0.0, -0.0, 0.552838, 0.833289, 0.37472, -1e-06, -0.83329, 0.552837, -0.0, 0.0, 0.0, 0.0, 1.0],
                [1.0, -0.0, 1e-06, -0.0, -0.0, 0.552838, 0.833289, 0.37472, -1e-06, -0.83329, 0.552837, -0.0, 0.0, 0.0, 0.0, 1.0],
                [1.0, -0.0, 1e-06, -0.0, -0.0, 0.552838, 0.833289, 0.37472, -1e-06, -0.83329, 0.552837, -0.0, 0.0, 0.0, 0.0, 1.0],
                [1.0, -0.0, 1e-06, -0.0, -0.0, 0.552838, 0.833289, 0.37472, -1e-06, -0.83329, 0.552837, -0.0, 0.0, 0.0, 0.0, 1.0],
                [1.0, -0.0, 1e-06, -0.0, -0.0, 0.551002, 0.834503, 0.37472, -1e-06, -0.834505, 0.551001, -0.0, 0.0, 0.0, 0.0, 1.0],
                [1.0, -0.0, 1e-06, 0.0, -0.0, 0.545857, 0.837878, 0.37472, -1e-06, -0.837879, 0.545856, 0.0, 0.0, 0.0, 0.0, 1.0],
                [1.0, -0.0, 1e-06, -0.0, -0.0, 0.537935, 0.842986, 0.37472, -1e-06, -0.842987, 0.537934, -0.0, 0.0, 0.0, 0.0, 1.0],
                [1.0, -0.0, 1e-06, 0.0, -0.0, 0.52777, 0.849387, 0.37472, -1e-06, -0.849388, 0.527769, 0.0, 0.0, 0.0, 0.0, 1.0],
                [1.0, -0.0, 1e-06, -0.0, -0.0, 0.515898, 0.856649, 0.37472, -1e-06, -0.856651, 0.515897, 0.0, 0.0, 0.0, 0.0, 1.0],
                [1.0, -0.0, 1e-06, 0.0, -0.0, 0.502866, 0.864364, 0.37472, -1e-06, -0.864365, 0.502865, 0.0, 0.0, 0.0, 0.0, 1.0],
                [1.0, -1e-06, 1e-06, 0.0, -0.0, 0.489229, 0.872155, 0.37472, -1e-06, -0.872156, 0.489228, 0.0, 0.0, 0.0, 0.0, 1.0],
                [1.0, -1e-06, 1e-06, 0.0, -0.0, 0.47555, 0.879688, 0.37472, -1e-06, -0.87969, 0.475549, 0.0, 0.0, 0.0, 0.0, 1.0],
                [1.0, -1e-06, 1e-06, 0.0, -0.0, 0.4624, 0.886671, 0.37472, -1e-06, -0.886672, 0.462399, 0.0, 0.0, 0.0, 0.0, 1.0],
                [1.0, -1e-06, 1e-06, -0.0, -0.0, 0.450353, 0.89285, 0.37472, -1e-06, -0.892851, 0.450353, 0.0, 0.0, 0.0, 0.0, 1.0],
                [1.0, -1e-06, 1e-06, -0.0, -0.0, 0.439986, 0.898004, 0.37472, -1e-06, -0.898005, 0.439986, 0.0, 0.0, 0.0, 0.0, 1.0],
                [1.0, -1e-06, 1e-06, 0.0, -0.0, 0.431874, 0.901933, 0.37472, -1e-06, -0.901935, 0.431873, 0.0, 0.0, 0.0, 0.0, 1.0],
                [1.0, -1e-06, 1e-06, -0.0, -0.0, 0.426588, 0.904445, 0.37472, -1e-06, -0.904447, 0.426587, 0.0, 0.0, 0.0, 0.0, 1.0],
                [1.0, -1e-06, 1e-06, -0.0, -0.0, 0.4247, 0.905334, 0.37472, -1e-06, -0.905335, 0.424699, -0.0, 0.0, 0.0, 0.0, 1.0],
                [1.0, -1e-06, 1e-06, 0.0, -0.0, 0.430984, 0.902359, 0.37472, -1e-06, -0.90236, 0.430983, 0.0, 0.0, 0.0, 0.0, 1.0],
                [1.0, -1e-06, 1e-06, 0.0, -0.0, 0.448628, 0.893718, 0.37472, -1e-06, -0.893719, 0.448628, 0.0, 0.0, 0.0, 0.0, 1.0],
                [1.0, -1e-06, 1e-06, 0.0, -0.0, 0.475687, 0.879614, 0.37472, -1e-06, -0.879615, 0.475686, -0.0, 0.0, 0.0, 0.0, 1.0],
                [1.0, -0.0, 1e-06, -0.0, -0.0, 0.51008, 0.860127, 0.37472, -1e-06, -0.860128, 0.510079, 0.0, 0.0, 0.0, 0.0, 1.0],
                [1.0, -0.0, 1e-06, -0.0, -0.0, 0.549651, 0.835394, 0.37472, -1e-06, -0.835395, 0.54965, 0.0, 0.0, 0.0, 0.0, 1.0],
                [1.0, -0.0, 1e-06, -0.0, -0.0, 0.592244, 0.805758, 0.37472, -1e-06, -0.80576, 0.592243, 0.0, 0.0, 0.0, 0.0, 1.0],
                [1.0, -0.0, 1e-06, -0.0, -0.0, 0.635791, 0.771861, 0.37472, -1e-06, -0.771862, 0.63579, 0.0, 0.0, 0.0, 0.0, 1.0],
                [1.0, -0.0, 1e-06, 0.0, -0.0, 0.678416, 0.734677, 0.37472, -1e-06, -0.734678, 0.678415, -0.0, 0.0, 0.0, 0.0, 1.0],
                [1.0, -0.0, 1e-06, 0.0, -0.0, 0.718523, 0.695503, 0.37472, -1e-06, -0.695504, 0.718522, -0.0, 0.0, 0.0, 0.0, 1.0],
                [1.0, -0.0, 1e-06, -0.0, -0.0, 0.754855, 0.655892, 0.37472, -1e-06, -0.655893, 0.754854, -0.0, 0.0, 0.0, 0.0, 1.0],
