{
    "animation": [
        {
            "name": "Root",
            "time": [0.0, 0.0167, 0.0333, 0.05, 0.0667, 0.0833, 0.1, 0.1167, 0.1333, 0.15, 0.1667, 0.1833, 0.2, 0.2167, 0.2333, 0.25, 0.2667, 0.2833, 0.3, 0.3167, 0.3333, 0.35, 0.3667, 0.3833, 0.4, 0.4167, 0.4333, 0.45, 0.4667, 0.4833, 0.5, 0.5167, 0.5333, 0.55, 0.5667, 0.5833, 0.6, 0.6167, 0.6333, 0.65, 0.6667, 0.6833, 0.7, 0.7167, 0.7333, 0.75, 0.7667, 0.7833, 0.8, 0.8167, 0.8333, 0.85, 0.8667, 0.8833, 0.9, 0.9167, 0.9333, 0.95, 0.9667, 0.9833, 1.0, 1.0167, 1.0333, 1.05, 1.0667, 1.0833, 1.1, 1.1167, 1.1333, 1.15, 1.1667, 1.1833, 1.2, 1.2167, 1.2333, 1.25, 1.2667, 1.2833, 1.3, 1.3167, 1.3333, 1.35, 1.3667, 1.3833, 1.4, 1.4167, 1.4333, 1.45, 1.4667, 1.4833, 1.5, 1.5167, 1.5333, 1.55, 1.5667, 1.5833, 1.6, 1.6167, 1.6333, 1.65, 1.6667, 1.6833, 1.7, 1.7167, 1.7333, 1.75, 1.7667, 1.7833, 1.8, 1.8167, 1.8333, 1.85, 1.8667, 1.8833, 1.9, 1.9167, 1.9333, 1.95, 1.9667, 1.9833, 2.0, 2.0167, 2.0333, 2.05, 2.0667, 2.0833, 2.1, 2.1167, 2.1333, 2.15, 2.1667, 2.1833, 2.2, 2.2167, 2.2333, 2.25, 2.2667, 2.2833, 2.3, 2.3167, 2.3333, 2.35, 2.3667, 2.3833, 2.4, 2.4167, 2.4333, 2.45, 2.4667, 2.4833, 2.5, 2.5167, 2.5333, 2.55, 2.5667, 2.5833, 2.6, 2.6167, 2.6333, 2.65, 2.6667, 2.6833, 2.7, 2.7167, 2.7333, 2.75, 2.7667, 2.7833, 2.8, 2.8167, 2.8333, 2.85, 2.8667, 2.8833, 2.9, 2.9167, 2.9333, 2.95],
            "transform": [
                [0.879412, 0.0, 0.476061, -5e-06, 0.476061, 0.0, -0.879412, 0.259999, 0.0, 1.0, 0.0, 0.697382, 0.0, 0.0, 0.0, 1.0],
                [0.88588, 0.0, 0.463914, -5e-06, 0.463914, 0.0, -0.88588, 0.272712, 0.0, 1.0, 0.0, 0.697386, 0.0, 0.0, 0.0, 1.0],
                [0.902635, 0.0, 0.430407, -5e-06, 0.430407, 0.0, -0.902635, 0.303188, 0.0, 1.0, 0.0, 0.697397, 0.0, 0.0, 0.0, 1.0],
                [0.925103, 0.0, 0.379715, -5e-06, 0.379715, 0.0, -0.925103, 0.339934, 0.0, 1.0, 0.0, 0.697413, 0.0, 0.0, 0.0, 1.0],
                [0.948647, 0.0, 0.316335, -5e-06, 0.316335, 0.0, -0.948647, 0.371456, 0.0, 1.0, 0.0, 0.697433, 0.0, 0.0, 0.0, 1.0],
                [0.969384, 0.0, 0.245548, -5e-06, 0.245548, 0.0, -0.969384, 0.389553, 0.0, 1.0, 0.0, 0.697454, 0.0, 0.0, 0.0, 1.0],
                [0.984847, 0.0, 0.173425, -5e-06, 0.173425, 0.0, -0.984847, 0.399203, 0.0, 1.0, 0.0, 0.697476, 0.0, 0.0, 0.0, 1.0],
                [0.994315, 0.0, 0.106479, -5e-06, 0.106479, 0.0, -0.994315, 0.40868, 0.0, 1.0, 0.0, 0.697495, 0.0, 0.0, 0.0, 1.0],
                [0.998688, 0.0, 0.051204, -5e-06, 0.051204, 0.0, -0.998688, 0.426253, 0.0, 1.0, 0.0, 0.697512, 0.0, 0.0, 0.0, 1.0],
                [0.999905, 0.0, 0.013762, -5e-06, 0.013762, 0.0, -0.999905, 0.460196, 0.0, 1.0, 0.0, 0.697523, 0.0, 0.0, 0.0, 1.0],
                [1.0, 0.0, 0.0, -5e-06, 0.0, 0.0, -1.0, 0.51878, 0.0, 1.0, 0.0, 0.697527, 0.0, 0.0, 0.0, 1.0],
                [1.0, 0.0, 0.0, -5e-06, 0.0, 0.0, -1.0, 0.827643, 0.0, 1.0, 0.0, 0.665549, 0.0, 0.0, 0.0, 1.0],
                [1.0, 0.0, 0.0, -5e-06, 0.0, 0.0, -1.0, 1.48847, 0.0, 1.0, 0.0, 0.589296, 0.0, 0.0, 0.0, 1.0],
                [1.0, 0.0, 0.0, -5e-06, 0.0, 0.0, -1.0, 2.323603, 0.0, 1.0, 0.0, 0.498283, 0.0, 0.0, 0.0, 1.0],
                [1.0, 0.0, 0.0, -5e-06, 0.0, 0.0, -1.0, 3.155386, 0.0, 1.0, 0.0, 0.422029, 0.0, 0.0, 0.0, 1.0],
                [1.0, 0.0, 0.0, -5e-06, 0.0, 0.0, -1.0, 3.80616, 0.0, 1.0, 0.0, 0.390052, 0.0, 0.0, 0.0, 1.0],
                [1.0, 0.0, 0.0, -5e-06, 0.0, 0.0, -1.0, 4.258776, 0.0, 1.0, 0.0, 0.390052, 0.0, 0.0, 0.0, 1.0],
                [1.0, 0.0, 0.0, -5e-06, 0.0, 0.0, -1.0, 4.621203, 0.0, 1.0, 0.0, 0.390052, 0.0, 0.0, 0.0, 1.0],
                [1.0, 0.0, 0.0, -5e-06, 0.0, 0.0, -1.0, 4.903462, 0.0, 1.0, 0.0, 0.390052, 0.0, 0.0, 0.0, 1.0],
                [1.0, 0.0, 0.0, -5e-06, 0.0, 0.0, -1.0, 5.115573, 0.0, 1.0, 0.0, 0.390052, 0.0, 0.0, 0.0, 1.0],
                [1.0, 0.0, 0.0, -5e-06, 0.0, 0.0, -1.0, 5.267558, 0.0, 1.0, 0.0, 0.390052, 0.0, 0.0, 0.0, 1.0],
                [1.0, 0.0, 0.0, -5e-06, 0.0, 0.0, -1.0, 5.369439, 0.0, 1.0, 0.0, 0.390052, 0.0, 0.0, 0.0, 1.0],
                [1.0, 0.0, 0.0, -5e-06, 0.0, 0.0, -1.0, 5.431235, 0.0, 1.0, 0.0, 0.390052, 0.0, 0.0, 0.0, 1.0],
                [1.0, 0.0, 0.0, -5e-06, 0.0, 0.0, -1.0, 5.462968, 0.0, 1.0, 0.0, 0.390052, 0.0, 0.0, 0.0, 1.0],
                [1.0, 0.0, 0.0, -5e-06, 0.0, 0.0, -1.0, 5.474659, 0.0, 1.0, 0.0, 0.390052, 0.0, 0.0, 0.0, 1.0],
                [1.0, 0.0, 0.0, -5e-06, 0.0, 0.0, -1.0, 5.47633, 0.0, 1.0, 0.0, 0.390052, 0.0, 0.0, 0.0, 1.0],
                [1.0, 0.0, -4.5e-05, -5e-06, -4.5e-05, 0.0, -1.0, 5.47619, 0.0, 1.0, 0.0, 0.390145, 0.0, 0.0, 0.0, 1.0],
                [1.0, 0.0, -0.000179, -5e-06, -0.000179, 0.0, -1.0, 5.475779, 0.0, 1.0, 0.0, 0.390419, 0.0, 0.0, 0.0, 1.0],
                [1.0, 0.0, -0.000401, -5e-06, -0.000401, 0.0, -1.0, 5.475111, 0.0, 1.0, 0.0, 0.390873, 0.0, 0.0, 0.0, 1.0],
                [1.0, 0.0, -0.00071, -5e-06, -0.00071, 0.0, -1.0, 5.4742, 0.0, 1.0, 0.0, 0.391501, 0.0, 0.0, 0.0, 1.0],
                [0.999999, 0.0, -0.001105, -5e-06, -0.001105, 0.0, -0.999999, 5.473061, 0.0, 1.0, 0.0, 0.3923, 0.0, 0.0, 0.0, 1.0],
                [0.999999, 0.0, -0.001584, -5e-06, -0.001584, 0.0, -0.999999, 5.471708, 0.0, 1.0, 0.0, 0.393267, 0.0, 0.0, 0.0, 1.0],
                [0.999998, 0.0, -0.002147, -5e-06, -0.002147, 0.0, -0.999998, 5.470155, 0.0, 1.0, 0.0, 0.394398, 0.0, 0.0, 0.0, 1.0],
                [0.999996, 0.0, -0.002791, -5e-06, -0.002791, 0.0, -0.999996, 5.468417, 0.0, 1.0, 0.0, 0.395689, 0.0, 0.0, 0.0, 1.0],
                [0.999994, 0.0, -0.003517, -5e-06, -0.003517, 0.0, -0.999994, 5.466507, 0.0, 1.0, 0.0, 0.397137, 0.0, 0.0, 0.0, 1.0],
                [0.999991, 0.0, -0.004322, -5e-06, -0.004322, 0.0, -0.999991, 5.464441, 0.0, 1.0, 0.0, 0.398737, 0.0, 0.0, 0.0, 1.0],
                [0.999986, 0.0, -0.005206, -5e-06, -0.005206, 0.0, -0.999986, 5.462232, 0.0, 1.0, 0.0, 0.400486, 0.0, 0.0, 0.0, 1.0],
                [0.999981, 0.0, -0.006167, -5e-06, -0.006167, 0.0, -0.999981, 5.459895, 0.0, 1.0, 0.0, 0.402381, 0.0, 0.0, 0.0, 1.0],
                [0.999974, 0.0, -0.007205, -5e-06, -0.007205, 0.0, -0.999974, 5.457444, 0.0, 1.0, 0.0, 0.404417, 0.0, 0.0, 0.0, 1.0],
                [0.999965, 0.0, -0.008317, -5e-06, -0.008317, 0.0, -0.999965, 5.454892, 0.0, 1.0, 0.0, 0.406591, 0.0, 0.0, 0.0, 1.0],
                [0.999955, 0.0, -0.009504, -5e-06, -0.009504, 0.0, -0.999955, 5.452255, 0.0, 1.0, 0.0, 0.4089, 0.0, 0.0, 0.0, 1.0],
                [0.999942, 0.0, -0.010763, -5e-06, -0.010763, 0.0, -0.999942, 5.449546, 0.0, 1.0, 0.0, 0.411339, 0.0, 0.0, 0.0, 1.0],
                [0.999927, 0.0, -0.012094, -5e-06, -0.012094, 0.0, -0.999927, 5.446781, 0.0, 1.0, 0.0, 0.413904, 0.0, 0.0, 0.0, 1.0],
                [0.999909, 0.0, -0.013495, -5e-06, -0.013495, 0.0, -0.999909, 5.443973, 0.0, 1.0, 0.0, 0.416593, 0.0, 0.0, 0.0, 1.0],
                [0.999888, 0.0, -0.014965, -5e-06, -0.014965, 0.0, -0.999888, 5.441136, 0.0, 1.0, 0.0, 0.419402, 0.0, 0.0, 0.0, 1.0],
                [0.999864, 0.0, -0.016504, -5e-06, -0.016504, 0.0, -0.999864, 5.438285, 0.0, 1.0, 0.0, 0.422326, 0.0, 0.0, 0.0, 1.0],
                [0.999836, 0.0, -0.018109, -5e-06, -0.018109, 0.0, -0.999836, 5.435434, 0.0, 1.0, 0.0, 0.425362, 0.0, 0.0, 0.0, 1.0],
                [0.999804, 0.0, -0.019779, -5e-06, -0.019779, 0.0, -0.999804, 5.432598, 0.0, 1.0, 0.0, 0.428507, 0.0, 0.0, 0.0, 1.0],
                [0.999769, 0.0, -0.021515, -5e-06, -0.021515, 0.0, -0.999769, 5.42979, 0.0, 1.0, 0.0, 0.431756, 0.0, 0.0, 0.0, 1.0],
                [0.999728, 0.0, -0.023313, -5e-06, -0.023313, 0.0, -0.999728, 5.427024, 0.0, 1.0, 0.0, 0.435106, 0.0, 0.0, 0.0, 1.0],
                [0.999683, 0.0, -0.025174, -5e-06, -0.025174, 0.0, -0.999683, 5.424316, 0.0, 1.0, 0.0, 0.438554, 0.0, 0.0, 0.0, 1.0],
                [0.999633, 0.0, -0.027096, -5e-06, -0.027096, 0.0, -0.999633, 5.421679, 0.0, 1.0, 0.0, 0.442095, 0.0, 0.0, 0.0, 1.0],
                [0.999577, 0.0, -0.029077, -5e-06, -0.029077, 0.0, -0.999577, 5.419127, 0.0, 1.0, 0.0, 0.445726, 0.0, 0.0, 0.0, 1.0],
                [0.999516, 0.0, -0.031117, -5e-06, -0.031117, 0.0, -0.999516, 5.416676, 0.0, 1.0, 0.0, 0.449443, 0.0, 0.0, 0.0, 1.0],
                [0.999448, 0.0, -0.033215, -5e-06, -0.033215, 0.0, -0.999448, 5.414339, 0.0, 1.0, 0.0, 0.453243, 0.0, 0.0, 0.0, 1.0],
                [0.999374, 0.0, -0.035368, -5e-06, -0.035368, 0.0, -0.999374, 5.412129, 0.0, 1.0, 0.0, 0.457121, 0.0, 0.0, 0.0, 1.0],
                [0.999294, 0.0, -0.037577, -5e-06, -0.037577, 0.0, -0.999294, 5.410063, 0.0, 1.0, 0.0, 0.461075, 0.0, 0.0, 0.0, 1.0],
                [0.999206, 0.0, -0.039839, -5e-06, -0.039839, 0.0, -0.999206, 5.408154, 0.0, 1.0, 0.0, 0.465099, 0.0, 0.0, 0.0, 1.0],
                [0.999111, 0.0, -0.042154, -5e-06, -0.042154, 0.0, -0.999111, 5.406415, 0.0, 1.0, 0.0, 0.469192, 0.0, 0.0, 0.0, 1.0],
                [0.999008, 0.0, -0.044521, -5e-06, -0.044521, 0.0, -0.999008, 5.404863, 0.0, 1.0, 0.0, 0.473349, 0.0, 0.0, 0.0, 1.0],
                [0.998898, 0.0, -0.046937, -5e-06, -0.046937, 0.0, -0.998898, 5.40351, 0.0, 1.0, 0.0, 0.477565, 0.0, 0.0, 0.0, 1.0],
                [0.998779, 0.0, -0.049403, -5e-06, -0.049403, 0.0, -0.998779, 5.402371, 0.0, 1.0, 0.0, 0.481839, 0.0, 0.0, 0.0, 1.0],
                [0.998651, 0.0, -0.051916, -5e-06, -0.051916, 0.0, -0.998651, 5.401461, 0.0, 1.0, 0.0, 0.486165, 0.0, 0.0, 0.0, 1.0],
                [0.998515, 0.0, -0.054476, -5e-06, -0.054476, 0.0, -0.998515, 5.400792, 0.0, 1.0, 0.0, 0.490541, 0.0, 0.0, 0.0, 1.0],
                [0.99837, 0.0, -0.057081, -5e-06, -0.057081, 0.0, -0.99837, 5.400381, 0.0, 1.0, 0.0, 0.494962, 0.0, 0.0, 0.0, 1.0],
                [0.998215, 0.0, -0.05973, -5e-06, -0.05973, 0.0, -0.998215, 5.40024, 0.0, 1.0, 0.0, 0.499424, 0.0, 0.0, 0.0, 1.0],
                [0.99805, 0.0, -0.062423, -5e-06, -0.062423, 0.0, -0.99805, 5.40034, 0.0, 1.0, 0.0, 0.503925, 0.0, 0.0, 0.0, 1.0],
                [0.997875, 0.0, -0.065157, -5e-06, -0.065157, 0.0, -0.997875, 5.400636, 0.0, 1.0, 0.0, 0.508461, 0.0, 0.0, 0.0, 1.0],
                [0.99769, 0.0, -0.067931, -5e-06, -0.067931, 0.0, -0.99769, 5.401124, 0.0, 1.0, 0.0, 0.513027, 0.0, 0.0, 0.0, 1.0],
                [0.997494, 0.0, -0.070745, -5e-06, -0.070745, 0.0, -0.997494, 5.401803, 0.0, 1.0, 0.0, 0.51762, 0.0, 0.0, 0.0, 1.0],
                [0.997288, 0.0, -0.073596, -5e-06, -0.073596, 0.0, -0.997288, 5.402667, 0.0, 1.0, 0.0, 0.522238, 0.0, 0.0, 0.0, 1.0],
                [0.997071, 0.0, -0.076485, -5e-06, -0.076485, 0.0, -0.997071, 5.403713, 0.0, 1.0, 0.0, 0.526875, 0.0, 0.0, 0.0, 1.0],
                [0.996842, 0.0, -0.079409, -5e-06, -0.079409, 0.0, -0.996842, 5.404938, 0.0, 1.0, 0.0, 0.53153, 0.0, 0.0, 0.0, 1.0],
                [0.996602, 0.0, -0.082367, -5e-06, -0.082367, 0.0, -0.996602, 5.406338, 0.0, 1.0, 0.0, 0.536197, 0.0, 0.0, 0.0, 1.0],
                [0.99635, 0.0, -0.085358, -5e-06, -0.085358, 0.0, -0.99635, 5.407909, 0.0, 1.0, 0.0, 0.540875, 0.0, 0.0, 0.0, 1.0],
                [0.996087, 0.0, -0.088381, -5e-06, -0.088381, 0.0, -0.996087, 5.409647, 0.0, 1.0, 0.0, 0.545558, 0.0, 0.0, 0.0, 1.0],
                [0.995811, 0.0, -0.091435, -5e-06, -0.091435, 0.0, -0.995811, 5.411551, 0.0, 1.0, 0.0, 0.550244, 0.0, 0.0, 0.0, 1.0],
                [0.995523, 0.0, -0.094518, -5e-06, -0.094518, 0.0, -0.995523, 5.413615, 0.0, 1.0, 0.0, 0.554929, 0.0, 0.0, 0.0, 1.0],
                [0.995223, 0.0, -0.097629, -5e-06, -0.097629, 0.0, -0.995223, 5.415837, 0.0, 1.0, 0.0, 0.55961, 0.0, 0.0, 0.0, 1.0],
                [0.99491, 0.0, -0.100767, -5e-06, -0.100767, 0.0, -0.99491, 5.418212, 0.0, 1.0, 0.0, 0.564282, 0.0, 0.0, 0.0, 1.0],
                [0.994585, 0.0, -0.10393, -5e-06, -0.10393, 0.0, -0.994585, 5.420737, 0.0, 1.0, 0.0, 0.568944, 0.0, 0.0, 0.0, 1.0],
                [0.994246, 0.0, -0.107118, -5e-06, -0.107118, 0.0, -0.994246, 5.423409, 0.0, 1.0, 0.0, 0.57359, 0.0, 0.0, 0.0, 1.0],
                [0.993895, 0.0, -0.110329, -5e-06, -0.110329, 0.0, -0.993895, 5.426223, 0.0, 1.0, 0.0, 0.578217, 0.0, 0.0, 0.0, 1.0],
                [0.993531, 0.0, -0.113561, -5e-06, -0.113561, 0.0, -0.993531, 5.429177, 0.0, 1.0, 0.0, 0.582823, 0.0, 0.0, 0.0, 1.0],
                [0.993154, 0.0, -0.116814, -5e-06, -0.116814, 0.0, -0.993154, 5.432266, 0.0, 1.0, 0.0, 0.587403, 0.0, 0.0, 0.0, 1.0],
                [0.992763, 0.0, -0.120087, -5e-06, -0.120087, 0.0, -0.992763, 5.435488, 0.0, 1.0, 0.0, 0.591953, 0.0, 0.0, 0.0, 1.0],
                [0.99236, 0.0, -0.123377, -5e-06, -0.123377, 0.0, -0.99236, 5.438838, 0.0, 1.0, 0.0, 0.596471, 0.0, 0.0, 0.0, 1.0],
                [0.991943, 0.0, -0.126684, -5e-06, -0.126684, 0.0, -0.991943, 5.442314, 0.0, 1.0, 0.0, 0.600953, 0.0, 0.0, 0.0, 1.0],
                [0.991513, 0.0, -0.130007, -5e-06, -0.130007, 0.0, -0.991513, 5.445911, 0.0, 1.0, 0.0, 0.605395, 0.0, 0.0, 0.0, 1.0],
                [0.99107, 0.0, -0.133344, -5e-06, -0.133344, 0.0, -0.99107, 5.449626, 0.0, 1.0, 0.0, 0.609793, 0.0, 0.0, 0.0, 1.0],
                [0.990613, 0.0, -0.136693, -5e-06, -0.136693, 0.0, -0.990613, 5.453454, 0.0, 1.0, 0.0, 0.614145, 0.0, 0.0, 0.0, 1.0],
                [0.990144, 0.0, -0.140055, -5e-06, -0.140055, 0.0, -0.990144, 5.457395, 0.0, 1.0, 0.0, 0.618447, 0.0, 0.0, 0.0, 1.0],
                [0.989661, 0.0, -0.143427, -5e-06, -0.143427, 0.0, -0.989661, 5.461442, 0.0, 1.0, 0.0, 0.622694, 0.0, 0.0, 0.0, 1.0],
                [0.989165, 0.0, -0.146808, -5e-06, -0.146808, 0.0, -0.989165, 5.465592, 0.0, 1.0, 0.0, 0.626885, 0.0, 0.0, 0.0, 1.0],
                [0.988656, 0.0, -0.150197, -5e-06, -0.150197, 0.0, -0.988656, 5.469843, 0.0, 1.0, 0.0, 0.631014, 0.0, 0.0, 0.0, 1.0],
                [0.988134, 0.0, -0.153592, -5e-06, -0.153592, 0.0, -0.988134, 5.474189, 0.0, 1.0, 0.0, 0.635078, 0.0, 0.0, 0.0, 1.0],
                [0.9876, 0.0, -0.156993, -5e-06, -0.156993, 0.0, -0.9876, 5.478629, 0.0, 1.0, 0.0, 0.639075, 0.0, 0.0, 0.0, 1.0],
                [0.987052, 0.0, -0.160399, -5e-06, -0.160399, 0.0, -0.987052, 5.483159, 0.0, 1.0, 0.0, 0.643, 0.0, 0.0, 0.0, 1.0],
                [0.986492, 0.0, -0.163807, -5e-06, -0.163807, 0.0, -0.986492, 5.487773, 0.0, 1.0, 0.0, 0.64685, 0.0, 0.0, 0.0, 1.0],
                [0.98592, 0.0, -0.167217, -5e-06, -0.167217, 0.0, -0.98592, 5.492471, 0.0, 1.0, 0.0, 0.650622, 0.0, 0.0, 0.0, 1.0],
                [0.985336, 0.0, -0.170627, -5e-06, -0.170627, 0.0, -0.985336, 5.497247, 0.0, 1.0, 0.0, 0.654311, 0.0, 0.0, 0.0, 1.0],
                [0.984739, 0.0, -0.174036, -5e-06, -0.174036, 0.0, -0.984739, 5.502097, 0.0, 1.0, 0.0, 0.657915, 0.0, 0.0, 0.0, 1.0],
                [0.984131, 0.0, -0.177443, -5e-06, -0.177443, 0.0, -0.984131, 5.50702, 0.0, 1.0, 0.0, 0.661429, 0.0, 0.0, 0.0, 1.0],
                [0.983511, 0.0, -0.180847, -5e-06, -0.180847, 0.0, -0.983511, 5.51201, 0.0, 1.0, 0.0, 0.664851, 0.0, 0.0, 0.0, 1.0],
                [0.98288, 0.0, -0.184247, -5e-06, -0.184247, 0.0, -0.98288, 5.517064, 0.0, 1.0, 0.0, 0.668176, 0.0, 0.0, 0.0, 1.0],
                [0.982238, 0.0, -0.18764, -5e-06, -0.18764, 0.0, -0.982238, 5.522179, 0.0, 1.0, 0.0, 0.671402, 0.0, 0.0, 0.0, 1.0],
                [0.981585, 0.0, -0.191027, -5e-06, -0.191027, 0.0, -0.981585, 5.527351, 0.0, 1.0, 0.0, 0.674524, 0.0, 0.0, 0.0, 1.0],
                [0.980921, 0.0, -0.194405, -5e-06, -0.194405, 0.0, -0.980921, 5.532577, 0.0, 1.0, 0.0, 0.677539, 0.0, 0.0, 0.0, 1.0],
                [0.980248, 0.0, -0.197774, -5e-06, -0.197774, 0.0, -0.980248, 5.537853, 0.0, 1.0, 0.0, 0.680444, 0.0, 0.0, 0.0, 1.0],
                [0.979564, 0.0, -0.201132, -5e-06, -0.201132, 0.0, -0.979564, 5.543176, 0.0, 1.0, 0.0, 0.683235, 0.0, 0.0, 0.0, 1.0],
                [0.978871, 0.0, -0.204478, -5e-06, -0.204478, 0.0, -0.978871, 5.548541, 0.0, 1.0, 0.0, 0.685909, 0.0, 0.0, 0.0, 1.0],
                [0.978169, 0.0, -0.207812, -5e-06, -0.207812, 0.0, -0.978169, 5.553945, 0.0, 1.0, 0.0, 0.688461, 0.0, 0.0, 0.0, 1.0],
                [0.977458, 0.0, -0.21113, -5e-06, -0.21113, 0.0, -0.977458, 5.559385, 0.0, 1.0, 0.0, 0.69089, 0.0, 0.0, 0.0, 1.0],
                [0.976739, 0.0, -0.214434, -5e-06, -0.214434, 0.0, -0.976739, 5.564857, 0.0, 1.0, 0.0, 0.69319, 0.0, 0.0, 0.0, 1.0],
                [0.976011, 0.0, -0.21772, -5e-06, -0.21772, 0.0, -0.976011, 5.570358, 0.0, 1.0, 0.0, 0.695358, 0.0, 0.0, 0.0, 1.0],
                [0.975276, 0.0, -0.220989, -5e-06, -0.220989, 0.0, -0.975276, 5.575885, 0.0, 1.0, 0.0, 0.697391, 0.0, 0.0, 0.0, 1.0],
                [0.974534, 0.0, -0.224238, -5e-06, -0.224238, 0.0, -0.974534, 5.581432, 0.0, 1.0, 0.0, 0.699286, 0.0, 0.0, 0.0, 1.0],
                [0.973786, 0.0, -0.227468, -5e-06, -0.227468, 0.0, -0.973786, 5.586998, 0.0, 1.0, 0.0, 0.701038, 0.0, 0.0, 0.0, 1.0],
                [0.973031, 0.0, -0.230676, -5e-06, -0.230676, 0.0, -0.973031, 5.592577, 0.0, 1.0, 0.0, 0.702645, 0.0, 0.0, 0.0, 1.0],
                [0.97227, 0.0, -0.233861, -5e-06, -0.233861, 0.0, -0.97227, 5.598167, 0.0, 1.0, 0.0, 0.704103, 0.0, 0.0, 0.0, 1.0],
                [0.971504, 0.0, -0.237023, -5e-06, -0.237023, 0.0, -0.971504, 5.603765, 0.0, 1.0, 0.0, 0.705407, 0.0, 0.0, 0.0, 1.0],
                [0.970734, 0.0, -0.240159, -5e-06, -0.240159, 0.0, -0.970734, 5.609365, 0.0, 1.0, 0.0, 0.706556, 0.0, 0.0, 0.0, 1.0],
                [0.969959, 0.0, -0.24327, -5e-06, -0.24327, 0.0, -0.969959, 5.614966, 0.0, 1.0, 0.0, 0.707606, 0.0, 0.0, 0.0, 1.0],
                [0.96918, 0.0, -0.246353, -5e-06, -0.246353, 0.0, -0.96918, 5.620564, 0.0, 1.0, 0.0, 0.708618, 0.0, 0.0, 0.0, 1.0],
                [0.968399, 0.0, -0.249408, -5e-06, -0.249408, 0.0, -0.968399, 5.626154, 0.0, 1.0, 0.0, 0.709594, 0.0, 0.0, 0.0, 1.0],
                [0.967614, 0.0, -0.252434, -5e-06, -0.252434, 0.0, -0.967614, 5.631733, 0.0, 1.0, 0.0, 0.710534, 0.0, 0.0, 0.0, 1.0],
                [0.966828, 0.0, -0.255428, -5e-06, -0.255428, 0.0, -0.966828, 5.637299, 0.0, 1.0, 0.0, 0.711438, 0.0, 0.0, 0.0, 1.0],
                [0.96604, 0.0, -0.258392, -5e-06, -0.258392, 0.0, -0.96604, 5.642846, 0.0, 1.0, 0.0, 0.712307, 0.0, 0.0, 0.0, 1.0],
                [0.965252, 0.0, -0.261322, -5e-06, -0.261322, 0.0, -0.965252, 5.648372, 0.0, 1.0, 0.0, 0.713143, 0.0, 0.0, 0.0, 1.0],
                [0.964463, 0.0, -0.264218, -5e-06, -0.264218, 0.0, -0.964463, 5.653872, 0.0, 1.0, 0.0, 0.713944, 0.0, 0.0, 0.0, 1.0],
                [0.963674, 0.0, -0.26708, -5e-06, -0.26708, 0.0, -0.963674, 5.659345, 0.0, 1.0, 0.0, 0.714714, 0.0, 0.0, 0.0, 1.0],
                [0.962887, 0.0, -0.269905, -5e-06, -0.269905, 0.0, -0.962887, 5.664786, 0.0, 1.0, 0.0, 0.715451, 0.0, 0.0, 0.0, 1.0],
                [0.962101, 0.0, -0.272693, -5e-06, -0.272693, 0.0, -0.962101, 5.67019, 0.0, 1.0, 0.0, 0.716157, 0.0, 0.0, 0.0, 1.0],
                [0.961318, 0.0, -0.275442, -5e-06, -0.275442, 0.0, -0.961318, 5.675555, 0.0, 1.0, 0.0, 0.716832, 0.0, 0.0, 0.0, 1.0],
                [0.960537, 0.0, -0.278153, -5e-06, -0.278153, 0.0, -0.960537, 5.680878, 0.0, 1.0, 0.0, 0.717477, 0.0, 0.0, 0.0, 1.0],
                [0.95976, 0.0, -0.280822, -5e-06, -0.280822, 0.0, -0.95976, 5.686153, 0.0, 1.0, 0.0, 0.718092, 0.0, 0.0, 0.0, 1.0],
                [0.958987, 0.0, -0.283451, -5e-06, -0.283451, 0.0, -0.958987, 5.691379, 0.0, 1.0, 0.0, 0.71868, 0.0, 0.0, 0.0, 1.0],
                [0.958219, 0.0, -0.286036, -5e-06, -0.286036, 0.0, -0.958219, 5.696551, 0.0, 1.0, 0.0, 0.719239, 0.0, 0.0, 0.0, 1.0],
                [0.957456, 0.0, -0.288578, -5e-06, -0.288578, 0.0, -0.957456, 5.701666, 0.0, 1.0, 0.0, 0.719771, 0.0, 0.0, 0.0, 1.0],
                [0.9567, 0.0, -0.291076, -5e-06, -0.291076, 0.0, -0.9567, 5.706721, 0.0, 1.0, 0.0, 0.720276, 0.0, 0.0, 0.0, 1.0],
                [0.955951, 0.0, -0.293527, -5e-06, -0.293527, 0.0, -0.955951, 5.711711, 0.0, 1.0, 0.0, 0.720755, 0.0, 0.0, 0.0, 1.0],
                [0.955209, 0.0, -0.295932, -5e-06, -0.295932, 0.0, -0.955209, 5.716633, 0.0, 1.0, 0.0, 0.72121, 0.0, 0.0, 0.0, 1.0],
                [0.954476, 0.0, -0.298289, -5e-06, -0.298289, 0.0, -0.954476, 5.721484, 0.0, 1.0, 0.0, 0.721639, 0.0, 0.0, 0.0, 1.0],
                [0.953751, 0.0, -0.300597, -5e-06, -0.300597, 0.0, -0.953751, 5.72626, 0.0, 1.0, 0.0, 0.722045, 0.0, 0.0, 0.0, 1.0],
                [0.953037, 0.0, -0.302855, -5e-06, -0.302855, 0.0, -0.953037, 5.730957, 0.0, 1.0, 0.0, 0.722428, 0.0, 0.0, 0.0, 1.0],
                [0.952332, 0.0, -0.305063, -5e-06, -0.305063, 0.0, -0.952332, 5.735571, 0.0, 1.0, 0.0, 0.722788, 0.0, 0.0, 0.0, 1.0],
                [0.951639, 0.0, -0.307218, -5e-06, -0.307218, 0.0, -0.951639, 5.740101, 0.0, 1.0, 0.0, 0.723126, 0.0, 0.0, 0.0, 1.0],
                [0.950958, 0.0, -0.30932, -5e-06, -0.30932, 0.0, -0.950958, 5.744541, 0.0, 1.0, 0.0, 0.723443, 0.0, 0.0, 0.0, 1.0],
                [0.950289, 0.0, -0.311369, -5e-06, -0.311369, 0.0, -0.950289, 5.748888, 0.0, 1.0, 0.0, 0.72374, 0.0, 0.0, 0.0, 1.0],
                [0.949634, 0.0, -0.313362, -5e-06, -0.313362, 0.0, -0.949634, 5.753139, 0.0, 1.0, 0.0, 0.724017, 0.0, 0.0, 0.0, 1.0],
                [0.948992, 0.0, -0.3153, -5e-06, -0.3153, 0.0, -0.948992, 5.757289, 0.0, 1.0, 0.0, 0.724275, 0.0, 0.0, 0.0, 1.0],
                [0.948365, 0.0, -0.31718, -5e-06, -0.31718, 0.0, -0.948365, 5.761336, 0.0, 1.0, 0.0, 0.724514, 0.0, 0.0, 0.0, 1.0],
                [0.947754, 0.0, -0.319003, -5e-06, -0.319003, 0.0, -0.947754, 5.765276, 0.0, 1.0, 0.0, 0.724736, 0.0, 0.0, 0.0, 1.0],
                [0.947158, 0.0, -0.320766, -5e-06, -0.320766, 0.0, -0.947158, 5.769105, 0.0, 1.0, 0.0, 0.72494, 0.0, 0.0, 0.0, 1.0],
                [0.94658, 0.0, -0.32247, -5e-06, -0.32247, 0.0, -0.94658, 5.77282, 0.0, 1.0, 0.0, 0.725129, 0.0, 0.0, 0.0, 1.0],
                [0.946019, 0.0, -0.324112, -5e-06, -0.324112, 0.0, -0.946019, 5.776416, 0.0, 1.0, 0.0, 0.725301, 0.0, 0.0, 0.0, 1.0],
                [0.945476, 0.0, -0.325693, -5e-06, -0.325693, 0.0, -0.945476, 5.779891, 0.0, 1.0, 0.0, 0.725459, 0.0, 0.0, 0.0, 1.0],
                [0.944952, 0.0, -0.32721, -5e-06, -0.32721, 0.0, -0.944952, 5.783242, 0.0, 1.0, 0.0, 0.725602, 0.0, 0.0, 0.0, 1.0],
                [0.944447, 0.0, -0.328663, -5e-06, -0.328663, 0.0, -0.944447, 5.786464, 0.0, 1.0, 0.0, 0.725732, 0.0, 0.0, 0.0, 1.0],
                [0.943963, 0.0, -0.330052, -5e-06, -0.330052, 0.0, -0.943963, 5.789554, 0.0, 1.0, 0.0, 0.725849, 0.0, 0.0, 0.0, 1.0],
                [0.943499, 0.0, -0.331374, -5e-06, -0.331374, 0.0, -0.943499, 5.792507, 0.0, 1.0, 0.0, 0.725953, 0.0, 0.0, 0.0, 1.0],
                [0.943058, 0.0, -0.33263, -5e-06, -0.33263, 0.0, -0.943058, 5.795322, 0.0, 1.0, 0.0, 0.726046, 0.0, 0.0, 0.0, 1.0],
                [0.942638, 0.0, -0.333817, -5e-06, -0.333817, 0.0, -0.942638, 5.797993, 0.0, 1.0, 0.0, 0.726128, 0.0, 0.0, 0.0, 1.0],
                [0.942241, 0.0, -0.334935, -5e-06, -0.334935, 0.0, -0.942241, 5.800519, 0.0, 1.0, 0.0, 0.726199, 0.0, 0.0, 0.0, 1.0],
                [0.941868, 0.0, -0.335983, -5e-06, -0.335983, 0.0, -0.941868, 5.802893, 0.0, 1.0, 0.0, 0.726262, 0.0, 0.0, 0.0, 1.0],
                [0.941519, 0.0, -0.33696, -5e-06, -0.33696, 0.0, -0.941519, 5.805115, 0.0, 1.0, 0.0, 0.726315, 0.0, 0.0, 0.0, 1.0],
                [0.941195, 0.0, -0.337865, -5e-06, -0.337865, 0.0, -0.941195, 5.807179, 0.0, 1.0, 0.0, 0.72636, 0.0, 0.0, 0.0, 1.0],
                [0.940896, 0.0, -0.338697, -5e-06, -0.338697, 0.0, -0.940896, 5.809083, 0.0, 1.0, 0.0, 0.726398, 0.0, 0.0, 0.0, 1.0],
                [0.940622, 0.0, -0.339455, -5e-06, -0.339455, 0.0, -0.940622, 5.810822, 0.0, 1.0, 0.0, 0.726428, 0.0, 0.0, 0.0, 1.0],
                [0.940376, 0.0, -0.340137, -5e-06, -0.340137, 0.0, -0.940376, 5.812393, 0.0, 1.0, 0.0, 0.726453, 0.0, 0.0, 0.0, 1.0],
                [0.940157, 0.0, -0.340743, -5e-06, -0.340743, 0.0, -0.940157, 5.813793, 0.0, 1.0, 0.0, 0.726472, 0.0, 0.0, 0.0, 1.0],
                [0.939965, 0.0, -0.341272, -5e-06, -0.341272, 0.0, -0.939965, 5.815018, 0.0, 1.0, 0.0, 0.726487, 0.0, 0.0, 0.0, 1.0],
                [0.939801, 0.0, -0.341722, -5e-06, -0.341722, 0.0, -0.939801, 5.816064, 0.0, 1.0, 0.0, 0.726497, 0.0, 0.0, 0.0, 1.0],
                [0.939666, 0.0, -0.342093, -5e-06, -0.342093, 0.0, -0.939666, 5.816927, 0.0, 1.0, 0.0, 0.726504, 0.0, 0.0, 0.0, 1.0],
                [0.93956, 0.0, -0.342383, -5e-06, -0.342383, 0.0, -0.93956, 5.817606, 0.0, 1.0, 0.0, 0.726508, 0.0, 0.0, 0.0, 1.0],
                [0.939484, 0.0, -0.342592, -5e-06, -0.342592, 0.0, -0.939484, 5.818095, 0.0, 1.0, 0.0, 0.72651, 0.0, 0.0, 0.0, 1.0],
                [0.939438, 0.0, -0.342718, -5e-06, -0.342718, 0.0, -0.939438, 5.81839, 0.0, 1.0, 0.0, 0.726511, 0.0, 0.0, 0.0, 1.0],
                [0.939423, 0.0, -0.342761, -5e-06, -0.342761, 0.0, -0.939423, 5.81849, 0.0, 1.0, 0.0, 0.726511, 0.0, 0.0, 0.0, 1.0]
            ]
        },
        {
            "name": "Thigh_R",
            "time": [0.0, 0.0167, 0.0333, 0.05, 0.0667, 0.0833, 0.1, 0.1167, 0.1333, 0.15, 0.1667, 0.1833, 0.2, 0.2167, 0.2333, 0.25, 0.2667, 0.2833, 0.3, 0.3167, 0.3333, 0.35, 0.3667, 0.3833, 0.4, 0.4167, 0.4333, 0.45, 0.4667, 0.4833, 0.5, 0.5167, 0.5333, 0.55, 0.5667, 0.5833, 0.6, 0.6167, 0.6333, 0.65, 0.6667, 0.6833, 0.7, 0.7167, 0.7333, 0.75, 0.7667, 0.7833, 0.8, 0.8167, 0.8333, 0.85, 0.8667, 0.8833, 0.9, 0.9167, 0.9333, 0.95, 0.9667, 0.9833, 1.0, 1.0167, 1.0333, 1.05, 1.0667, 1.0833, 1.1, 1.1167, 1.1333, 1.15, 1.1667, 1.1833, 1.2, 1.2167, 1.2333, 1.25, 1.2667, 1.2833, 1.3, 1.3167, 1.3333, 1.35, 1.3667, 1.3833, 1.4, 1.4167, 1.4333, 1.45, 1.4667, 1.4833, 1.5, 1.5167, 1.5333, 1.55, 1.5667, 1.5833, 1.6, 1.6167, 1.6333, 1.65, 1.6667, 1.6833, 1.7, 1.7167, 1.7333, 1.75, 1.7667, 1.7833, 1.8, 1.8167, 1.8333, 1.85, 1.8667, 1.8833, 1.9, 1.9167, 1.9333, 1.95, 1.9667, 1.9833, 2.0, 2.0167, 2.0333, 2.05, 2.0667, 2.0833, 2.1, 2.1167, 2.1333, 2.15, 2.1667, 2.1833, 2.2, 2.2167, 2.2333, 2.25, 2.2667, 2.2833, 2.3, 2.3167, 2.3333, 2.35, 2.3667, 2.3833, 2.4, 2.4167, 2.4333, 2.45, 2.4667, 2.4833, 2.5, 2.5167, 2.5333, 2.55, 2.5667, 2.5833, 2.6, 2.6167, 2.6333, 2.65, 2.6667, 2.6833, 2.7, 2.7167, 2.7333, 2.75, 2.7667, 2.7833, 2.8, 2.8167, 2.8333, 2.85, 2.8667, 2.8833, 2.9, 2.9167, 2.9333, 2.95],
            "transform": [
                [0.800851, 0.513404, 0.308306, 0.124994, 0.057835, -0.578715, 0.813476, -0.002831, 0.596064, -0.633641, -0.493159, -1.2e-05, 0.0, 0.0, 0.0, 1.0],
                [0.800851, 0.513404, 0.308306, 0.124994, 0.057835, -0.578715, 0.813476, -0.002831, 0.596064, -0.633641, -0.493159, -1.2e-05, 0.0, 0.0, 0.0, 1.0],
                [0.800851, 0.513404, 0.308306, 0.124994, 0.057835, -0.578715, 0.813476, -0.002831, 0.596064, -0.633641, -0.493159, -1.2e-05, 0.0, 0.0, 0.0, 1.0],
                [0.800851, 0.513404, 0.308306, 0.124994, 0.057835, -0.578715, 0.813476, -0.002831, 0.596064, -0.633641, -0.493159, -1.2e-05, 0.0, 0.0, 0.0, 1.0],
                [0.800851, 0.513404, 0.308306, 0.124994, 0.057835, -0.578715, 0.813476, -0.002831, 0.596064, -0.633641, -0.493159, -1.2e-05, 0.0, 0.0, 0.0, 1.0],
                [0.800851, 0.513404, 0.308306, 0.124994, 0.057835, -0.578715, 0.813476, -0.002831, 0.596064, -0.633641, -0.493159, -1.2e-05, 0.0, 0.0, 0.0, 1.0],
                [0.800851, 0.513404, 0.308306, 0.124994, 0.057835, -0.578715, 0.813476, -0.002831, 0.596064, -0.633641, -0.493159, -1.2e-05, 0.0, 0.0, 0.0, 1.0],
                [0.800851, 0.513404, 0.308306, 0.124994, 0.057835, -0.578715, 0.813476, -0.002831, 0.596064, -0.633641, -0.493159, -1.2e-05, 0.0, 0.0, 0.0, 1.0],
                [0.800851, 0.513404, 0.308306, 0.124994, 0.057835, -0.578715, 0.813476, -0.002831, 0.596064, -0.633641, -0.493159, -1.2e-05, 0.0, 0.0, 0.0, 1.0],
                [0.800851, 0.513404, 0.308306, 0.124994, 0.057835, -0.578715, 0.813476, -0.002831, 0.596064, -0.633641, -0.493159, -1.2e-05, 0.0, 0.0, 0.0, 1.0],
                [0.800851, 0.513404, 0.308306, 0.124994, 0.057835, -0.578715, 0.813476, -0.002831, 0.596064, -0.633641, -0.493159, -1.2e-05, 0.0, 0.0, 0.0, 1.0],
                [0.797625, 0.485712, 0.357598, 0.124994, 0.114256, -0.70382, 0.701128, -0.002831, 0.592232, -0.518379, -0.616882, -1.2e-05, 0.0, 0.0, 0.0, 1.0],
                [0.807024, 0.376101, 0.455257, 0.124994, 0.25427, -0.917134, 0.306935, -0.002831, 0.532971, -0.131946, -0.835782, -1.2e-05, 0.0, 0.0, 0.0, 1.0],
                [0.852739, 0.200409, 0.482361, 0.124994, 0.366773, -0.887245, -0.279769, -0.002831, 0.371905, 0.415486, -0.830095, -1.2e-05, 0.0, 0.0, 0.0, 1.0],
                [0.907612, 0.085062, 0.411101, 0.124994, 0.367468, -0.634482, -0.679998, -0.002831, 0.202995, 0.76824, -0.607123, -1.2e-05, 0.0, 0.0, 0.0, 1.0],
                [0.939534, 0.075812, 0.333957, 0.124994, 0.326091, -0.495896, -0.80483, -0.002831, 0.104592, 0.865064, -0.490634, -1.2e-05, 0.0, 0.0, 0.0, 1.0],
                [0.952022, 0.126138, 0.278822, 0.124994, 0.302353, -0.528456, -0.793295, -0.002831, 0.04728, 0.839535, -0.541241, -1.2e-05, 0.0, 0.0, 0.0, 1.0],
                [0.953867, 0.196851, 0.226684, 0.124994, 0.300226, -0.622952, -0.722353, -0.002831, -0.000983, 0.757084, -0.653315, -1.2e-05, 0.0, 0.0, 0.0, 1.0],
                [0.946213, 0.279076, 0.163696, 0.124994, 0.32126, -0.750412, -0.577643, -0.002831, -0.038367, 0.599162, -0.799708, -1.2e-05, 0.0, 0.0, 0.0, 1.0],
                [0.930258, 0.358253, 0.079202, 0.124994, 0.362445, -0.86373, -0.350144, -0.002831, -0.057031, 0.354431, -0.933342, -1.2e-05, 0.0, 0.0, 0.0, 1.0],
                [0.90947, 0.414963, -0.02586, 0.124994, 0.412835, -0.908678, -0.062198, -0.002831, -0.049309, 0.045891, -0.997729, -1.2e-05, 0.0, 0.0, 0.0, 1.0],
                [0.889451, 0.436554, -0.135264, 0.124994, 0.456718, -0.859961, 0.227757, -0.002831, -0.016893, -0.264355, -0.964278, -1.2e-05, 0.0, 0.0, 0.0, 1.0],
                [0.874683, 0.427629, -0.22817, 0.124994, 0.483916, -0.743797, 0.461073, -0.002831, 0.027456, -0.513707, -0.857526, -1.2e-05, 0.0, 0.0, 0.0, 1.0],
                [0.866122, 0.404761, -0.293256, 0.124994, 0.495077, -0.613977, 0.61476, -0.002831, 0.068778, -0.67764, -0.732169, -1.2e-05, 0.0, 0.0, 0.0, 1.0],
                [0.862229, 0.384095, -0.330197, 0.124994, 0.497091, -0.516487, 0.697238, -0.002831, 0.097264, -0.765315, -0.636263, -1.2e-05, 0.0, 0.0, 0.0, 1.0],
                [0.861177, 0.375852, -0.34221, 0.124994, 0.496761, -0.479659, 0.723294, -0.002831, 0.107708, -0.792879, -0.599783, -1.2e-05, 0.0, 0.0, 0.0, 1.0],
                [0.861214, 0.375844, -0.342127, 0.124994, 0.4967, -0.479758, 0.72327, -0.002831, 0.107698, -0.792823, -0.599858, -1.2e-05, 0.0, 0.0, 0.0, 1.0],
                [0.861323, 0.375819, -0.34188, 0.124994, 0.496517, -0.480054, 0.7232, -0.002831, 0.107671, -0.792657, -0.600084, -1.2e-05, 0.0, 0.0, 0.0, 1.0],
                [0.861504, 0.375776, -0.341471, 0.124994, 0.496213, -0.480543, 0.723083, -0.002831, 0.107626, -0.79238, -0.600457, -1.2e-05, 0.0, 0.0, 0.0, 1.0],
                [0.861755, 0.375717, -0.340902, 0.124994, 0.495791, -0.481223, 0.72292, -0.002831, 0.107564, -0.791995, -0.600976, -1.2e-05, 0.0, 0.0, 0.0, 1.0],
                [0.862075, 0.375641, -0.340176, 0.124994, 0.495251, -0.482092, 0.722712, -0.002831, 0.107484, -0.791503, -0.601638, -1.2e-05, 0.0, 0.0, 0.0, 1.0],
                [0.862463, 0.375548, -0.339294, 0.124994, 0.494595, -0.483147, 0.722457, -0.002831, 0.107389, -0.790904, -0.602442, -1.2e-05, 0.0, 0.0, 0.0, 1.0],
                [0.862918, 0.375437, -0.338258, 0.124994, 0.493825, -0.484384, 0.722155, -0.002831, 0.107277, -0.790199, -0.603386, -1.2e-05, 0.0, 0.0, 0.0, 1.0],
                [0.863439, 0.375307, -0.33707, 0.124994, 0.492941, -0.485801, 0.721807, -0.002831, 0.107151, -0.789391, -0.604466, -1.2e-05, 0.0, 0.0, 0.0, 1.0],
                [0.864025, 0.375159, -0.335732, 0.124994, 0.491944, -0.487395, 0.721412, -0.002831, 0.10701, -0.788478, -0.605681, -1.2e-05, 0.0, 0.0, 0.0, 1.0],
                [0.864674, 0.374991, -0.334246, 0.124994, 0.490837, -0.489164, 0.720969, -0.002831, 0.106856, -0.787462, -0.607029, -1.1e-05, 0.0, 0.0, 0.0, 1.0],
                [0.865384, 0.374803, -0.332613, 0.124994, 0.489619, -0.491104, 0.720478, -0.002831, 0.106689, -0.786343, -0.608507, -1.2e-05, 0.0, 0.0, 0.0, 1.0],
                [0.866156, 0.374594, -0.330837, 0.124994, 0.488292, -0.493213, 0.719938, -0.002831, 0.106511, -0.785122, -0.610112, -1.2e-05, 0.0, 0.0, 0.0, 1.0],
                [0.866986, 0.374362, -0.328918, 0.124994, 0.486858, -0.495487, 0.719347, -0.002831, 0.106322, -0.783799, -0.611844, -1.2e-05, 0.0, 0.0, 0.0, 1.0],
                [0.867874, 0.374108, -0.326859, 0.124994, 0.485316, -0.497924, 0.718706, -0.002831, 0.106123, -0.782375, -0.613698, -1.2e-05, 0.0, 0.0, 0.0, 1.0],
                [0.868819, 0.37383, -0.324661, 0.124994, 0.483669, -0.500521, 0.718012, -0.002831, 0.105915, -0.780849, -0.615674, -1.2e-05, 0.0, 0.0, 0.0, 1.0],
                [0.869818, 0.373526, -0.322325, 0.124994, 0.481917, -0.503274, 0.717266, -0.002831, 0.105699, -0.779223, -0.617767, -1.2e-05, 0.0, 0.0, 0.0, 1.0],
                [0.870871, 0.373196, -0.319855, 0.124994, 0.48006, -0.506181, 0.716465, -0.002831, 0.105477, -0.777497, -0.619977, -1.2e-05, 0.0, 0.0, 0.0, 1.0],
                [0.871976, 0.372838, -0.317252, 0.124994, 0.478101, -0.509238, 0.715608, -0.002831, 0.105249, -0.77567, -0.6223, -1.2e-05, 0.0, 0.0, 0.0, 1.0],
                [0.873131, 0.372452, -0.314517, 0.124994, 0.476039, -0.512443, 0.714694, -0.002831, 0.105018, -0.773742, -0.624734, -1.2e-05, 0.0, 0.0, 0.0, 1.0],
                [0.874335, 0.372036, -0.311652, 0.124994, 0.473876, -0.515791, 0.713722, -0.002831, 0.104783, -0.771715, -0.627275, -1.2e-05, 0.0, 0.0, 0.0, 1.0],
                [0.875586, 0.371587, -0.30866, 0.124994, 0.471613, -0.519281, 0.71269, -0.002831, 0.104546, -0.769588, -0.629922, -1.2e-05, 0.0, 0.0, 0.0, 1.0],
                [0.876883, 0.371107, -0.305542, 0.124994, 0.46925, -0.522908, 0.711597, -0.002831, 0.104308, -0.767361, -0.632673, -1.2e-05, 0.0, 0.0, 0.0, 1.0],
                [0.878223, 0.370591, -0.302299, 0.124994, 0.466789, -0.526669, 0.710441, -0.002831, 0.104072, -0.765034, -0.635523, -1.2e-05, 0.0, 0.0, 0.0, 1.0],
                [0.879606, 0.37004, -0.298935, 0.124994, 0.464231, -0.530561, 0.709221, -0.002831, 0.103837, -0.762608, -0.638471, -1.2e-05, 0.0, 0.0, 0.0, 1.0],
                [0.88103, 0.369452, -0.29545, 0.124994, 0.461575, -0.534581, 0.707934, -0.002831, 0.103606, -0.760082, -0.641514, -1.2e-05, 0.0, 0.0, 0.0, 1.0],
                [0.882492, 0.368825, -0.291847, 0.124994, 0.458824, -0.538725, 0.70658, -0.002831, 0.103379, -0.757456, -0.644648, -1.2e-05, 0.0, 0.0, 0.0, 1.0],
                [0.883992, 0.368158, -0.288127, 0.124994, 0.455978, -0.542989, 0.705156, -0.002831, 0.103159, -0.754731, -0.647872, -1.2e-05, 0.0, 0.0, 0.0, 1.0],
                [0.885527, 0.367448, -0.284293, 0.124994, 0.453038, -0.547371, 0.703662, -0.002831, 0.102946, -0.751906, -0.651182, -1.1e-05, 0.0, 0.0, 0.0, 1.0],
                [0.887096, 0.366696, -0.280347, 0.124994, 0.450006, -0.551866, 0.702095, -0.002831, 0.102741, -0.748982, -0.654575, -1.2e-05, 0.0, 0.0, 0.0, 1.0],
                [0.888696, 0.365898, -0.276291, 0.124994, 0.446881, -0.556471, 0.700454, -0.002831, 0.102547, -0.745958, -0.658049, -1.1e-05, 0.0, 0.0, 0.0, 1.0],
                [0.890327, 0.365055, -0.272126, 0.124994, 0.443666, -0.561182, 0.698737, -0.002831, 0.102365, -0.742836, -0.6616, -1.2e-05, 0.0, 0.0, 0.0, 1.0],
                [0.891985, 0.364163, -0.267855, 0.124994, 0.440361, -0.565996, 0.696943, -0.002831, 0.102196, -0.739614, -0.665225, -1.2e-05, 0.0, 0.0, 0.0, 1.0],
                [0.893671, 0.363222, -0.263481, 0.124994, 0.436967, -0.570909, 0.69507, -0.002831, 0.102041, -0.736294, -0.668922, -1.2e-05, 0.0, 0.0, 0.0, 1.0],
                [0.89538, 0.362229, -0.259004, 0.124994, 0.433486, -0.575916, 0.693116, -0.002831, 0.101902, -0.732875, -0.672687, -1.2e-05, 0.0, 0.0, 0.0, 1.0],
                [0.897113, 0.361184, -0.254429, 0.124994, 0.429918, -0.581015, 0.691079, -0.002831, 0.10178, -0.729358, -0.676518, -1.2e-05, 0.0, 0.0, 0.0, 1.0],
                [0.898866, 0.360085, -0.249755, 0.124994, 0.426265, -0.586202, 0.688959, -0.002831, 0.101677, -0.725742, -0.680411, -1.2e-05, 0.0, 0.0, 0.0, 1.0],
                [0.900638, 0.358931, -0.244988, 0.124994, 0.422528, -0.591471, 0.686754, -0.002831, 0.101594, -0.722029, -0.684362, -1.2e-05, 0.0, 0.0, 0.0, 1.0],
                [0.902427, 0.35772, -0.240127, 0.124994, 0.418708, -0.59682, 0.684461, -0.002831, 0.101533, -0.718218, -0.688369, -1.2e-05, 0.0, 0.0, 0.0, 1.0],
                [0.904231, 0.35645, -0.235177, 0.124994, 0.414807, -0.602245, 0.682081, -0.002831, 0.101494, -0.71431, -0.692429, -1.2e-05, 0.0, 0.0, 0.0, 1.0],
                [0.906048, 0.355121, -0.230139, 0.124994, 0.410825, -0.607741, 0.679611, -0.002831, 0.10148, -0.710306, -0.696538, -1.2e-05, 0.0, 0.0, 0.0, 1.0],
                [0.907877, 0.353731, -0.225016, 0.124994, 0.406765, -0.613305, 0.677051, -0.002831, 0.101491, -0.706206, -0.700693, -1.2e-05, 0.0, 0.0, 0.0, 1.0],
                [0.909715, 0.352279, -0.219811, 0.124994, 0.402628, -0.618931, 0.674398, -0.002831, 0.101528, -0.702011, -0.704891, -1.2e-05, 0.0, 0.0, 0.0, 1.0],
                [0.911561, 0.350763, -0.214525, 0.124994, 0.398415, -0.624617, 0.671652, -0.002831, 0.101595, -0.697721, -0.709128, -1.2e-05, 0.0, 0.0, 0.0, 1.0],
                [0.913412, 0.349183, -0.209163, 0.124994, 0.394129, -0.630358, 0.668813, -0.002831, 0.10169, -0.693337, -0.713401, -1.3e-05, 0.0, 0.0, 0.0, 1.0],
                [0.915267, 0.347536, -0.203726, 0.124994, 0.389769, -0.63615, 0.665877, -0.002831, 0.101816, -0.68886, -0.717708, -1.2e-05, 0.0, 0.0, 0.0, 1.0],
                [0.917123, 0.345823, -0.198218, 0.124994, 0.385339, -0.641988, 0.662846, -0.002831, 0.101974, -0.68429, -0.722043, -1.2e-05, 0.0, 0.0, 0.0, 1.0],
                [0.918979, 0.344042, -0.192641, 0.124994, 0.380839, -0.647868, 0.659717, -0.002831, 0.102165, -0.67963, -0.726405, -1.2e-05, 0.0, 0.0, 0.0, 1.0],
                [0.920834, 0.342193, -0.186998, 0.124994, 0.376272, -0.653787, 0.656491, -0.002831, 0.10239, -0.67488, -0.730789, -1.2e-05, 0.0, 0.0, 0.0, 1.0],
                [0.922684, 0.340273, -0.181292, 0.124994, 0.37164, -0.659739, 0.653166, -0.002831, 0.10265, -0.67004, -0.735193, -1.2e-05, 0.0, 0.0, 0.0, 1.0],
                [0.924529, 0.338284, -0.175525, 0.124994, 0.366944, -0.665721, 0.649743, -0.002831, 0.102946, -0.665112, -0.739612, -1.2e-05, 0.0, 0.0, 0.0, 1.0],
                [0.926366, 0.336223, -0.169702, 0.124994, 0.362186, -0.671729, 0.64622, -0.002831, 0.10328, -0.660098, -0.744044, -1.2e-05, 0.0, 0.0, 0.0, 1.0],
                [0.928194, 0.33409, -0.163825, 0.124994, 0.357368, -0.677758, 0.642597, -0.002831, 0.103652, -0.654999, -0.748486, -1.2e-05, 0.0, 0.0, 0.0, 1.0],
                [0.93001, 0.331886, -0.157897, 0.124994, 0.352492, -0.683803, 0.638875, -0.002831, 0.104063, -0.649816, -0.752933, -1.2e-05, 0.0, 0.0, 0.0, 1.0],
                [0.931814, 0.329608, -0.151921, 0.124994, 0.347561, -0.689861, 0.635052, -0.002831, 0.104514, -0.644551, -0.757384, -1.2e-05, 0.0, 0.0, 0.0, 1.0],
                [0.933603, 0.327258, -0.1459, 0.124994, 0.342577, -0.695927, 0.63113, -0.002831, 0.105006, -0.639205, -0.761833, -1.2e-05, 0.0, 0.0, 0.0, 1.0],
                [0.935375, 0.324834, -0.139838, 0.124994, 0.337541, -0.701998, 0.627107, -0.002831, 0.10554, -0.63378, -0.766279, -1.2e-05, 0.0, 0.0, 0.0, 1.0],
                [0.93713, 0.322337, -0.133738, 0.124994, 0.332456, -0.708068, 0.622986, -0.002831, 0.106116, -0.628279, -0.770717, -1.2e-05, 0.0, 0.0, 0.0, 1.0],
                [0.938864, 0.319766, -0.127602, 0.124994, 0.327324, -0.714134, 0.618765, -0.002831, 0.106735, -0.622702, -0.775144, -1.2e-05, 0.0, 0.0, 0.0, 1.0],
                [0.940578, 0.317122, -0.121436, 0.124994, 0.322148, -0.720191, 0.614445, -0.002831, 0.107397, -0.617052, -0.779559, -1.2e-05, 0.0, 0.0, 0.0, 1.0],
