{
    "animation": [
        {
            "name": "Root",
            "time": [0.0, 0.0167, 0.0333, 0.05, 0.0667, 0.0833, 0.1, 0.1167, 0.1333, 0.15, 0.1667, 0.1833, 0.2, 0.2167, 0.2333, 0.25, 0.2667, 0.2833, 0.3, 0.3167, 0.3333, 0.35, 0.3667, 0.3833, 0.4, 0.4167, 0.4333, 0.45, 0.4667, 0.4833, 0.5, 0.5167, 0.5333, 0.55, 0.5667, 0.5833, 0.6, 0.6167, 0.6333, 0.65, 0.6667, 0.6833, 0.7, 0.7167, 0.7333, 0.75, 0.7667, 0.7833, 0.8, 0.8167, 0.8333, 0.85, 0.8667, 0.8833, 0.9, 0.9167, 0.9333, 0.95, 0.9667, 0.9833, 1.0, 1.0167, 1.0333, 1.05, 1.0667, 1.0833, 1.1, 1.1167, 1.1333, 1.15, 1.1667, 1.1833, 1.2, 1.2167, 1.2333, 1.25, 1.2667, 1.2833, 1.3, 1.3167, 1.3333, 1.35, 1.3667, 1.3833, 1.4, 1.4167, 1.4333, 1.45, 1.4667, 1.4833, 1.5, 1.5167, 1.5333, 1.55, 1.5667, 1.5833, 1.6, 1.6167, 1.6333, 1.65, 1.6667, 1.6833, 1.7, 1.7167, 1.7333, 1.75, 1.7667, 1.7833, 1.8, 1.8167, 1.8333, 1.85, 1.8667, 1.8833, 1.9, 1.9167, 1.9333, 1.95, 1.9667, 1.9833, 2.0, 2.0167, 2.0333, 2.05, 2.0667, 2.0833, 2.1, 2.1167, 2.1333, 2.15, 2.1667, 2.1833, 2.2, 2.2167, 2.2333, 2.25, 2.2667, 2.2833, 2.3, 2.3167, 2.3333, 2.35, 2.3667, 2.3833, 2.4, 2.4167, 2.4333, 2.45, 2.4667, 2.4833, 2.5, 2.5167, 2.5333, 2.55, 2.5667, 2.5833, 2.6, 2.6167, 2.6333, 2.65, 2.6667, 2.6833, 2.7, 2.7167, 2.7333, 2.75, 2.7667, 2.7833, 2.8, 2.8167, 2.8333, 2.85, 2.8667, 2.8833, 2.9, 2.9167, 2.9333, 2.95, 2.9667, 2.9833, 3.0, 3.0167, 3.0333, 3.05, 3.0667, 3.0833, 3.1, 3.1167, 3.1333, 3.15, 3.1667, 3.1833, 3.2, 3.2167, 3.2333, 3.25, 3.2667, 3.2833, 3.3, 3.3167, 3.3333],
            "transform": [
                [0.939423, 0.0, -0.342761, -5e-06, -0.342761, 0.0, -0.939423, 0.000946, 0.0, 1.0, 0.0, 0.726511, 0.0, 0.0, 0.0, 1.0],
                [0.945243, 0.0, -0.326368, -5e-06, -0.326368, 0.0, -0.945243, 0.009511, 0.0, 1.0, 0.0, 0.7244, 0.0, 0.0, 0.0, 1.0],
                [0.960013, 0.0, -0.279954, -5e-06, -0.279954, 0.0, -0.960013, 0.033214, 0.0, 1.0, 0.0, 0.718668, 0.0, 0.0, 0.0, 1.0],
                [0.978296, 0.0, -0.20721, -5e-06, -0.20721, 0.0, -0.978296, 0.069065, 0.0, 1.0, 0.0, 0.710221, 0.0, 0.0, 0.0, 1.0],
                [0.993673, 0.0, -0.112311, -5e-06, -0.112311, 0.0, -0.993673, 0.114076, 0.0, 1.0, 0.0, 0.699964, 0.0, 0.0, 0.0, 1.0],
                [1.0, 0.0, -0.000921, -5e-06, -0.000921, 0.0, -1.0, 0.165259, 0.0, 1.0, 0.0, 0.688801, 0.0, 0.0, 0.0, 1.0],
                [0.992832, 0.0, 0.119514, -5e-06, 0.119514, 0.0, -0.992832, 0.219626, 0.0, 1.0, 0.0, 0.677639, 0.0, 0.0, 0.0, 1.0],
                [0.970675, 0.0, 0.240394, -5e-06, 0.240394, 0.0, -0.970675, 0.274187, 0.0, 1.0, 0.0, 0.667382, 0.0, 0.0, 0.0, 1.0],
                [0.93552, 0.0, 0.353272, -5e-06, 0.353272, 0.0, -0.93552, 0.325954, 0.0, 1.0, 0.0, 0.658935, 0.0, 0.0, 0.0, 1.0],
                [0.892413, 0.0, 0.451219, -5e-06, 0.451219, 0.0, -0.892413, 0.371939, 0.0, 1.0, 0.0, 0.653203, 0.0, 0.0, 0.0, 1.0],
                [0.848267, 0.0, 0.52957, -5e-06, 0.52957, 0.0, -0.848267, 0.409153, 0.0, 1.0, 0.0, 0.651092, 0.0, 0.0, 0.0, 1.0],
                [0.809396, 0.0, 0.587264, -5e-06, 0.587264, 0.0, -0.809396, 0.435738, 0.0, 1.0, 0.0, 0.653788, 0.0, 0.0, 0.0, 1.0],
                [0.776686, 0.0, 0.629888, -5e-06, 0.629888, 0.0, -0.776686, 0.454356, 0.0, 1.0, 0.0, 0.661106, 0.0, 0.0, 0.0, 1.0],
                [0.74815, 0.0, 0.66353, -5e-06, 0.66353, 0.0, -0.74815, 0.468802, 0.0, 1.0, 0.0, 0.671892, 0.0, 0.0, 0.0, 1.0],
                [0.720663, 0.0, 0.693286, -5e-06, 0.693286, 0.0, -0.720663, 0.482868, 0.0, 1.0, 0.0, 0.684988, 0.0, 0.0, 0.0, 1.0],
                [0.690341, 0.0, 0.723484, -5e-06, 0.723484, 0.0, -0.690341, 0.500348, 0.0, 1.0, 0.0, 0.69924, 0.0, 0.0, 0.0, 1.0],
                [0.652572, 0.0, 0.757727, -5e-06, 0.757727, 0.0, -0.652572, 0.525035, 0.0, 1.0, 0.0, 0.713492, 0.0, 0.0, 0.0, 1.0],
                [0.601813, 0.0, 0.798637, -5e-06, 0.798637, 0.0, -0.601813, 0.560723, 0.0, 1.0, 0.0, 0.726588, 0.0, 0.0, 0.0, 1.0],
                [0.531336, 0.0, 0.847161, -5e-06, 0.847161, 0.0, -0.531336, 0.611205, 0.0, 1.0, 0.0, 0.737373, 0.0, 0.0, 0.0, 1.0],
                [0.433205, 0.0, 0.901295, -5e-06, 0.901295, 0.0, -0.433205, 0.680274, 0.0, 1.0, 0.0, 0.744692, 0.0, 0.0, 0.0, 1.0],
                [0.299175, 0.0, 0.954199, -5e-06, 0.954199, 0.0, -0.299175, 0.771724, 0.0, 1.0, 0.0, 0.747388, 0.0, 0.0, 0.0, 1.0],
                [0.125082, 0.0, 0.992146, -5e-06, 0.992146, 0.0, -0.125082, 0.887563, 0.0, 1.0, 0.0, 0.733106, 0.0, 0.0, 0.0, 1.0],
                [-0.07613, 0.0, 0.997098, -5e-06, 0.997098, 0.0, 0.07613, 1.022663, 0.0, 1.0, 0.0, 0.697402, 0.0, 0.0, 0.0, 1.0],
                [-0.284314, 0.0, 0.958731, -5e-06, 0.958731, 0.0, 0.284314, 1.170108, 0.0, 1.0, 0.0, 0.650987, 0.0, 0.0, 0.0, 1.0],
                [-0.481941, 0.0, 0.876204, -5e-06, 0.876204, 0.0, 0.481941, 1.322985, 0.0, 1.0, 0.0, 0.604571, 0.0, 0.0, 0.0, 1.0],
                [-0.657704, 0.0, 0.753276, -5e-06, 0.753276, 0.0, 0.657704, 1.474379, 0.0, 1.0, 0.0, 0.568867, 0.0, 0.0, 0.0, 1.0],
                [-0.805976, 0.0, 0.591949, -5e-06, 0.591949, 0.0, 0.805976, 1.617377, 0.0, 1.0, 0.0, 0.554585, 0.0, 0.0, 0.0, 1.0],
                [-0.925165, 0.0, 0.379565, -5e-06, 0.379565, 0.0, 0.925165, 1.747258, 0.0, 1.0, 0.0, 0.554585, 0.0, 0.0, 0.0, 1.0],
                [-0.993665, 0.0, 0.112382, -5e-06, 0.112382, 0.0, 0.993665, 1.86807, 0.0, 1.0, 0.0, 0.554585, 0.0, 0.0, 0.0, 1.0],
                [-0.982941, 0.0, -0.18392, -5e-06, -0.18392, 0.0, 0.982941, 1.986055, 0.0, 1.0, 0.0, 0.554585, 0.0, 0.0, 0.0, 1.0],
                [-0.883031, 0.0, -0.469315, -5e-06, -0.469315, 0.0, 0.883031, 2.107457, 0.0, 1.0, 0.0, 0.554585, 0.0, 0.0, 0.0, 1.0],
                [-0.708465, 0.0, -0.705746, -5e-06, -0.705746, 0.0, 0.708465, 2.238516, 0.0, 1.0, 0.0, 0.554585, 0.0, 0.0, 0.0, 1.0],
                [-0.474358, 0.0, -0.880332, -5e-06, -0.880332, 0.0, 0.474358, 2.383701, 0.0, 1.0, 0.0, 0.560117, 0.0, 0.0, 0.0, 1.0],
                [-0.186897, 0.0, -0.982379, -5e-06, -0.982379, 0.0, 0.186897, 2.540383, 0.0, 1.0, 0.0, 0.573947, 0.0, 0.0, 0.0, 1.0],
                [0.1293, 0.0, -0.991605, -5e-06, -0.991605, 0.0, -0.1293, 2.704159, 0.0, 1.0, 0.0, 0.591926, 0.0, 0.0, 0.0, 1.0],
                [0.440229, 0.0, -0.897885, -5e-06, -0.897885, 0.0, -0.440229, 2.870624, 0.0, 1.0, 0.0, 0.609905, 0.0, 0.0, 0.0, 1.0],
                [0.7097, 0.0, -0.704504, -5e-06, -0.704504, 0.0, -0.7097, 3.035378, 0.0, 1.0, 0.0, 0.623734, 0.0, 0.0, 0.0, 1.0],
                [0.905389, 0.0, -0.424583, -5e-06, -0.424583, 0.0, -0.905389, 3.194016, 0.0, 1.0, 0.0, 0.629266, 0.0, 0.0, 0.0, 1.0],
                [0.997231, 0.0, -0.074368, -5e-06, -0.074368, 0.0, -0.997231, 3.342988, 0.0, 1.0, 0.0, 0.614345, 0.0, 0.0, 0.0, 1.0],
                [0.955911, 0.0, 0.293656, -5e-06, 0.293656, 0.0, -0.955911, 3.48216, 0.0, 1.0, 0.0, 0.577041, 0.0, 0.0, 0.0, 1.0],
                [0.799729, 0.0, 0.600361, -5e-06, 0.600361, 0.0, -0.799729, 3.612248, 0.0, 1.0, 0.0, 0.528547, 0.0, 0.0, 0.0, 1.0],
                [0.599347, 0.0, 0.800489, -5e-06, 0.800489, 0.0, -0.599347, 3.733971, 0.0, 1.0, 0.0, 0.480052, 0.0, 0.0, 0.0, 1.0],
                [0.431241, 0.0, 0.902237, -5e-06, 0.902237, 0.0, -0.431241, 3.848046, 0.0, 1.0, 0.0, 0.442748, 0.0, 0.0, 0.0, 1.0],
                [0.347211, 0.0, 0.937787, -5e-06, 0.937787, 0.0, -0.347211, 3.955191, 0.0, 1.0, 0.0, 0.427827, 0.0, 0.0, 0.0, 1.0],
                [0.31848, 0.0, 0.94793, -5e-06, 0.94793, 0.0, -0.31848, 4.056007, 0.0, 1.0, 0.0, 0.430907, 0.0, 0.0, 0.0, 1.0],
                [0.292855, 0.0, 0.956157, -5e-06, 0.956157, 0.0, -0.292855, 4.150623, 0.0, 1.0, 0.0, 0.439645, 0.0, 0.0, 0.0, 1.0],
                [0.270244, 0.0, 0.962792, -5e-06, 0.962792, 0.0, -0.270244, 4.239049, 0.0, 1.0, 0.0, 0.453286, 0.0, 0.0, 0.0, 1.0],
                [0.250518, 0.0, 0.968112, -5e-06, 0.968112, 0.0, -0.250518, 4.321299, 0.0, 1.0, 0.0, 0.471075, 0.0, 0.0, 0.0, 1.0],
                [0.233523, 0.0, 0.972351, -5e-06, 0.972351, 0.0, -0.233523, 4.397383, 0.0, 1.0, 0.0, 0.49226, 0.0, 0.0, 0.0, 1.0],
                [0.219085, 0.0, 0.975706, -5e-06, 0.975706, 0.0, -0.219085, 4.467314, 0.0, 1.0, 0.0, 0.516084, 0.0, 0.0, 0.0, 1.0],
                [0.207012, 0.0, 0.978338, -5e-06, 0.978338, 0.0, -0.207012, 4.531102, 0.0, 1.0, 0.0, 0.541795, 0.0, 0.0, 0.0, 1.0],
                [0.197108, 0.0, 0.980382, -5e-06, 0.980382, 0.0, -0.197108, 4.588761, 0.0, 1.0, 0.0, 0.568636, 0.0, 0.0, 0.0, 1.0],
                [0.189165, 0.0, 0.981945, -5e-06, 0.981945, 0.0, -0.189165, 4.640299, 0.0, 1.0, 0.0, 0.595855, 0.0, 0.0, 0.0, 1.0],
                [0.182972, 0.0, 0.983118, -5e-06, 0.983118, 0.0, -0.182972, 4.685732, 0.0, 1.0, 0.0, 0.622697, 0.0, 0.0, 0.0, 1.0],
                [0.178314, 0.0, 0.983974, -5e-06, 0.983974, 0.0, -0.178314, 4.725069, 0.0, 1.0, 0.0, 0.648408, 0.0, 0.0, 0.0, 1.0],
                [0.174974, 0.0, 0.984573, -5e-06, 0.984573, 0.0, -0.174974, 4.758322, 0.0, 1.0, 0.0, 0.672232, 0.0, 0.0, 0.0, 1.0],
                [0.172735, 0.0, 0.984968, -5e-06, 0.984968, 0.0, -0.172735, 4.785503, 0.0, 1.0, 0.0, 0.693416, 0.0, 0.0, 0.0, 1.0],
                [0.171377, 0.0, 0.985206, -5e-06, 0.985206, 0.0, -0.171377, 4.806623, 0.0, 1.0, 0.0, 0.711206, 0.0, 0.0, 0.0, 1.0],
                [0.170679, 0.0, 0.985327, -5e-06, 0.985327, 0.0, -0.170679, 4.821695, 0.0, 1.0, 0.0, 0.724847, 0.0, 0.0, 0.0, 1.0],
                [0.170422, 0.0, 0.985371, -5e-06, 0.985371, 0.0, -0.170422, 4.830729, 0.0, 1.0, 0.0, 0.733585, 0.0, 0.0, 0.0, 1.0],
                [0.170385, 0.0, 0.985378, -5e-06, 0.985378, 0.0, -0.170385, 4.833738, 0.0, 1.0, 0.0, 0.736665, 0.0, 0.0, 0.0, 1.0],
                [0.170748, 0.0, 0.985315, -5e-06, 0.985315, 0.0, -0.170748, 4.833738, 0.0, 1.0, 0.0, 0.736661, 0.0, 0.0, 0.0, 1.0],
                [0.171831, 0.0, 0.985126, -5e-06, 0.985126, 0.0, -0.171831, 4.833738, 0.0, 1.0, 0.0, 0.736651, 0.0, 0.0, 0.0, 1.0],
                [0.173628, 0.0, 0.984811, -5e-06, 0.984811, 0.0, -0.173628, 4.833738, 0.0, 1.0, 0.0, 0.736634, 0.0, 0.0, 0.0, 1.0],
                [0.176131, 0.0, 0.984367, -5e-06, 0.984367, 0.0, -0.176131, 4.833738, 0.0, 1.0, 0.0, 0.736611, 0.0, 0.0, 0.0, 1.0],
                [0.179335, 0.0, 0.983788, -5e-06, 0.983788, 0.0, -0.179335, 4.833738, 0.0, 1.0, 0.0, 0.736582, 0.0, 0.0, 0.0, 1.0],
                [0.183234, 0.0, 0.983069, -5e-06, 0.983069, 0.0, -0.183234, 4.833738, 0.0, 1.0, 0.0, 0.736547, 0.0, 0.0, 0.0, 1.0],
                [0.187823, 0.0, 0.982203, -5e-06, 0.982203, 0.0, -0.187823, 4.833738, 0.0, 1.0, 0.0, 0.736508, 0.0, 0.0, 0.0, 1.0],
                [0.193095, 0.0, 0.98118, -5e-06, 0.98118, 0.0, -0.193095, 4.833738, 0.0, 1.0, 0.0, 0.736464, 0.0, 0.0, 0.0, 1.0],
                [0.199047, 0.0, 0.97999, -5e-06, 0.97999, 0.0, -0.199047, 4.833738, 0.0, 1.0, 0.0, 0.736416, 0.0, 0.0, 0.0, 1.0],
                [0.205674, 0.0, 0.978621, -5e-06, 0.978621, 0.0, -0.205674, 4.833738, 0.0, 1.0, 0.0, 0.736364, 0.0, 0.0, 0.0, 1.0],
                [0.21297, 0.0, 0.977059, -5e-06, 0.977059, 0.0, -0.21297, 4.833738, 0.0, 1.0, 0.0, 0.736309, 0.0, 0.0, 0.0, 1.0],
                [0.220931, 0.0, 0.975289, -5e-06, 0.975289, 0.0, -0.220931, 4.833738, 0.0, 1.0, 0.0, 0.73625, 0.0, 0.0, 0.0, 1.0],
                [0.229552, 0.0, 0.973296, -5e-06, 0.973296, 0.0, -0.229552, 4.833738, 0.0, 1.0, 0.0, 0.736189, 0.0, 0.0, 0.0, 1.0],
                [0.238829, 0.0, 0.971062, -5e-06, 0.971062, 0.0, -0.238829, 4.833738, 0.0, 1.0, 0.0, 0.736126, 0.0, 0.0, 0.0, 1.0],
                [0.248756, 0.0, 0.968566, -5e-06, 0.968566, 0.0, -0.248756, 4.833738, 0.0, 1.0, 0.0, 0.736061, 0.0, 0.0, 0.0, 1.0],
                [0.259327, 0.0, 0.96579, -5e-06, 0.96579, 0.0, -0.259327, 4.833738, 0.0, 1.0, 0.0, 0.735994, 0.0, 0.0, 0.0, 1.0],
                [0.270536, 0.0, 0.96271, -5e-06, 0.96271, 0.0, -0.270536, 4.833738, 0.0, 1.0, 0.0, 0.735926, 0.0, 0.0, 0.0, 1.0],
                [0.282377, 0.0, 0.959303, -5e-06, 0.959303, 0.0, -0.282377, 4.833738, 0.0, 1.0, 0.0, 0.735858, 0.0, 0.0, 0.0, 1.0],
                [0.294841, 0.0, 0.955546, -5e-06, 0.955546, 0.0, -0.294841, 4.833738, 0.0, 1.0, 0.0, 0.735789, 0.0, 0.0, 0.0, 1.0],
                [0.307921, 0.0, 0.951412, -5e-06, 0.951412, 0.0, -0.307921, 4.833738, 0.0, 1.0, 0.0, 0.735721, 0.0, 0.0, 0.0, 1.0],
                [0.321607, 0.0, 0.946873, -5e-06, 0.946873, 0.0, -0.321607, 4.833738, 0.0, 1.0, 0.0, 0.735652, 0.0, 0.0, 0.0, 1.0],
                [0.335889, 0.0, 0.941902, -5e-06, 0.941902, 0.0, -0.335889, 4.833738, 0.0, 1.0, 0.0, 0.735585, 0.0, 0.0, 0.0, 1.0],
                [0.350754, 0.0, 0.936468, -5e-06, 0.936468, 0.0, -0.350754, 4.833738, 0.0, 1.0, 0.0, 0.735519, 0.0, 0.0, 0.0, 1.0],
                [0.366186, 0.0, 0.930542, -5e-06, 0.930542, 0.0, -0.366186, 4.833941, 0.0, 1.0, 0.0, 0.735454, 0.0, 0.0, 0.0, 1.0],
                [0.382154, 0.0, 0.924098, -5e-06, 0.924098, 0.0, -0.382154, 4.83453, 0.0, 1.0, 0.0, 0.735391, 0.0, 0.0, 0.0, 1.0],
                [0.398624, 0.0, 0.917114, -5e-06, 0.917114, 0.0, -0.398624, 4.835484, 0.0, 1.0, 0.0, 0.735328, 0.0, 0.0, 0.0, 1.0],
                [0.415558, 0.0, 0.909567, -5e-06, 0.909567, 0.0, -0.415558, 4.836777, 0.0, 1.0, 0.0, 0.735266, 0.0, 0.0, 0.0, 1.0],
                [0.432916, 0.0, 0.901434, -5e-06, 0.901434, 0.0, -0.432916, 4.838384, 0.0, 1.0, 0.0, 0.735204, 0.0, 0.0, 0.0, 1.0],
                [0.450658, 0.0, 0.892697, -5e-06, 0.892697, 0.0, -0.450658, 4.840283, 0.0, 1.0, 0.0, 0.735141, 0.0, 0.0, 0.0, 1.0],
                [0.46874, 0.0, 0.883336, -5e-06, 0.883336, 0.0, -0.46874, 4.842449, 0.0, 1.0, 0.0, 0.735076, 0.0, 0.0, 0.0, 1.0],
                [0.487118, 0.0, 0.873336, -5e-06, 0.873336, 0.0, -0.487118, 4.844856, 0.0, 1.0, 0.0, 0.735011, 0.0, 0.0, 0.0, 1.0],
                [0.505745, 0.0, 0.862683, -5e-06, 0.862683, 0.0, -0.505745, 4.847483, 0.0, 1.0, 0.0, 0.734943, 0.0, 0.0, 0.0, 1.0],
                [0.524574, 0.0, 0.851365, -5e-06, 0.851365, 0.0, -0.524574, 4.850303, 0.0, 1.0, 0.0, 0.734873, 0.0, 0.0, 0.0, 1.0],
                [0.543554, 0.0, 0.839374, -5e-06, 0.839374, 0.0, -0.543554, 4.853292, 0.0, 1.0, 0.0, 0.7348, 0.0, 0.0, 0.0, 1.0],
                [0.562634, 0.0, 0.826706, -5e-06, 0.826706, 0.0, -0.562634, 4.856427, 0.0, 1.0, 0.0, 0.734724, 0.0, 0.0, 0.0, 1.0],
                [0.581764, 0.0, 0.813357, -5e-06, 0.813357, 0.0, -0.581764, 4.859683, 0.0, 1.0, 0.0, 0.734645, 0.0, 0.0, 0.0, 1.0],
                [0.600891, 0.0, 0.799331, -5e-06, 0.799331, 0.0, -0.600891, 4.863037, 0.0, 1.0, 0.0, 0.73456, 0.0, 0.0, 0.0, 1.0],
                [0.619961, 0.0, 0.784633, -5e-06, 0.784633, 0.0, -0.619961, 4.866462, 0.0, 1.0, 0.0, 0.734472, 0.0, 0.0, 0.0, 1.0],
                [0.638921, 0.0, 0.769272, -5e-06, 0.769272, 0.0, -0.638921, 4.869937, 0.0, 1.0, 0.0, 0.734378, 0.0, 0.0, 0.0, 1.0],
                [0.65772, 0.0, 0.753263, -5e-06, 0.753263, 0.0, -0.65772, 4.873435, 0.0, 1.0, 0.0, 0.734279, 0.0, 0.0, 0.0, 1.0],
                [0.676303, 0.0, 0.736623, -5e-06, 0.736623, 0.0, -0.676303, 4.876934, 0.0, 1.0, 0.0, 0.734174, 0.0, 0.0, 0.0, 1.0],
                [0.694621, 0.0, 0.719376, -5e-06, 0.719376, 0.0, -0.694621, 4.880408, 0.0, 1.0, 0.0, 0.734062, 0.0, 0.0, 0.0, 1.0],
                [0.712624, 0.0, 0.701546, -5e-06, 0.701546, 0.0, -0.712624, 4.883834, 0.0, 1.0, 0.0, 0.733943, 0.0, 0.0, 0.0, 1.0],
                [0.730263, 0.0, 0.683166, -5e-06, 0.683166, 0.0, -0.730263, 4.887187, 0.0, 1.0, 0.0, 0.733818, 0.0, 0.0, 0.0, 1.0],
                [0.747492, 0.0, 0.66427, -5e-06, 0.66427, 0.0, -0.747492, 4.890443, 0.0, 1.0, 0.0, 0.733684, 0.0, 0.0, 0.0, 1.0],
                [0.76427, 0.0, 0.644897, -5e-06, 0.644897, 0.0, -0.76427, 4.893579, 0.0, 1.0, 0.0, 0.733542, 0.0, 0.0, 0.0, 1.0],
                [0.780554, 0.0, 0.625088, -5e-06, 0.625088, 0.0, -0.780554, 4.896568, 0.0, 1.0, 0.0, 0.733392, 0.0, 0.0, 0.0, 1.0],
                [0.796309, 0.0, 0.604891, -5e-06, 0.604891, 0.0, -0.796309, 4.899388, 0.0, 1.0, 0.0, 0.733232, 0.0, 0.0, 0.0, 1.0],
                [0.8115, 0.0, 0.584353, -5e-06, 0.584353, 0.0, -0.8115, 4.902014, 0.0, 1.0, 0.0, 0.733063, 0.0, 0.0, 0.0, 1.0],
                [0.826098, 0.0, 0.563526, -5e-06, 0.563526, 0.0, -0.826098, 4.904422, 0.0, 1.0, 0.0, 0.732884, 0.0, 0.0, 0.0, 1.0],
                [0.840078, 0.0, 0.542466, -5e-06, 0.542466, 0.0, -0.840078, 4.906587, 0.0, 1.0, 0.0, 0.732694, 0.0, 0.0, 0.0, 1.0],
                [0.853417, 0.0, 0.521228, -5e-06, 0.521228, 0.0, -0.853417, 4.908486, 0.0, 1.0, 0.0, 0.732493, 0.0, 0.0, 0.0, 1.0],
                [0.8661, 0.0, 0.499871, -5e-06, 0.499871, 0.0, -0.8661, 4.910094, 0.0, 1.0, 0.0, 0.732282, 0.0, 0.0, 0.0, 1.0],
                [0.878113, 0.0, 0.478453, -5e-06, 0.478453, 0.0, -0.878113, 4.911387, 0.0, 1.0, 0.0, 0.732058, 0.0, 0.0, 0.0, 1.0],
                [0.889449, 0.0, 0.457035, -5e-06, 0.457035, 0.0, -0.889449, 4.91234, 0.0, 1.0, 0.0, 0.731822, 0.0, 0.0, 0.0, 1.0],
                [0.900103, 0.0, 0.435677, -5e-06, 0.435677, 0.0, -0.900103, 4.91293, 0.0, 1.0, 0.0, 0.731573, 0.0, 0.0, 0.0, 1.0],
                [0.910076, 0.0, 0.414442, -5e-06, 0.414442, 0.0, -0.910076, 4.913132, 0.0, 1.0, 0.0, 0.731311, 0.0, 0.0, 0.0, 1.0],
                [0.919375, 0.0, 0.393383, -5e-06, 0.393383, 0.0, -0.919375, 4.913132, 0.0, 1.0, 0.0, 0.731036, 0.0, 0.0, 0.0, 1.0],
                [0.92802, 0.0, 0.372532, -5e-06, 0.372532, 0.0, -0.92802, 4.913132, 0.0, 1.0, 0.0, 0.730748, 0.0, 0.0, 0.0, 1.0],
                [0.936033, 0.0, 0.351912, -5e-06, 0.351912, 0.0, -0.936033, 4.913132, 0.0, 1.0, 0.0, 0.730446, 0.0, 0.0, 0.0, 1.0],
                [0.943439, 0.0, 0.331547, -5e-06, 0.331547, 0.0, -0.943439, 4.913132, 0.0, 1.0, 0.0, 0.730133, 0.0, 0.0, 0.0, 1.0],
                [0.95026, 0.0, 0.311457, -5e-06, 0.311457, 0.0, -0.95026, 4.913132, 0.0, 1.0, 0.0, 0.729807, 0.0, 0.0, 0.0, 1.0],
                [0.956523, 0.0, 0.291658, -5e-06, 0.291658, 0.0, -0.956523, 4.913132, 0.0, 1.0, 0.0, 0.72947, 0.0, 0.0, 0.0, 1.0],
                [0.96225, 0.0, 0.272168, -5e-06, 0.272168, 0.0, -0.96225, 4.913132, 0.0, 1.0, 0.0, 0.729122, 0.0, 0.0, 0.0, 1.0],
                [0.967466, 0.0, 0.253001, -5e-06, 0.253001, 0.0, -0.967466, 4.913132, 0.0, 1.0, 0.0, 0.728763, 0.0, 0.0, 0.0, 1.0],
                [0.972196, 0.0, 0.234171, -5e-06, 0.234171, 0.0, -0.972196, 4.913132, 0.0, 1.0, 0.0, 0.728393, 0.0, 0.0, 0.0, 1.0],
                [0.976463, 0.0, 0.215687, -5e-06, 0.215687, 0.0, -0.976463, 4.913132, 0.0, 1.0, 0.0, 0.728014, 0.0, 0.0, 0.0, 1.0],
                [0.980291, 0.0, 0.197561, -5e-06, 0.197561, 0.0, -0.980291, 4.913132, 0.0, 1.0, 0.0, 0.727625, 0.0, 0.0, 0.0, 1.0],
                [0.983703, 0.0, 0.179799, -5e-06, 0.179799, 0.0, -0.983703, 4.913132, 0.0, 1.0, 0.0, 0.727227, 0.0, 0.0, 0.0, 1.0],
                [0.986723, 0.0, 0.162409, -5e-06, 0.162409, 0.0, -0.986723, 4.913132, 0.0, 1.0, 0.0, 0.72682, 0.0, 0.0, 0.0, 1.0],
                [0.989373, 0.0, 0.145397, -5e-06, 0.145397, 0.0, -0.989373, 4.913132, 0.0, 1.0, 0.0, 0.726405, 0.0, 0.0, 0.0, 1.0],
                [0.991675, 0.0, 0.128767, -5e-06, 0.128767, 0.0, -0.991675, 4.913132, 0.0, 1.0, 0.0, 0.725982, 0.0, 0.0, 0.0, 1.0],
                [0.993649, 0.0, 0.112521, -5e-06, 0.112521, 0.0, -0.993649, 4.913132, 0.0, 1.0, 0.0, 0.725551, 0.0, 0.0, 0.0, 1.0],
                [0.995317, 0.0, 0.096662, -5e-06, 0.096662, 0.0, -0.995317, 4.913132, 0.0, 1.0, 0.0, 0.725114, 0.0, 0.0, 0.0, 1.0],
                [0.996698, 0.0, 0.081192, -5e-06, 0.081192, 0.0, -0.996698, 4.913132, 0.0, 1.0, 0.0, 0.724669, 0.0, 0.0, 0.0, 1.0],
                [0.997812, 0.0, 0.06611, -5e-06, 0.06611, 0.0, -0.997812, 4.913132, 0.0, 1.0, 0.0, 0.724219, 0.0, 0.0, 0.0, 1.0],
                [0.998677, 0.0, 0.051415, -5e-06, 0.051415, 0.0, -0.998677, 4.913132, 0.0, 1.0, 0.0, 0.723762, 0.0, 0.0, 0.0, 1.0],
                [0.999311, 0.0, 0.037108, -5e-06, 0.037108, 0.0, -0.999311, 4.913132, 0.0, 1.0, 0.0, 0.7233, 0.0, 0.0, 0.0, 1.0],
                [0.999731, 0.0, 0.023185, -5e-06, 0.023185, 0.0, -0.999731, 4.913132, 0.0, 1.0, 0.0, 0.722833, 0.0, 0.0, 0.0, 1.0],
                [0.999954, 0.0, 0.009644, -5e-06, 0.009644, 0.0, -0.999954, 4.913132, 0.0, 1.0, 0.0, 0.722361, 0.0, 0.0, 0.0, 1.0],
                [0.999994, 0.0, -0.003518, -5e-06, -0.003518, 0.0, -0.999994, 4.913132, 0.0, 1.0, 0.0, 0.721885, 0.0, 0.0, 0.0, 1.0],
                [0.999867, 0.0, -0.016304, -5e-06, -0.016304, 0.0, -0.999867, 4.913132, 0.0, 1.0, 0.0, 0.721406, 0.0, 0.0, 0.0, 1.0],
                [0.999588, 0.0, -0.028719, -5e-06, -0.028719, 0.0, -0.999588, 4.913132, 0.0, 1.0, 0.0, 0.720922, 0.0, 0.0, 0.0, 1.0],
                [0.999169, 0.0, -0.040767, -5e-06, -0.040767, 0.0, -0.999169, 4.913132, 0.0, 1.0, 0.0, 0.720436, 0.0, 0.0, 0.0, 1.0],
                [0.998623, 0.0, -0.052453, -5e-06, -0.052453, 0.0, -0.998623, 4.913132, 0.0, 1.0, 0.0, 0.719947, 0.0, 0.0, 0.0, 1.0],
                [0.997964, 0.0, -0.063782, -5e-06, -0.063782, 0.0, -0.997964, 4.913132, 0.0, 1.0, 0.0, 0.719455, 0.0, 0.0, 0.0, 1.0],
                [0.997202, 0.0, -0.074759, -5e-06, -0.074759, 0.0, -0.997202, 4.913132, 0.0, 1.0, 0.0, 0.718962, 0.0, 0.0, 0.0, 1.0],
                [0.996348, 0.0, -0.08539, -5e-06, -0.08539, 0.0, -0.996348, 4.913132, 0.0, 1.0, 0.0, 0.718468, 0.0, 0.0, 0.0, 1.0],
                [0.995412, 0.0, -0.09568, -5e-06, -0.09568, 0.0, -0.995412, 4.913132, 0.0, 1.0, 0.0, 0.717972, 0.0, 0.0, 0.0, 1.0],
                [0.994405, 0.0, -0.105635, -5e-06, -0.105635, 0.0, -0.994405, 4.913132, 0.0, 1.0, 0.0, 0.717476, 0.0, 0.0, 0.0, 1.0],
                [0.993335, 0.0, -0.115262, -5e-06, -0.115262, 0.0, -0.993335, 4.913132, 0.0, 1.0, 0.0, 0.71698, 0.0, 0.0, 0.0, 1.0],
                [0.992211, 0.0, -0.124566, -5e-06, -0.124566, 0.0, -0.992211, 4.913132, 0.0, 1.0, 0.0, 0.716483, 0.0, 0.0, 0.0, 1.0],
                [0.991042, 0.0, -0.133553, -5e-06, -0.133553, 0.0, -0.991042, 4.913132, 0.0, 1.0, 0.0, 0.715988, 0.0, 0.0, 0.0, 1.0],
                [0.989834, 0.0, -0.14223, -5e-06, -0.14223, 0.0, -0.989834, 4.913132, 0.0, 1.0, 0.0, 0.715493, 0.0, 0.0, 0.0, 1.0],
                [0.988594, 0.0, -0.150602, -5e-06, -0.150602, 0.0, -0.988594, 4.913132, 0.0, 1.0, 0.0, 0.715, 0.0, 0.0, 0.0, 1.0],
                [0.987331, 0.0, -0.158677, -5e-06, -0.158677, 0.0, -0.987331, 4.913132, 0.0, 1.0, 0.0, 0.714509, 0.0, 0.0, 0.0, 1.0],
                [0.986048, 0.0, -0.166459, -5e-06, -0.166459, 0.0, -0.986048, 4.913132, 0.0, 1.0, 0.0, 0.71402, 0.0, 0.0, 0.0, 1.0],
                [0.984753, 0.0, -0.173956, -5e-06, -0.173956, 0.0, -0.984753, 4.913132, 0.0, 1.0, 0.0, 0.713533, 0.0, 0.0, 0.0, 1.0],
                [0.983451, 0.0, -0.181174, -5e-06, -0.181174, 0.0, -0.983451, 4.913132, 0.0, 1.0, 0.0, 0.71305, 0.0, 0.0, 0.0, 1.0],
                [0.982146, 0.0, -0.188118, -5e-06, -0.188118, 0.0, -0.982146, 4.913132, 0.0, 1.0, 0.0, 0.712569, 0.0, 0.0, 0.0, 1.0],
                [0.980844, 0.0, -0.194794, -5e-06, -0.194794, 0.0, -0.980844, 4.913132, 0.0, 1.0, 0.0, 0.712093, 0.0, 0.0, 0.0, 1.0],
                [0.979548, 0.0, -0.20121, -5e-06, -0.20121, 0.0, -0.979548, 4.913132, 0.0, 1.0, 0.0, 0.711621, 0.0, 0.0, 0.0, 1.0],
                [0.978263, 0.0, -0.207369, -5e-06, -0.207369, 0.0, -0.978263, 4.913132, 0.0, 1.0, 0.0, 0.711154, 0.0, 0.0, 0.0, 1.0],
                [0.976991, 0.0, -0.21328, -5e-06, -0.21328, 0.0, -0.976991, 4.913132, 0.0, 1.0, 0.0, 0.710692, 0.0, 0.0, 0.0, 1.0],
                [0.975737, 0.0, -0.218946, -5e-06, -0.218946, 0.0, -0.975737, 4.913132, 0.0, 1.0, 0.0, 0.710235, 0.0, 0.0, 0.0, 1.0],
                [0.974503, 0.0, -0.224374, -5e-06, -0.224374, 0.0, -0.974503, 4.913132, 0.0, 1.0, 0.0, 0.709784, 0.0, 0.0, 0.0, 1.0],
                [0.973292, 0.0, -0.229569, -5e-06, -0.229569, 0.0, -0.973292, 4.913132, 0.0, 1.0, 0.0, 0.709339, 0.0, 0.0, 0.0, 1.0],
                [0.972107, 0.0, -0.234537, -5e-06, -0.234537, 0.0, -0.972107, 4.913132, 0.0, 1.0, 0.0, 0.708901, 0.0, 0.0, 0.0, 1.0],
                [0.97095, 0.0, -0.239283, -5e-06, -0.239283, 0.0, -0.97095, 4.913132, 0.0, 1.0, 0.0, 0.708471, 0.0, 0.0, 0.0, 1.0],
                [0.969822, 0.0, -0.243813, -5e-06, -0.243813, 0.0, -0.969822, 4.913132, 0.0, 1.0, 0.0, 0.708047, 0.0, 0.0, 0.0, 1.0],
                [0.968727, 0.0, -0.248131, -5e-06, -0.248131, 0.0, -0.968727, 4.913132, 0.0, 1.0, 0.0, 0.707632, 0.0, 0.0, 0.0, 1.0],
                [0.967664, 0.0, -0.252243, -5e-06, -0.252243, 0.0, -0.967664, 4.913132, 0.0, 1.0, 0.0, 0.707225, 0.0, 0.0, 0.0, 1.0],
                [0.966636, 0.0, -0.256154, -5e-06, -0.256154, 0.0, -0.966636, 4.913132, 0.0, 1.0, 0.0, 0.706826, 0.0, 0.0, 0.0, 1.0],
                [0.965644, 0.0, -0.259868, -5e-06, -0.259868, 0.0, -0.965644, 4.913132, 0.0, 1.0, 0.0, 0.706437, 0.0, 0.0, 0.0, 1.0],
                [0.964689, 0.0, -0.263391, -5e-06, -0.263391, 0.0, -0.964689, 4.913132, 0.0, 1.0, 0.0, 0.706057, 0.0, 0.0, 0.0, 1.0],
                [0.963772, 0.0, -0.266727, -5e-06, -0.266727, 0.0, -0.963772, 4.913132, 0.0, 1.0, 0.0, 0.705687, 0.0, 0.0, 0.0, 1.0],
                [0.962894, 0.0, -0.26988, -5e-06, -0.26988, 0.0, -0.962894, 4.913132, 0.0, 1.0, 0.0, 0.705328, 0.0, 0.0, 0.0, 1.0],
                [0.962055, 0.0, -0.272856, -5e-06, -0.272856, 0.0, -0.962055, 4.913132, 0.0, 1.0, 0.0, 0.704979, 0.0, 0.0, 0.0, 1.0],
                [0.961256, 0.0, -0.275658, -5e-06, -0.275658, 0.0, -0.961256, 4.913132, 0.0, 1.0, 0.0, 0.704641, 0.0, 0.0, 0.0, 1.0],
                [0.960497, 0.0, -0.278292, -5e-06, -0.278292, 0.0, -0.960497, 4.913132, 0.0, 1.0, 0.0, 0.704315, 0.0, 0.0, 0.0, 1.0],
                [0.959778, 0.0, -0.280761, -5e-06, -0.280761, 0.0, -0.959778, 4.913132, 0.0, 1.0, 0.0, 0.704001, 0.0, 0.0, 0.0, 1.0],
                [0.9591, 0.0, -0.283069, -5e-06, -0.283069, 0.0, -0.9591, 4.913132, 0.0, 1.0, 0.0, 0.703699, 0.0, 0.0, 0.0, 1.0],
                [0.958462, 0.0, -0.28522, -5e-06, -0.28522, 0.0, -0.958462, 4.913132, 0.0, 1.0, 0.0, 0.70341, 0.0, 0.0, 0.0, 1.0],
                [0.957865, 0.0, -0.287219, -5e-06, -0.287219, 0.0, -0.957865, 4.913132, 0.0, 1.0, 0.0, 0.703134, 0.0, 0.0, 0.0, 1.0],
                [0.957308, 0.0, -0.28907, -5e-06, -0.28907, 0.0, -0.957308, 4.913132, 0.0, 1.0, 0.0, 0.702872, 0.0, 0.0, 0.0, 1.0],
                [0.956791, 0.0, -0.290775, -5e-06, -0.290775, 0.0, -0.956791, 4.913132, 0.0, 1.0, 0.0, 0.702623, 0.0, 0.0, 0.0, 1.0],
                [0.956314, 0.0, -0.29234, -5e-06, -0.29234, 0.0, -0.956314, 4.913132, 0.0, 1.0, 0.0, 0.70239, 0.0, 0.0, 0.0, 1.0],
                [0.955877, 0.0, -0.293768, -5e-06, -0.293768, 0.0, -0.955877, 4.913132, 0.0, 1.0, 0.0, 0.70217, 0.0, 0.0, 0.0, 1.0],
                [0.955478, 0.0, -0.295061, -5e-06, -0.295061, 0.0, -0.955478, 4.913132, 0.0, 1.0, 0.0, 0.701967, 0.0, 0.0, 0.0, 1.0],
                [0.955118, 0.0, -0.296225, -5e-06, -0.296225, 0.0, -0.955118, 4.913132, 0.0, 1.0, 0.0, 0.701778, 0.0, 0.0, 0.0, 1.0],
                [0.954796, 0.0, -0.297262, -5e-06, -0.297262, 0.0, -0.954796, 4.913132, 0.0, 1.0, 0.0, 0.701606, 0.0, 0.0, 0.0, 1.0],
                [0.954511, 0.0, -0.298177, -5e-06, -0.298177, 0.0, -0.954511, 4.913132, 0.0, 1.0, 0.0, 0.70145, 0.0, 0.0, 0.0, 1.0],
                [0.954262, 0.0, -0.298971, -5e-06, -0.298971, 0.0, -0.954262, 4.913132, 0.0, 1.0, 0.0, 0.701311, 0.0, 0.0, 0.0, 1.0],
                [0.95405, 0.0, -0.299649, -5e-06, -0.299649, 0.0, -0.95405, 4.913132, 0.0, 1.0, 0.0, 0.701189, 0.0, 0.0, 0.0, 1.0],
                [0.953872, 0.0, -0.300214, -5e-06, -0.300214, 0.0, -0.953872, 4.913132, 0.0, 1.0, 0.0, 0.701085, 0.0, 0.0, 0.0, 1.0],
                [0.953728, 0.0, -0.300669, -5e-06, -0.300669, 0.0, -0.953728, 4.913132, 0.0, 1.0, 0.0, 0.700999, 0.0, 0.0, 0.0, 1.0],
                [0.953619, 0.0, -0.301018, -5e-06, -0.301018, 0.0, -0.953619, 4.913132, 0.0, 1.0, 0.0, 0.700931, 0.0, 0.0, 0.0, 1.0],
                [0.953541, 0.0, -0.301263, -5e-06, -0.301263, 0.0, -0.953541, 4.913132, 0.0, 1.0, 0.0, 0.700882, 0.0, 0.0, 0.0, 1.0],
                [0.953495, 0.0, -0.301408, -5e-06, -0.301408, 0.0, -0.953495, 4.913132, 0.0, 1.0, 0.0, 0.700852, 0.0, 0.0, 0.0, 1.0],
                [0.95348, 0.0, -0.301455, -5e-06, -0.301455, 0.0, -0.95348, 4.913132, 0.0, 1.0, 0.0, 0.700842, 0.0, 0.0, 0.0, 1.0]
            ]
        },
        {
            "name": "Thigh_R",
            "time": [0.0, 0.0167, 0.0333, 0.05, 0.0667, 0.0833, 0.1, 0.1167, 0.1333, 0.15, 0.1667, 0.1833, 0.2, 0.2167, 0.2333, 0.25, 0.2667, 0.2833, 0.3, 0.3167, 0.3333, 0.35, 0.3667, 0.3833, 0.4, 0.4167, 0.4333, 0.45, 0.4667, 0.4833, 0.5, 0.5167, 0.5333, 0.55, 0.5667, 0.5833, 0.6, 0.6167, 0.6333, 0.65, 0.6667, 0.6833, 0.7, 0.7167, 0.7333, 0.75, 0.7667, 0.7833, 0.8, 0.8167, 0.8333, 0.85, 0.8667, 0.8833, 0.9, 0.9167, 0.9333, 0.95, 0.9667, 0.9833, 1.0, 1.0167, 1.0333, 1.05, 1.0667, 1.0833, 1.1, 1.1167, 1.1333, 1.15, 1.1667, 1.1833, 1.2, 1.2167, 1.2333, 1.25, 1.2667, 1.2833, 1.3, 1.3167, 1.3333, 1.35, 1.3667, 1.3833, 1.4, 1.4167, 1.4333, 1.45, 1.4667, 1.4833, 1.5, 1.5167, 1.5333, 1.55, 1.5667, 1.5833, 1.6, 1.6167, 1.6333, 1.65, 1.6667, 1.6833, 1.7, 1.7167, 1.7333, 1.75, 1.7667, 1.7833, 1.8, 1.8167, 1.8333, 1.85, 1.8667, 1.8833, 1.9, 1.9167, 1.9333, 1.95, 1.9667, 1.9833, 2.0, 2.0167, 2.0333, 2.05, 2.0667, 2.0833, 2.1, 2.1167, 2.1333, 2.15, 2.1667, 2.1833, 2.2, 2.2167, 2.2333, 2.25, 2.2667, 2.2833, 2.3, 2.3167, 2.3333, 2.35, 2.3667, 2.3833, 2.4, 2.4167, 2.4333, 2.45, 2.4667, 2.4833, 2.5, 2.5167, 2.5333, 2.55, 2.5667, 2.5833, 2.6, 2.6167, 2.6333, 2.65, 2.6667, 2.6833, 2.7, 2.7167, 2.7333, 2.75, 2.7667, 2.7833, 2.8, 2.8167, 2.8333, 2.85, 2.8667, 2.8833, 2.9, 2.9167, 2.9333, 2.95, 2.9667, 2.9833, 3.0, 3.0167, 3.0333, 3.05, 3.0667, 3.0833, 3.1, 3.1167, 3.1333, 3.15, 3.1667, 3.1833, 3.2, 3.2167, 3.2333, 3.25, 3.2667, 3.2833, 3.3, 3.3167, 3.3333],
            "transform": [
                [0.969192, 0.013479, 0.245937, 0.124994, -0.029684, -0.984829, 0.170956, -0.002831, 0.244511, -0.172989, -0.954091, -1.2e-05, 0.0, 0.0, 0.0, 1.0],
                [0.971366, 0.024906, 0.236279, 0.124994, -0.019097, -0.983085, 0.182138, -0.002831, 0.23682, -0.181434, -0.954462, -1.2e-05, 0.0, 0.0, 0.0, 1.0],
                [0.976289, 0.055604, 0.209206, 0.124994, 0.01023, -0.977216, 0.211991, -0.002831, 0.216227, -0.204824, -0.954617, -1.2e-05, 0.0, 0.0, 0.0, 1.0],
                [0.980869, 0.099792, 0.16714, 0.124994, 0.054872, -0.965524, 0.254456, -0.002831, 0.186771, -0.240416, -0.952532, -1.2e-05, 0.0, 0.0, 0.0, 1.0],
                [0.982015, 0.151303, 0.112929, 0.124994, 0.110971, -0.94647, 0.303109, -0.002831, 0.152745, -0.285125, -0.946241, -1.2e-05, 0.0, 0.0, 0.0, 1.0],
                [0.977658, 0.204011, 0.050634, 0.124994, 0.173725, -0.919822, 0.351773, -0.002831, 0.11834, -0.335116, -0.934716, -1.2e-05, 0.0, 0.0, 0.0, 1.0],
                [0.967481, 0.252535, -0.014325, 0.124994, 0.237464, -0.887313, 0.395326, -0.002831, 0.087123, -0.385871, -0.91843, -1.2e-05, 0.0, 0.0, 0.0, 1.0],
                [0.953143, 0.292915, -0.075623, 0.124994, 0.296186, -0.852669, 0.430379, -0.002831, 0.061583, -0.43261, -0.899475, -1.2e-05, 0.0, 0.0, 0.0, 1.0],
                [0.937918, 0.322865, -0.126754, 0.124994, 0.344183, -0.821036, 0.45545, -0.002831, 0.04298, -0.4708, -0.881192, -1.2e-05, 0.0, 0.0, 0.0, 1.0],
                [0.925926, 0.341402, -0.16157, 0.124994, 0.376375, -0.798135, 0.470447, -0.002831, 0.031657, -0.496408, -0.867511, -1.2e-05, 0.0, 0.0, 0.0, 1.0],
                [0.921185, 0.347858, -0.174392, 0.124994, 0.388134, -0.789428, 0.475556, -0.002831, 0.027755, -0.505761, -0.862227, -1.2e-05, 0.0, 0.0, 0.0, 1.0],
                [0.922128, 0.351111, -0.162482, 0.124994, 0.385206, -0.794149, 0.470044, -0.002831, 0.036003, -0.496028, -0.867559, -1.2e-05, 0.0, 0.0, 0.0, 1.0],
                [0.924447, 0.35857, -0.129705, 0.124994, 0.376811, -0.806975, 0.454755, -0.002831, 0.058392, -0.46927, -0.881122, -1.2e-05, 0.0, 0.0, 0.0, 1.0],
                [0.927009, 0.366301, -0.080478, 0.124994, 0.363701, -0.825679, 0.431246, -0.002831, 0.091518, -0.429038, -0.898638, -1.2e-05, 0.0, 0.0, 0.0, 1.0],
                [0.928683, 0.370355, -0.019591, 0.124994, 0.346617, -0.847938, 0.401066, -0.002831, 0.131925, -0.379253, -0.91584, -1.2e-05, 0.0, 0.0, 0.0, 1.0],
                [0.928833, 0.367428, 0.04758, 0.124994, 0.326032, -0.87159, 0.366103, -0.002831, 0.175987, -0.324535, -0.929358, -1.2e-05, 0.0, 0.0, 0.0, 1.0],
                [0.927604, 0.355341, 0.115252, 0.124994, 0.301951, -0.89485, 0.328733, -0.002831, 0.219946, -0.270133, -0.937364, -1.2e-05, 0.0, 0.0, 0.0, 1.0],
                [0.925967, 0.333194, 0.177668, 0.124994, 0.273784, -0.916455, 0.291802, -0.002831, 0.260052, -0.221555, -0.939833, -1.2e-05, 0.0, 0.0, 0.0, 1.0],
                [0.925539, 0.301143, 0.229541, 0.124994, 0.240312, -0.935634, 0.258525, -0.002831, 0.29262, -0.184112, -0.938337, -1.2e-05, 0.0, 0.0, 0.0, 1.0],
                [0.928206, 0.259846, 0.266293, 0.124994, 0.199778, -0.951864, 0.232464, -0.002831, 0.31388, -0.162575, -0.935441, -1.2e-05, 0.0, 0.0, 0.0, 1.0],
                [0.935609, 0.20971, 0.284001, 0.124994, 0.150095, -0.964411, 0.217667, -0.002831, 0.319541, -0.161023, -0.933791, -1.2e-05, 0.0, 0.0, 0.0, 1.0],
                [0.963045, 0.152005, 0.222346, 0.124994, 0.092728, -0.962175, 0.256157, -0.002831, 0.252873, -0.226072, -0.940716, -1.2e-05, 0.0, 0.0, 0.0, 1.0],
                [0.996029, 0.071354, 0.053241, 0.124994, 0.046562, -0.927226, 0.371591, -0.002831, 0.075881, -0.367636, -0.926869, -1.2e-05, 0.0, 0.0, 0.0, 1.0],
                [0.985168, -0.05115, -0.163789, 0.124994, 0.042834, -0.851007, 0.523401, -0.002831, -0.166158, -0.522653, -0.836197, -1.2e-05, 0.0, 0.0, 0.0, 1.0],
                [0.915892, -0.196215, -0.350202, 0.124994, 0.088885, -0.751613, 0.653586, -0.002831, -0.39146, -0.62974, -0.670958, -1.2e-05, 0.0, 0.0, 0.0, 1.0],
                [0.831105, -0.313504, -0.459325, 0.124994, 0.150107, -0.668829, 0.728103, -0.002831, -0.535474, -0.674076, -0.508809, -1.2e-05, 0.0, 0.0, 0.0, 1.0],
                [0.791883, -0.359617, -0.493554, 0.124994, 0.179084, -0.635925, 0.750684, -0.002831, -0.583823, -0.68284, -0.439179, -1.2e-05, 0.0, 0.0, 0.0, 1.0],
                [0.797716, -0.303165, -0.521286, 0.124994, 0.224424, -0.653096, 0.723255, -0.002831, -0.559717, -0.69394, -0.452949, -1.2e-05, 0.0, 0.0, 0.0, 1.0],
                [0.797445, -0.15728, -0.582532, 0.124994, 0.33667, -0.685196, 0.645877, -0.002831, -0.500734, -0.711172, -0.493456, -1.2e-05, 0.0, 0.0, 0.0, 1.0],
                [0.766768, 0.036651, -0.640878, 0.124994, 0.475617, -0.702928, 0.528846, -0.002831, -0.431109, -0.710313, -0.556416, -1.2e-05, 0.0, 0.0, 0.0, 1.0],
                [0.706386, 0.226079, -0.670751, 0.124994, 0.597618, -0.698292, 0.394004, -0.002831, -0.379304, -0.67917, -0.628374, -1.2e-05, 0.0, 0.0, 0.0, 1.0],
                [0.646054, 0.363636, -0.671106, 0.124994, 0.66866, -0.69365, 0.267847, -0.002831, -0.368114, -0.621783, -0.691286, -1.2e-05, 0.0, 0.0, 0.0, 1.0],
                [0.594735, 0.448114, -0.667446, 0.124994, 0.696117, -0.702352, 0.148731, -0.002831, -0.402134, -0.553074, -0.729655, -1.2e-05, 0.0, 0.0, 0.0, 1.0],
                [0.539304, 0.507182, -0.672247, 0.124994, 0.702721, -0.710937, 0.027377, -0.002831, -0.464041, -0.487166, -0.739821, -1.2e-05, 0.0, 0.0, 0.0, 1.0],
                [0.485216, 0.547471, -0.681792, 0.124994, 0.691134, -0.717769, -0.084498, -0.002831, -0.53563, -0.430209, -0.72665, -1.2e-05, 0.0, 0.0, 0.0, 1.0],
                [0.437007, 0.573664, -0.692772, 0.124994, 0.669076, -0.722081, -0.175879, -0.002831, -0.601134, -0.386656, -0.699381, -1.2e-05, 0.0, 0.0, 0.0, 1.0],
                [0.399323, 0.588906, -0.702659, 0.124994, 0.648012, -0.723462, -0.238076, -0.002831, -0.648553, -0.360261, -0.670515, -1.2e-05, 0.0, 0.0, 0.0, 1.0],
                [0.377338, 0.59544, -0.709271, 0.124994, 0.640768, -0.720824, -0.264248, -0.002831, -0.668605, -0.354766, -0.653535, -1.2e-05, 0.0, 0.0, 0.0, 1.0],
                [0.404153, 0.57549, -0.710965, 0.124994, 0.683854, -0.706301, -0.182976, -0.002831, -0.607457, -0.412244, -0.679006, -1.2e-05, 0.0, 0.0, 0.0, 1.0],
                [0.497219, 0.523975, -0.691536, 0.124994, 0.755699, -0.653121, 0.048483, -0.002831, -0.426254, -0.546698, -0.720713, -1.2e-05, 0.0, 0.0, 0.0, 1.0],
                [0.625128, 0.47058, -0.622711, 0.124994, 0.763592, -0.533981, 0.363028, -0.002831, -0.161682, -0.702435, -0.69314, -1.2e-05, 0.0, 0.0, 0.0, 1.0],
                [0.738124, 0.440897, -0.510668, 0.124994, 0.668375, -0.37476, 0.642517, -0.002831, 0.091906, -0.815574, -0.571306, -1.2e-05, 0.0, 0.0, 0.0, 1.0],
                [0.808121, 0.431299, -0.401148, 0.124994, 0.533076, -0.245857, 0.809557, -0.002831, 0.250536, -0.868062, -0.428599, -1.2e-05, 0.0, 0.0, 0.0, 1.0],
                [0.8439, 0.416787, -0.337818, 0.124994, 0.449064, -0.204215, 0.869849, -0.002831, 0.293554, -0.885766, -0.359502, -1.2e-05, 0.0, 0.0, 0.0, 1.0],
                [0.867331, 0.392168, -0.306496, 0.124994, 0.414673, -0.228765, 0.880745, -0.002831, 0.275285, -0.890992, -0.361038, -1.2e-05, 0.0, 0.0, 0.0, 1.0],
                [0.888777, 0.368844, -0.272082, 0.124994, 0.382497, -0.269817, 0.883682, -0.002831, 0.252528, -0.889465, -0.380891, -1.2e-05, 0.0, 0.0, 0.0, 1.0],
                [0.908296, 0.345595, -0.235713, 0.124994, 0.351563, -0.325242, 0.87785, -0.002831, 0.226717, -0.880214, -0.416916, -1.2e-05, 0.0, 0.0, 0.0, 1.0],
                [0.925909, 0.321384, -0.198502, 0.124993, 0.320989, -0.392369, 0.861981, -0.002831, 0.199141, -0.861832, -0.466461, -1.2e-05, 0.0, 0.0, 0.0, 1.0],
                [0.941589, 0.295455, -0.161603, 0.124994, 0.290101, -0.467918, 0.834801, -0.002831, 0.171029, -0.832919, -0.5263, -1.2e-05, 0.0, 0.0, 0.0, 1.0],
                [0.955276, 0.267428, -0.126213, 0.124993, 0.258527, -0.548042, 0.795496, -0.002831, 0.143568, -0.792545, -0.59267, -1.2e-05, 0.0, 0.0, 0.0, 1.0],
                [0.966912, 0.237359, -0.093495, 0.124993, 0.226252, -0.628555, 0.744129, -0.002831, 0.117859, -0.740659, -0.661462, -1.2e-05, 0.0, 0.0, 0.0, 1.0],
                [0.97648, 0.205747, -0.064459, 0.124995, 0.193631, -0.705335, 0.681915, -0.002831, 0.094837, -0.678356, -0.728586, -1.2e-05, 0.0, 0.0, 0.0, 1.0],
                [0.984034, 0.173466, -0.03983, 0.124994, 0.161326, -0.774808, 0.611264, -0.002831, 0.075173, -0.607928, -0.790425, -1.2e-05, 0.0, 0.0, 0.0, 1.0],
                [0.989718, 0.141629, -0.019951, 0.124994, 0.130199, -0.834392, 0.53557, -0.002831, 0.059205, -0.53266, -0.844256, -1.2e-05, 0.0, 0.0, 0.0, 1.0],
                [0.993761, 0.111422, -0.004752, 0.124994, 0.10117, -0.882752, 0.458814, -0.002831, 0.046927, -0.456432, -0.88852, -1.2e-05, 0.0, 0.0, 0.0, 1.0],
                [0.996451, 0.083945, 0.006201, 0.124994, 0.075092, -0.919812, 0.385101, -0.002831, 0.038031, -0.383267, -0.922854, -1.2e-05, 0.0, 0.0, 0.0, 1.0],
                [0.998099, 0.060109, 0.013599, 0.124994, 0.052668, -0.946533, 0.318272, -0.002831, 0.032003, -0.31695, -0.947902, -1.2e-05, 0.0, 0.0, 0.0, 1.0],
                [0.999008, 0.040603, 0.018256, 0.124994, 0.034421, -0.964536, 0.26169, -0.002831, 0.028234, -0.260801, -0.96498, -1.2e-05, 0.0, 0.0, 0.0, 1.0],
                [0.999443, 0.025916, 0.020984, 0.124994, 0.020719, -0.975681, 0.218204, -0.002831, 0.026129, -0.217647, -0.975678, -1.2e-05, 0.0, 0.0, 0.0, 1.0],
                [0.999612, 0.016405, 0.022488, 0.124994, 0.01183, -0.981659, 0.190268, -0.002831, 0.025197, -0.189928, -0.981475, -1.2e-05, 0.0, 0.0, 0.0, 1.0],
                [0.999652, 0.012379, 0.02328, 0.124993, 0.007986, -0.983604, 0.180152, -0.002831, 0.025128, -0.179903, -0.983364, -1.2e-05, 0.0, 0.0, 0.0, 1.0],
                [0.999651, 0.011263, 0.023866, 0.124994, 0.006793, -0.983692, 0.17972, -0.002831, 0.025501, -0.179495, -0.983429, -1.2e-05, 0.0, 0.0, 0.0, 1.0],
                [0.999646, 0.010262, 0.02454, 0.124994, 0.005697, -0.983771, 0.179327, -0.002831, 0.025982, -0.179123, -0.983484, -1.2e-05, 0.0, 0.0, 0.0, 1.0],
