{
    "animation": [
        {
            "name": "Root",
            "time": [0.0, 0.0167, 0.0333, 0.05, 0.0667, 0.0833, 0.1, 0.1167, 0.1333, 0.15, 0.1667, 0.1833, 0.2, 0.2167, 0.2333, 0.25, 0.2667, 0.2833, 0.3, 0.3167, 0.3333, 0.35, 0.3667, 0.3833, 0.4, 0.4167, 0.4333, 0.45, 0.4667, 0.4833, 0.5, 0.5167, 0.5333, 0.55, 0.5667, 0.5833, 0.6, 0.6167, 0.6333, 0.65, 0.6667, 0.6833, 0.7, 0.7167, 0.7333, 0.75, 0.7667, 0.7833, 0.8, 0.8167, 0.8333, 0.85, 0.8667, 0.8833, 0.9, 0.9167, 0.9333, 0.95, 0.9667, 0.9833, 1.0, 1.0167, 1.0333, 1.05, 1.0667, 1.0833, 1.1, 1.1167, 1.1333, 1.15, 1.1667, 1.1833, 1.2, 1.2167, 1.2333, 1.25, 1.2667, 1.2833, 1.3, 1.3167, 1.3333, 1.35, 1.3667, 1.3833, 1.4, 1.4167, 1.4333, 1.45, 1.4667, 1.4833, 1.5, 1.5167, 1.5333, 1.55, 1.5667, 1.5833, 1.6, 1.6167, 1.6333, 1.65, 1.6667, 1.6833, 1.7, 1.7167, 1.7333, 1.75, 1.7667, 1.7833, 1.8, 1.8167, 1.8333, 1.85, 1.8667, 1.8833, 1.9, 1.9167, 1.9333, 1.95, 1.9667, 1.9833, 2.0, 2.0167, 2.0333, 2.05, 2.0667, 2.0833, 2.1, 2.1167, 2.1333, 2.15, 2.1667, 2.1833, 2.2, 2.2167, 2.2333, 2.25, 2.2667, 2.2833, 2.3, 2.3167, 2.3333, 2.35, 2.3667, 2.3833, 2.4, 2.4167, 2.4333, 2.45, 2.4667, 2.4833, 2.5, 2.5167, 2.5333, 2.55, 2.5667, 2.5833, 2.6, 2.6167, 2.6333, 2.65, 2.6667, 2.6833, 2.7, 2.7167, 2.7333, 2.75, 2.7667, 2.7833, 2.8, 2.8167, 2.8333, 2.85, 2.8667, 2.8833, 2.9, 2.9167, 2.9333, 2.95, 2.9667, 2.9833, 3.0, 3.0167, 3.0333, 3.05, 3.0667, 3.0833, 3.1, 3.1167, 3.1333, 3.15, 3.1667, 3.1833, 3.2, 3.2167, 3.2333, 3.25, 3.2667, 3.2833, 3.3, 3.3167, 3.3333, 3.35, 3.3667, 3.3833, 3.4, 3.4167, 3.4333, 3.45, 3.4667, 3.4833, 3.5, 3.5167, 3.5333, 3.55, 3.5667, 3.5833, 3.6, 3.6167, 3.6333, 3.65, 3.6667, 3.6833],
            "transform": [
                [0.420825, 0.0, 0.907142, -5e-06, 0.907142, 0.0, -0.420825, 0.000946, 0.0, 1.0, 0.0, 0.708085, 0.0, 0.0, 0.0, 1.0],
                [0.427724, 0.0, 0.90391, 0.003327, 0.90391, 0.0, -0.427724, 0.006344, 0.0, 1.0, 0.0, 0.704351, 0.0, 0.0, 0.0, 1.0],
                [0.446985, 0.0, 0.894541, 0.01237, 0.894541, 0.0, -0.446985, 0.021332, 0.0, 1.0, 0.0, 0.694216, 0.0, 0.0, 0.0, 1.0],
                [0.476337, 0.0, 0.879263, 0.025697, 0.879263, 0.0, -0.476337, 0.044107, 0.0, 1.0, 0.0, 0.679281, 0.0, 0.0, 0.0, 1.0],
                [0.51337, 0.0, 0.858167, 0.041879, 0.858167, 0.0, -0.51337, 0.072864, 0.0, 1.0, 0.0, 0.661145, 0.0, 0.0, 0.0, 1.0],
                [0.555586, 0.0, 0.831459, 0.059489, 0.831459, 0.0, -0.555586, 0.105799, 0.0, 1.0, 0.0, 0.641409, 0.0, 0.0, 0.0, 1.0],
                [0.600479, 0.0, 0.79964, 0.077099, 0.79964, 0.0, -0.600479, 0.141106, 0.0, 1.0, 0.0, 0.621672, 0.0, 0.0, 0.0, 1.0],
                [0.645645, 0.0, 0.763638, 0.093281, 0.763638, 0.0, -0.645645, 0.176981, 0.0, 1.0, 0.0, 0.603536, 0.0, 0.0, 0.0, 1.0],
                [0.688916, 0.0, 0.724841, 0.106608, 0.724841, 0.0, -0.688916, 0.21162, 0.0, 1.0, 0.0, 0.588601, 0.0, 0.0, 0.0, 1.0],
                [0.728477, 0.0, 0.685071, 0.115651, 0.685071, 0.0, -0.728477, 0.243217, 0.0, 1.0, 0.0, 0.578466, 0.0, 0.0, 0.0, 1.0],
                [0.762931, 0.0, 0.646481, 0.118982, 0.646481, 0.0, -0.762931, 0.269969, 0.0, 1.0, 0.0, 0.574732, 0.0, 0.0, 0.0, 1.0],
                [0.791847, 0.0, 0.610719, 0.118982, 0.610719, 0.0, -0.791847, 0.290762, 0.0, 1.0, 0.0, 0.580426, 0.0, 0.0, 0.0, 1.0],
                [0.817082, 0.0, 0.576522, 0.118982, 0.576522, 0.0, -0.817082, 0.307257, 0.0, 1.0, 0.0, 0.595879, 0.0, 0.0, 0.0, 1.0],
                [0.840685, 0.0, 0.541524, 0.118982, 0.541524, 0.0, -0.840685, 0.321805, 0.0, 1.0, 0.0, 0.618653, 0.0, 0.0, 0.0, 1.0],
                [0.864286, 0.0, 0.503, 0.118982, 0.503, 0.0, -0.864286, 0.336756, 0.0, 1.0, 0.0, 0.646306, 0.0, 0.0, 0.0, 1.0],
                [0.889018, 0.0, 0.457873, 0.118982, 0.457873, 0.0, -0.889018, 0.354463, 0.0, 1.0, 0.0, 0.6764, 0.0, 0.0, 0.0, 1.0],
                [0.915347, 0.0, 0.402665, 0.118982, 0.402665, 0.0, -0.915347, 0.377278, 0.0, 1.0, 0.0, 0.706494, 0.0, 0.0, 0.0, 1.0],
                [0.942761, 0.0, 0.333468, 0.118982, 0.333468, 0.0, -0.942761, 0.407551, 0.0, 1.0, 0.0, 0.734147, 0.0, 0.0, 0.0, 1.0],
                [0.969268, 0.0, 0.246008, 0.118982, 0.246008, 0.0, -0.969268, 0.447634, 0.0, 1.0, 0.0, 0.756921, 0.0, 0.0, 0.0, 1.0],
                [0.99071, 0.0, 0.135989, 0.118982, 0.135989, 0.0, -0.99071, 0.499879, 0.0, 1.0, 0.0, 0.772374, 0.0, 0.0, 0.0, 1.0],
                [1.0, 0.0, 0.0, 0.118982, 0.0, 0.0, -1.0, 0.566637, 0.0, 1.0, 0.0, 0.778068, 0.0, 0.0, 0.0, 1.0],
                [0.986987, 0.0, -0.160803, 0.118982, -0.160803, 0.0, -0.986987, 0.649148, 0.0, 1.0, 0.0, 0.762896, 0.0, 0.0, 0.0, 1.0],
                [0.942978, 0.0, -0.332855, 0.118982, -0.332855, 0.0, -0.942978, 0.744204, 0.0, 1.0, 0.0, 0.72377, 0.0, 0.0, 0.0, 1.0],
                [0.867802, 0.0, -0.49691, 0.118982, -0.49691, 0.0, -0.867802, 0.847487, 0.0, 1.0, 0.0, 0.670271, 0.0, 0.0, 0.0, 1.0],
                [0.772528, 0.0, -0.634981, 0.118982, -0.634981, 0.0, -0.772528, 0.954675, 0.0, 1.0, 0.0, 0.611981, 0.0, 0.0, 0.0, 1.0],
                [0.677155, 0.0, -0.73584, 0.118982, -0.73584, 0.0, -0.677155, 1.061451, 0.0, 1.0, 0.0, 0.558482, 0.0, 0.0, 0.0, 1.0],
                [0.604867, 0.0, -0.796327, 0.118982, -0.796327, 0.0, -0.604867, 1.163494, 0.0, 1.0, 0.0, 0.519356, 0.0, 0.0, 0.0, 1.0],
                [0.576823, 0.0, -0.816869, 0.118982, -0.816869, 0.0, -0.576823, 1.256485, 0.0, 1.0, 0.0, 0.504185, 0.0, 0.0, 0.0, 1.0],
                [0.582195, 0.0, -0.813049, 0.118982, -0.813049, 0.0, -0.582195, 1.336995, 0.0, 1.0, 0.0, 0.508744, 0.0, 0.0, 0.0, 1.0],
                [0.597094, 0.0, -0.802171, 0.118982, -0.802171, 0.0, -0.597094, 1.40516, 0.0, 1.0, 0.0, 0.521297, 0.0, 0.0, 0.0, 1.0],
                [0.619571, 0.0, -0.784941, 0.118982, -0.784941, 0.0, -0.619571, 1.462007, 0.0, 1.0, 0.0, 0.540159, 0.0, 0.0, 0.0, 1.0],
                [0.647577, 0.0, -0.762, 0.118982, -0.762, 0.0, -0.647577, 1.508561, 0.0, 1.0, 0.0, 0.563646, 0.0, 0.0, 0.0, 1.0],
                [0.679046, 0.0, -0.734096, 0.118982, -0.734096, 0.0, -0.679046, 1.54585, 0.0, 1.0, 0.0, 0.590072, 0.0, 0.0, 0.0, 1.0],
                [0.711987, 0.0, -0.702193, 0.118982, -0.702193, 0.0, -0.711987, 1.574899, 0.0, 1.0, 0.0, 0.617751, 0.0, 0.0, 0.0, 1.0],
                [0.744574, 0.0, -0.66754, 0.118982, -0.66754, 0.0, -0.744574, 1.596736, 0.0, 1.0, 0.0, 0.644999, 0.0, 0.0, 0.0, 1.0],
                [0.775236, 0.0, -0.631672, 0.118982, -0.631672, 0.0, -0.775236, 1.612386, 0.0, 1.0, 0.0, 0.67013, 0.0, 0.0, 0.0, 1.0],
                [0.8031, 0.0, -0.595845, 0.118982, -0.595845, 0.0, -0.8031, 1.623228, 0.0, 1.0, 0.0, 0.691788, 0.0, 0.0, 0.0, 1.0],
                [0.829013, 0.0, -0.559229, 0.118982, -0.559229, 0.0, -0.829013, 1.632038, 0.0, 1.0, 0.0, 0.709935, 0.0, 0.0, 0.0, 1.0],
                [0.854021, 0.0, -0.520238, 0.118982, -0.520238, 0.0, -0.854021, 1.641946, 0.0, 1.0, 0.0, 0.724861, 0.0, 0.0, 0.0, 1.0],
                [0.878883, 0.0, -0.477038, 0.118982, -0.477038, 0.0, -0.878883, 1.656081, 0.0, 1.0, 0.0, 0.736854, 0.0, 0.0, 0.0, 1.0],
                [0.903989, 0.0, -0.427556, 0.118982, -0.427556, 0.0, -0.903989, 1.677572, 0.0, 1.0, 0.0, 0.746207, 0.0, 0.0, 0.0, 1.0],
                [0.929241, 0.0, -0.369475, 0.118982, -0.369475, 0.0, -0.929241, 1.709549, 0.0, 1.0, 0.0, 0.753209, 0.0, 0.0, 0.0, 1.0],
                [0.953859, 0.0, -0.300254, 0.118982, -0.300254, 0.0, -0.953859, 1.755139, 0.0, 1.0, 0.0, 0.758149, 0.0, 0.0, 0.0, 1.0],
                [0.976122, 0.0, -0.217221, 0.118982, -0.217221, 0.0, -0.976122, 1.817471, 0.0, 1.0, 0.0, 0.761319, 0.0, 0.0, 0.0, 1.0],
                [0.993037, 0.0, -0.117802, 0.118982, -0.117802, 0.0, -0.993037, 1.899675, 0.0, 1.0, 0.0, 0.763008, 0.0, 0.0, 0.0, 1.0],
                [1.0, 0.0, 0.0, 0.118982, 0.0, 0.0, -1.0, 2.00488, 0.0, 1.0, 0.0, 0.763507, 0.0, 0.0, 0.0, 1.0],
                [0.991004, 0.0, 0.133831, 0.118982, 0.133831, 0.0, -0.991004, 2.165604, 0.0, 1.0, 0.0, 0.742121, 0.0, 0.0, 0.0, 1.0],
                [0.963576, 0.0, 0.267434, 0.118982, 0.267434, 0.0, -0.963576, 2.382426, 0.0, 1.0, 0.0, 0.691125, 0.0, 0.0, 0.0, 1.0],
                [0.924414, 0.0, 0.381392, 0.118982, 0.381392, 0.0, -0.924414, 2.610567, 0.0, 1.0, 0.0, 0.630258, 0.0, 0.0, 0.0, 1.0],
                [0.888258, 0.0, 0.459346, 0.118982, 0.459346, 0.0, -0.888258, 2.805249, 0.0, 1.0, 0.0, 0.579262, 0.0, 0.0, 0.0, 1.0],
                [0.872728, 0.0, 0.488206, 0.118982, 0.488206, 0.0, -0.872728, 2.921692, 0.0, 1.0, 0.0, 0.557876, 0.0, 0.0, 0.0, 1.0],
                [0.872728, 0.0, 0.488206, 0.118982, 0.488206, 0.0, -0.872728, 2.978016, 0.0, 1.0, 0.0, 0.557876, 0.0, 0.0, 0.0, 1.0],
                [0.872728, 0.0, 0.488206, 0.118982, 0.488206, 0.0, -0.872728, 3.023043, 0.0, 1.0, 0.0, 0.557876, 0.0, 0.0, 0.0, 1.0],
                [0.872728, 0.0, 0.488206, 0.118982, 0.488206, 0.0, -0.872728, 3.058047, 0.0, 1.0, 0.0, 0.557876, 0.0, 0.0, 0.0, 1.0],
                [0.872728, 0.0, 0.488206, 0.118982, 0.488206, 0.0, -0.872728, 3.084306, 0.0, 1.0, 0.0, 0.557876, 0.0, 0.0, 0.0, 1.0],
                [0.872728, 0.0, 0.488206, 0.118982, 0.488206, 0.0, -0.872728, 3.103097, 0.0, 1.0, 0.0, 0.557876, 0.0, 0.0, 0.0, 1.0],
                [0.872728, 0.0, 0.488206, 0.118982, 0.488206, 0.0, -0.872728, 3.115695, 0.0, 1.0, 0.0, 0.557876, 0.0, 0.0, 0.0, 1.0],
                [0.872728, 0.0, 0.488206, 0.118982, 0.488206, 0.0, -0.872728, 3.123377, 0.0, 1.0, 0.0, 0.557876, 0.0, 0.0, 0.0, 1.0],
                [0.872728, 0.0, 0.488206, 0.118982, 0.488206, 0.0, -0.872728, 3.127419, 0.0, 1.0, 0.0, 0.557876, 0.0, 0.0, 0.0, 1.0],
                [0.872728, 0.0, 0.488206, 0.118982, 0.488206, 0.0, -0.872728, 3.129096, 0.0, 1.0, 0.0, 0.557876, 0.0, 0.0, 0.0, 1.0],
                [0.872728, 0.0, 0.488206, 0.118982, 0.488206, 0.0, -0.872728, 3.129687, 0.0, 1.0, 0.0, 0.557876, 0.0, 0.0, 0.0, 1.0],
                [0.872775, 0.0, 0.488122, 0.118982, 0.488122, 0.0, -0.872775, 3.130252, 0.0, 1.0, 0.0, 0.557895, 0.0, 0.0, 0.0, 1.0],
                [0.872915, 0.0, 0.487872, 0.118982, 0.487872, 0.0, -0.872915, 3.131001, 0.0, 1.0, 0.0, 0.557953, 0.0, 0.0, 0.0, 1.0],
                [0.873147, 0.0, 0.487457, 0.118982, 0.487457, 0.0, -0.873147, 3.131927, 0.0, 1.0, 0.0, 0.558049, 0.0, 0.0, 0.0, 1.0],
                [0.873469, 0.0, 0.48688, 0.118982, 0.48688, 0.0, -0.873469, 3.133024, 0.0, 1.0, 0.0, 0.558183, 0.0, 0.0, 0.0, 1.0],
                [0.87388, 0.0, 0.486143, 0.118982, 0.486143, 0.0, -0.87388, 3.134286, 0.0, 1.0, 0.0, 0.558354, 0.0, 0.0, 0.0, 1.0],
                [0.874378, 0.0, 0.485246, 0.118982, 0.485246, 0.0, -0.874378, 3.135708, 0.0, 1.0, 0.0, 0.558561, 0.0, 0.0, 0.0, 1.0],
                [0.874962, 0.0, 0.484192, 0.118982, 0.484192, 0.0, -0.874962, 3.137284, 0.0, 1.0, 0.0, 0.558805, 0.0, 0.0, 0.0, 1.0],
                [0.875629, 0.0, 0.482983, 0.118982, 0.482983, 0.0, -0.875629, 3.139007, 0.0, 1.0, 0.0, 0.559084, 0.0, 0.0, 0.0, 1.0],
                [0.87638, 0.0, 0.481621, 0.118982, 0.481621, 0.0, -0.87638, 3.140873, 0.0, 1.0, 0.0, 0.559398, 0.0, 0.0, 0.0, 1.0],
                [0.877211, 0.0, 0.480105, 0.118982, 0.480105, 0.0, -0.877211, 3.142875, 0.0, 1.0, 0.0, 0.559747, 0.0, 0.0, 0.0, 1.0],
                [0.878121, 0.0, 0.478439, 0.118982, 0.478439, 0.0, -0.878121, 3.145007, 0.0, 1.0, 0.0, 0.56013, 0.0, 0.0, 0.0, 1.0],
                [0.879107, 0.0, 0.476624, 0.118982, 0.476624, 0.0, -0.879107, 3.147263, 0.0, 1.0, 0.0, 0.560547, 0.0, 0.0, 0.0, 1.0],
                [0.880168, 0.0, 0.474661, 0.118982, 0.474661, 0.0, -0.880168, 3.149638, 0.0, 1.0, 0.0, 0.560997, 0.0, 0.0, 0.0, 1.0],
                [0.881303, 0.0, 0.472552, 0.118982, 0.472552, 0.0, -0.881303, 3.152126, 0.0, 1.0, 0.0, 0.56148, 0.0, 0.0, 0.0, 1.0],
                [0.882508, 0.0, 0.470298, 0.118982, 0.470298, 0.0, -0.882508, 3.154721, 0.0, 1.0, 0.0, 0.561995, 0.0, 0.0, 0.0, 1.0],
                [0.883782, 0.0, 0.4679, 0.118982, 0.4679, 0.0, -0.883782, 3.157417, 0.0, 1.0, 0.0, 0.562541, 0.0, 0.0, 0.0, 1.0],
                [0.885122, 0.0, 0.465359, 0.118982, 0.465359, 0.0, -0.885122, 3.160207, 0.0, 1.0, 0.0, 0.563119, 0.0, 0.0, 0.0, 1.0],
                [0.886527, 0.0, 0.462677, 0.118982, 0.462677, 0.0, -0.886527, 3.163087, 0.0, 1.0, 0.0, 0.563728, 0.0, 0.0, 0.0, 1.0],
                [0.887994, 0.0, 0.459856, 0.118982, 0.459856, 0.0, -0.887994, 3.166051, 0.0, 1.0, 0.0, 0.564367, 0.0, 0.0, 0.0, 1.0],
                [0.88952, 0.0, 0.456896, 0.118982, 0.456896, 0.0, -0.88952, 3.169092, 0.0, 1.0, 0.0, 0.565036, 0.0, 0.0, 0.0, 1.0],
                [0.891104, 0.0, 0.453799, 0.118982, 0.453799, 0.0, -0.891104, 3.172205, 0.0, 1.0, 0.0, 0.565735, 0.0, 0.0, 0.0, 1.0],
                [0.892744, 0.0, 0.450565, 0.118982, 0.450565, 0.0, -0.892744, 3.175384, 0.0, 1.0, 0.0, 0.566462, 0.0, 0.0, 0.0, 1.0],
                [0.894436, 0.0, 0.447197, 0.118982, 0.447197, 0.0, -0.894436, 3.178623, 0.0, 1.0, 0.0, 0.567217, 0.0, 0.0, 0.0, 1.0],
                [0.896178, 0.0, 0.443695, 0.118982, 0.443695, 0.0, -0.896178, 3.181916, 0.0, 1.0, 0.0, 0.568001, 0.0, 0.0, 0.0, 1.0],
                [0.897968, 0.0, 0.440061, 0.118982, 0.440061, 0.0, -0.897968, 3.185257, 0.0, 1.0, 0.0, 0.568811, 0.0, 0.0, 0.0, 1.0],
                [0.899804, 0.0, 0.436295, 0.118982, 0.436295, 0.0, -0.899804, 3.188641, 0.0, 1.0, 0.0, 0.569649, 0.0, 0.0, 0.0, 1.0],
                [0.901682, 0.0, 0.4324, 0.118982, 0.4324, 0.0, -0.901682, 3.192062, 0.0, 1.0, 0.0, 0.570513, 0.0, 0.0, 0.0, 1.0],
                [0.903601, 0.0, 0.428376, 0.118982, 0.428376, 0.0, -0.903601, 3.195513, 0.0, 1.0, 0.0, 0.571403, 0.0, 0.0, 0.0, 1.0],
                [0.905557, 0.0, 0.424224, 0.118982, 0.424224, 0.0, -0.905557, 3.198989, 0.0, 1.0, 0.0, 0.572319, 0.0, 0.0, 0.0, 1.0],
                [0.907549, 0.0, 0.419947, 0.118982, 0.419947, 0.0, -0.907549, 3.202484, 0.0, 1.0, 0.0, 0.573259, 0.0, 0.0, 0.0, 1.0],
                [0.909573, 0.0, 0.415544, 0.118982, 0.415544, 0.0, -0.909573, 3.205993, 0.0, 1.0, 0.0, 0.574224, 0.0, 0.0, 0.0, 1.0],
                [0.911627, 0.0, 0.411018, 0.118982, 0.411018, 0.0, -0.911627, 3.209509, 0.0, 1.0, 0.0, 0.575213, 0.0, 0.0, 0.0, 1.0],
                [0.913709, 0.0, 0.40637, 0.118982, 0.40637, 0.0, -0.913709, 3.213026, 0.0, 1.0, 0.0, 0.576226, 0.0, 0.0, 0.0, 1.0],
                [0.915815, 0.0, 0.401601, 0.118982, 0.401601, 0.0, -0.915815, 3.216538, 0.0, 1.0, 0.0, 0.577261, 0.0, 0.0, 0.0, 1.0],
                [0.917943, 0.0, 0.396712, 0.118982, 0.396712, 0.0, -0.917943, 3.220041, 0.0, 1.0, 0.0, 0.57832, 0.0, 0.0, 0.0, 1.0],
                [0.92009, 0.0, 0.391706, 0.118982, 0.391706, 0.0, -0.92009, 3.223528, 0.0, 1.0, 0.0, 0.5794, 0.0, 0.0, 0.0, 1.0],
                [0.922255, 0.0, 0.386583, 0.118982, 0.386583, 0.0, -0.922255, 3.226992, 0.0, 1.0, 0.0, 0.580501, 0.0, 0.0, 0.0, 1.0],
                [0.924433, 0.0, 0.381344, 0.118982, 0.381344, 0.0, -0.924433, 3.230429, 0.0, 1.0, 0.0, 0.581624, 0.0, 0.0, 0.0, 1.0],
                [0.926623, 0.0, 0.375993, 0.118982, 0.375993, 0.0, -0.926623, 3.233833, 0.0, 1.0, 0.0, 0.582768, 0.0, 0.0, 0.0, 1.0],
                [0.928821, 0.0, 0.370529, 0.118982, 0.370529, 0.0, -0.928821, 3.237204, 0.0, 1.0, 0.0, 0.583931, 0.0, 0.0, 0.0, 1.0],
                [0.931025, 0.0, 0.364955, 0.118982, 0.364955, 0.0, -0.931025, 3.240541, 0.0, 1.0, 0.0, 0.585114, 0.0, 0.0, 0.0, 1.0],
                [0.933233, 0.0, 0.359272, 0.118982, 0.359272, 0.0, -0.933233, 3.243845, 0.0, 1.0, 0.0, 0.586317, 0.0, 0.0, 0.0, 1.0],
                [0.935441, 0.0, 0.353482, 0.118982, 0.353482, 0.0, -0.935441, 3.247115, 0.0, 1.0, 0.0, 0.587538, 0.0, 0.0, 0.0, 1.0],
                [0.937648, 0.0, 0.347586, 0.118982, 0.347586, 0.0, -0.937648, 3.250352, 0.0, 1.0, 0.0, 0.588777, 0.0, 0.0, 0.0, 1.0],
                [0.93985, 0.0, 0.341588, 0.118982, 0.341588, 0.0, -0.93985, 3.253556, 0.0, 1.0, 0.0, 0.590034, 0.0, 0.0, 0.0, 1.0],
                [0.942045, 0.0, 0.335487, 0.118982, 0.335487, 0.0, -0.942045, 3.256728, 0.0, 1.0, 0.0, 0.591308, 0.0, 0.0, 0.0, 1.0],
                [0.94423, 0.0, 0.329287, 0.118982, 0.329287, 0.0, -0.94423, 3.259866, 0.0, 1.0, 0.0, 0.592599, 0.0, 0.0, 0.0, 1.0],
                [0.946403, 0.0, 0.322988, 0.118982, 0.322988, 0.0, -0.946403, 3.262971, 0.0, 1.0, 0.0, 0.593906, 0.0, 0.0, 0.0, 1.0],
                [0.948561, 0.0, 0.316594, 0.118982, 0.316594, 0.0, -0.948561, 3.266044, 0.0, 1.0, 0.0, 0.595229, 0.0, 0.0, 0.0, 1.0],
                [0.950702, 0.0, 0.310106, 0.118982, 0.310106, 0.0, -0.950702, 3.269085, 0.0, 1.0, 0.0, 0.596567, 0.0, 0.0, 0.0, 1.0],
                [0.952823, 0.0, 0.303527, 0.118982, 0.303527, 0.0, -0.952823, 3.272092, 0.0, 1.0, 0.0, 0.59792, 0.0, 0.0, 0.0, 1.0],
                [0.954922, 0.0, 0.296857, 0.118982, 0.296857, 0.0, -0.954922, 3.275068, 0.0, 1.0, 0.0, 0.599287, 0.0, 0.0, 0.0, 1.0],
                [0.956996, 0.0, 0.2901, 0.118982, 0.2901, 0.0, -0.956996, 3.278011, 0.0, 1.0, 0.0, 0.600668, 0.0, 0.0, 0.0, 1.0],
                [0.959044, 0.0, 0.283258, 0.118982, 0.283258, 0.0, -0.959044, 3.280922, 0.0, 1.0, 0.0, 0.602062, 0.0, 0.0, 0.0, 1.0],
                [0.961062, 0.0, 0.276334, 0.118982, 0.276334, 0.0, -0.961062, 3.2838, 0.0, 1.0, 0.0, 0.60347, 0.0, 0.0, 0.0, 1.0],
                [0.963048, 0.0, 0.269328, 0.118982, 0.269328, 0.0, -0.963048, 3.286647, 0.0, 1.0, 0.0, 0.604889, 0.0, 0.0, 0.0, 1.0],
                [0.965001, 0.0, 0.262245, 0.118982, 0.262245, 0.0, -0.965001, 3.289461, 0.0, 1.0, 0.0, 0.606321, 0.0, 0.0, 0.0, 1.0],
                [0.966918, 0.0, 0.255086, 0.118982, 0.255086, 0.0, -0.966918, 3.292244, 0.0, 1.0, 0.0, 0.607764, 0.0, 0.0, 0.0, 1.0],
                [0.968798, 0.0, 0.247854, 0.118982, 0.247854, 0.0, -0.968798, 3.294995, 0.0, 1.0, 0.0, 0.609217, 0.0, 0.0, 0.0, 1.0],
                [0.970637, 0.0, 0.240551, 0.118982, 0.240551, 0.0, -0.970637, 3.297714, 0.0, 1.0, 0.0, 0.610682, 0.0, 0.0, 0.0, 1.0],
                [0.972434, 0.0, 0.23318, 0.118982, 0.23318, 0.0, -0.972434, 3.300403, 0.0, 1.0, 0.0, 0.612156, 0.0, 0.0, 0.0, 1.0],
                [0.974187, 0.0, 0.225744, 0.118982, 0.225744, 0.0, -0.974187, 3.303059, 0.0, 1.0, 0.0, 0.613639, 0.0, 0.0, 0.0, 1.0],
                [0.975894, 0.0, 0.218246, 0.118982, 0.218246, 0.0, -0.975894, 3.305684, 0.0, 1.0, 0.0, 0.615132, 0.0, 0.0, 0.0, 1.0],
                [0.977553, 0.0, 0.210688, 0.118982, 0.210688, 0.0, -0.977553, 3.308278, 0.0, 1.0, 0.0, 0.616633, 0.0, 0.0, 0.0, 1.0],
                [0.979164, 0.0, 0.203073, 0.118982, 0.203073, 0.0, -0.979164, 3.31084, 0.0, 1.0, 0.0, 0.618142, 0.0, 0.0, 0.0, 1.0],
                [0.980723, 0.0, 0.195404, 0.118982, 0.195404, 0.0, -0.980723, 3.313372, 0.0, 1.0, 0.0, 0.619658, 0.0, 0.0, 0.0, 1.0],
                [0.98223, 0.0, 0.187684, 0.118982, 0.187684, 0.0, -0.98223, 3.315872, 0.0, 1.0, 0.0, 0.621182, 0.0, 0.0, 0.0, 1.0],
                [0.983682, 0.0, 0.179915, 0.118982, 0.179915, 0.0, -0.983682, 3.318341, 0.0, 1.0, 0.0, 0.622712, 0.0, 0.0, 0.0, 1.0],
                [0.985079, 0.0, 0.172102, 0.118982, 0.172102, 0.0, -0.985079, 3.320781, 0.0, 1.0, 0.0, 0.624248, 0.0, 0.0, 0.0, 1.0],
                [0.986419, 0.0, 0.164246, 0.118982, 0.164246, 0.0, -0.986419, 3.323189, 0.0, 1.0, 0.0, 0.62579, 0.0, 0.0, 0.0, 1.0],
                [0.987702, 0.0, 0.156351, 0.118982, 0.156351, 0.0, -0.987702, 3.325566, 0.0, 1.0, 0.0, 0.627337, 0.0, 0.0, 0.0, 1.0],
                [0.988924, 0.0, 0.14842, 0.118982, 0.14842, 0.0, -0.988924, 3.327913, 0.0, 1.0, 0.0, 0.628889, 0.0, 0.0, 0.0, 1.0],
                [0.990087, 0.0, 0.140456, 0.118982, 0.140456, 0.0, -0.990087, 3.33023, 0.0, 1.0, 0.0, 0.630444, 0.0, 0.0, 0.0, 1.0],
                [0.991188, 0.0, 0.132463, 0.118982, 0.132463, 0.0, -0.991188, 3.332515, 0.0, 1.0, 0.0, 0.632003, 0.0, 0.0, 0.0, 1.0],
                [0.992227, 0.0, 0.124443, 0.118982, 0.124443, 0.0, -0.992227, 3.334772, 0.0, 1.0, 0.0, 0.633566, 0.0, 0.0, 0.0, 1.0],
                [0.993202, 0.0, 0.1164, 0.118982, 0.1164, 0.0, -0.993202, 3.336998, 0.0, 1.0, 0.0, 0.635131, 0.0, 0.0, 0.0, 1.0],
                [0.994114, 0.0, 0.108336, 0.118982, 0.108336, 0.0, -0.994114, 3.339193, 0.0, 1.0, 0.0, 0.636698, 0.0, 0.0, 0.0, 1.0],
                [0.994962, 0.0, 0.100256, 0.118982, 0.100256, 0.0, -0.994962, 3.341359, 0.0, 1.0, 0.0, 0.638267, 0.0, 0.0, 0.0, 1.0],
                [0.995744, 0.0, 0.092163, 0.118982, 0.092163, 0.0, -0.995744, 3.343495, 0.0, 1.0, 0.0, 0.639837, 0.0, 0.0, 0.0, 1.0],
                [0.996461, 0.0, 0.084059, 0.118982, 0.084059, 0.0, -0.996461, 3.345601, 0.0, 1.0, 0.0, 0.641408, 0.0, 0.0, 0.0, 1.0],
                [0.997112, 0.0, 0.075948, 0.118982, 0.075948, 0.0, -0.997112, 3.347678, 0.0, 1.0, 0.0, 0.642979, 0.0, 0.0, 0.0, 1.0],
                [0.997697, 0.0, 0.067833, 0.118982, 0.067833, 0.0, -0.997697, 3.349725, 0.0, 1.0, 0.0, 0.64455, 0.0, 0.0, 0.0, 1.0],
                [0.998215, 0.0, 0.059718, 0.118982, 0.059718, 0.0, -0.998215, 3.351742, 0.0, 1.0, 0.0, 0.64612, 0.0, 0.0, 0.0, 1.0],
                [0.998667, 0.0, 0.051607, 0.118982, 0.051607, 0.0, -0.998667, 3.35373, 0.0, 1.0, 0.0, 0.647689, 0.0, 0.0, 0.0, 1.0],
                [0.999053, 0.0, 0.043501, 0.118982, 0.043501, 0.0, -0.999053, 3.355689, 0.0, 1.0, 0.0, 0.649256, 0.0, 0.0, 0.0, 1.0],
                [0.999373, 0.0, 0.035405, 0.118982, 0.035405, 0.0, -0.999373, 3.357619, 0.0, 1.0, 0.0, 0.650821, 0.0, 0.0, 0.0, 1.0],
                [0.999627, 0.0, 0.027322, 0.118982, 0.027322, 0.0, -0.999627, 3.359519, 0.0, 1.0, 0.0, 0.652384, 0.0, 0.0, 0.0, 1.0],
                [0.999815, 0.0, 0.019255, 0.118982, 0.019255, 0.0, -0.999815, 3.361391, 0.0, 1.0, 0.0, 0.653943, 0.0, 0.0, 0.0, 1.0],
                [0.999937, 0.0, 0.011208, 0.118982, 0.011208, 0.0, -0.999937, 3.363234, 0.0, 1.0, 0.0, 0.655499, 0.0, 0.0, 0.0, 1.0],
                [0.999995, 0.0, 0.003184, 0.118982, 0.003184, 0.0, -0.999995, 3.365048, 0.0, 1.0, 0.0, 0.65705, 0.0, 0.0, 0.0, 1.0],
                [0.999988, 0.0, -0.004814, 0.118982, -0.004814, 0.0, -0.999988, 3.366832, 0.0, 1.0, 0.0, 0.658597, 0.0, 0.0, 0.0, 1.0],
                [0.999918, 0.0, -0.012783, 0.118982, -0.012783, 0.0, -0.999918, 3.368589, 0.0, 1.0, 0.0, 0.660139, 0.0, 0.0, 0.0, 1.0],
                [0.999785, 0.0, -0.02072, 0.118982, -0.02072, 0.0, -0.999785, 3.370317, 0.0, 1.0, 0.0, 0.661675, 0.0, 0.0, 0.0, 1.0],
                [0.99959, 0.0, -0.02862, 0.118982, -0.02862, 0.0, -0.99959, 3.372017, 0.0, 1.0, 0.0, 0.663205, 0.0, 0.0, 0.0, 1.0],
                [0.999334, 0.0, -0.036482, 0.118982, -0.036482, 0.0, -0.999334, 3.373688, 0.0, 1.0, 0.0, 0.664729, 0.0, 0.0, 0.0, 1.0],
                [0.999018, 0.0, -0.044302, 0.118982, -0.044302, 0.0, -0.999018, 3.375331, 0.0, 1.0, 0.0, 0.666245, 0.0, 0.0, 0.0, 1.0],
                [0.998643, 0.0, -0.052076, 0.118982, -0.052076, 0.0, -0.998643, 3.376946, 0.0, 1.0, 0.0, 0.667754, 0.0, 0.0, 0.0, 1.0],
                [0.99821, 0.0, -0.059802, 0.118982, -0.059802, 0.0, -0.99821, 3.378533, 0.0, 1.0, 0.0, 0.669255, 0.0, 0.0, 0.0, 1.0],
                [0.997721, 0.0, -0.067477, 0.118982, -0.067477, 0.0, -0.997721, 3.380091, 0.0, 1.0, 0.0, 0.670748, 0.0, 0.0, 0.0, 1.0],
                [0.997176, 0.0, -0.075097, 0.118982, -0.075097, 0.0, -0.997176, 3.381623, 0.0, 1.0, 0.0, 0.672231, 0.0, 0.0, 0.0, 1.0],
                [0.996578, 0.0, -0.08266, 0.118982, -0.08266, 0.0, -0.996578, 3.383126, 0.0, 1.0, 0.0, 0.673706, 0.0, 0.0, 0.0, 1.0],
                [0.995927, 0.0, -0.090162, 0.118982, -0.090162, 0.0, -0.995927, 3.384601, 0.0, 1.0, 0.0, 0.67517, 0.0, 0.0, 0.0, 1.0],
                [0.995226, 0.0, -0.097602, 0.118982, -0.097602, 0.0, -0.995226, 3.386049, 0.0, 1.0, 0.0, 0.676624, 0.0, 0.0, 0.0, 1.0],
                [0.994475, 0.0, -0.104975, 0.118982, -0.104975, 0.0, -0.994475, 3.38747, 0.0, 1.0, 0.0, 0.678066, 0.0, 0.0, 0.0, 1.0],
                [0.993677, 0.0, -0.112279, 0.118982, -0.112279, 0.0, -0.993677, 3.388863, 0.0, 1.0, 0.0, 0.679498, 0.0, 0.0, 0.0, 1.0],
                [0.992833, 0.0, -0.119512, 0.118982, -0.119512, 0.0, -0.992833, 3.390229, 0.0, 1.0, 0.0, 0.680918, 0.0, 0.0, 0.0, 1.0],
                [0.991945, 0.0, -0.12667, 0.118982, -0.12667, 0.0, -0.991945, 3.391567, 0.0, 1.0, 0.0, 0.682325, 0.0, 0.0, 0.0, 1.0],
                [0.991015, 0.0, -0.133751, 0.118982, -0.133751, 0.0, -0.991015, 3.392879, 0.0, 1.0, 0.0, 0.683719, 0.0, 0.0, 0.0, 1.0],
                [0.990045, 0.0, -0.140752, 0.118982, -0.140752, 0.0, -0.990045, 3.394163, 0.0, 1.0, 0.0, 0.6851, 0.0, 0.0, 0.0, 1.0],
                [0.989037, 0.0, -0.147671, 0.118982, -0.147671, 0.0, -0.989037, 3.395421, 0.0, 1.0, 0.0, 0.686467, 0.0, 0.0, 0.0, 1.0],
                [0.987992, 0.0, -0.154505, 0.118982, -0.154505, 0.0, -0.987992, 3.396652, 0.0, 1.0, 0.0, 0.68782, 0.0, 0.0, 0.0, 1.0],
                [0.986913, 0.0, -0.161251, 0.118982, -0.161251, 0.0, -0.986913, 3.397856, 0.0, 1.0, 0.0, 0.689158, 0.0, 0.0, 0.0, 1.0],
                [0.985803, 0.0, -0.167907, 0.118982, -0.167907, 0.0, -0.985803, 3.399033, 0.0, 1.0, 0.0, 0.690481, 0.0, 0.0, 0.0, 1.0],
                [0.984662, 0.0, -0.174472, 0.118982, -0.174472, 0.0, -0.984662, 3.400184, 0.0, 1.0, 0.0, 0.691788, 0.0, 0.0, 0.0, 1.0],
                [0.983494, 0.0, -0.180941, 0.118982, -0.180941, 0.0, -0.983494, 3.401309, 0.0, 1.0, 0.0, 0.693079, 0.0, 0.0, 0.0, 1.0],
                [0.9823, 0.0, -0.187313, 0.118982, -0.187313, 0.0, -0.9823, 3.402407, 0.0, 1.0, 0.0, 0.694353, 0.0, 0.0, 0.0, 1.0],
                [0.981083, 0.0, -0.193587, 0.118982, -0.193587, 0.0, -0.981083, 3.403479, 0.0, 1.0, 0.0, 0.69561, 0.0, 0.0, 0.0, 1.0],
                [0.979845, 0.0, -0.199759, 0.118982, -0.199759, 0.0, -0.979845, 3.404524, 0.0, 1.0, 0.0, 0.696849, 0.0, 0.0, 0.0, 1.0],
                [0.978588, 0.0, -0.205827, 0.118982, -0.205827, 0.0, -0.978588, 3.405544, 0.0, 1.0, 0.0, 0.69807, 0.0, 0.0, 0.0, 1.0],
                [0.977315, 0.0, -0.211789, 0.118982, -0.211789, 0.0, -0.977315, 3.406538, 0.0, 1.0, 0.0, 0.699273, 0.0, 0.0, 0.0, 1.0],
                [0.976028, 0.0, -0.217643, 0.118982, -0.217643, 0.0, -0.976028, 3.407506, 0.0, 1.0, 0.0, 0.700456, 0.0, 0.0, 0.0, 1.0],
                [0.97473, 0.0, -0.223388, 0.118982, -0.223388, 0.0, -0.97473, 3.408448, 0.0, 1.0, 0.0, 0.70162, 0.0, 0.0, 0.0, 1.0],
                [0.973422, 0.0, -0.22902, 0.118982, -0.22902, 0.0, -0.973422, 3.409364, 0.0, 1.0, 0.0, 0.702763, 0.0, 0.0, 0.0, 1.0],
                [0.972107, 0.0, -0.234539, 0.118982, -0.234539, 0.0, -0.972107, 3.410255, 0.0, 1.0, 0.0, 0.703886, 0.0, 0.0, 0.0, 1.0],
                [0.970787, 0.0, -0.239942, 0.118982, -0.239942, 0.0, -0.970787, 3.41112, 0.0, 1.0, 0.0, 0.704987, 0.0, 0.0, 0.0, 1.0],
                [0.969466, 0.0, -0.245227, 0.118982, -0.245227, 0.0, -0.969466, 3.41196, 0.0, 1.0, 0.0, 0.706068, 0.0, 0.0, 0.0, 1.0],
                [0.968145, 0.0, -0.250392, 0.118982, -0.250392, 0.0, -0.968145, 3.412775, 0.0, 1.0, 0.0, 0.707126, 0.0, 0.0, 0.0, 1.0],
                [0.966826, 0.0, -0.255436, 0.118982, -0.255436, 0.0, -0.966826, 3.413564, 0.0, 1.0, 0.0, 0.708161, 0.0, 0.0, 0.0, 1.0],
                [0.965513, 0.0, -0.260357, 0.118982, -0.260357, 0.0, -0.965513, 3.414329, 0.0, 1.0, 0.0, 0.709174, 0.0, 0.0, 0.0, 1.0],
                [0.964207, 0.0, -0.265152, 0.118982, -0.265152, 0.0, -0.964207, 3.415068, 0.0, 1.0, 0.0, 0.710163, 0.0, 0.0, 0.0, 1.0],
                [0.96291, 0.0, -0.269821, 0.118982, -0.269821, 0.0, -0.96291, 3.415782, 0.0, 1.0, 0.0, 0.711128, 0.0, 0.0, 0.0, 1.0],
                [0.961626, 0.0, -0.274362, 0.118982, -0.274362, 0.0, -0.961626, 3.416472, 0.0, 1.0, 0.0, 0.712068, 0.0, 0.0, 0.0, 1.0],
                [0.960357, 0.0, -0.278772, 0.118982, -0.278772, 0.0, -0.960357, 3.417136, 0.0, 1.0, 0.0, 0.712984, 0.0, 0.0, 0.0, 1.0],
                [0.959105, 0.0, -0.283051, 0.118982, -0.283051, 0.0, -0.959105, 3.417777, 0.0, 1.0, 0.0, 0.713874, 0.0, 0.0, 0.0, 1.0],
                [0.957872, 0.0, -0.287196, 0.118982, -0.287196, 0.0, -0.957872, 3.418392, 0.0, 1.0, 0.0, 0.714738, 0.0, 0.0, 0.0, 1.0],
                [0.95666, 0.0, -0.291206, 0.118982, -0.291206, 0.0, -0.95666, 3.418984, 0.0, 1.0, 0.0, 0.715576, 0.0, 0.0, 0.0, 1.0],
                [0.955473, 0.0, -0.295079, 0.118982, -0.295079, 0.0, -0.955473, 3.419551, 0.0, 1.0, 0.0, 0.716387, 0.0, 0.0, 0.0, 1.0],
                [0.954311, 0.0, -0.298814, 0.118982, -0.298814, 0.0, -0.954311, 3.420093, 0.0, 1.0, 0.0, 0.71717, 0.0, 0.0, 0.0, 1.0],
                [0.953178, 0.0, -0.302409, 0.118982, -0.302409, 0.0, -0.953178, 3.420612, 0.0, 1.0, 0.0, 0.717925, 0.0, 0.0, 0.0, 1.0],
                [0.952076, 0.0, -0.305863, 0.118982, -0.305863, 0.0, -0.952076, 3.421106, 0.0, 1.0, 0.0, 0.718653, 0.0, 0.0, 0.0, 1.0],
                [0.951006, 0.0, -0.309173, 0.118982, -0.309173, 0.0, -0.951006, 3.421577, 0.0, 1.0, 0.0, 0.719351, 0.0, 0.0, 0.0, 1.0],
                [0.949971, 0.0, -0.312339, 0.118982, -0.312339, 0.0, -0.949971, 3.422023, 0.0, 1.0, 0.0, 0.72002, 0.0, 0.0, 0.0, 1.0],
                [0.948973, 0.0, -0.315358, 0.118982, -0.315358, 0.0, -0.948973, 3.422446, 0.0, 1.0, 0.0, 0.720659, 0.0, 0.0, 0.0, 1.0],
                [0.948014, 0.0, -0.318229, 0.118982, -0.318229, 0.0, -0.948014, 3.422845, 0.0, 1.0, 0.0, 0.721268, 0.0, 0.0, 0.0, 1.0],
                [0.947096, 0.0, -0.320951, 0.118982, -0.320951, 0.0, -0.947096, 3.423221, 0.0, 1.0, 0.0, 0.721846, 0.0, 0.0, 0.0, 1.0],
                [0.946221, 0.0, -0.323522, 0.118982, -0.323522, 0.0, -0.946221, 3.423573, 0.0, 1.0, 0.0, 0.722393, 0.0, 0.0, 0.0, 1.0],
                [0.945391, 0.0, -0.32594, 0.118982, -0.32594, 0.0, -0.945391, 3.423901, 0.0, 1.0, 0.0, 0.722908, 0.0, 0.0, 0.0, 1.0],
                [0.944607, 0.0, -0.328203, 0.118982, -0.328203, 0.0, -0.944607, 3.424207, 0.0, 1.0, 0.0, 0.72339, 0.0, 0.0, 0.0, 1.0],
                [0.943873, 0.0, -0.33031, 0.118982, -0.33031, 0.0, -0.943873, 3.424489, 0.0, 1.0, 0.0, 0.72384, 0.0, 0.0, 0.0, 1.0],
                [0.943188, 0.0, -0.332259, 0.118982, -0.332259, 0.0, -0.943188, 3.424748, 0.0, 1.0, 0.0, 0.724257, 0.0, 0.0, 0.0, 1.0],
                [0.942556, 0.0, -0.334049, 0.118982, -0.334049, 0.0, -0.942556, 3.424984, 0.0, 1.0, 0.0, 0.72464, 0.0, 0.0, 0.0, 1.0],
                [0.941977, 0.0, -0.335677, 0.118982, -0.335677, 0.0, -0.941977, 3.425197, 0.0, 1.0, 0.0, 0.724989, 0.0, 0.0, 0.0, 1.0],
                [0.941454, 0.0, -0.337142, 0.118982, -0.337142, 0.0, -0.941454, 3.425387, 0.0, 1.0, 0.0, 0.725304, 0.0, 0.0, 0.0, 1.0],
                [0.940987, 0.0, -0.338442, 0.118982, -0.338442, 0.0, -0.940987, 3.425555, 0.0, 1.0, 0.0, 0.725583, 0.0, 0.0, 0.0, 1.0],
                [0.940579, 0.0, -0.339576, 0.118982, -0.339576, 0.0, -0.940579, 3.4257, 0.0, 1.0, 0.0, 0.725826, 0.0, 0.0, 0.0, 1.0],
                [0.94023, 0.0, -0.34054, 0.118982, -0.34054, 0.0, -0.94023, 3.425822, 0.0, 1.0, 0.0, 0.726033, 0.0, 0.0, 0.0, 1.0],
                [0.939942, 0.0, -0.341334, 0.118982, -0.341334, 0.0, -0.939942, 3.425921, 0.0, 1.0, 0.0, 0.726204, 0.0, 0.0, 0.0, 1.0],
                [0.939716, 0.0, -0.341955, 0.118982, -0.341955, 0.0, -0.939716, 3.425999, 0.0, 1.0, 0.0, 0.726338, 0.0, 0.0, 0.0, 1.0],
                [0.939554, 0.0, -0.342401, 0.118982, -0.342401, 0.0, -0.939554, 3.426054, 0.0, 1.0, 0.0, 0.726434, 0.0, 0.0, 0.0, 1.0],
                [0.939456, 0.0, -0.34267, 0.118982, -0.34267, 0.0, -0.939456, 3.426087, 0.0, 1.0, 0.0, 0.726492, 0.0, 0.0, 0.0, 1.0],
                [0.939423, 0.0, -0.342761, 0.118982, -0.342761, 0.0, -0.939423, 3.426098, 0.0, 1.0, 0.0, 0.726511, 0.0, 0.0, 0.0, 1.0]
            ]
        },
        {
            "name": "Thigh_R",
            "time": [0.0, 0.0167, 0.0333, 0.05, 0.0667, 0.0833, 0.1, 0.1167, 0.1333, 0.15, 0.1667, 0.1833, 0.2, 0.2167, 0.2333, 0.25, 0.2667, 0.2833, 0.3, 0.3167, 0.3333, 0.35, 0.3667, 0.3833, 0.4, 0.4167, 0.4333, 0.45, 0.4667, 0.4833, 0.5, 0.5167, 0.5333, 0.55, 0.5667, 0.5833, 0.6, 0.6167, 0.6333, 0.65, 0.6667, 0.6833, 0.7, 0.7167, 0.7333, 0.75, 0.7667, 0.7833, 0.8, 0.8167, 0.8333, 0.85, 0.8667, 0.8833, 0.9, 0.9167, 0.9333, 0.95, 0.9667, 0.9833, 1.0, 1.0167, 1.0333, 1.05, 1.0667, 1.0833, 1.1, 1.1167, 1.1333, 1.15, 1.1667, 1.1833, 1.2, 1.2167, 1.2333, 1.25, 1.2667, 1.2833, 1.3, 1.3167, 1.3333, 1.35, 1.3667, 1.3833, 1.4, 1.4167, 1.4333, 1.45, 1.4667, 1.4833, 1.5, 1.5167, 1.5333, 1.55, 1.5667, 1.5833, 1.6, 1.6167, 1.6333, 1.65, 1.6667, 1.6833, 1.7, 1.7167, 1.7333, 1.75, 1.7667, 1.7833, 1.8, 1.8167, 1.8333, 1.85, 1.8667, 1.8833, 1.9, 1.9167, 1.9333, 1.95, 1.9667, 1.9833, 2.0, 2.0167, 2.0333, 2.05, 2.0667, 2.0833, 2.1, 2.1167, 2.1333, 2.15, 2.1667, 2.1833, 2.2, 2.2167, 2.2333, 2.25, 2.2667, 2.2833, 2.3, 2.3167, 2.3333, 2.35, 2.3667, 2.3833, 2.4, 2.4167, 2.4333, 2.45, 2.4667, 2.4833, 2.5, 2.5167, 2.5333, 2.55, 2.5667, 2.5833, 2.6, 2.6167, 2.6333, 2.65, 2.6667, 2.6833, 2.7, 2.7167, 2.7333, 2.75, 2.7667, 2.7833, 2.8, 2.8167, 2.8333, 2.85, 2.8667, 2.8833, 2.9, 2.9167, 2.9333, 2.95, 2.9667, 2.9833, 3.0, 3.0167, 3.0333, 3.05, 3.0667, 3.0833, 3.1, 3.1167, 3.1333, 3.15, 3.1667, 3.1833, 3.2, 3.2167, 3.2333, 3.25, 3.2667, 3.2833, 3.3, 3.3167, 3.3333, 3.35, 3.3667, 3.3833, 3.4, 3.4167, 3.4333, 3.45, 3.4667, 3.4833, 3.5, 3.5167, 3.5333, 3.55, 3.5667, 3.5833, 3.6, 3.6167, 3.6333, 3.65, 3.6667, 3.6833],
            "transform": [
                [0.718529, -0.030535, 0.694827, 0.124994, -0.689679, -0.160226, 0.706166, -0.002831, 0.089767, -0.986606, -0.136187, -1.2e-05, 0.0, 0.0, 0.0, 1.0],
                [0.727203, -0.020305, 0.686122, 0.124994, -0.677902, -0.178245, 0.713216, -0.002831, 0.107817, -0.983774, -0.143386, -1.2e-05, 0.0, 0.0, 0.0, 1.0],
                [0.749437, 0.008583, 0.66202, 0.124994, -0.643197, -0.227635, 0.731081, -0.002831, 0.156974, -0.973706, -0.165078, -1.2e-05, 0.0, 0.0, 0.0, 1.0],
                [0.778292, 0.054278, 0.625552, 0.124994, -0.584707, -0.300471, 0.753548, -0.002831, 0.228862, -0.952243, -0.202118, -1.2e-05, 0.0, 0.0, 0.0, 1.0],
                [0.806122, 0.11434, 0.580598, 0.124994, -0.50203, -0.387256, 0.773303, -0.002831, 0.31326, -0.914852, -0.254775, -1.2e-05, 0.0, 0.0, 0.0, 1.0],
                [0.826238, 0.184129, 0.532378, 0.124994, -0.398273, -0.477415, 0.783232, -0.002831, 0.398381, -0.859167, -0.321126, -1.2e-05, 0.0, 0.0, 0.0, 1.0],
                [0.834946, 0.256373, 0.486968, 0.124994, -0.2816, -0.561216, 0.778291, -0.002831, 0.472828, -0.786959, -0.396391, -1.2e-05, 0.0, 0.0, 0.0, 1.0],
                [0.832904, 0.32215, 0.449988, 0.124994, -0.164417, -0.632349, 0.757034, -0.002831, 0.528429, -0.70452, -0.473721, -1.2e-05, 0.0, 0.0, 0.0, 1.0],
                [0.824805, 0.37262, 0.425264, 0.124994, -0.06065, -0.689478, 0.721762, -0.002831, 0.562154, -0.621104, -0.546087, -1.2e-05, 0.0, 0.0, 0.0, 1.0],
                [0.817408, 0.40023, 0.414317, 0.124994, 0.016973, -0.735646, 0.677152, -0.002831, 0.575808, -0.546476, -0.608118, -1.2e-05, 0.0, 0.0, 0.0, 1.0],
                [0.816936, 0.398549, 0.416861, 0.124994, 0.057929, -0.775852, 0.628248, -0.002831, 0.573811, -0.489089, -0.656911, -1.2e-05, 0.0, 0.0, 0.0, 1.0],
                [0.831681, 0.372432, 0.411825, 0.124994, 0.074435, -0.809774, 0.581999, -0.002831, 0.550241, -0.453383, -0.701198, -1.2e-05, 0.0, 0.0, 0.0, 1.0],
                [0.861988, 0.333748, 0.38156, 0.124994, 0.084414, -0.836681, 0.541143, -0.002831, 0.49985, -0.434248, -0.749385, -1.2e-05, 0.0, 0.0, 0.0, 1.0],
                [0.899778, 0.285496, 0.329985, 0.124994, 0.087898, -0.859331, 0.503807, -0.002831, 0.427402, -0.424308, -0.798304, -1.2e-05, 0.0, 0.0, 0.0, 1.0],
                [0.937246, 0.230444, 0.261658, 0.124994, 0.085496, -0.87943, 0.468284, -0.002831, 0.338023, -0.416526, -0.843947, -1.2e-05, 0.0, 0.0, 0.0, 1.0],
                [0.968028, 0.172147, 0.182443, 0.124994, 0.078135, -0.898082, 0.432828, -0.002831, 0.23836, -0.404734, -0.882822, -1.2e-05, 0.0, 0.0, 0.0, 1.0],
                [0.988346, 0.11518, 0.099522, 0.124994, 0.06694, -0.916059, 0.395412, -0.002831, 0.136712, -0.384141, -0.913096, -1.2e-05, 0.0, 0.0, 0.0, 1.0],
                [0.997685, 0.064728, 0.020842, 0.124994, 0.053206, -0.933912, 0.353517, -0.002831, 0.042347, -0.351589, -0.935196, -1.2e-05, 0.0, 0.0, 0.0, 1.0],
                [0.998627, 0.025845, -0.045547, 0.124994, 0.0385, -0.951902, 0.303967, -0.002831, -0.0355, -0.305303, -0.951594, -1.2e-05, 0.0, 0.0, 0.0, 1.0],
                [0.995779, 0.002703, -0.091739, 0.124994, 0.025005, -0.969742, 0.242839, -0.002831, -0.088307, -0.244107, -0.965719, -1.2e-05, 0.0, 0.0, 0.0, 1.0],
                [0.993985, -0.002037, -0.10949, 0.124994, 0.016216, -0.986066, 0.16555, -0.002831, -0.108302, -0.166329, -0.980105, -1.2e-05, 0.0, 0.0, 0.0, 1.0],
                [0.994076, 0.044595, -0.099115, 0.124994, 0.051487, -0.996347, 0.068103, -0.002831, -0.095716, -0.072802, -0.992743, -1.2e-05, 0.0, 0.0, 0.0, 1.0],
                [0.985748, 0.156199, -0.062471, 0.124994, 0.153737, -0.987196, -0.042485, -0.002831, -0.068307, 0.032275, -0.997142, -1.2e-05, 0.0, 0.0, 0.0, 1.0],
                [0.953613, 0.301023, 0.002362, 0.124994, 0.297977, -0.942785, -0.149543, -0.002831, -0.042789, 0.14331, -0.988753, -1.2e-05, 0.0, 0.0, 0.0, 1.0],
                [0.892088, 0.443557, 0.086232, 0.124994, 0.450865, -0.861087, -0.235046, -0.002831, -0.030004, 0.248561, -0.968152, -1.2e-05, 0.0, 0.0, 0.0, 1.0],
                [0.814201, 0.555151, 0.169944, 0.124994, 0.579747, -0.761732, -0.28923, -0.002831, -0.031115, 0.334016, -0.942054, -1.2e-05, 0.0, 0.0, 0.0, 1.0],
                [0.746771, 0.62319, 0.232303, 0.124994, 0.663953, -0.678219, -0.314935, -0.002831, -0.038712, 0.389422, -0.920245, -1.2e-05, 0.0, 0.0, 0.0, 1.0],
                [0.718713, 0.646369, 0.256237, 0.124994, 0.693981, -0.644107, -0.321735, -0.002831, -0.042916, 0.409058, -0.911498, -1.2e-05, 0.0, 0.0, 0.0, 1.0],
                [0.728695, 0.638303, 0.248137, 0.124994, 0.683762, -0.657808, -0.315842, -0.002831, -0.038376, 0.399818, -0.91579, -1.2e-05, 0.0, 0.0, 0.0, 1.0],
                [0.75438, 0.616015, 0.226789, 0.124994, 0.655891, -0.693257, -0.298661, -0.002831, -0.026757, 0.374053, -0.927021, -1.2e-05, 0.0, 0.0, 0.0, 1.0],
                [0.789036, 0.581926, 0.196931, 0.124994, 0.614239, -0.741273, -0.270597, -0.002831, -0.011488, 0.334474, -0.942335, -1.2e-05, 0.0, 0.0, 0.0, 1.0],
                [0.826117, 0.53927, 0.163452, 0.124994, 0.563483, -0.792708, -0.232589, -0.002831, 0.004141, 0.284248, -0.958742, -1.2e-05, 0.0, 0.0, 0.0, 1.0],
                [0.860069, 0.493097, 0.130898, 0.124994, 0.509867, -0.83971, -0.186868, -0.002831, 0.017772, 0.22746, -0.973625, -1.2e-05, 0.0, 0.0, 0.0, 1.0],
                [0.886912, 0.450329, 0.102904, 0.124994, 0.461056, -0.876725, -0.137027, -0.002831, 0.028511, 0.168976, -0.985208, -1.2e-05, 0.0, 0.0, 0.0, 1.0],
                [0.904238, 0.419112, 0.08184, 0.124994, 0.425419, -0.900752, -0.087524, -0.002831, 0.037035, 0.113959, -0.992795, -1.2e-05, 0.0, 0.0, 0.0, 1.0],
                [0.910388, 0.407975, 0.068909, 0.124994, 0.411277, -0.910495, -0.042966, -0.002831, 0.045212, 0.067457, -0.996697, -1.2e-05, 0.0, 0.0, 0.0, 1.0],
                [0.909772, 0.410532, 0.061465, 0.124994, 0.411718, -0.911279, -0.007458, -0.002831, 0.05295, 0.032092, -0.998082, -1.2e-05, 0.0, 0.0, 0.0, 1.0],
                [0.90824, 0.414689, 0.055955, 0.124994, 0.41426, -0.909945, 0.019634, -0.002831, 0.059058, 0.005348, -0.998241, -1.2e-05, 0.0, 0.0, 0.0, 1.0],
                [0.90597, 0.420173, 0.051679, 0.124994, 0.418446, -0.907306, 0.041166, -0.002831, 0.064186, -0.01567, -0.997815, -1.2e-05, 0.0, 0.0, 0.0, 1.0],
                [0.903154, 0.426628, 0.04795, 0.124994, 0.423742, -0.903789, 0.060043, -0.002831, 0.068953, -0.033909, -0.997044, -1.2e-05, 0.0, 0.0, 0.0, 1.0],
                [0.900003, 0.433648, 0.044067, 0.124994, 0.429559, -0.899559, 0.079175, -0.002831, 0.073975, -0.052328, -0.995887, -1.2e-05, 0.0, 0.0, 0.0, 1.0],
                [0.896751, 0.440786, 0.039303, 0.124994, 0.435266, -0.894565, 0.101457, -0.002831, 0.07988, -0.073874, -0.994063, -1.2e-05, 0.0, 0.0, 0.0, 1.0],
