{
    "animation": [
        {
            "name": "Root",
            "time": [0.0, 0.0167, 0.0333, 0.05, 0.0667, 0.0833, 0.1, 0.1167, 0.1333, 0.15, 0.1667, 0.1833, 0.2, 0.2167, 0.2333, 0.25, 0.2667, 0.2833, 0.3, 0.3167, 0.3333, 0.35, 0.3667, 0.3833, 0.4, 0.4167, 0.4333, 0.45, 0.4667, 0.4833, 0.5, 0.5167, 0.5333, 0.55, 0.5667, 0.5833, 0.6, 0.6167, 0.6333, 0.65, 0.6667, 0.6833, 0.7, 0.7167, 0.7333, 0.75, 0.7667, 0.7833, 0.8, 0.8167, 0.8333, 0.85, 0.8667, 0.8833, 0.9, 0.9167, 0.9333, 0.95, 0.9667, 0.9833, 1.0, 1.0167, 1.0333, 1.05, 1.0667, 1.0833, 1.1, 1.1167, 1.1333, 1.15, 1.1667, 1.1833, 1.2, 1.2167, 1.2333, 1.25, 1.2667, 1.2833, 1.3, 1.3167, 1.3333, 1.35, 1.3667, 1.3833, 1.4, 1.4167, 1.4333, 1.45, 1.4667, 1.4833, 1.5, 1.5167, 1.5333, 1.55, 1.5667, 1.5833, 1.6, 1.6167, 1.6333, 1.65, 1.6667, 1.6833, 1.7, 1.7167, 1.7333, 1.75, 1.7667, 1.7833, 1.8, 1.8167, 1.8333, 1.85, 1.8667, 1.8833, 1.9, 1.9167, 1.9333, 1.95, 1.9667, 1.9833, 2.0, 2.0167, 2.0333, 2.05, 2.0667, 2.0833, 2.1, 2.1167, 2.1333, 2.15, 2.1667, 2.1833, 2.2, 2.2167, 2.2333, 2.25, 2.2667, 2.2833, 2.3, 2.3167, 2.3333, 2.35, 2.3667, 2.3833, 2.4, 2.4167, 2.4333, 2.45, 2.4667],
            "transform": [
                [0.616398, 0.0, 0.787435, -5e-06, 0.787435, 0.0, -0.616398, 0.000946, 0.0, 1.0, 0.0, 0.752042, 0.0, 0.0, 0.0, 1.0],
                [0.618568, 0.0, 0.785731, -5e-06, 0.785731, 0.0, -0.618568, 0.001006, 0.0, 1.0, 0.0, 0.749679, 0.0, 0.0, 0.0, 1.0],
                [0.624835, 0.0, 0.780757, -5e-06, 0.780757, 0.0, -0.624835, 0.001253, 0.0, 1.0, 0.0, 0.742916, 0.0, 0.0, 0.0, 1.0],
                [0.634808, 0.0, 0.77267, -5e-06, 0.77267, 0.0, -0.634808, 0.001789, 0.0, 1.0, 0.0, 0.732242, 0.0, 0.0, 0.0, 1.0],
                [0.648068, 0.0, 0.761582, -5e-06, 0.761582, 0.0, -0.648068, 0.002717, 0.0, 1.0, 0.0, 0.718145, 0.0, 0.0, 0.0, 1.0],
                [0.664166, 0.0, 0.747585, -5e-06, 0.747585, 0.0, -0.664166, 0.004138, 0.0, 1.0, 0.0, 0.701115, 0.0, 0.0, 0.0, 1.0],
                [0.682633, 0.0, 0.730762, -5e-06, 0.730762, 0.0, -0.682633, 0.006156, 0.0, 1.0, 0.0, 0.68164, 0.0, 0.0, 0.0, 1.0],
                [0.702987, 0.0, 0.711202, -5e-06, 0.711202, 0.0, -0.702987, 0.008871, 0.0, 1.0, 0.0, 0.66021, 0.0, 0.0, 0.0, 1.0],
                [0.724738, 0.0, 0.689024, -5e-06, 0.689024, 0.0, -0.724738, 0.012387, 0.0, 1.0, 0.0, 0.637313, 0.0, 0.0, 0.0, 1.0],
                [0.747397, 0.0, 0.664378, -5e-06, 0.664378, 0.0, -0.747397, 0.016805, 0.0, 1.0, 0.0, 0.613438, 0.0, 0.0, 0.0, 1.0],
                [0.770485, 0.0, 0.637458, -5e-06, 0.637458, 0.0, -0.770485, 0.022228, 0.0, 1.0, 0.0, 0.589075, 0.0, 0.0, 0.0, 1.0],
                [0.793546, 0.0, 0.608511, -5e-06, 0.608511, 0.0, -0.793546, 0.028758, 0.0, 1.0, 0.0, 0.564711, 0.0, 0.0, 0.0, 1.0],
                [0.816154, 0.0, 0.577834, -5e-06, 0.577834, 0.0, -0.816154, 0.036496, 0.0, 1.0, 0.0, 0.540836, 0.0, 0.0, 0.0, 1.0],
                [0.837929, 0.0, 0.545779, -5e-06, 0.545779, 0.0, -0.837929, 0.045546, 0.0, 1.0, 0.0, 0.517939, 0.0, 0.0, 0.0, 1.0],
                [0.858544, 0.0, 0.51274, -5e-06, 0.51274, 0.0, -0.858544, 0.056009, 0.0, 1.0, 0.0, 0.496509, 0.0, 0.0, 0.0, 1.0],
                [0.877729, 0.0, 0.479158, -5e-06, 0.479158, 0.0, -0.877729, 0.067987, 0.0, 1.0, 0.0, 0.477034, 0.0, 0.0, 0.0, 1.0],
                [0.895282, 0.0, 0.4455, -5e-06, 0.4455, 0.0, -0.895282, 0.081583, 0.0, 1.0, 0.0, 0.460004, 0.0, 0.0, 0.0, 1.0],
                [0.911067, 0.0, 0.412258, -5e-06, 0.412258, 0.0, -0.911067, 0.096899, 0.0, 1.0, 0.0, 0.445908, 0.0, 0.0, 0.0, 1.0],
                [0.925013, 0.0, 0.379934, -5e-06, 0.379934, 0.0, -0.925013, 0.114036, 0.0, 1.0, 0.0, 0.435233, 0.0, 0.0, 0.0, 1.0],
                [0.937111, 0.0, 0.349032, -5e-06, 0.349032, 0.0, -0.937111, 0.133098, 0.0, 1.0, 0.0, 0.42847, 0.0, 0.0, 0.0, 1.0],
                [0.947401, 0.0, 0.32005, -5e-06, 0.32005, 0.0, -0.947401, 0.154186, 0.0, 1.0, 0.0, 0.426107, 0.0, 0.0, 0.0, 1.0],
                [0.95646, 0.004466, 0.29183, -5e-06, 0.291832, 8e-05, -0.95647, 0.177537, -0.004295, 0.99999, -0.001227, 0.451155, 0.0, 0.0, 0.0, 1.0],
                [0.96643, 0.015132, 0.256484, -5e-06, 0.256516, -0.000231, -0.96654, 0.203924, -0.014566, 0.999885, -0.004105, 0.511613, 0.0, 0.0, 0.0, 1.0],
                [0.978565, 0.027903, 0.204039, -5e-06, 0.204166, -0.001776, -0.978935, 0.234256, -0.026953, 0.999609, -0.007435, 0.585458, 0.0, 0.0, 0.0, 1.0],
                [0.991542, 0.038585, 0.123922, -5e-06, 0.124217, -0.005335, -0.992241, 0.269441, -0.037624, 0.999241, -0.010082, 0.650662, 0.0, 0.0, 0.0, 1.0],
                [0.999074, 0.042692, 0.005333, -5e-06, 0.005814, -0.011152, -0.999921, 0.310387, -0.042629, 0.999026, -0.01139, 0.6852, 0.0, 0.0, 0.0, 1.0],
                [0.986461, 0.040972, -0.158794, -0.002099, -0.15815, -0.018537, -0.987241, 0.357773, -0.043393, 0.998988, -0.011807, 0.696017, 0.0, 0.0, 0.0, 1.0],
                [0.931113, 0.036791, -0.362871, -0.007842, -0.362062, -0.026896, -0.931766, 0.411365, -0.04404, 0.998961, -0.011722, 0.704873, 0.0, 0.0, 0.0, 1.0],
                [0.808143, 0.029362, -0.588254, -0.016422, -0.587306, -0.035225, -0.808598, 0.470698, -0.044463, 0.998948, -0.011222, 0.711964, 0.0, 0.0, 0.0, 1.0],
                [0.600223, 0.018388, -0.799621, -0.02703, -0.798592, -0.041884, -0.600413, 0.535308, -0.044532, 0.998953, -0.010455, 0.717487, 0.0, 0.0, 0.0, 1.0],
                [0.312745, 0.004651, -0.949826, -0.038853, -0.948809, -0.044982, -0.31263, 0.604733, -0.044179, 0.998977, -0.009655, 0.721638, 0.0, 0.0, 0.0, 1.0],
                [-0.01818, -0.009886, -0.999786, -0.051082, -0.998889, -0.043305, 0.018592, 0.678507, -0.043479, 0.999013, -0.009088, 0.724612, 0.0, 0.0, 0.0, 1.0],
                [-0.338923, -0.022879, -0.940536, -0.062906, -0.939847, -0.037093, 0.339577, 0.756167, -0.042657, 0.99905, -0.008931, 0.726605, 0.0, 0.0, 0.0, 1.0],
                [-0.605109, -0.032754, -0.795469, -0.073513, -0.795035, -0.027827, 0.605924, 0.83725, -0.041982, 0.999076, -0.009203, 0.727814, 0.0, 0.0, 0.0, 1.0],
                [-0.797643, -0.039167, -0.601857, -0.082094, -0.601689, -0.017264, 0.798544, 0.921291, -0.041667, 0.999084, -0.009796, 0.728435, 0.0, 0.0, 0.0, 1.0],
                [-0.919196, -0.042644, -0.391483, -0.087837, -0.391569, -0.006669, 0.920124, 1.007826, -0.041848, 0.999068, -0.010568, 0.728664, 0.0, 0.0, 0.0, 1.0],
                [-0.982172, -0.043994, -0.182762, -0.089931, -0.183085, 0.003396, 0.983091, 1.096392, -0.042629, 0.999026, -0.01139, 0.728697, 0.0, 0.0, 0.0, 1.0],
                [-0.998874, -0.043385, 0.019233, -0.089931, 0.018692, 0.012829, 0.999743, 1.186404, -0.04362, 0.998976, -0.012003, 0.71979, 0.0, 0.0, 0.0, 1.0],
                [-0.976619, -0.040739, 0.211082, -0.089931, 0.210357, 0.021369, 0.977391, 1.276796, -0.044329, 0.998941, -0.0123, 0.695614, 0.0, 0.0, 0.0, 1.0],
                [-0.921036, -0.03645, 0.387768, -0.089931, 0.386898, 0.028758, 0.921674, 1.36638, -0.044746, 0.998922, -0.012384, 0.659988, 0.0, 0.0, 0.0, 1.0],
                [-0.837729, -0.03091, 0.54521, -0.089931, 0.544237, 0.034813, 0.838208, 1.453969, -0.044889, 0.998916, -0.012341, 0.616726, 0.0, 0.0, 0.0, 1.0],
                [-0.73271, -0.024528, 0.680099, -0.089931, 0.679065, 0.039428, 0.733018, 1.538375, -0.044794, 0.998921, -0.012233, 0.569648, 0.0, 0.0, 0.0, 1.0],
                [-0.61268, -0.017726, 0.790132, -0.089931, 0.789076, 0.042582, 0.612817, 1.618411, -0.044508, 0.998936, -0.012102, 0.522569, 0.0, 0.0, 0.0, 1.0],
                [-0.485013, -0.010932, 0.874439, -0.089931, 0.873395, 0.044356, 0.484988, 1.692891, -0.044089, 0.998956, -0.011965, 0.479308, 0.0, 0.0, 0.0, 1.0],
                [-0.357357, -0.004546, 0.933957, -0.089931, 0.93295, 0.044942, 0.357191, 1.760625, -0.043597, 0.998979, -0.011819, 0.443681, 0.0, 0.0, 0.0, 1.0],
                [-0.237012, 0.001097, 0.971506, -0.089931, 0.970551, 0.044624, 0.236729, 1.820428, -0.043093, 0.999003, -0.011641, 0.419506, 0.0, 0.0, 0.0, 1.0],
                [-0.130254, 0.005746, 0.991464, -0.089931, 0.990564, 0.043749, 0.129882, 1.871111, -0.042629, 0.999026, -0.01139, 0.410599, 0.0, 0.0, 0.0, 1.0],
                [-0.040696, 0.009322, 0.999128, -0.086847, 0.998278, 0.042657, 0.040263, 1.914704, -0.042244, 0.999046, -0.011042, 0.421468, 0.0, 0.0, 0.0, 1.0],
                [0.034585, 0.012097, 0.999329, -0.078582, 0.998521, 0.041543, -0.03506, 1.963367, -0.04194, 0.999063, -0.010642, 0.449714, 0.0, 0.0, 0.0, 1.0],
                [0.101123, 0.014432, 0.994769, -0.066617, 0.993999, 0.040454, -0.101632, 2.021554, -0.04171, 0.999077, -0.010255, 0.488793, 0.0, 0.0, 0.0, 1.0],
                [0.164974, 0.01667, 0.986157, -0.052431, 0.985422, 0.039339, -0.165516, 2.090988, -0.041553, 0.999087, -0.009937, 0.532163, 0.0, 0.0, 0.0, 1.0],
                [0.232342, 0.01913, 0.972446, -0.037505, 0.971749, 0.038067, -0.232924, 2.173391, -0.041474, 0.999092, -0.009745, 0.573282, 0.0, 0.0, 0.0, 1.0],
                [0.30961, 0.022116, 0.950606, -0.023319, 0.949958, 0.036422, -0.310246, 2.270485, -0.041484, 0.999092, -0.009732, 0.606983, 0.0, 0.0, 0.0, 1.0],
                [0.403386, 0.025922, 0.914663, -0.011353, 0.914083, 0.034049, -0.404095, 2.383993, -0.041618, 0.999084, -0.00996, 0.633603, 0.0, 0.0, 0.0, 1.0],
                [0.519999, 0.0308, 0.853611, -0.003089, 0.853136, 0.030352, -0.520805, 2.515638, -0.04195, 0.999065, -0.010494, 0.654854, 0.0, 0.0, 0.0, 1.0],
                [0.662943, 0.036814, 0.747764, -5e-06, 0.747455, 0.024325, -0.663867, 2.667141, -0.042629, 0.999026, -0.01139, 0.672451, 0.0, 0.0, 0.0, 1.0],
                [0.825505, 0.0428, 0.562769, -5e-06, 0.562722, 0.014289, -0.826523, 2.838341, -0.043417, 0.998981, -0.012289, 0.687777, 0.0, 0.0, 0.0, 1.0],
                [0.959681, 0.045769, 0.27734, -5e-06, 0.277635, -8.6e-05, -0.960687, 3.021532, -0.043946, 0.998952, -0.012789, 0.700901, 0.0, 0.0, 0.0, 1.0],
                [0.995926, 0.043028, -0.079249, -5e-06, -0.078611, -0.016331, -0.996772, 3.207126, -0.044183, 0.99894, -0.012882, 0.711562, 0.0, 0.0, 0.0, 1.0],
                [0.903112, 0.034415, -0.428023, -5e-06, -0.427139, -0.030258, -0.903679, 3.385533, -0.044051, 0.998949, -0.012626, 0.7195, 0.0, 0.0, 0.0, 1.0],
                [0.719385, 0.022921, -0.694233, -5e-06, -0.693247, -0.038931, -0.719648, 3.547163, -0.043522, 0.998979, -0.012117, 0.724453, 0.0, 0.0, 0.0, 1.0],
                [0.514919, 0.012199, -0.857152, -5e-06, -0.856179, -0.042405, -0.514937, 3.682428, -0.042629, 0.999026, -0.01139, 0.726162, 0.0, 0.0, 0.0, 1.0],
                [0.333659, 0.003769, -0.942686, -5e-06, -0.941772, -0.042893, -0.333507, 3.788735, -0.041692, 0.999073, -0.010762, 0.726008, 0.0, 0.0, 0.0, 1.0],
                [0.181113, -0.002853, -0.983458, -5e-06, -0.982606, -0.042236, -0.180834, 3.871953, -0.041022, 0.999104, -0.010453, 0.725441, 0.0, 0.0, 0.0, 1.0],
                [0.05396, -0.008131, -0.99851, -5e-06, -0.997717, -0.041101, -0.053583, 3.935183, -0.040604, 0.999122, -0.010331, 0.724307, 0.0, 0.0, 0.0, 1.0],
                [-0.054045, -0.0125, -0.99846, -5e-06, -0.997721, -0.039786, 0.054503, 3.981528, -0.040406, 0.99913, -0.010322, 0.722453, 0.0, 0.0, 0.0, 1.0],
                [-0.149245, -0.016313, -0.988666, -5e-06, -0.987975, -0.038388, 0.149774, 4.01409, -0.040396, 0.99913, -0.010388, 0.719725, 0.0, 0.0, 0.0, 1.0],
                [-0.23733, -0.019849, -0.971226, -5e-06, -0.970582, -0.036892, 0.237927, 4.03597, -0.040553, 0.999122, -0.010509, 0.715967, 0.0, 0.0, 0.0, 1.0],
                [-0.32326, -0.023331, -0.946022, -5e-06, -0.945427, -0.035204, 0.323925, 4.05027, -0.040861, 0.999108, -0.010677, 0.711026, 0.0, 0.0, 0.0, 1.0],
                [-0.411258, -0.026933, -0.911121, -5e-06, -0.910583, -0.033163, 0.411995, 4.060093, -0.041312, 0.999087, -0.010886, 0.704748, 0.0, 0.0, 0.0, 1.0],
                [-0.504595, -0.030774, -0.862808, -5e-06, -0.862339, -0.030538, 0.50541, 4.068539, -0.041902, 0.99906, -0.011128, 0.696978, 0.0, 0.0, 0.0, 1.0],
                [-0.604958, -0.034884, -0.795493, -5e-06, -0.795116, -0.02702, 0.605856, 4.078712, -0.042629, 0.999026, -0.01139, 0.687563, 0.0, 0.0, 0.0, 1.0],
                [-0.710041, -0.038992, -0.70308, -5e-06, -0.702824, -0.022247, 0.711016, 4.093101, -0.043365, 0.998992, -0.011608, 0.676424, 0.0, 0.0, 0.0, 1.0],
                [-0.812365, -0.0426, -0.581591, -5e-06, -0.581488, -0.016052, 0.813397, 4.111753, -0.043986, 0.998963, -0.011731, 0.663791, 0.0, 0.0, 0.0, 1.0],
                [-0.902055, -0.045227, -0.429246, -5e-06, -0.429323, -0.00848, 0.903111, 4.134104, -0.044486, 0.998941, -0.011767, 0.649968, 0.0, 0.0, 0.0, 1.0],
                [-0.967551, -0.046363, -0.248385, -5e-06, -0.248662, 0.00021, 0.96859, 4.159592, -0.044854, 0.998925, -0.011732, 0.635262, 0.0, 0.0, 0.0, 1.0],
                [-0.997866, -0.045584, -0.04676, -5e-06, -0.04724, 0.009516, 0.998838, 4.187649, -0.045086, 0.998915, -0.011649, 0.619978, 0.0, 0.0, 0.0, 1.0],
                [-0.985739, -0.042705, 0.162774, -5e-06, 0.162104, 0.018737, 0.986596, 4.217713, -0.045182, 0.998912, -0.011547, 0.60442, 0.0, 0.0, 0.0, 1.0],
                [-0.93034, -0.037872, 0.364737, -5e-06, 0.363907, 0.027128, 0.93104, 4.249219, -0.045155, 0.998914, -0.011456, 0.588895, 0.0, 0.0, 0.0, 1.0],
                [-0.837897, -0.031552, 0.544916, -5e-06, 0.543969, 0.034086, 0.838413, 4.281602, -0.045027, 0.998921, -0.011398, 0.573708, 0.0, 0.0, 0.0, 1.0],
                [-0.719764, -0.024395, 0.69379, -5e-06, 0.69277, 0.039292, 0.720087, 4.314301, -0.044828, 0.99893, -0.011381, 0.559163, 0.0, 0.0, 0.0, 1.0],
                [-0.58905, -0.017066, 0.807916, -5e-06, 0.806866, 0.042734, 0.589187, 4.346748, -0.044581, 0.998941, -0.011402, 0.545568, 0.0, 0.0, 0.0, 1.0],
                [-0.457564, -0.010103, 0.889119, -5e-06, 0.888072, 0.044632, 0.457532, 4.378381, -0.044306, 0.998952, -0.01145, 0.533226, 0.0, 0.0, 0.0, 1.0],
                [-0.334163, -0.003869, 0.942507, -5e-06, 0.941487, 0.045327, 0.333987, 4.408636, -0.044013, 0.998965, -0.011505, 0.522443, 0.0, 0.0, 0.0, 1.0],
                [-0.224528, 0.001441, 0.974466, -5e-06, 0.973487, 0.045182, 0.224236, 4.436947, -0.043705, 0.998978, -0.011547, 0.513525, 0.0, 0.0, 0.0, 1.0],
                [-0.131799, 0.005745, 0.99126, -5e-06, 0.990327, 0.044521, 0.131417, 4.462751, -0.043377, 0.998992, -0.011557, 0.506776, 0.0, 0.0, 0.0, 1.0],
                [-0.057488, 0.009029, 0.998305, -5e-06, 0.997419, 0.043611, 0.057043, 4.485484, -0.043022, 0.999008, -0.011513, 0.502504, 0.0, 0.0, 0.0, 1.0],
                [-0.002378, 0.011299, 0.999933, -5e-06, 0.999088, 0.042653, 0.001894, 4.50458, -0.042629, 0.999026, -0.01139, 0.501011, 0.0, 0.0, 0.0, 1.0],
                [0.042645, 0.013004, 0.999006, -5e-06, 0.998199, 0.041684, -0.043153, 4.521392, -0.042203, 0.999046, -0.011203, 0.501221, 0.0, 0.0, 0.0, 1.0],
                [0.087094, 0.014593, 0.996093, -5e-06, 0.995324, 0.040638, -0.087623, 4.537654, -0.041758, 0.999067, -0.010986, 0.501841, 0.0, 0.0, 0.0, 1.0],
                [0.130879, 0.016066, 0.991268, -5e-06, 0.990538, 0.039525, -0.131423, 4.553373, -0.041291, 0.999089, -0.010741, 0.502857, 0.0, 0.0, 0.0, 1.0],
                [0.173914, 0.01742, 0.984607, -5e-06, 0.983915, 0.038352, -0.174471, 4.568559, -0.040801, 0.999112, -0.01047, 0.504255, 0.0, 0.0, 0.0, 1.0],
                [0.216122, 0.018657, 0.976188, -5e-06, 0.975535, 0.037129, -0.216687, 4.583222, -0.040287, 0.999136, -0.010177, 0.506022, 0.0, 0.0, 0.0, 1.0],
                [0.25743, 0.019777, 0.966095, -5e-06, 0.965479, 0.035861, -0.258, 4.59737, -0.039748, 0.999161, -0.009863, 0.508143, 0.0, 0.0, 0.0, 1.0],
                [0.297773, 0.02078, 0.95441, -5e-06, 0.953832, 0.034559, -0.298345, 4.611013, -0.039183, 0.999187, -0.00953, 0.510605, 0.0, 0.0, 0.0, 1.0],
                [0.337092, 0.021668, 0.941222, -5e-06, 0.94068, 0.033227, -0.337663, 4.62416, -0.038591, 0.999213, -0.009182, 0.513394, 0.0, 0.0, 0.0, 1.0],
                [0.375335, 0.022443, 0.926617, -5e-06, 0.926111, 0.031875, -0.375902, 4.63682, -0.037972, 0.99924, -0.008821, 0.516495, 0.0, 0.0, 0.0, 1.0],
                [0.412454, 0.023107, 0.910685, -5e-06, 0.910213, 0.030507, -0.413015, 4.649002, -0.037326, 0.999267, -0.008449, 0.519895, 0.0, 0.0, 0.0, 1.0],
                [0.44841, 0.023662, 0.893515, -5e-06, 0.893076, 0.029132, -0.448961, 4.660716, -0.036653, 0.999295, -0.008069, 0.52358, 0.0, 0.0, 0.0, 1.0],
                [0.483167, 0.024111, 0.875196, -5e-06, 0.87479, 0.027755, -0.483707, 4.671971, -0.035953, 0.999324, -0.007682, 0.527537, 0.0, 0.0, 0.0, 1.0],
                [0.516697, 0.024458, 0.855819, -5e-06, 0.855443, 0.026381, -0.517224, 4.682775, -0.035227, 0.999353, -0.007291, 0.53175, 0.0, 0.0, 0.0, 1.0],
                [0.548976, 0.024705, 0.835473, -5e-06, 0.835127, 0.025016, -0.549488, 4.693139, -0.034475, 0.999382, -0.006899, 0.536207, 0.0, 0.0, 0.0, 1.0],
                [0.579987, 0.024857, 0.814246, -5e-06, 0.813928, 0.023665, -0.580483, 4.70307, -0.033698, 0.999411, -0.006506, 0.540893, 0.0, 0.0, 0.0, 1.0],
                [0.609717, 0.024917, 0.792228, -5e-06, 0.791936, 0.022333, -0.610195, 4.71258, -0.032897, 0.99944, -0.006116, 0.545795, 0.0, 0.0, 0.0, 1.0],
                [0.638157, 0.02489, 0.769503, -5e-06, 0.769237, 0.021024, -0.638617, 4.721676, -0.032073, 0.999469, -0.00573, 0.550898, 0.0, 0.0, 0.0, 1.0],
                [0.665307, 0.02478, 0.746159, -5e-06, 0.745917, 0.019742, -0.665746, 4.730367, -0.031228, 0.999498, -0.005349, 0.556189, 0.0, 0.0, 0.0, 1.0],
                [0.691166, 0.02459, 0.722278, -5e-06, 0.722058, 0.01849, -0.691585, 4.738664, -0.030361, 0.999527, -0.004976, 0.561654, 0.0, 0.0, 0.0, 1.0],
                [0.715741, 0.024326, 0.697942, -5e-06, 0.697743, 0.017272, -0.71614, 4.746575, -0.029476, 0.999555, -0.004611, 0.567278, 0.0, 0.0, 0.0, 1.0],
                [0.739043, 0.023992, 0.673231, -5e-06, 0.673052, 0.016091, -0.73942, 4.754109, -0.028573, 0.999583, -0.004256, 0.573049, 0.0, 0.0, 0.0, 1.0],
                [0.761085, 0.023593, 0.648223, -5e-06, 0.648062, 0.014948, -0.761441, 4.761276, -0.027654, 0.99961, -0.003913, 0.578951, 0.0, 0.0, 0.0, 1.0],
                [0.781885, 0.023133, 0.622993, -5e-06, 0.62285, 0.013846, -0.782219, 4.768084, -0.026721, 0.999636, -0.003582, 0.584972, 0.0, 0.0, 0.0, 1.0],
                [0.801464, 0.022617, 0.597615, -5e-06, 0.597487, 0.012788, -0.801777, 4.774543, -0.025776, 0.999662, -0.003265, 0.591097, 0.0, 0.0, 0.0, 1.0],
                [0.819846, 0.02205, 0.572159, -5e-06, 0.572045, 0.011773, -0.820138, 4.780663, -0.02482, 0.999688, -0.002961, 0.597313, 0.0, 0.0, 0.0, 1.0],
                [0.837059, 0.021436, 0.546693, -5e-06, 0.546592, 0.010805, -0.837329, 4.786452, -0.023856, 0.999712, -0.002672, 0.603605, 0.0, 0.0, 0.0, 1.0],
                [0.853132, 0.020779, 0.521282, -5e-06, 0.521194, 0.009883, -0.853381, 4.791919, -0.022884, 0.999735, -0.002399, 0.609959, 0.0, 0.0, 0.0, 1.0],
                [0.868096, 0.020085, 0.495989, -5e-06, 0.495912, 0.009007, -0.868326, 4.797074, -0.021908, 0.999758, -0.002141, 0.616362, 0.0, 0.0, 0.0, 1.0],
                [0.881988, 0.019358, 0.470875, -5e-06, 0.470808, 0.00818, -0.882198, 4.801926, -0.020929, 0.999779, -0.001899, 0.6228, 0.0, 0.0, 0.0, 1.0],
                [0.894842, 0.018602, 0.445996, -5e-06, 0.445938, 0.0074, -0.895033, 4.806484, -0.01995, 0.9998, -0.001674, 0.629259, 0.0, 0.0, 0.0, 1.0],
                [0.906696, 0.017821, 0.421408, -5e-06, 0.421357, 0.006667, -0.90687, 4.810757, -0.018971, 0.999819, -0.001464, 0.635724, 0.0, 0.0, 0.0, 1.0],
                [0.917591, 0.017021, 0.397161, -5e-06, 0.397118, 0.005981, -0.917748, 4.814754, -0.017996, 0.999837, -0.001271, 0.642183, 0.0, 0.0, 0.0, 1.0],
                [0.927567, 0.016204, 0.373307, -5e-06, 0.37327, 0.005341, -0.927707, 4.818485, -0.017026, 0.999854, -0.001094, 0.648621, 0.0, 0.0, 0.0, 1.0],
                [0.936664, 0.015375, 0.34989, -5e-06, 0.349859, 0.004747, -0.93679, 4.821959, -0.016064, 0.999871, -0.000933, 0.655024, 0.0, 0.0, 0.0, 1.0],
                [0.944928, 0.014537, 0.326957, -5e-06, 0.32693, 0.004198, -0.945039, 4.825185, -0.015111, 0.999885, -0.000786, 0.661378, 0.0, 0.0, 0.0, 1.0],
                [0.952399, 0.013696, 0.304547, -5e-06, 0.304526, 0.003691, -0.952497, 4.828173, -0.014169, 0.999899, -0.000655, 0.66767, 0.0, 0.0, 0.0, 1.0],
                [0.959122, 0.012853, 0.282702, -5e-06, 0.282684, 0.003227, -0.959208, 4.83093, -0.013241, 0.999912, -0.000538, 0.673886, 0.0, 0.0, 0.0, 1.0],
                [0.96514, 0.012013, 0.261457, -5e-06, 0.261443, 0.002804, -0.965215, 4.833467, -0.012328, 0.999924, -0.000435, 0.680011, 0.0, 0.0, 0.0, 1.0],
                [0.970498, 0.011179, 0.240849, -5e-06, 0.240837, 0.002419, -0.970563, 4.835792, -0.011433, 0.999935, -0.000345, 0.686032, 0.0, 0.0, 0.0, 1.0],
                [0.975239, 0.010355, 0.22091, -5e-06, 0.2209, 0.002072, -0.975294, 4.837916, -0.010557, 0.999944, -0.000267, 0.691934, 0.0, 0.0, 0.0, 1.0],
                [0.979407, 0.009543, 0.20167, -5e-06, 0.201662, 0.001761, -0.979454, 4.839846, -0.009702, 0.999953, -0.0002, 0.697705, 0.0, 0.0, 0.0, 1.0],
                [0.983044, 0.008747, 0.18316, -5e-06, 0.183154, 0.001483, -0.983083, 4.841593, -0.008871, 0.999961, -0.000144, 0.703329, 0.0, 0.0, 0.0, 1.0],
                [0.986193, 0.00797, 0.165406, -5e-06, 0.165401, 0.001237, -0.986226, 4.843166, -0.008065, 0.999967, -9.9e-05, 0.708794, 0.0, 0.0, 0.0, 1.0],
                [0.988896, 0.007214, 0.148434, -5e-06, 0.148431, 0.001021, -0.988922, 4.844573, -0.007285, 0.999973, -6.2e-05, 0.714085, 0.0, 0.0, 0.0, 1.0],
                [0.991192, 0.006482, 0.13227, -5e-06, 0.132268, 0.000832, -0.991214, 4.845824, -0.006535, 0.999979, -3.3e-05, 0.719188, 0.0, 0.0, 0.0, 1.0],
                [0.993123, 0.005777, 0.116936, -5e-06, 0.116935, 0.00067, -0.993139, 4.846927, -0.005816, 0.999983, -1.1e-05, 0.72409, 0.0, 0.0, 0.0, 1.0],
                [0.994725, 0.005101, 0.102455, -5e-06, 0.102454, 0.000531, -0.994738, 4.847894, -0.005129, 0.999987, 5e-06, 0.728776, 0.0, 0.0, 0.0, 1.0],
                [0.996035, 0.004458, 0.088847, -5e-06, 0.088846, 0.000413, -0.996045, 4.848731, -0.004477, 0.99999, 1.6e-05, 0.733233, 0.0, 0.0, 0.0, 1.0],
                [0.99709, 0.003848, 0.076133, -5e-06, 0.076132, 0.000316, -0.997098, 4.849449, -0.003861, 0.999993, 2.2e-05, 0.737446, 0.0, 0.0, 0.0, 1.0],
                [0.997923, 0.003275, 0.064332, -5e-06, 0.064331, 0.000235, -0.997929, 4.850057, -0.003284, 0.999995, 2.4e-05, 0.741403, 0.0, 0.0, 0.0, 1.0],
                [0.998566, 0.002741, 0.053463, -5e-06, 0.053463, 0.000171, -0.99857, 4.850564, -0.002746, 0.999996, 2.4e-05, 0.745088, 0.0, 0.0, 0.0, 1.0],
                [0.999049, 0.002248, 0.043545, -5e-06, 0.043545, 0.00012, -0.999051, 4.850979, -0.002251, 0.999997, 2.2e-05, 0.748488, 0.0, 0.0, 0.0, 1.0],
                [0.9994, 0.001798, 0.034596, -5e-06, 0.034596, 8.1e-05, -0.999401, 4.851311, -0.001799, 0.999998, 1.9e-05, 0.751589, 0.0, 0.0, 0.0, 1.0],
                [0.999644, 0.001393, 0.026633, -5e-06, 0.026633, 5.2e-05, -0.999645, 4.851569, -0.001394, 0.999999, 1.5e-05, 0.754378, 0.0, 0.0, 0.0, 1.0],
                [0.999806, 0.001036, 0.019674, -5e-06, 0.019674, 3.1e-05, -0.999806, 4.851764, -0.001036, 0.999999, 1.1e-05, 0.75684, 0.0, 0.0, 0.0, 1.0],
                [0.999905, 0.000728, 0.013737, -5e-06, 0.013737, 1.7e-05, -0.999906, 4.851903, -0.000728, 1.0, 7e-06, 0.758961, 0.0, 0.0, 0.0, 1.0],
                [0.999961, 0.000471, 0.00884, -5e-06, 0.00884, 8e-06, -0.999961, 4.851996, -0.000471, 1.0, 4e-06, 0.760728, 0.0, 0.0, 0.0, 1.0],
                [0.999987, 0.000268, 0.004999, -5e-06, 0.004999, 3e-06, -0.999987, 4.852054, -0.000268, 1.0, 2e-06, 0.762126, 0.0, 0.0, 0.0, 1.0],
                [0.999997, 0.00012, 0.002234, -5e-06, 0.002234, 1e-06, -0.999997, 4.852082, -0.00012, 1.0, 1e-06, 0.763142, 0.0, 0.0, 0.0, 1.0],
                [1.0, 3e-05, 0.000562, -5e-06, 0.000562, 0.0, -1.0, 4.852093, -3e-05, 1.0, 0.0, 0.763762, 0.0, 0.0, 0.0, 1.0],
                [1.0, 0.0, 0.0, -5e-06, 0.0, 0.0, -1.0, 4.852095, 0.0, 1.0, 0.0, 0.763972, 0.0, 0.0, 0.0, 1.0]
            ]
        },
        {
            "name": "Thigh_R",
            "time": [0.0, 0.0167, 0.0333, 0.05, 0.0667, 0.0833, 0.1, 0.1167, 0.1333, 0.15, 0.1667, 0.1833, 0.2, 0.2167, 0.2333, 0.25, 0.2667, 0.2833, 0.3, 0.3167, 0.3333, 0.35, 0.3667, 0.3833, 0.4, 0.4167, 0.4333, 0.45, 0.4667, 0.4833, 0.5, 0.5167, 0.5333, 0.55, 0.5667, 0.5833, 0.6, 0.6167, 0.6333, 0.65, 0.6667, 0.6833, 0.7, 0.7167, 0.7333, 0.75, 0.7667, 0.7833, 0.8, 0.8167, 0.8333, 0.85, 0.8667, 0.8833, 0.9, 0.9167, 0.9333, 0.95, 0.9667, 0.9833, 1.0, 1.0167, 1.0333, 1.05, 1.0667, 1.0833, 1.1, 1.1167, 1.1333, 1.15, 1.1667, 1.1833, 1.2, 1.2167, 1.2333, 1.25, 1.2667, 1.2833, 1.3, 1.3167, 1.3333, 1.35, 1.3667, 1.3833, 1.4, 1.4167, 1.4333, 1.45, 1.4667, 1.4833, 1.5, 1.5167, 1.5333, 1.55, 1.5667, 1.5833, 1.6, 1.6167, 1.6333, 1.65, 1.6667, 1.6833, 1.7, 1.7167, 1.7333, 1.75, 1.7667, 1.7833, 1.8, 1.8167, 1.8333, 1.85, 1.8667, 1.8833, 1.9, 1.9167, 1.9333, 1.95, 1.9667, 1.9833, 2.0, 2.0167, 2.0333, 2.05, 2.0667, 2.0833, 2.1, 2.1167, 2.1333, 2.15, 2.1667, 2.1833, 2.2, 2.2167, 2.2333, 2.25, 2.2667, 2.2833, 2.3, 2.3167, 2.3333, 2.35, 2.3667, 2.3833, 2.4, 2.4167, 2.4333, 2.45, 2.4667],
            "transform": [
                [0.936923, 0.045908, -0.346508, 0.124994, 0.100987, -0.984612, 0.142608, -0.002831, -0.334629, -0.168605, -0.927144, -1.2e-05, 0.0, 0.0, 0.0, 1.0],
                [0.936979, 0.046978, -0.346211, 0.124994, 0.103275, -0.983877, 0.145998, -0.002831, -0.333771, -0.172551, -0.926727, -1.2e-05, 0.0, 0.0, 0.0, 1.0],
                [0.937161, 0.050057, -0.345285, 0.124994, 0.109803, -0.981679, 0.155707, -0.002831, -0.331166, -0.183835, -0.925491, -1.2e-05, 0.0, 0.0, 0.0, 1.0],
                [0.937469, 0.054966, -0.343699, 0.124994, 0.120047, -0.97792, 0.171046, -0.002831, -0.326709, -0.20161, -0.923371, -1.2e-05, 0.0, 0.0, 0.0, 1.0],
                [0.937887, 0.061539, -0.341439, 0.124994, 0.133455, -0.972411, 0.19132, -0.002831, -0.320245, -0.225002, -0.920227, -1.2e-05, 0.0, 0.0, 0.0, 1.0],
                [0.938386, 0.069622, -0.338501, 0.124994, 0.149443, -0.964927, 0.215819, -0.002831, -0.311604, -0.253108, -0.915882, -1.2e-05, 0.0, 0.0, 0.0, 1.0],
                [0.938936, 0.079062, -0.334884, 0.124994, 0.167398, -0.955263, 0.243817, -0.002831, -0.300626, -0.284986, -0.910169, -1.2e-05, 0.0, 0.0, 0.0, 1.0],
                [0.939505, 0.089711, -0.330577, 0.124994, 0.186681, -0.943271, 0.274565, -0.002831, -0.287193, -0.319667, -0.902958, -1.2e-05, 0.0, 0.0, 0.0, 1.0],
                [0.940066, 0.101421, -0.325559, 0.124994, 0.206641, -0.928902, 0.307305, -0.002831, -0.271245, -0.35616, -0.89419, -1.2e-05, 0.0, 0.0, 0.0, 1.0],
                [0.940602, 0.114039, -0.319786, 0.124994, 0.226627, -0.912233, 0.341274, -0.002831, -0.252801, -0.393474, -0.883895, -1.2e-05, 0.0, 0.0, 0.0, 1.0],
                [0.941104, 0.127414, -0.313192, 0.124994, 0.246005, -0.893482, 0.375723, -0.002831, -0.23196, -0.43064, -0.872206, -1.2e-05, 0.0, 0.0, 0.0, 1.0],
                [0.941577, 0.141389, -0.305681, 0.124994, 0.264179, -0.873018, 0.409934, -0.002831, -0.208905, -0.466737, -0.859369, -1.2e-05, 0.0, 0.0, 0.0, 1.0],
                [0.94204, 0.155811, -0.297125, 0.124994, 0.28061, -0.851352, 0.443232, -0.002831, -0.183898, -0.500917, -0.845732, -1.2e-05, 0.0, 0.0, 0.0, 1.0],
                [0.942521, 0.170521, -0.287359, 0.124994, 0.294826, -0.829124, 0.475004, -0.002831, -0.157259, -0.532421, -0.831743, -1.2e-05, 0.0, 0.0, 0.0, 1.0],
                [0.94306, 0.18536, -0.276184, 0.124994, 0.306439, -0.807076, 0.504699, -0.002831, -0.129351, -0.560594, -0.817925, -1.2e-05, 0.0, 0.0, 0.0, 1.0],
                [0.943702, 0.200162, -0.263363, 0.124994, 0.31514, -0.786029, 0.53183, -0.002831, -0.100559, -0.584884, -0.804859, -1.2e-05, 0.0, 0.0, 0.0, 1.0],
                [0.944496, 0.214746, -0.248617, 0.124994, 0.3207, -0.76685, 0.555959, -0.002831, -0.071262, -0.604831, -0.793158, -1.2e-05, 0.0, 0.0, 0.0, 1.0],
                [0.945487, 0.228908, -0.231635, 0.124994, 0.322963, -0.750422, 0.57668, -0.002831, -0.041817, -0.620051, -0.783445, -1.2e-05, 0.0, 0.0, 0.0, 1.0],
                [0.946714, 0.242406, -0.212064, 0.124994, 0.321831, -0.737617, 0.593585, -0.002831, -0.012533, -0.630202, -0.776329, -1.2e-05, 0.0, 0.0, 0.0, 1.0],
                [0.948202, 0.25494, -0.18952, 0.124994, 0.317247, -0.729272, 0.606229, -0.002831, 0.01634, -0.634951, -0.772379, -1.2e-05, 0.0, 0.0, 0.0, 1.0],
                [0.949954, 0.266128, -0.163593, 0.124994, 0.309184, -0.726158, 0.614082, -0.002831, 0.04463, -0.633929, -0.772102, -1.2e-05, 0.0, 0.0, 0.0, 1.0],
                [0.955999, 0.265088, -0.125668, 0.124994, 0.286613, -0.752561, 0.592876, -0.002831, 0.062591, -0.602806, -0.795428, -1.2e-05, 0.0, 0.0, 0.0, 1.0],
                [0.966735, 0.24416, -0.076218, 0.124994, 0.246702, -0.811379, 0.529905, -0.002831, 0.06754, -0.531079, -0.844626, -1.2e-05, 0.0, 0.0, 0.0, 1.0],
                [0.97711, 0.210708, -0.029291, 0.124994, 0.201457, -0.87226, 0.445617, -0.002831, 0.068346, -0.441317, -0.894745, -1.2e-05, 0.0, 0.0, 0.0, 1.0],
                [0.984, 0.178126, 0.003655, 0.124994, 0.164189, -0.914589, 0.369549, -0.002831, 0.069169, -0.363035, -0.929205, -1.2e-05, 0.0, 0.0, 0.0, 1.0],
                [0.986417, 0.163495, 0.015798, 0.124994, 0.148731, -0.929852, 0.336526, -0.002831, 0.06971, -0.329604, -0.941542, -1.2e-05, 0.0, 0.0, 0.0, 1.0],
                [0.986417, 0.163495, 0.015798, 0.124994, 0.148731, -0.929853, 0.336526, -0.002831, 0.06971, -0.329604, -0.941542, -1.2e-05, 0.0, 0.0, 0.0, 1.0],
                [0.986417, 0.163495, 0.015798, 0.124994, 0.148731, -0.929852, 0.336526, -0.002831, 0.06971, -0.329604, -0.941542, -1.2e-05, 0.0, 0.0, 0.0, 1.0],
                [0.986417, 0.163495, 0.015798, 0.124994, 0.148731, -0.929853, 0.336526, -0.002831, 0.06971, -0.329604, -0.941542, -1.2e-05, 0.0, 0.0, 0.0, 1.0],
                [0.986417, 0.163495, 0.015798, 0.124994, 0.148731, -0.929853, 0.336526, -0.002831, 0.06971, -0.329604, -0.941542, -1.2e-05, 0.0, 0.0, 0.0, 1.0],
                [0.986417, 0.163495, 0.015798, 0.124994, 0.148731, -0.929852, 0.336526, -0.002831, 0.06971, -0.329604, -0.941542, -1.2e-05, 0.0, 0.0, 0.0, 1.0],
                [0.986417, 0.163495, 0.015798, 0.124994, 0.148731, -0.929853, 0.336526, -0.002831, 0.06971, -0.329604, -0.941542, -1.2e-05, 0.0, 0.0, 0.0, 1.0],
                [0.986417, 0.163495, 0.015798, 0.124994, 0.148731, -0.929853, 0.336526, -0.002831, 0.06971, -0.329604, -0.941542, -1.2e-05, 0.0, 0.0, 0.0, 1.0],
                [0.986417, 0.163495, 0.015798, 0.124994, 0.148731, -0.929852, 0.336526, -0.002831, 0.06971, -0.329604, -0.941542, -1.2e-05, 0.0, 0.0, 0.0, 1.0],
                [0.986417, 0.163495, 0.015798, 0.124994, 0.148731, -0.929852, 0.336526, -0.002831, 0.06971, -0.329604, -0.941542, -1.2e-05, 0.0, 0.0, 0.0, 1.0],
                [0.986417, 0.163495, 0.015798, 0.124994, 0.148731, -0.929853, 0.336526, -0.002831, 0.06971, -0.329604, -0.941542, -1.2e-05, 0.0, 0.0, 0.0, 1.0],
                [0.986417, 0.163495, 0.015798, 0.124994, 0.148731, -0.929852, 0.336526, -0.002831, 0.06971, -0.329604, -0.941542, -1.2e-05, 0.0, 0.0, 0.0, 1.0],
                [0.983947, 0.178059, 0.011896, 0.124994, 0.16248, -0.921431, 0.352933, -0.002831, 0.073804, -0.345333, -0.935574, -1.2e-05, 0.0, 0.0, 0.0, 1.0],
                [0.976077, 0.217423, 0.000264, 0.124994, 0.199453, -0.895879, 0.39701, -0.002831, 0.086555, -0.387458, -0.917815, -1.2e-05, 0.0, 0.0, 0.0, 1.0],
                [0.961367, 0.274551, -0.019873, 0.124994, 0.252575, -0.851098, 0.460254, -0.002831, 0.10945, -0.447491, -0.887565, -1.2e-05, 0.0, 0.0, 0.0, 1.0],
                [0.93859, 0.341536, -0.049004, 0.124994, 0.313735, -0.785686, 0.533166, -0.002831, 0.143593, -0.515797, -0.844591, -1.2e-05, 0.0, 0.0, 0.0, 1.0],
                [0.907982, 0.410113, -0.085878, 0.124994, 0.374321, -0.701824, 0.606073, -0.002831, 0.188288, -0.582448, -0.79076, -1.2e-05, 0.0, 0.0, 0.0, 1.0],
                [0.871889, 0.473, -0.126804, 0.124994, 0.426643, -0.606598, 0.67083, -0.002831, 0.240384, -0.638988, -0.73069, -1.2e-05, 0.0, 0.0, 0.0, 1.0],
                [0.834538, 0.525357, -0.165968, 0.124994, 0.465492, -0.511192, 0.722495, -0.002831, 0.294726, -0.680205, -0.67116, -1.2e-05, 0.0, 0.0, 0.0, 1.0],
                [0.801108, 0.565363, -0.196443, 0.124994, 0.488809, -0.428615, 0.759838, -0.002831, 0.345386, -0.704733, -0.619724, -1.2e-05, 0.0, 0.0, 0.0, 1.0],
                [0.776711, 0.593406, -0.211159, 0.124994, 0.497001, -0.371465, 0.784221, -0.002831, 0.386923, -0.714058, -0.583446, -1.2e-05, 0.0, 0.0, 0.0, 1.0],
                [0.76578, 0.610126, -0.203287, 0.124994, 0.49121, -0.350895, 0.797236, -0.002831, 0.415082, -0.710362, -0.56841, -1.2e-05, 0.0, 0.0, 0.0, 1.0],
                [0.771331, 0.618324, -0.150741, 0.124994, 0.469822, -0.393426, 0.790242, -0.002831, 0.42932, -0.680358, -0.593966, -1.2e-05, 0.0, 0.0, 0.0, 1.0],
                [0.789745, 0.612011, -0.041747, 0.124994, 0.431635, -0.506048, 0.74673, -0.002831, 0.435881, -0.607745, -0.663817, -1.2e-05, 0.0, 0.0, 0.0, 1.0],
                [0.813797, 0.570491, 0.110782, 0.124994, 0.376551, -0.66282, 0.647207, -0.002831, 0.442654, -0.484979, -0.754223, -1.2e-05, 0.0, 0.0, 0.0, 1.0],
                [0.834319, 0.474801, 0.280133, 0.124994, 0.307744, -0.822733, 0.477914, -0.002831, 0.457389, -0.312523, -0.832541, -1.2e-05, 0.0, 0.0, 0.0, 1.0],
                [0.8431, 0.326332, 0.427421, 0.124994, 0.235125, -0.938521, 0.252765, -0.002831, 0.483629, -0.112609, -0.867999, -1.2e-05, 0.0, 0.0, 0.0, 1.0],
                [0.838406, 0.155337, 0.522441, 0.124994, 0.171832, -0.984976, 0.017111, -0.002831, 0.51725, 0.075426, -0.852504, -1.2e-05, 0.0, 0.0, 0.0, 1.0],
                [0.826367, 0.003986, 0.563118, 0.124994, 0.126217, -0.975843, -0.178314, -0.002831, 0.548804, 0.218428, -0.806909, -1.2e-05, 0.0, 0.0, 0.0, 1.0],
                [0.816177, -0.096651, 0.569661, 0.124994, 0.099074, -0.947898, -0.302771, -0.002831, 0.569245, 0.303553, -0.764078, -1.2e-05, 0.0, 0.0, 0.0, 1.0],
                [0.81523, -0.130428, 0.564259, 0.124994, 0.088217, -0.934972, -0.343572, -0.002831, 0.572378, 0.329868, -0.750713, -1.2e-05, 0.0, 0.0, 0.0, 1.0],
                [0.831569, -0.112072, 0.543996, 0.124994, 0.083842, -0.942877, -0.322412, -0.002831, 0.549056, 0.313717, -0.774673, -1.1e-05, 0.0, 0.0, 0.0, 1.0],
                [0.862304, -0.070682, 0.501433, 0.124994, 0.079705, -0.958921, -0.272238, -0.002831, 0.500078, 0.274718, -0.82125, -1.2e-05, 0.0, 0.0, 0.0, 1.0],
                [0.896262, -0.016546, 0.443217, 0.124994, 0.080841, -0.976468, -0.199928, -0.002831, 0.436095, 0.215018, -0.873835, -1.2e-05, 0.0, 0.0, 0.0, 1.0],
                [0.924331, 0.040674, 0.379418, 0.124994, 0.090336, -0.989362, -0.114013, -0.002831, 0.370745, 0.139661, -0.918174, -1.2e-05, 0.0, 0.0, 0.0, 1.0],
                [0.941074, 0.093543, 0.325007, 0.124994, 0.107352, -0.99391, -0.024776, -0.002831, 0.32071, 0.058207, -0.945387, -1.2e-05, 0.0, 0.0, 0.0, 1.0],
                [0.944398, 0.138247, 0.298327, 0.124994, 0.12683, -0.99026, 0.057398, -0.002831, 0.303357, -0.01637, -0.952737, -1.2e-05, 0.0, 0.0, 0.0, 1.0],
                [0.937171, 0.1747, 0.301976, 0.124994, 0.142522, -0.981779, 0.125675, -0.002831, 0.318429, -0.07474, -0.944996, -1.2e-05, 0.0, 0.0, 0.0, 1.0],
                [0.92374, 0.205479, 0.323236, 0.124994, 0.152817, -0.971555, 0.180897, -0.002831, 0.351213, -0.117705, -0.928868, -1.2e-05, 0.0, 0.0, 0.0, 1.0],
                [0.904392, 0.232469, 0.357816, 0.124994, 0.158129, -0.961447, 0.224968, -0.002831, 0.39632, -0.146877, -0.906288, -1.2e-05, 0.0, 0.0, 0.0, 1.0],
                [0.879352, 0.256706, 0.40105, 0.124994, 0.159653, -0.952431, 0.259581, -0.002831, 0.448609, -0.164234, -0.878509, -1.2e-05, 0.0, 0.0, 0.0, 1.0],
                [0.849352, 0.27878, 0.448199, 0.124994, 0.159024, -0.944838, 0.286338, -0.002831, 0.503301, -0.171927, -0.846835, -1.2e-05, 0.0, 0.0, 0.0, 1.0],
                [0.815934, 0.299173, 0.494718, 0.124994, 0.158061, -0.938531, 0.306877, -0.002831, 0.556118, -0.172195, -0.81307, -1.2e-05, 0.0, 0.0, 0.0, 1.0],
                [0.781507, 0.318514, 0.536465, 0.124994, 0.158587, -0.933034, 0.322946, -0.002831, 0.603403, -0.167307, -0.779688, -1.2e-05, 0.0, 0.0, 0.0, 1.0],
                [0.749183, 0.337723, 0.569796, 0.124994, 0.162322, -0.927626, 0.33639, -0.002831, 0.642165, -0.159526, -0.749783, -1.2e-05, 0.0, 0.0, 0.0, 1.0],
                [0.72248, 0.358055, 0.591455, 0.124994, 0.170877, -0.921387, 0.349061, -0.002831, 0.669942, -0.151123, -0.726869, -1.2e-05, 0.0, 0.0, 0.0, 1.0],
                [0.704955, 0.381033, 0.598206, 0.124994, 0.185856, -0.913201, 0.362653, -0.002831, 0.684467, -0.144473, -0.714586, -1.2e-05, 0.0, 0.0, 0.0, 1.0],
                [0.692358, 0.407927, 0.595177, 0.124994, 0.206215, -0.902314, 0.378552, -0.002831, 0.691459, -0.139359, -0.708847, -1.2e-05, 0.0, 0.0, 0.0, 1.0],
                [0.678191, 0.438289, 0.589881, 0.124994, 0.229276, -0.888808, 0.396799, -0.002831, 0.698204, -0.133859, -0.703273, -1.2e-05, 0.0, 0.0, 0.0, 1.0],
                [0.662461, 0.471156, 0.582372, 0.124994, 0.254293, -0.872709, 0.416786, -0.002831, 0.704613, -0.128011, -0.697949, -1.2e-05, 0.0, 0.0, 0.0, 1.0],
                [0.645252, 0.505547, 0.572775, 0.124994, 0.280513, -0.854145, 0.437889, -0.002831, 0.710607, -0.121877, -0.692953, -1.2e-05, 0.0, 0.0, 0.0, 1.0],
                [0.62674, 0.540504, 0.561294, 0.124994, 0.307201, -0.833366, 0.459484, -0.002831, 0.716117, -0.115546, -0.68835, -1.2e-05, 0.0, 0.0, 0.0, 1.0],
                [0.607199, 0.575118, 0.548221, 0.124994, 0.333664, -0.810756, 0.480977, -0.002831, 0.721094, -0.109127, -0.684189, -1.3e-05, 0.0, 0.0, 0.0, 1.0],
                [0.586997, 0.608563, 0.533933, 0.124994, 0.359274, -0.786823, 0.501825, -0.002831, 0.725504, -0.102741, -0.680506, -1.2e-05, 0.0, 0.0, 0.0, 1.0],
                [0.566583, 0.640117, 0.518876, 0.124994, 0.383477, -0.762187, 0.521549, -0.002831, 0.729334, -0.096523, -0.677314, -1.2e-05, 0.0, 0.0, 0.0, 1.0],
                [0.546471, 0.669177, 0.503557, 0.124994, 0.405811, -0.737555, 0.539747, -0.002831, 0.732588, -0.090607, -0.674614, -1.2e-05, 0.0, 0.0, 0.0, 1.0],
                [0.52722, 0.695262, 0.488517, 0.124994, 0.4259, -0.713695, 0.556099, -0.002831, 0.735287, -0.085127, -0.672388, -1.2e-05, 0.0, 0.0, 0.0, 1.0],
                [0.50941, 0.717998, 0.474319, 0.124994, 0.443451, -0.691405, 0.570358, -0.002831, 0.737463, -0.080209, -0.670608, -1.2e-05, 0.0, 0.0, 0.0, 1.0],
                [0.493627, 0.737105, 0.461527, 0.124994, 0.458236, -0.671492, 0.582338, -0.002831, 0.739156, -0.075969, -0.669236, -1.2e-05, 0.0, 0.0, 0.0, 1.0],
                [0.480443, 0.752361, 0.450694, 0.124994, 0.47007, -0.654745, 0.591897, -0.002831, 0.74041, -0.072515, -0.668232, -1.2e-05, 0.0, 0.0, 0.0, 1.0],
                [0.470409, 0.763569, 0.442353, 0.124994, 0.478784, -0.641924, 0.598913, -0.002831, 0.741269, -0.069943, -0.667554, -1.2e-05, 0.0, 0.0, 0.0, 1.0],
                [0.464043, 0.770511, 0.437006, 0.124994, 0.484194, -0.633749, 0.603255, -0.002831, 0.741768, -0.06834, -0.667166, -1.2e-05, 0.0, 0.0, 0.0, 1.0],
                [0.461821, 0.772906, 0.435125, 0.124994, 0.486064, -0.630885, 0.604752, -0.002831, 0.741931, -0.067788, -0.66704, -1.2e-05, 0.0, 0.0, 0.0, 1.0],
                [0.462369, 0.772528, 0.435216, 0.124994, 0.485858, -0.631322, 0.604461, -0.002831, 0.741725, -0.06803, -0.667245, -1.2e-05, 0.0, 0.0, 0.0, 1.0],
                [0.463985, 0.771408, 0.435482, 0.124993, 0.485247, -0.632613, 0.603601, -0.002831, 0.741115, -0.068745, -0.667849, -1.2e-05, 0.0, 0.0, 0.0, 1.0],
