{
    "animation": [
        {
            "name": "Root",
            "time": [0.0, 0.0167, 0.0333, 0.05, 0.0667, 0.0833, 0.1, 0.1167, 0.1333, 0.15, 0.1667, 0.1833, 0.2, 0.2167, 0.2333, 0.25, 0.2667, 0.2833, 0.3, 0.3167, 0.3333, 0.35, 0.3667, 0.3833, 0.4, 0.4167, 0.4333, 0.45, 0.4667, 0.4833, 0.5, 0.5167, 0.5333, 0.55, 0.5667, 0.5833, 0.6, 0.6167, 0.6333, 0.65, 0.6667, 0.6833, 0.7, 0.7167, 0.7333, 0.75, 0.7667, 0.7833, 0.8, 0.8167, 0.8333, 0.85, 0.8667, 0.8833, 0.9, 0.9167, 0.9333, 0.95, 0.9667, 0.9833, 1.0, 1.0167, 1.0333, 1.05, 1.0667, 1.0833, 1.1, 1.1167, 1.1333, 1.15, 1.1667, 1.1833, 1.2, 1.2167, 1.2333, 1.25, 1.2667, 1.2833, 1.3, 1.3167, 1.3333, 1.35, 1.3667, 1.3833, 1.4, 1.4167, 1.4333, 1.45, 1.4667, 1.4833, 1.5, 1.5167, 1.5333, 1.55, 1.5667, 1.5833, 1.6, 1.6167, 1.6333, 1.65, 1.6667, 1.6833, 1.7, 1.7167, 1.7333, 1.75, 1.7667, 1.7833, 1.8, 1.8167, 1.8333, 1.85, 1.8667, 1.8833, 1.9, 1.9167, 1.9333, 1.95, 1.9667, 1.9833, 2.0, 2.0167, 2.0333, 2.05, 2.0667, 2.0833, 2.1, 2.1167, 2.1333, 2.15, 2.1667, 2.1833, 2.2, 2.2167, 2.2333, 2.25, 2.2667, 2.2833, 2.3, 2.3167, 2.3333, 2.35, 2.3667, 2.3833, 2.4, 2.4167, 2.4333, 2.45, 2.4667, 2.4833, 2.5, 2.5167, 2.5333, 2.55, 2.5667, 2.5833, 2.6, 2.6167, 2.6333, 2.65, 2.6667],
            "transform": [
                [-0.279675, 0.0, 0.960095, -5e-06, 0.960095, 0.0, 0.279675, 0.000946, 0.0, 1.0, 0.0, 0.715039, 0.0, 0.0, 0.0, 1.0],
                [-0.27369, 0.0, 0.961818, -5e-06, 0.961818, 0.0, 0.27369, 0.005645, 0.0, 1.0, 0.0, 0.715039, 0.0, 0.0, 0.0, 1.0],
                [-0.257382, 0.0, 0.96631, -5e-06, 0.96631, 0.0, 0.257382, 0.019009, 0.0, 1.0, 0.0, 0.715039, 0.0, 0.0, 0.0, 1.0],
                [-0.233196, 0.0, 0.97243, -5e-06, 0.97243, 0.0, 0.233196, 0.039946, 0.0, 1.0, 0.0, 0.715039, 0.0, 0.0, 0.0, 1.0],
                [-0.203607, 0.0, 0.979053, -5e-06, 0.979053, 0.0, 0.203607, 0.067359, 0.0, 1.0, 0.0, 0.715039, 0.0, 0.0, 0.0, 1.0],
                [-0.17118, 0.0, 0.98524, -5e-06, 0.98524, 0.0, 0.17118, 0.100155, 0.0, 1.0, 0.0, 0.715039, 0.0, 0.0, 0.0, 1.0],
                [-0.138566, 0.0, 0.990353, -5e-06, 0.990353, 0.0, 0.138566, 0.137238, 0.0, 1.0, 0.0, 0.715039, 0.0, 0.0, 0.0, 1.0],
                [-0.108477, 0.0, 0.994099, -5e-06, 0.994099, 0.0, 0.108477, 0.177514, 0.0, 1.0, 0.0, 0.715039, 0.0, 0.0, 0.0, 1.0],
                [-0.083644, 0.0, 0.996496, -5e-06, 0.996496, 0.0, 0.083644, 0.219887, 0.0, 1.0, 0.0, 0.715039, 0.0, 0.0, 0.0, 1.0],
                [-0.066777, 0.0, 0.997768, -5e-06, 0.997768, 0.0, 0.066777, 0.263263, 0.0, 1.0, 0.0, 0.715039, 0.0, 0.0, 0.0, 1.0],
                [-0.060561, 0.0, 0.998164, -5e-06, 0.998164, 0.0, 0.060561, 0.306548, 0.0, 1.0, 0.0, 0.715039, 0.0, 0.0, 0.0, 1.0],
                [-0.060561, 0.0, 0.998164, -5e-06, 0.998164, 0.0, 0.060561, 0.349355, 0.0, 1.0, 0.0, 0.709875, 0.0, 0.0, 0.0, 1.0],
                [-0.060561, 0.0, 0.998164, -5e-06, 0.998164, 0.0, 0.060561, 0.394143, 0.0, 1.0, 0.0, 0.695579, 0.0, 0.0, 0.0, 1.0],
                [-0.060561, 0.0, 0.998164, -5e-06, 0.998164, 0.0, 0.060561, 0.444078, 0.0, 1.0, 0.0, 0.67395, 0.0, 0.0, 0.0, 1.0],
                [-0.060561, 0.0, 0.998164, -5e-06, 0.998164, 0.0, 0.060561, 0.502327, 0.0, 1.0, 0.0, 0.646788, 0.0, 0.0, 0.0, 1.0],
                [-0.060561, 0.0, 0.998164, -5e-06, 0.998164, 0.0, 0.060561, 0.572056, 0.0, 1.0, 0.0, 0.61589, 0.0, 0.0, 0.0, 1.0],
                [-0.035273, 0.0, 0.999378, -5e-06, 0.999378, 0.0, 0.035273, 0.655994, 0.0, 1.0, 0.0, 0.583312, 0.0, 0.0, 0.0, 1.0],
                [0.035811, 0.0, 0.999359, -5e-06, 0.999359, 0.0, -0.035811, 0.755116, 0.0, 1.0, 0.0, 0.552146, 0.0, 0.0, 0.0, 1.0],
                [0.14521, 0.0, 0.989401, -5e-06, 0.989401, 0.0, -0.14521, 0.869958, 0.0, 1.0, 0.0, 0.525738, 0.0, 0.0, 0.0, 1.0],
                [0.284128, 0.0, 0.958786, -5e-06, 0.958786, 0.0, -0.284128, 1.001058, 0.0, 1.0, 0.0, 0.507439, 0.0, 0.0, 0.0, 1.0],
                [0.441629, 0.0, 0.897198, -5e-06, 0.897198, 0.0, -0.441629, 1.148952, 0.0, 1.0, 0.0, 0.500594, 0.0, 0.0, 0.0, 1.0],
                [0.603942, 0.0, 0.797028, -5e-06, 0.797028, 0.0, -0.603942, 1.313242, 0.0, 1.0, 0.0, 0.504313, 0.0, 0.0, 0.0, 1.0],
                [0.753581, 0.0, 0.657355, -5e-06, 0.657355, 0.0, -0.753581, 1.489787, 0.0, 1.0, 0.0, 0.513181, 0.0, 0.0, 0.0, 1.0],
                [0.874414, 0.0, 0.485181, -5e-06, 0.485181, 0.0, -0.874414, 1.673512, 0.0, 1.0, 0.0, 0.523765, 0.0, 0.0, 0.0, 1.0],
                [0.956029, 0.0, 0.293274, -5e-06, 0.293274, 0.0, -0.956029, 1.859341, 0.0, 1.0, 0.0, 0.532632, 0.0, 0.0, 0.0, 1.0],
                [0.995371, 0.0, 0.096109, -5e-06, 0.096109, 0.0, -0.995371, 2.042198, 0.0, 1.0, 0.0, 0.536351, 0.0, 0.0, 0.0, 1.0],
                [0.995514, 0.0, -0.09461, -5e-06, -0.09461, 0.0, -0.995514, 2.217528, 0.0, 1.0, 0.0, 0.53535, 0.0, 0.0, 0.0, 1.0],
                [0.962563, 0.0, -0.271057, -5e-06, -0.271057, 0.0, -0.962563, 2.382853, 0.0, 1.0, 0.0, 0.532632, 0.0, 0.0, 0.0, 1.0],
                [0.904097, 0.0, -0.427328, -5e-06, -0.427328, 0.0, -0.904097, 2.536216, 0.0, 1.0, 0.0, 0.528628, 0.0, 0.0, 0.0, 1.0],
                [0.828673, 0.0, -0.559734, -5e-06, -0.559734, 0.0, -0.828673, 2.675658, 0.0, 1.0, 0.0, 0.523765, 0.0, 0.0, 0.0, 1.0],
                [0.745184, 0.0, -0.666859, -5e-06, -0.666859, 0.0, -0.745184, 2.799223, 0.0, 1.0, 0.0, 0.518473, 0.0, 0.0, 0.0, 1.0],
                [0.662218, 0.0, -0.749311, -5e-06, -0.749311, 0.0, -0.662218, 2.904952, 0.0, 1.0, 0.0, 0.513181, 0.0, 0.0, 0.0, 1.0],
                [0.587559, 0.0, -0.809182, -5e-06, -0.809182, 0.0, -0.587559, 2.990887, 0.0, 1.0, 0.0, 0.508318, 0.0, 0.0, 0.0, 1.0],
                [0.527926, 0.0, -0.84929, -5e-06, -0.84929, 0.0, -0.527926, 3.055072, 0.0, 1.0, 0.0, 0.504313, 0.0, 0.0, 0.0, 1.0],
                [0.488927, 0.0, -0.872324, -5e-06, -0.872324, 0.0, -0.488927, 3.095547, 0.0, 1.0, 0.0, 0.501596, 0.0, 0.0, 0.0, 1.0],
                [0.4751, 0.0, -0.879932, -5e-06, -0.879932, 0.0, -0.4751, 3.110357, 0.0, 1.0, 0.0, 0.500594, 0.0, 0.0, 0.0, 1.0],
                [0.475272, 0.0, -0.879839, -5e-06, -0.879839, 0.0, -0.475272, 3.111615, 0.0, 1.0, 0.0, 0.500739, 0.0, 0.0, 0.0, 1.0],
                [0.475785, 0.0, -0.879561, -5e-06, -0.879561, 0.0, -0.475785, 3.112748, 0.0, 1.0, 0.0, 0.501165, 0.0, 0.0, 0.0, 1.0],
                [0.476633, 0.0, -0.879103, -5e-06, -0.879103, 0.0, -0.476633, 3.113762, 0.0, 1.0, 0.0, 0.501863, 0.0, 0.0, 0.0, 1.0],
                [0.47781, 0.0, -0.878464, -5e-06, -0.878464, 0.0, -0.47781, 3.114663, 0.0, 1.0, 0.0, 0.502825, 0.0, 0.0, 0.0, 1.0],
                [0.47931, 0.0, -0.877646, -5e-06, -0.877646, 0.0, -0.47931, 3.115458, 0.0, 1.0, 0.0, 0.50404, 0.0, 0.0, 0.0, 1.0],
                [0.481127, 0.0, -0.876651, -5e-06, -0.876651, 0.0, -0.481127, 3.116154, 0.0, 1.0, 0.0, 0.505499, 0.0, 0.0, 0.0, 1.0],
                [0.483255, 0.0, -0.87548, -5e-06, -0.87548, 0.0, -0.483255, 3.116757, 0.0, 1.0, 0.0, 0.507194, 0.0, 0.0, 0.0, 1.0],
                [0.485689, 0.0, -0.874132, -5e-06, -0.874132, 0.0, -0.485689, 3.117275, 0.0, 1.0, 0.0, 0.509114, 0.0, 0.0, 0.0, 1.0],
                [0.488421, 0.0, -0.872608, -5e-06, -0.872608, 0.0, -0.488421, 3.117712, 0.0, 1.0, 0.0, 0.511249, 0.0, 0.0, 0.0, 1.0],
                [0.491445, 0.0, -0.870909, -5e-06, -0.870909, 0.0, -0.491445, 3.118078, 0.0, 1.0, 0.0, 0.513592, 0.0, 0.0, 0.0, 1.0],
                [0.494755, 0.0, -0.869032, -5e-06, -0.869032, 0.0, -0.494755, 3.118376, 0.0, 1.0, 0.0, 0.516131, 0.0, 0.0, 0.0, 1.0],
                [0.498345, 0.0, -0.866979, -5e-06, -0.866979, 0.0, -0.498345, 3.118616, 0.0, 1.0, 0.0, 0.518858, 0.0, 0.0, 0.0, 1.0],
                [0.502207, 0.0, -0.864748, -5e-06, -0.864748, 0.0, -0.502207, 3.118802, 0.0, 1.0, 0.0, 0.521764, 0.0, 0.0, 0.0, 1.0],
                [0.506335, 0.0, -0.862337, -5e-06, -0.862337, 0.0, -0.506335, 3.118942, 0.0, 1.0, 0.0, 0.524838, 0.0, 0.0, 0.0, 1.0],
                [0.510721, 0.0, -0.859746, -5e-06, -0.859746, 0.0, -0.510721, 3.119042, 0.0, 1.0, 0.0, 0.528072, 0.0, 0.0, 0.0, 1.0],
                [0.51536, 0.0, -0.856974, -5e-06, -0.856974, 0.0, -0.51536, 3.11911, 0.0, 1.0, 0.0, 0.531457, 0.0, 0.0, 0.0, 1.0],
                [0.520243, 0.0, -0.854019, -5e-06, -0.854019, 0.0, -0.520243, 3.119151, 0.0, 1.0, 0.0, 0.534981, 0.0, 0.0, 0.0, 1.0],
                [0.525363, 0.0, -0.850878, -5e-06, -0.850878, 0.0, -0.525363, 3.119172, 0.0, 1.0, 0.0, 0.538637, 0.0, 0.0, 0.0, 1.0],
                [0.530714, 0.0, -0.847551, -5e-06, -0.847551, 0.0, -0.530714, 3.119179, 0.0, 1.0, 0.0, 0.542415, 0.0, 0.0, 0.0, 1.0],
                [0.536287, 0.0, -0.844036, -5e-06, -0.844036, 0.0, -0.536287, 3.119181, 0.0, 1.0, 0.0, 0.546305, 0.0, 0.0, 0.0, 1.0],
                [0.542074, 0.0, -0.840331, -5e-06, -0.840331, 0.0, -0.542074, 3.119182, 0.0, 1.0, 0.0, 0.550299, 0.0, 0.0, 0.0, 1.0],
                [0.548069, 0.0, -0.836433, -5e-06, -0.836433, 0.0, -0.548069, 3.11919, 0.0, 1.0, 0.0, 0.554386, 0.0, 0.0, 0.0, 1.0],
                [0.554262, 0.0, -0.832342, -5e-06, -0.832342, 0.0, -0.554262, 3.11921, 0.0, 1.0, 0.0, 0.558557, 0.0, 0.0, 0.0, 1.0],
                [0.560646, 0.0, -0.828055, -5e-06, -0.828055, 0.0, -0.560646, 3.119251, 0.0, 1.0, 0.0, 0.562802, 0.0, 0.0, 0.0, 1.0],
                [0.567214, 0.0, -0.823571, -5e-06, -0.823571, 0.0, -0.567214, 3.119318, 0.0, 1.0, 0.0, 0.567114, 0.0, 0.0, 0.0, 1.0],
                [0.573955, 0.0, -0.818887, -5e-06, -0.818887, 0.0, -0.573955, 3.119419, 0.0, 1.0, 0.0, 0.571481, 0.0, 0.0, 0.0, 1.0],
                [0.580863, 0.0, -0.814002, -5e-06, -0.814002, 0.0, -0.580863, 3.119559, 0.0, 1.0, 0.0, 0.575894, 0.0, 0.0, 0.0, 1.0],
                [0.587927, 0.0, -0.808914, -5e-06, -0.808914, 0.0, -0.587927, 3.119745, 0.0, 1.0, 0.0, 0.580345, 0.0, 0.0, 0.0, 1.0],
                [0.59514, 0.0, -0.803622, -5e-06, -0.803622, 0.0, -0.59514, 3.119985, 0.0, 1.0, 0.0, 0.584823, 0.0, 0.0, 0.0, 1.0],
                [0.602493, 0.0, -0.798124, -5e-06, -0.798124, 0.0, -0.602493, 3.120284, 0.0, 1.0, 0.0, 0.58932, 0.0, 0.0, 0.0, 1.0],
                [0.609977, 0.0, -0.792419, -5e-06, -0.792419, 0.0, -0.609977, 3.120649, 0.0, 1.0, 0.0, 0.593826, 0.0, 0.0, 0.0, 1.0],
                [0.617581, 0.0, -0.786507, -5e-06, -0.786507, 0.0, -0.617581, 3.121087, 0.0, 1.0, 0.0, 0.59833, 0.0, 0.0, 0.0, 1.0],
                [0.625299, 0.0, -0.780385, -5e-06, -0.780385, 0.0, -0.625299, 3.121604, 0.0, 1.0, 0.0, 0.602825, 0.0, 0.0, 0.0, 1.0],
                [0.633119, 0.0, -0.774055, -5e-06, -0.774055, 0.0, -0.633119, 3.122207, 0.0, 1.0, 0.0, 0.607301, 0.0, 0.0, 0.0, 1.0],
                [0.641033, 0.0, -0.767514, -5e-06, -0.767514, 0.0, -0.641033, 3.122903, 0.0, 1.0, 0.0, 0.611748, 0.0, 0.0, 0.0, 1.0],
                [0.649031, 0.0, -0.760762, -5e-06, -0.760762, 0.0, -0.649031, 3.123698, 0.0, 1.0, 0.0, 0.616156, 0.0, 0.0, 0.0, 1.0],
                [0.657103, 0.0, -0.753801, -5e-06, -0.753801, 0.0, -0.657103, 3.124599, 0.0, 1.0, 0.0, 0.620517, 0.0, 0.0, 0.0, 1.0],
                [0.66524, 0.0, -0.74663, -5e-06, -0.74663, 0.0, -0.66524, 3.125613, 0.0, 1.0, 0.0, 0.624821, 0.0, 0.0, 0.0, 1.0],
                [0.673432, 0.0, -0.739249, -5e-06, -0.739249, 0.0, -0.673432, 3.126746, 0.0, 1.0, 0.0, 0.629058, 0.0, 0.0, 0.0, 1.0],
                [0.68167, 0.0, -0.73166, -5e-06, -0.73166, 0.0, -0.68167, 3.128004, 0.0, 1.0, 0.0, 0.633219, 0.0, 0.0, 0.0, 1.0],
                [0.689944, 0.0, -0.723863, -5e-06, -0.723863, 0.0, -0.689944, 3.129434, 0.0, 1.0, 0.0, 0.637297, 0.0, 0.0, 0.0, 1.0],
                [0.698243, 0.0, -0.715861, -5e-06, -0.715861, 0.0, -0.698243, 3.131074, 0.0, 1.0, 0.0, 0.64129, 0.0, 0.0, 0.0, 1.0],
                [0.706559, 0.0, -0.707654, -5e-06, -0.707654, 0.0, -0.706559, 3.132918, 0.0, 1.0, 0.0, 0.6452, 0.0, 0.0, 0.0, 1.0],
                [0.714882, 0.0, -0.699246, -5e-06, -0.699246, 0.0, -0.714882, 3.134961, 0.0, 1.0, 0.0, 0.649027, 0.0, 0.0, 0.0, 1.0],
                [0.723201, 0.0, -0.690638, -5e-06, -0.690638, 0.0, -0.723201, 3.137197, 0.0, 1.0, 0.0, 0.652772, 0.0, 0.0, 0.0, 1.0],
                [0.731508, 0.0, -0.681833, -5e-06, -0.681833, 0.0, -0.731508, 3.139621, 0.0, 1.0, 0.0, 0.656437, 0.0, 0.0, 0.0, 1.0],
                [0.739792, 0.0, -0.672836, -5e-06, -0.672836, 0.0, -0.739792, 3.142228, 0.0, 1.0, 0.0, 0.660021, 0.0, 0.0, 0.0, 1.0],
                [0.748045, 0.0, -0.663648, -5e-06, -0.663648, 0.0, -0.748045, 3.145012, 0.0, 1.0, 0.0, 0.663526, 0.0, 0.0, 0.0, 1.0],
                [0.756257, 0.0, -0.654275, -5e-06, -0.654275, 0.0, -0.756257, 3.147967, 0.0, 1.0, 0.0, 0.666952, 0.0, 0.0, 0.0, 1.0],
                [0.764418, 0.0, -0.64472, -5e-06, -0.64472, 0.0, -0.764418, 3.151089, 0.0, 1.0, 0.0, 0.670301, 0.0, 0.0, 0.0, 1.0],
                [0.772521, 0.0, -0.634989, -5e-06, -0.634989, 0.0, -0.772521, 3.154372, 0.0, 1.0, 0.0, 0.673573, 0.0, 0.0, 0.0, 1.0],
                [0.780556, 0.0, -0.625086, -5e-06, -0.625086, 0.0, -0.780556, 3.157809, 0.0, 1.0, 0.0, 0.67677, 0.0, 0.0, 0.0, 1.0],
                [0.788514, 0.0, -0.615016, -5e-06, -0.615016, 0.0, -0.788514, 3.161397, 0.0, 1.0, 0.0, 0.679892, 0.0, 0.0, 0.0, 1.0],
                [0.796388, 0.0, -0.604786, -5e-06, -0.604786, 0.0, -0.796388, 3.165129, 0.0, 1.0, 0.0, 0.682939, 0.0, 0.0, 0.0, 1.0],
                [0.804169, 0.0, -0.594401, -5e-06, -0.594401, 0.0, -0.804169, 3.169, 0.0, 1.0, 0.0, 0.685914, 0.0, 0.0, 0.0, 1.0],
                [0.811848, 0.0, -0.583869, -5e-06, -0.583869, 0.0, -0.811848, 3.173006, 0.0, 1.0, 0.0, 0.688816, 0.0, 0.0, 0.0, 1.0],
                [0.819419, 0.0, -0.573195, -5e-06, -0.573195, 0.0, -0.819419, 3.177139, 0.0, 1.0, 0.0, 0.691646, 0.0, 0.0, 0.0, 1.0],
                [0.826874, 0.0, -0.562387, -5e-06, -0.562387, 0.0, -0.826874, 3.181395, 0.0, 1.0, 0.0, 0.694407, 0.0, 0.0, 0.0, 1.0],
                [0.834206, 0.0, -0.551452, -5e-06, -0.551452, 0.0, -0.834206, 3.185768, 0.0, 1.0, 0.0, 0.697097, 0.0, 0.0, 0.0, 1.0],
                [0.841409, 0.0, -0.540399, -5e-06, -0.540399, 0.0, -0.841409, 3.190254, 0.0, 1.0, 0.0, 0.699718, 0.0, 0.0, 0.0, 1.0],
                [0.848475, 0.0, -0.529235, -5e-06, -0.529235, 0.0, -0.848475, 3.194846, 0.0, 1.0, 0.0, 0.702272, 0.0, 0.0, 0.0, 1.0],
                [0.8554, 0.0, -0.517968, -5e-06, -0.517968, 0.0, -0.8554, 3.199539, 0.0, 1.0, 0.0, 0.704758, 0.0, 0.0, 0.0, 1.0],
                [0.862177, 0.0, -0.506607, -5e-06, -0.506607, 0.0, -0.862177, 3.204328, 0.0, 1.0, 0.0, 0.707179, 0.0, 0.0, 0.0, 1.0],
                [0.868801, 0.0, -0.495161, -5e-06, -0.495161, 0.0, -0.868801, 3.209207, 0.0, 1.0, 0.0, 0.709533, 0.0, 0.0, 0.0, 1.0],
                [0.875268, 0.0, -0.483639, -5e-06, -0.483639, 0.0, -0.875268, 3.21417, 0.0, 1.0, 0.0, 0.711824, 0.0, 0.0, 0.0, 1.0],
                [0.881572, 0.0, -0.472049, -5e-06, -0.472049, 0.0, -0.881572, 3.219214, 0.0, 1.0, 0.0, 0.71405, 0.0, 0.0, 0.0, 1.0],
                [0.88771, 0.0, -0.460403, -5e-06, -0.460403, 0.0, -0.88771, 3.224331, 0.0, 1.0, 0.0, 0.716214, 0.0, 0.0, 0.0, 1.0],
                [0.893679, 0.0, -0.448708, -5e-06, -0.448708, 0.0, -0.893679, 3.229517, 0.0, 1.0, 0.0, 0.718316, 0.0, 0.0, 0.0, 1.0],
                [0.899474, 0.0, -0.436975, -5e-06, -0.436975, 0.0, -0.899474, 3.234766, 0.0, 1.0, 0.0, 0.720357, 0.0, 0.0, 0.0, 1.0],
                [0.905093, 0.0, -0.425213, -5e-06, -0.425213, 0.0, -0.905093, 3.240072, 0.0, 1.0, 0.0, 0.722338, 0.0, 0.0, 0.0, 1.0],
                [0.910535, 0.0, -0.413433, -5e-06, -0.413433, 0.0, -0.910535, 3.245431, 0.0, 1.0, 0.0, 0.724259, 0.0, 0.0, 0.0, 1.0],
                [0.915796, 0.0, -0.401645, -5e-06, -0.401645, 0.0, -0.915796, 3.250836, 0.0, 1.0, 0.0, 0.726122, 0.0, 0.0, 0.0, 1.0],
                [0.920875, 0.0, -0.389858, -5e-06, -0.389858, 0.0, -0.920875, 3.256284, 0.0, 1.0, 0.0, 0.727928, 0.0, 0.0, 0.0, 1.0],
                [0.925772, 0.0, -0.378082, -5e-06, -0.378082, 0.0, -0.925772, 3.261767, 0.0, 1.0, 0.0, 0.729677, 0.0, 0.0, 0.0, 1.0],
                [0.930485, 0.0, -0.366329, -5e-06, -0.366329, 0.0, -0.930485, 3.26728, 0.0, 1.0, 0.0, 0.731369, 0.0, 0.0, 0.0, 1.0],
                [0.935015, 0.0, -0.354608, -5e-06, -0.354608, 0.0, -0.935015, 3.272819, 0.0, 1.0, 0.0, 0.733007, 0.0, 0.0, 0.0, 1.0],
                [0.939361, 0.0, -0.342929, -5e-06, -0.342929, 0.0, -0.939361, 3.278377, 0.0, 1.0, 0.0, 0.734591, 0.0, 0.0, 0.0, 1.0],
                [0.943525, 0.0, -0.331302, -5e-06, -0.331302, 0.0, -0.943525, 3.28395, 0.0, 1.0, 0.0, 0.736122, 0.0, 0.0, 0.0, 1.0],
                [0.947506, 0.0, -0.319738, -5e-06, -0.319738, 0.0, -0.947506, 3.289532, 0.0, 1.0, 0.0, 0.7376, 0.0, 0.0, 0.0, 1.0],
                [0.951307, 0.0, -0.308245, -5e-06, -0.308245, 0.0, -0.951307, 3.295116, 0.0, 1.0, 0.0, 0.739027, 0.0, 0.0, 0.0, 1.0],
                [0.954929, 0.0, -0.296835, -5e-06, -0.296835, 0.0, -0.954929, 3.300699, 0.0, 1.0, 0.0, 0.740403, 0.0, 0.0, 0.0, 1.0],
                [0.958374, 0.0, -0.285517, -5e-06, -0.285517, 0.0, -0.958374, 3.306275, 0.0, 1.0, 0.0, 0.741729, 0.0, 0.0, 0.0, 1.0],
                [0.961644, 0.0, -0.274301, -5e-06, -0.274301, 0.0, -0.961644, 3.311838, 0.0, 1.0, 0.0, 0.743006, 0.0, 0.0, 0.0, 1.0],
                [0.964742, 0.0, -0.263196, -5e-06, -0.263196, 0.0, -0.964742, 3.317382, 0.0, 1.0, 0.0, 0.744236, 0.0, 0.0, 0.0, 1.0],
                [0.967672, 0.0, -0.252212, -5e-06, -0.252212, 0.0, -0.967672, 3.322903, 0.0, 1.0, 0.0, 0.745418, 0.0, 0.0, 0.0, 1.0],
                [0.970436, 0.0, -0.241357, -5e-06, -0.241357, 0.0, -0.970436, 3.328395, 0.0, 1.0, 0.0, 0.746554, 0.0, 0.0, 0.0, 1.0],
                [0.973039, 0.0, -0.230642, -5e-06, -0.230642, 0.0, -0.973039, 3.333851, 0.0, 1.0, 0.0, 0.747644, 0.0, 0.0, 0.0, 1.0],
                [0.975483, 0.0, -0.220075, -5e-06, -0.220075, 0.0, -0.975483, 3.339269, 0.0, 1.0, 0.0, 0.74869, 0.0, 0.0, 0.0, 1.0],
                [0.977773, 0.0, -0.209664, -5e-06, -0.209664, 0.0, -0.977773, 3.34464, 0.0, 1.0, 0.0, 0.749692, 0.0, 0.0, 0.0, 1.0],
                [0.979914, 0.0, -0.199419, -5e-06, -0.199419, 0.0, -0.979914, 3.349961, 0.0, 1.0, 0.0, 0.750651, 0.0, 0.0, 0.0, 1.0],
                [0.98191, 0.0, -0.189348, -5e-06, -0.189348, 0.0, -0.98191, 3.355226, 0.0, 1.0, 0.0, 0.751568, 0.0, 0.0, 0.0, 1.0],
                [0.983765, 0.0, -0.179459, -5e-06, -0.179459, 0.0, -0.983765, 3.360428, 0.0, 1.0, 0.0, 0.752445, 0.0, 0.0, 0.0, 1.0],
                [0.985485, 0.0, -0.16976, -5e-06, -0.16976, 0.0, -0.985485, 3.365564, 0.0, 1.0, 0.0, 0.753281, 0.0, 0.0, 0.0, 1.0],
                [0.987075, 0.0, -0.160259, -5e-06, -0.160259, 0.0, -0.987075, 3.370627, 0.0, 1.0, 0.0, 0.754077, 0.0, 0.0, 0.0, 1.0],
                [0.988539, 0.0, -0.150964, -5e-06, -0.150964, 0.0, -0.988539, 3.375612, 0.0, 1.0, 0.0, 0.754835, 0.0, 0.0, 0.0, 1.0],
                [0.989884, 0.0, -0.141882, -5e-06, -0.141882, 0.0, -0.989884, 3.380514, 0.0, 1.0, 0.0, 0.755556, 0.0, 0.0, 0.0, 1.0],
                [0.991113, 0.0, -0.133021, -5e-06, -0.133021, 0.0, -0.991113, 3.385326, 0.0, 1.0, 0.0, 0.756239, 0.0, 0.0, 0.0, 1.0],
                [0.992234, 0.0, -0.124387, -5e-06, -0.124387, 0.0, -0.992234, 3.390045, 0.0, 1.0, 0.0, 0.756887, 0.0, 0.0, 0.0, 1.0],
                [0.993251, 0.0, -0.115988, -5e-06, -0.115988, 0.0, -0.993251, 3.394664, 0.0, 1.0, 0.0, 0.7575, 0.0, 0.0, 0.0, 1.0],
                [0.994169, 0.0, -0.107831, -5e-06, -0.107831, 0.0, -0.994169, 3.399178, 0.0, 1.0, 0.0, 0.758078, 0.0, 0.0, 0.0, 1.0],
                [0.994995, 0.0, -0.099921, -5e-06, -0.099921, 0.0, -0.994995, 3.403581, 0.0, 1.0, 0.0, 0.758624, 0.0, 0.0, 0.0, 1.0],
                [0.995734, 0.0, -0.092267, -5e-06, -0.092267, 0.0, -0.995734, 3.407868, 0.0, 1.0, 0.0, 0.759136, 0.0, 0.0, 0.0, 1.0],
                [0.996392, 0.0, -0.084873, -5e-06, -0.084873, 0.0, -0.996392, 3.412034, 0.0, 1.0, 0.0, 0.759618, 0.0, 0.0, 0.0, 1.0],
                [0.996973, 0.0, -0.077747, -5e-06, -0.077747, 0.0, -0.996973, 3.416073, 0.0, 1.0, 0.0, 0.760068, 0.0, 0.0, 0.0, 1.0],
                [0.997484, 0.0, -0.070894, -5e-06, -0.070894, 0.0, -0.997484, 3.41998, 0.0, 1.0, 0.0, 0.760489, 0.0, 0.0, 0.0, 1.0],
                [0.997929, 0.0, -0.06432, -5e-06, -0.06432, 0.0, -0.997929, 3.423749, 0.0, 1.0, 0.0, 0.760881, 0.0, 0.0, 0.0, 1.0],
                [0.998315, 0.0, -0.058032, -5e-06, -0.058032, 0.0, -0.998315, 3.427375, 0.0, 1.0, 0.0, 0.761244, 0.0, 0.0, 0.0, 1.0],
                [0.998645, 0.0, -0.052034, -5e-06, -0.052034, 0.0, -0.998645, 3.430853, 0.0, 1.0, 0.0, 0.761581, 0.0, 0.0, 0.0, 1.0],
                [0.998926, 0.0, -0.046333, -5e-06, -0.046333, 0.0, -0.998926, 3.434176, 0.0, 1.0, 0.0, 0.761891, 0.0, 0.0, 0.0, 1.0],
                [0.999162, 0.0, -0.040934, -5e-06, -0.040934, 0.0, -0.999162, 3.437341, 0.0, 1.0, 0.0, 0.762175, 0.0, 0.0, 0.0, 1.0],
                [0.999357, 0.0, -0.035844, -5e-06, -0.035844, 0.0, -0.999357, 3.44034, 0.0, 1.0, 0.0, 0.762435, 0.0, 0.0, 0.0, 1.0],
                [0.999517, 0.0, -0.031066, -5e-06, -0.031066, 0.0, -0.999517, 3.443169, 0.0, 1.0, 0.0, 0.762671, 0.0, 0.0, 0.0, 1.0],
                [0.999646, 0.0, -0.026608, -5e-06, -0.026608, 0.0, -0.999646, 3.445823, 0.0, 1.0, 0.0, 0.762884, 0.0, 0.0, 0.0, 1.0],
                [0.999747, 0.0, -0.022473, -5e-06, -0.022473, 0.0, -0.999747, 3.448295, 0.0, 1.0, 0.0, 0.763075, 0.0, 0.0, 0.0, 1.0],
                [0.999826, 0.0, -0.018669, -5e-06, -0.018669, 0.0, -0.999826, 3.450581, 0.0, 1.0, 0.0, 0.763245, 0.0, 0.0, 0.0, 1.0],
                [0.999884, 0.0, -0.015201, -5e-06, -0.015201, 0.0, -0.999884, 3.452675, 0.0, 1.0, 0.0, 0.763395, 0.0, 0.0, 0.0, 1.0],
                [0.999927, 0.0, -0.012073, -5e-06, -0.012073, 0.0, -0.999927, 3.454571, 0.0, 1.0, 0.0, 0.763525, 0.0, 0.0, 0.0, 1.0],
                [0.999957, 0.0, -0.009291, -5e-06, -0.009291, 0.0, -0.999957, 3.456265, 0.0, 1.0, 0.0, 0.763637, 0.0, 0.0, 0.0, 1.0],
                [0.999976, 0.0, -0.006862, -5e-06, -0.006862, 0.0, -0.999976, 3.457751, 0.0, 1.0, 0.0, 0.763731, 0.0, 0.0, 0.0, 1.0],
                [0.999989, 0.0, -0.00479, -5e-06, -0.00479, 0.0, -0.999989, 3.459022, 0.0, 1.0, 0.0, 0.763808, 0.0, 0.0, 0.0, 1.0],
                [0.999995, 0.0, -0.003082, -5e-06, -0.003082, 0.0, -0.999995, 3.460075, 0.0, 1.0, 0.0, 0.763869, 0.0, 0.0, 0.0, 1.0],
                [0.999999, 0.0, -0.001742, -5e-06, -0.001742, 0.0, -0.999999, 3.460904, 0.0, 1.0, 0.0, 0.763915, 0.0, 0.0, 0.0, 1.0],
                [1.0, 0.0, -0.000779, -5e-06, -0.000779, 0.0, -1.0, 3.461502, 0.0, 1.0, 0.0, 0.763947, 0.0, 0.0, 0.0, 1.0],
                [1.0, 0.0, -0.000196, -5e-06, -0.000196, 0.0, -1.0, 3.461865, 0.0, 1.0, 0.0, 0.763966, 0.0, 0.0, 0.0, 1.0],
                [1.0, 0.0, 0.0, -5e-06, 0.0, 0.0, -1.0, 3.461987, 0.0, 1.0, 0.0, 0.763972, 0.0, 0.0, 0.0, 1.0]
            ]
        },
        {
            "name": "Thigh_R",
            "time": [0.0, 0.0167, 0.0333, 0.05, 0.0667, 0.0833, 0.1, 0.1167, 0.1333, 0.15, 0.1667, 0.1833, 0.2, 0.2167, 0.2333, 0.25, 0.2667, 0.2833, 0.3, 0.3167, 0.3333, 0.35, 0.3667, 0.3833, 0.4, 0.4167, 0.4333, 0.45, 0.4667, 0.4833, 0.5, 0.5167, 0.5333, 0.55, 0.5667, 0.5833, 0.6, 0.6167, 0.6333, 0.65, 0.6667, 0.6833, 0.7, 0.7167, 0.7333, 0.75, 0.7667, 0.7833, 0.8, 0.8167, 0.8333, 0.85, 0.8667, 0.8833, 0.9, 0.9167, 0.9333, 0.95, 0.9667, 0.9833, 1.0, 1.0167, 1.0333, 1.05, 1.0667, 1.0833, 1.1, 1.1167, 1.1333, 1.15, 1.1667, 1.1833, 1.2, 1.2167, 1.2333, 1.25, 1.2667, 1.2833, 1.3, 1.3167, 1.3333, 1.35, 1.3667, 1.3833, 1.4, 1.4167, 1.4333, 1.45, 1.4667, 1.4833, 1.5, 1.5167, 1.5333, 1.55, 1.5667, 1.5833, 1.6, 1.6167, 1.6333, 1.65, 1.6667, 1.6833, 1.7, 1.7167, 1.7333, 1.75, 1.7667, 1.7833, 1.8, 1.8167, 1.8333, 1.85, 1.8667, 1.8833, 1.9, 1.9167, 1.9333, 1.95, 1.9667, 1.9833, 2.0, 2.0167, 2.0333, 2.05, 2.0667, 2.0833, 2.1, 2.1167, 2.1333, 2.15, 2.1667, 2.1833, 2.2, 2.2167, 2.2333, 2.25, 2.2667, 2.2833, 2.3, 2.3167, 2.3333, 2.35, 2.3667, 2.3833, 2.4, 2.4167, 2.4333, 2.45, 2.4667, 2.4833, 2.5, 2.5167, 2.5333, 2.55, 2.5667, 2.5833, 2.6, 2.6167, 2.6333, 2.65, 2.6667],
            "transform": [
                [0.947205, 0.248866, -0.202157, 0.124994, 0.215958, -0.961229, -0.171457, -0.002831, -0.23699, 0.118747, -0.964228, -1.2e-05, 0.0, 0.0, 0.0, 1.0],
                [0.950869, 0.24718, -0.186411, 0.124994, 0.219318, -0.962785, -0.157926, -0.002831, -0.218511, 0.109284, -0.969696, -1.2e-05, 0.0, 0.0, 0.0, 1.0],
                [0.959109, 0.244044, -0.143354, 0.124994, 0.228181, -0.966377, -0.11851, -0.002831, -0.167456, 0.080953, -0.982551, -1.2e-05, 0.0, 0.0, 0.0, 1.0],
                [0.966735, 0.243212, -0.079186, 0.124994, 0.23941, -0.969382, -0.054563, -0.002831, -0.090032, 0.03379, -0.995366, -1.2e-05, 0.0, 0.0, 0.0, 1.0],
                [0.968489, 0.249053, -0.001106, 0.124994, 0.248959, -0.967975, 0.032234, -0.002831, 0.006957, -0.031493, -0.99948, -1.2e-05, 0.0, 0.0, 0.0, 1.0],
                [0.960576, 0.265679, 0.081895, 0.124994, 0.252964, -0.95744, 0.138974, -0.002831, 0.115332, -0.112778, -0.986904, -1.2e-05, 0.0, 0.0, 0.0, 1.0],
                [0.941857, 0.295907, 0.159196, 0.124994, 0.248884, -0.932666, 0.261128, -0.002831, 0.225747, -0.206323, -0.952087, -1.2e-05, 0.0, 0.0, 0.0, 1.0],
                [0.914317, 0.340314, 0.219564, 0.124994, 0.236455, -0.888703, 0.3928, -0.002831, 0.328803, -0.307226, -0.893029, -1.2e-05, 0.0, 0.0, 0.0, 1.0],
                [0.882564, 0.396657, 0.252475, 0.124994, 0.218185, -0.821137, 0.527376, -0.002831, 0.416504, -0.410356, -0.811253, -1.2e-05, 0.0, 0.0, 0.0, 1.0],
                [0.852455, 0.45966, 0.249062, 0.124994, 0.199302, -0.726148, 0.658017, -0.002831, 0.48332, -0.51129, -0.710622, -1.2e-05, 0.0, 0.0, 0.0, 1.0],
                [0.829285, 0.520878, 0.20241, 0.124994, 0.187396, -0.600441, 0.777401, -0.002831, 0.526467, -0.606755, -0.59555, -1.2e-05, 0.0, 0.0, 0.0, 1.0],
                [0.802269, 0.585445, 0.116692, 0.124994, 0.187466, -0.432665, 0.881848, -0.002831, 0.566763, -0.685602, -0.456867, -1.2e-05, 0.0, 0.0, 0.0, 1.0],
                [0.762349, 0.64714, 0.005674, 0.124994, 0.188279, -0.230167, 0.954764, -0.002831, 0.619172, -0.726794, -0.297312, -1.2e-05, 0.0, 0.0, 0.0, 1.0],
                [0.718765, 0.686457, -0.11023, 0.124994, 0.18153, -0.032248, 0.982857, -0.002831, 0.671135, -0.726452, -0.147792, -1.2e-05, 0.0, 0.0, 0.0, 1.0],
                [0.683688, 0.70153, -0.20106, 0.124994, 0.170054, 0.114776, 0.978728, -0.002831, 0.709684, -0.703334, -0.040827, -1.2e-05, 0.0, 0.0, 0.0, 1.0],
                [0.669372, 0.704016, -0.237279, 0.124994, 0.164015, 0.171467, 0.971442, -0.002831, 0.724596, -0.689172, -0.000694, -1.2e-05, 0.0, 0.0, 0.0, 1.0],
                [0.66192, 0.728396, -0.176915, 0.124994, 0.128083, 0.12264, 0.984152, -0.002831, 0.73855, -0.674088, -0.012118, -1.2e-05, 0.0, 0.0, 0.0, 1.0],
                [0.63335, 0.773494, -0.023914, 0.124994, 0.047442, -0.007965, 0.998842, -0.002831, 0.772409, -0.63375, -0.041741, -1.2e-05, 0.0, 0.0, 0.0, 1.0],
                [0.580546, 0.795941, 0.171587, 0.124994, -0.032867, -0.187655, 0.981685, -0.002831, 0.813564, -0.575551, -0.082782, -1.2e-05, 0.0, 0.0, 0.0, 1.0],
                [0.524478, 0.777145, 0.347801, 0.124994, -0.071381, -0.36692, 0.92751, -0.002831, 0.848426, -0.511284, -0.136969, -1.2e-05, 0.0, 0.0, 0.0, 1.0],
                [0.503745, 0.73691, 0.450779, 0.124994, -0.044025, -0.499245, 0.865341, -0.002831, 0.862729, -0.455756, -0.21905, -1.2e-05, 0.0, 0.0, 0.0, 1.0],
                [0.536598, 0.69588, 0.477297, 0.124994, 0.024664, -0.578317, 0.815439, -0.002831, 0.843477, -0.425789, -0.327488, -1.2e-05, 0.0, 0.0, 0.0, 1.0],
                [0.602009, 0.653947, 0.458187, 0.124994, 0.095919, -0.628888, 0.771556, -0.002831, 0.792706, -0.420534, -0.441324, -1.2e-05, 0.0, 0.0, 0.0, 1.0],
                [0.678664, 0.6139, 0.403163, 0.124994, 0.165106, -0.662405, 0.730725, -0.002831, 0.71565, -0.42935, -0.550911, -1.2e-05, 0.0, 0.0, 0.0, 1.0],
                [0.749162, 0.577207, 0.324941, 0.124994, 0.229904, -0.686648, 0.689679, -0.002831, 0.621208, -0.441975, -0.647115, -1.2e-05, 0.0, 0.0, 0.0, 1.0],
                [0.802262, 0.546847, 0.239442, 0.124994, 0.28898, -0.706715, 0.645788, -0.002831, 0.522365, -0.448896, -0.725001, -1.2e-05, 0.0, 0.0, 0.0, 1.0],
                [0.83254, 0.530827, 0.158424, 0.124994, 0.349404, -0.725101, 0.593416, -0.002831, 0.429875, -0.438688, -0.789151, -1.2e-05, 0.0, 0.0, 0.0, 1.0],
                [0.841502, 0.533521, 0.085015, 0.124994, 0.415518, -0.739719, 0.529299, -0.002831, 0.34528, -0.41008, -0.844166, -1.2e-05, 0.0, 0.0, 0.0, 1.0],
                [0.833382, 0.552213, 0.023075, 0.124994, 0.482737, -0.747589, 0.456149, -0.002831, 0.269142, -0.369007, -0.889605, -1.2e-05, 0.0, 0.0, 0.0, 1.0],
                [0.812514, 0.582405, -0.024968, 0.124994, 0.546967, -0.746859, 0.378189, -0.002831, 0.201611, -0.32094, -0.925392, -1.2e-05, 0.0, 0.0, 0.0, 1.0],
                [0.783376, 0.618793, -0.058448, 0.124994, 0.604903, -0.7374, 0.30055, -0.002831, 0.142878, -0.270798, -0.951974, -1.2e-05, 0.0, 0.0, 0.0, 1.0],
                [0.750508, 0.656181, -0.078497, 0.124994, 0.654233, -0.720942, 0.228513, -0.002831, 0.093354, -0.222855, -0.970371, -1.2e-05, 0.0, 0.0, 0.0, 1.0],
                [0.718334, 0.690142, -0.087737, 0.124994, 0.693626, -0.700748, 0.166832, -0.002831, 0.053656, -0.180697, -0.982074, -1.2e-05, 0.0, 0.0, 0.0, 1.0],
                [0.690969, 0.717292, -0.089729, 0.124994, 0.722468, -0.68102, 0.119367, -0.002831, 0.024513, -0.147305, -0.988788, -1.2e-05, 0.0, 0.0, 0.0, 1.0],
                [0.672136, 0.735137, -0.088342, 0.124994, 0.740398, -0.666236, 0.089099, -0.002831, 0.006643, -0.125295, -0.992098, -1.2e-05, 0.0, 0.0, 0.0, 1.0],
                [0.665187, 0.741567, -0.087185, 0.124994, 0.746676, -0.66054, 0.078482, -0.002831, 0.00061, -0.117303, -0.993096, -1.2e-05, 0.0, 0.0, 0.0, 1.0],
                [0.665335, 0.741444, -0.087112, 0.124994, 0.746545, -0.660682, 0.078539, -0.002831, 0.000679, -0.117287, -0.993098, -1.2e-05, 0.0, 0.0, 0.0, 1.0],
                [0.665702, 0.741138, -0.086907, 0.124994, 0.746217, -0.661031, 0.078715, -0.002831, 0.00089, -0.117252, -0.993102, -1.2e-05, 0.0, 0.0, 0.0, 1.0],
                [0.666285, 0.740653, -0.086572, 0.124994, 0.745695, -0.661584, 0.079007, -0.002831, 0.001242, -0.117197, -0.993108, -1.2e-05, 0.0, 0.0, 0.0, 1.0],
                [0.667081, 0.73999, -0.086109, 0.124994, 0.744983, -0.662338, 0.079413, -0.002831, 0.001731, -0.117124, -0.993116, -1.2e-05, 0.0, 0.0, 0.0, 1.0],
                [0.668085, 0.739153, -0.08552, 0.124994, 0.744081, -0.663289, 0.07993, -0.002831, 0.002356, -0.117033, -0.993125, -1.2e-05, 0.0, 0.0, 0.0, 1.0],
                [0.669292, 0.738142, -0.084806, 0.124994, 0.742992, -0.664432, 0.080556, -0.002831, 0.003114, -0.116925, -0.993136, -1.2e-05, 0.0, 0.0, 0.0, 1.0],
                [0.670699, 0.73696, -0.083969, 0.124994, 0.741719, -0.665765, 0.08129, -0.002831, 0.004003, -0.116802, -0.993147, -1.2e-05, 0.0, 0.0, 0.0, 1.0],
                [0.6723, 0.735609, -0.08301, 0.124994, 0.740262, -0.667282, 0.082127, -0.002831, 0.005022, -0.116663, -0.993159, -1.2e-05, 0.0, 0.0, 0.0, 1.0],
                [0.674091, 0.734089, -0.081931, 0.124994, 0.738623, -0.66898, 0.083067, -0.002831, 0.006168, -0.11651, -0.993171, -1.2e-05, 0.0, 0.0, 0.0, 1.0],
                [0.676067, 0.732403, -0.080732, 0.124994, 0.736803, -0.670854, 0.084106, -0.002831, 0.00744, -0.116344, -0.993181, -1.2e-05, 0.0, 0.0, 0.0, 1.0],
                [0.678223, 0.730551, -0.079415, 0.124994, 0.734803, -0.672901, 0.085242, -0.002831, 0.008835, -0.116167, -0.993191, -1.2e-05, 0.0, 0.0, 0.0, 1.0],
                [0.680553, 0.728535, -0.077981, 0.124994, 0.732625, -0.675115, 0.086472, -0.002831, 0.010351, -0.115979, -0.993198, -1.2e-05, 0.0, 0.0, 0.0, 1.0],
                [0.683054, 0.726356, -0.076431, 0.124994, 0.730269, -0.677493, 0.087792, -0.002831, 0.011987, -0.115782, -0.993203, -1.2e-05, 0.0, 0.0, 0.0, 1.0],
                [0.685719, 0.724015, -0.074766, 0.124994, 0.727736, -0.68003, 0.089202, -0.002831, 0.01374, -0.115577, -0.993204, -1.2e-05, 0.0, 0.0, 0.0, 1.0],
                [0.688543, 0.721512, -0.072987, 0.124994, 0.725027, -0.68272, 0.090697, -0.002831, 0.015608, -0.115366, -0.993201, -1.2e-05, 0.0, 0.0, 0.0, 1.0],
                [0.69152, 0.718848, -0.071095, 0.124994, 0.722142, -0.685561, 0.092274, -0.002831, 0.017591, -0.11515, -0.993193, -1.2e-05, 0.0, 0.0, 0.0, 1.0],
                [0.694646, 0.716025, -0.069091, 0.124994, 0.719082, -0.688546, 0.093931, -0.002831, 0.019685, -0.11493, -0.993179, -1.2e-05, 0.0, 0.0, 0.0, 1.0],
                [0.697913, 0.713042, -0.066975, 0.124994, 0.715847, -0.691671, 0.095665, -0.002831, 0.021888, -0.114709, -0.993158, -1.2e-05, 0.0, 0.0, 0.0, 1.0],
                [0.701317, 0.709901, -0.064749, 0.124994, 0.712438, -0.694931, 0.097472, -0.002831, 0.024199, -0.114488, -0.99313, -1.2e-05, 0.0, 0.0, 0.0, 1.0],
                [0.704852, 0.706602, -0.062413, 0.124994, 0.708855, -0.698321, 0.099349, -0.002831, 0.026616, -0.114268, -0.993094, -1.2e-05, 0.0, 0.0, 0.0, 1.0],
                [0.708511, 0.703145, -0.059968, 0.124994, 0.705098, -0.701836, 0.101294, -0.002831, 0.029137, -0.114051, -0.993048, -1.2e-05, 0.0, 0.0, 0.0, 1.0],
                [0.712289, 0.699533, -0.057415, 0.124994, 0.701167, -0.705472, 0.103303, -0.002831, 0.031759, -0.113839, -0.992992, -1.2e-05, 0.0, 0.0, 0.0, 1.0],
                [0.716179, 0.695764, -0.054755, 0.124994, 0.697064, -0.709222, 0.105373, -0.002831, 0.034481, -0.113633, -0.992925, -1.2e-05, 0.0, 0.0, 0.0, 1.0],
                [0.720175, 0.69184, -0.051989, 0.124994, 0.692788, -0.713082, 0.1075, -0.002831, 0.0373, -0.113435, -0.992845, -1.2e-05, 0.0, 0.0, 0.0, 1.0],
                [0.724272, 0.687761, -0.049117, 0.124994, 0.68834, -0.717046, 0.109681, -0.002831, 0.040215, -0.113248, -0.992753, -1.2e-05, 0.0, 0.0, 0.0, 1.0],
                [0.728462, 0.683529, -0.046141, 0.124994, 0.683721, -0.721109, 0.111913, -0.002831, 0.043223, -0.113072, -0.992647, -1.2e-05, 0.0, 0.0, 0.0, 1.0],
                [0.73274, 0.679144, -0.043061, 0.124994, 0.67893, -0.725266, 0.114193, -0.002831, 0.046322, -0.112909, -0.992525, -1.2e-05, 0.0, 0.0, 0.0, 1.0],
                [0.737098, 0.674606, -0.039879, 0.124994, 0.673969, -0.729511, 0.116517, -0.002831, 0.04951, -0.112761, -0.992388, -1.2e-05, 0.0, 0.0, 0.0, 1.0],
                [0.741531, 0.669918, -0.036596, 0.124994, 0.668838, -0.733839, 0.118881, -0.002831, 0.052785, -0.11263, -0.992234, -1.2e-05, 0.0, 0.0, 0.0, 1.0],
                [0.746032, 0.665079, -0.033212, 0.124994, 0.663538, -0.738244, 0.121282, -0.002831, 0.056143, -0.112518, -0.992063, -1.2e-05, 0.0, 0.0, 0.0, 1.0],
                [0.750595, 0.660092, -0.02973, 0.124994, 0.65807, -0.742721, 0.123718, -0.002831, 0.059584, -0.112426, -0.991872, -1.2e-05, 0.0, 0.0, 0.0, 1.0],
                [0.755213, 0.654956, -0.026149, 0.124994, 0.652435, -0.747264, 0.126183, -0.002831, 0.063104, -0.112355, -0.991663, -1.2e-05, 0.0, 0.0, 0.0, 1.0],
                [0.759879, 0.649675, -0.022472, 0.124994, 0.646633, -0.751868, 0.128675, -0.002831, 0.066701, -0.112309, -0.991432, -1.2e-05, 0.0, 0.0, 0.0, 1.0],
                [0.764587, 0.644248, -0.0187, 0.124994, 0.640667, -0.756526, 0.131191, -0.002831, 0.070372, -0.112287, -0.991181, -1.2e-05, 0.0, 0.0, 0.0, 1.0],
                [0.76933, 0.638678, -0.014835, 0.124994, 0.634537, -0.761234, 0.133726, -0.002831, 0.074115, -0.112292, -0.990908, -1.2e-05, 0.0, 0.0, 0.0, 1.0],
                [0.774102, 0.632966, -0.010877, 0.124994, 0.628246, -0.765985, 0.136278, -0.002831, 0.077928, -0.112326, -0.990611, -1.2e-05, 0.0, 0.0, 0.0, 1.0],
                [0.778896, 0.627114, -0.006828, 0.124994, 0.621794, -0.770774, 0.138843, -0.002831, 0.081807, -0.112389, -0.990291, -1.2e-05, 0.0, 0.0, 0.0, 1.0],
                [0.783706, 0.621124, -0.002691, 0.124994, 0.615184, -0.775595, 0.141416, -0.002831, 0.08575, -0.112484, -0.989947, -1.2e-05, 0.0, 0.0, 0.0, 1.0],
                [0.788525, 0.614999, 0.001533, 0.124994, 0.608417, -0.780443, 0.143996, -0.002831, 0.089754, -0.112612, -0.989577, -1.2e-05, 0.0, 0.0, 0.0, 1.0],
                [0.793347, 0.60874, 0.005842, 0.124994, 0.601497, -0.785311, 0.146579, -0.002831, 0.093816, -0.112773, -0.989182, -1.2e-05, 0.0, 0.0, 0.0, 1.0],
                [0.798166, 0.602349, 0.010234, 0.124994, 0.594424, -0.790195, 0.14916, -0.002831, 0.097933, -0.112971, -0.98876, -1.2e-05, 0.0, 0.0, 0.0, 1.0],
                [0.802974, 0.59583, 0.014707, 0.124994, 0.587202, -0.795089, 0.151737, -0.002831, 0.102103, -0.113205, -0.988312, -1.2e-05, 0.0, 0.0, 0.0, 1.0],
                [0.807767, 0.589186, 0.019259, 0.124994, 0.579834, -0.799987, 0.154307, -0.002831, 0.106322, -0.113476, -0.987836, -1.2e-05, 0.0, 0.0, 0.0, 1.0],
                [0.812537, 0.582418, 0.023887, 0.124994, 0.572322, -0.804883, 0.156866, -0.002831, 0.110588, -0.113787, -0.987331, -1.2e-05, 0.0, 0.0, 0.0, 1.0],
                [0.817279, 0.57553, 0.02859, 0.124994, 0.56467, -0.809773, 0.15941, -0.002831, 0.114897, -0.114138, -0.986799, -1.2e-05, 0.0, 0.0, 0.0, 1.0],
                [0.821987, 0.568526, 0.033364, 0.124994, 0.556881, -0.814651, 0.161938, -0.002831, 0.119246, -0.11453, -0.986237, -1.2e-05, 0.0, 0.0, 0.0, 1.0],
                [0.826655, 0.561409, 0.038208, 0.124994, 0.548959, -0.819511, 0.164445, -0.002831, 0.123632, -0.114964, -0.985646, -1.2e-05, 0.0, 0.0, 0.0, 1.0],
                [0.831277, 0.554182, 0.043117, 0.124994, 0.540907, -0.824349, 0.166929, -0.002831, 0.128052, -0.115441, -0.985026, -1.2e-05, 0.0, 0.0, 0.0, 1.0],
                [0.835848, 0.546849, 0.048091, 0.124994, 0.532729, -0.829159, 0.169386, -0.002831, 0.132503, -0.115961, -0.984376, -1.2e-05, 0.0, 0.0, 0.0, 1.0],
                [0.840362, 0.539414, 0.053125, 0.124994, 0.52443, -0.833937, 0.171814, -0.002831, 0.136982, -0.116525, -0.983696, -1.2e-05, 0.0, 0.0, 0.0, 1.0],
                [0.844815, 0.53188, 0.058217, 0.124994, 0.516013, -0.838676, 0.17421, -0.002831, 0.141484, -0.117134, -0.982986, -1.2e-05, 0.0, 0.0, 0.0, 1.0],
                [0.8492, 0.524254, 0.063364, 0.124994, 0.507484, -0.843374, 0.176572, -0.002831, 0.146008, -0.117788, -0.982247, -1.2e-05, 0.0, 0.0, 0.0, 1.0],
                [0.853514, 0.516538, 0.068562, 0.124994, 0.498847, -0.848024, 0.178896, -0.002831, 0.150549, -0.118488, -0.981477, -1.2e-05, 0.0, 0.0, 0.0, 1.0],
                [0.857751, 0.508737, 0.073809, 0.124994, 0.490107, -0.852623, 0.181181, -0.002831, 0.155104, -0.119233, -0.980677, -1.2e-05, 0.0, 0.0, 0.0, 1.0],
                [0.861908, 0.500856, 0.079101, 0.124994, 0.481269, -0.857166, 0.183423, -0.002831, 0.159671, -0.120024, -0.979847, -1.2e-05, 0.0, 0.0, 0.0, 1.0],
                [0.865979, 0.492899, 0.084435, 0.124994, 0.472338, -0.861649, 0.18562, -0.002831, 0.164245, -0.120861, -0.978988, -1.2e-05, 0.0, 0.0, 0.0, 1.0],
                [0.869961, 0.484873, 0.089807, 0.124994, 0.463321, -0.866067, 0.187771, -0.002831, 0.168824, -0.121743, -0.978099, -1.2e-05, 0.0, 0.0, 0.0, 1.0],
                [0.873849, 0.476781, 0.095214, 0.124994, 0.454222, -0.870418, 0.189873, -0.002831, 0.173404, -0.122672, -0.977181, -1.2e-05, 0.0, 0.0, 0.0, 1.0],
                [0.877641, 0.468629, 0.100652, 0.124994, 0.445048, -0.874696, 0.191925, -0.002831, 0.177981, -0.123645, -0.976235, -1.2e-05, 0.0, 0.0, 0.0, 1.0],
                [0.881333, 0.460423, 0.106118, 0.124994, 0.435804, -0.8789, 0.193923, -0.002831, 0.182554, -0.124664, -0.975261, -1.2e-05, 0.0, 0.0, 0.0, 1.0],
                [0.884922, 0.452167, 0.111607, 0.124994, 0.426496, -0.883025, 0.195868, -0.002831, 0.187117, -0.125727, -0.974259, -1.2e-05, 0.0, 0.0, 0.0, 1.0],
                [0.888405, 0.443868, 0.117117, 0.124994, 0.417132, -0.887068, 0.197757, -0.002831, 0.191669, -0.126834, -0.97323, -1.2e-05, 0.0, 0.0, 0.0, 1.0],
                [0.891779, 0.435531, 0.122643, 0.124994, 0.407717, -0.891026, 0.199588, -0.002831, 0.196206, -0.127984, -0.972175, -1.2e-05, 0.0, 0.0, 0.0, 1.0],
