{
    "animation": [
        {
            "name": "Root",
            "time": [0.0, 0.0167, 0.0333, 0.05, 0.0667, 0.0833, 0.1, 0.1167, 0.1333, 0.15, 0.1667, 0.1833, 0.2, 0.2167, 0.2333, 0.25, 0.2667, 0.2833, 0.3, 0.3167, 0.3333, 0.35, 0.3667, 0.3833, 0.4, 0.4167, 0.4333, 0.45, 0.4667, 0.4833, 0.5, 0.5167, 0.5333, 0.55, 0.5667, 0.5833, 0.6, 0.6167, 0.6333, 0.65, 0.6667, 0.6833, 0.7, 0.7167, 0.7333, 0.75, 0.7667, 0.7833, 0.8, 0.8167, 0.8333, 0.85, 0.8667, 0.8833, 0.9, 0.9167, 0.9333, 0.95, 0.9667, 0.9833, 1.0, 1.0167, 1.0333, 1.05, 1.0667, 1.0833, 1.1, 1.1167, 1.1333, 1.15, 1.1667, 1.1833, 1.2, 1.2167, 1.2333, 1.25, 1.2667, 1.2833, 1.3, 1.3167, 1.3333, 1.35, 1.3667, 1.3833, 1.4, 1.4167, 1.4333, 1.45, 1.4667, 1.4833, 1.5, 1.5167],
            "transform": [
                [0.616398, 0.0, 0.787435, -5e-06, 0.787435, 0.0, -0.616398, 0.000946, 0.0, 1.0, 0.0, 0.752042, 0.0, 0.0, 0.0, 1.0],
                [0.620934, 0.0, 0.783863, -5e-06, 0.783863, 0.0, -0.620934, 0.002005, 0.0, 1.0, 0.0, 0.75149, 0.0, 0.0, 0.0, 1.0],
                [0.633863, 0.0, 0.773445, -5e-06, 0.773445, 0.0, -0.633863, 0.005057, 0.0, 1.0, 0.0, 0.749906, 0.0, 0.0, 0.0, 1.0],
                [0.654063, 0.0, 0.75644, -5e-06, 0.75644, 0.0, -0.654063, 0.009914, 0.0, 1.0, 0.0, 0.747398, 0.0, 0.0, 0.0, 1.0],
                [0.680282, 0.0, 0.73295, -5e-06, 0.73295, 0.0, -0.680282, 0.016388, 0.0, 1.0, 0.0, 0.744076, 0.0, 0.0, 0.0, 1.0],
                [0.711159, 0.0, 0.703031, -5e-06, 0.703031, 0.0, -0.711159, 0.024292, 0.0, 1.0, 0.0, 0.740047, 0.0, 0.0, 0.0, 1.0],
                [0.74524, 0.0, 0.666796, -5e-06, 0.666796, 0.0, -0.74524, 0.033438, 0.0, 1.0, 0.0, 0.735421, 0.0, 0.0, 0.0, 1.0],
                [0.781024, 0.0, 0.624501, -5e-06, 0.624501, 0.0, -0.781024, 0.043638, 0.0, 1.0, 0.0, 0.730306, 0.0, 0.0, 0.0, 1.0],
                [0.817013, 0.0, 0.576619, -5e-06, 0.576619, 0.0, -0.817013, 0.054705, 0.0, 1.0, 0.0, 0.724811, 0.0, 0.0, 0.0, 1.0],
                [0.851789, 0.0, 0.523884, -5e-06, 0.523884, 0.0, -0.851789, 0.066451, 0.0, 1.0, 0.0, 0.719044, 0.0, 0.0, 0.0, 1.0],
                [0.884098, 0.0, 0.467301, -5e-06, 0.467301, 0.0, -0.884098, 0.078688, 0.0, 1.0, 0.0, 0.713115, 0.0, 0.0, 0.0, 1.0],
                [0.912926, 0.0, 0.408125, -5e-06, 0.408125, 0.0, -0.912926, 0.091228, 0.0, 1.0, 0.0, 0.707131, 0.0, 0.0, 0.0, 1.0],
                [0.937566, 0.0, 0.347807, -5e-06, 0.347807, 0.0, -0.937566, 0.103884, 0.0, 1.0, 0.0, 0.701201, 0.0, 0.0, 0.0, 1.0],
                [0.957655, 0.0, 0.287917, -5e-06, 0.287917, 0.0, -0.957655, 0.116469, 0.0, 1.0, 0.0, 0.695434, 0.0, 0.0, 0.0, 1.0],
                [0.973175, 0.0, 0.230064, -5e-06, 0.230064, 0.0, -0.973175, 0.128793, 0.0, 1.0, 0.0, 0.689939, 0.0, 0.0, 0.0, 1.0],
                [0.984423, 0.0, 0.175816, -5e-06, 0.175816, 0.0, -0.984423, 0.140671, 0.0, 1.0, 0.0, 0.684824, 0.0, 0.0, 0.0, 1.0],
                [0.991948, 0.0, 0.126643, -5e-06, 0.126643, 0.0, -0.991948, 0.151914, 0.0, 1.0, 0.0, 0.680198, 0.0, 0.0, 0.0, 1.0],
                [0.996475, 0.0, 0.083888, -5e-06, 0.083888, 0.0, -0.996475, 0.162333, 0.0, 1.0, 0.0, 0.67617, 0.0, 0.0, 0.0, 1.0],
                [0.99881, 0.0, 0.048763, -5e-06, 0.048763, 0.0, -0.99881, 0.171743, 0.0, 1.0, 0.0, 0.672847, 0.0, 0.0, 0.0, 1.0],
                [0.99975, 0.0, 0.022376, -5e-06, 0.022376, 0.0, -0.99975, 0.179954, 0.0, 1.0, 0.0, 0.670339, 0.0, 0.0, 0.0, 1.0],
                [0.999983, 0.0, 0.005773, -5e-06, 0.005773, 0.0, -0.999983, 0.18678, 0.0, 1.0, 0.0, 0.668755, 0.0, 0.0, 0.0, 1.0],
                [1.0, 0.0, 0.0, -5e-06, 0.0, 0.0, -1.0, 0.192032, 0.0, 1.0, 0.0, 0.668203, 0.0, 0.0, 0.0, 1.0],
                [1.0, 0.0, 0.0, -5e-06, 0.0, 0.0, -1.0, 0.19586, 0.0, 1.0, 0.0, 0.670279, 0.0, 0.0, 0.0, 1.0],
                [1.0, 0.0, 0.0, -5e-06, 0.0, 0.0, -1.0, 0.199757, 0.0, 1.0, 0.0, 0.675915, 0.0, 0.0, 0.0, 1.0],
                [1.0, 0.0, 0.0, -5e-06, 0.0, 0.0, -1.0, 0.205554, 0.0, 1.0, 0.0, 0.68422, 0.0, 0.0, 0.0, 1.0],
                [1.0, 0.0, 0.0, -5e-06, 0.0, 0.0, -1.0, 0.215082, 0.0, 1.0, 0.0, 0.694305, 0.0, 0.0, 0.0, 1.0],
                [1.0, 0.0, 0.0, -5e-06, 0.0, 0.0, -1.0, 0.230172, 0.0, 1.0, 0.0, 0.70528, 0.0, 0.0, 0.0, 1.0],
                [1.0, 0.0, 0.0, -5e-06, 0.0, 0.0, -1.0, 0.252654, 0.0, 1.0, 0.0, 0.716255, 0.0, 0.0, 0.0, 1.0],
                [1.0, 0.0, 0.0, -5e-06, 0.0, 0.0, -1.0, 0.284359, 0.0, 1.0, 0.0, 0.72634, 0.0, 0.0, 0.0, 1.0],
                [1.0, 0.0, 0.0, -5e-06, 0.0, 0.0, -1.0, 0.327117, 0.0, 1.0, 0.0, 0.734645, 0.0, 0.0, 0.0, 1.0],
                [1.0, 0.0, 0.0, -5e-06, 0.0, 0.0, -1.0, 0.38276, 0.0, 1.0, 0.0, 0.740281, 0.0, 0.0, 0.0, 1.0],
                [1.0, 0.0, 0.0, -5e-06, 0.0, 0.0, -1.0, 0.453119, 0.0, 1.0, 0.0, 0.742357, 0.0, 0.0, 0.0, 1.0],
                [1.0, 0.0, 0.0, -5e-06, 0.0, 0.0, -1.0, 0.572763, 0.0, 1.0, 0.0, 0.721596, 0.0, 0.0, 0.0, 1.0],
                [1.0, 0.0, 0.0, -5e-06, 0.0, 0.0, -1.0, 0.750049, 0.0, 1.0, 0.0, 0.67132, 0.0, 0.0, 0.0, 1.0],
                [1.0, 0.0, 0.0, -5e-06, 0.0, 0.0, -1.0, 0.947482, 0.0, 1.0, 0.0, 0.609539, 0.0, 0.0, 0.0, 1.0],
                [1.0, 0.0, 0.0, -5e-06, 0.0, 0.0, -1.0, 1.127569, 0.0, 1.0, 0.0, 0.554267, 0.0, 0.0, 0.0, 1.0],
                [1.0, 0.0, 0.0, -5e-06, 0.0, 0.0, -1.0, 1.252815, 0.0, 1.0, 0.0, 0.523513, 0.0, 0.0, 0.0, 1.0],
                [1.0, 0.0, 0.0, -5e-06, 0.0, 0.0, -1.0, 1.329894, 0.0, 1.0, 0.0, 0.512229, 0.0, 0.0, 0.0, 1.0],
                [1.0, 0.0, 0.0, -5e-06, 0.0, 0.0, -1.0, 1.391615, 0.0, 1.0, 0.0, 0.503194, 0.0, 0.0, 0.0, 1.0],
                [1.0, 0.0, 0.0, -5e-06, 0.0, 0.0, -1.0, 1.439682, 0.0, 1.0, 0.0, 0.496158, 0.0, 0.0, 0.0, 1.0],
                [1.0, 0.0, 0.0, -5e-06, 0.0, 0.0, -1.0, 1.475804, 0.0, 1.0, 0.0, 0.49087, 0.0, 0.0, 0.0, 1.0],
                [1.0, 0.0, 0.0, -5e-06, 0.0, 0.0, -1.0, 1.501687, 0.0, 1.0, 0.0, 0.487081, 0.0, 0.0, 0.0, 1.0],
                [1.0, 0.0, 0.0, -5e-06, 0.0, 0.0, -1.0, 1.519037, 0.0, 1.0, 0.0, 0.484542, 0.0, 0.0, 0.0, 1.0],
                [1.0, 0.0, 0.0, -5e-06, 0.0, 0.0, -1.0, 1.529561, 0.0, 1.0, 0.0, 0.483001, 0.0, 0.0, 0.0, 1.0],
                [1.0, 0.0, 0.0, -5e-06, 0.0, 0.0, -1.0, 1.534965, 0.0, 1.0, 0.0, 0.48221, 0.0, 0.0, 0.0, 1.0],
                [1.0, 0.0, 0.0, -5e-06, 0.0, 0.0, -1.0, 1.536956, 0.0, 1.0, 0.0, 0.481919, 0.0, 0.0, 0.0, 1.0],
                [1.0, 0.0, 0.0, -5e-06, 0.0, 0.0, -1.0, 1.53724, 0.0, 1.0, 0.0, 0.481877, 0.0, 0.0, 0.0, 1.0],
                [1.0, 0.0, 0.0, -5e-06, 0.0, 0.0, -1.0, 1.53724, 0.0, 1.0, 0.0, 0.481877, 0.0, 0.0, 0.0, 1.0],
                [1.0, 0.0, 0.0, -5e-06, 0.0, 0.0, -1.0, 1.53724, 0.0, 1.0, 0.0, 0.481877, 0.0, 0.0, 0.0, 1.0],
                [1.0, 0.0, 0.0, -5e-06, 0.0, 0.0, -1.0, 1.53724, 0.0, 1.0, 0.0, 0.481877, 0.0, 0.0, 0.0, 1.0],
                [1.0, 0.0, 0.0, -5e-06, 0.0, 0.0, -1.0, 1.53724, 0.0, 1.0, 0.0, 0.481877, 0.0, 0.0, 0.0, 1.0],
                [1.0, 0.0, 0.0, -5e-06, 0.0, 0.0, -1.0, 1.53724, 0.0, 1.0, 0.0, 0.481877, 0.0, 0.0, 0.0, 1.0],
                [1.0, 0.0, 0.0, -5e-06, 0.0, 0.0, -1.0, 1.53724, 0.0, 1.0, 0.0, 0.483002, 0.0, 0.0, 0.0, 1.0],
                [1.0, 0.0, 0.0, -5e-06, 0.0, 0.0, -1.0, 1.53724, 0.0, 1.0, 0.0, 0.486253, 0.0, 0.0, 0.0, 1.0],
                [1.0, 0.0, 0.0, -5e-06, 0.0, 0.0, -1.0, 1.53724, 0.0, 1.0, 0.0, 0.491446, 0.0, 0.0, 0.0, 1.0],
                [1.0, 0.0, 0.0, -5e-06, 0.0, 0.0, -1.0, 1.53724, 0.0, 1.0, 0.0, 0.498394, 0.0, 0.0, 0.0, 1.0],
                [1.0, 0.0, 0.0, -5e-06, 0.0, 0.0, -1.0, 1.53724, 0.0, 1.0, 0.0, 0.506913, 0.0, 0.0, 0.0, 1.0],
                [1.0, 0.0, 0.0, -5e-06, 0.0, 0.0, -1.0, 1.53724, 0.0, 1.0, 0.0, 0.516817, 0.0, 0.0, 0.0, 1.0],
                [1.0, 0.0, 0.0, -5e-06, 0.0, 0.0, -1.0, 1.53724, 0.0, 1.0, 0.0, 0.527922, 0.0, 0.0, 0.0, 1.0],
                [1.0, 0.0, 0.0, -5e-06, 0.0, 0.0, -1.0, 1.53724, 0.0, 1.0, 0.0, 0.540042, 0.0, 0.0, 0.0, 1.0],
                [1.0, 0.0, 0.0, -5e-06, 0.0, 0.0, -1.0, 1.53724, 0.0, 1.0, 0.0, 0.552991, 0.0, 0.0, 0.0, 1.0],
                [1.0, 0.0, 0.0, -5e-06, 0.0, 0.0, -1.0, 1.53724, 0.0, 1.0, 0.0, 0.566585, 0.0, 0.0, 0.0, 1.0],
                [1.0, 0.0, 0.0, -5e-06, 0.0, 0.0, -1.0, 1.53724, 0.0, 1.0, 0.0, 0.580638, 0.0, 0.0, 0.0, 1.0],
                [1.0, 0.0, 0.0, -5e-06, 0.0, 0.0, -1.0, 1.53724, 0.0, 1.0, 0.0, 0.594965, 0.0, 0.0, 0.0, 1.0],
                [1.0, 0.0, 0.0, -5e-06, 0.0, 0.0, -1.0, 1.53724, 0.0, 1.0, 0.0, 0.609381, 0.0, 0.0, 0.0, 1.0],
                [1.0, 0.0, 0.0, -5e-06, 0.0, 0.0, -1.0, 1.53724, 0.0, 1.0, 0.0, 0.623701, 0.0, 0.0, 0.0, 1.0],
                [1.0, 0.0, 0.0, -5e-06, 0.0, 0.0, -1.0, 1.53724, 0.0, 1.0, 0.0, 0.637739, 0.0, 0.0, 0.0, 1.0],
                [1.0, 0.0, 0.0, -5e-06, 0.0, 0.0, -1.0, 1.53724, 0.0, 1.0, 0.0, 0.65131, 0.0, 0.0, 0.0, 1.0],
                [1.0, 0.0, 0.0, -5e-06, 0.0, 0.0, -1.0, 1.53724, 0.0, 1.0, 0.0, 0.664229, 0.0, 0.0, 0.0, 1.0],
                [1.0, 0.0, 0.0, -5e-06, 0.0, 0.0, -1.0, 1.53724, 0.0, 1.0, 0.0, 0.67631, 0.0, 0.0, 0.0, 1.0],
                [1.0, 0.0, 0.0, -5e-06, 0.0, 0.0, -1.0, 1.538357, 0.0, 1.0, 0.0, 0.687408, 0.0, 0.0, 0.0, 1.0],
                [1.0, 0.0, 0.0, -5e-06, 0.0, 0.0, -1.0, 1.541569, 0.0, 1.0, 0.0, 0.697527, 0.0, 0.0, 0.0, 1.0],
                [1.0, 0.0, 0.0, -5e-06, 0.0, 0.0, -1.0, 1.546667, 0.0, 1.0, 0.0, 0.706715, 0.0, 0.0, 0.0, 1.0],
                [1.0, 0.0, 0.0, -5e-06, 0.0, 0.0, -1.0, 1.55344, 0.0, 1.0, 0.0, 0.715014, 0.0, 0.0, 0.0, 1.0],
                [1.0, 0.0, 0.0, -5e-06, 0.0, 0.0, -1.0, 1.561679, 0.0, 1.0, 0.0, 0.722472, 0.0, 0.0, 0.0, 1.0],
                [1.0, 0.0, 0.0, -5e-06, 0.0, 0.0, -1.0, 1.571176, 0.0, 1.0, 0.0, 0.729131, 0.0, 0.0, 0.0, 1.0],
                [1.0, 0.0, 0.0, -5e-06, 0.0, 0.0, -1.0, 1.581719, 0.0, 1.0, 0.0, 0.735039, 0.0, 0.0, 0.0, 1.0],
                [1.0, 0.0, 0.0, -5e-06, 0.0, 0.0, -1.0, 1.593101, 0.0, 1.0, 0.0, 0.740239, 0.0, 0.0, 0.0, 1.0],
                [1.0, 0.0, 0.0, -5e-06, 0.0, 0.0, -1.0, 1.605111, 0.0, 1.0, 0.0, 0.744776, 0.0, 0.0, 0.0, 1.0],
                [1.0, 0.0, 0.0, -5e-06, 0.0, 0.0, -1.0, 1.61754, 0.0, 1.0, 0.0, 0.748696, 0.0, 0.0, 0.0, 1.0],
                [1.0, 0.0, 0.0, -5e-06, 0.0, 0.0, -1.0, 1.630179, 0.0, 1.0, 0.0, 0.752044, 0.0, 0.0, 0.0, 1.0],
                [1.0, 0.0, 0.0, -5e-06, 0.0, 0.0, -1.0, 1.642817, 0.0, 1.0, 0.0, 0.754865, 0.0, 0.0, 0.0, 1.0],
                [1.0, 0.0, 0.0, -5e-06, 0.0, 0.0, -1.0, 1.655246, 0.0, 1.0, 0.0, 0.757203, 0.0, 0.0, 0.0, 1.0],
                [1.0, 0.0, 0.0, -5e-06, 0.0, 0.0, -1.0, 1.667256, 0.0, 1.0, 0.0, 0.759104, 0.0, 0.0, 0.0, 1.0],
                [1.0, 0.0, 0.0, -5e-06, 0.0, 0.0, -1.0, 1.678638, 0.0, 1.0, 0.0, 0.760612, 0.0, 0.0, 0.0, 1.0],
                [1.0, 0.0, 0.0, -5e-06, 0.0, 0.0, -1.0, 1.689181, 0.0, 1.0, 0.0, 0.761774, 0.0, 0.0, 0.0, 1.0],
                [1.0, 0.0, 0.0, -5e-06, 0.0, 0.0, -1.0, 1.698678, 0.0, 1.0, 0.0, 0.762633, 0.0, 0.0, 0.0, 1.0],
                [1.0, 0.0, 0.0, -5e-06, 0.0, 0.0, -1.0, 1.706917, 0.0, 1.0, 0.0, 0.763235, 0.0, 0.0, 0.0, 1.0],
                [1.0, 0.0, 0.0, -5e-06, 0.0, 0.0, -1.0, 1.71369, 0.0, 1.0, 0.0, 0.763625, 0.0, 0.0, 0.0, 1.0],
                [1.0, 0.0, 0.0, -5e-06, 0.0, 0.0, -1.0, 1.718788, 0.0, 1.0, 0.0, 0.763847, 0.0, 0.0, 0.0, 1.0],
                [1.0, 0.0, 0.0, -5e-06, 0.0, 0.0, -1.0, 1.722, 0.0, 1.0, 0.0, 0.763948, 0.0, 0.0, 0.0, 1.0],
                [1.0, 0.0, 0.0, -5e-06, 0.0, 0.0, -1.0, 1.723117, 0.0, 1.0, 0.0, 0.763972, 0.0, 0.0, 0.0, 1.0]
            ]
        },
        {
            "name": "Thigh_R",
            "time": [0.0, 0.0167, 0.0333, 0.05, 0.0667, 0.0833, 0.1, 0.1167, 0.1333, 0.15, 0.1667, 0.1833, 0.2, 0.2167, 0.2333, 0.25, 0.2667, 0.2833, 0.3, 0.3167, 0.3333, 0.35, 0.3667, 0.3833, 0.4, 0.4167, 0.4333, 0.45, 0.4667, 0.4833, 0.5, 0.5167, 0.5333, 0.55, 0.5667, 0.5833, 0.6, 0.6167, 0.6333, 0.65, 0.6667, 0.6833, 0.7, 0.7167, 0.7333, 0.75, 0.7667, 0.7833, 0.8, 0.8167, 0.8333, 0.85, 0.8667, 0.8833, 0.9, 0.9167, 0.9333, 0.95, 0.9667, 0.9833, 1.0, 1.0167, 1.0333, 1.05, 1.0667, 1.0833, 1.1, 1.1167, 1.1333, 1.15, 1.1667, 1.1833, 1.2, 1.2167, 1.2333, 1.25, 1.2667, 1.2833, 1.3, 1.3167, 1.3333, 1.35, 1.3667, 1.3833, 1.4, 1.4167, 1.4333, 1.45, 1.4667, 1.4833, 1.5, 1.5167],
            "transform": [
                [0.936923, 0.045908, -0.346508, 0.124994, 0.100987, -0.984612, 0.142608, -0.002831, -0.334629, -0.168605, -0.927144, -1.2e-05, 0.0, 0.0, 0.0, 1.0],
                [0.935751, 0.044836, -0.349799, 0.124994, 0.100893, -0.984461, 0.143713, -0.002831, -0.33792, -0.169771, -0.925737, -1.2e-05, 0.0, 0.0, 0.0, 1.0],
                [0.932319, 0.04173, -0.35922, 0.124994, 0.100646, -0.984015, 0.146902, -0.002831, -0.347349, -0.173113, -0.921619, -1.2e-05, 0.0, 0.0, 0.0, 1.0],
                [0.926674, 0.036729, -0.374067, 0.124994, 0.100326, -0.983275, 0.151989, -0.002831, -0.362229, -0.178372, -0.914863, -1.2e-05, 0.0, 0.0, 0.0, 1.0],
                [0.918794, 0.029945, -0.393598, 0.124994, 0.100036, -0.98223, 0.158788, -0.002831, -0.38185, -0.185266, -0.905465, -1.2e-05, 0.0, 0.0, 0.0, 1.0],
                [0.908631, 0.021482, -0.417046, 0.124994, 0.099891, -0.980863, 0.167109, -0.002831, -0.405476, -0.193498, -0.893391, -1.2e-05, 0.0, 0.0, 0.0, 1.0],
                [0.896144, 0.011452, -0.443615, 0.124994, 0.100009, -0.979159, 0.176751, -0.002831, -0.432347, -0.202759, -0.878615, -1.2e-05, 0.0, 0.0, 0.0, 1.0],
                [0.881334, -1.9e-05, -0.472493, 0.124994, 0.100503, -0.977107, 0.187505, -0.002831, -0.46168, -0.21274, -0.861158, -1.2e-05, 0.0, 0.0, 0.0, 1.0],
                [0.864272, -0.012771, -0.502862, 0.124994, 0.101467, -0.974701, 0.199145, -0.002831, -0.492684, -0.223139, -0.841113, -1.2e-05, 0.0, 0.0, 0.0, 1.0],
                [0.845116, -0.026615, -0.53392, 0.124994, 0.102973, -0.971949, 0.211441, -0.002831, -0.524571, -0.23367, -0.818672, -1.2e-05, 0.0, 0.0, 0.0, 1.0],
                [0.824127, -0.041323, -0.564896, 0.124994, 0.105062, -0.968873, 0.224151, -0.002831, -0.556575, -0.244077, -0.794135, -1.2e-05, 0.0, 0.0, 0.0, 1.0],
                [0.801672, -0.056634, -0.595075, 0.124994, 0.107742, -0.965506, 0.237036, -0.002831, -0.587974, -0.254138, -0.767919, -1.2e-05, 0.0, 0.0, 0.0, 1.0],
                [0.778221, -0.072252, -0.62382, 0.124994, 0.110982, -0.961899, 0.249861, -0.002831, -0.618105, -0.263679, -0.740553, -1.2e-05, 0.0, 0.0, 0.0, 1.0],
                [0.754337, -0.087861, -0.650581, 0.124994, 0.114715, -0.958113, 0.262403, -0.002831, -0.646386, -0.272571, -0.712664, -1.2e-05, 0.0, 0.0, 0.0, 1.0],
                [0.730657, -0.103125, -0.674911, 0.124994, 0.11884, -0.954225, 0.27446, -0.002831, -0.672322, -0.280742, -0.684958, -1.2e-05, 0.0, 0.0, 0.0, 1.0],
                [0.707873, -0.117701, -0.696464, 0.124994, 0.123226, -0.950317, 0.285848, -0.002831, -0.695507, -0.288166, -0.658202, -1.2e-05, 0.0, 0.0, 0.0, 1.0],
                [0.68671, -0.131245, -0.714986, 0.124994, 0.12772, -0.946481, 0.296408, -0.002831, -0.715623, -0.294864, -0.633197, -1.2e-05, 0.0, 0.0, 0.0, 1.0],
                [0.667903, -0.143414, -0.7303, 0.124994, 0.132151, -0.942811, 0.306006, -0.002831, -0.732422, -0.300891, -0.610755, -1.2e-05, 0.0, 0.0, 0.0, 1.0],
                [0.652181, -0.153874, -0.742282, 0.124994, 0.136338, -0.939404, 0.314528, -0.002831, -0.745702, -0.306329, -0.591684, -1.2e-05, 0.0, 0.0, 0.0, 1.0],
                [0.64025, -0.162299, -0.750826, 0.124994, 0.1401, -0.936358, 0.321871, -0.002831, -0.755282, -0.311268, -0.576767, -1.2e-05, 0.0, 0.0, 0.0, 1.0],
                [0.632776, -0.168363, -0.755809, 0.124994, 0.14326, -0.933769, 0.327945, -0.002831, -0.760966, -0.315792, -0.56675, -1.2e-05, 0.0, 0.0, 0.0, 1.0],
                [0.630379, -0.171744, -0.757051, 0.124994, 0.14565, -0.931732, 0.332652, -0.002831, -0.762501, -0.31996, -0.562332, -1.2e-05, 0.0, 0.0, 0.0, 1.0],
                [0.639448, -0.163068, -0.751342, 0.124994, 0.15416, -0.930205, 0.333091, -0.002831, -0.75322, -0.32882, -0.569681, -1.2e-05, 0.0, 0.0, 0.0, 1.0],
                [0.663539, -0.135887, -0.735698, 0.124994, 0.174206, -0.928271, 0.328576, -0.002831, -0.727577, -0.346184, -0.592273, -1.2e-05, 0.0, 0.0, 0.0, 1.0],
                [0.698275, -0.093965, -0.709635, 0.124994, 0.203461, -0.924405, 0.322607, -0.002831, -0.686305, -0.36965, -0.626373, -1.2e-05, 0.0, 0.0, 0.0, 1.0],
                [0.738814, -0.041121, -0.672654, 0.124994, 0.239269, -0.917099, 0.318867, -0.002831, -0.630003, -0.396527, -0.667729, -1.2e-05, 0.0, 0.0, 0.0, 1.0],
                [0.780431, 0.018403, -0.62497, 0.124994, 0.278334, -0.905286, 0.320912, -0.002831, -0.559872, -0.424399, -0.711638, -1.2e-05, 0.0, 0.0, 0.0, 1.0],
                [0.819186, 0.079888, -0.567937, 0.124994, 0.316692, -0.888601, 0.3318, -0.002831, -0.478163, -0.451665, -0.753232, -1.2e-05, 0.0, 0.0, 0.0, 1.0],
                [0.852515, 0.138363, -0.504058, 0.124994, 0.349931, -0.867421, 0.353732, -0.002831, -0.388287, -0.477946, -0.787909, -1.2e-05, 0.0, 0.0, 0.0, 1.0],
                [0.879579, 0.188971, -0.436612, 0.124994, 0.373561, -0.842622, 0.387862, -0.002831, -0.294605, -0.504255, -0.811747, -1.2e-05, 0.0, 0.0, 0.0, 1.0],
                [0.901218, 0.227256, -0.369, 0.124994, 0.383369, -0.815107, 0.434311, -0.002831, -0.202075, -0.53287, -0.821714, -1.2e-05, 0.0, 0.0, 0.0, 1.0],
                [0.919485, 0.249221, -0.304031, 0.124994, 0.375616, -0.785172, 0.492356, -0.002831, -0.116011, -0.566912, -0.815568, -1.2e-05, 0.0, 0.0, 0.0, 1.0],
                [0.947068, 0.217667, -0.235973, 0.124994, 0.317011, -0.750074, 0.580423, -0.002831, -0.050658, -0.624504, -0.779376, -1.2e-05, 0.0, 0.0, 0.0, 1.0],
                [0.979988, 0.126245, -0.153896, 0.124994, 0.198016, -0.697114, 0.689072, -0.002831, -0.020292, -0.705755, -0.708164, -1.2e-05, 0.0, 0.0, 0.0, 1.0],
                [0.997912, 0.017255, -0.062227, 0.124994, 0.059443, -0.621943, 0.780802, -0.002831, -0.025229, -0.78287, -0.621672, -1.2e-05, 0.0, 0.0, 0.0, 1.0],
                [0.99743, -0.069758, 0.016322, 0.124994, -0.051918, -0.546825, 0.835635, -0.002831, -0.049367, -0.834333, -0.549043, -1.2e-05, 0.0, 0.0, 0.0, 1.0],
                [0.993279, -0.104629, 0.049478, 0.124994, -0.096493, -0.512574, 0.853204, -0.002831, -0.063909, -0.852242, -0.519227, -1.2e-05, 0.0, 0.0, 0.0, 1.0],
                [0.993279, -0.104629, 0.049478, 0.124994, -0.096493, -0.512574, 0.853204, -0.002831, -0.063909, -0.852242, -0.519227, -1.2e-05, 0.0, 0.0, 0.0, 1.0],
                [0.993279, -0.104629, 0.049478, 0.124994, -0.096493, -0.512574, 0.853204, -0.002831, -0.063909, -0.852242, -0.519227, -1.2e-05, 0.0, 0.0, 0.0, 1.0],
                [0.993279, -0.104629, 0.049478, 0.124994, -0.096493, -0.512574, 0.853204, -0.002831, -0.063909, -0.852242, -0.519227, -1.2e-05, 0.0, 0.0, 0.0, 1.0],
                [0.993279, -0.104629, 0.049478, 0.124994, -0.096493, -0.512574, 0.853204, -0.002831, -0.063909, -0.852242, -0.519227, -1.2e-05, 0.0, 0.0, 0.0, 1.0],
                [0.993279, -0.104629, 0.049478, 0.124994, -0.096493, -0.512574, 0.853204, -0.002831, -0.063909, -0.852242, -0.519227, -1.2e-05, 0.0, 0.0, 0.0, 1.0],
                [0.993279, -0.104629, 0.049478, 0.124994, -0.096493, -0.512574, 0.853204, -0.002831, -0.063909, -0.852242, -0.519227, -1.2e-05, 0.0, 0.0, 0.0, 1.0],
                [0.993279, -0.104629, 0.049478, 0.124994, -0.096493, -0.512574, 0.853204, -0.002831, -0.063909, -0.852242, -0.519227, -1.2e-05, 0.0, 0.0, 0.0, 1.0],
                [0.993279, -0.104629, 0.049478, 0.124994, -0.096493, -0.512574, 0.853204, -0.002831, -0.063909, -0.852242, -0.519227, -1.2e-05, 0.0, 0.0, 0.0, 1.0],
                [0.993279, -0.104629, 0.049478, 0.124994, -0.096493, -0.512574, 0.853204, -0.002831, -0.063909, -0.852242, -0.519227, -1.2e-05, 0.0, 0.0, 0.0, 1.0],
                [0.993279, -0.104629, 0.049478, 0.124994, -0.096493, -0.512574, 0.853204, -0.002831, -0.063909, -0.852242, -0.519227, -1.2e-05, 0.0, 0.0, 0.0, 1.0],
                [0.993279, -0.104629, 0.049478, 0.124994, -0.096493, -0.512574, 0.853204, -0.002831, -0.063909, -0.852242, -0.519227, -1.2e-05, 0.0, 0.0, 0.0, 1.0],
                [0.993279, -0.104629, 0.049478, 0.124994, -0.096493, -0.512574, 0.853204, -0.002831, -0.063909, -0.852242, -0.519227, -1.2e-05, 0.0, 0.0, 0.0, 1.0],
                [0.993279, -0.104629, 0.049478, 0.124994, -0.096493, -0.512574, 0.853204, -0.002831, -0.063909, -0.852242, -0.519227, -1.2e-05, 0.0, 0.0, 0.0, 1.0],
                [0.993279, -0.104629, 0.049478, 0.124994, -0.096493, -0.512574, 0.853204, -0.002831, -0.063909, -0.852242, -0.519227, -1.2e-05, 0.0, 0.0, 0.0, 1.0],
                [0.993279, -0.104629, 0.049478, 0.124994, -0.096493, -0.512574, 0.853204, -0.002831, -0.063909, -0.852242, -0.519227, -1.2e-05, 0.0, 0.0, 0.0, 1.0],
                [0.993316, -0.104096, 0.049868, 0.124994, -0.096641, -0.513803, 0.852447, -0.002831, -0.063114, -0.851566, -0.520431, -1.2e-05, 0.0, 0.0, 0.0, 1.0],
                [0.99342, -0.102536, 0.051017, 0.124994, -0.097067, -0.517407, 0.850216, -0.002831, -0.060781, -0.849572, -0.523957, -1.2e-05, 0.0, 0.0, 0.0, 1.0],
                [0.993579, -0.100007, 0.0529, 0.124994, -0.097739, -0.52325, 0.846556, -0.002831, -0.056981, -0.846288, -0.529666, -1.2e-05, 0.0, 0.0, 0.0, 1.0],
                [0.993777, -0.096572, 0.055499, 0.124994, -0.098614, -0.531193, 0.841492, -0.002831, -0.051784, -0.841726, -0.537413, -1.2e-05, 0.0, 0.0, 0.0, 1.0],
                [0.993993, -0.092298, 0.058801, 0.124994, -0.099641, -0.541093, 0.835038, -0.002831, -0.045256, -0.83588, -0.547042, -1.2e-05, 0.0, 0.0, 0.0, 1.0],
                [0.994204, -0.087254, 0.062799, 0.124994, -0.100765, -0.552799, 0.827199, -0.002831, -0.037461, -0.828731, -0.558389, -1.2e-05, 0.0, 0.0, 0.0, 1.0],
                [0.994385, -0.081511, 0.067486, 0.124994, -0.101922, -0.566154, 0.817974, -0.002831, -0.028466, -0.820257, -0.571284, -1.2e-05, 0.0, 0.0, 0.0, 1.0],
                [0.994507, -0.075145, 0.072858, 0.124994, -0.103047, -0.580995, 0.807357, -0.002831, -0.018338, -0.810428, -0.585549, -1.2e-05, 0.0, 0.0, 0.0, 1.0],
                [0.994543, -0.068233, 0.07891, 0.124994, -0.104073, -0.597153, 0.795346, -0.002831, -0.007148, -0.799217, -0.600998, -1.2e-05, 0.0, 0.0, 0.0, 1.0],
                [0.994466, -0.060856, 0.085631, 0.124994, -0.104933, -0.614453, 0.781943, -0.002831, 0.00503, -0.7866, -0.617441, -1.2e-05, 0.0, 0.0, 0.0, 1.0],
                [0.994248, -0.053098, 0.093013, 0.124994, -0.105558, -0.632714, 0.767157, -0.002831, 0.018116, -0.77256, -0.634681, -1.2e-05, 0.0, 0.0, 0.0, 1.0],
                [0.993862, -0.045043, 0.101037, 0.124994, -0.105885, -0.651749, 0.751006, -0.002831, 0.032023, -0.757093, -0.65252, -1.2e-05, 0.0, 0.0, 0.0, 1.0],
                [0.993286, -0.036776, 0.109681, 0.124994, -0.105854, -0.671369, 0.733523, -0.002831, 0.046661, -0.740207, -0.670757, -1.2e-05, 0.0, 0.0, 0.0, 1.0],
                [0.992498, -0.028383, 0.118918, 0.124994, -0.105411, -0.691384, 0.714754, -0.002831, 0.061931, -0.721926, -0.689192, -1.2e-05, 0.0, 0.0, 0.0, 1.0],
                [0.991481, -0.019949, 0.128711, 0.124994, -0.104509, -0.711605, 0.694762, -0.002831, 0.077731, -0.702294, -0.70763, -1.2e-05, 0.0, 0.0, 0.0, 1.0],
                [0.990222, -0.011557, 0.139016, 0.124994, -0.10311, -0.731843, 0.673626, -0.002831, 0.093953, -0.681372, -0.725881, -1.2e-05, 0.0, 0.0, 0.0, 1.0],
                [0.988713, -0.003285, 0.149782, 0.124994, -0.101186, -0.751917, 0.651444, -0.002831, 0.110485, -0.659246, -0.743765, -1.2e-05, 0.0, 0.0, 0.0, 1.0],
                [0.98695, 0.004792, 0.160951, 0.124994, -0.098721, -0.771655, 0.628331, -0.002831, 0.12721, -0.636019, -0.761115, -1.2e-05, 0.0, 0.0, 0.0, 1.0],
                [0.984936, 0.012605, 0.172457, 0.124994, -0.095708, -0.790895, 0.604419, -0.002831, 0.144015, -0.611818, -0.777777, -1.2e-05, 0.0, 0.0, 0.0, 1.0],
                [0.982678, 0.020093, 0.184228, 0.124994, -0.092156, -0.809489, 0.579855, -0.002831, 0.160782, -0.586787, -0.793618, -1.2e-05, 0.0, 0.0, 0.0, 1.0],
                [0.980189, 0.027202, 0.196185, 0.124994, -0.088084, -0.827306, 0.5548, -0.002831, 0.177397, -0.561088, -0.808523, -1.2e-05, 0.0, 0.0, 0.0, 1.0],
                [0.977489, 0.033887, 0.208247, 0.124994, -0.083523, -0.844232, 0.529427, -0.002831, 0.19375, -0.534901, -0.822399, -1.2e-05, 0.0, 0.0, 0.0, 1.0],
                [0.9746, 0.040114, 0.220329, 0.124994, -0.078517, -0.860173, 0.503918, -0.002831, 0.209736, -0.508417, -0.835178, -1.2e-05, 0.0, 0.0, 0.0, 1.0],
                [0.971552, 0.045856, 0.232344, 0.124994, -0.073121, -0.875057, 0.478461, -0.002831, 0.225255, -0.481838, -0.846813, -1.2e-05, 0.0, 0.0, 0.0, 1.0],
                [0.968376, 0.051098, 0.244204, 0.124994, -0.067397, -0.888832, 0.453246, -0.002831, 0.240217, -0.455371, -0.857282, -1.2e-05, 0.0, 0.0, 0.0, 1.0],
                [0.96511, 0.055835, 0.255821, 0.124994, -0.06142, -0.901466, 0.428467, -0.002831, 0.254538, -0.429229, -0.866587, -1.2e-05, 0.0, 0.0, 0.0, 1.0],
                [0.961792, 0.060069, 0.26711, 0.124994, -0.055267, -0.912947, 0.404313, -0.002831, 0.268144, -0.403626, -0.874748, -1.2e-05, 0.0, 0.0, 0.0, 1.0],
                [0.958463, 0.063811, 0.277987, 0.124994, -0.049025, -0.923284, 0.380972, -0.002831, 0.280972, -0.378775, -0.881807, -1.2e-05, 0.0, 0.0, 0.0, 1.0],
                [0.955165, 0.067081, 0.288373, 0.124994, -0.042782, -0.932499, 0.358625, -0.002831, 0.292965, -0.354883, -0.887823, -1.2e-05, 0.0, 0.0, 0.0, 1.0],
                [0.951943, 0.069902, 0.29819, 0.124994, -0.036631, -0.940629, 0.337447, -0.002831, 0.304075, -0.332152, -0.892868, -1.2e-05, 0.0, 0.0, 0.0, 1.0],
                [0.94884, 0.072306, 0.307366, 0.124994, -0.030663, -0.947725, 0.317605, -0.002831, 0.314264, -0.31078, -0.897025, -1.2e-05, 0.0, 0.0, 0.0, 1.0],
                [0.945899, 0.074324, 0.315832, 0.124994, -0.024972, -0.953843, 0.299259, -0.002831, 0.323497, -0.290955, -0.900386, -1.2e-05, 0.0, 0.0, 0.0, 1.0],
                [0.943164, 0.075993, 0.323522, 0.124994, -0.019649, -0.959046, 0.28256, -0.002831, 0.331745, -0.272856, -0.903047, -1.2e-05, 0.0, 0.0, 0.0, 1.0],
                [0.940675, 0.077349, 0.330374, 0.124994, -0.014784, -0.9634, 0.267654, -0.002831, 0.338986, -0.256659, -0.905105, -1.2e-05, 0.0, 0.0, 0.0, 1.0],
                [0.938473, 0.078427, 0.336329, 0.124994, -0.010462, -0.966967, 0.25468, -0.002831, 0.345193, -0.242528, -0.906654, -1.2e-05, 0.0, 0.0, 0.0, 1.0],
                [0.936596, 0.079261, 0.341329, 0.124994, -0.006767, -0.969807, 0.243772, -0.002831, 0.350345, -0.230624, -0.907783, -1.2e-05, 0.0, 0.0, 0.0, 1.0],
                [0.93508, 0.079879, 0.345318, 0.124994, -0.003775, -0.971971, 0.235061, -0.002831, 0.354416, -0.221104, -0.908572, -1.2e-05, 0.0, 0.0, 0.0, 1.0],
                [0.93396, 0.080304, 0.348238, 0.124994, -0.00156, -0.973499, 0.228677, -0.002831, 0.357374, -0.214118, -0.909086, -1.2e-05, 0.0, 0.0, 0.0, 1.0],
                [0.933267, 0.080555, 0.350034, 0.124994, -0.000188, -0.974414, 0.22475, -0.002831, 0.359183, -0.209817, -0.909376, -1.2e-05, 0.0, 0.0, 0.0, 1.0],
                [0.93303, 0.080639, 0.350645, 0.124994, 0.000282, -0.974722, 0.223412, -0.002831, 0.359798, -0.20835, -0.90947, -1.2e-05, 0.0, 0.0, 0.0, 1.0]
            ]
        },
        {
            "name": "Leg_R",
            "time": [0.0, 0.0167, 0.0333, 0.05, 0.0667, 0.0833, 0.1, 0.1167, 0.1333, 0.15, 0.1667, 0.1833, 0.2, 0.2167, 0.2333, 0.25, 0.2667, 0.2833, 0.3, 0.3167, 0.3333, 0.35, 0.3667, 0.3833, 0.4, 0.4167, 0.4333, 0.45, 0.4667, 0.4833, 0.5, 0.5167, 0.5333, 0.55, 0.5667, 0.5833, 0.6, 0.6167, 0.6333, 0.65, 0.6667, 0.6833, 0.7, 0.7167, 0.7333, 0.75, 0.7667, 0.7833, 0.8, 0.8167, 0.8333, 0.85, 0.8667, 0.8833, 0.9, 0.9167, 0.9333, 0.95, 0.9667, 0.9833, 1.0, 1.0167, 1.0333, 1.05, 1.0667, 1.0833, 1.1, 1.1167, 1.1333, 1.15, 1.1667, 1.1833, 1.2, 1.2167, 1.2333, 1.25, 1.2667, 1.2833, 1.3, 1.3167, 1.3333, 1.35, 1.3667, 1.3833, 1.4, 1.4167, 1.4333, 1.45, 1.4667, 1.4833, 1.5, 1.5167],
            "transform": [
                [1.0, 0.0, 1e-06, -0.0, -0.0, 0.954139, 0.299365, 0.37472, -1e-06, -0.299366, 0.954138, 0.0, 0.0, 0.0, 0.0, 1.0],
                [1.0, 0.0, 1e-06, -0.0, -0.0, 0.954131, 0.299391, 0.37472, -1e-06, -0.299391, 0.95413, -0.0, 0.0, 0.0, 0.0, 1.0],
                [1.0, 0.0, 1e-06, -0.0, -0.0, 0.954075, 0.29957, 0.37472, -1e-06, -0.29957, 0.954074, 0.0, 0.0, 0.0, 0.0, 1.0],
                [1.0, 0.0, 1e-06, -0.0, -0.0, 0.953922, 0.300057, 0.37472, -1e-06, -0.300057, 0.953921, 0.0, 0.0, 0.0, 0.0, 1.0],
                [1.0, 0.0, 1e-06, 0.0, -0.0, 0.953623, 0.301004, 0.37472, -1e-06, -0.301005, 0.953622, 0.0, 0.0, 0.0, 0.0, 1.0],
                [1.0, 0.0, 1e-06, -0.0, -0.0, 0.953129, 0.302567, 0.37472, -1e-06, -0.302567, 0.953127, 0.0, 0.0, 0.0, 0.0, 1.0],
                [1.0, 0.0, 1e-06, -0.0, -0.0, 0.952386, 0.304898, 0.37472, -1e-06, -0.304898, 0.952384, 0.0, 0.0, 0.0, 0.0, 1.0],
                [1.0, -0.0, 1e-06, 0.0, -0.0, 0.951338, 0.308152, 0.37472, -1e-06, -0.308152, 0.951337, -0.0, 0.0, 0.0, 0.0, 1.0],
                [1.0, -0.0, 1e-06, 0.0, -0.0, 0.949924, 0.312482, 0.37472, -1e-06, -0.312482, 0.949923, 0.0, 0.0, 0.0, 0.0, 1.0],
                [1.0, -0.0, 1e-06, 0.0, -0.0, 0.948077, 0.318043, 0.37472, -1e-06, -0.318044, 0.948075, 0.0, 0.0, 0.0, 0.0, 1.0],
                [1.0, 0.0, 1e-06, 0.0, -0.0, 0.945718, 0.32499, 0.37472, -1e-06, -0.32499, 0.945717, 0.0, 0.0, 0.0, 0.0, 1.0],
                [1.0, -0.0, 1e-06, 0.0, -0.0, 0.94276, 0.333475, 0.37472, -1e-06, -0.333475, 0.942758, -0.0, 0.0, 0.0, 0.0, 1.0],
                [1.0, -0.0, 1e-06, 0.0, -0.0, 0.939098, 0.343651, 0.37472, -1e-06, -0.343652, 0.939097, 0.0, 0.0, 0.0, 0.0, 1.0],
                [1.0, -0.0, 1e-06, 0.0, -0.0, 0.934612, 0.355669, 0.37472, -1e-06, -0.35567, 0.934611, 0.0, 0.0, 0.0, 0.0, 1.0],
                [1.0, -0.0, 1e-06, 0.0, -0.0, 0.929161, 0.369678, 0.37472, -1e-06, -0.369679, 0.929159, -0.0, 0.0, 0.0, 0.0, 1.0],
                [1.0, -0.0, 1e-06, 0.0, -0.0, 0.922575, 0.385819, 0.37472, -1e-06, -0.38582, 0.922573, 0.0, 0.0, 0.0, 0.0, 1.0],
                [1.0, -0.0, 1e-06, -0.0, -0.0, 0.914659, 0.404228, 0.37472, -1e-06, -0.404228, 0.914658, 0.0, 0.0, 0.0, 0.0, 1.0],
                [1.0, -0.0, 1e-06, -0.0, -0.0, 0.905181, 0.425026, 0.37472, -1e-06, -0.425027, 0.90518, 0.0, 0.0, 0.0, 0.0, 1.0],
                [1.0, -0.0, 1e-06, -0.0, -0.0, 0.893873, 0.448321, 0.37472, -1e-06, -0.448322, 0.893872, 0.0, 0.0, 0.0, 0.0, 1.0],
                [1.0, -0.0, 1e-06, -0.0, -0.0, 0.880421, 0.474195, 0.37472, -1e-06, -0.474196, 0.880419, 0.0, 0.0, 0.0, 0.0, 1.0],
                [1.0, -0.0, 1e-06, 0.0, -0.0, 0.864463, 0.502697, 0.37472, -1e-06, -0.502698, 0.864462, -0.0, 0.0, 0.0, 0.0, 1.0],
                [1.0, -0.0, 1e-06, -0.0, -0.0, 0.84559, 0.533833, 0.37472, -1e-06, -0.533834, 0.845589, -0.0, 0.0, 0.0, 0.0, 1.0],
                [1.0, -0.0, 1e-06, -0.0, -0.0, 0.821936, 0.569581, 0.37472, -1e-06, -0.569582, 0.821935, -0.0, 0.0, 0.0, 0.0, 1.0],
                [1.0, -0.0, 1e-06, -0.0, -0.0, 0.791577, 0.61107, 0.37472, -1e-06, -0.61107, 0.791576, -0.0, 0.0, 0.0, 0.0, 1.0],
                [1.0, -0.0, 1e-06, -0.0, -0.0, 0.754022, 0.65685, 0.37472, -1e-06, -0.656851, 0.754021, 0.0, 0.0, 0.0, 0.0, 1.0],
                [1.0, -0.0, 1e-06, -0.0, -0.0, 0.709003, 0.705206, 0.37472, -1e-06, -0.705207, 0.709002, -0.0, 0.0, 0.0, 0.0, 1.0],
                [1.0, -0.0, 1e-06, -0.0, -0.0, 0.656723, 0.754132, 0.37472, -1e-06, -0.754133, 0.656722, -0.0, 0.0, 0.0, 0.0, 1.0],
                [1.0, -0.0, 1e-06, -0.0, -0.0, 0.598119, 0.801407, 0.37472, -1e-06, -0.801408, 0.598118, 0.0, 0.0, 0.0, 0.0, 1.0],
                [1.0, -1e-06, 1e-06, -0.0, -0.0, 0.535087, 0.844797, 0.37472, -1e-06, -0.844798, 0.535086, -0.0, 0.0, 0.0, 0.0, 1.0],
                [1.0, -1e-06, 1e-06, 0.0, -0.0, 0.470589, 0.882352, 0.37472, -1e-06, -0.882353, 0.470589, -0.0, 0.0, 0.0, 0.0, 1.0],
                [1.0, -1e-06, 1e-06, 0.0, -0.0, 0.408577, 0.912723, 0.37472, -1e-06, -0.912725, 0.408576, 0.0, 0.0, 0.0, 0.0, 1.0],
                [1.0, -1e-06, 0.0, -0.0, -0.0, 0.353675, 0.935368, 0.37472, -1e-06, -0.935369, 0.353675, -0.0, 0.0, 0.0, 0.0, 1.0],
                [1.0, -1e-06, 0.0, -0.0, -0.0, 0.306495, 0.951872, 0.37472, -1e-06, -0.951873, 0.306495, 0.0, 0.0, 0.0, 0.0, 1.0],
                [1.0, -1e-06, 0.0, 0.0, -0.0, 0.264507, 0.964383, 0.37472, -1e-06, -0.964384, 0.264507, 0.0, 0.0, 0.0, 0.0, 1.0],
                [1.0, -1e-06, 0.0, -0.0, -0.0, 0.227718, 0.973726, 0.37472, -1e-06, -0.973728, 0.227718, -0.0, 0.0, 0.0, 0.0, 1.0],
                [1.0, -1e-06, 0.0, -0.0, -0.0, 0.195991, 0.980605, 0.37472, -1e-06, -0.980606, 0.195991, 0.0, 0.0, 0.0, 0.0, 1.0],
                [1.0, -1e-06, 0.0, 0.0, -0.0, 0.169084, 0.985601, 0.37472, -1e-06, -0.985602, 0.169084, 0.0, 0.0, 0.0, 0.0, 1.0],
                [1.0, -1e-06, 0.0, 0.0, -0.0, 0.146683, 0.989183, 0.37472, -1e-06, -0.989184, 0.146683, 0.0, 0.0, 0.0, 0.0, 1.0],
                [1.0, -1e-06, 0.0, 0.0, -0.0, 0.128425, 0.991718, 0.37472, -1e-06, -0.99172, 0.128425, 0.0, 0.0, 0.0, 0.0, 1.0],
                [1.0, -1e-06, 0.0, -0.0, -0.0, 0.113914, 0.99349, 0.37472, -1e-06, -0.993491, 0.113914, -0.0, 0.0, 0.0, 0.0, 1.0],
                [1.0, -1e-06, 0.0, 0.0, -0.0, 0.102736, 0.994708, 0.37472, -1e-06, -0.994709, 0.102736, 0.0, 0.0, 0.0, 0.0, 1.0],
                [1.0, -1e-06, 0.0, 0.0, -0.0, 0.094466, 0.995527, 0.37472, -1e-06, -0.995529, 0.094466, 0.0, 0.0, 0.0, 0.0, 1.0],
                [1.0, -1e-06, 0.0, 0.0, -0.0, 0.088673, 0.99606, 0.37472, -1e-06, -0.996061, 0.088673, -0.0, 0.0, 0.0, 0.0, 1.0],
                [1.0, -1e-06, 0.0, 0.0, -0.0, 0.084922, 0.996387, 0.37472, -1e-06, -0.996388, 0.084922, -0.0, 0.0, 0.0, 0.0, 1.0],
                [1.0, -1e-06, 0.0, -0.0, -0.0, 0.082781, 0.996567, 0.37472, -1e-06, -0.996568, 0.08278, -0.0, 0.0, 0.0, 0.0, 1.0],
                [1.0, -1e-06, 0.0, -0.0, -0.0, 0.081814, 0.996647, 0.37472, -1e-06, -0.996648, 0.081814, 0.0, 0.0, 0.0, 0.0, 1.0],
                [1.0, -1e-06, 0.0, 0.0, -0.0, 0.081588, 0.996665, 0.37472, -1e-06, -0.996667, 0.081587, -0.0, 0.0, 0.0, 0.0, 1.0],
                [1.0, -1e-06, 0.0, 0.0, -0.0, 0.081588, 0.996665, 0.37472, -1e-06, -0.996667, 0.081587, -0.0, 0.0, 0.0, 0.0, 1.0],
                [1.0, -1e-06, 0.0, 0.0, -0.0, 0.081588, 0.996665, 0.37472, -1e-06, -0.996667, 0.081587, -0.0, 0.0, 0.0, 0.0, 1.0],
                [1.0, -1e-06, 0.0, 0.0, -0.0, 0.081588, 0.996665, 0.37472, -1e-06, -0.996667, 0.081587, -0.0, 0.0, 0.0, 0.0, 1.0],
                [1.0, -1e-06, 0.0, 0.0, -0.0, 0.081588, 0.996665, 0.37472, -1e-06, -0.996667, 0.081587, -0.0, 0.0, 0.0, 0.0, 1.0],
                [1.0, -1e-06, 0.0, 0.0, -0.0, 0.081588, 0.996665, 0.37472, -1e-06, -0.996667, 0.081587, -0.0, 0.0, 0.0, 0.0, 1.0],
                [1.0, -1e-06, 0.0, 0.0, -0.0, 0.085691, 0.996321, 0.37472, -1e-06, -0.996323, 0.08569, 0.0, 0.0, 0.0, 0.0, 1.0],
                [1.0, -1e-06, 0.0, 0.0, -0.0, 0.097656, 0.995219, 0.37472, -1e-06, -0.995221, 0.097656, 0.0, 0.0, 0.0, 0.0, 1.0],
                [1.0, -1e-06, 0.0, 0.0, -0.0, 0.11688, 0.993145, 0.37472, -1e-06, -0.993146, 0.11688, 0.0, 0.0, 0.0, 0.0, 1.0],
                [1.0, -1e-06, 0.0, -0.0, -0.0, 0.142651, 0.989772, 0.37472, -1e-06, -0.989774, 0.142651, -0.0, 0.0, 0.0, 0.0, 1.0],
                [1.0, -1e-06, 0.0, -0.0, -0.0, 0.174169, 0.984715, 0.37472, -1e-06, -0.984716, 0.174169, 0.0, 0.0, 0.0, 0.0, 1.0],
                [1.0, -1e-06, 0.0, 0.0, -0.0, 0.210554, 0.977581, 0.37472, -1e-06, -0.977583, 0.210554, -0.0, 0.0, 0.0, 0.0, 1.0],
                [1.0, -1e-06, 0.0, -0.0, -0.0, 0.250872, 0.968019, 0.37472, -1e-06, -0.968021, 0.250872, 0.0, 0.0, 0.0, 0.0, 1.0],
                [1.0, -1e-06, 0.0, 0.0, -0.0, 0.294158, 0.955756, 0.37472, -1e-06, -0.955757, 0.294158, -0.0, 0.0, 0.0, 0.0, 1.0],
                [1.0, -1e-06, 0.0, 0.0, -0.0, 0.339449, 0.940624, 0.37472, -1e-06, -0.940625, 0.339449, -0.0, 0.0, 0.0, 0.0, 1.0],
                [1.0, -1e-06, 0.0, 0.0, -0.0, 0.385813, 0.922576, 0.37472, -1e-06, -0.922578, 0.385812, -0.0, 0.0, 0.0, 0.0, 1.0],
                [1.0, -1e-06, 1e-06, 0.0, -0.0, 0.432381, 0.90169, 0.37472, -1e-06, -0.901692, 0.43238, 0.0, 0.0, 0.0, 0.0, 1.0],
                [1.0, -1e-06, 1e-06, -0.0, -0.0, 0.478374, 0.878156, 0.37472, -1e-06, -0.878157, 0.478373, 0.0, 0.0, 0.0, 0.0, 1.0],
                [1.0, -0.0, 1e-06, 0.0, -0.0, 0.523123, 0.852257, 0.37472, -1e-06, -0.852258, 0.523122, 0.0, 0.0, 0.0, 0.0, 1.0],
                [1.0, -0.0, 1e-06, 0.0, -0.0, 0.566081, 0.82435, 0.37472, -1e-06, -0.824351, 0.56608, 0.0, 0.0, 0.0, 0.0, 1.0],
                [1.0, -0.0, 1e-06, 0.0, -0.0, 0.606822, 0.794837, 0.37472, -1e-06, -0.794838, 0.606821, -0.0, 0.0, 0.0, 0.0, 1.0],
                [1.0, -0.0, 1e-06, 0.0, -0.0, 0.645048, 0.764142, 0.37472, -1e-06, -0.764143, 0.645047, -0.0, 0.0, 0.0, 0.0, 1.0],
                [1.0, -0.0, 1e-06, -0.0, -0.0, 0.680566, 0.732686, 0.37472, -1e-06, -0.732687, 0.680565, -0.0, 0.0, 0.0, 0.0, 1.0],
                [1.0, -0.0, 1e-06, 0.0, -0.0, 0.713286, 0.700873, 0.37472, -1e-06, -0.700874, 0.713285, 0.0, 0.0, 0.0, 0.0, 1.0],
                [1.0, -0.0, 1e-06, 0.0, -0.0, 0.743195, 0.669075, 0.37472, -1e-06, -0.669076, 0.743194, 0.0, 0.0, 0.0, 0.0, 1.0],
                [1.0, -0.0, 1e-06, -0.0, -0.0, 0.770349, 0.637622, 0.37472, -1e-06, -0.637623, 0.770348, 0.0, 0.0, 0.0, 0.0, 1.0],
                [1.0, -0.0, 1e-06, -0.0, -0.0, 0.794851, 0.606804, 0.37472, -1e-06, -0.606805, 0.79485, -0.0, 0.0, 0.0, 0.0, 1.0],
                [1.0, -0.0, 1e-06, 0.0, -0.0, 0.81684, 0.576864, 0.37472, -1e-06, -0.576865, 0.816839, -0.0, 0.0, 0.0, 0.0, 1.0],
                [1.0, -0.0, 1e-06, -0.0, -0.0, 0.836478, 0.548001, 0.37472, -1e-06, -0.548002, 0.836477, -0.0, 0.0, 0.0, 0.0, 1.0],
                [1.0, -0.0, 1e-06, -0.0, -0.0, 0.853937, 0.520377, 0.37472, -1e-06, -0.520377, 0.853936, -0.0, 0.0, 0.0, 0.0, 1.0],
                [1.0, -0.0, 1e-06, -0.0, -0.0, 0.869396, 0.494116, 0.37472, -1e-06, -0.494117, 0.869395, 0.0, 0.0, 0.0, 0.0, 1.0],
                [1.0, -0.0, 1e-06, 0.0, -0.0, 0.883031, 0.469316, 0.37472, -1e-06, -0.469317, 0.88303, 0.0, 0.0, 0.0, 0.0, 1.0],
                [1.0, -0.0, 1e-06, 0.0, -0.0, 0.895011, 0.446046, 0.37472, -1e-06, -0.446046, 0.895009, -0.0, 0.0, 0.0, 0.0, 1.0],
                [1.0, -0.0, 1e-06, 0.0, -0.0, 0.905496, 0.424356, 0.37472, -1e-06, -0.424356, 0.905495, 0.0, 0.0, 0.0, 0.0, 1.0],
                [1.0, -0.0, 1e-06, 0.0, -0.0, 0.914635, 0.404281, 0.37472, -1e-06, -0.404282, 0.914634, 0.0, 0.0, 0.0, 0.0, 1.0],
                [1.0, -0.0, 1e-06, 0.0, -0.0, 0.922564, 0.385846, 0.37472, -1e-06, -0.385846, 0.922563, 0.0, 0.0, 0.0, 0.0, 1.0],
                [1.0, -0.0, 1e-06, -0.0, -0.0, 0.929404, 0.369064, 0.37472, -1e-06, -0.369065, 0.929403, 0.0, 0.0, 0.0, 0.0, 1.0],
                [1.0, -0.0, 1e-06, -0.0, -0.0, 0.935265, 0.353949, 0.37472, -1e-06, -0.35395, 0.935264, 0.0, 0.0, 0.0, 0.0, 1.0],
                [1.0, -0.0, 1e-06, -0.0, -0.0, 0.940241, 0.34051, 0.37472, -1e-06, -0.340511, 0.94024, 0.0, 0.0, 0.0, 0.0, 1.0],
                [1.0, -0.0, 1e-06, -0.0, -0.0, 0.944414, 0.328759, 0.37472, -1e-06, -0.32876, 0.944413, 0.0, 0.0, 0.0, 0.0, 1.0],
                [1.0, 0.0, 1e-06, -0.0, -0.0, 0.947852, 0.318712, 0.37472, -1e-06, -0.318713, 0.947851, 0.0, 0.0, 0.0, 0.0, 1.0],
                [1.0, 0.0, 1e-06, -0.0, -0.0, 0.95061, 0.310391, 0.37472, -1e-06, -0.310391, 0.950608, -0.0, 0.0, 0.0, 0.0, 1.0],
                [1.0, 0.0, 1e-06, -0.0, -0.0, 0.952728, 0.303826, 0.37472, -1e-06, -0.303826, 0.952727, -0.0, 0.0, 0.0, 0.0, 1.0],
                [1.0, 0.0, 1e-06, 0.0, -0.0, 0.954235, 0.299059, 0.37472, -1e-06, -0.299059, 0.954234, -0.0, 0.0, 0.0, 0.0, 1.0],
                [1.0, 0.0, 1e-06, 0.0, -0.0, 0.955144, 0.296144, 0.37472, -1e-06, -0.296145, 0.955142, -0.0, 0.0, 0.0, 0.0, 1.0],
