{
    "animation": [
        {
            "name": "Root",
            "time": [0.0, 0.0167, 0.0333, 0.05, 0.0667, 0.0833, 0.1, 0.1167, 0.1333, 0.15, 0.1667, 0.1833, 0.2, 0.2167, 0.2333, 0.25, 0.2667, 0.2833, 0.3, 0.3167, 0.3333, 0.35, 0.3667, 0.3833, 0.4, 0.4167, 0.4333, 0.45, 0.4667, 0.4833, 0.5, 0.5167, 0.5333, 0.55, 0.5667, 0.5833, 0.6, 0.6167, 0.6333, 0.65, 0.6667, 0.6833, 0.7, 0.7167, 0.7333, 0.75, 0.7667, 0.7833, 0.8, 0.8167, 0.8333, 0.85, 0.8667, 0.8833, 0.9, 0.9167, 0.9333, 0.95, 0.9667, 0.9833, 1.0, 1.0167, 1.0333, 1.05, 1.0667, 1.0833, 1.1, 1.1167, 1.1333, 1.15, 1.1667, 1.1833, 1.2, 1.2167, 1.2333, 1.25, 1.2667, 1.2833, 1.3, 1.3167, 1.3333, 1.35, 1.3667, 1.3833, 1.4, 1.4167, 1.4333, 1.45, 1.4667, 1.4833, 1.5, 1.5167, 1.5333, 1.55, 1.5667, 1.5833, 1.6, 1.6167, 1.6333, 1.65, 1.6667, 1.6833, 1.7, 1.7167, 1.7333, 1.75, 1.7667, 1.7833, 1.8, 1.8167, 1.8333, 1.85, 1.8667, 1.8833, 1.9, 1.9167, 1.9333, 1.95, 1.9667, 1.9833, 2.0],
            "transform": [
                [0.910048, 0.0, -0.414502, -5e-06, -0.414502, 0.0, -0.910048, 0.000946, 0.0, 1.0, 0.0, 0.700842, 0.0, 0.0, 0.0, 1.0],
                [0.910734, 0.0, -0.412993, -0.001515, -0.412993, 0.0, -0.910734, 0.000975, 0.0, 1.0, 0.0, 0.700269, 0.0, 0.0, 0.0, 1.0],
                [0.912723, 0.0, -0.408579, -0.005649, -0.408579, 0.0, -0.912723, 0.001177, 0.0, 1.0, 0.0, 0.698758, 0.0, 0.0, 0.0, 1.0],
                [0.915894, 0.0, -0.401419, -0.011815, -0.401419, 0.0, -0.915894, 0.001726, 0.0, 1.0, 0.0, 0.696621, 0.0, 0.0, 0.0, 1.0],
                [0.92011, 0.0, -0.391661, -0.019418, -0.391661, 0.0, -0.92011, 0.002795, 0.0, 1.0, 0.0, 0.694171, 0.0, 0.0, 0.0, 1.0],
                [0.925214, 0.0, -0.379445, -0.027865, -0.379445, 0.0, -0.925214, 0.004557, 0.0, 1.0, 0.0, 0.691721, 0.0, 0.0, 0.0, 1.0],
                [0.931044, 0.0, -0.364908, -0.036564, -0.364908, 0.0, -0.931044, 0.007185, 0.0, 1.0, 0.0, 0.689584, 0.0, 0.0, 0.0, 1.0],
                [0.937424, 0.0, -0.348189, -0.044921, -0.348189, 0.0, -0.937424, 0.010853, 0.0, 1.0, 0.0, 0.688073, 0.0, 0.0, 0.0, 1.0],
                [0.94418, 0.0, -0.32943, -0.052342, -0.32943, 0.0, -0.94418, 0.015733, 0.0, 1.0, 0.0, 0.687499, 0.0, 0.0, 0.0, 1.0],
                [0.951133, 0.0, -0.308782, -0.058359, -0.308782, 0.0, -0.951133, 0.0252, 0.0, 1.0, 0.0, 0.689889, 0.0, 0.0, 0.0, 1.0],
                [0.958109, 0.0, -0.286403, -0.063009, -0.286403, 0.0, -0.958109, 0.041238, 0.0, 1.0, 0.0, 0.696157, 0.0, 0.0, 0.0, 1.0],
                [0.964942, 0.0, -0.262465, -0.066453, -0.262465, 0.0, -0.964942, 0.061944, 0.0, 1.0, 0.0, 0.704954, 0.0, 0.0, 0.0, 1.0],
                [0.971473, 0.0, -0.23715, -0.06885, -0.23715, 0.0, -0.971473, 0.085412, 0.0, 1.0, 0.0, 0.714929, 0.0, 0.0, 0.0, 1.0],
                [0.977561, 0.0, -0.210654, -0.070363, -0.210654, 0.0, -0.977561, 0.109738, 0.0, 1.0, 0.0, 0.724732, 0.0, 0.0, 0.0, 1.0],
                [0.983078, 0.0, -0.183185, -0.071153, -0.183185, 0.0, -0.983078, 0.133017, 0.0, 1.0, 0.0, 0.733013, 0.0, 0.0, 0.0, 1.0],
                [0.98792, 0.0, -0.154964, -0.07138, -0.154964, 0.0, -0.98792, 0.153343, 0.0, 1.0, 0.0, 0.738421, 0.0, 0.0, 0.0, 1.0],
                [0.992002, 0.0, -0.126219, -0.070471, -0.126219, 0.0, -0.992002, 0.169282, 0.0, 1.0, 0.0, 0.741713, 0.0, 0.0, 0.0, 1.0],
                [0.995266, 0.0, -0.097187, -0.067912, -0.097187, 0.0, -0.995266, 0.181281, 0.0, 1.0, 0.0, 0.744568, 0.0, 0.0, 0.0, 1.0],
                [0.997678, 0.0, -0.068111, -0.063957, -0.068111, 0.0, -0.997678, 0.190259, 0.0, 1.0, 0.0, 0.747015, 0.0, 0.0, 0.0, 1.0],
                [0.99923, 0.0, -0.039235, -0.058861, -0.039235, 0.0, -0.99923, 0.197133, 0.0, 1.0, 0.0, 0.749086, 0.0, 0.0, 0.0, 1.0],
                [0.999942, 0.0, -0.010803, -0.052876, -0.010803, 0.0, -0.999942, 0.202821, 0.0, 1.0, 0.0, 0.750813, 0.0, 0.0, 0.0, 1.0],
                [0.999856, 0.0, 0.016944, -0.046256, 0.016944, 0.0, -0.999856, 0.20824, 0.0, 1.0, 0.0, 0.752227, 0.0, 0.0, 0.0, 1.0],
                [0.999042, 0.0, 0.043771, -0.039256, 0.043771, 0.0, -0.999042, 0.214308, 0.0, 1.0, 0.0, 0.753359, 0.0, 0.0, 0.0, 1.0],
                [0.997585, 0.0, 0.06945, -0.032129, 0.06945, 0.0, -0.997585, 0.221944, 0.0, 1.0, 0.0, 0.754241, 0.0, 0.0, 0.0, 1.0],
                [0.995595, 0.0, 0.093761, -0.025129, 0.093761, 0.0, -0.995595, 0.232064, 0.0, 1.0, 0.0, 0.754904, 0.0, 0.0, 0.0, 1.0],
                [0.993191, 0.0, 0.116496, -0.018509, 0.116496, 0.0, -0.993191, 0.245587, 0.0, 1.0, 0.0, 0.755379, 0.0, 0.0, 0.0, 1.0],
                [0.990508, 0.0, 0.137456, -0.012524, 0.137456, 0.0, -0.990508, 0.26343, 0.0, 1.0, 0.0, 0.755697, 0.0, 0.0, 0.0, 1.0],
                [0.987686, 0.0, 0.156449, -0.007428, 0.156449, 0.0, -0.987686, 0.286512, 0.0, 1.0, 0.0, 0.75589, 0.0, 0.0, 0.0, 1.0],
                [0.98487, 0.0, 0.173295, -0.003473, 0.173295, 0.0, -0.98487, 0.315749, 0.0, 1.0, 0.0, 0.755989, 0.0, 0.0, 0.0, 1.0],
                [0.982204, 0.0, 0.187819, -0.000914, 0.187819, 0.0, -0.982204, 0.35206, 0.0, 1.0, 0.0, 0.756025, 0.0, 0.0, 0.0, 1.0],
                [0.979827, 0.0, 0.199849, -5e-06, 0.199849, 0.0, -0.979827, 0.396362, 0.0, 1.0, 0.0, 0.756031, 0.0, 0.0, 0.0, 1.0],
                [0.977837, 0.0, 0.209366, -5e-06, 0.209366, 0.0, -0.977837, 0.464202, 0.0, 1.0, 0.0, 0.735389, 0.0, 0.0, 0.0, 1.0],
                [0.976183, 0.0, 0.216948, -5e-06, 0.216948, 0.0, -0.976183, 0.562468, 0.0, 1.0, 0.0, 0.686165, 0.0, 0.0, 0.0, 1.0],
                [0.974746, 0.0, 0.223316, -5e-06, 0.223316, 0.0, -0.974746, 0.679086, 0.0, 1.0, 0.0, 0.627414, 0.0, 0.0, 0.0, 1.0],
                [0.973384, 0.0, 0.229178, -5e-06, 0.229178, 0.0, -0.973384, 0.801985, 0.0, 1.0, 0.0, 0.578191, 0.0, 0.0, 0.0, 1.0],
                [0.971938, 0.0, 0.235238, -5e-06, 0.235238, 0.0, -0.971938, 0.919093, 0.0, 1.0, 0.0, 0.557549, 0.0, 0.0, 0.0, 1.0],
                [0.970256, 0.0, 0.242081, -5e-06, 0.242081, 0.0, -0.970256, 1.020627, 0.0, 1.0, 0.0, 0.557887, 0.0, 0.0, 0.0, 1.0],
                [0.968301, 0.0, 0.249785, -5e-06, 0.249785, 0.0, -0.968301, 1.105964, 0.0, 1.0, 0.0, 0.55888, 0.0, 0.0, 0.0, 1.0],
                [0.966066, 0.0, 0.258294, -5e-06, 0.258294, 0.0, -0.966066, 1.176767, 0.0, 1.0, 0.0, 0.560493, 0.0, 0.0, 0.0, 1.0],
                [0.963545, 0.0, 0.267547, -5e-06, 0.267547, 0.0, -0.963545, 1.234702, 0.0, 1.0, 0.0, 0.562692, 0.0, 0.0, 0.0, 1.0],
                [0.96073, 0.0, 0.277486, -5e-06, 0.277486, 0.0, -0.96073, 1.281433, 0.0, 1.0, 0.0, 0.565441, 0.0, 0.0, 0.0, 1.0],
                [0.957615, 0.0, 0.288052, -5e-06, 0.288052, 0.0, -0.957615, 1.318626, 0.0, 1.0, 0.0, 0.568708, 0.0, 0.0, 0.0, 1.0],
                [0.954195, 0.0, 0.299186, -5e-06, 0.299186, 0.0, -0.954195, 1.347946, 0.0, 1.0, 0.0, 0.572456, 0.0, 0.0, 0.0, 1.0],
                [0.950466, 0.0, 0.310827, -5e-06, 0.310827, 0.0, -0.950466, 1.371057, 0.0, 1.0, 0.0, 0.576652, 0.0, 0.0, 0.0, 1.0],
                [0.946427, 0.0, 0.322917, -5e-06, 0.322917, 0.0, -0.946427, 1.389624, 0.0, 1.0, 0.0, 0.581262, 0.0, 0.0, 0.0, 1.0],
                [0.942078, 0.0, 0.335394, -5e-06, 0.335394, 0.0, -0.942078, 1.405313, 0.0, 1.0, 0.0, 0.58625, 0.0, 0.0, 0.0, 1.0],
                [0.937421, 0.0, 0.348199, -5e-06, 0.348199, 0.0, -0.937421, 1.419521, 0.0, 1.0, 0.0, 0.591583, 0.0, 0.0, 0.0, 1.0],
                [0.93246, 0.0, 0.361272, -5e-06, 0.361272, 0.0, -0.93246, 1.432572, 0.0, 1.0, 0.0, 0.597225, 0.0, 0.0, 0.0, 1.0],
                [0.927205, 0.0, 0.374553, -5e-06, 0.374553, 0.0, -0.927205, 1.444524, 0.0, 1.0, 0.0, 0.603143, 0.0, 0.0, 0.0, 1.0],
                [0.921667, 0.0, 0.387983, -5e-06, 0.387983, 0.0, -0.921667, 1.455435, 0.0, 1.0, 0.0, 0.609303, 0.0, 0.0, 0.0, 1.0],
                [0.915858, 0.0, 0.401502, -5e-06, 0.401502, 0.0, -0.915858, 1.465361, 0.0, 1.0, 0.0, 0.615669, 0.0, 0.0, 0.0, 1.0],
                [0.909797, 0.0, 0.415053, -5e-06, 0.415053, 0.0, -0.909797, 1.474361, 0.0, 1.0, 0.0, 0.622207, 0.0, 0.0, 0.0, 1.0],
                [0.903505, 0.0, 0.428578, -5e-06, 0.428578, 0.0, -0.903505, 1.482492, 0.0, 1.0, 0.0, 0.628883, 0.0, 0.0, 0.0, 1.0],
                [0.897005, 0.0, 0.442021, -5e-06, 0.442021, 0.0, -0.897005, 1.489811, 0.0, 1.0, 0.0, 0.635662, 0.0, 0.0, 0.0, 1.0],
                [0.890324, 0.0, 0.455328, -5e-06, 0.455328, 0.0, -0.890324, 1.496375, 0.0, 1.0, 0.0, 0.64251, 0.0, 0.0, 0.0, 1.0],
                [0.883493, 0.0, 0.468444, -5e-06, 0.468444, 0.0, -0.883493, 1.502242, 0.0, 1.0, 0.0, 0.649393, 0.0, 0.0, 0.0, 1.0],
                [0.876545, 0.0, 0.481319, -5e-06, 0.481319, 0.0, -0.876545, 1.507469, 0.0, 1.0, 0.0, 0.656275, 0.0, 0.0, 0.0, 1.0],
                [0.869518, 0.0, 0.493902, -5e-06, 0.493902, 0.0, -0.869518, 1.512114, 0.0, 1.0, 0.0, 0.663123, 0.0, 0.0, 0.0, 1.0],
                [0.862449, 0.0, 0.506145, -5e-06, 0.506145, 0.0, -0.862449, 1.516234, 0.0, 1.0, 0.0, 0.669903, 0.0, 0.0, 0.0, 1.0],
                [0.85538, 0.0, 0.518001, -5e-06, 0.518001, 0.0, -0.85538, 1.519887, 0.0, 1.0, 0.0, 0.676579, 0.0, 0.0, 0.0, 1.0],
                [0.848356, 0.0, 0.529425, -5e-06, 0.529425, 0.0, -0.848356, 1.523129, 0.0, 1.0, 0.0, 0.683117, 0.0, 0.0, 0.0, 1.0],
                [0.841423, 0.0, 0.540376, -5e-06, 0.540376, 0.0, -0.841423, 1.526018, 0.0, 1.0, 0.0, 0.689483, 0.0, 0.0, 0.0, 1.0],
                [0.834629, 0.0, 0.550813, -5e-06, 0.550813, 0.0, -0.834629, 1.528613, 0.0, 1.0, 0.0, 0.695642, 0.0, 0.0, 0.0, 1.0],
                [0.828022, 0.0, 0.560695, -5e-06, 0.560695, 0.0, -0.828022, 1.530969, 0.0, 1.0, 0.0, 0.70156, 0.0, 0.0, 0.0, 1.0],
                [0.821654, 0.0, 0.569987, -5e-06, 0.569987, 0.0, -0.821654, 1.533144, 0.0, 1.0, 0.0, 0.707203, 0.0, 0.0, 0.0, 1.0],
                [0.815576, 0.0, 0.578651, -5e-06, 0.578651, 0.0, -0.815576, 1.535197, 0.0, 1.0, 0.0, 0.712536, 0.0, 0.0, 0.0, 1.0],
                [0.809839, 0.0, 0.586652, -5e-06, 0.586652, 0.0, -0.809839, 1.537184, 0.0, 1.0, 0.0, 0.717524, 0.0, 0.0, 0.0, 1.0],
                [0.804496, 0.0, 0.593958, -5e-06, 0.593958, 0.0, -0.804496, 1.539162, 0.0, 1.0, 0.0, 0.722133, 0.0, 0.0, 0.0, 1.0],
                [0.7996, 0.0, 0.600533, -5e-06, 0.600533, 0.0, -0.7996, 1.541189, 0.0, 1.0, 0.0, 0.726329, 0.0, 0.0, 0.0, 1.0],
                [0.795201, 0.0, 0.606346, -5e-06, 0.606346, 0.0, -0.795201, 1.543323, 0.0, 1.0, 0.0, 0.730078, 0.0, 0.0, 0.0, 1.0],
                [0.79135, 0.0, 0.611363, -5e-06, 0.611363, 0.0, -0.79135, 1.54562, 0.0, 1.0, 0.0, 0.733344, 0.0, 0.0, 0.0, 1.0],
                [0.788097, 0.0, 0.615551, -5e-06, 0.615551, 0.0, -0.788097, 1.548139, 0.0, 1.0, 0.0, 0.736093, 0.0, 0.0, 0.0, 1.0],
                [0.785491, 0.0, 0.618874, -5e-06, 0.618874, 0.0, -0.785491, 1.550936, 0.0, 1.0, 0.0, 0.738292, 0.0, 0.0, 0.0, 1.0],
                [0.783576, 0.0, 0.621296, -5e-06, 0.621296, 0.0, -0.783576, 1.554069, 0.0, 1.0, 0.0, 0.739905, 0.0, 0.0, 0.0, 1.0],
                [0.782398, 0.0, 0.622779, -5e-06, 0.622779, 0.0, -0.782398, 1.557595, 0.0, 1.0, 0.0, 0.740898, 0.0, 0.0, 0.0, 1.0],
                [0.781997, 0.0, 0.623283, -5e-06, 0.623283, 0.0, -0.781997, 1.561572, 0.0, 1.0, 0.0, 0.741237, 0.0, 0.0, 0.0, 1.0],
                [0.782947, 0.0, 0.622088, -5e-06, 0.622088, 0.0, -0.782947, 1.566045, 0.0, 1.0, 0.0, 0.741178, 0.0, 0.0, 0.0, 1.0],
                [0.785733, 0.0, 0.618565, -5e-06, 0.618565, 0.0, -0.785733, 1.571008, 0.0, 1.0, 0.0, 0.741004, 0.0, 0.0, 0.0, 1.0],
                [0.790246, 0.0, 0.61279, -5e-06, 0.61279, 0.0, -0.790246, 1.576444, 0.0, 1.0, 0.0, 0.740722, 0.0, 0.0, 0.0, 1.0],
                [0.796362, 0.0, 0.604821, -5e-06, 0.604821, 0.0, -0.796362, 1.582335, 0.0, 1.0, 0.0, 0.740336, 0.0, 0.0, 0.0, 1.0],
                [0.803946, 0.0, 0.594703, -5e-06, 0.594703, 0.0, -0.803946, 1.588664, 0.0, 1.0, 0.0, 0.739851, 0.0, 0.0, 0.0, 1.0],
                [0.812851, 0.0, 0.582472, -5e-06, 0.582472, 0.0, -0.812851, 1.595412, 0.0, 1.0, 0.0, 0.739274, 0.0, 0.0, 0.0, 1.0],
                [0.822919, 0.0, 0.568158, -5e-06, 0.568158, 0.0, -0.822919, 1.602562, 0.0, 1.0, 0.0, 0.738609, 0.0, 0.0, 0.0, 1.0],
                [0.833984, 0.0, 0.551788, -5e-06, 0.551788, 0.0, -0.833984, 1.610097, 0.0, 1.0, 0.0, 0.737861, 0.0, 0.0, 0.0, 1.0],
                [0.84587, 0.0, 0.533389, -5e-06, 0.533389, 0.0, -0.84587, 1.617998, 0.0, 1.0, 0.0, 0.737036, 0.0, 0.0, 0.0, 1.0],
                [0.858392, 0.0, 0.512994, -5e-06, 0.512994, 0.0, -0.858392, 1.626249, 0.0, 1.0, 0.0, 0.736139, 0.0, 0.0, 0.0, 1.0],
                [0.871361, 0.0, 0.490642, -5e-06, 0.490642, 0.0, -0.871361, 1.63483, 0.0, 1.0, 0.0, 0.735176, 0.0, 0.0, 0.0, 1.0],
                [0.884583, 0.0, 0.466383, -5e-06, 0.466383, 0.0, -0.884583, 1.643725, 0.0, 1.0, 0.0, 0.734151, 0.0, 0.0, 0.0, 1.0],
                [0.897861, 0.0, 0.44028, -5e-06, 0.44028, 0.0, -0.897861, 1.652917, 0.0, 1.0, 0.0, 0.733071, 0.0, 0.0, 0.0, 1.0],
                [0.910999, 0.0, 0.412409, -5e-06, 0.412409, 0.0, -0.910999, 1.662386, 0.0, 1.0, 0.0, 0.73194, 0.0, 0.0, 0.0, 1.0],
                [0.923803, 0.0, 0.382868, -5e-06, 0.382868, 0.0, -0.923803, 1.672116, 0.0, 1.0, 0.0, 0.730764, 0.0, 0.0, 0.0, 1.0],
                [0.936087, 0.0, 0.351768, -5e-06, 0.351768, 0.0, -0.936087, 1.682089, 0.0, 1.0, 0.0, 0.729548, 0.0, 0.0, 0.0, 1.0],
                [0.947673, 0.0, 0.319242, -5e-06, 0.319242, 0.0, -0.947673, 1.692287, 0.0, 1.0, 0.0, 0.728298, 0.0, 0.0, 0.0, 1.0],
                [0.958396, 0.0, 0.285441, -5e-06, 0.285441, 0.0, -0.958396, 1.702693, 0.0, 1.0, 0.0, 0.727018, 0.0, 0.0, 0.0, 1.0],
                [0.968108, 0.0, 0.250534, -5e-06, 0.250534, 0.0, -0.968108, 1.713289, 0.0, 1.0, 0.0, 0.725714, 0.0, 0.0, 0.0, 1.0],
                [0.976678, 0.0, 0.214708, -5e-06, 0.214708, 0.0, -0.976678, 1.724056, 0.0, 1.0, 0.0, 0.724392, 0.0, 0.0, 0.0, 1.0],
                [0.984001, 0.0, 0.178162, -5e-06, 0.178162, 0.0, -0.984001, 1.734979, 0.0, 1.0, 0.0, 0.723056, 0.0, 0.0, 0.0, 1.0],
                [0.989994, 0.0, 0.141109, -5e-06, 0.141109, 0.0, -0.989994, 1.746033, 0.0, 1.0, 0.0, 0.721713, 0.0, 0.0, 0.0, 1.0],
                [0.994601, 0.0, 0.103769, -5e-06, 0.103769, 0.0, -0.994601, 1.757174, 0.0, 1.0, 0.0, 0.720366, 0.0, 0.0, 0.0, 1.0],
                [0.997795, 0.0, 0.066371, -5e-06, 0.066371, 0.0, -0.997795, 1.768352, 0.0, 1.0, 0.0, 0.719023, 0.0, 0.0, 0.0, 1.0],
                [0.999575, 0.0, 0.029141, -5e-06, 0.029141, 0.0, -0.999575, 1.779519, 0.0, 1.0, 0.0, 0.717687, 0.0, 0.0, 0.0, 1.0],
                [0.99997, 0.0, -0.007694, -5e-06, -0.007694, 0.0, -0.99997, 1.790624, 0.0, 1.0, 0.0, 0.716365, 0.0, 0.0, 0.0, 1.0],
                [0.999035, 0.0, -0.043914, -5e-06, -0.043914, 0.0, -0.999035, 1.801619, 0.0, 1.0, 0.0, 0.715061, 0.0, 0.0, 0.0, 1.0],
                [0.99685, 0.0, -0.079308, -5e-06, -0.079308, 0.0, -0.99685, 1.812452, 0.0, 1.0, 0.0, 0.713782, 0.0, 0.0, 0.0, 1.0],
                [0.993518, 0.0, -0.113675, -5e-06, -0.113675, 0.0, -0.993518, 1.823076, 0.0, 1.0, 0.0, 0.712531, 0.0, 0.0, 0.0, 1.0],
                [0.989162, 0.0, -0.146828, -5e-06, -0.146828, 0.0, -0.989162, 1.833439, 0.0, 1.0, 0.0, 0.711315, 0.0, 0.0, 0.0, 1.0],
                [0.983922, 0.0, -0.178596, -5e-06, -0.178596, 0.0, -0.983922, 1.843493, 0.0, 1.0, 0.0, 0.710139, 0.0, 0.0, 0.0, 1.0],
                [0.977953, 0.0, -0.208824, -5e-06, -0.208824, 0.0, -0.977953, 1.853189, 0.0, 1.0, 0.0, 0.709008, 0.0, 0.0, 0.0, 1.0],
                [0.971419, 0.0, -0.237372, -5e-06, -0.237372, 0.0, -0.971419, 1.862476, 0.0, 1.0, 0.0, 0.707928, 0.0, 0.0, 0.0, 1.0],
                [0.96449, 0.0, -0.264118, -5e-06, -0.264118, 0.0, -0.96449, 1.871305, 0.0, 1.0, 0.0, 0.706904, 0.0, 0.0, 0.0, 1.0],
                [0.957344, 0.0, -0.288952, -5e-06, -0.288952, 0.0, -0.957344, 1.879626, 0.0, 1.0, 0.0, 0.70594, 0.0, 0.0, 0.0, 1.0],
                [0.950155, 0.0, -0.311779, -5e-06, -0.311779, 0.0, -0.950155, 1.88739, 0.0, 1.0, 0.0, 0.705043, 0.0, 0.0, 0.0, 1.0],
                [0.943098, 0.0, -0.332515, -5e-06, -0.332515, 0.0, -0.943098, 1.894547, 0.0, 1.0, 0.0, 0.704219, 0.0, 0.0, 0.0, 1.0],
                [0.936344, 0.0, -0.351084, -5e-06, -0.351084, 0.0, -0.936344, 1.901048, 0.0, 1.0, 0.0, 0.703471, 0.0, 0.0, 0.0, 1.0],
                [0.930057, 0.0, -0.367416, -5e-06, -0.367416, 0.0, -0.930057, 1.906842, 0.0, 1.0, 0.0, 0.702805, 0.0, 0.0, 0.0, 1.0],
                [0.924392, 0.0, -0.381444, -5e-06, -0.381444, 0.0, -0.924392, 1.911882, 0.0, 1.0, 0.0, 0.702228, 0.0, 0.0, 0.0, 1.0],
                [0.919495, 0.0, -0.393102, -5e-06, -0.393102, 0.0, -0.919495, 1.916116, 0.0, 1.0, 0.0, 0.701743, 0.0, 0.0, 0.0, 1.0],
                [0.9155, 0.0, -0.402319, -5e-06, -0.402319, 0.0, -0.9155, 1.919496, 0.0, 1.0, 0.0, 0.701357, 0.0, 0.0, 0.0, 1.0],
                [0.912526, 0.0, -0.409018, -5e-06, -0.409018, 0.0, -0.912526, 1.921971, 0.0, 1.0, 0.0, 0.701075, 0.0, 0.0, 0.0, 1.0],
                [0.91068, 0.0, -0.413113, -5e-06, -0.413113, 0.0, -0.91068, 1.923493, 0.0, 1.0, 0.0, 0.700901, 0.0, 0.0, 0.0, 1.0],
                [0.910048, 0.0, -0.414502, -5e-06, -0.414502, 0.0, -0.910048, 1.924011, 0.0, 1.0, 0.0, 0.700842, 0.0, 0.0, 0.0, 1.0]
            ]
        },
        {
            "name": "Thigh_R",
            "time": [0.0, 0.0167, 0.0333, 0.05, 0.0667, 0.0833, 0.1, 0.1167, 0.1333, 0.15, 0.1667, 0.1833, 0.2, 0.2167, 0.2333, 0.25, 0.2667, 0.2833, 0.3, 0.3167, 0.3333, 0.35, 0.3667, 0.3833, 0.4, 0.4167, 0.4333, 0.45, 0.4667, 0.4833, 0.5, 0.5167, 0.5333, 0.55, 0.5667, 0.5833, 0.6, 0.6167, 0.6333, 0.65, 0.6667, 0.6833, 0.7, 0.7167, 0.7333, 0.75, 0.7667, 0.7833, 0.8, 0.8167, 0.8333, 0.85, 0.8667, 0.8833, 0.9, 0.9167, 0.9333, 0.95, 0.9667, 0.9833, 1.0, 1.0167, 1.0333, 1.05, 1.0667, 1.0833, 1.1, 1.1167, 1.1333, 1.15, 1.1667, 1.1833, 1.2, 1.2167, 1.2333, 1.25, 1.2667, 1.2833, 1.3, 1.3167, 1.3333, 1.35, 1.3667, 1.3833, 1.4, 1.4167, 1.4333, 1.45, 1.4667, 1.4833, 1.5, 1.5167, 1.5333, 1.55, 1.5667, 1.5833, 1.6, 1.6167, 1.6333, 1.65, 1.6667, 1.6833, 1.7, 1.7167, 1.7333, 1.75, 1.7667, 1.7833, 1.8, 1.8167, 1.8333, 1.85, 1.8667, 1.8833, 1.9, 1.9167, 1.9333, 1.95, 1.9667, 1.9833, 2.0],
            "transform": [
                [0.885584, 0.303899, 0.351261, 0.124994, 0.241962, -0.947371, 0.209614, -0.002831, 0.396477, -0.100639, -0.912512, -1.2e-05, 0.0, 0.0, 0.0, 1.0],
                [0.877557, 0.311302, 0.36467, 0.124994, 0.245962, -0.945146, 0.214937, -0.002831, 0.411577, -0.098924, -0.90599, -1.2e-05, 0.0, 0.0, 0.0, 1.0],
                [0.855051, 0.330662, 0.399437, 0.124994, 0.256045, -0.939076, 0.22929, -0.002831, 0.45092, -0.09378, -0.887624, -1.2e-05, 0.0, 0.0, 0.0, 1.0],
                [0.819997, 0.357547, 0.446951, 0.124994, 0.269091, -0.930019, 0.250302, -0.002831, 0.505168, -0.084976, -0.858828, -1.2e-05, 0.0, 0.0, 0.0, 1.0],
                [0.77538, 0.38745, 0.498666, 0.124994, 0.282189, -0.919015, 0.275276, -0.002831, 0.564937, -0.072725, -0.821923, -1.2e-05, 0.0, 0.0, 0.0, 1.0],
                [0.726382, 0.416123, 0.547001, 0.124994, 0.293185, -0.907437, 0.300992, -0.002831, 0.621619, -0.058262, -0.78115, -1.2e-05, 0.0, 0.0, 0.0, 1.0],
                [0.680405, 0.439941, 0.586089, 0.124994, 0.300993, -0.896948, 0.323856, -0.002831, 0.66817, -0.043944, -0.74271, -1.2e-05, 0.0, 0.0, 0.0, 1.0],
                [0.646254, 0.456032, 0.611874, 0.124994, 0.305492, -0.889352, 0.340183, -0.002831, 0.699307, -0.032921, -0.714063, -1.2e-05, 0.0, 0.0, 0.0, 1.0],
                [0.632977, 0.46196, 0.621235, 0.124994, 0.306975, -0.886438, 0.346396, -0.002831, 0.710708, -0.028556, -0.702907, -1.2e-05, 0.0, 0.0, 0.0, 1.0],
                [0.636475, 0.451515, 0.625326, 0.124994, 0.302335, -0.891912, 0.336279, -0.002831, 0.709572, -0.024975, -0.70419, -1.2e-05, 0.0, 0.0, 0.0, 1.0],
                [0.645513, 0.424181, 0.635125, 0.124994, 0.290165, -0.905439, 0.309808, -0.002831, 0.706482, -0.015694, -0.707557, -1.2e-05, 0.0, 0.0, 0.0, 1.0],
                [0.657826, 0.38597, 0.646754, 0.124994, 0.273037, -0.922504, 0.272824, -0.002831, 0.701936, -0.002883, -0.712234, -1.2e-05, 0.0, 0.0, 0.0, 1.0],
                [0.671346, 0.343363, 0.656808, 0.124994, 0.253755, -0.939134, 0.231587, -0.002831, 0.69635, 0.011194, -0.717615, -1.2e-05, 0.0, 0.0, 0.0, 1.0],
                [0.684448, 0.303474, 0.662898, 0.124994, 0.23552, -0.952532, 0.192895, -0.002831, 0.689971, 0.024099, -0.723435, -1.2e-05, 0.0, 0.0, 0.0, 1.0],
                [0.696023, 0.273821, 0.663758, 0.124994, 0.221895, -0.961204, 0.163848, -0.002831, 0.682872, 0.033243, -0.729781, -1.2e-05, 0.0, 0.0, 0.0, 1.0],
                [0.705269, 0.261915, 0.658783, 0.124994, 0.21666, -0.964421, 0.151482, -0.002831, 0.675021, 0.035897, -0.736925, -1.2e-05, 0.0, 0.0, 0.0, 1.0],
                [0.713939, 0.263523, 0.648727, 0.124994, 0.219233, -0.964019, 0.150331, -0.002831, 0.665002, 0.034896, -0.746026, -1.2e-05, 0.0, 0.0, 0.0, 1.0],
                [0.724106, 0.269164, 0.634997, 0.124994, 0.226045, -0.962464, 0.150209, -0.002831, 0.651593, 0.034771, -0.757771, -1.2e-05, 0.0, 0.0, 0.0, 1.0],
                [0.735388, 0.278229, 0.617894, 0.124994, 0.236465, -0.959866, 0.150788, -0.002831, 0.63505, 0.035223, -0.771668, -1.2e-05, 0.0, 0.0, 0.0, 1.0],
                [0.747378, 0.290113, 0.597713, 0.124994, 0.249869, -0.956315, 0.151735, -0.002831, 0.615623, 0.035947, -0.787221, -1.2e-05, 0.0, 0.0, 0.0, 1.0],
                [0.759676, 0.30421, 0.574759, 0.124994, 0.265634, -0.951897, 0.152729, -0.002831, 0.593574, 0.036651, -0.803944, -1.2e-05, 0.0, 0.0, 0.0, 1.0],
                [0.771913, 0.319911, 0.549369, 0.124994, 0.283128, -0.94672, 0.153481, -0.002831, 0.5692, 0.037068, -0.821363, -1.2e-05, 0.0, 0.0, 0.0, 1.0],
                [0.783772, 0.336599, 0.521921, 0.124994, 0.301712, -0.94092, 0.153741, -0.002831, 0.542835, 0.036972, -0.839025, -1.2e-05, 0.0, 0.0, 0.0, 1.0],
                [0.79501, 0.353655, 0.492835, 0.124994, 0.320742, -0.934673, 0.153318, -0.002831, 0.514862, 0.036184, -0.856509, -1.2e-05, 0.0, 0.0, 0.0, 1.0],
                [0.805467, 0.370463, 0.462579, 0.124994, 0.339575, -0.928201, 0.15208, -0.002831, 0.485707, 0.034585, -0.873437, -1.2e-05, 0.0, 0.0, 0.0, 1.0],
                [0.815079, 0.386413, 0.43166, 0.124994, 0.357572, -0.921764, 0.149965, -0.002831, 0.455838, 0.032116, -0.889484, -1.2e-05, 0.0, 0.0, 0.0, 1.0],
                [0.82388, 0.40091, 0.400614, 0.124994, 0.374105, -0.915663, 0.146978, -0.002831, 0.425753, 0.02878, -0.904382, -1.2e-05, 0.0, 0.0, 0.0, 1.0],
                [0.831998, 0.413373, 0.370001, 0.124994, 0.388564, -0.910226, 0.143189, -0.002831, 0.395975, 0.024637, -0.917931, -1.2e-05, 0.0, 0.0, 0.0, 1.0],
                [0.839645, 0.423238, 0.340389, 0.124994, 0.40035, -0.9058, 0.138722, -0.002831, 0.367037, 0.019798, -0.929996, -1.2e-05, 0.0, 0.0, 0.0, 1.0],
                [0.847098, 0.429954, 0.312352, 0.124994, 0.408877, -0.902733, 0.133748, -0.002831, 0.339476, 0.014416, -0.940504, -1.2e-05, 0.0, 0.0, 0.0, 1.0],
                [0.854681, 0.432968, 0.286459, 0.124994, 0.413562, -0.901365, 0.128467, -0.002831, 0.313827, 0.00867, -0.949441, -1.2e-05, 0.0, 0.0, 0.0, 1.0],
                [0.870737, 0.426225, 0.24525, 0.124994, 0.377708, -0.899048, 0.221462, -0.002831, 0.314884, -0.100202, -0.943826, -1.2e-05, 0.0, 0.0, 0.0, 1.0],
                [0.899558, 0.395282, 0.185869, 0.124994, 0.279435, -0.847828, 0.450667, -0.002831, 0.335726, -0.353461, -0.873128, -1.2e-05, 0.0, 0.0, 0.0, 1.0],
                [0.930931, 0.338412, 0.137271, 0.124994, 0.152723, -0.7022, 0.695405, -0.002831, 0.331725, -0.626409, -0.705386, -1.2e-05, 0.0, 0.0, 0.0, 1.0],
                [0.95281, 0.280222, 0.116735, 0.124994, 0.050161, -0.524595, 0.849872, -0.002831, 0.299392, -0.80391, -0.513897, -1.2e-05, 0.0, 0.0, 0.0, 1.0],
                [0.960852, 0.251673, 0.115856, 0.124994, 0.007329, -0.441103, 0.897426, -0.002831, 0.276963, -0.861443, -0.425681, -1.2e-05, 0.0, 0.0, 0.0, 1.0],
                [0.961754, 0.245999, 0.120471, 0.124994, 0.001026, -0.443042, 0.8965, -0.002831, 0.273912, -0.862087, -0.426352, -1.2e-05, 0.0, 0.0, 0.0, 1.0],
                [0.962218, 0.241204, 0.126316, 0.124994, -0.005333, -0.447138, 0.894449, -0.002831, 0.272226, -0.861327, -0.42896, -1.2e-05, 0.0, 0.0, 0.0, 1.0],
                [0.962264, 0.237217, 0.133319, 0.124994, -0.01174, -0.453289, 0.891286, -0.002831, 0.271861, -0.859216, -0.433401, -1.2e-05, 0.0, 0.0, 0.0, 1.0],
                [0.961905, 0.233966, 0.141412, 0.124994, -0.018175, -0.461391, 0.88701, -0.002831, 0.272777, -0.855788, -0.439564, -1.2e-05, 0.0, 0.0, 0.0, 1.0],
                [0.961148, 0.231371, 0.150532, 0.124994, -0.024612, -0.471336, 0.88161, -0.002831, 0.274931, -0.851061, -0.447331, -1.2e-05, 0.0, 0.0, 0.0, 1.0],
                [0.959999, 0.229351, 0.160621, 0.124994, -0.031016, -0.483007, 0.875066, -0.002831, 0.278279, -0.845043, -0.456575, -1.2e-05, 0.0, 0.0, 0.0, 1.0],
                [0.958459, 0.227819, 0.171621, 0.124994, -0.037343, -0.496287, 0.867354, -0.002831, 0.282774, -0.837731, -0.467165, -1.2e-05, 0.0, 0.0, 0.0, 1.0],
                [0.956529, 0.22669, 0.183476, 0.124994, -0.043547, -0.511049, 0.858447, -0.002831, 0.288367, -0.829118, -0.478963, -1.2e-05, 0.0, 0.0, 0.0, 1.0],
                [0.954208, 0.225876, 0.196128, 0.124994, -0.049576, -0.52716, 0.848318, -0.002831, 0.295006, -0.819193, -0.491824, -1.2e-05, 0.0, 0.0, 0.0, 1.0],
                [0.951497, 0.225289, 0.209518, 0.124994, -0.055373, -0.544481, 0.836943, -0.002831, 0.302633, -0.807948, -0.505599, -1.2e-05, 0.0, 0.0, 0.0, 1.0],
                [0.948397, 0.224842, 0.223581, 0.124994, -0.060883, -0.562866, 0.824302, -0.002831, 0.311185, -0.795376, -0.520133, -1.2e-05, 0.0, 0.0, 0.0, 1.0],
                [0.944911, 0.224452, 0.238251, 0.124994, -0.066045, -0.582162, 0.810385, -0.002831, 0.320594, -0.781475, -0.53527, -1.2e-05, 0.0, 0.0, 0.0, 1.0],
                [0.941046, 0.224035, 0.253457, 0.124994, -0.070803, -0.602211, 0.79519, -0.002831, 0.330786, -0.766254, -0.550848, -1.2e-05, 0.0, 0.0, 0.0, 1.0],
                [0.93681, 0.223516, 0.269122, 0.124994, -0.075101, -0.622849, 0.778728, -0.002831, 0.341681, -0.74973, -0.566707, -1.2e-05, 0.0, 0.0, 0.0, 1.0],
                [0.932218, 0.222822, 0.285165, 0.124994, -0.078886, -0.643909, 0.761023, -0.002831, 0.353194, -0.731934, -0.582688, -1.2e-05, 0.0, 0.0, 0.0, 1.0],
                [0.927287, 0.22189, 0.301501, 0.124994, -0.082112, -0.665222, 0.742116, -0.002831, 0.365233, -0.71291, -0.598634, -1.2e-05, 0.0, 0.0, 0.0, 1.0],
                [0.922041, 0.220661, 0.318038, 0.124994, -0.084738, -0.686619, 0.722061, -0.002831, 0.377702, -0.692719, -0.614394, -1.2e-05, 0.0, 0.0, 0.0, 1.0],
                [0.916508, 0.219088, 0.334684, 0.124994, -0.086732, -0.707933, 0.700933, -0.002831, 0.390501, -0.671436, -0.629826, -1.2e-05, 0.0, 0.0, 0.0, 1.0],
                [0.91072, 0.217134, 0.351342, 0.124994, -0.088068, -0.729003, 0.67882, -0.002831, 0.403525, -0.649156, -0.644797, -1.2e-05, 0.0, 0.0, 0.0, 1.0],
                [0.904717, 0.214771, 0.367914, 0.124994, -0.088734, -0.749674, 0.65583, -0.002831, 0.416669, -0.625985, -0.659187, -1.2e-05, 0.0, 0.0, 0.0, 1.0],
                [0.89854, 0.211984, 0.384302, 0.124994, -0.088726, -0.769802, 0.632084, -0.002831, 0.429828, -0.602049, -0.672892, -1.2e-05, 0.0, 0.0, 0.0, 1.0],
                [0.892238, 0.208768, 0.400408, 0.124994, -0.088052, -0.789253, 0.60772, -0.002831, 0.442897, -0.577486, -0.685822, -1.2e-05, 0.0, 0.0, 0.0, 1.0],
                [0.885861, 0.205132, 0.416138, 0.124994, -0.086731, -0.807909, 0.582887, -0.002831, 0.455771, -0.552448, -0.697906, -1.2e-05, 0.0, 0.0, 0.0, 1.0],
                [0.879463, 0.201094, 0.4314, 0.124994, -0.084794, -0.825668, 0.557745, -0.002831, 0.468353, -0.527095, -0.709095, -1.2e-05, 0.0, 0.0, 0.0, 1.0],
                [0.8731, 0.196684, 0.446107, 0.124994, -0.08228, -0.842444, 0.532462, -0.002831, 0.480547, -0.501597, -0.719356, -1.2e-05, 0.0, 0.0, 0.0, 1.0],
                [0.86683, 0.191942, 0.460178, 0.124994, -0.079241, -0.858168, 0.507213, -0.002831, 0.492266, -0.476131, -0.728679, -1.2e-05, 0.0, 0.0, 0.0, 1.0],
                [0.860711, 0.186917, 0.473538, 0.124994, -0.075736, -0.872794, 0.482174, -0.002831, 0.503428, -0.450875, -0.737069, -1.2e-05, 0.0, 0.0, 0.0, 1.0],
                [0.854801, 0.181664, 0.486119, 0.124994, -0.071833, -0.886289, 0.457524, -0.002831, 0.513959, -0.42601, -0.744554, -1.2e-05, 0.0, 0.0, 0.0, 1.0],
                [0.849159, 0.176247, 0.497861, 0.124994, -0.067605, -0.898642, 0.433439, -0.002831, 0.523792, -0.401715, -0.751177, -1.2e-05, 0.0, 0.0, 0.0, 1.0],
                [0.843839, 0.170734, 0.508709, 0.124994, -0.063132, -0.909854, 0.410093, -0.002831, 0.532869, -0.378167, -0.756994, -1.2e-05, 0.0, 0.0, 0.0, 1.0],
                [0.838896, 0.165196, 0.518617, 0.124994, -0.058495, -0.919946, 0.387653, -0.002831, 0.541139, -0.355536, -0.762078, -1.2e-05, 0.0, 0.0, 0.0, 1.0],
                [0.83438, 0.159706, 0.527544, 0.124994, -0.053777, -0.928946, 0.366283, -0.002831, 0.548559, -0.333989, -0.766508, -1.2e-05, 0.0, 0.0, 0.0, 1.0],
                [0.830342, 0.154338, 0.535454, 0.124994, -0.049065, -0.936898, 0.346137, -0.002831, 0.555089, -0.313684, -0.770376, -1.2e-05, 0.0, 0.0, 0.0, 1.0],
                [0.826827, 0.149164, 0.542317, 0.124994, -0.044442, -0.943851, 0.327363, -0.002831, 0.560698, -0.294773, -0.773774, -1.2e-05, 0.0, 0.0, 0.0, 1.0],
                [0.823876, 0.144254, 0.548105, 0.124994, -0.039989, -0.94986, 0.310101, -0.002831, 0.565357, -0.277402, -0.776801, -1.2e-05, 0.0, 0.0, 0.0, 1.0],
                [0.82153, 0.139677, 0.552791, 0.124994, -0.035785, -0.954984, 0.294484, -0.002831, 0.56904, -0.261708, -0.779552, -1.2e-05, 0.0, 0.0, 0.0, 1.0],
                [0.819826, 0.135494, 0.556351, 0.124994, -0.031904, -0.959281, 0.280638, -0.002831, 0.571723, -0.247823, -0.782123, -1.2e-05, 0.0, 0.0, 0.0, 1.0],
                [0.818796, 0.131763, 0.558758, 0.124994, -0.028415, -0.962807, 0.268684, -0.002831, 0.57338, -0.235874, -0.784601, -1.2e-05, 0.0, 0.0, 0.0, 1.0],
                [0.818473, 0.128534, 0.559983, 0.124994, -0.025381, -0.965612, 0.258738, -0.002831, 0.573984, -0.225982, -0.787067, -1.2e-05, 0.0, 0.0, 0.0, 1.0],
                [0.818882, 0.12585, 0.559994, 0.124994, -0.022859, -0.967738, 0.250912, -0.002831, 0.573506, -0.218267, -0.789589, -1.2e-05, 0.0, 0.0, 0.0, 1.0],
                [0.820261, 0.123741, 0.558444, 0.124994, -0.020346, -0.969387, 0.244685, -0.002831, 0.571627, -0.212067, -0.792635, -1.2e-05, 0.0, 0.0, 0.0, 1.0],
                [0.822733, 0.122214, 0.555134, 0.124994, -0.017337, -0.970762, 0.239411, -0.002831, 0.568163, -0.206595, -0.796561, -1.2e-05, 0.0, 0.0, 0.0, 1.0],
                [0.826156, 0.121262, 0.550237, 0.124994, -0.013868, -0.971892, 0.23501, -0.002831, 0.56327, -0.201784, -0.801255, -1.2e-05, 0.0, 0.0, 0.0, 1.0],
                [0.830385, 0.120875, 0.54392, 0.124994, -0.009966, -0.972805, 0.231404, -0.002831, 0.5571, -0.197574, -0.8066, -1.2e-05, 0.0, 0.0, 0.0, 1.0],
                [0.835274, 0.121041, 0.536345, 0.124994, -0.005658, -0.973522, 0.228515, -0.002831, 0.549804, -0.193907, -0.812475, -1.2e-05, 0.0, 0.0, 0.0, 1.0],
                [0.840679, 0.121743, 0.527671, 0.124994, -0.000963, -0.974062, 0.226269, -0.002831, 0.541532, -0.190727, -0.818759, -1.2e-05, 0.0, 0.0, 0.0, 1.0],
                [0.84646, 0.122965, 0.518059, 0.124994, 0.004101, -0.974442, 0.224592, -0.002831, 0.532436, -0.187983, -0.825333, -1.2e-05, 0.0, 0.0, 0.0, 1.0],
                [0.852479, 0.124688, 0.507672, 0.124994, 0.009515, -0.974675, 0.223412, -0.002831, 0.522673, -0.185623, -0.83208, -1.2e-05, 0.0, 0.0, 0.0, 1.0],
                [0.858608, 0.126895, 0.496679, 0.124994, 0.015262, -0.974774, 0.222661, -0.002831, 0.512405, -0.183597, -0.838888, -1.2e-05, 0.0, 0.0, 0.0, 1.0],
                [0.864721, 0.129566, 0.485252, 0.124994, 0.021322, -0.97475, 0.222271, -0.002831, 0.501799, -0.181855, -0.845652, -1.2e-05, 0.0, 0.0, 0.0, 1.0],
                [0.870704, 0.132683, 0.473571, 0.124994, 0.027677, -0.974611, 0.222178, -0.002831, 0.491027, -0.180344, -0.852273, -1.2e-05, 0.0, 0.0, 0.0, 1.0],
                [0.876449, 0.136229, 0.46182, 0.124994, 0.034304, -0.974368, 0.222322, -0.002831, 0.48027, -0.179011, -0.85866, -1.2e-05, 0.0, 0.0, 0.0, 1.0],
                [0.881859, 0.140187, 0.450192, 0.124994, 0.041179, -0.974027, 0.222645, -0.002831, 0.469712, -0.177803, -0.86473, -1.2e-05, 0.0, 0.0, 0.0, 1.0],
                [0.886842, 0.144541, 0.438884, 0.124994, 0.048276, -0.973599, 0.223094, -0.002831, 0.459543, -0.176661, -0.870409, -1.2e-05, 0.0, 0.0, 0.0, 1.0],
                [0.891318, 0.149275, 0.428099, 0.124994, 0.055567, -0.973089, 0.223619, -0.002831, 0.44996, -0.175526, -0.875629, -1.2e-05, 0.0, 0.0, 0.0, 1.0],
                [0.895212, 0.154376, 0.418046, 0.124994, 0.063022, -0.972507, 0.224173, -0.002831, 0.44116, -0.174336, -0.880332, -1.2e-05, 0.0, 0.0, 0.0, 1.0],
                [0.898458, 0.159828, 0.408935, 0.124994, 0.070607, -0.971861, 0.224715, -0.002831, 0.433345, -0.173023, -0.884463, -1.2e-05, 0.0, 0.0, 0.0, 1.0],
                [0.90099, 0.165618, 0.400982, 0.124994, 0.078289, -0.971158, 0.225208, -0.002831, 0.426716, -0.171517, -0.887973, -1.2e-05, 0.0, 0.0, 0.0, 1.0],
                [0.902749, 0.171731, 0.394401, 0.124994, 0.086032, -0.970407, 0.225619, -0.002831, 0.421476, -0.169746, -0.890811, -1.2e-05, 0.0, 0.0, 0.0, 1.0],
                [0.903673, 0.178151, 0.389407, 0.124994, 0.093801, -0.969618, 0.225919, -0.002831, 0.417824, -0.167629, -0.89293, -1.2e-05, 0.0, 0.0, 0.0, 1.0],
                [0.904049, 0.184794, 0.385416, 0.124994, 0.101656, -0.968793, 0.226058, -0.002831, 0.415163, -0.165187, -0.894625, -1.2e-05, 0.0, 0.0, 0.0, 1.0],
                [0.904217, 0.191566, 0.381698, 0.124994, 0.109658, -0.96793, 0.226014, -0.002831, 0.412754, -0.162509, -0.896228, -1.2e-05, 0.0, 0.0, 0.0, 1.0],
                [0.904187, 0.198432, 0.378246, 0.124994, 0.117765, -0.967027, 0.225803, -0.002831, 0.410581, -0.159623, -0.897744, -1.2e-05, 0.0, 0.0, 0.0, 1.0],
                [0.903971, 0.205358, 0.375052, 0.124994, 0.125936, -0.966082, 0.225438, -0.002831, 0.408627, -0.156557, -0.899174, -1.2e-05, 0.0, 0.0, 0.0, 1.0],
                [0.903581, 0.212309, 0.372109, 0.124994, 0.134131, -0.965095, 0.224937, -0.002831, 0.406877, -0.153337, -0.900522, -1.2e-05, 0.0, 0.0, 0.0, 1.0],
                [0.903032, 0.21925, 0.369409, 0.124994, 0.142309, -0.964068, 0.224314, -0.002831, 0.405316, -0.149991, -0.901788, -1.2e-05, 0.0, 0.0, 0.0, 1.0],
                [0.902336, 0.226146, 0.366943, 0.124994, 0.15043, -0.963004, 0.223584, -0.002831, 0.403931, -0.146547, -0.902975, -1.2e-05, 0.0, 0.0, 0.0, 1.0],
                [0.901509, 0.232964, 0.364704, 0.124994, 0.158455, -0.961907, 0.222763, -0.002831, 0.402707, -0.143033, -0.904085, -1.2e-05, 0.0, 0.0, 0.0, 1.0],
                [0.900567, 0.239667, 0.362681, 0.124994, 0.166342, -0.960782, 0.221867, -0.002831, 0.401632, -0.139476, -0.905118, -1.2e-05, 0.0, 0.0, 0.0, 1.0],
                [0.899527, 0.246221, 0.360866, 0.124994, 0.174052, -0.959635, 0.220912, -0.002831, 0.400694, -0.135906, -0.906076, -1.2e-05, 0.0, 0.0, 0.0, 1.0],
                [0.898407, 0.252593, 0.359249, 0.124994, 0.181546, -0.958476, 0.219912, -0.002831, 0.399881, -0.13235, -0.906962, -1.2e-05, 0.0, 0.0, 0.0, 1.0],
                [0.897226, 0.258747, 0.35782, 0.124994, 0.188784, -0.957312, 0.218884, -0.002831, 0.399182, -0.128837, -0.907775, -1.2e-05, 0.0, 0.0, 0.0, 1.0],
                [0.896002, 0.26465, 0.356569, 0.124994, 0.195727, -0.956155, 0.217843, -0.002831, 0.398587, -0.125397, -0.908518, -1.2e-05, 0.0, 0.0, 0.0, 1.0],
                [0.894755, 0.270268, 0.355483, 0.124994, 0.202336, -0.955014, 0.216804, -0.002831, 0.398087, -0.122058, -0.909191, -1.2e-05, 0.0, 0.0, 0.0, 1.0],
                [0.893506, 0.275567, 0.354554, 0.124994, 0.208572, -0.953904, 0.215781, -0.002831, 0.397673, -0.118851, -0.909797, -1.2e-05, 0.0, 0.0, 0.0, 1.0],
                [0.892277, 0.280516, 0.353769, 0.124994, 0.214396, -0.952836, 0.21479, -0.002831, 0.397336, -0.115805, -0.910337, -1.2e-05, 0.0, 0.0, 0.0, 1.0],
                [0.891087, 0.28508, 0.353117, 0.124994, 0.219771, -0.951823, 0.213846, -0.002831, 0.397068, -0.11295, -0.910812, -1.2e-05, 0.0, 0.0, 0.0, 1.0],
                [0.88996, 0.289228, 0.352586, 0.124994, 0.224657, -0.95088, 0.212961, -0.002831, 0.396861, -0.110316, -0.911225, -1.2e-05, 0.0, 0.0, 0.0, 1.0],
                [0.888917, 0.292927, 0.352164, 0.124994, 0.229016, -0.950021, 0.212152, -0.002831, 0.396708, -0.107933, -0.911577, -1.2e-05, 0.0, 0.0, 0.0, 1.0],
                [0.887979, 0.296146, 0.351839, 0.124994, 0.232811, -0.949259, 0.21143, -0.002831, 0.396601, -0.105833, -0.91187, -1.2e-05, 0.0, 0.0, 0.0, 1.0],
                [0.887167, 0.298851, 0.3516, 0.124994, 0.236002, -0.948609, 0.210811, -0.002831, 0.396532, -0.104046, -0.912106, -1.2e-05, 0.0, 0.0, 0.0, 1.0],
                [0.886502, 0.301011, 0.351434, 0.124994, 0.238551, -0.948083, 0.210306, -0.002831, 0.396494, -0.102601, -0.912286, -1.2e-05, 0.0, 0.0, 0.0, 1.0],
                [0.886004, 0.302594, 0.351331, 0.124994, 0.24042, -0.947694, 0.20993, -0.002831, 0.396478, -0.101532, -0.912413, -1.2e-05, 0.0, 0.0, 0.0, 1.0],
                [0.885692, 0.303568, 0.351276, 0.124994, 0.24157, -0.947453, 0.209695, -0.002831, 0.396475, -0.100867, -0.912488, -1.2e-05, 0.0, 0.0, 0.0, 1.0],
                [0.885584, 0.303899, 0.351261, 0.124994, 0.241962, -0.947371, 0.209614, -0.002831, 0.396477, -0.100639, -0.912512, -1.2e-05, 0.0, 0.0, 0.0, 1.0]
            ]
        },
        {
            "name": "Leg_R",
            "time": [0.0, 0.0167, 0.0333, 0.05, 0.0667, 0.0833, 0.1, 0.1167, 0.1333, 0.15, 0.1667, 0.1833, 0.2, 0.2167, 0.2333, 0.25, 0.2667, 0.2833, 0.3, 0.3167, 0.3333, 0.35, 0.3667, 0.3833, 0.4, 0.4167, 0.4333, 0.45, 0.4667, 0.4833, 0.5, 0.5167, 0.5333, 0.55, 0.5667, 0.5833, 0.6, 0.6167, 0.6333, 0.65, 0.6667, 0.6833, 0.7, 0.7167, 0.7333, 0.75, 0.7667, 0.7833, 0.8, 0.8167, 0.8333, 0.85, 0.8667, 0.8833, 0.9, 0.9167, 0.9333, 0.95, 0.9667, 0.9833, 1.0, 1.0167, 1.0333, 1.05, 1.0667, 1.0833, 1.1, 1.1167, 1.1333, 1.15, 1.1667, 1.1833, 1.2, 1.2167, 1.2333, 1.25, 1.2667, 1.2833, 1.3, 1.3167, 1.3333, 1.35, 1.3667, 1.3833, 1.4, 1.4167, 1.4333, 1.45, 1.4667, 1.4833, 1.5, 1.5167, 1.5333, 1.55, 1.5667, 1.5833, 1.6, 1.6167, 1.6333, 1.65, 1.6667, 1.6833, 1.7, 1.7167, 1.7333, 1.75, 1.7667, 1.7833, 1.8, 1.8167, 1.8333, 1.85, 1.8667, 1.8833, 1.9, 1.9167, 1.9333, 1.95, 1.9667, 1.9833, 2.0],
            "transform": [
                [1.0, -0.0, 1e-06, 0.0, -0.0, 0.861636, 0.507527, 0.37472, -1e-06, -0.507528, 0.861635, -0.0, 0.0, 0.0, 0.0, 1.0],
                [1.0, -0.0, 1e-06, -0.0, -0.0, 0.855984, 0.517003, 0.37472, -1e-06, -0.517004, 0.855983, 0.0, 0.0, 0.0, 0.0, 1.0],
                [1.0, -0.0, 1e-06, -0.0, -0.0, 0.840551, 0.541733, 0.37472, -1e-06, -0.541734, 0.84055, 0.0, 0.0, 0.0, 0.0, 1.0],
                [1.0, -0.0, 1e-06, 0.0, -0.0, 0.81744, 0.576014, 0.37472, -1e-06, -0.576015, 0.817439, -0.0, 0.0, 0.0, 0.0, 1.0],
                [1.0, -0.0, 1e-06, 0.0, -0.0, 0.789136, 0.614218, 0.37472, -1e-06, -0.614219, 0.789135, 0.0, 0.0, 0.0, 0.0, 1.0],
                [1.0, -0.0, 1e-06, -0.0, -0.0, 0.758976, 0.651118, 0.37472, -1e-06, -0.651119, 0.758975, 0.0, 0.0, 0.0, 0.0, 1.0],
                [1.0, -0.0, 1e-06, 0.0, -0.0, 0.731222, 0.682139, 0.37472, -1e-06, -0.68214, 0.731221, -0.0, 0.0, 0.0, 0.0, 1.0],
                [1.0, -0.0, 1e-06, -0.0, -0.0, 0.710819, 0.703375, 0.37472, -1e-06, -0.703376, 0.710818, -0.0, 0.0, 0.0, 0.0, 1.0],
                [1.0, -0.0, 1e-06, -0.0, -0.0, 0.702919, 0.71127, 0.37472, -1e-06, -0.711271, 0.702918, 0.0, 0.0, 0.0, 0.0, 1.0],
                [1.0, -0.0, 1e-06, 0.0, -0.0, 0.707043, 0.707171, 0.37472, -1e-06, -0.707172, 0.707042, -0.0, 0.0, 0.0, 0.0, 1.0],
                [1.0, -0.0, 1e-06, 0.0, -0.0, 0.717606, 0.696449, 0.37472, -1e-06, -0.69645, 0.717605, -0.0, 0.0, 0.0, 0.0, 1.0],
