{
    "animation": [
        {
            "name": "Root",
            "time": [0.0, 0.0167, 0.0333, 0.05, 0.0667, 0.0833, 0.1, 0.1167, 0.1333, 0.15, 0.1667, 0.1833, 0.2, 0.2167, 0.2333, 0.25, 0.2667, 0.2833, 0.3, 0.3167, 0.3333],
            "transform": [
                [1.0, 0.0, 0.0, -5e-06, 0.0, 0.0, -1.0, 0.000946, 0.0, 1.0, 0.0, 0.763972, 0.0, 0.0, 0.0, 1.0],
                [1.0, 0.0, 0.0, -5e-06, 0.0, 0.0, -1.0, 0.000946, 0.0, 1.0, 0.0, 0.763972, 0.0, 0.0, 0.0, 1.0],
                [1.0, 0.0, 0.0, -5e-06, 0.0, 0.0, -1.0, 0.000946, 0.0, 1.0, 0.0, 0.763972, 0.0, 0.0, 0.0, 1.0],
                [1.0, 0.0, 0.0, -5e-06, 0.0, 0.0, -1.0, 0.000946, 0.0, 1.0, 0.0, 0.763972, 0.0, 0.0, 0.0, 1.0],
                [1.0, 0.0, 0.0, -5e-06, 0.0, 0.0, -1.0, 0.000946, 0.0, 1.0, 0.0, 0.763972, 0.0, 0.0, 0.0, 1.0],
                [1.0, 0.0, 0.0, -5e-06, 0.0, 0.0, -1.0, 0.000946, 0.0, 1.0, 0.0, 0.763972, 0.0, 0.0, 0.0, 1.0],
                [1.0, 0.0, 0.0, -5e-06, 0.0, 0.0, -1.0, 0.000946, 0.0, 1.0, 0.0, 0.763972, 0.0, 0.0, 0.0, 1.0],
                [1.0, 0.0, 0.0, -5e-06, 0.0, 0.0, -1.0, 0.000946, 0.0, 1.0, 0.0, 0.763972, 0.0, 0.0, 0.0, 1.0],
                [1.0, 0.0, 0.0, -5e-06, 0.0, 0.0, -1.0, 0.000946, 0.0, 1.0, 0.0, 0.763972, 0.0, 0.0, 0.0, 1.0],
                [1.0, 0.0, 0.0, -5e-06, 0.0, 0.0, -1.0, 0.000946, 0.0, 1.0, 0.0, 0.763972, 0.0, 0.0, 0.0, 1.0],
                [1.0, 0.0, 0.0, -5e-06, 0.0, 0.0, -1.0, 0.000946, 0.0, 1.0, 0.0, 0.763972, 0.0, 0.0, 0.0, 1.0],
                [1.0, 0.0, 0.0, -5e-06, 0.0, 0.0, -1.0, 0.000946, 0.0, 1.0, 0.0, 0.759312, 0.0, 0.0, 0.0, 1.0],
                [1.0, 0.0, 0.0, -5e-06, 0.0, 0.0, -1.0, 0.000946, 0.0, 1.0, 0.0, 0.746665, 0.0, 0.0, 0.0, 1.0],
                [1.0, 0.0, 0.0, -5e-06, 0.0, 0.0, -1.0, 0.000946, 0.0, 1.0, 0.0, 0.728028, 0.0, 0.0, 0.0, 1.0],
                [1.0, 0.0, 0.0, -5e-06, 0.0, 0.0, -1.0, 0.000946, 0.0, 1.0, 0.0, 0.705397, 0.0, 0.0, 0.0, 1.0],
                [1.0, 0.0, 0.0, -5e-06, 0.0, 0.0, -1.0, 0.000946, 0.0, 1.0, 0.0, 0.680769, 0.0, 0.0, 0.0, 1.0],
                [1.0, 0.0, 0.0, -5e-06, 0.0, 0.0, -1.0, 0.000946, 0.0, 1.0, 0.0, 0.656141, 0.0, 0.0, 0.0, 1.0],
                [1.0, 0.0, 0.0, -5e-06, 0.0, 0.0, -1.0, 0.000946, 0.0, 1.0, 0.0, 0.63351, 0.0, 0.0, 0.0, 1.0],
                [1.0, 0.0, 0.0, -5e-06, 0.0, 0.0, -1.0, 0.000946, 0.0, 1.0, 0.0, 0.614873, 0.0, 0.0, 0.0, 1.0],
                [1.0, 0.0, 0.0, -5e-06, 0.0, 0.0, -1.0, 0.000946, 0.0, 1.0, 0.0, 0.602226, 0.0, 0.0, 0.0, 1.0],
                [1.0, 0.0, 0.0, -5e-06, 0.0, 0.0, -1.0, 0.000946, 0.0, 1.0, 0.0, 0.597566, 0.0, 0.0, 0.0, 1.0]
            ]
        },
        {
            "name": "Thigh_R",
            "time": [0.0, 0.0167, 0.0333, 0.05, 0.0667, 0.0833, 0.1, 0.1167, 0.1333, 0.15, 0.1667, 0.1833, 0.2, 0.2167, 0.2333, 0.25, 0.2667, 0.2833, 0.3, 0.3167, 0.3333],
            "transform": [
                [0.933693, 0.34151, 0.107642, 0.124994, 0.161558, -0.670061, 0.724511, -0.002831, 0.319555, -0.659079, -0.680807, -1.2e-05, 0.0, 0.0, 0.0, 1.0],
                [0.933199, 0.343262, 0.106345, 0.124994, 0.164315, -0.670769, 0.723234, -0.002831, 0.319592, -0.657446, -0.682366, -1.2e-05, 0.0, 0.0, 0.0, 1.0],
                [0.93211, 0.347088, 0.10344, 0.124994, 0.171754, -0.675068, 0.717483, -0.002831, 0.318859, -0.651005, -0.688854, -1.2e-05, 0.0, 0.0, 0.0, 1.0],
                [0.931021, 0.350874, 0.100428, 0.124994, 0.182603, -0.686088, 0.704229, -0.002831, 0.315998, -0.637312, -0.702835, -1.2e-05, 0.0, 0.0, 0.0, 1.0],
                [0.930582, 0.352508, 0.098764, 0.124994, 0.195497, -0.70662, 0.680049, -0.002831, 0.309511, -0.613532, -0.726484, -1.2e-05, 0.0, 0.0, 0.0, 1.0],
                [0.931513, 0.349776, 0.099698, 0.124994, 0.208821, -0.73877, 0.640789, -0.002831, 0.297787, -0.576082, -0.761217, -1.2e-05, 0.0, 0.0, 0.0, 1.0],
                [0.93556, 0.337225, 0.104911, 0.124994, 0.216641, -0.782589, 0.583626, -0.002831, 0.278915, -0.523287, -0.805218, -1.2e-05, 0.0, 0.0, 0.0, 1.0],
                [0.942381, 0.315053, 0.112507, 0.124994, 0.215645, -0.829188, 0.515696, -0.002831, 0.255761, -0.461719, -0.849353, -1.2e-05, 0.0, 0.0, 0.0, 1.0],
                [0.949594, 0.289954, 0.11915, 0.124994, 0.208891, -0.868684, 0.449165, -0.002831, 0.233741, -0.401634, -0.885469, -1.2e-05, 0.0, 0.0, 0.0, 1.0],
                [0.955126, 0.269314, 0.123298, 0.124994, 0.200923, -0.89495, 0.398359, -0.002831, 0.21763, -0.355709, -0.908905, -1.2e-05, 0.0, 0.0, 0.0, 1.0],
                [0.957314, 0.260757, 0.124714, 0.124994, 0.1971, -0.904494, 0.378205, -0.002831, 0.211423, -0.337479, -0.917283, -1.2e-05, 0.0, 0.0, 0.0, 1.0],
                [0.954624, 0.267009, 0.131903, 0.124994, 0.198188, -0.900163, 0.387845, -0.002831, 0.222293, -0.344104, -0.912238, -1.2e-05, 0.0, 0.0, 0.0, 1.0],
                [0.946771, 0.28426, 0.151063, 0.124994, 0.200548, -0.887933, 0.413948, -0.002831, 0.251803, -0.361617, -0.897679, -1.2e-05, 0.0, 0.0, 0.0, 1.0],
                [0.933747, 0.310376, 0.178276, 0.124994, 0.20242, -0.86867, 0.452144, -0.002831, 0.295198, -0.386101, -0.873948, -1.2e-05, 0.0, 0.0, 0.0, 1.0],
                [0.915661, 0.343045, 0.209484, 0.124994, 0.202076, -0.843395, 0.497843, -0.002831, 0.34746, -0.413522, -0.841588, -1.2e-05, 0.0, 0.0, 0.0, 1.0],
                [0.893265, 0.379539, 0.240885, 0.124994, 0.198409, -0.813717, 0.546347, -0.002831, 0.403373, -0.440238, -0.802172, -1.2e-05, 0.0, 0.0, 0.0, 1.0],
                [0.868217, 0.416716, 0.269345, 0.124994, 0.191328, -0.782015, 0.593163, -0.002831, 0.457813, -0.46346, -0.758691, -1.2e-05, 0.0, 0.0, 0.0, 1.0],
                [0.843053, 0.451204, 0.292704, 0.124994, 0.181875, -0.751339, 0.634357, -0.002831, 0.506145, -0.48156, -0.715483, -1.2e-05, 0.0, 0.0, 0.0, 1.0],
                [0.820934, 0.479657, 0.309831, 0.124994, 0.172041, -0.725137, 0.666765, -0.002831, 0.544489, -0.494065, -0.677813, -1.2e-05, 0.0, 0.0, 0.0, 1.0],
                [0.805275, 0.498914, 0.320336, 0.124994, 0.164355, -0.706951, 0.6879, -0.002831, 0.569665, -0.501299, -0.651291, -1.2e-05, 0.0, 0.0, 0.0, 1.0],
                [0.799384, 0.505989, 0.323975, 0.124994, 0.161323, -0.700178, 0.695502, -0.002831, 0.578757, -0.503707, -0.641341, -1.2e-05, 0.0, 0.0, 0.0, 1.0]
            ]
        },
        {
            "name": "Leg_R",
            "time": [0.0, 0.0167, 0.0333, 0.05, 0.0667, 0.0833, 0.1, 0.1167, 0.1333, 0.15, 0.1667, 0.1833, 0.2, 0.2167, 0.2333, 0.25, 0.2667, 0.2833, 0.3, 0.3167, 0.3333],
            "transform": [
                [1.0, -1e-06, 0.0, -0.0, -0.0, 0.254087, 0.967181, 0.37472, -1e-06, -0.967182, 0.254086, -0.0, 0.0, 0.0, 0.0, 1.0],
                [1.0, -1e-06, 0.0, 0.0, -0.0, 0.237093, 0.971486, 0.37472, -1e-06, -0.971488, 0.237092, 0.0, 0.0, 0.0, 0.0, 1.0],
                [1.0, -1e-06, 0.0, -0.0, -0.0, 0.196261, 0.980551, 0.37472, -1e-06, -0.980552, 0.196261, -0.0, 0.0, 0.0, 0.0, 1.0],
                [1.0, -1e-06, 0.0, 0.0, -0.0, 0.147082, 0.989124, 0.37472, -1e-06, -0.989125, 0.147081, 0.0, 0.0, 0.0, 0.0, 1.0],
                [1.0, -1e-06, 0.0, -0.0, -0.0, 0.10563, 0.994405, 0.37472, -1e-06, -0.994406, 0.10563, 0.0, 0.0, 0.0, 0.0, 1.0],
                [1.0, -1e-06, 0.0, 0.0, -0.0, 0.088209, 0.996101, 0.37472, -1e-06, -0.996103, 0.088209, 0.0, 0.0, 0.0, 0.0, 1.0],
                [1.0, -1e-06, 0.0, -0.0, -0.0, 0.174724, 0.984617, 0.37472, -1e-06, -0.984618, 0.174724, -0.0, 0.0, 0.0, 0.0, 1.0],
                [1.0, -1e-06, 1e-06, 0.0, -0.0, 0.380435, 0.924807, 0.37472, -1e-06, -0.924809, 0.380434, 0.0, 0.0, 0.0, 0.0, 1.0],
                [1.0, -0.0, 1e-06, 0.0, -0.0, 0.607606, 0.794239, 0.37472, -1e-06, -0.79424, 0.607605, -0.0, 0.0, 0.0, 0.0, 1.0],
                [1.0, -0.0, 1e-06, -0.0, -0.0, 0.766031, 0.642804, 0.37472, -1e-06, -0.642805, 0.766029, 0.0, 0.0, 0.0, 0.0, 1.0],
                [1.0, -0.0, 1e-06, -0.0, -0.0, 0.821037, 0.570876, 0.37472, -1e-06, -0.570877, 0.821035, -0.0, 0.0, 0.0, 0.0, 1.0],
                [1.0, -0.0, 1e-06, -0.0, -0.0, 0.81111, 0.584893, 0.37472, -1e-06, -0.584894, 0.811109, -0.0, 0.0, 0.0, 0.0, 1.0],
                [1.0, -0.0, 1e-06, 0.0, -0.0, 0.782772, 0.622309, 0.37472, -1e-06, -0.62231, 0.782771, -0.0, 0.0, 0.0, 0.0, 1.0],
                [1.0, -0.0, 1e-06, -0.0, -0.0, 0.737367, 0.675493, 0.37472, -1e-06, -0.675494, 0.737366, 0.0, 0.0, 0.0, 0.0, 1.0],
                [1.0, -0.0, 1e-06, 0.0, -0.0, 0.676649, 0.736305, 0.37472, -1e-06, -0.736307, 0.676648, 0.0, 0.0, 0.0, 0.0, 1.0],
                [1.0, -0.0, 1e-06, 0.0, -0.0, 0.604154, 0.796867, 0.37472, -1e-06, -0.796868, 0.604153, 0.0, 0.0, 0.0, 0.0, 1.0],
                [1.0, -0.0, 1e-06, 0.0, -0.0, 0.525766, 0.850629, 0.37472, -1e-06, -0.85063, 0.525766, -0.0, 0.0, 0.0, 0.0, 1.0],
                [1.0, -1e-06, 1e-06, -0.0, -0.0, 0.449389, 0.893335, 0.37472, -1e-06, -0.893337, 0.449388, 0.0, 0.0, 0.0, 0.0, 1.0],
                [1.0, -1e-06, 0.0, -0.0, -0.0, 0.384001, 0.923332, 0.37472, -1e-06, -0.923333, 0.384001, 0.0, 0.0, 0.0, 0.0, 1.0],
                [1.0, -1e-06, 0.0, -0.0, -0.0, 0.338638, 0.940916, 0.37472, -1e-06, -0.940917, 0.338638, 0.0, 0.0, 0.0, 0.0, 1.0],
                [1.0, -1e-06, 0.0, 0.0, -0.0, 0.321763, 0.946819, 0.37472, -1e-06, -0.946821, 0.321763, -0.0, 0.0, 0.0, 0.0, 1.0]
            ]
        },
        {
            "name": "Knee_R",
            "time": [0.0, 0.0167, 0.0333, 0.05, 0.0667, 0.0833, 0.1, 0.1167, 0.1333, 0.15, 0.1667, 0.1833, 0.2, 0.2167, 0.2333, 0.25, 0.2667, 0.2833, 0.3, 0.3167, 0.3333],
            "transform": [
                [1.0, 0.0, -0.0, -0.0, -0.0, 1e-06, -1.0, 0.457734, -0.0, 1.0, 1e-06, 0.0, 0.0, 0.0, 0.0, 1.0],
                [1.0, 0.0, -0.0, 0.0, -0.0, 1e-06, -1.0, 0.459576, -0.0, 1.0, 1e-06, 0.0, 0.0, 0.0, 0.0, 1.0],
                [1.0, 0.0, -0.0, -0.0, -0.0, 1e-06, -1.0, 0.46397, -0.0, 1.0, 1e-06, -0.0, 0.0, 0.0, 0.0, 1.0],
                [1.0, 0.0, -0.0, 0.0, -0.0, 1e-06, -1.0, 0.469214, -0.0, 1.0, 1e-06, -0.0, 0.0, 0.0, 0.0, 1.0],
                [1.0, 0.0, -0.0, -0.0, -0.0, 1e-06, -1.0, 0.473604, -0.0, 1.0, 1e-06, -0.0, 0.0, 0.0, 0.0, 1.0],
                [1.0, 0.0, -0.0, 0.0, -0.0, 1e-06, -1.0, 0.475442, -0.0, 1.0, 1e-06, -0.0, 0.0, 0.0, 0.0, 1.0],
                [1.0, 0.0, -0.0, 0.0, -0.0, 1e-06, -1.0, 0.466272, -0.0, 1.0, 1e-06, -0.0, 0.0, 0.0, 0.0, 1.0],
                [1.0, 0.0, -0.0, 0.0, -0.0, 1e-06, -1.0, 0.443726, -0.0, 1.0, 1e-06, -0.0, 0.0, 0.0, 0.0, 1.0],
                [1.0, 0.0, -0.0, 0.0, -0.0, 1e-06, -1.0, 0.416123, -0.0, 1.0, 1e-06, -0.0, 0.0, 0.0, 0.0, 1.0],
                [1.0, 0.0, -0.0, -0.0, -0.0, 1e-06, -1.0, 0.393056, -0.0, 1.0, 1e-06, -0.0, 0.0, 0.0, 0.0, 1.0],
                [1.0, 0.0, -0.0, -0.0, -0.0, 1e-06, -1.0, 0.383541, -0.0, 1.0, 1e-06, -0.0, 0.0, 0.0, 0.0, 1.0],
                [1.0, 0.0, -0.0, -0.0, -0.0, 1e-06, -1.0, 0.385345, -0.0, 1.0, 1e-06, 0.0, 0.0, 0.0, 0.0, 1.0],
                [1.0, 0.0, -0.0, 0.0, -0.0, 1e-06, -1.0, 0.390276, -0.0, 1.0, 1e-06, -0.0, 0.0, 0.0, 0.0, 1.0],
                [1.0, 0.0, -0.0, -0.0, -0.0, 1e-06, -1.0, 0.397623, -0.0, 1.0, 1e-06, 0.0, 0.0, 0.0, 0.0, 1.0],
                [1.0, 0.0, -0.0, -0.0, -0.0, 1e-06, -1.0, 0.406653, -0.0, 1.0, 1e-06, 0.0, 0.0, 0.0, 0.0, 1.0],
                [1.0, 0.0, -0.0, 0.0, -0.0, 1e-06, -1.0, 0.416579, -0.0, 1.0, 1e-06, 0.0, 0.0, 0.0, 0.0, 1.0],
                [1.0, 0.0, -0.0, 0.0, -0.0, 1e-06, -1.0, 0.426567, -0.0, 1.0, 1e-06, -0.0, 0.0, 0.0, 0.0, 1.0],
                [1.0, 0.0, -0.0, -0.0, -0.0, 1e-06, -1.0, 0.435762, -0.0, 1.0, 1e-06, 0.0, 0.0, 0.0, 0.0, 1.0],
                [1.0, 0.0, -0.0, 0.0, -0.0, 1e-06, -1.0, 0.44332, -0.0, 1.0, 1e-06, -0.0, 0.0, 0.0, 0.0, 1.0],
                [1.0, 0.0, -0.0, -0.0, -0.0, 1e-06, -1.0, 0.448431, -0.0, 1.0, 1e-06, -0.0, 0.0, 0.0, 0.0, 1.0],
                [1.0, 0.0, -0.0, 0.0, -0.0, 1e-06, -1.0, 0.450309, -0.0, 1.0, 1e-06, -0.0, 0.0, 0.0, 0.0, 1.0]
            ]
        },
        {
            "name": "Thigh_L",
            "time": [0.0, 0.0167, 0.0333, 0.05, 0.0667, 0.0833, 0.1, 0.1167, 0.1333, 0.15, 0.1667, 0.1833, 0.2, 0.2167, 0.2333, 0.25, 0.2667, 0.2833, 0.3, 0.3167, 0.3333],
            "transform": [
                [0.976553, -0.213225, -0.029653, -0.125006, -0.062619, -0.413134, 0.908514, -0.002831, -0.205968, -0.885355, -0.4168, -1.2e-05, 0.0, 0.0, 0.0, 1.0],
                [0.976424, -0.214066, -0.027772, -0.125006, -0.060336, -0.394186, 0.917048, -0.002831, -0.207256, -0.893751, -0.397809, -1.2e-05, 0.0, 0.0, 0.0, 1.0],
                [0.976135, -0.215916, -0.023212, -0.125006, -0.054781, -0.348262, 0.935795, -0.002831, -0.210137, -0.912191, -0.35178, -1.2e-05, 0.0, 0.0, 0.0, 1.0],
                [0.975827, -0.217826, -0.017652, -0.125006, -0.047967, -0.292283, 0.955128, -0.002831, -0.213211, -0.931193, -0.295667, -1.2e-05, 0.0, 0.0, 0.0, 1.0],
                [0.975601, -0.21917, -0.012915, -0.125006, -0.042128, -0.244609, 0.968706, -0.002831, -0.21547, -0.944526, -0.247875, -1.2e-05, 0.0, 0.0, 0.0, 1.0],
                [0.975514, -0.219663, -0.010911, -0.125006, -0.03965, -0.224454, 0.973677, -0.002831, -0.21633, -0.949404, -0.227668, -1.2e-05, 0.0, 0.0, 0.0, 1.0],
                [0.976308, -0.215862, -0.014997, -0.125006, -0.055498, -0.316793, 0.946869, -0.002831, -0.209144, -0.923604, -0.321268, -1.2e-05, 0.0, 0.0, 0.0, 1.0],
                [0.978479, -0.205027, -0.023268, -0.125006, -0.090801, -0.52909, 0.843693, -0.002831, -0.185291, -0.823423, -0.536321, -1.2e-05, 0.0, 0.0, 0.0, 1.0],
                [0.981392, -0.189743, -0.029442, -0.125006, -0.124522, -0.745634, 0.654617, -0.002831, -0.146162, -0.638769, -0.755387, -1.2e-05, 0.0, 0.0, 0.0, 1.0],
                [0.983857, -0.176251, -0.030997, -0.125006, -0.142891, -0.877985, 0.456861, -0.002831, -0.107737, -0.445056, -0.888998, -1.2e-05, 0.0, 0.0, 0.0, 1.0],
                [0.984843, -0.170711, -0.030684, -0.125006, -0.147651, -0.917977, 0.368124, -0.002831, -0.09101, -0.358013, -0.92927, -1.2e-05, 0.0, 0.0, 0.0, 1.0],
                [0.984502, -0.17277, -0.030085, -0.125006, -0.149266, -0.915587, 0.373388, -0.002831, -0.092056, -0.36311, -0.927187, -1.2e-05, 0.0, 0.0, 0.0, 1.0],
                [0.983558, -0.17834, -0.028398, -0.125006, -0.153617, -0.908929, 0.387618, -0.002831, -0.09494, -0.376882, -0.921382, -1.2e-05, 0.0, 0.0, 0.0, 1.0],
                [0.982117, -0.186498, -0.025752, -0.125006, -0.159943, -0.89867, 0.408422, -0.002831, -0.099312, -0.396999, -0.91243, -1.2e-05, 0.0, 0.0, 0.0, 1.0],
                [0.980288, -0.196312, -0.022284, -0.125006, -0.167479, -0.885505, 0.433393, -0.002831, -0.104813, -0.421117, -0.900929, -1.2e-05, 0.0, 0.0, 0.0, 1.0],
                [0.9782, -0.206864, -0.018199, -0.125006, -0.175487, -0.870314, 0.46017, -0.002831, -0.111031, -0.446944, -0.887644, -1.2e-05, 0.0, 0.0, 0.0, 1.0],
                [0.976014, -0.217266, -0.013793, -0.125006, -0.183284, -0.854243, 0.486492, -0.002831, -0.117481, -0.472295, -0.873576, -1.2e-05, 0.0, 0.0, 0.0, 1.0],
                [0.973923, -0.226679, -0.009469, -0.125006, -0.19025, -0.838721, 0.510245, -0.002831, -0.123604, -0.495138, -0.859977, -1.2e-05, 0.0, 0.0, 0.0, 1.0],
                [0.972143, -0.234319, -0.005714, -0.125006, -0.195839, -0.825412, 0.529472, -0.002831, -0.128781, -0.513603, -0.848308, -1.2e-05, 0.0, 0.0, 0.0, 1.0],
                [0.970906, -0.239441, -0.003068, -0.125006, -0.199553, -0.816116, 0.542339, -0.002831, -0.132362, -0.525947, -0.840154, -1.2e-05, 0.0, 0.0, 0.0, 1.0],
                [0.970444, -0.241315, -0.002073, -0.125006, -0.200905, -0.812639, 0.547041, -0.002831, -0.133694, -0.530456, -0.837103, -1.2e-05, 0.0, 0.0, 0.0, 1.0]
            ]
        },
        {
            "name": "Leg_L",
            "time": [0.0, 0.0167, 0.0333, 0.05, 0.0667, 0.0833, 0.1, 0.1167, 0.1333, 0.15, 0.1667, 0.1833, 0.2, 0.2167, 0.2333, 0.25, 0.2667, 0.2833, 0.3, 0.3167, 0.3333],
            "transform": [
                [1.0, -1e-06, 0.0, 0.0, -0.0, 0.276286, 0.961076, 0.37472, -1e-06, -0.961075, 0.276286, 0.0, 0.0, 0.0, 0.0, 1.0],
                [1.0, -1e-06, 0.0, -0.0, -0.0, 0.211971, 0.977276, 0.37472, -1e-06, -0.977276, 0.211971, 0.0, 0.0, 0.0, 0.0, 1.0],
                [1.0, -1e-06, 0.0, 0.0, -0.0, 0.055478, 0.998461, 0.37472, -1e-06, -0.99846, 0.055478, 0.0, 0.0, 0.0, 0.0, 1.0],
                [1.0, -1e-06, 0.0, -0.0, -0.0, -0.130397, 0.991463, 0.37472, -1e-06, -0.991462, -0.130397, -0.0, 0.0, 0.0, 0.0, 1.0],
                [1.0, -1e-06, 0.0, -0.0, -0.0, -0.278958, 0.960303, 0.37472, -1e-06, -0.960303, -0.278958, -0.0, 0.0, 0.0, 0.0, 1.0],
                [1.0, -1e-06, -0.0, -0.0, -0.0, -0.338097, 0.941112, 0.37472, -1e-06, -0.941111, -0.338097, 0.0, 0.0, 0.0, 0.0, 1.0],
                [1.0, -1e-06, 0.0, -0.0, -0.0, -0.23921, 0.970968, 0.37472, -1e-06, -0.970968, -0.23921, -0.0, 0.0, 0.0, 0.0, 1.0],
                [1.0, -1e-06, 0.0, 0.0, -0.0, 0.014065, 0.999901, 0.37472, -1e-06, -0.999901, 0.014065, 0.0, 0.0, 0.0, 0.0, 1.0],
                [1.0, -1e-06, 0.0, 0.0, -0.0, 0.321257, 0.946993, 0.37472, -1e-06, -0.946992, 0.321257, -0.0, 0.0, 0.0, 0.0, 1.0],
                [1.0, -0.0, 1e-06, -0.0, -0.0, 0.552732, 0.83336, 0.37472, -1e-06, -0.833359, 0.552732, -0.0, 0.0, 0.0, 0.0, 1.0],
                [1.0, -0.0, 1e-06, 0.0, -0.0, 0.637236, 0.770669, 0.37472, -1e-06, -0.770669, 0.637236, 0.0, 0.0, 0.0, 0.0, 1.0],
                [1.0, -0.0, 1e-06, 0.0, -0.0, 0.62996, 0.776628, 0.37472, -1e-06, -0.776628, 0.62996, -0.0, 0.0, 0.0, 0.0, 1.0],
                [1.0, -0.0, 1e-06, -0.0, -0.0, 0.609892, 0.792485, 0.37472, -1e-06, -0.792485, 0.609892, -0.0, 0.0, 0.0, 0.0, 1.0],
                [1.0, -0.0, 1e-06, 0.0, -0.0, 0.579499, 0.814973, 0.37472, -1e-06, -0.814972, 0.5795, -0.0, 0.0, 0.0, 0.0, 1.0],
                [1.0, -0.0, 1e-06, 0.0, -0.0, 0.541357, 0.840793, 0.37472, -1e-06, -0.840793, 0.541357, -0.0, 0.0, 0.0, 0.0, 1.0],
                [1.0, -0.0, 1e-06, -0.0, -0.0, 0.498427, 0.866932, 0.37472, -1e-06, -0.866931, 0.498428, -0.0, 0.0, 0.0, 0.0, 1.0],
                [1.0, -1e-06, 1e-06, 0.0, -0.0, 0.454166, 0.890917, 0.37472, -1e-06, -0.890917, 0.454166, -0.0, 0.0, 0.0, 0.0, 1.0],
                [1.0, -1e-06, 1e-06, -0.0, -0.0, 0.41246, 0.910976, 0.37472, -1e-06, -0.910975, 0.41246, -0.0, 0.0, 0.0, 0.0, 1.0],
                [1.0, -1e-06, 0.0, 0.0, -0.0, 0.377468, 0.926023, 0.37472, -1e-06, -0.926022, 0.377468, -0.0, 0.0, 0.0, 0.0, 1.0],
                [1.0, -1e-06, 1e-06, 0.0, -0.0, 0.353434, 0.93546, 0.37472, -1e-06, -0.935459, 0.353434, 0.0, 0.0, 0.0, 0.0, 1.0],
                [1.0, -1e-06, 0.0, -0.0, -0.0, 0.344526, 0.938777, 0.37472, -1e-06, -0.938776, 0.344527, -0.0, 0.0, 0.0, 0.0, 1.0]
            ]
        },
        {
            "name": "Knee_L",
            "time": [0.0, 0.0167, 0.0333, 0.05, 0.0667, 0.0833, 0.1, 0.1167, 0.1333, 0.15, 0.1667, 0.1833, 0.2, 0.2167, 0.2333, 0.25, 0.2667, 0.2833, 0.3, 0.3167, 0.3333],
            "transform": [
                [1.0, 0.0, -0.0, 0.0, -0.0, 1e-06, -1.0, 0.455316, -0.0, 1.0, 1e-06, -0.0, 0.0, 0.0, 0.0, 1.0],
                [1.0, 0.0, -0.0, -0.0, -0.0, 1e-06, -1.0, 0.462284, -0.0, 1.0, 1e-06, 0.0, 0.0, 0.0, 0.0, 1.0],
                [1.0, 0.0, -0.0, 0.0, -0.0, 1e-06, -1.0, 0.47889, -0.0, 1.0, 1e-06, -0.0, 0.0, 0.0, 0.0, 1.0],
                [1.0, 0.0, -0.0, 0.0, -0.0, 1e-06, -1.0, 0.48472, -0.0, 1.0, 1e-06, 0.0, 0.0, 0.0, 0.0, 1.0],
                [1.0, 0.0, -0.0, -0.0, -0.0, 1e-06, -1.0, 0.48472, -0.0, 1.0, 1e-06, -0.0, 0.0, 0.0, 0.0, 1.0],
                [1.0, 0.0, -0.0, 0.0, -0.0, 1e-06, -1.0, 0.48472, -0.0, 1.0, 1e-06, 0.0, 0.0, 0.0, 0.0, 1.0],
                [1.0, 0.0, -0.0, 0.0, -0.0, 1e-06, -1.0, 0.48472, -0.0, 1.0, 1e-06, -0.0, 0.0, 0.0, 0.0, 1.0],
                [1.0, 0.0, -0.0, 0.0, -0.0, 1e-06, -1.0, 0.483243, -0.0, 1.0, 1e-06, -0.0, 0.0, 0.0, 0.0, 1.0],
                [1.0, 0.0, -0.0, 0.0, -0.0, 1e-06, -1.0, 0.450365, -0.0, 1.0, 1e-06, -0.0, 0.0, 0.0, 0.0, 1.0],
                [1.0, 0.0, -0.0, -0.0, -0.0, 1e-06, -1.0, 0.423203, -0.0, 1.0, 1e-06, -0.0, 0.0, 0.0, 0.0, 1.0],
                [1.0, 0.0, -0.0, -0.0, -0.0, 1e-06, -1.0, 0.412146, -0.0, 1.0, 1e-06, -0.0, 0.0, 0.0, 0.0, 1.0],
                [1.0, 0.0, -0.0, -0.0, -0.0, 1e-06, -1.0, 0.413134, -0.0, 1.0, 1e-06, -0.0, 0.0, 0.0, 0.0, 1.0],
                [1.0, 0.0, -0.0, 0.0, -0.0, 1e-06, -1.0, 0.41582, -0.0, 1.0, 1e-06, -0.0, 0.0, 0.0, 0.0, 1.0],
                [1.0, 0.0, -0.0, 0.0, -0.0, 1e-06, -1.0, 0.419792, -0.0, 1.0, 1e-06, -0.0, 0.0, 0.0, 0.0, 1.0],
                [1.0, 0.0, -0.0, 0.0, -0.0, 1e-06, -1.0, 0.424631, -0.0, 1.0, 1e-06, -0.0, 0.0, 0.0, 0.0, 1.0],
                [1.0, 0.0, -0.0, -0.0, -0.0, 1e-06, -1.0, 0.429911, -0.0, 1.0, 1e-06, -0.0, 0.0, 0.0, 0.0, 1.0],
                [1.0, 0.0, -0.0, 0.0, -0.0, 1e-06, -1.0, 0.435199, -0.0, 1.0, 1e-06, -0.0, 0.0, 0.0, 0.0, 1.0],
                [1.0, 0.0, -0.0, 0.0, -0.0, 1e-06, -1.0, 0.440061, -0.0, 1.0, 0.0, -0.0, 0.0, 0.0, 0.0, 1.0],
                [1.0, 0.0, -0.0, 0.0, -0.0, 1e-06, -1.0, 0.444062, -0.0, 1.0, 1e-06, -0.0, 0.0, 0.0, 0.0, 1.0],
                [1.0, 0.0, -0.0, 0.0, -0.0, 1e-06, -1.0, 0.446775, -0.0, 1.0, 1e-06, -0.0, 0.0, 0.0, 0.0, 1.0],
                [1.0, 0.0, -0.0, 0.0, -0.0, 1e-06, -1.0, 0.447773, -0.0, 1.0, 0.0, -0.0, 0.0, 0.0, 0.0, 1.0]
            ]
        },
        {
            "name": "Torso",
            "time": [0.0, 0.0167, 0.0333, 0.05, 0.0667, 0.0833, 0.1, 0.1167, 0.1333, 0.15, 0.1667, 0.1833, 0.2, 0.2167, 0.2333, 0.25, 0.2667, 0.2833, 0.3, 0.3167, 0.3333],
            "transform": [
                [1.0, 0.0, 0.0, 0.0, 0.0, 0.999069, 0.043137, 0.05, 0.0, -0.043137, 0.999069, 0.0, 0.0, 0.0, 0.0, 1.0],
                [1.0, 0.0, 0.0, 0.0, 0.0, 0.999822, 0.018852, 0.05, 0.0, -0.018852, 0.999822, 0.0, 0.0, 0.0, 0.0, 1.0],
                [1.0, 0.0, 0.0, 0.0, 0.0, 0.999235, -0.039099, 0.05, 0.0, 0.039099, 0.999235, 0.0, 0.0, 0.0, 0.0, 1.0],
                [1.0, 0.0, 0.0, 0.0, 0.0, 0.994145, -0.108059, 0.05, 0.0, 0.108059, 0.994144, 0.0, 0.0, 0.0, 0.0, 1.0],
                [1.0, 0.0, 0.0, 0.0, 0.0, 0.986218, -0.165451, 0.05, 0.0, 0.165451, 0.986218, 0.0, 0.0, 0.0, 0.0, 1.0],
                [1.0, 0.0, 0.0, 0.0, 0.0, 0.981857, -0.189625, 0.05, 0.0, 0.189625, 0.981857, 0.0, 0.0, 0.0, 0.0, 1.0],
                [1.0, 0.0, 0.0, 0.0, 0.0, 0.995205, -0.09781, 0.05, 0.0, 0.09781, 0.995205, 0.0, 0.0, 0.0, 0.0, 1.0],
                [1.0, 0.0, 0.0, 0.0, 0.0, 0.991564, 0.129617, 0.05, 0.0, -0.129617, 0.991564, 0.0, 0.0, 0.0, 0.0, 1.0],
                [1.0, 0.0, 0.0, 0.0, 0.0, 0.91869, 0.394979, 0.05, 0.0, -0.394979, 0.91869, 0.0, 0.0, 0.0, 0.0, 1.0],
                [1.0, 0.0, 0.0, 0.0, 0.0, 0.806062, 0.591832, 0.05, 0.0, -0.591832, 0.806061, 0.0, 0.0, 0.0, 0.0, 1.0],
                [1.0, 0.0, 0.0, 0.0, 0.0, 0.747805, 0.663918, 0.05, 0.0, -0.663918, 0.747805, 0.0, 0.0, 0.0, 0.0, 1.0],
                [1.0, 0.0, 0.0, 0.0, 0.0, 0.747805, 0.663918, 0.05, 0.0, -0.663918, 0.747805, 0.0, 0.0, 0.0, 0.0, 1.0],
                [1.0, 0.0, 0.0, 0.0, 0.0, 0.747805, 0.663918, 0.05, 0.0, -0.663918, 0.747805, 0.0, 0.0, 0.0, 0.0, 1.0],
                [1.0, 0.0, 0.0, 0.0, 0.0, 0.747805, 0.663918, 0.05, 0.0, -0.663918, 0.747805, 0.0, 0.0, 0.0, 0.0, 1.0],
                [1.0, 0.0, 0.0, 0.0, 0.0, 0.747805, 0.663918, 0.05, 0.0, -0.663918, 0.747805, 0.0, 0.0, 0.0, 0.0, 1.0],
                [1.0, 0.0, 0.0, 0.0, 0.0, 0.747805, 0.663918, 0.05, 0.0, -0.663918, 0.747805, 0.0, 0.0, 0.0, 0.0, 1.0],
                [1.0, 0.0, 0.0, 0.0, 0.0, 0.747805, 0.663918, 0.05, 0.0, -0.663918, 0.747805, 0.0, 0.0, 0.0, 0.0, 1.0],
                [1.0, 0.0, 0.0, 0.0, 0.0, 0.747805, 0.663918, 0.05, 0.0, -0.663918, 0.747805, 0.0, 0.0, 0.0, 0.0, 1.0],
                [1.0, 0.0, 0.0, 0.0, 0.0, 0.747805, 0.663918, 0.05, 0.0, -0.663918, 0.747805, 0.0, 0.0, 0.0, 0.0, 1.0],
                [1.0, 0.0, 0.0, 0.0, 0.0, 0.747805, 0.663918, 0.05, 0.0, -0.663918, 0.747805, 0.0, 0.0, 0.0, 0.0, 1.0],
                [1.0, 0.0, 0.0, 0.0, 0.0, 0.747805, 0.663918, 0.05, 0.0, -0.663918, 0.747805, 0.0, 0.0, 0.0, 0.0, 1.0]
            ]
        },
        {
            "name": "Chest",
            "time": [0.0, 0.0167, 0.0333, 0.05, 0.0667, 0.0833, 0.1, 0.1167, 0.1333, 0.15, 0.1667, 0.1833, 0.2, 0.2167, 0.2333, 0.25, 0.2667, 0.2833, 0.3, 0.3167, 0.3333],
            "transform": [
                [0.998538, -0.052582, -0.012536, 0.0, 0.050172, 0.987849, -0.147095, 0.3, 0.020118, 0.146251, 0.989043, 0.0, 0.0, 0.0, 0.0, 1.0],
                [0.998817, -0.047457, -0.010625, -0.0, 0.044629, 0.981268, -0.187405, 0.3, 0.01932, 0.186709, 0.982225, 0.0, 0.0, 0.0, 0.0, 1.0],
                [0.999369, -0.034867, -0.006781, 0.0, 0.03153, 0.95871, -0.282632, 0.3, 0.016356, 0.28224, 0.959204, 0.0, 0.0, 0.0, 0.0, 1.0],
                [0.999807, -0.019323, -0.003531, 0.0, 0.016381, 0.919387, -0.393014, 0.3, 0.01084, 0.39288, 0.919526, 0.0, 0.0, 0.0, 0.0, 1.0],
                [0.999981, -0.005965, -0.001645, 0.0, 0.004438, 0.876617, -0.481168, 0.3, 0.004312, 0.481152, 0.876627, -0.0, 0.0, 0.0, 0.0, 1.0],
                [1.0, 0.0, 0.0, 0.0, 0.0, 0.856202, -0.51664, 0.3, 0.0, 0.51664, 0.856203, 0.0, 0.0, 0.0, 0.0, 1.0],
                [0.999997, -0.001386, 0.001942, 0.0, 0.002083, 0.903947, -0.42764, 0.3, -0.001163, 0.427643, 0.903947, 0.0, 0.0, 0.0, 0.0, 1.0],
                [0.999978, -0.005871, 0.002946, 0.0, 0.006326, 0.981564, -0.191031, 0.3, -0.00177, 0.191046, 0.98158, 0.0, 0.0, 0.0, 0.0, 1.0],
                [0.999933, -0.01142, 0.002029, 0.0, 0.011115, 0.993465, 0.113596, 0.3, -0.003313, -0.113565, 0.993525, 0.0, 0.0, 0.0, 0.0, 1.0],
                [0.999878, -0.015608, 4.6e-05, 0.0, 0.014537, 0.932329, 0.361319, 0.3, -0.005682, -0.361275, 0.932442, 0.0, 0.0, 0.0, 0.0, 1.0],
                [0.999851, -0.017254, -0.000577, 0.0, 0.015556, 0.885968, 0.463486, 0.3, -0.007486, -0.463426, 0.886104, 0.0, 0.0, 0.0, 0.0, 1.0],
                [0.999849, -0.017337, 0.000728, 0.0, 0.014916, 0.880144, 0.474473, 0.3, -0.008867, -0.474391, 0.88027, 0.0, 0.0, 0.0, 0.0, 1.0],
                [0.999848, -0.017209, 0.002761, 0.0, 0.013731, 0.875322, 0.483345, 0.3, -0.010735, -0.483233, 0.875426, -0.0, 0.0, 0.0, 0.0, 1.0],
                [0.999843, -0.016924, 0.005323, 0.0, 0.01214, 0.871438, 0.490355, 0.3, -0.012938, -0.490213, 0.871506, 0.0, 0.0, 0.0, 0.0, 1.0],
                [0.99983, -0.01653, 0.008212, 0.0, 0.010286, 0.86841, 0.495741, 0.3, -0.015326, -0.495572, 0.868432, 0.0, 0.0, 0.0, 0.0, 1.0],
                [0.999808, -0.016073, 0.011224, 0.0, 0.008314, 0.866145, 0.499724, 0.3, -0.017753, -0.499534, 0.866112, 0.0, 0.0, 0.0, 0.0, 1.0],
                [0.999778, -0.015595, 0.014154, 0.0, 0.006371, 0.864543, 0.502519, 0.3, -0.020074, -0.502317, 0.864451, 0.0, 0.0, 0.0, 0.0, 1.0],
                [0.999744, -0.015142, 0.016797, 0.0, 0.004605, 0.863496, 0.504335, 0.3, -0.022141, -0.504128, 0.863345, 0.0, 0.0, 0.0, 0.0, 1.0],
                [0.999712, -0.014759, 0.018944, 0.0, 0.003162, 0.862892, 0.505378, 0.3, -0.023806, -0.505173, 0.86269, 0.0, 0.0, 0.0, 0.0, 1.0],
                [0.999687, -0.014493, 0.020386, 0.0, 0.00219, 0.862616, 0.505855, 0.3, -0.024916, -0.505652, 0.862378, 0.0, 0.0, 0.0, 0.0, 1.0],
                [0.999678, -0.014393, 0.020913, 0.0, 0.001834, 0.86255, 0.505968, 0.3, -0.025321, -0.505767, 0.862299, 0.0, 0.0, 0.0, 0.0, 1.0]
            ]
        },
        {
            "name": "Head",
            "time": [0.0, 0.0167, 0.0333, 0.05, 0.0667, 0.0833, 0.1, 0.1167, 0.1333, 0.15, 0.1667, 0.1833, 0.2, 0.2167, 0.2333, 0.25, 0.2667, 0.2833, 0.3, 0.3167, 0.3333],
            "transform": [
                [1.0, 0.0, -0.0, -0.0, 0.0, 0.940714, -0.339202, 0.4, -0.0, 0.339202, 0.940714, 0.0, 0.0, 0.0, 0.0, 1.0],
                [1.0, 0.0, -0.0, -0.0, -0.0, 0.940714, -0.339202, 0.4, -0.0, 0.339202, 0.940714, -0.0, 0.0, 0.0, 0.0, 1.0],
                [1.0, 0.0, -0.0, -0.0, 0.0, 0.940714, -0.339202, 0.4, 0.0, 0.339202, 0.940714, -0.0, 0.0, 0.0, 0.0, 1.0],
                [1.0, 0.0, -0.0, 0.0, -0.0, 0.940714, -0.339202, 0.4, 0.0, 0.339202, 0.940714, -0.0, 0.0, 0.0, 0.0, 1.0],
                [1.0, 0.0, -0.0, 0.0, 0.0, 0.940714, -0.339202, 0.4, -0.0, 0.339202, 0.940714, -0.0, 0.0, 0.0, 0.0, 1.0],
                [1.0, 0.0, 0.0, 0.0, 0.0, 0.940714, -0.339202, 0.4, 0.0, 0.339202, 0.940714, 0.0, 0.0, 0.0, 0.0, 1.0],
                [1.0, 0.0, -0.0, 0.0, 0.0, 0.940714, -0.339202, 0.4, 0.0, 0.339202, 0.940714, 0.0, 0.0, 0.0, 0.0, 1.0],
                [1.0, -0.0, 0.0, -0.0, 0.0, 0.940714, -0.339202, 0.4, -0.0, 0.339202, 0.940714, 0.0, 0.0, 0.0, 0.0, 1.0],
                [1.0, -0.0, 0.0, 0.0, -0.0, 0.940714, -0.339202, 0.4, 0.0, 0.339202, 0.940714, 0.0, 0.0, 0.0, 0.0, 1.0],
                [1.0, 0.0, 0.0, -0.0, 0.0, 0.940714, -0.339202, 0.4, -0.0, 0.339202, 0.940714, -0.0, 0.0, 0.0, 0.0, 1.0],
                [1.0, 0.0, 0.0, 0.0, 0.0, 0.940714, -0.339202, 0.4, 0.0, 0.339202, 0.940714, -0.0, 0.0, 0.0, 0.0, 1.0],
                [1.0, -0.0, 0.0, 0.0, -0.0, 0.940714, -0.339202, 0.4, -0.0, 0.339202, 0.940714, -0.0, 0.0, 0.0, 0.0, 1.0],
                [1.0, 0.0, -0.0, 0.0, -0.0, 0.940714, -0.339202, 0.4, -0.0, 0.339202, 0.940714, 0.0, 0.0, 0.0, 0.0, 1.0],
                [1.0, -0.0, 0.0, -0.0, -0.0, 0.940714, -0.339202, 0.4, 0.0, 0.339202, 0.940714, 0.0, 0.0, 0.0, 0.0, 1.0],
                [1.0, 0.0, 0.0, 0.0, -0.0, 0.940714, -0.339202, 0.4, -0.0, 0.339202, 0.940714, -0.0, 0.0, 0.0, 0.0, 1.0],
                [1.0, 0.0, -0.0, 0.0, 0.0, 0.940714, -0.339202, 0.4, 0.0, 0.339202, 0.940714, 0.0, 0.0, 0.0, 0.0, 1.0],
                [1.0, 0.0, -0.0, -0.0, 0.0, 0.940714, -0.339202, 0.4, 0.0, 0.339202, 0.940714, -0.0, 0.0, 0.0, 0.0, 1.0],
                [1.0, -0.0, -0.0, -0.0, -0.0, 0.940714, -0.339202, 0.4, 0.0, 0.339202, 0.940714, 0.0, 0.0, 0.0, 0.0, 1.0],
                [1.0, 0.0, -0.0, 0.0, 0.0, 0.940714, -0.339202, 0.4, 0.0, 0.339202, 0.940714, 0.0, 0.0, 0.0, 0.0, 1.0],
                [1.0, -0.0, -0.0, -0.0, 0.0, 0.940714, -0.339202, 0.4, -0.0, 0.339202, 0.940714, -0.0, 0.0, 0.0, 0.0, 1.0],
                [1.0, 0.0, -0.0, 0.0, -0.0, 0.940714, -0.339202, 0.4, 0.0, 0.339202, 0.940714, 0.0, 0.0, 0.0, 0.0, 1.0]
            ]
        },
        {
            "name": "Shoulder_R",
            "time": [0.0, 0.0167, 0.0333, 0.05, 0.0667, 0.0833, 0.1, 0.1167, 0.1333, 0.15, 0.1667, 0.1833, 0.2, 0.2167, 0.2333, 0.25, 0.2667, 0.2833, 0.3, 0.3167, 0.3333],
            "transform": [
                [0.176268, 0.675885, 0.715618, -0.0, -0.629929, -0.481186, 0.609631, 0.4, 0.756385, -0.558247, 0.340942, 0.0, 0.0, 0.0, 0.0, 1.0],
                [0.202918, 0.674583, 0.709761, -0.0, -0.655326, -0.445028, 0.610326, 0.4, 0.727579, -0.588971, 0.351768, -0.0, 0.0, 0.0, 0.0, 1.0],
                [0.270199, 0.668556, 0.692838, -0.0, -0.709144, -0.348545, 0.612888, 0.4, 0.651235, -0.656924, 0.379925, -0.0, 0.0, 0.0, 0.0, 1.0],
                [0.358203, 0.65484, 0.665488, 0.0, -0.757011, -0.21349, 0.61754, 0.4, 0.546465, -0.724987, 0.419249, -0.0, 0.0, 0.0, 0.0, 1.0],
                [0.446711, 0.638652, 0.626556, 0.0, -0.775755, -0.072387, 0.626868, 0.4, 0.445705, -0.766083, 0.463101, -0.0, 0.0, 0.0, 0.0, 1.0],
                [0.518337, 0.635972, 0.571722, 0.0, -0.761027, 0.038083, 0.647602, 0.4, 0.390084, -0.770772, 0.503731, 0.0, 0.0, 0.0, 0.0, 1.0],
                [0.572133, 0.644995, 0.506602, 0.0, -0.727615, 0.114132, 0.676424, 0.4, 0.378471, -0.755616, 0.534607, 0.0, 0.0, 0.0, 0.0, 1.0],
                [0.617027, 0.649397, 0.444479, -0.0, -0.689218, 0.173344, 0.703513, 0.4, 0.379811, -0.740429, 0.554534, 0.0, 0.0, 0.0, 0.0, 1.0],
                [0.652749, 0.649226, 0.390414, 0.0, -0.649737, 0.214761, 0.729191, 0.4, 0.389564, -0.729646, 0.562011, 0.0, 0.0, 0.0, 0.0, 1.0],
                [0.679797, 0.644533, 0.349932, -0.0, -0.612726, 0.236913, 0.753949, 0.4, 0.403042, -0.726945, 0.555975, -0.0, 0.0, 0.0, 0.0, 1.0],
                [0.69925, 0.634806, 0.328739, 0.0, -0.581603, 0.237781, 0.777945, 0.4, 0.415677, -0.735174, 0.535473, -0.0, 0.0, 0.0, 0.0, 1.0],
                [0.71493, 0.619691, 0.323816, 0.0, -0.555638, 0.222409, 0.801125, 0.4, 0.42443, -0.752673, 0.503331, -0.0, 0.0, 0.0, 0.0, 1.0],
                [0.729847, 0.60039, 0.326886, 0.0, -0.532029, 0.198601, 0.823105, 0.4, 0.429264, -0.774654, 0.464373, 0.0, 0.0, 0.0, 0.0, 1.0],
                [0.743919, 0.577822, 0.335717, -0.0, -0.511105, 0.168309, 0.842878, 0.4, 0.43053, -0.79862, 0.420536, 0.0, 0.0, 0.0, 0.0, 1.0],
                [0.756926, 0.553024, 0.348177, 0.0, -0.493148, 0.133783, 0.859597, 0.4, 0.428798, -0.822354, 0.373986, -0.0, 0.0, 0.0, 0.0, 1.0],
                [0.768583, 0.527252, 0.362332, 0.0, -0.478335, 0.097518, 0.872746, 0.4, 0.424823, -0.844094, 0.327154, 0.0, 0.0, 0.0, 0.0, 1.0],
                [0.778593, 0.502022, 0.376519, -0.0, -0.466707, 0.06215, 0.882225, 0.4, 0.419496, -0.862619, 0.282686, -0.0, 0.0, 0.0, 0.0, 1.0],
                [0.786694, 0.479068, 0.389367, -0.0, -0.458152, 0.030328, 0.888356, 0.4, 0.413774, -0.877254, 0.243345, 0.0, 0.0, 0.0, 0.0, 1.0],
                [0.792675, 0.460276, 0.399765, 0.0, -0.452434, 0.004625, 0.891786, 0.4, 0.408619, -0.887764, 0.211911, 0.0, 0.0, 0.0, 0.0, 1.0],
                [0.796374, 0.447596, 0.406749, -0.0, -0.449236, -0.012509, 0.893326, 0.4, 0.404937, -0.894148, 0.191115, -0.0, 0.0, 0.0, 0.0, 1.0],
                [0.797644, 0.442957, 0.409332, 0.0, -0.448233, -0.018732, 0.89372, 0.4, 0.403547, -0.896347, 0.183607, 0.0, 0.0, 0.0, 0.0, 1.0]
            ]
        },
        {
            "name": "Arm_R",
            "time": [0.0, 0.0167, 0.0333, 0.05, 0.0667, 0.0833, 0.1, 0.1167, 0.1333, 0.15, 0.1667, 0.1833, 0.2, 0.2167, 0.2333, 0.25, 0.2667, 0.2833, 0.3, 0.3167, 0.3333],
            "transform": [
                [0.163317, -0.696219, -0.699003, 0.0, 0.487388, 0.672957, -0.556401, 0.39386, 0.857776, -0.249816, 0.449234, -0.0, 0.0, 0.0, 0.0, 1.0],
                [0.164639, -0.714272, -0.680228, 0.0, 0.478811, 0.660808, -0.577991, 0.393861, 0.862342, -0.23054, 0.450796, -0.0, 0.0, 0.0, 0.0, 1.0],
                [0.168818, -0.755194, -0.63339, 0.0, 0.458191, 0.629087, -0.627942, 0.393861, 0.872675, -0.184205, 0.452224, 0.0, 0.0, 0.0, 0.0, 1.0],
                [0.175673, -0.799743, -0.574065, -0.0, 0.433451, 0.586403, -0.684289, 0.39386, 0.883889, -0.128618, 0.449664, -0.0, 0.0, 0.0, 0.0, 1.0],
                [0.18293, -0.833141, -0.521932, -0.0, 0.412797, 0.546916, -0.728342, 0.393861, 0.892264, -0.082216, 0.443965, -0.0, 0.0, 0.0, 0.0, 1.0],
                [0.186368, -0.84602, -0.499517, 0.0, 0.404196, 0.529428, -0.745876, 0.393861, 0.895485, -0.062895, 0.440626, 0.0, 0.0, 0.0, 0.0, 1.0],
                [0.186368, -0.84602, -0.499516, 0.0, 0.404196, 0.529428, -0.745876, 0.39386, 0.895485, -0.062895, 0.440626, -0.0, 0.0, 0.0, 0.0, 1.0],
                [0.186368, -0.84602, -0.499516, -0.0, 0.404196, 0.529428, -0.745876, 0.393861, 0.895485, -0.062895, 0.440626, -0.0, 0.0, 0.0, 0.0, 1.0],
                [0.186368, -0.84602, -0.499516, 0.0, 0.404196, 0.529428, -0.745876, 0.393861, 0.895485, -0.062895, 0.440626, -0.0, 0.0, 0.0, 0.0, 1.0],
                [0.186368, -0.84602, -0.499516, 0.0, 0.404196, 0.529428, -0.745876, 0.39386, 0.895484, -0.062895, 0.440626, 0.0, 0.0, 0.0, 0.0, 1.0],
                [0.186368, -0.84602, -0.499516, 0.0, 0.404196, 0.529428, -0.745876, 0.393861, 0.895485, -0.062895, 0.440626, 0.0, 0.0, 0.0, 0.0, 1.0],
                [0.186368, -0.84602, -0.499516, -0.0, 0.404196, 0.529428, -0.745876, 0.39386, 0.895485, -0.062895, 0.440626, -0.0, 0.0, 0.0, 0.0, 1.0],
                [0.186368, -0.84602, -0.499516, -0.0, 0.404196, 0.529428, -0.745877, 0.39386, 0.895485, -0.062895, 0.440626, 0.0, 0.0, 0.0, 0.0, 1.0],
                [0.186368, -0.84602, -0.499517, -0.0, 0.404196, 0.529428, -0.745876, 0.393861, 0.895485, -0.062895, 0.440626, -0.0, 0.0, 0.0, 0.0, 1.0],
                [0.186368, -0.84602, -0.499517, 0.0, 0.404196, 0.529428, -0.745876, 0.39386, 0.895485, -0.062895, 0.440626, 0.0, 0.0, 0.0, 0.0, 1.0],
                [0.186368, -0.84602, -0.499516, -0.0, 0.404196, 0.529428, -0.745876, 0.39386, 0.895485, -0.062895, 0.440626, 0.0, 0.0, 0.0, 0.0, 1.0],
                [0.186368, -0.84602, -0.499517, -0.0, 0.404196, 0.529428, -0.745877, 0.393861, 0.895485, -0.062895, 0.440626, -0.0, 0.0, 0.0, 0.0, 1.0],
                [0.186368, -0.84602, -0.499516, 0.0, 0.404196, 0.529428, -0.745877, 0.39386, 0.895485, -0.062895, 0.440626, 0.0, 0.0, 0.0, 0.0, 1.0],
                [0.186368, -0.84602, -0.499516, 0.0, 0.404196, 0.529428, -0.745876, 0.393861, 0.895485, -0.062895, 0.440626, -0.0, 0.0, 0.0, 0.0, 1.0],
                [0.186368, -0.84602, -0.499516, -0.0, 0.404196, 0.529428, -0.745876, 0.39386, 0.895485, -0.062895, 0.440626, 0.0, 0.0, 0.0, 0.0, 1.0],
                [0.186368, -0.84602, -0.499517, 0.0, 0.404196, 0.529428, -0.745876, 0.393861, 0.895485, -0.062895, 0.440626, -0.0, 0.0, 0.0, 0.0, 1.0]
            ]
        },
        {
            "name": "Hand_R",
            "time": [0.0, 0.0167, 0.0333, 0.05, 0.0667, 0.0833, 0.1, 0.1167, 0.1333, 0.15, 0.1667, 0.1833, 0.2, 0.2167, 0.2333, 0.25, 0.2667, 0.2833, 0.3, 0.3167, 0.3333],
            "transform": [
                [1.0, 0.0, 0.0, -0.0, -0.0, 0.860332, -0.509734, 0.3, -0.0, 0.509734, 0.860332, 0.0, 0.0, 0.0, 0.0, 1.0],
                [1.0, 0.0, 0.0, 0.0, -0.0, 0.860332, -0.509734, 0.3, -0.0, 0.509734, 0.860332, 0.0, 0.0, 0.0, 0.0, 1.0],
                [1.0, 0.0, 0.0, -0.0, -0.0, 0.860332, -0.509734, 0.3, -0.0, 0.509734, 0.860332, -0.0, 0.0, 0.0, 0.0, 1.0],
                [1.0, 0.0, 0.0, -0.0, -0.0, 0.860332, -0.509734, 0.3, -0.0, 0.509734, 0.860332, 0.0, 0.0, 0.0, 0.0, 1.0],
                [1.0, 0.0, 0.0, 0.0, -0.0, 0.860332, -0.509734, 0.3, -0.0, 0.509734, 0.860332, 0.0, 0.0, 0.0, 0.0, 1.0],
                [1.0, 0.0, 0.0, 0.0, -0.0, 0.860332, -0.509734, 0.3, -0.0, 0.509734, 0.860332, -0.0, 0.0, 0.0, 0.0, 1.0],
                [1.0, 0.0, 0.0, 0.0, -0.0, 0.860332, -0.509734, 0.3, -0.0, 0.509734, 0.860332, 0.0, 0.0, 0.0, 0.0, 1.0],
                [1.0, -0.0, 0.0, 0.0, -0.0, 0.860332, -0.509734, 0.3, -0.0, 0.509734, 0.860332, -0.0, 0.0, 0.0, 0.0, 1.0],
                [1.0, 0.0, 0.0, 0.0, -0.0, 0.860332, -0.509734, 0.3, -0.0, 0.509734, 0.860332, 0.0, 0.0, 0.0, 0.0, 1.0],
                [1.0, 0.0, -0.0, -0.0, 0.0, 0.860332, -0.509734, 0.3, -0.0, 0.509734, 0.860332, -0.0, 0.0, 0.0, 0.0, 1.0],
                [1.0, 0.0, 0.0, 0.0, -0.0, 0.860332, -0.509734, 0.3, -0.0, 0.509734, 0.860332, 0.0, 0.0, 0.0, 0.0, 1.0],
                [1.0, 0.0, 0.0, 0.0, -0.0, 0.860332, -0.509734, 0.3, -0.0, 0.509734, 0.860332, 0.0, 0.0, 0.0, 0.0, 1.0],
                [1.0, 0.0, 0.0, 0.0, -0.0, 0.860332, -0.509734, 0.3, -0.0, 0.509734, 0.860332, 0.0, 0.0, 0.0, 0.0, 1.0],
                [1.0, 0.0, -0.0, 0.0, -0.0, 0.860332, -0.509734, 0.3, -0.0, 0.509734, 0.860332, -0.0, 0.0, 0.0, 0.0, 1.0],
                [1.0, 0.0, 0.0, -0.0, -0.0, 0.860332, -0.509734, 0.3, -0.0, 0.509734, 0.860332, 0.0, 0.0, 0.0, 0.0, 1.0],
                [1.0, 0.0, 0.0, -0.0, -0.0, 0.860332, -0.509734, 0.3, -0.0, 0.509734, 0.860332, -0.0, 0.0, 0.0, 0.0, 1.0],
                [1.0, 0.0, 0.0, 0.0, 0.0, 0.860332, -0.509734, 0.3, -0.0, 0.509734, 0.860332, -0.0, 0.0, 0.0, 0.0, 1.0],
                [1.0, 0.0, 0.0, -0.0, -0.0, 0.860332, -0.509734, 0.3, -0.0, 0.509734, 0.860332, 0.0, 0.0, 0.0, 0.0, 1.0],
                [1.0, 0.0, 0.0, 0.0, -0.0, 0.860332, -0.509734, 0.3, -0.0, 0.509734, 0.860332, 0.0, 0.0, 0.0, 0.0, 1.0],
                [1.0, -0.0, 0.0, -0.0, 0.0, 0.860332, -0.509734, 0.3, -0.0, 0.509734, 0.860332, -0.0, 0.0, 0.0, 0.0, 1.0],
                [1.0, -0.0, 0.0, -0.0, -0.0, 0.860332, -0.509734, 0.3, -0.0, 0.509734, 0.860332, -0.0, 0.0, 0.0, 0.0, 1.0]
            ]
        },
        {
            "name": "Tool_R",
            "time": [0.0, 0.0167, 0.0333, 0.05, 0.0667, 0.0833, 0.1, 0.1167, 0.1333, 0.15, 0.1667, 0.1833, 0.2, 0.2167, 0.2333, 0.25, 0.2667, 0.2833, 0.3, 0.3167, 0.3333],
            "transform": [
