{
    "animation": [
        {
            "name": "Root",
            "time": [0.0, 0.0167, 0.0333, 0.05, 0.0667, 0.0833, 0.1, 0.1167, 0.1333, 0.15, 0.1667, 0.1833, 0.2, 0.2167, 0.2333, 0.25, 0.2667, 0.2833, 0.3, 0.3167, 0.3333, 0.35, 0.3667, 0.3833, 0.4, 0.4167, 0.4333, 0.45, 0.4667, 0.4833, 0.5, 0.5167, 0.5333, 0.55, 0.5667, 0.5833, 0.6, 0.6167, 0.6333, 0.65, 0.6667, 0.6833, 0.7, 0.7167, 0.7333, 0.75, 0.7667, 0.7833, 0.8, 0.8167, 0.8333, 0.85, 0.8667, 0.8833, 0.9, 0.9167, 0.9333, 0.95, 0.9667, 0.9833, 1.0, 1.0167, 1.0333, 1.05, 1.0667, 1.0833, 1.1, 1.1167, 1.1333, 1.15, 1.1667, 1.1833, 1.2, 1.2167, 1.2333, 1.25, 1.2667, 1.2833, 1.3, 1.3167, 1.3333, 1.35, 1.3667, 1.3833, 1.4, 1.4167, 1.4333, 1.45, 1.4667, 1.4833, 1.5, 1.5167, 1.5333, 1.55, 1.5667, 1.5833, 1.6, 1.6167, 1.6333, 1.65],
            "transform": [
                [0.333889, 0.0, 0.942612, -5e-06, 0.942612, 0.0, -0.333889, 0.000946, 0.0, 1.0, 0.0, 0.709149, 0.0, 0.0, 0.0, 1.0],
                [0.340406, 0.0, 0.940278, -5e-06, 0.940278, 0.0, -0.340406, 0.001268, 0.0, 1.0, 0.0, 0.706452, 0.0, 0.0, 0.0, 1.0],
                [0.358025, 0.0, 0.933712, -5e-06, 0.933712, 0.0, -0.358025, 0.002428, 0.0, 1.0, 0.0, 0.69913, 0.0, 0.0, 0.0, 1.0],
                [0.383785, 0.0, 0.923423, -5e-06, 0.923423, 0.0, -0.383785, 0.004725, 0.0, 1.0, 0.0, 0.688339, 0.0, 0.0, 0.0, 1.0],
                [0.414698, 0.0, 0.909959, -5e-06, 0.909959, 0.0, -0.414698, 0.008454, 0.0, 1.0, 0.0, 0.675237, 0.0, 0.0, 0.0, 1.0],
                [0.447823, 0.0, 0.894122, -5e-06, 0.894122, 0.0, -0.447823, 0.013911, 0.0, 1.0, 0.0, 0.660978, 0.0, 0.0, 0.0, 1.0],
                [0.480344, 0.0, 0.87708, -5e-06, 0.87708, 0.0, -0.480344, 0.021393, 0.0, 1.0, 0.0, 0.646719, 0.0, 0.0, 0.0, 1.0],
                [0.50964, 0.0, 0.860388, -5e-06, 0.860388, 0.0, -0.50964, 0.031195, 0.0, 1.0, 0.0, 0.633617, 0.0, 0.0, 0.0, 1.0],
                [0.533308, 0.0, 0.845921, -5e-06, 0.845921, 0.0, -0.533308, 0.043614, 0.0, 1.0, 0.0, 0.622827, 0.0, 0.0, 0.0, 1.0],
                [0.549118, 0.0, 0.835745, -5e-06, 0.835745, 0.0, -0.549118, 0.058947, 0.0, 1.0, 0.0, 0.615505, 0.0, 0.0, 0.0, 1.0],
                [0.55489, 0.0, 0.831924, -5e-06, 0.831924, 0.0, -0.55489, 0.077489, 0.0, 1.0, 0.0, 0.612807, 0.0, 0.0, 0.0, 1.0],
                [0.542603, 0.0, 0.839989, -5e-06, 0.839989, 0.0, -0.542603, 0.099328, 0.0, 1.0, 0.0, 0.61335, 0.0, 0.0, 0.0, 1.0],
                [0.508554, 0.0, 0.86103, -5e-06, 0.86103, 0.0, -0.508554, 0.123718, 0.0, 1.0, 0.0, 0.614932, 0.0, 0.0, 0.0, 1.0],
                [0.45664, 0.0, 0.889651, -5e-06, 0.889651, 0.0, -0.45664, 0.149704, 0.0, 1.0, 0.0, 0.617483, 0.0, 0.0, 0.0, 1.0],
                [0.39114, 0.0, 0.920331, -5e-06, 0.920331, 0.0, -0.39114, 0.17633, 0.0, 1.0, 0.0, 0.620932, 0.0, 0.0, 0.0, 1.0],
                [0.317331, 0.0, 0.948315, -5e-06, 0.948315, 0.0, -0.317331, 0.202643, 0.0, 1.0, 0.0, 0.625208, 0.0, 0.0, 0.0, 1.0],
                [0.241544, 0.0, 0.97039, -5e-06, 0.97039, 0.0, -0.241544, 0.227686, 0.0, 1.0, 0.0, 0.630241, 0.0, 0.0, 0.0, 1.0],
                [0.170771, 0.0, 0.985311, -5e-06, 0.985311, 0.0, -0.170771, 0.250505, 0.0, 1.0, 0.0, 0.63596, 0.0, 0.0, 0.0, 1.0],
                [0.112087, 0.0, 0.993698, -5e-06, 0.993698, 0.0, -0.112087, 0.270145, 0.0, 1.0, 0.0, 0.642294, 0.0, 0.0, 0.0, 1.0],
                [0.072231, 0.0, 0.997388, -5e-06, 0.997388, 0.0, -0.072231, 0.285652, 0.0, 1.0, 0.0, 0.649174, 0.0, 0.0, 0.0, 1.0],
                [0.057564, 0.0, 0.998342, -5e-06, 0.998342, 0.0, -0.057564, 0.296069, 0.0, 1.0, 0.0, 0.656528, 0.0, 0.0, 0.0, 1.0],
                [0.057564, 0.0, 0.998342, -5e-06, 0.998342, 0.0, -0.057564, 0.30186, 0.0, 1.0, 0.0, 0.66417, 0.0, 0.0, 0.0, 1.0],
                [0.057564, 0.0, 0.998342, -5e-06, 0.998342, 0.0, -0.057564, 0.309159, 0.0, 1.0, 0.0, 0.671449, 0.0, 0.0, 0.0, 1.0],
                [0.057564, 0.0, 0.998342, -5e-06, 0.998342, 0.0, -0.057564, 0.325517, 0.0, 1.0, 0.0, 0.677598, 0.0, 0.0, 0.0, 1.0],
                [0.057564, 0.0, 0.998342, -5e-06, 0.998342, 0.0, -0.057564, 0.358486, 0.0, 1.0, 0.0, 0.68185, 0.0, 0.0, 0.0, 1.0],
                [0.057564, 0.0, 0.998342, -5e-06, 0.998342, 0.0, -0.057564, 0.415616, 0.0, 1.0, 0.0, 0.683437, 0.0, 0.0, 0.0, 1.0],
                [0.057564, 0.0, 0.998342, -5e-06, 0.998342, 0.0, -0.057564, 0.54342, 0.0, 1.0, 0.0, 0.675794, 0.0, 0.0, 0.0, 1.0],
                [0.057564, 0.0, 0.998342, -5e-06, 0.998342, 0.0, -0.057564, 0.744452, 0.0, 1.0, 0.0, 0.657568, 0.0, 0.0, 0.0, 1.0],
                [0.057564, 0.0, 0.998342, -5e-06, 0.998342, 0.0, -0.057564, 0.960331, 0.0, 1.0, 0.0, 0.635815, 0.0, 0.0, 0.0, 1.0],
                [0.057564, 0.0, 0.998342, -5e-06, 0.998342, 0.0, -0.057564, 1.132673, 0.0, 1.0, 0.0, 0.617589, 0.0, 0.0, 0.0, 1.0],
                [0.057564, 0.0, 0.998342, -5e-06, 0.998342, 0.0, -0.057564, 1.203094, 0.0, 1.0, 0.0, 0.609946, 0.0, 0.0, 0.0, 1.0],
                [0.031977, 0.0, 0.999489, -5e-06, 0.999489, 0.0, -0.031977, 1.197844, 0.0, 1.0, 0.0, 0.612519, 0.0, 0.0, 0.0, 1.0],
                [-0.031716, 0.0, 0.999497, -5e-06, 0.999497, 0.0, 0.031716, 1.185322, 0.0, 1.0, 0.0, 0.619276, 0.0, 0.0, 0.0, 1.0],
                [-0.113446, 0.0, 0.993544, -5e-06, 0.993544, 0.0, 0.113446, 1.170377, 0.0, 1.0, 0.0, 0.628769, 0.0, 0.0, 0.0, 1.0],
                [-0.192759, 0.0, 0.981246, -5e-06, 0.981246, 0.0, 0.192759, 1.157856, 0.0, 1.0, 0.0, 0.639554, 0.0, 0.0, 0.0, 1.0],
                [-0.25017, 0.0, 0.968202, -5e-06, 0.968202, 0.0, 0.25017, 1.152605, 0.0, 1.0, 0.0, 0.650185, 0.0, 0.0, 0.0, 1.0],
                [-0.286485, 0.0, 0.958084, -5e-06, 0.958084, 0.0, 0.286485, 1.155169, 0.0, 1.0, 0.0, 0.659477, 0.0, 0.0, 0.0, 1.0],
                [-0.31529, 0.0, 0.948995, -5e-06, 0.948995, 0.0, 0.31529, 1.162129, 0.0, 1.0, 0.0, 0.667287, 0.0, 0.0, 0.0, 1.0],
                [-0.337526, 0.0, 0.941316, -5e-06, 0.941316, 0.0, 0.337526, 1.172386, 0.0, 1.0, 0.0, 0.673735, 0.0, 0.0, 0.0, 1.0],
                [-0.354111, 0.0, 0.935203, -5e-06, 0.935203, 0.0, 0.354111, 1.184841, 0.0, 1.0, 0.0, 0.678939, 0.0, 0.0, 0.0, 1.0],
                [-0.365923, 0.0, 0.930645, -5e-06, 0.930645, 0.0, 0.365923, 1.198394, 0.0, 1.0, 0.0, 0.683016, 0.0, 0.0, 0.0, 1.0],
                [-0.373807, 0.0, 0.927507, -5e-06, 0.927507, 0.0, 0.373807, 1.211948, 0.0, 1.0, 0.0, 0.686087, 0.0, 0.0, 0.0, 1.0],
                [-0.378574, 0.0, 0.925571, -5e-06, 0.925571, 0.0, 0.378574, 1.224402, 0.0, 1.0, 0.0, 0.688269, 0.0, 0.0, 0.0, 1.0],
                [-0.381018, 0.0, 0.924568, -5e-06, 0.924568, 0.0, 0.381018, 1.234659, 0.0, 1.0, 0.0, 0.689681, 0.0, 0.0, 0.0, 1.0],
                [-0.381918, 0.0, 0.924196, -5e-06, 0.924196, 0.0, 0.381918, 1.241619, 0.0, 1.0, 0.0, 0.690441, 0.0, 0.0, 0.0, 1.0],
                [-0.382047, 0.0, 0.924143, -5e-06, 0.924143, 0.0, 0.382047, 1.244183, 0.0, 1.0, 0.0, 0.690668, 0.0, 0.0, 0.0, 1.0],
                [-0.380805, 0.0, 0.924655, -5e-06, 0.924655, 0.0, 0.380805, 1.244183, 0.0, 1.0, 0.0, 0.69034, 0.0, 0.0, 0.0, 1.0],
                [-0.377106, 0.0, 0.92617, -5e-06, 0.92617, 0.0, 0.377106, 1.244183, 0.0, 1.0, 0.0, 0.689386, 0.0, 0.0, 0.0, 1.0],
                [-0.370973, 0.0, 0.928644, -5e-06, 0.928644, 0.0, 0.370973, 1.244183, 0.0, 1.0, 0.0, 0.687856, 0.0, 0.0, 0.0, 1.0],
                [-0.362408, 0.0, 0.932019, -5e-06, 0.932019, 0.0, 0.362408, 1.244183, 0.0, 1.0, 0.0, 0.685797, 0.0, 0.0, 0.0, 1.0],
                [-0.351397, 0.0, 0.936227, -5e-06, 0.936227, 0.0, 0.351397, 1.244183, 0.0, 1.0, 0.0, 0.683258, 0.0, 0.0, 0.0, 1.0],
                [-0.337908, 0.0, 0.941179, -5e-06, 0.941179, 0.0, 0.337908, 1.244183, 0.0, 1.0, 0.0, 0.680286, 0.0, 0.0, 0.0, 1.0],
                [-0.321897, 0.0, 0.946775, -5e-06, 0.946775, 0.0, 0.321897, 1.244183, 0.0, 1.0, 0.0, 0.67693, 0.0, 0.0, 0.0, 1.0],
                [-0.303304, 0.0, 0.952894, -5e-06, 0.952894, 0.0, 0.303304, 1.244183, 0.0, 1.0, 0.0, 0.673237, 0.0, 0.0, 0.0, 1.0],
                [-0.282062, 0.0, 0.959396, -5e-06, 0.959396, 0.0, 0.282062, 1.244183, 0.0, 1.0, 0.0, 0.669255, 0.0, 0.0, 0.0, 1.0],
                [-0.258094, 0.0, 0.96612, -5e-06, 0.96612, 0.0, 0.258094, 1.244183, 0.0, 1.0, 0.0, 0.665034, 0.0, 0.0, 0.0, 1.0],
                [-0.231319, 0.0, 0.972878, -5e-06, 0.972878, 0.0, 0.231319, 1.244183, 0.0, 1.0, 0.0, 0.66062, 0.0, 0.0, 0.0, 1.0],
                [-0.201655, 0.0, 0.979457, -5e-06, 0.979457, 0.0, 0.201655, 1.244183, 0.0, 1.0, 0.0, 0.656062, 0.0, 0.0, 0.0, 1.0],
                [-0.169021, 0.0, 0.985613, -5e-06, 0.985613, 0.0, 0.169021, 1.244183, 0.0, 1.0, 0.0, 0.651408, 0.0, 0.0, 0.0, 1.0],
                [-0.133347, 0.0, 0.991069, -5e-06, 0.991069, 0.0, 0.133347, 1.244183, 0.0, 1.0, 0.0, 0.646705, 0.0, 0.0, 0.0, 1.0],
                [-0.094578, 0.0, 0.995517, -5e-06, 0.995517, 0.0, 0.094578, 1.244183, 0.0, 1.0, 0.0, 0.642003, 0.0, 0.0, 0.0, 1.0],
                [-0.052679, 0.0, 0.998611, -5e-06, 0.998611, 0.0, 0.052679, 1.244183, 0.0, 1.0, 0.0, 0.637349, 0.0, 0.0, 0.0, 1.0],
                [-0.007649, 0.0, 0.999971, -5e-06, 0.999971, 0.0, 0.007649, 1.244183, 0.0, 1.0, 0.0, 0.632791, 0.0, 0.0, 0.0, 1.0],
                [0.040477, 0.0, 0.99918, -5e-06, 0.99918, 0.0, -0.040477, 1.244183, 0.0, 1.0, 0.0, 0.628377, 0.0, 0.0, 0.0, 1.0],
                [0.091608, 0.0, 0.995795, -5e-06, 0.995795, 0.0, -0.091608, 1.244183, 0.0, 1.0, 0.0, 0.624155, 0.0, 0.0, 0.0, 1.0],
                [0.145595, 0.0, 0.989344, -5e-06, 0.989344, 0.0, -0.145595, 1.244183, 0.0, 1.0, 0.0, 0.620174, 0.0, 0.0, 0.0, 1.0],
                [0.202217, 0.0, 0.979341, -5e-06, 0.979341, 0.0, -0.202217, 1.244183, 0.0, 1.0, 0.0, 0.616481, 0.0, 0.0, 0.0, 1.0],
                [0.261166, 0.0, 0.965294, -5e-06, 0.965294, 0.0, -0.261166, 1.244183, 0.0, 1.0, 0.0, 0.613124, 0.0, 0.0, 0.0, 1.0],
                [0.322046, 0.0, 0.946724, -5e-06, 0.946724, 0.0, -0.322046, 1.244183, 0.0, 1.0, 0.0, 0.610152, 0.0, 0.0, 0.0, 1.0],
                [0.384364, 0.0, 0.923181, -5e-06, 0.923181, 0.0, -0.384364, 1.244183, 0.0, 1.0, 0.0, 0.607613, 0.0, 0.0, 0.0, 1.0],
                [0.447528, 0.0, 0.89427, -5e-06, 0.89427, 0.0, -0.447528, 1.244183, 0.0, 1.0, 0.0, 0.605554, 0.0, 0.0, 0.0, 1.0],
                [0.510852, 0.0, 0.859669, -5e-06, 0.859669, 0.0, -0.510852, 1.244183, 0.0, 1.0, 0.0, 0.604024, 0.0, 0.0, 0.0, 1.0],
                [0.573566, 0.0, 0.81916, -5e-06, 0.81916, 0.0, -0.573566, 1.244183, 0.0, 1.0, 0.0, 0.603071, 0.0, 0.0, 0.0, 1.0],
                [0.634834, 0.0, 0.772649, -5e-06, 0.772649, 0.0, -0.634834, 1.244183, 0.0, 1.0, 0.0, 0.602743, 0.0, 0.0, 0.0, 1.0],
                [0.693747, 0.0, 0.720219, -5e-06, 0.720219, 0.0, -0.693747, 1.246505, 0.0, 1.0, 0.0, 0.603103, 0.0, 0.0, 0.0, 1.0],
                [0.74928, 0.0, 0.662254, -5e-06, 0.662254, 0.0, -0.74928, 1.253225, 0.0, 1.0, 0.0, 0.604145, 0.0, 0.0, 0.0, 1.0],
                [0.800466, 0.0, 0.599379, -5e-06, 0.599379, 0.0, -0.800466, 1.263978, 0.0, 1.0, 0.0, 0.605813, 0.0, 0.0, 0.0, 1.0],
                [0.846487, 0.0, 0.53241, -5e-06, 0.53241, 0.0, -0.846487, 1.278396, 0.0, 1.0, 0.0, 0.608049, 0.0, 0.0, 0.0, 1.0],
                [0.886715, 0.0, 0.462316, -5e-06, 0.462316, 0.0, -0.886715, 1.296113, 0.0, 1.0, 0.0, 0.610797, 0.0, 0.0, 0.0, 1.0],
                [0.920748, 0.0, 0.390159, -5e-06, 0.390159, 0.0, -0.920748, 1.316763, 0.0, 1.0, 0.0, 0.614, 0.0, 0.0, 0.0, 1.0],
                [0.948411, 0.0, 0.317043, -5e-06, 0.317043, 0.0, -0.948411, 1.339979, 0.0, 1.0, 0.0, 0.617601, 0.0, 0.0, 0.0, 1.0],
                [0.969762, 0.0, 0.244052, -5e-06, 0.244052, 0.0, -0.969762, 1.365394, 0.0, 1.0, 0.0, 0.621544, 0.0, 0.0, 0.0, 1.0],
                [0.985062, 0.0, 0.172201, -5e-06, 0.172201, 0.0, -0.985062, 1.392642, 0.0, 1.0, 0.0, 0.62577, 0.0, 0.0, 0.0, 1.0],
                [0.994743, 0.0, 0.102399, -5e-06, 0.102399, 0.0, -0.994743, 1.421357, 0.0, 1.0, 0.0, 0.630224, 0.0, 0.0, 0.0, 1.0],
                [0.999373, 0.0, 0.035416, -5e-06, 0.035416, 0.0, -0.999373, 1.451171, 0.0, 1.0, 0.0, 0.634848, 0.0, 0.0, 0.0, 1.0],
                [0.999605, 0.0, -0.028121, -5e-06, -0.028121, 0.0, -0.999605, 1.481718, 0.0, 1.0, 0.0, 0.639587, 0.0, 0.0, 0.0, 1.0],
                [0.996144, 0.0, -0.087735, -5e-06, -0.087735, 0.0, -0.996144, 1.512632, 0.0, 1.0, 0.0, 0.644382, 0.0, 0.0, 0.0, 1.0],
                [0.98971, 0.0, -0.143088, -5e-06, -0.143088, 0.0, -0.98971, 1.543545, 0.0, 1.0, 0.0, 0.649177, 0.0, 0.0, 0.0, 1.0],
                [0.981009, 0.0, -0.193961, -5e-06, -0.193961, 0.0, -0.981009, 1.574093, 0.0, 1.0, 0.0, 0.653915, 0.0, 0.0, 0.0, 1.0],
                [0.970713, 0.0, -0.240243, -5e-06, -0.240243, 0.0, -0.970713, 1.603906, 0.0, 1.0, 0.0, 0.658539, 0.0, 0.0, 0.0, 1.0],
                [0.959444, 0.0, -0.281899, -5e-06, -0.281899, 0.0, -0.959444, 1.632621, 0.0, 1.0, 0.0, 0.662993, 0.0, 0.0, 0.0, 1.0],
                [0.947771, 0.0, -0.318953, -5e-06, -0.318953, 0.0, -0.947771, 1.659869, 0.0, 1.0, 0.0, 0.66722, 0.0, 0.0, 0.0, 1.0],
                [0.936199, 0.0, -0.35147, -5e-06, -0.35147, 0.0, -0.936199, 1.685284, 0.0, 1.0, 0.0, 0.671162, 0.0, 0.0, 0.0, 1.0],
                [0.925179, 0.0, -0.379531, -5e-06, -0.379531, 0.0, -0.925179, 1.7085, 0.0, 1.0, 0.0, 0.674763, 0.0, 0.0, 0.0, 1.0],
                [0.915102, 0.0, -0.403223, -5e-06, -0.403223, 0.0, -0.915102, 1.72915, 0.0, 1.0, 0.0, 0.677966, 0.0, 0.0, 0.0, 1.0],
                [0.906309, 0.0, -0.422616, -5e-06, -0.422616, 0.0, -0.906309, 1.746867, 0.0, 1.0, 0.0, 0.680714, 0.0, 0.0, 0.0, 1.0],
                [0.899092, 0.0, -0.437759, -5e-06, -0.437759, 0.0, -0.899092, 1.761285, 0.0, 1.0, 0.0, 0.68295, 0.0, 0.0, 0.0, 1.0],
                [0.893702, 0.0, -0.44866, -5e-06, -0.44866, 0.0, -0.893702, 1.772038, 0.0, 1.0, 0.0, 0.684618, 0.0, 0.0, 0.0, 1.0],
                [0.890347, 0.0, -0.455282, -5e-06, -0.455282, 0.0, -0.890347, 1.778758, 0.0, 1.0, 0.0, 0.68566, 0.0, 0.0, 0.0, 1.0],
                [0.889198, 0.0, -0.457523, -5e-06, -0.457523, 0.0, -0.889198, 1.78108, 0.0, 1.0, 0.0, 0.686021, 0.0, 0.0, 0.0, 1.0]
            ]
        },
        {
            "name": "Thigh_R",
            "time": [0.0, 0.0167, 0.0333, 0.05, 0.0667, 0.0833, 0.1, 0.1167, 0.1333, 0.15, 0.1667, 0.1833, 0.2, 0.2167, 0.2333, 0.25, 0.2667, 0.2833, 0.3, 0.3167, 0.3333, 0.35, 0.3667, 0.3833, 0.4, 0.4167, 0.4333, 0.45, 0.4667, 0.4833, 0.5, 0.5167, 0.5333, 0.55, 0.5667, 0.5833, 0.6, 0.6167, 0.6333, 0.65, 0.6667, 0.6833, 0.7, 0.7167, 0.7333, 0.75, 0.7667, 0.7833, 0.8, 0.8167, 0.8333, 0.85, 0.8667, 0.8833, 0.9, 0.9167, 0.9333, 0.95, 0.9667, 0.9833, 1.0, 1.0167, 1.0333, 1.05, 1.0667, 1.0833, 1.1, 1.1167, 1.1333, 1.15, 1.1667, 1.1833, 1.2, 1.2167, 1.2333, 1.25, 1.2667, 1.2833, 1.3, 1.3167, 1.3333, 1.35, 1.3667, 1.3833, 1.4, 1.4167, 1.4333, 1.45, 1.4667, 1.4833, 1.5, 1.5167, 1.5333, 1.55, 1.5667, 1.5833, 1.6, 1.6167, 1.6333, 1.65],
            "transform": [
                [0.9576, 0.044507, -0.284642, 0.124994, 0.096921, -0.980174, 0.172802, -0.002831, -0.271309, -0.193062, -0.942931, -1.2e-05, 0.0, 0.0, 0.0, 1.0],
                [0.958247, 0.042273, -0.282799, 0.124994, 0.095169, -0.979774, 0.176018, -0.002831, -0.269639, -0.195582, -0.942891, -1.2e-05, 0.0, 0.0, 0.0, 1.0],
                [0.960301, 0.036305, -0.276594, 0.124994, 0.090328, -0.978545, 0.185164, -0.002831, -0.263937, -0.202796, -0.94298, -1.2e-05, 0.0, 0.0, 0.0, 1.0],
                [0.963859, 0.02776, -0.264963, 0.124994, 0.08295, -0.976389, 0.199449, -0.002831, -0.25317, -0.214219, -0.943406, -1.2e-05, 0.0, 0.0, 0.0, 1.0],
                [0.968901, 0.017874, -0.2468, 0.124994, 0.073491, -0.973168, 0.218035, -0.002831, -0.236281, -0.229391, -0.94422, -1.2e-05, 0.0, 0.0, 0.0, 1.0],
                [0.975244, 0.007974, -0.220984, 0.124994, 0.062313, -0.968759, 0.240038, -0.002831, -0.212167, -0.247865, -0.945277, -1.2e-05, 0.0, 0.0, 0.0, 1.0],
                [0.982472, -0.000518, -0.186407, 0.124994, 0.049683, -0.963093, 0.264538, -0.002831, -0.179665, -0.269161, -0.946189, -1.2e-05, 0.0, 0.0, 0.0, 1.0],
                [0.989845, -0.006092, -0.142014, 0.124994, 0.035805, -0.956179, 0.290578, -0.002831, -0.137562, -0.292711, -0.946254, -1.2e-05, 0.0, 0.0, 0.0, 1.0],
                [0.996193, -0.00717, -0.086873, 0.124994, 0.020835, -0.948136, 0.317175, -0.002831, -0.084642, -0.317777, -0.94438, -1.2e-05, 0.0, 0.0, 0.0, 1.0],
                [0.999792, -0.002157, -0.020273, 0.124994, 0.004935, -0.9392, 0.343328, -0.002831, -0.019781, -0.343356, -0.938997, -1.2e-05, 0.0, 0.0, 0.0, 1.0],
                [0.998255, 0.010462, 0.058111, 0.124994, -0.01168, -0.929736, 0.368037, -0.002831, 0.057878, -0.368072, -0.927994, -1.2e-05, 0.0, 0.0, 0.0, 1.0],
                [0.988576, 0.029979, 0.147708, 0.124994, -0.030545, -0.919829, 0.391123, -0.002831, 0.147592, -0.391166, -0.908408, -1.2e-05, 0.0, 0.0, 0.0, 1.0],
                [0.968146, 0.055794, 0.244089, 0.124994, -0.051902, -0.90896, 0.413637, -0.002831, 0.244946, -0.413128, -0.877112, -1.2e-05, 0.0, 0.0, 0.0, 1.0],
                [0.935796, 0.089345, 0.341032, 0.124994, -0.073584, -0.896543, 0.436797, -0.002831, 0.344776, -0.433846, -0.83241, -1.2e-05, 0.0, 0.0, 0.0, 1.0],
                [0.892081, 0.131909, 0.432194, 0.124994, -0.093624, -0.881733, 0.462361, -0.002831, 0.44207, -0.452926, -0.77423, -1.2e-05, 0.0, 0.0, 0.0, 1.0],
                [0.839204, 0.184585, 0.511531, 0.124994, -0.110355, -0.863256, 0.492552, -0.002831, 0.532501, -0.4698, -0.70408, -1.2e-05, 0.0, 0.0, 0.0, 1.0],
                [0.780632, 0.248271, 0.573563, 0.124994, -0.12242, -0.839195, 0.529871, -0.002831, 0.612884, -0.483848, -0.624711, -1.2e-05, 0.0, 0.0, 0.0, 1.0],
                [0.72052, 0.32359, 0.613302, 0.124994, -0.128657, -0.806701, 0.576782, -0.002831, 0.681394, -0.494488, -0.539614, -1.2e-05, 0.0, 0.0, 0.0, 1.0],
                [0.663099, 0.410668, 0.62582, 0.124994, -0.127851, -0.761638, 0.635263, -0.002831, 0.737532, -0.501252, -0.452539, -1.2e-05, 0.0, 0.0, 0.0, 1.0],
                [0.612087, 0.508599, 0.605537, 0.124994, -0.118375, -0.698178, 0.706069, -0.002831, 0.781879, -0.503855, -0.367142, -1.2e-05, 0.0, 0.0, 0.0, 1.0],
                [0.570098, 0.614336, 0.545507, 0.124994, -0.09779, -0.608513, 0.787494, -0.002831, 0.815736, -0.502293, -0.286837, -1.2e-05, 0.0, 0.0, 0.0, 1.0],
                [0.530775, 0.720665, 0.446001, 0.124994, -0.067771, -0.48847, 0.869945, -0.002831, 0.844798, -0.49197, -0.210428, -1.2e-05, 0.0, 0.0, 0.0, 1.0],
                [0.491969, 0.80878, 0.322239, 0.124994, -0.035495, -0.351186, 0.935632, -0.002831, 0.869888, -0.471739, -0.144066, -1.2e-05, 0.0, 0.0, 0.0, 1.0],
                [0.463289, 0.864653, 0.194257, 0.124994, -0.002233, -0.21806, 0.975933, -0.002831, 0.886204, -0.452571, -0.099095, -1.2e-05, 0.0, 0.0, 0.0, 1.0],
                [0.455425, 0.886345, 0.083527, 0.124994, 0.03511, -0.11163, 0.993129, -0.002831, 0.889581, -0.449362, -0.08196, -1.2e-05, 0.0, 0.0, 0.0, 1.0],
                [0.479483, 0.87752, 0.007206, 0.124994, 0.081464, -0.052685, 0.995283, -0.002831, 0.873761, -0.476633, -0.096748, -1.2e-05, 0.0, 0.0, 0.0, 1.0],
                [0.5643, 0.825535, 0.00746, 0.124994, 0.141033, -0.105299, 0.984389, -0.002831, 0.813434, -0.554437, -0.175849, -1.2e-05, 0.0, 0.0, 0.0, 1.0],
                [0.699022, 0.711277, 0.073831, 0.124994, 0.18906, -0.283392, 0.940183, -0.002831, 0.689655, -0.643249, -0.332573, -1.2e-05, 0.0, 0.0, 0.0, 1.0],
                [0.827342, 0.544008, 0.139852, 0.124994, 0.191847, -0.507685, 0.83991, -0.002831, 0.52792, -0.668061, -0.524398, -1.2e-05, 0.0, 0.0, 0.0, 1.0],
                [0.907844, 0.383679, 0.169138, 0.124994, 0.161487, -0.692189, 0.703416, -0.002831, 0.386962, -0.611277, -0.690361, -1.2e-05, 0.0, 0.0, 0.0, 1.0],
                [0.936044, 0.306467, 0.172909, 0.124994, 0.153607, -0.797969, 0.582792, -0.002831, 0.316583, -0.518959, -0.794013, -1.2e-05, 0.0, 0.0, 0.0, 1.0],
                [0.938656, 0.298531, 0.172637, 0.124994, 0.176568, -0.846051, 0.503009, -0.002831, 0.296224, -0.441669, -0.846865, -1.2e-05, 0.0, 0.0, 0.0, 1.0],
                [0.93835, 0.300428, 0.171003, 0.124994, 0.196094, -0.869982, 0.452411, -0.002831, 0.284687, -0.390986, -0.875262, -1.2e-05, 0.0, 0.0, 0.0, 1.0],
                [0.936429, 0.307341, 0.169237, 0.124994, 0.212122, -0.880147, 0.424667, -0.002831, 0.279472, -0.361771, -0.889391, -1.2e-05, 0.0, 0.0, 0.0, 1.0],
                [0.93434, 0.314439, 0.167739, 0.124994, 0.223644, -0.883784, 0.410982, -0.002831, 0.277474, -0.346482, -0.896079, -1.2e-05, 0.0, 0.0, 0.0, 1.0],
                [0.933657, 0.316971, 0.16677, 0.124994, 0.229254, -0.886618, 0.40168, -0.002831, 0.275183, -0.336798, -0.900467, -1.2e-05, 0.0, 0.0, 0.0, 1.0],
                [0.935092, 0.31306, 0.166118, 0.124994, 0.229649, -0.892246, 0.388787, -0.002831, 0.269932, -0.325402, -0.906229, -1.2e-05, 0.0, 0.0, 0.0, 1.0],
                [0.937989, 0.304721, 0.165292, 0.124994, 0.226928, -0.900171, 0.371742, -0.002831, 0.262069, -0.311179, -0.913503, -1.2e-05, 0.0, 0.0, 0.0, 1.0],
                [0.941888, 0.293074, 0.164176, 0.124994, 0.221672, -0.909462, 0.351761, -0.002831, 0.252405, -0.294925, -0.921581, -1.2e-05, 0.0, 0.0, 0.0, 1.0],
                [0.946334, 0.279249, 0.162697, 0.124994, 0.214505, -0.919248, 0.3301, -0.002831, 0.24174, -0.277485, -0.92982, -1.2e-05, 0.0, 0.0, 0.0, 1.0],
                [0.950906, 0.264387, 0.160862, 0.124994, 0.206119, -0.928768, 0.308061, -0.002831, 0.230851, -0.259779, -0.937669, -1.2e-05, 0.0, 0.0, 0.0, 1.0],
                [0.955232, 0.249643, 0.158774, 0.124994, 0.197283, -0.937399, 0.286982, -0.002831, 0.220478, -0.24281, -0.944687, -1.2e-05, 0.0, 0.0, 0.0, 1.0],
                [0.959003, 0.236175, 0.156631, 0.124994, 0.188837, -0.944666, 0.268223, -0.002831, 0.211311, -0.227648, -0.950539, -1.2e-05, 0.0, 0.0, 0.0, 1.0],
                [0.961966, 0.225137, 0.154709, 0.124994, 0.181675, -0.950214, 0.253149, -0.002831, 0.204, -0.215413, -0.954977, -1.2e-05, 0.0, 0.0, 0.0, 1.0],
                [0.963902, 0.217676, 0.153329, 0.124994, 0.176714, -0.953762, 0.24312, -0.002831, 0.199161, -0.207247, -0.957801, -1.2e-05, 0.0, 0.0, 0.0, 1.0],
                [0.964599, 0.214935, 0.152808, 0.124994, 0.174865, -0.955022, 0.23948, -0.002831, 0.197407, -0.20428, -0.958802, -1.2e-05, 0.0, 0.0, 0.0, 1.0],
                [0.964119, 0.215859, 0.154525, 0.124994, 0.175258, -0.954758, 0.240246, -0.002831, 0.199393, -0.204543, -0.958334, -1.2e-05, 0.0, 0.0, 0.0, 1.0],
                [0.962702, 0.218544, 0.159504, 0.124994, 0.176393, -0.953985, 0.242475, -0.002831, 0.205156, -0.205296, -0.956956, -1.2e-05, 0.0, 0.0, 0.0, 1.0],
                [0.960354, 0.222866, 0.167481, 0.124994, 0.178185, -0.952731, 0.246069, -0.002831, 0.214405, -0.20647, -0.954673, -1.2e-05, 0.0, 0.0, 0.0, 1.0],
                [0.95705, 0.228703, 0.178185, 0.124994, 0.180543, -0.951017, 0.250932, -0.002831, 0.226846, -0.207984, -0.951464, -1.2e-05, 0.0, 0.0, 0.0, 1.0],
                [0.952746, 0.235933, 0.191337, 0.124994, 0.183365, -0.948861, 0.256975, -0.002831, 0.242181, -0.209747, -0.947288, -1.2e-05, 0.0, 0.0, 0.0, 1.0],
                [0.947389, 0.244436, 0.20665, 0.124994, 0.186543, -0.94628, 0.264106, -0.002831, 0.260106, -0.211661, -0.942096, -1.2e-05, 0.0, 0.0, 0.0, 1.0],
                [0.940925, 0.254085, 0.22383, 0.124994, 0.189967, -0.943292, 0.27223, -0.002831, 0.280307, -0.213627, -0.935837, -1.2e-05, 0.0, 0.0, 0.0, 1.0],
                [0.933307, 0.264752, 0.242577, 0.124994, 0.193528, -0.939916, 0.281251, -0.002831, 0.302464, -0.215547, -0.928469, -1.2e-05, 0.0, 0.0, 0.0, 1.0],
                [0.924503, 0.2763, 0.262586, 0.124994, 0.19712, -0.936175, 0.291062, -0.002831, 0.326247, -0.217326, -0.919963, -1.2e-05, 0.0, 0.0, 0.0, 1.0],
                [0.914504, 0.288587, 0.283548, 0.124994, 0.200642, -0.932097, 0.301555, -0.002831, 0.351319, -0.21888, -0.910311, -1.2e-05, 0.0, 0.0, 0.0, 1.0],
                [0.903325, 0.301465, 0.305157, 0.124994, 0.204002, -0.927715, 0.312609, -0.002831, 0.37734, -0.220134, -0.899531, -1.2e-05, 0.0, 0.0, 0.0, 1.0],
                [0.891016, 0.31478, 0.327112, 0.124994, 0.20712, -0.923069, 0.324102, -0.002831, 0.403968, -0.221027, -0.887669, -1.2e-05, 0.0, 0.0, 0.0, 1.0],
                [0.877659, 0.328374, 0.349118, 0.124994, 0.20993, -0.918203, 0.3359, -0.002831, 0.430863, -0.221515, -0.874808, -1.2e-05, 0.0, 0.0, 0.0, 1.0],
                [0.863372, 0.342087, 0.370897, 0.124994, 0.212378, -0.913169, 0.34787, -0.002831, 0.457694, -0.22157, -0.861059, -1.2e-05, 0.0, 0.0, 0.0, 1.0],
                [0.848307, 0.355759, 0.392185, 0.124994, 0.21443, -0.908024, 0.359872, -0.002831, 0.484142, -0.221185, -0.846572, -1.2e-05, 0.0, 0.0, 0.0, 1.0],
                [0.832653, 0.36923, 0.412743, 0.124994, 0.216068, -0.90283, 0.371765, -0.002831, 0.509904, -0.22037, -0.831526, -1.2e-05, 0.0, 0.0, 0.0, 1.0],
                [0.816628, 0.382346, 0.432353, 0.124994, 0.217291, -0.897651, 0.38341, -0.002831, 0.534698, -0.219156, -0.81613, -1.2e-05, 0.0, 0.0, 0.0, 1.0],
                [0.800477, 0.394957, 0.450826, 0.124994, 0.218116, -0.892558, 0.394668, -0.002831, 0.558266, -0.21759, -0.800621, -1.2e-05, 0.0, 0.0, 0.0, 1.0],
                [0.784469, 0.406922, 0.467998, 0.124994, 0.218573, -0.887619, 0.405407, -0.002831, 0.580374, -0.215736, -0.785254, -1.2e-05, 0.0, 0.0, 0.0, 1.0],
                [0.768889, 0.418106, 0.483731, 0.124994, 0.218709, -0.882908, 0.415496, -0.002831, 0.600812, -0.213673, -0.770304, -1.2e-05, 0.0, 0.0, 0.0, 1.0],
                [0.754035, 0.428385, 0.497913, 0.124994, 0.21858, -0.878496, 0.424812, -0.002831, 0.619398, -0.211489, -0.756055, -1.2e-05, 0.0, 0.0, 0.0, 1.0],
                [0.740212, 0.437638, 0.510448, 0.124994, 0.21825, -0.874454, 0.433237, -0.002831, 0.635965, -0.209281, -0.742798, -1.2e-05, 0.0, 0.0, 0.0, 1.0],
                [0.727727, 0.445757, 0.521261, 0.124994, 0.217791, -0.870852, 0.440658, -0.002831, 0.650369, -0.207152, -0.730827, -1.2e-05, 0.0, 0.0, 0.0, 1.0],
                [0.716882, 0.452635, 0.530284, 0.124994, 0.217276, -0.86776, 0.446968, -0.002831, 0.662473, -0.205204, -0.72043, -1.2e-05, 0.0, 0.0, 0.0, 1.0],
                [0.707974, 0.458169, 0.537449, 0.124994, 0.216775, -0.865244, 0.452059, -0.002831, 0.672146, -0.20354, -0.711893, -1.2e-05, 0.0, 0.0, 0.0, 1.0],
                [0.70129, 0.462257, 0.542688, 0.124994, 0.216355, -0.86337, 0.455829, -0.002831, 0.679251, -0.202254, -0.705486, -1.2e-05, 0.0, 0.0, 0.0, 1.0],
                [0.697097, 0.464793, 0.545914, 0.124994, 0.216073, -0.8622, 0.458171, -0.002831, 0.683642, -0.201432, -0.701468, -1.2e-05, 0.0, 0.0, 0.0, 1.0],
                [0.695648, 0.465664, 0.547019, 0.124994, 0.215972, -0.861796, 0.458977, -0.002831, 0.685149, -0.201145, -0.70008, -1.2e-05, 0.0, 0.0, 0.0, 1.0],
                [0.696468, 0.464951, 0.546582, 0.124994, 0.216558, -0.862364, 0.457633, -0.002831, 0.684131, -0.200359, -0.7013, -1.2e-05, 0.0, 0.0, 0.0, 1.0],
                [0.698836, 0.462889, 0.545307, 0.124994, 0.218243, -0.864, 0.45373, -0.002831, 0.681173, -0.198073, -0.704819, -1.2e-05, 0.0, 0.0, 0.0, 1.0],
                [0.702617, 0.459596, 0.543231, 0.124994, 0.220906, -0.866592, 0.447456, -0.002831, 0.676409, -0.194387, -0.710412, -1.2e-05, 0.0, 0.0, 0.0, 1.0],
                [0.707667, 0.455192, 0.540376, 0.124994, 0.224412, -0.870016, 0.438985, -0.002831, 0.669959, -0.189387, -0.717835, -1.2e-05, 0.0, 0.0, 0.0, 1.0],
                [0.713841, 0.449801, 0.536758, 0.124994, 0.22862, -0.874144, 0.428488, -0.002831, 0.661939, -0.183158, -0.726836, -1.2e-05, 0.0, 0.0, 0.0, 1.0],
                [0.72099, 0.443548, 0.532388, 0.124994, 0.233381, -0.878841, 0.416135, -0.002831, 0.652462, -0.17578, -0.737154, -1.2e-05, 0.0, 0.0, 0.0, 1.0],
                [0.728963, 0.436562, 0.527281, 0.124994, 0.238545, -0.883973, 0.4021, -0.002831, 0.641645, -0.167335, -0.748526, -1.2e-05, 0.0, 0.0, 0.0, 1.0],
                [0.737609, 0.42897, 0.521457, 0.124994, 0.243968, -0.889406, 0.386566, -0.002831, 0.629613, -0.157915, -0.760691, -1.2e-05, 0.0, 0.0, 0.0, 1.0],
                [0.746775, 0.420902, 0.514945, 0.124994, 0.249509, -0.895012, 0.369723, -0.002831, 0.6165, -0.147616, -0.773393, -1.2e-05, 0.0, 0.0, 0.0, 1.0],
                [0.756312, 0.412485, 0.507787, 0.124994, 0.255036, -0.90067, 0.351778, -0.002831, 0.602452, -0.136549, -0.786388, -1.2e-05, 0.0, 0.0, 0.0, 1.0],
                [0.766072, 0.403848, 0.500039, 0.124994, 0.260432, -0.906266, 0.332946, -0.002831, 0.587629, -0.124834, -0.799443, -1.2e-05, 0.0, 0.0, 0.0, 1.0],
                [0.775914, 0.395113, 0.491774, 0.124994, 0.265592, -0.911703, 0.313457, -0.002831, 0.572203, -0.112604, -0.812345, -1.2e-05, 0.0, 0.0, 0.0, 1.0],
                [0.785702, 0.386399, 0.483081, 0.124994, 0.27043, -0.916892, 0.293554, -0.002831, 0.556362, -0.100005, -0.8249, -1.2e-05, 0.0, 0.0, 0.0, 1.0],
                [0.795307, 0.377821, 0.474065, 0.124994, 0.274877, -0.921761, 0.273487, -0.002831, 0.540304, -0.087195, -0.83694, -1.2e-05, 0.0, 0.0, 0.0, 1.0],
                [0.804609, 0.369485, 0.464848, 0.124994, 0.278884, -0.926256, 0.253516, -0.002831, 0.524239, -0.074342, -0.84832, -1.2e-05, 0.0, 0.0, 0.0, 1.0],
                [0.8135, 0.361491, 0.455565, 0.124994, 0.282421, -0.930334, 0.233907, -0.002831, 0.508384, -0.061622, -0.858923, -1.2e-05, 0.0, 0.0, 0.0, 1.0],
                [0.821881, 0.353931, 0.446367, 0.124994, 0.285476, -0.933973, 0.214928, -0.002831, 0.492965, -0.049218, -0.868656, -1.2e-05, 0.0, 0.0, 0.0, 1.0],
                [0.829663, 0.346888, 0.43741, 0.124994, 0.288055, -0.937161, 0.196847, -0.002831, 0.478208, -0.037318, -0.877453, -1.2e-05, 0.0, 0.0, 0.0, 1.0],
                [0.836766, 0.340438, 0.428863, 0.124994, 0.29018, -0.939902, 0.179934, -0.002831, 0.464346, -0.026114, -0.885269, -1.2e-05, 0.0, 0.0, 0.0, 1.0],
                [0.843121, 0.334649, 0.420899, 0.124994, 0.291883, -0.942208, 0.164451, -0.002831, 0.451608, -0.015798, -0.892076, -1.2e-05, 0.0, 0.0, 0.0, 1.0],
                [0.848664, 0.329585, 0.413693, 0.124994, 0.293209, -0.944101, 0.150661, -0.002831, 0.440224, -0.006561, -0.897864, -1.2e-05, 0.0, 0.0, 0.0, 1.0],
                [0.853336, 0.325306, 0.407422, 0.124994, 0.294204, -0.945605, 0.138819, -0.002831, 0.43042, 0.001406, -0.902628, -1.2e-05, 0.0, 0.0, 0.0, 1.0],
                [0.85708, 0.321869, 0.40226, 0.124994, 0.294916, -0.946749, 0.129179, -0.002831, 0.422418, 0.007917, -0.906367, -1.2e-05, 0.0, 0.0, 0.0, 1.0],
                [0.859838, 0.319333, 0.398377, 0.124994, 0.295391, -0.947554, 0.121989, -0.002831, 0.416439, 0.012787, -0.909074, -1.2e-05, 0.0, 0.0, 0.0, 1.0],
                [0.861547, 0.317759, 0.395935, 0.124994, 0.295664, -0.948037, 0.117495, -0.002831, 0.412697, 0.015837, -0.910731, -1.2e-05, 0.0, 0.0, 0.0, 1.0],
                [0.862135, 0.317218, 0.39509, 0.124994, 0.295754, -0.9482, 0.115942, -0.002831, 0.411403, 0.016892, -0.911297, -1.2e-05, 0.0, 0.0, 0.0, 1.0]
            ]
        },
        {
            "name": "Leg_R",
            "time": [0.0, 0.0167, 0.0333, 0.05, 0.0667, 0.0833, 0.1, 0.1167, 0.1333, 0.15, 0.1667, 0.1833, 0.2, 0.2167, 0.2333, 0.25, 0.2667, 0.2833, 0.3, 0.3167, 0.3333, 0.35, 0.3667, 0.3833, 0.4, 0.4167, 0.4333, 0.45, 0.4667, 0.4833, 0.5, 0.5167, 0.5333, 0.55, 0.5667, 0.5833, 0.6, 0.6167, 0.6333, 0.65, 0.6667, 0.6833, 0.7, 0.7167, 0.7333, 0.75, 0.7667, 0.7833, 0.8, 0.8167, 0.8333, 0.85, 0.8667, 0.8833, 0.9, 0.9167, 0.9333, 0.95, 0.9667, 0.9833, 1.0, 1.0167, 1.0333, 1.05, 1.0667, 1.0833, 1.1, 1.1167, 1.1333, 1.15, 1.1667, 1.1833, 1.2, 1.2167, 1.2333, 1.25, 1.2667, 1.2833, 1.3, 1.3167, 1.3333, 1.35, 1.3667, 1.3833, 1.4, 1.4167, 1.4333, 1.45, 1.4667, 1.4833, 1.5, 1.5167, 1.5333, 1.55, 1.5667, 1.5833, 1.6, 1.6167, 1.6333, 1.65],
            "transform": [
                [1.0, 0.0, 1e-06, -0.0, -0.0, 0.96133, 0.2754, 0.37472, -1e-06, -0.275401, 0.961329, -0.0, 0.0, 0.0, 0.0, 1.0],
                [1.0, 0.0, 1e-06, 0.0, -0.0, 0.955723, 0.294269, 0.37472, -1e-06, -0.29427, 0.955722, -0.0, 0.0, 0.0, 0.0, 1.0],
                [1.0, -0.0, 1e-06, 0.0, -0.0, 0.938561, 0.345114, 0.37472, -1e-06, -0.345114, 0.93856, 0.0, 0.0, 0.0, 0.0, 1.0],
                [1.0, -0.0, 1e-06, 0.0, -0.0, 0.908121, 0.41871, 0.37472, -1e-06, -0.41871, 0.908119, 0.0, 0.0, 0.0, 0.0, 1.0],
                [1.0, -0.0, 1e-06, -0.0, -0.0, 0.862939, 0.505309, 0.37472, -1e-06, -0.50531, 0.862938, -0.0, 0.0, 0.0, 0.0, 1.0],
                [1.0, -0.0, 1e-06, 0.0, -0.0, 0.8035, 0.595306, 0.37472, -1e-06, -0.595307, 0.803498, 0.0, 0.0, 0.0, 0.0, 1.0],
                [1.0, -0.0, 1e-06, -0.0, -0.0, 0.732949, 0.680284, 0.37472, -1e-06, -0.680285, 0.732947, 0.0, 0.0, 0.0, 0.0, 1.0],
                [1.0, -0.0, 1e-06, 0.0, -0.0, 0.656852, 0.75402, 0.37472, -1e-06, -0.754021, 0.656851, -0.0, 0.0, 0.0, 0.0, 1.0],
                [1.0, -0.0, 1e-06, 0.0, -0.0, 0.582344, 0.812942, 0.37472, -1e-06, -0.812943, 0.582343, 0.0, 0.0, 0.0, 0.0, 1.0],
                [1.0, -0.0, 1e-06, 0.0, -0.0, 0.517262, 0.855826, 0.37472, -1e-06, -0.855828, 0.517261, -0.0, 0.0, 0.0, 0.0, 1.0],
                [1.0, -1e-06, 1e-06, -0.0, -0.0, 0.46979, 0.882777, 0.37472, -1e-06, -0.882779, 0.46979, 0.0, 0.0, 0.0, 0.0, 1.0],
                [1.0, -1e-06, 1e-06, 0.0, -0.0, 0.437895, 0.899026, 0.37472, -1e-06, -0.899027, 0.437894, 0.0, 0.0, 0.0, 0.0, 1.0],
                [1.0, -0.0, 0.0, -0.0, -0.0, 0.412842, 0.910802, 0.37472, -1e-06, -0.910803, 0.412841, -0.0, 0.0, 0.0, 0.0, 1.0],
                [1.0, -1e-06, 1e-06, 0.0, -0.0, 0.393131, 0.919482, 0.37472, -1e-06, -0.919483, 0.393131, -0.0, 0.0, 0.0, 0.0, 1.0],
                [1.0, -1e-06, 0.0, -0.0, -0.0, 0.377066, 0.926186, 0.37472, -1e-06, -0.926187, 0.377065, 0.0, 0.0, 0.0, 0.0, 1.0],
                [1.0, -1e-06, 0.0, 0.0, -0.0, 0.362584, 0.931951, 0.37472, -1e-06, -0.931952, 0.362583, -0.0, 0.0, 0.0, 0.0, 1.0],
                [1.0, -1e-06, 0.0, -0.0, -0.0, 0.346969, 0.937876, 0.37472, -1e-06, -0.937877, 0.346969, 0.0, 0.0, 0.0, 0.0, 1.0],
                [1.0, -1e-06, 0.0, 0.0, -0.0, 0.32636, 0.945245, 0.37472, -1e-06, -0.945246, 0.326359, 0.0, 0.0, 0.0, 0.0, 1.0],
                [1.0, -1e-06, 0.0, 0.0, -0.0, 0.294885, 0.955532, 0.37472, -1e-06, -0.955534, 0.294884, 0.0, 0.0, 0.0, 0.0, 1.0],
                [1.0, -1e-06, 0.0, -0.0, -0.0, 0.243115, 0.969997, 0.37472, -1e-06, -0.969998, 0.243114, 0.0, 0.0, 0.0, 0.0, 1.0],
                [1.0, -1e-06, 0.0, 0.0, -0.0, 0.155329, 0.987862, 0.37472, -1e-06, -0.987864, 0.155329, -0.0, 0.0, 0.0, 0.0, 1.0],
                [1.0, -1e-06, 0.0, 0.0, -0.0, 0.011217, 0.999936, 0.37472, -1e-06, -0.999938, 0.011217, 0.0, 0.0, 0.0, 0.0, 1.0],
                [1.0, -1e-06, 0.0, -0.0, -0.0, -0.188005, 0.982167, 0.37472, -1e-06, -0.982169, -0.188004, -0.0, 0.0, 0.0, 0.0, 1.0],
                [1.0, -1e-06, -0.0, -0.0, -0.0, -0.405936, 0.913901, 0.37472, -1e-06, -0.913902, -0.405935, -0.0, 0.0, 0.0, 0.0, 1.0],
                [1.0, -1e-06, -0.0, -0.0, -0.0, -0.569979, 0.821659, 0.37472, -1e-06, -0.82166, -0.569978, 0.0, 0.0, 0.0, 0.0, 1.0],
                [1.0, -1e-06, -0.0, -0.0, -0.0, -0.600709, 0.799468, 0.37472, -1e-06, -0.799469, -0.600708, 0.0, 0.0, 0.0, 0.0, 1.0],
                [1.0, -1e-06, -0.0, 0.0, -0.0, -0.477861, 0.878435, 0.37472, -1e-06, -0.878436, -0.477861, -0.0, 0.0, 0.0, 0.0, 1.0],
                [1.0, -1e-06, 0.0, 0.0, -0.0, -0.245938, 0.969285, 0.37472, -1e-06, -0.969286, -0.245937, 0.0, 0.0, 0.0, 0.0, 1.0],
                [1.0, -1e-06, 0.0, -0.0, -0.0, 0.040369, 0.999184, 0.37472, -1e-06, -0.999186, 0.040369, -0.0, 0.0, 0.0, 0.0, 1.0],
                [1.0, -1e-06, 0.0, 0.0, -0.0, 0.295672, 0.955289, 0.37472, -1e-06, -0.95529, 0.295672, -0.0, 0.0, 0.0, 0.0, 1.0],
                [1.0, -1e-06, 1e-06, -0.0, -0.0, 0.464935, 0.885344, 0.37472, -1e-06, -0.885346, 0.464934, 0.0, 0.0, 0.0, 0.0, 1.0],
                [1.0, -1e-06, 1e-06, 0.0, -0.0, 0.560729, 0.827999, 0.37472, -1e-06, -0.828, 0.560728, -0.0, 0.0, 0.0, 0.0, 1.0],
                [1.0, -0.0, 1e-06, -0.0, -0.0, 0.619679, 0.784855, 0.37472, -1e-06, -0.784856, 0.619678, 0.0, 0.0, 0.0, 0.0, 1.0],
                [1.0, -0.0, 1e-06, 0.0, -0.0, 0.656012, 0.75475, 0.37472, -1e-06, -0.754751, 0.656011, -0.0, 0.0, 0.0, 0.0, 1.0],
                [1.0, -0.0, 1e-06, 0.0, -0.0, 0.681721, 0.731612, 0.37472, -1e-06, -0.731613, 0.68172, -0.0, 0.0, 0.0, 0.0, 1.0],
                [1.0, -0.0, 1e-06, 0.0, -0.0, 0.707267, 0.706947, 0.37472, -1e-06, -0.706948, 0.707266, 0.0, 0.0, 0.0, 0.0, 1.0],
                [1.0, -0.0, 1e-06, 0.0, -0.0, 0.739897, 0.67272, 0.37472, -1e-06, -0.672721, 0.739896, -0.0, 0.0, 0.0, 0.0, 1.0],
                [1.0, -0.0, 1e-06, 0.0, -0.0, 0.777928, 0.628353, 0.37472, -1e-06, -0.628354, 0.777927, 0.0, 0.0, 0.0, 0.0, 1.0],
                [1.0, -0.0, 1e-06, -0.0, -0.0, 0.817631, 0.575743, 0.37472, -1e-06, -0.575744, 0.81763, 0.0, 0.0, 0.0, 0.0, 1.0],
                [1.0, -0.0, 1e-06, -0.0, -0.0, 0.855669, 0.517524, 0.37472, -1e-06, -0.517524, 0.855668, 0.0, 0.0, 0.0, 0.0, 1.0],
                [1.0, -0.0, 1e-06, -0.0, -0.0, 0.889429, 0.457075, 0.37472, -1e-06, -0.457075, 0.889427, -0.0, 0.0, 0.0, 0.0, 1.0],
                [1.0, -0.0, 1e-06, 0.0, -0.0, 0.917238, 0.39834, 0.37472, -1e-06, -0.398341, 0.917237, 0.0, 0.0, 0.0, 0.0, 1.0],
                [1.0, -0.0, 1e-06, 0.0, -0.0, 0.938401, 0.34555, 0.37472, -1e-06, -0.34555, 0.9384, 0.0, 0.0, 0.0, 0.0, 1.0],
                [1.0, 0.0, 1e-06, 0.0, -0.0, 0.95301, 0.302942, 0.37472, -1e-06, -0.302942, 0.953008, 0.0, 0.0, 0.0, 0.0, 1.0],
                [1.0, 0.0, 1e-06, -0.0, -0.0, 0.961564, 0.274583, 0.37472, -1e-06, -0.274583, 0.961563, 0.0, 0.0, 0.0, 0.0, 1.0],
                [1.0, 0.0, 1e-06, 0.0, -0.0, 0.964438, 0.264312, 0.37472, -1e-06, -0.264312, 0.964436, -0.0, 0.0, 0.0, 0.0, 1.0],
                [1.0, 0.0, 1e-06, 0.0, -0.0, 0.964438, 0.264312, 0.37472, -1e-06, -0.264312, 0.964436, -0.0, 0.0, 0.0, 0.0, 1.0],
                [1.0, 0.0, 1e-06, -0.0, -0.0, 0.964438, 0.264312, 0.37472, -1e-06, -0.264312, 0.964437, 0.0, 0.0, 0.0, 0.0, 1.0],
                [1.0, 0.0, 1e-06, -0.0, -0.0, 0.964438, 0.264312, 0.37472, -1e-06, -0.264312, 0.964437, 0.0, 0.0, 0.0, 0.0, 1.0],
                [1.0, 0.0, 1e-06, -0.0, -0.0, 0.964438, 0.264312, 0.37472, -1e-06, -0.264312, 0.964437, 0.0, 0.0, 0.0, 0.0, 1.0],
                [1.0, 0.0, 1e-06, 0.0, -0.0, 0.964438, 0.264312, 0.37472, -1e-06, -0.264312, 0.964436, 0.0, 0.0, 0.0, 0.0, 1.0],
                [1.0, 0.0, 1e-06, -0.0, -0.0, 0.964438, 0.264312, 0.37472, -1e-06, -0.264312, 0.964437, -0.0, 0.0, 0.0, 0.0, 1.0],
                [1.0, 0.0, 1e-06, 0.0, -0.0, 0.964438, 0.264312, 0.37472, -1e-06, -0.264312, 0.964436, -0.0, 0.0, 0.0, 0.0, 1.0],
                [1.0, 0.0, 1e-06, 0.0, -0.0, 0.964438, 0.264312, 0.37472, -1e-06, -0.264312, 0.964437, -0.0, 0.0, 0.0, 0.0, 1.0],
                [1.0, 0.0, 1e-06, 0.0, -0.0, 0.964438, 0.264312, 0.37472, -1e-06, -0.264312, 0.964437, -0.0, 0.0, 0.0, 0.0, 1.0],
                [1.0, 0.0, 1e-06, 0.0, -0.0, 0.964438, 0.264312, 0.37472, -1e-06, -0.264312, 0.964436, 0.0, 0.0, 0.0, 0.0, 1.0],
                [1.0, 0.0, 1e-06, -0.0, -0.0, 0.959386, 0.282098, 0.37472, -1e-06, -0.282098, 0.959385, -0.0, 0.0, 0.0, 0.0, 1.0],
                [1.0, -0.0, 1e-06, 0.0, -0.0, 0.943769, 0.330609, 0.37472, -1e-06, -0.330609, 0.943767, 0.0, 0.0, 0.0, 0.0, 1.0],
                [1.0, -0.0, 1e-06, 0.0, -0.0, 0.916346, 0.400389, 0.37472, -1e-06, -0.400389, 0.916345, 0.0, 0.0, 0.0, 0.0, 1.0],
                [1.0, -0.0, 1e-06, 0.0, -0.0, 0.876895, 0.480683, 0.37472, -1e-06, -0.480684, 0.876893, 0.0, 0.0, 0.0, 0.0, 1.0],
                [1.0, -0.0, 1e-06, -0.0, -0.0, 0.827408, 0.561602, 0.37472, -1e-06, -0.561603, 0.827407, -0.0, 0.0, 0.0, 0.0, 1.0],
                [1.0, -0.0, 1e-06, 0.0, -0.0, 0.77184, 0.635817, 0.37472, -1e-06, -0.635818, 0.771838, -0.0, 0.0, 0.0, 0.0, 1.0],
                [1.0, -0.0, 1e-06, 0.0, -0.0, 0.714933, 0.699193, 0.37472, -1e-06, -0.699194, 0.714932, -0.0, 0.0, 0.0, 0.0, 1.0],
