{
    "animation": [
        {
            "name": "Root",
            "time": [0.0, 0.0167, 0.0333, 0.05, 0.0667, 0.0833, 0.1, 0.1167, 0.1333, 0.15, 0.1667, 0.1833, 0.2, 0.2167, 0.2333, 0.25, 0.2667, 0.2833, 0.3, 0.3167, 0.3333, 0.35, 0.3667, 0.3833, 0.4, 0.4167, 0.4333, 0.45, 0.4667, 0.4833, 0.5, 0.5167, 0.5333, 0.55, 0.5667, 0.5833, 0.6, 0.6167, 0.6333, 0.65, 0.6667, 0.6833, 0.7, 0.7167, 0.7333, 0.75, 0.7667, 0.7833, 0.8, 0.8167, 0.8333, 0.85, 0.8667, 0.8833, 0.9, 0.9167, 0.9333, 0.95, 0.9667, 0.9833, 1.0, 1.0167, 1.0333, 1.05, 1.0667, 1.0833, 1.1, 1.1167, 1.1333, 1.15, 1.1667, 1.1833, 1.2, 1.2167, 1.2333, 1.25, 1.2667, 1.2833, 1.3, 1.3167, 1.3333, 1.35, 1.3667, 1.3833, 1.4, 1.4167, 1.4333, 1.45, 1.4667, 1.4833, 1.5, 1.5167, 1.5333, 1.55, 1.5667, 1.5833, 1.6, 1.6167, 1.6333, 1.65, 1.6667, 1.6833, 1.7, 1.7167, 1.7333, 1.75, 1.7667, 1.7833, 1.8, 1.8167, 1.8333, 1.85, 1.8667, 1.8833, 1.9, 1.9167, 1.9333, 1.95, 1.9667, 1.9833, 2.0, 2.0167, 2.0333, 2.05, 2.0667, 2.0833, 2.1, 2.1167, 2.1333, 2.15, 2.1667, 2.1833, 2.2, 2.2167, 2.2333, 2.25, 2.2667, 2.2833, 2.3, 2.3167, 2.3333, 2.35, 2.3667, 2.3833, 2.4, 2.4167, 2.4333, 2.45, 2.4667, 2.4833, 2.5, 2.5167, 2.5333, 2.55, 2.5667, 2.5833, 2.6, 2.6167, 2.6333, 2.65, 2.6667, 2.6833, 2.7, 2.7167, 2.7333, 2.75, 2.7667, 2.7833, 2.8, 2.8167, 2.8333, 2.85, 2.8667, 2.8833, 2.9, 2.9167, 2.9333, 2.95, 2.9667, 2.9833, 3.0, 3.0167, 3.0333, 3.05, 3.0667, 3.0833, 3.1, 3.1167, 3.1333, 3.15, 3.1667, 3.1833, 3.2, 3.2167, 3.2333, 3.25, 3.2667, 3.2833, 3.3, 3.3167],
            "transform": [
                [0.741301, 0.0, 0.671172, -5e-06, 0.671172, 0.0, -0.741301, 0.000946, 0.0, 1.0, 0.0, 0.456582, 0.0, 0.0, 0.0, 1.0],
                [0.754692, 0.0, 0.656079, -5e-06, 0.656079, 0.0, -0.754692, 0.00361, 0.0, 1.0, 0.0, 0.463225, 0.0, 0.0, 0.0, 1.0],
                [0.78969, 0.0, 0.613506, -5e-06, 0.613506, 0.0, -0.78969, 0.011585, 0.0, 1.0, 0.0, 0.481258, 0.0, 0.0, 0.0, 1.0],
                [0.837302, 0.0, 0.546741, -5e-06, 0.546741, 0.0, -0.837302, 0.02485, 0.0, 1.0, 0.0, 0.507833, 0.0, 0.0, 0.0, 1.0],
                [0.887951, 0.0, 0.459938, -5e-06, 0.459938, 0.0, -0.887951, 0.043382, 0.0, 1.0, 0.0, 0.540102, 0.0, 0.0, 0.0, 1.0],
                [0.933087, 0.0, 0.359652, -5e-06, 0.359652, 0.0, -0.933087, 0.067158, 0.0, 1.0, 0.0, 0.575219, 0.0, 0.0, 0.0, 1.0],
                [0.966937, 0.0, 0.255016, -5e-06, 0.255016, 0.0, -0.966937, 0.096155, 0.0, 1.0, 0.0, 0.610336, 0.0, 0.0, 0.0, 1.0],
                [0.98765, 0.0, 0.156675, -5e-06, 0.156675, 0.0, -0.98765, 0.130352, 0.0, 1.0, 0.0, 0.642605, 0.0, 0.0, 0.0, 1.0],
                [0.997167, 0.0, 0.075225, -5e-06, 0.075225, 0.0, -0.997167, 0.169726, 0.0, 1.0, 0.0, 0.66918, 0.0, 0.0, 0.0, 1.0],
                [0.999796, 0.0, 0.020176, -5e-06, 0.020176, 0.0, -0.999796, 0.214253, 0.0, 1.0, 0.0, 0.687213, 0.0, 0.0, 0.0, 1.0],
                [1.0, 0.0, 0.0, -5e-06, 0.0, 0.0, -1.0, 0.263912, 0.0, 1.0, 0.0, 0.693857, 0.0, 0.0, 0.0, 1.0],
                [1.0, 0.0, 0.000167, -5e-06, 0.000167, 0.0, -1.0, 0.318139, 0.0, 1.0, 0.0, 0.693857, 0.0, 0.0, 0.0, 1.0],
                [0.999999, 0.0, 0.001333, -5e-06, 0.001333, 0.0, -0.999999, 0.374209, 0.0, 1.0, 0.0, 0.693857, 0.0, 0.0, 0.0, 1.0],
                [0.99999, 0.0, 0.004499, -5e-06, 0.004499, 0.0, -0.99999, 0.428858, 0.0, 1.0, 0.0, 0.693857, 0.0, 0.0, 0.0, 1.0],
                [0.999943, 0.0, 0.010665, -5e-06, 0.010665, 0.0, -0.999943, 0.478818, 0.0, 1.0, 0.0, 0.693857, 0.0, 0.0, 0.0, 1.0],
                [0.999783, 0.0, 0.020832, -5e-06, 0.020832, 0.0, -0.999783, 0.520825, 0.0, 1.0, 0.0, 0.693857, 0.0, 0.0, 0.0, 1.0],
                [0.999352, 0.0, 0.036001, -5e-06, 0.036001, 0.0, -0.999352, 0.554311, 0.0, 1.0, 0.0, 0.693857, 0.0, 0.0, 0.0, 1.0],
                [0.998365, 0.0, 0.057166, -5e-06, 0.057166, 0.0, -0.998365, 0.589506, 0.0, 1.0, 0.0, 0.693857, 0.0, 0.0, 0.0, 1.0],
                [0.996356, 0.0, 0.085296, -5e-06, 0.085296, 0.0, -0.996356, 0.639334, 0.0, 1.0, 0.0, 0.693857, 0.0, 0.0, 0.0, 1.0],
                [0.992614, 0.0, 0.121312, -5e-06, 0.121312, 0.0, -0.992614, 0.716723, 0.0, 1.0, 0.0, 0.693857, 0.0, 0.0, 0.0, 1.0],
                [0.986122, 0.0, 0.166023, -5e-06, 0.166023, 0.0, -0.986122, 0.834599, 0.0, 1.0, 0.0, 0.693857, 0.0, 0.0, 0.0, 1.0],
                [0.956912, 0.0, 0.290378, -5e-06, 0.290378, 0.0, -0.956912, 1.001447, 0.0, 1.0, 0.0, 0.655871, 0.0, 0.0, 0.0, 1.0],
                [0.850851, 0.0, 0.525408, -5e-06, 0.525408, 0.0, -0.850851, 1.207987, 0.0, 1.0, 0.0, 0.565289, 0.0, 0.0, 0.0, 1.0],
                [0.623622, 0.0, 0.781726, -5e-06, 0.781726, 0.0, -0.623622, 1.440498, 0.0, 1.0, 0.0, 0.457175, 0.0, 0.0, 0.0, 1.0],
                [0.303157, 0.0, 0.95294, -5e-06, 0.95294, 0.0, -0.303157, 1.685257, 0.0, 1.0, 0.0, 0.366593, 0.0, 0.0, 0.0, 1.0],
                [-0.011246, 0.0, 0.999937, -5e-06, 0.999937, 0.0, 0.011246, 1.928544, 0.0, 1.0, 0.0, 0.328607, 0.0, 0.0, 0.0, 1.0],
                [-0.248161, 0.0, 0.968719, -5e-06, 0.968719, 0.0, 0.248161, 2.159117, 0.0, 1.0, 0.0, 0.404691, 0.0, 0.0, 0.0, 1.0],
                [-0.427243, 0.0, 0.904137, -5e-06, 0.904137, 0.0, 0.427243, 2.375661, 0.0, 1.0, 0.0, 0.54599, 0.0, 0.0, 0.0, 1.0],
                [-0.588241, 0.0, 0.808686, -5e-06, 0.808686, 0.0, 0.588241, 2.579338, 0.0, 1.0, 0.0, 0.622074, 0.0, 0.0, 0.0, 1.0],
                [-0.764741, 0.0, 0.644337, -5e-06, 0.644337, 0.0, 0.764741, 2.771163, 0.0, 1.0, 0.0, 0.618677, 0.0, 0.0, 0.0, 1.0],
                [-0.927682, 0.0, 0.373372, -5e-06, 0.373372, 0.0, 0.927682, 2.951546, 0.0, 1.0, 0.0, 0.60972, 0.0, 0.0, 0.0, 1.0],
                [-0.999975, 0.0, 0.007038, -5e-06, 0.007038, 0.0, 0.999975, 3.120749, 0.0, 1.0, 0.0, 0.597058, 0.0, 0.0, 0.0, 1.0],
                [-0.925733, 0.0, -0.378179, -5e-06, -0.378179, 0.0, 0.925733, 3.279032, 0.0, 1.0, 0.0, 0.582542, 0.0, 0.0, 0.0, 1.0],
                [-0.728887, 0.0, -0.684634, -5e-06, -0.684634, 0.0, 0.728887, 3.426656, 0.0, 1.0, 0.0, 0.568027, 0.0, 0.0, 0.0, 1.0],
                [-0.491733, 0.0, -0.870746, -5e-06, -0.870746, 0.0, 0.491733, 3.56388, 0.0, 1.0, 0.0, 0.555364, 0.0, 0.0, 0.0, 1.0],
                [-0.285238, 0.0, -0.958457, -5e-06, -0.958457, 0.0, 0.285238, 3.690967, 0.0, 1.0, 0.0, 0.546407, 0.0, 0.0, 0.0, 1.0],
                [-0.143399, 0.0, -0.989665, -5e-06, -0.989665, 0.0, 0.143399, 3.808176, 0.0, 1.0, 0.0, 0.54301, 0.0, 0.0, 0.0, 1.0],
                [-0.043011, 0.0, -0.999075, -5e-06, -0.999075, 0.0, 0.043011, 3.915796, 0.0, 1.0, 0.0, 0.544948, 0.0, 0.0, 0.0, 1.0],
                [0.049044, 0.0, -0.998797, -5e-06, -0.998797, 0.0, -0.049044, 4.014225, 0.0, 1.0, 0.0, 0.550445, 0.0, 0.0, 0.0, 1.0],
                [0.132995, 0.0, -0.991117, -5e-06, -0.991117, 0.0, -0.132995, 4.10389, 0.0, 1.0, 0.0, 0.559027, 0.0, 0.0, 0.0, 1.0],
                [0.209263, 0.0, -0.977859, -5e-06, -0.977859, 0.0, -0.209263, 4.185216, 0.0, 1.0, 0.0, 0.57022, 0.0, 0.0, 0.0, 1.0],
                [0.278356, 0.0, -0.960478, -5e-06, -0.960478, 0.0, -0.278356, 4.258631, 0.0, 1.0, 0.0, 0.583548, 0.0, 0.0, 0.0, 1.0],
                [0.340792, 0.0, -0.940139, -5e-06, -0.940139, 0.0, -0.340792, 4.324558, 0.0, 1.0, 0.0, 0.598537, 0.0, 0.0, 0.0, 1.0],
                [0.397069, 0.0, -0.917789, -5e-06, -0.917789, 0.0, -0.397069, 4.383426, 0.0, 1.0, 0.0, 0.614712, 0.0, 0.0, 0.0, 1.0],
                [0.44764, 0.0, -0.894214, -5e-06, -0.894214, 0.0, -0.44764, 4.43566, 0.0, 1.0, 0.0, 0.631599, 0.0, 0.0, 0.0, 1.0],
                [0.492906, 0.0, -0.870083, -5e-06, -0.870083, 0.0, -0.492906, 4.481685, 0.0, 1.0, 0.0, 0.648724, 0.0, 0.0, 0.0, 1.0],
                [0.533214, 0.0, -0.84598, -5e-06, -0.84598, 0.0, -0.533214, 4.521929, 0.0, 1.0, 0.0, 0.665611, 0.0, 0.0, 0.0, 1.0],
                [0.568862, 0.0, -0.822433, -5e-06, -0.822433, 0.0, -0.568862, 4.556817, 0.0, 1.0, 0.0, 0.681787, 0.0, 0.0, 0.0, 1.0],
                [0.600095, 0.0, -0.799929, -5e-06, -0.799929, 0.0, -0.600095, 4.586775, 0.0, 1.0, 0.0, 0.696776, 0.0, 0.0, 0.0, 1.0],
                [0.627116, 0.0, -0.778926, -5e-06, -0.778926, 0.0, -0.627116, 4.61223, 0.0, 1.0, 0.0, 0.710104, 0.0, 0.0, 0.0, 1.0],
                [0.650086, 0.0, -0.759861, -5e-06, -0.759861, 0.0, -0.650086, 4.633607, 0.0, 1.0, 0.0, 0.721296, 0.0, 0.0, 0.0, 1.0],
                [0.669127, 0.0, -0.743148, -5e-06, -0.743148, 0.0, -0.669127, 4.651333, 0.0, 1.0, 0.0, 0.729878, 0.0, 0.0, 0.0, 1.0],
                [0.684324, 0.0, -0.729178, -5e-06, -0.729178, 0.0, -0.684324, 4.665834, 0.0, 1.0, 0.0, 0.735375, 0.0, 0.0, 0.0, 1.0],
                [0.695727, 0.0, -0.718306, -5e-06, -0.718306, 0.0, -0.695727, 4.677536, 0.0, 1.0, 0.0, 0.737313, 0.0, 0.0, 0.0, 1.0],
                [0.705147, 0.0, -0.709061, -5e-06, -0.709061, 0.0, -0.705147, 4.68785, 0.0, 1.0, 0.0, 0.737312, 0.0, 0.0, 0.0, 1.0],
                [0.714377, 0.0, -0.699762, -5e-06, -0.699762, 0.0, -0.714377, 4.697906, 0.0, 1.0, 0.0, 0.737307, 0.0, 0.0, 0.0, 1.0],
                [0.723415, 0.0, -0.690414, -5e-06, -0.690414, 0.0, -0.723415, 4.707708, 0.0, 1.0, 0.0, 0.7373, 0.0, 0.0, 0.0, 1.0],
                [0.732261, 0.0, -0.681024, -5e-06, -0.681024, 0.0, -0.732261, 4.717258, 0.0, 1.0, 0.0, 0.737289, 0.0, 0.0, 0.0, 1.0],
                [0.740915, 0.0, -0.671599, -5e-06, -0.671599, 0.0, -0.740915, 4.726561, 0.0, 1.0, 0.0, 0.737276, 0.0, 0.0, 0.0, 1.0],
                [0.749376, 0.0, -0.662145, -5e-06, -0.662145, 0.0, -0.749376, 4.735619, 0.0, 1.0, 0.0, 0.73726, 0.0, 0.0, 0.0, 1.0],
                [0.757645, 0.0, -0.652667, -5e-06, -0.652667, 0.0, -0.757645, 4.744434, 0.0, 1.0, 0.0, 0.737241, 0.0, 0.0, 0.0, 1.0],
                [0.76572, 0.0, -0.643173, -5e-06, -0.643173, 0.0, -0.76572, 4.753012, 0.0, 1.0, 0.0, 0.73722, 0.0, 0.0, 0.0, 1.0],
                [0.773604, 0.0, -0.633669, -5e-06, -0.633669, 0.0, -0.773604, 4.761355, 0.0, 1.0, 0.0, 0.737195, 0.0, 0.0, 0.0, 1.0],
                [0.781297, 0.0, -0.62416, -5e-06, -0.62416, 0.0, -0.781297, 4.769466, 0.0, 1.0, 0.0, 0.737168, 0.0, 0.0, 0.0, 1.0],
                [0.788798, 0.0, -0.614652, -5e-06, -0.614652, 0.0, -0.788798, 4.777349, 0.0, 1.0, 0.0, 0.737139, 0.0, 0.0, 0.0, 1.0],
                [0.796111, 0.0, -0.605151, -5e-06, -0.605151, 0.0, -0.796111, 4.785006, 0.0, 1.0, 0.0, 0.737106, 0.0, 0.0, 0.0, 1.0],
                [0.803234, 0.0, -0.595663, -5e-06, -0.595663, 0.0, -0.803234, 4.792441, 0.0, 1.0, 0.0, 0.737072, 0.0, 0.0, 0.0, 1.0],
                [0.810171, 0.0, -0.586193, -5e-06, -0.586193, 0.0, -0.810171, 4.799658, 0.0, 1.0, 0.0, 0.737034, 0.0, 0.0, 0.0, 1.0],
                [0.816923, 0.0, -0.576747, -5e-06, -0.576747, 0.0, -0.816923, 4.80666, 0.0, 1.0, 0.0, 0.736995, 0.0, 0.0, 0.0, 1.0],
                [0.82349, 0.0, -0.56733, -5e-06, -0.56733, 0.0, -0.82349, 4.813449, 0.0, 1.0, 0.0, 0.736953, 0.0, 0.0, 0.0, 1.0],
                [0.829876, 0.0, -0.557948, -5e-06, -0.557948, 0.0, -0.829876, 4.82003, 0.0, 1.0, 0.0, 0.736908, 0.0, 0.0, 0.0, 1.0],
                [0.836083, 0.0, -0.548604, -5e-06, -0.548604, 0.0, -0.836083, 4.826404, 0.0, 1.0, 0.0, 0.736861, 0.0, 0.0, 0.0, 1.0],
                [0.842111, 0.0, -0.539304, -5e-06, -0.539304, 0.0, -0.842111, 4.832577, 0.0, 1.0, 0.0, 0.736812, 0.0, 0.0, 0.0, 1.0],
                [0.847965, 0.0, -0.530053, -5e-06, -0.530053, 0.0, -0.847965, 4.83855, 0.0, 1.0, 0.0, 0.736761, 0.0, 0.0, 0.0, 1.0],
                [0.853645, 0.0, -0.520855, -5e-06, -0.520855, 0.0, -0.853645, 4.844327, 0.0, 1.0, 0.0, 0.736707, 0.0, 0.0, 0.0, 1.0],
                [0.859156, 0.0, -0.511714, -5e-06, -0.511714, 0.0, -0.859156, 4.849912, 0.0, 1.0, 0.0, 0.736651, 0.0, 0.0, 0.0, 1.0],
                [0.864498, 0.0, -0.502636, -5e-06, -0.502636, 0.0, -0.864498, 4.855308, 0.0, 1.0, 0.0, 0.736594, 0.0, 0.0, 0.0, 1.0],
                [0.869676, 0.0, -0.493623, -5e-06, -0.493623, 0.0, -0.869676, 4.860517, 0.0, 1.0, 0.0, 0.736534, 0.0, 0.0, 0.0, 1.0],
                [0.874692, 0.0, -0.48468, -5e-06, -0.48468, 0.0, -0.874692, 4.865544, 0.0, 1.0, 0.0, 0.736472, 0.0, 0.0, 0.0, 1.0],
                [0.879548, 0.0, -0.47581, -5e-06, -0.47581, 0.0, -0.879548, 4.870391, 0.0, 1.0, 0.0, 0.736408, 0.0, 0.0, 0.0, 1.0],
                [0.884248, 0.0, -0.467017, -5e-06, -0.467017, 0.0, -0.884248, 4.875062, 0.0, 1.0, 0.0, 0.736342, 0.0, 0.0, 0.0, 1.0],
                [0.888795, 0.0, -0.458304, -5e-06, -0.458304, 0.0, -0.888795, 4.87956, 0.0, 1.0, 0.0, 0.736274, 0.0, 0.0, 0.0, 1.0],
                [0.893192, 0.0, -0.449675, -5e-06, -0.449675, 0.0, -0.893192, 4.883888, 0.0, 1.0, 0.0, 0.736204, 0.0, 0.0, 0.0, 1.0],
                [0.897442, 0.0, -0.441133, -5e-06, -0.441133, 0.0, -0.897442, 4.888051, 0.0, 1.0, 0.0, 0.736133, 0.0, 0.0, 0.0, 1.0],
                [0.901548, 0.0, -0.43268, -5e-06, -0.43268, 0.0, -0.901548, 4.892049, 0.0, 1.0, 0.0, 0.736059, 0.0, 0.0, 0.0, 1.0],
                [0.905513, 0.0, -0.424319, -5e-06, -0.424319, 0.0, -0.905513, 4.895888, 0.0, 1.0, 0.0, 0.735984, 0.0, 0.0, 0.0, 1.0],
                [0.909341, 0.0, -0.416052, -5e-06, -0.416052, 0.0, -0.909341, 4.89957, 0.0, 1.0, 0.0, 0.735907, 0.0, 0.0, 0.0, 1.0],
                [0.913034, 0.0, -0.407883, -5e-06, -0.407883, 0.0, -0.913034, 4.903099, 0.0, 1.0, 0.0, 0.735829, 0.0, 0.0, 0.0, 1.0],
                [0.916597, 0.0, -0.399813, -5e-06, -0.399813, 0.0, -0.916597, 4.906477, 0.0, 1.0, 0.0, 0.735749, 0.0, 0.0, 0.0, 1.0],
                [0.920031, 0.0, -0.391845, -5e-06, -0.391845, 0.0, -0.920031, 4.909709, 0.0, 1.0, 0.0, 0.735667, 0.0, 0.0, 0.0, 1.0],
                [0.923342, 0.0, -0.383979, -5e-06, -0.383979, 0.0, -0.923342, 4.912797, 0.0, 1.0, 0.0, 0.735584, 0.0, 0.0, 0.0, 1.0],
                [0.926531, 0.0, -0.37622, -5e-06, -0.37622, 0.0, -0.926531, 4.915745, 0.0, 1.0, 0.0, 0.735499, 0.0, 0.0, 0.0, 1.0],
                [0.929601, 0.0, -0.368566, -5e-06, -0.368566, 0.0, -0.929601, 4.918556, 0.0, 1.0, 0.0, 0.735413, 0.0, 0.0, 0.0, 1.0],
                [0.932558, 0.0, -0.361021, -5e-06, -0.361021, 0.0, -0.932558, 4.921233, 0.0, 1.0, 0.0, 0.735325, 0.0, 0.0, 0.0, 1.0],
                [0.935402, 0.0, -0.353586, -5e-06, -0.353586, 0.0, -0.935402, 4.923779, 0.0, 1.0, 0.0, 0.735236, 0.0, 0.0, 0.0, 1.0],
                [0.938138, 0.0, -0.346262, -5e-06, -0.346262, 0.0, -0.938138, 4.926198, 0.0, 1.0, 0.0, 0.735146, 0.0, 0.0, 0.0, 1.0],
                [0.940768, 0.0, -0.33905, -5e-06, -0.33905, 0.0, -0.940768, 4.928493, 0.0, 1.0, 0.0, 0.735054, 0.0, 0.0, 0.0, 1.0],
                [0.943297, 0.0, -0.331951, -5e-06, -0.331951, 0.0, -0.943297, 4.930667, 0.0, 1.0, 0.0, 0.734961, 0.0, 0.0, 0.0, 1.0],
                [0.945726, 0.0, -0.324965, -5e-06, -0.324965, 0.0, -0.945726, 4.932724, 0.0, 1.0, 0.0, 0.734867, 0.0, 0.0, 0.0, 1.0],
                [0.948059, 0.0, -0.318095, -5e-06, -0.318095, 0.0, -0.948059, 4.934667, 0.0, 1.0, 0.0, 0.734772, 0.0, 0.0, 0.0, 1.0],
                [0.950299, 0.0, -0.311339, -5e-06, -0.311339, 0.0, -0.950299, 4.936498, 0.0, 1.0, 0.0, 0.734676, 0.0, 0.0, 0.0, 1.0],
                [0.952448, 0.0, -0.3047, -5e-06, -0.3047, 0.0, -0.952448, 4.938222, 0.0, 1.0, 0.0, 0.734578, 0.0, 0.0, 0.0, 1.0],
                [0.954511, 0.0, -0.298176, -5e-06, -0.298176, 0.0, -0.954511, 4.93984, 0.0, 1.0, 0.0, 0.73448, 0.0, 0.0, 0.0, 1.0],
                [0.956489, 0.0, -0.291769, -5e-06, -0.291769, 0.0, -0.956489, 4.941359, 0.0, 1.0, 0.0, 0.73438, 0.0, 0.0, 0.0, 1.0],
                [0.958385, 0.0, -0.285479, -5e-06, -0.285479, 0.0, -0.958385, 4.942779, 0.0, 1.0, 0.0, 0.73428, 0.0, 0.0, 0.0, 1.0],
                [0.960202, 0.0, -0.279305, -5e-06, -0.279305, 0.0, -0.960202, 4.944105, 0.0, 1.0, 0.0, 0.734179, 0.0, 0.0, 0.0, 1.0],
                [0.961944, 0.0, -0.273248, -5e-06, -0.273248, 0.0, -0.961944, 4.945339, 0.0, 1.0, 0.0, 0.734076, 0.0, 0.0, 0.0, 1.0],
                [0.963611, 0.0, -0.267308, -5e-06, -0.267308, 0.0, -0.963611, 4.946485, 0.0, 1.0, 0.0, 0.733973, 0.0, 0.0, 0.0, 1.0],
                [0.965208, 0.0, -0.261485, -5e-06, -0.261485, 0.0, -0.965208, 4.947547, 0.0, 1.0, 0.0, 0.733869, 0.0, 0.0, 0.0, 1.0],
                [0.966736, 0.0, -0.255777, -5e-06, -0.255777, 0.0, -0.966736, 4.948526, 0.0, 1.0, 0.0, 0.733765, 0.0, 0.0, 0.0, 1.0],
                [0.968198, 0.0, -0.250186, -5e-06, -0.250186, 0.0, -0.968198, 4.949428, 0.0, 1.0, 0.0, 0.73366, 0.0, 0.0, 0.0, 1.0],
                [0.969596, 0.0, -0.244711, -5e-06, -0.244711, 0.0, -0.969596, 4.950254, 0.0, 1.0, 0.0, 0.733554, 0.0, 0.0, 0.0, 1.0],
                [0.970933, 0.0, -0.23935, -5e-06, -0.23935, 0.0, -0.970933, 4.951009, 0.0, 1.0, 0.0, 0.733447, 0.0, 0.0, 0.0, 1.0],
                [0.972211, 0.0, -0.234105, -5e-06, -0.234105, 0.0, -0.972211, 4.951694, 0.0, 1.0, 0.0, 0.73334, 0.0, 0.0, 0.0, 1.0],
                [0.973433, 0.0, -0.228973, -5e-06, -0.228973, 0.0, -0.973433, 4.952315, 0.0, 1.0, 0.0, 0.733232, 0.0, 0.0, 0.0, 1.0],
                [0.974599, 0.0, -0.223955, -5e-06, -0.223955, 0.0, -0.974599, 4.952873, 0.0, 1.0, 0.0, 0.733124, 0.0, 0.0, 0.0, 1.0],
                [0.975714, 0.0, -0.21905, -5e-06, -0.21905, 0.0, -0.975714, 4.953373, 0.0, 1.0, 0.0, 0.733015, 0.0, 0.0, 0.0, 1.0],
                [0.976778, 0.0, -0.214256, -5e-06, -0.214256, 0.0, -0.976778, 4.953818, 0.0, 1.0, 0.0, 0.732906, 0.0, 0.0, 0.0, 1.0],
                [0.977793, 0.0, -0.209574, -5e-06, -0.209574, 0.0, -0.977793, 4.95421, 0.0, 1.0, 0.0, 0.732797, 0.0, 0.0, 0.0, 1.0],
                [0.978762, 0.0, -0.205002, -5e-06, -0.205002, 0.0, -0.978762, 4.954554, 0.0, 1.0, 0.0, 0.732687, 0.0, 0.0, 0.0, 1.0],
                [0.979686, 0.0, -0.200539, -5e-06, -0.200539, 0.0, -0.979686, 4.954851, 0.0, 1.0, 0.0, 0.732577, 0.0, 0.0, 0.0, 1.0],
                [0.980567, 0.0, -0.196185, -5e-06, -0.196185, 0.0, -0.980567, 4.955106, 0.0, 1.0, 0.0, 0.732466, 0.0, 0.0, 0.0, 1.0],
                [0.981407, 0.0, -0.191938, -5e-06, -0.191938, 0.0, -0.981407, 4.955322, 0.0, 1.0, 0.0, 0.732356, 0.0, 0.0, 0.0, 1.0],
                [0.982208, 0.0, -0.187798, -5e-06, -0.187798, 0.0, -0.982208, 4.955503, 0.0, 1.0, 0.0, 0.732245, 0.0, 0.0, 0.0, 1.0],
                [0.982971, 0.0, -0.183763, -5e-06, -0.183763, 0.0, -0.982971, 4.95565, 0.0, 1.0, 0.0, 0.732134, 0.0, 0.0, 0.0, 1.0],
                [0.983697, 0.0, -0.179832, -5e-06, -0.179832, 0.0, -0.983697, 4.955768, 0.0, 1.0, 0.0, 0.732023, 0.0, 0.0, 0.0, 1.0],
                [0.984389, 0.0, -0.176005, -5e-06, -0.176005, 0.0, -0.984389, 4.95586, 0.0, 1.0, 0.0, 0.731912, 0.0, 0.0, 0.0, 1.0],
                [0.985048, 0.0, -0.172279, -5e-06, -0.172279, 0.0, -0.985048, 4.955929, 0.0, 1.0, 0.0, 0.731801, 0.0, 0.0, 0.0, 1.0],
                [0.985675, 0.0, -0.168655, -5e-06, -0.168655, 0.0, -0.985675, 4.955978, 0.0, 1.0, 0.0, 0.73169, 0.0, 0.0, 0.0, 1.0],
                [0.986272, 0.0, -0.165129, -5e-06, -0.165129, 0.0, -0.986272, 4.956011, 0.0, 1.0, 0.0, 0.73158, 0.0, 0.0, 0.0, 1.0],
                [0.98684, 0.0, -0.161702, -5e-06, -0.161702, 0.0, -0.98684, 4.956031, 0.0, 1.0, 0.0, 0.731469, 0.0, 0.0, 0.0, 1.0],
                [0.987379, 0.0, -0.158373, -5e-06, -0.158373, 0.0, -0.987379, 4.956042, 0.0, 1.0, 0.0, 0.731358, 0.0, 0.0, 0.0, 1.0],
                [0.987893, 0.0, -0.155139, -5e-06, -0.155139, 0.0, -0.987893, 4.956046, 0.0, 1.0, 0.0, 0.731248, 0.0, 0.0, 0.0, 1.0],
                [0.988381, 0.0, -0.151999, -5e-06, -0.151999, 0.0, -0.988381, 4.956046, 0.0, 1.0, 0.0, 0.731138, 0.0, 0.0, 0.0, 1.0],
                [0.988844, 0.0, -0.148953, -5e-06, -0.148953, 0.0, -0.988844, 4.956046, 0.0, 1.0, 0.0, 0.731028, 0.0, 0.0, 0.0, 1.0],
                [0.989285, 0.0, -0.145999, -5e-06, -0.145999, 0.0, -0.989285, 4.956046, 0.0, 1.0, 0.0, 0.730919, 0.0, 0.0, 0.0, 1.0],
                [0.989703, 0.0, -0.143135, -5e-06, -0.143135, 0.0, -0.989703, 4.956046, 0.0, 1.0, 0.0, 0.730809, 0.0, 0.0, 0.0, 1.0],
                [0.990101, 0.0, -0.14036, -5e-06, -0.14036, 0.0, -0.990101, 4.956046, 0.0, 1.0, 0.0, 0.730701, 0.0, 0.0, 0.0, 1.0],
                [0.990478, 0.0, -0.137673, -5e-06, -0.137673, 0.0, -0.990478, 4.956046, 0.0, 1.0, 0.0, 0.730592, 0.0, 0.0, 0.0, 1.0],
                [0.990836, 0.0, -0.135072, -5e-06, -0.135072, 0.0, -0.990836, 4.956046, 0.0, 1.0, 0.0, 0.730485, 0.0, 0.0, 0.0, 1.0],
                [0.991175, 0.0, -0.132557, -5e-06, -0.132557, 0.0, -0.991175, 4.956046, 0.0, 1.0, 0.0, 0.730378, 0.0, 0.0, 0.0, 1.0],
                [0.991498, 0.0, -0.130125, -5e-06, -0.130125, 0.0, -0.991498, 4.956046, 0.0, 1.0, 0.0, 0.730271, 0.0, 0.0, 0.0, 1.0],
                [0.991803, 0.0, -0.127775, -5e-06, -0.127775, 0.0, -0.991803, 4.956046, 0.0, 1.0, 0.0, 0.730165, 0.0, 0.0, 0.0, 1.0],
                [0.992093, 0.0, -0.125506, -5e-06, -0.125506, 0.0, -0.992093, 4.956046, 0.0, 1.0, 0.0, 0.73006, 0.0, 0.0, 0.0, 1.0],
                [0.992367, 0.0, -0.123316, -5e-06, -0.123316, 0.0, -0.992367, 4.956046, 0.0, 1.0, 0.0, 0.729955, 0.0, 0.0, 0.0, 1.0],
                [0.992628, 0.0, -0.121204, -5e-06, -0.121204, 0.0, -0.992628, 4.956046, 0.0, 1.0, 0.0, 0.729851, 0.0, 0.0, 0.0, 1.0],
                [0.992874, 0.0, -0.119169, -5e-06, -0.119169, 0.0, -0.992874, 4.956046, 0.0, 1.0, 0.0, 0.729748, 0.0, 0.0, 0.0, 1.0],
                [0.993107, 0.0, -0.117209, -5e-06, -0.117209, 0.0, -0.993107, 4.956046, 0.0, 1.0, 0.0, 0.729646, 0.0, 0.0, 0.0, 1.0],
                [0.993328, 0.0, -0.115322, -5e-06, -0.115322, 0.0, -0.993328, 4.956046, 0.0, 1.0, 0.0, 0.729545, 0.0, 0.0, 0.0, 1.0],
                [0.993537, 0.0, -0.113508, -5e-06, -0.113508, 0.0, -0.993537, 4.956046, 0.0, 1.0, 0.0, 0.729444, 0.0, 0.0, 0.0, 1.0],
                [0.993735, 0.0, -0.111764, -5e-06, -0.111764, 0.0, -0.993735, 4.956046, 0.0, 1.0, 0.0, 0.729345, 0.0, 0.0, 0.0, 1.0],
                [0.993922, 0.0, -0.11009, -5e-06, -0.11009, 0.0, -0.993922, 4.956046, 0.0, 1.0, 0.0, 0.729246, 0.0, 0.0, 0.0, 1.0],
                [0.994098, 0.0, -0.108483, -5e-06, -0.108483, 0.0, -0.994098, 4.956046, 0.0, 1.0, 0.0, 0.729149, 0.0, 0.0, 0.0, 1.0],
                [0.994265, 0.0, -0.106943, -5e-06, -0.106943, 0.0, -0.994265, 4.956046, 0.0, 1.0, 0.0, 0.729052, 0.0, 0.0, 0.0, 1.0],
                [0.994423, 0.0, -0.105468, -5e-06, -0.105468, 0.0, -0.994423, 4.956046, 0.0, 1.0, 0.0, 0.728957, 0.0, 0.0, 0.0, 1.0],
                [0.994571, 0.0, -0.104056, -5e-06, -0.104056, 0.0, -0.994571, 4.956046, 0.0, 1.0, 0.0, 0.728863, 0.0, 0.0, 0.0, 1.0],
                [0.994712, 0.0, -0.102706, -5e-06, -0.102706, 0.0, -0.994712, 4.956046, 0.0, 1.0, 0.0, 0.72877, 0.0, 0.0, 0.0, 1.0],
                [0.994844, 0.0, -0.101417, -5e-06, -0.101417, 0.0, -0.994844, 4.956046, 0.0, 1.0, 0.0, 0.728679, 0.0, 0.0, 0.0, 1.0],
                [0.994969, 0.0, -0.100188, -5e-06, -0.100188, 0.0, -0.994969, 4.956046, 0.0, 1.0, 0.0, 0.728588, 0.0, 0.0, 0.0, 1.0],
                [0.995086, 0.0, -0.099016, -5e-06, -0.099016, 0.0, -0.995086, 4.956046, 0.0, 1.0, 0.0, 0.728499, 0.0, 0.0, 0.0, 1.0],
                [0.995196, 0.0, -0.0979, -5e-06, -0.0979, 0.0, -0.995196, 4.956046, 0.0, 1.0, 0.0, 0.728412, 0.0, 0.0, 0.0, 1.0],
                [0.9953, 0.0, -0.096839, -5e-06, -0.096839, 0.0, -0.9953, 4.956046, 0.0, 1.0, 0.0, 0.728326, 0.0, 0.0, 0.0, 1.0],
                [0.995398, 0.0, -0.095832, -5e-06, -0.095832, 0.0, -0.995398, 4.956046, 0.0, 1.0, 0.0, 0.728241, 0.0, 0.0, 0.0, 1.0],
                [0.995489, 0.0, -0.094876, -5e-06, -0.094876, 0.0, -0.995489, 4.956046, 0.0, 1.0, 0.0, 0.728158, 0.0, 0.0, 0.0, 1.0],
                [0.995575, 0.0, -0.093971, -5e-06, -0.093971, 0.0, -0.995575, 4.956046, 0.0, 1.0, 0.0, 0.728076, 0.0, 0.0, 0.0, 1.0],
                [0.995655, 0.0, -0.093116, -5e-06, -0.093116, 0.0, -0.995655, 4.956046, 0.0, 1.0, 0.0, 0.727996, 0.0, 0.0, 0.0, 1.0],
                [0.99573, 0.0, -0.092308, -5e-06, -0.092308, 0.0, -0.99573, 4.956046, 0.0, 1.0, 0.0, 0.727917, 0.0, 0.0, 0.0, 1.0],
                [0.995801, 0.0, -0.091547, -5e-06, -0.091547, 0.0, -0.995801, 4.956046, 0.0, 1.0, 0.0, 0.727841, 0.0, 0.0, 0.0, 1.0],
                [0.995866, 0.0, -0.09083, -5e-06, -0.09083, 0.0, -0.995866, 4.956046, 0.0, 1.0, 0.0, 0.727765, 0.0, 0.0, 0.0, 1.0],
                [0.995928, 0.0, -0.090157, -5e-06, -0.090157, 0.0, -0.995928, 4.956046, 0.0, 1.0, 0.0, 0.727692, 0.0, 0.0, 0.0, 1.0],
                [0.995984, 0.0, -0.089527, -5e-06, -0.089527, 0.0, -0.995984, 4.956046, 0.0, 1.0, 0.0, 0.72762, 0.0, 0.0, 0.0, 1.0],
                [0.996037, 0.0, -0.088937, -5e-06, -0.088937, 0.0, -0.996037, 4.956046, 0.0, 1.0, 0.0, 0.727551, 0.0, 0.0, 0.0, 1.0],
                [0.996086, 0.0, -0.088386, -5e-06, -0.088386, 0.0, -0.996086, 4.956046, 0.0, 1.0, 0.0, 0.727483, 0.0, 0.0, 0.0, 1.0],
                [0.996132, 0.0, -0.087873, -5e-06, -0.087873, 0.0, -0.996132, 4.956046, 0.0, 1.0, 0.0, 0.727417, 0.0, 0.0, 0.0, 1.0],
                [0.996174, 0.0, -0.087397, -5e-06, -0.087397, 0.0, -0.996174, 4.956046, 0.0, 1.0, 0.0, 0.727353, 0.0, 0.0, 0.0, 1.0],
                [0.996212, 0.0, -0.086956, -5e-06, -0.086956, 0.0, -0.996212, 4.956046, 0.0, 1.0, 0.0, 0.727291, 0.0, 0.0, 0.0, 1.0],
                [0.996248, 0.0, -0.086549, -5e-06, -0.086549, 0.0, -0.996248, 4.956046, 0.0, 1.0, 0.0, 0.727231, 0.0, 0.0, 0.0, 1.0],
                [0.99628, 0.0, -0.086175, -5e-06, -0.086175, 0.0, -0.99628, 4.956046, 0.0, 1.0, 0.0, 0.727173, 0.0, 0.0, 0.0, 1.0],
                [0.99631, 0.0, -0.085831, -5e-06, -0.085831, 0.0, -0.99631, 4.956046, 0.0, 1.0, 0.0, 0.727117, 0.0, 0.0, 0.0, 1.0],
                [0.996337, 0.0, -0.085517, -5e-06, -0.085517, 0.0, -0.996337, 4.956046, 0.0, 1.0, 0.0, 0.727064, 0.0, 0.0, 0.0, 1.0],
                [0.996361, 0.0, -0.085232, -5e-06, -0.085232, 0.0, -0.996361, 4.956046, 0.0, 1.0, 0.0, 0.727012, 0.0, 0.0, 0.0, 1.0],
                [0.996383, 0.0, -0.084973, -5e-06, -0.084973, 0.0, -0.996383, 4.956046, 0.0, 1.0, 0.0, 0.726963, 0.0, 0.0, 0.0, 1.0],
                [0.996403, 0.0, -0.084741, -5e-06, -0.084741, 0.0, -0.996403, 4.956046, 0.0, 1.0, 0.0, 0.726916, 0.0, 0.0, 0.0, 1.0],
                [0.996421, 0.0, -0.084532, -5e-06, -0.084532, 0.0, -0.996421, 4.956046, 0.0, 1.0, 0.0, 0.726872, 0.0, 0.0, 0.0, 1.0],
                [0.996436, 0.0, -0.084346, -5e-06, -0.084346, 0.0, -0.996436, 4.956046, 0.0, 1.0, 0.0, 0.72683, 0.0, 0.0, 0.0, 1.0],
                [0.99645, 0.0, -0.084183, -5e-06, -0.084183, 0.0, -0.99645, 4.956046, 0.0, 1.0, 0.0, 0.72679, 0.0, 0.0, 0.0, 1.0],
                [0.996462, 0.0, -0.084039, -5e-06, -0.084039, 0.0, -0.996462, 4.956046, 0.0, 1.0, 0.0, 0.726753, 0.0, 0.0, 0.0, 1.0],
                [0.996473, 0.0, -0.083914, -5e-06, -0.083914, 0.0, -0.996473, 4.956046, 0.0, 1.0, 0.0, 0.726718, 0.0, 0.0, 0.0, 1.0],
                [0.996482, 0.0, -0.083807, -5e-06, -0.083807, 0.0, -0.996482, 4.956046, 0.0, 1.0, 0.0, 0.726686, 0.0, 0.0, 0.0, 1.0],
                [0.99649, 0.0, -0.083716, -5e-06, -0.083716, 0.0, -0.99649, 4.956046, 0.0, 1.0, 0.0, 0.726656, 0.0, 0.0, 0.0, 1.0],
                [0.996496, 0.0, -0.08364, -5e-06, -0.08364, 0.0, -0.996496, 4.956046, 0.0, 1.0, 0.0, 0.726629, 0.0, 0.0, 0.0, 1.0],
                [0.996501, 0.0, -0.083578, -5e-06, -0.083578, 0.0, -0.996501, 4.956046, 0.0, 1.0, 0.0, 0.726605, 0.0, 0.0, 0.0, 1.0],
                [0.996505, 0.0, -0.083528, -5e-06, -0.083528, 0.0, -0.996505, 4.956046, 0.0, 1.0, 0.0, 0.726583, 0.0, 0.0, 0.0, 1.0],
                [0.996509, 0.0, -0.083489, -5e-06, -0.083489, 0.0, -0.996509, 4.956046, 0.0, 1.0, 0.0, 0.726564, 0.0, 0.0, 0.0, 1.0],
                [0.996511, 0.0, -0.083459, -5e-06, -0.083459, 0.0, -0.996511, 4.956046, 0.0, 1.0, 0.0, 0.726548, 0.0, 0.0, 0.0, 1.0],
                [0.996513, 0.0, -0.083438, -5e-06, -0.083438, 0.0, -0.996513, 4.956046, 0.0, 1.0, 0.0, 0.726535, 0.0, 0.0, 0.0, 1.0],
                [0.996514, 0.0, -0.083424, -5e-06, -0.083424, 0.0, -0.996514, 4.956046, 0.0, 1.0, 0.0, 0.726525, 0.0, 0.0, 0.0, 1.0],
                [0.996515, 0.0, -0.083415, -5e-06, -0.083415, 0.0, -0.996515, 4.956046, 0.0, 1.0, 0.0, 0.726517, 0.0, 0.0, 0.0, 1.0],
                [0.996515, 0.0, -0.083411, -5e-06, -0.083411, 0.0, -0.996515, 4.956046, 0.0, 1.0, 0.0, 0.726513, 0.0, 0.0, 0.0, 1.0],
                [0.996515, 0.0, -0.08341, -5e-06, -0.08341, 0.0, -0.996515, 4.956046, 0.0, 1.0, 0.0, 0.726511, 0.0, 0.0, 0.0, 1.0]
            ]
        },
        {
            "name": "Thigh_R",
            "time": [0.0, 0.0167, 0.0333, 0.05, 0.0667, 0.0833, 0.1, 0.1167, 0.1333, 0.15, 0.1667, 0.1833, 0.2, 0.2167, 0.2333, 0.25, 0.2667, 0.2833, 0.3, 0.3167, 0.3333, 0.35, 0.3667, 0.3833, 0.4, 0.4167, 0.4333, 0.45, 0.4667, 0.4833, 0.5, 0.5167, 0.5333, 0.55, 0.5667, 0.5833, 0.6, 0.6167, 0.6333, 0.65, 0.6667, 0.6833, 0.7, 0.7167, 0.7333, 0.75, 0.7667, 0.7833, 0.8, 0.8167, 0.8333, 0.85, 0.8667, 0.8833, 0.9, 0.9167, 0.9333, 0.95, 0.9667, 0.9833, 1.0, 1.0167, 1.0333, 1.05, 1.0667, 1.0833, 1.1, 1.1167, 1.1333, 1.15, 1.1667, 1.1833, 1.2, 1.2167, 1.2333, 1.25, 1.2667, 1.2833, 1.3, 1.3167, 1.3333, 1.35, 1.3667, 1.3833, 1.4, 1.4167, 1.4333, 1.45, 1.4667, 1.4833, 1.5, 1.5167, 1.5333, 1.55, 1.5667, 1.5833, 1.6, 1.6167, 1.6333, 1.65, 1.6667, 1.6833, 1.7, 1.7167, 1.7333, 1.75, 1.7667, 1.7833, 1.8, 1.8167, 1.8333, 1.85, 1.8667, 1.8833, 1.9, 1.9167, 1.9333, 1.95, 1.9667, 1.9833, 2.0, 2.0167, 2.0333, 2.05, 2.0667, 2.0833, 2.1, 2.1167, 2.1333, 2.15, 2.1667, 2.1833, 2.2, 2.2167, 2.2333, 2.25, 2.2667, 2.2833, 2.3, 2.3167, 2.3333, 2.35, 2.3667, 2.3833, 2.4, 2.4167, 2.4333, 2.45, 2.4667, 2.4833, 2.5, 2.5167, 2.5333, 2.55, 2.5667, 2.5833, 2.6, 2.6167, 2.6333, 2.65, 2.6667, 2.6833, 2.7, 2.7167, 2.7333, 2.75, 2.7667, 2.7833, 2.8, 2.8167, 2.8333, 2.85, 2.8667, 2.8833, 2.9, 2.9167, 2.9333, 2.95, 2.9667, 2.9833, 3.0, 3.0167, 3.0333, 3.05, 3.0667, 3.0833, 3.1, 3.1167, 3.1333, 3.15, 3.1667, 3.1833, 3.2, 3.2167, 3.2333, 3.25, 3.2667, 3.2833, 3.3, 3.3167],
            "transform": [
                [0.256033, -0.340763, 0.904615, 0.124994, 0.708871, -0.570059, -0.415371, -0.002831, 0.657228, 0.747602, 0.095603, -1.2e-05, 0.0, 0.0, 0.0, 1.0],
                [0.254122, -0.331168, 0.908708, 0.124994, 0.700098, -0.585252, -0.409073, -0.002831, 0.667296, 0.740138, 0.083125, -1.2e-05, 0.0, 0.0, 0.0, 1.0],
                [0.250217, -0.303856, 0.919273, 0.124994, 0.674624, -0.626317, -0.390649, -0.002831, 0.694458, 0.71791, 0.048273, -1.2e-05, 0.0, 0.0, 0.0, 1.0],
                [0.24774, -0.26083, 0.933056, 0.124994, 0.633031, -0.685481, -0.359701, -0.002831, 0.733414, 0.679765, -0.004708, -1.2e-05, 0.0, 0.0, 0.0, 1.0],
                [0.250484, -0.204653, 0.946243, 0.124994, 0.576197, -0.753923, -0.315586, -0.002831, 0.77798, 0.624271, -0.070926, -1.2e-05, 0.0, 0.0, 0.0, 1.0],
                [0.26187, -0.139174, 0.955016, 0.124994, 0.506489, -0.822506, -0.258745, -0.002831, 0.821518, 0.551462, -0.1449, -1.2e-05, 0.0, 0.0, 0.0, 1.0],
                [0.28416, -0.069623, 0.956246, 0.124994, 0.42831, -0.883089, -0.191574, -0.002831, 0.85779, 0.464007, -0.221119, -1.2e-05, 0.0, 0.0, 0.0, 1.0],
                [0.317926, -0.001992, 0.948114, 0.124994, 0.347774, -0.930049, -0.118571, -0.002831, 0.882029, 0.367425, -0.294995, -1.2e-05, 0.0, 0.0, 0.0, 1.0],
                [0.362027, 0.058029, 0.93036, 0.124994, 0.271658, -0.961304, -0.04575, -0.002831, 0.891705, 0.269302, -0.363783, -1.2e-05, 0.0, 0.0, 0.0, 1.0],
                [0.414145, 0.106039, 0.904013, 0.124994, 0.206153, -0.978307, 0.020311, -0.002831, 0.886557, 0.177954, -0.427022, -1.2e-05, 0.0, 0.0, 0.0, 1.0],
                [0.471599, 0.139409, 0.870724, 0.124994, 0.155995, -0.985038, 0.073223, -0.002831, 0.867905, 0.101297, -0.486291, -1.2e-05, 0.0, 0.0, 0.0, 1.0],
                [0.552976, 0.159679, 0.817753, 0.124994, 0.125289, -0.986238, 0.107858, -0.002831, 0.823723, 0.042813, -0.565373, -1.2e-05, 0.0, 0.0, 0.0, 1.0],
                [0.667115, 0.1698, 0.725345, 0.124994, 0.112366, -0.98547, 0.127351, -0.002831, 0.736431, -0.003453, -0.676504, -1.2e-05, 0.0, 0.0, 0.0, 1.0],
                [0.793001, 0.170864, 0.584769, 0.124994, 0.111896, -0.984383, 0.135888, -0.002831, 0.598856, -0.042326, -0.799738, -1.2e-05, 0.0, 0.0, 0.0, 1.0],
                [0.903934, 0.164072, 0.394947, 0.124994, 0.1186, -0.983429, 0.137101, -0.002831, 0.410898, -0.077088, -0.908417, -1.2e-05, 0.0, 0.0, 0.0, 1.0],
                [0.973824, 0.150579, 0.170272, 0.124994, 0.128123, -0.982386, 0.136006, -0.002831, 0.187753, -0.11063, -0.975966, -1.2e-05, 0.0, 0.0, 0.0, 1.0],
                [0.989537, 0.13125, -0.059908, 0.124994, 0.138492, -0.980503, 0.139388, -0.002831, -0.040445, -0.146226, -0.988424, -1.2e-05, 0.0, 0.0, 0.0, 1.0],
                [0.958934, 0.106448, -0.262893, 0.124994, 0.150772, -0.976403, 0.154598, -0.002831, -0.240234, -0.187886, -0.952359, -1.2e-05, 0.0, 0.0, 0.0, 1.0],
                [0.906275, 0.076254, -0.415753, 0.124994, 0.167803, -0.967668, 0.188301, -0.002831, -0.387952, -0.240416, -0.889771, -1.2e-05, 0.0, 0.0, 0.0, 1.0],
                [0.860097, 0.041468, -0.508441, 0.124994, 0.191573, -0.949994, 0.246591, -0.002831, -0.472791, -0.309495, -0.825034, -1.2e-05, 0.0, 0.0, 0.0, 1.0],
                [0.843645, 0.005715, -0.53687, 0.124994, 0.219991, -0.915827, 0.335948, -0.002831, -0.489761, -0.401527, -0.773893, -1.2e-05, 0.0, 0.0, 0.0, 1.0],
                [0.873026, 0.008804, -0.487594, 0.124994, 0.27003, -0.841298, 0.468293, -0.002831, -0.40609, -0.540496, -0.736854, -1.2e-05, 0.0, 0.0, 0.0, 1.0],
                [0.921402, 0.0838, -0.379468, 0.124994, 0.323267, -0.707219, 0.628759, -0.002831, -0.215677, -0.702007, -0.678725, -1.2e-05, 0.0, 0.0, 0.0, 1.0],
                [0.942463, 0.209092, -0.260851, 0.124994, 0.333624, -0.538328, 0.773885, -0.002831, 0.02139, -0.816382, -0.577114, -1.2e-05, 0.0, 0.0, 0.0, 1.0],
                [0.928, 0.328214, -0.176323, 0.124994, 0.304555, -0.395639, 0.866439, -0.002831, 0.214617, -0.857754, -0.467114, -1.2e-05, 0.0, 0.0, 0.0, 1.0],
                [0.913675, 0.379328, -0.145968, 0.124994, 0.283726, -0.338105, 0.897321, -0.002831, 0.291026, -0.861273, -0.416544, -1.2e-05, 0.0, 0.0, 0.0, 1.0],
                [0.945284, 0.306442, -0.111943, 0.124994, 0.244048, -0.436468, 0.865988, -0.002831, 0.216515, -0.845922, -0.487374, -1.2e-05, 0.0, 0.0, 0.0, 1.0],
                [0.98474, 0.160439, -0.067417, 0.124994, 0.153496, -0.618184, 0.7709, -0.002831, 0.082007, -0.769482, -0.63338, -1.2e-05, 0.0, 0.0, 0.0, 1.0],
                [0.994999, 0.078243, -0.062082, 0.124994, 0.099803, -0.754279, 0.648923, -0.002831, 0.003947, -0.651872, -0.758318, -1.2e-05, 0.0, 0.0, 0.0, 1.0],
                [0.990731, 0.10884, -0.081276, 0.124994, 0.135591, -0.828418, 0.543448, -0.002831, -0.008182, -0.549429, -0.8355, -1.2e-05, 0.0, 0.0, 0.0, 1.0],
                [0.976017, 0.190847, -0.104722, 0.124994, 0.217646, -0.865227, 0.451674, -0.002831, -0.004408, -0.463633, -0.886016, -1.2e-05, 0.0, 0.0, 0.0, 1.0],
                [0.943919, 0.305437, -0.125393, 0.124994, 0.330111, -0.865534, 0.376662, -0.002831, 0.006515, -0.396931, -0.917825, -1.2e-05, 0.0, 0.0, 0.0, 1.0],
                [0.89154, 0.430338, -0.141294, 0.124994, 0.452515, -0.832722, 0.319063, -0.002831, 0.019646, -0.348395, -0.937142, -1.2e-05, 0.0, 0.0, 0.0, 1.0],
                [0.824491, 0.544673, -0.153444, 0.124994, 0.564962, -0.776924, 0.277855, -0.002831, 0.032126, -0.315778, -0.948289, -1.2e-05, 0.0, 0.0, 0.0, 1.0],
                [0.756117, 0.63358, -0.163895, 0.124994, 0.653105, -0.714571, 0.250677, -0.002831, 0.041709, -0.296581, -0.954097, -1.2e-05, 0.0, 0.0, 0.0, 1.0],
                [0.703191, 0.689302, -0.17431, 0.124994, 0.709525, -0.664524, 0.234478, -0.002831, 0.045793, -0.288559, -0.956366, -1.2e-05, 0.0, 0.0, 0.0, 1.0],
                [0.681715, 0.707743, -0.18537, 0.124994, 0.730483, -0.644345, 0.226299, -0.002831, 0.040719, -0.28968, -0.956257, -1.2e-05, 0.0, 0.0, 0.0, 1.0],
                [0.683912, 0.70151, -0.200365, 0.124994, 0.729048, -0.646814, 0.223871, -0.002831, 0.027448, -0.299183, -0.953801, -1.2e-05, 0.0, 0.0, 0.0, 1.0],
                [0.691998, 0.686932, -0.221948, 0.124994, 0.721825, -0.653998, 0.226392, -0.002831, 0.010362, -0.316869, -0.948413, -1.2e-05, 0.0, 0.0, 0.0, 1.0],
                [0.704749, 0.664335, -0.24897, 0.124994, 0.709381, -0.664985, 0.233607, -0.002831, -0.010369, -0.341248, -0.939916, -1.2e-05, 0.0, 0.0, 0.0, 1.0],
                [0.720843, 0.63396, -0.280138, 0.124994, 0.692232, -0.678705, 0.245297, -0.002831, -0.034623, -0.370741, -0.928091, -1.2e-05, 0.0, 0.0, 0.0, 1.0],
                [0.738917, 0.596136, -0.314042, 0.124994, 0.670916, -0.694004, 0.261203, -0.002831, -0.062234, -0.403702, -0.912771, -1.2e-05, 0.0, 0.0, 0.0, 1.0],
                [0.757627, 0.551415, -0.349201, 0.124994, 0.646041, -0.709713, 0.280956, -0.002831, -0.092909, -0.438457, -0.893937, -1.2e-05, 0.0, 0.0, 0.0, 1.0],
                [0.775732, 0.500674, -0.38414, 0.124994, 0.618319, -0.724735, 0.304035, -0.002831, -0.126178, -0.47337, -0.87178, -1.2e-05, 0.0, 0.0, 0.0, 1.0],
                [0.792177, 0.44516, -0.417476, 0.124994, 0.588571, -0.738139, 0.329746, -0.002831, -0.161366, -0.50693, -0.846748, -1.2e-05, 0.0, 0.0, 0.0, 1.0],
                [0.806176, 0.38647, -0.448018, 0.124994, 0.557701, -0.749235, 0.357232, -0.002831, -0.197611, -0.537851, -0.819552, -1.2e-05, 0.0, 0.0, 0.0, 1.0],
                [0.817264, 0.326487, -0.474853, 0.124994, 0.526659, -0.757633, 0.385512, -0.002831, -0.2339, -0.565149, -0.791136, -1.1e-05, 0.0, 0.0, 0.0, 1.0],
                [0.825328, 0.267265, -0.497395, 0.124994, 0.49639, -0.763274, 0.41353, -0.002831, -0.269128, -0.588199, -0.762621, -1.2e-05, 0.0, 0.0, 0.0, 1.0],
                [0.830588, 0.210912, -0.515403, 0.124994, 0.467782, -0.766411, 0.440216, -0.002831, -0.302164, -0.606733, -0.735235, -1.2e-05, 0.0, 0.0, 0.0, 1.0],
                [0.833541, 0.15948, -0.528938, 0.124994, 0.441639, -0.767565, 0.464539, -0.002831, -0.331911, -0.62081, -0.710231, -1.2e-05, 0.0, 0.0, 0.0, 1.0],
                [0.834886, 0.114891, -0.538298, 0.124994, 0.418662, -0.767449, 0.485533, -0.002831, -0.357334, -0.630728, -0.688835, -1.2e-05, 0.0, 0.0, 0.0, 1.0],
                [0.835426, 0.078913, -0.543908, 0.124994, 0.39947, -0.76688, 0.502311, -0.002831, -0.377474, -0.636917, -0.672197, -1.2e-05, 0.0, 0.0, 0.0, 1.0],
                [0.835963, 0.053176, -0.546203, 0.124994, 0.384637, -0.766688, 0.514044, -0.002831, -0.391433, -0.63981, -0.661378, -1.2e-05, 0.0, 0.0, 0.0, 1.0],
                [0.837196, 0.039232, -0.545493, 0.124994, 0.374743, -0.767618, 0.51993, -0.002831, -0.398333, -0.639702, -0.657351, -1.2e-05, 0.0, 0.0, 0.0, 1.0],
                [0.839071, 0.031964, -0.543082, 0.124994, 0.367483, -0.769391, 0.522485, -0.002831, -0.401142, -0.637974, -0.657322, -1.2e-05, 0.0, 0.0, 0.0, 1.0],
                [0.841163, 0.025219, -0.540192, 0.124994, 0.360128, -0.771313, 0.524767, -0.002831, -0.403424, -0.635952, -0.657885, -1.2e-05, 0.0, 0.0, 0.0, 1.0],
                [0.84347, 0.018983, -0.53684, 0.124994, 0.35268, -0.773384, 0.526775, -0.002831, -0.405185, -0.63365, -0.659023, -1.2e-05, 0.0, 0.0, 0.0, 1.0],
                [0.845987, 0.013239, -0.533039, 0.124994, 0.345139, -0.775601, 0.528507, -0.002831, -0.406429, -0.631081, -0.66072, -1.1e-05, 0.0, 0.0, 0.0, 1.0],
                [0.848709, 0.007974, -0.5288, 0.124994, 0.337508, -0.777964, 0.52996, -0.002831, -0.407162, -0.628255, -0.662958, -1.2e-05, 0.0, 0.0, 0.0, 1.0],
                [0.851629, 0.00317, -0.524135, 0.124994, 0.329791, -0.78047, 0.531133, -0.002831, -0.407388, -0.625182, -0.665719, -1.2e-05, 0.0, 0.0, 0.0, 1.0],
                [0.854741, -0.001187, -0.519053, 0.124994, 0.321989, -0.783117, 0.532022, -0.002831, -0.407111, -0.621869, -0.668983, -1.2e-05, 0.0, 0.0, 0.0, 1.0],
                [0.858037, -0.005114, -0.513562, 0.124994, 0.314109, -0.785903, 0.532625, -0.002831, -0.406335, -0.618325, -0.672729, -1.2e-05, 0.0, 0.0, 0.0, 1.0],
                [0.861507, -0.008627, -0.507672, 0.124994, 0.306153, -0.788824, 0.532939, -0.002831, -0.405063, -0.614555, -0.676938, -1.2e-05, 0.0, 0.0, 0.0, 1.0],
