{
    "animation": [
        {
            "name": "Root",
            "time": [0.0, 0.0167, 0.0333, 0.05, 0.0667, 0.0833, 0.1, 0.1167, 0.1333, 0.15, 0.1667, 0.1833, 0.2, 0.2167, 0.2333, 0.25, 0.2667, 0.2833, 0.3, 0.3167, 0.3333, 0.35, 0.3667, 0.3833, 0.4, 0.4167, 0.4333, 0.45, 0.4667, 0.4833, 0.5, 0.5167, 0.5333, 0.55, 0.5667, 0.5833, 0.6, 0.6167, 0.6333, 0.65, 0.6667, 0.6833, 0.7, 0.7167, 0.7333, 0.75, 0.7667, 0.7833, 0.8, 0.8167, 0.8333, 0.85, 0.8667, 0.8833, 0.9, 0.9167, 0.9333, 0.95, 0.9667, 0.9833, 1.0, 1.0167, 1.0333, 1.05, 1.0667, 1.0833, 1.1, 1.1167, 1.1333, 1.15, 1.1667, 1.1833, 1.2, 1.2167, 1.2333, 1.25, 1.2667, 1.2833, 1.3, 1.3167, 1.3333, 1.35, 1.3667, 1.3833, 1.4, 1.4167, 1.4333, 1.45, 1.4667, 1.4833, 1.5, 1.5167, 1.5333, 1.55, 1.5667, 1.5833, 1.6, 1.6167, 1.6333, 1.65, 1.6667, 1.6833, 1.7, 1.7167, 1.7333, 1.75, 1.7667, 1.7833, 1.8, 1.8167, 1.8333, 1.85, 1.8667, 1.8833, 1.9, 1.9167, 1.9333, 1.95, 1.9667, 1.9833, 2.0, 2.0167, 2.0333, 2.05, 2.0667, 2.0833, 2.1, 2.1167, 2.1333, 2.15, 2.1667, 2.1833, 2.2, 2.2167, 2.2333, 2.25, 2.2667, 2.2833, 2.3, 2.3167, 2.3333, 2.35, 2.3667, 2.3833, 2.4, 2.4167, 2.4333, 2.45, 2.4667, 2.4833, 2.5, 2.5167, 2.5333, 2.55, 2.5667, 2.5833, 2.6, 2.6167, 2.6333, 2.65, 2.6667, 2.6833, 2.7, 2.7167, 2.7333, 2.75, 2.7667, 2.7833, 2.8, 2.8167, 2.8333, 2.85, 2.8667, 2.8833, 2.9, 2.9167, 2.9333, 2.95, 2.9667, 2.9833, 3.0, 3.0167, 3.0333, 3.05, 3.0667, 3.0833, 3.1, 3.1167, 3.1333, 3.15, 3.1667, 3.1833, 3.2, 3.2167, 3.2333, 3.25, 3.2667, 3.2833, 3.3, 3.3167],
            "transform": [
                [0.36385, 0.0, 0.931458, -5e-06, 0.931458, 0.0, -0.36385, 0.000946, 0.0, 1.0, 0.0, 0.70557, 0.0, 0.0, 0.0, 1.0],
                [0.358316, 0.0, 0.933601, 0.001142, 0.933601, 0.0, -0.358316, 0.002198, 0.0, 1.0, 0.0, 0.70557, 0.0, 0.0, 0.0, 1.0],
                [0.342409, 0.0, 0.939551, 0.004369, 0.939551, 0.0, -0.342409, 0.005761, 0.0, 1.0, 0.0, 0.70557, 0.0, 0.0, 0.0, 1.0],
                [0.317203, 0.0, 0.948357, 0.009355, 0.948357, 0.0, -0.317203, 0.011346, 0.0, 1.0, 0.0, 0.70557, 0.0, 0.0, 0.0, 1.0],
                [0.283767, 0.0, 0.958893, 0.015782, 0.958893, 0.0, -0.283767, 0.018665, 0.0, 1.0, 0.0, 0.70557, 0.0, 0.0, 0.0, 1.0],
                [0.243131, 0.0, 0.969993, 0.023329, 0.969993, 0.0, -0.243131, 0.027428, 0.0, 1.0, 0.0, 0.70557, 0.0, 0.0, 0.0, 1.0],
                [0.196261, 0.0, 0.980552, 0.031675, 0.980552, 0.0, -0.196261, 0.037346, 0.0, 1.0, 0.0, 0.70557, 0.0, 0.0, 0.0, 1.0],
                [0.144019, 0.0, 0.989575, 0.040502, 0.989575, 0.0, -0.144019, 0.048132, 0.0, 1.0, 0.0, 0.70557, 0.0, 0.0, 0.0, 1.0],
                [0.087143, 0.0, 0.996196, 0.049489, 0.996196, 0.0, -0.087143, 0.059495, 0.0, 1.0, 0.0, 0.70557, 0.0, 0.0, 0.0, 1.0],
                [0.026207, 0.0, 0.999656, 0.058315, 0.999656, 0.0, -0.026207, 0.071146, 0.0, 1.0, 0.0, 0.70557, 0.0, 0.0, 0.0, 1.0],
                [-0.038398, 0.0, 0.999263, 0.066662, 0.999263, 0.0, 0.038398, 0.082798, 0.0, 1.0, 0.0, 0.70557, 0.0, 0.0, 0.0, 1.0],
                [-0.106488, 0.0, 0.994314, 0.074209, 0.994314, 0.0, 0.106488, 0.094161, 0.0, 1.0, 0.0, 0.70557, 0.0, 0.0, 0.0, 1.0],
                [-0.178105, 0.0, 0.984012, 0.080635, 0.984012, 0.0, 0.178105, 0.104946, 0.0, 1.0, 0.0, 0.70557, 0.0, 0.0, 0.0, 1.0],
                [-0.253526, 0.0, 0.967329, 0.085622, 0.967329, 0.0, 0.253526, 0.114865, 0.0, 1.0, 0.0, 0.70557, 0.0, 0.0, 0.0, 1.0],
                [-0.333269, 0.0, 0.942832, 0.088849, 0.942832, 0.0, 0.333269, 0.123628, 0.0, 1.0, 0.0, 0.70557, 0.0, 0.0, 0.0, 1.0],
                [-0.418074, 0.0, 0.908413, 0.089995, 0.908413, 0.0, 0.418074, 0.130946, 0.0, 1.0, 0.0, 0.70557, 0.0, 0.0, 0.0, 1.0],
                [-0.512058, 0.0, 0.858951, 0.089995, 0.858951, 0.0, 0.512058, 0.136698, 0.0, 1.0, 0.0, 0.70557, 0.0, 0.0, 0.0, 1.0],
                [-0.616147, 0.0, 0.787631, 0.089995, 0.787631, 0.0, 0.616147, 0.141426, 0.0, 1.0, 0.0, 0.70557, 0.0, 0.0, 0.0, 1.0],
                [-0.724569, 0.0, 0.689202, 0.089995, 0.689202, 0.0, 0.724569, 0.145841, 0.0, 1.0, 0.0, 0.70557, 0.0, 0.0, 0.0, 1.0],
                [-0.828723, 0.0, 0.559659, 0.089995, 0.559659, 0.0, 0.828723, 0.150653, 0.0, 1.0, 0.0, 0.70557, 0.0, 0.0, 0.0, 1.0],
                [-0.917384, 0.0, 0.398002, 0.089995, 0.398002, 0.0, 0.917384, 0.15657, 0.0, 1.0, 0.0, 0.70557, 0.0, 0.0, 0.0, 1.0],
                [-0.978116, 0.0, 0.208061, 0.089995, 0.208061, 0.0, 0.978116, 0.164305, 0.0, 1.0, 0.0, 0.70557, 0.0, 0.0, 0.0, 1.0],
                [-1.0, 0.0, -0.000614, 0.089995, -0.000614, 0.0, 1.0, 0.174565, 0.0, 1.0, 0.0, 0.70557, 0.0, 0.0, 0.0, 1.0],
                [-0.97688, 0.0, -0.213789, 0.089995, -0.213789, 0.0, 0.97688, 0.188062, 0.0, 1.0, 0.0, 0.70557, 0.0, 0.0, 0.0, 1.0],
                [-0.909521, 0.0, -0.415658, 0.089995, -0.415658, 0.0, 0.909521, 0.205506, 0.0, 1.0, 0.0, 0.70557, 0.0, 0.0, 0.0, 1.0],
                [-0.805372, 0.0, -0.59277, 0.089995, -0.59277, 0.0, 0.805372, 0.227605, 0.0, 1.0, 0.0, 0.70557, 0.0, 0.0, 0.0, 1.0],
                [-0.676047, 0.0, -0.736858, 0.089995, -0.736858, 0.0, 0.676047, 0.255071, 0.0, 1.0, 0.0, 0.70557, 0.0, 0.0, 0.0, 1.0],
                [-0.533971, 0.0, -0.845503, 0.089995, -0.845503, 0.0, 0.533971, 0.288613, 0.0, 1.0, 0.0, 0.70557, 0.0, 0.0, 0.0, 1.0],
                [-0.389759, 0.0, -0.920917, 0.089995, -0.920917, 0.0, 0.389759, 0.328941, 0.0, 1.0, 0.0, 0.70557, 0.0, 0.0, 0.0, 1.0],
                [-0.251005, 0.0, -0.967986, 0.089995, -0.967986, 0.0, 0.251005, 0.376765, 0.0, 1.0, 0.0, 0.70557, 0.0, 0.0, 0.0, 1.0],
                [-0.122264, 0.0, -0.992498, 0.089995, -0.992498, 0.0, 0.122264, 0.432795, 0.0, 1.0, 0.0, 0.70557, 0.0, 0.0, 0.0, 1.0],
                [0.011498, 0.0, -0.999934, 0.088081, -0.999934, 0.0, -0.011498, 0.514854, 0.0, 1.0, 0.0, 0.701863, 0.0, 0.0, 0.0, 1.0],
                [0.166058, 0.0, -0.986116, 0.082884, -0.986116, 0.0, -0.166058, 0.635018, 0.0, 1.0, 0.0, 0.691801, 0.0, 0.0, 0.0, 1.0],
                [0.33726, 0.0, -0.941411, 0.075225, -0.941411, 0.0, -0.33726, 0.78538, 0.0, 1.0, 0.0, 0.676973, 0.0, 0.0, 0.0, 1.0],
                [0.51607, 0.0, -0.856546, 0.065926, -0.856546, 0.0, -0.51607, 0.958031, 0.0, 1.0, 0.0, 0.658967, 0.0, 0.0, 0.0, 1.0],
                [0.687908, 0.0, -0.725798, 0.055806, -0.725798, 0.0, -0.687908, 1.145063, 0.0, 1.0, 0.0, 0.639372, 0.0, 0.0, 0.0, 1.0],
                [0.834511, 0.0, -0.550991, 0.045685, -0.550991, 0.0, -0.834511, 1.338567, 0.0, 1.0, 0.0, 0.619778, 0.0, 0.0, 0.0, 1.0],
                [0.938988, 0.0, -0.343949, 0.036386, -0.343949, 0.0, -0.938988, 1.530634, 0.0, 1.0, 0.0, 0.601772, 0.0, 0.0, 0.0, 1.0],
                [0.99219, 0.0, -0.124735, 0.028727, -0.124735, 0.0, -0.99219, 1.713357, 0.0, 1.0, 0.0, 0.586944, 0.0, 0.0, 0.0, 1.0],
                [0.996436, 0.0, 0.084354, 0.02353, 0.084354, 0.0, -0.996436, 1.878826, 0.0, 1.0, 0.0, 0.576882, 0.0, 0.0, 0.0, 1.0],
                [0.964113, 0.0, 0.265493, 0.021616, 0.265493, 0.0, -0.964113, 2.019135, 0.0, 1.0, 0.0, 0.573175, 0.0, 0.0, 0.0, 1.0],
                [0.911361, 0.0, 0.411608, 0.021616, 0.411608, 0.0, -0.911361, 2.13485, 0.0, 1.0, 0.0, 0.574975, 0.0, 0.0, 0.0, 1.0],
                [0.850061, 0.0, 0.526685, 0.021616, 0.526685, 0.0, -0.850061, 2.232801, 0.0, 1.0, 0.0, 0.579987, 0.0, 0.0, 0.0, 1.0],
                [0.787718, 0.0, 0.616036, 0.021616, 0.616036, 0.0, -0.787718, 2.314468, 0.0, 1.0, 0.0, 0.587626, 0.0, 0.0, 0.0, 1.0],
                [0.728699, 0.0, 0.684834, 0.021616, 0.684834, 0.0, -0.728699, 2.381331, 0.0, 1.0, 0.0, 0.597309, 0.0, 0.0, 0.0, 1.0],
                [0.675347, 0.0, 0.7375, 0.021616, 0.7375, 0.0, -0.675347, 2.434871, 0.0, 1.0, 0.0, 0.608452, 0.0, 0.0, 0.0, 1.0],
                [0.628784, 0.0, 0.77758, 0.021616, 0.77758, 0.0, -0.628784, 2.476568, 0.0, 1.0, 0.0, 0.620471, 0.0, 0.0, 0.0, 1.0],
                [0.589418, 0.0, 0.807828, 0.021616, 0.807828, 0.0, -0.589418, 2.507902, 0.0, 1.0, 0.0, 0.632781, 0.0, 0.0, 0.0, 1.0],
                [0.557258, 0.0, 0.83034, 0.021616, 0.83034, 0.0, -0.557258, 2.530355, 0.0, 1.0, 0.0, 0.6448, 0.0, 0.0, 0.0, 1.0],
                [0.532079, 0.0, 0.846695, 0.021616, 0.846695, 0.0, -0.532079, 2.545405, 0.0, 1.0, 0.0, 0.655943, 0.0, 0.0, 0.0, 1.0],
                [0.513508, 0.0, 0.858085, 0.021616, 0.858085, 0.0, -0.513508, 2.554534, 0.0, 1.0, 0.0, 0.665626, 0.0, 0.0, 0.0, 1.0],
                [0.501058, 0.0, 0.865414, 0.021616, 0.865414, 0.0, -0.501058, 2.559222, 0.0, 1.0, 0.0, 0.673265, 0.0, 0.0, 0.0, 1.0],
                [0.494128, 0.0, 0.869389, 0.021616, 0.869389, 0.0, -0.494128, 2.560949, 0.0, 1.0, 0.0, 0.678277, 0.0, 0.0, 0.0, 1.0],
                [0.491999, 0.0, 0.870596, 0.021616, 0.870596, 0.0, -0.491999, 2.561196, 0.0, 1.0, 0.0, 0.680077, 0.0, 0.0, 0.0, 1.0],
                [0.491999, 0.0, 0.870596, 0.021616, 0.870596, 0.0, -0.491999, 2.561196, 0.0, 1.0, 0.0, 0.680077, 0.0, 0.0, 0.0, 1.0],
                [0.491999, 0.0, 0.870596, 0.021616, 0.870596, 0.0, -0.491999, 2.561196, 0.0, 1.0, 0.0, 0.680077, 0.0, 0.0, 0.0, 1.0],
                [0.491999, 0.0, 0.870596, 0.021616, 0.870596, 0.0, -0.491999, 2.561196, 0.0, 1.0, 0.0, 0.680077, 0.0, 0.0, 0.0, 1.0],
                [0.491999, 0.0, 0.870596, 0.021616, 0.870596, 0.0, -0.491999, 2.561196, 0.0, 1.0, 0.0, 0.680077, 0.0, 0.0, 0.0, 1.0],
                [0.491999, 0.0, 0.870596, 0.021616, 0.870596, 0.0, -0.491999, 2.561196, 0.0, 1.0, 0.0, 0.680077, 0.0, 0.0, 0.0, 1.0],
                [0.491999, 0.0, 0.870596, 0.021616, 0.870596, 0.0, -0.491999, 2.561196, 0.0, 1.0, 0.0, 0.680077, 0.0, 0.0, 0.0, 1.0],
                [0.491999, 0.0, 0.870596, 0.021616, 0.870596, 0.0, -0.491999, 2.561196, 0.0, 1.0, 0.0, 0.680077, 0.0, 0.0, 0.0, 1.0],
                [0.493938, 0.0, 0.869497, 0.021884, 0.869497, 0.0, -0.493938, 2.561726, 0.0, 1.0, 0.0, 0.680334, 0.0, 0.0, 0.0, 1.0],
                [0.499612, 0.0, 0.866249, 0.022666, 0.866249, 0.0, -0.499612, 2.563269, 0.0, 1.0, 0.0, 0.681083, 0.0, 0.0, 0.0, 1.0],
                [0.508789, 0.0, 0.860891, 0.023924, 0.860891, 0.0, -0.508789, 2.565753, 0.0, 1.0, 0.0, 0.682287, 0.0, 0.0, 0.0, 1.0],
                [0.521222, 0.0, 0.853421, 0.025622, 0.853421, 0.0, -0.521222, 2.569105, 0.0, 1.0, 0.0, 0.683912, 0.0, 0.0, 0.0, 1.0],
                [0.536645, 0.0, 0.843808, 0.027723, 0.843808, 0.0, -0.536645, 2.573253, 0.0, 1.0, 0.0, 0.685924, 0.0, 0.0, 0.0, 1.0],
                [0.554779, 0.0, 0.831998, 0.03019, 0.831998, 0.0, -0.554779, 2.578124, 0.0, 1.0, 0.0, 0.688286, 0.0, 0.0, 0.0, 1.0],
                [0.575325, 0.0, 0.817925, 0.032987, 0.817925, 0.0, -0.575325, 2.583646, 0.0, 1.0, 0.0, 0.690963, 0.0, 0.0, 0.0, 1.0],
                [0.597968, 0.0, 0.80152, 0.036077, 0.80152, 0.0, -0.597968, 2.589747, 0.0, 1.0, 0.0, 0.693922, 0.0, 0.0, 0.0, 1.0],
                [0.622379, 0.0, 0.782716, 0.039423, 0.782716, 0.0, -0.622379, 2.596354, 0.0, 1.0, 0.0, 0.697125, 0.0, 0.0, 0.0, 1.0],
                [0.648212, 0.0, 0.76146, 0.04299, 0.76146, 0.0, -0.648212, 2.603395, 0.0, 1.0, 0.0, 0.70054, 0.0, 0.0, 0.0, 1.0],
                [0.675111, 0.0, 0.737716, 0.04674, 0.737716, 0.0, -0.675111, 2.610799, 0.0, 1.0, 0.0, 0.704129, 0.0, 0.0, 0.0, 1.0],
                [0.702709, 0.0, 0.711478, 0.050636, 0.711478, 0.0, -0.702709, 2.618491, 0.0, 1.0, 0.0, 0.707859, 0.0, 0.0, 0.0, 1.0],
                [0.730637, 0.0, 0.682766, 0.054642, 0.682766, 0.0, -0.730637, 2.6264, 0.0, 1.0, 0.0, 0.711695, 0.0, 0.0, 0.0, 1.0],
                [0.758527, 0.0, 0.651641, 0.058721, 0.651641, 0.0, -0.758527, 2.634455, 0.0, 1.0, 0.0, 0.7156, 0.0, 0.0, 0.0, 1.0],
                [0.78602, 0.0, 0.618201, 0.062837, 0.618201, 0.0, -0.78602, 2.642581, 0.0, 1.0, 0.0, 0.719541, 0.0, 0.0, 0.0, 1.0],
                [0.812772, 0.0, 0.582582, 0.066954, 0.582582, 0.0, -0.812772, 2.650707, 0.0, 1.0, 0.0, 0.723481, 0.0, 0.0, 0.0, 1.0],
                [0.838459, 0.0, 0.544964, 0.071033, 0.544964, 0.0, -0.838459, 2.658762, 0.0, 1.0, 0.0, 0.727386, 0.0, 0.0, 0.0, 1.0],
                [0.86279, 0.0, 0.505562, 0.075039, 0.505562, 0.0, -0.86279, 2.666671, 0.0, 1.0, 0.0, 0.731222, 0.0, 0.0, 0.0, 1.0],
                [0.885507, 0.0, 0.464626, 0.078935, 0.464626, 0.0, -0.885507, 2.674364, 0.0, 1.0, 0.0, 0.734952, 0.0, 0.0, 0.0, 1.0],
                [0.906393, 0.0, 0.422435, 0.082685, 0.422435, 0.0, -0.906393, 2.681767, 0.0, 1.0, 0.0, 0.738541, 0.0, 0.0, 0.0, 1.0],
                [0.925278, 0.0, 0.37929, 0.086251, 0.37929, 0.0, -0.925278, 2.688808, 0.0, 1.0, 0.0, 0.741956, 0.0, 0.0, 0.0, 1.0],
                [0.942038, 0.0, 0.335507, 0.089598, 0.335507, 0.0, -0.942038, 2.695415, 0.0, 1.0, 0.0, 0.74516, 0.0, 0.0, 0.0, 1.0],
                [0.956598, 0.0, 0.291412, 0.092688, 0.291412, 0.0, -0.956598, 2.701516, 0.0, 1.0, 0.0, 0.748118, 0.0, 0.0, 0.0, 1.0],
                [0.968931, 0.0, 0.24733, 0.095485, 0.24733, 0.0, -0.968931, 2.707038, 0.0, 1.0, 0.0, 0.750795, 0.0, 0.0, 0.0, 1.0],
                [0.979058, 0.0, 0.203583, 0.097952, 0.203583, 0.0, -0.979058, 2.71191, 0.0, 1.0, 0.0, 0.753157, 0.0, 0.0, 0.0, 1.0],
                [0.987039, 0.0, 0.160478, 0.100053, 0.160478, 0.0, -0.987039, 2.716057, 0.0, 1.0, 0.0, 0.755169, 0.0, 0.0, 0.0, 1.0],
                [0.992977, 0.0, 0.118307, 0.101751, 0.118307, 0.0, -0.992977, 2.719409, 0.0, 1.0, 0.0, 0.756794, 0.0, 0.0, 0.0, 1.0],
                [0.997005, 0.0, 0.077342, 0.103009, 0.077342, 0.0, -0.997005, 2.721893, 0.0, 1.0, 0.0, 0.757998, 0.0, 0.0, 0.0, 1.0],
                [0.999284, 0.0, 0.037831, 0.10379, 0.037831, 0.0, -0.999284, 2.723436, 0.0, 1.0, 0.0, 0.758747, 0.0, 0.0, 0.0, 1.0],
                [1.0, 0.0, 0.0, 0.104059, 0.0, 0.0, -1.0, 2.723967, 0.0, 1.0, 0.0, 0.759004, 0.0, 0.0, 0.0, 1.0],
                [0.999353, 0.0, -0.035961, 0.104059, -0.035961, 0.0, -0.999353, 2.723967, 0.0, 1.0, 0.0, 0.758383, 0.0, 0.0, 0.0, 1.0],
                [0.997552, 0.0, -0.069926, 0.104059, -0.069926, 0.0, -0.997552, 2.723967, 0.0, 1.0, 0.0, 0.756635, 0.0, 0.0, 0.0, 1.0],
                [0.994805, 0.0, -0.101796, 0.104059, -0.101796, 0.0, -0.994805, 2.723967, 0.0, 1.0, 0.0, 0.753933, 0.0, 0.0, 0.0, 1.0],
                [0.991319, 0.0, -0.131482, 0.104059, -0.131482, 0.0, -0.991319, 2.723967, 0.0, 1.0, 0.0, 0.750451, 0.0, 0.0, 0.0, 1.0],
                [0.987294, 0.0, -0.158906, 0.104059, -0.158906, 0.0, -0.987294, 2.723967, 0.0, 1.0, 0.0, 0.746363, 0.0, 0.0, 0.0, 1.0],
                [0.982927, 0.0, -0.183998, 0.104059, -0.183998, 0.0, -0.982927, 2.723967, 0.0, 1.0, 0.0, 0.741841, 0.0, 0.0, 0.0, 1.0],
                [0.978406, 0.0, -0.206695, 0.104059, -0.206695, 0.0, -0.978406, 2.723967, 0.0, 1.0, 0.0, 0.737059, 0.0, 0.0, 0.0, 1.0],
                [0.973909, 0.0, -0.226938, 0.104059, -0.226938, 0.0, -0.973909, 2.723967, 0.0, 1.0, 0.0, 0.732191, 0.0, 0.0, 0.0, 1.0],
                [0.969606, 0.0, -0.244673, 0.104059, -0.244673, 0.0, -0.969606, 2.723967, 0.0, 1.0, 0.0, 0.727409, 0.0, 0.0, 0.0, 1.0],
                [0.96565, 0.0, -0.259846, 0.104059, -0.259846, 0.0, -0.96565, 2.723967, 0.0, 1.0, 0.0, 0.722887, 0.0, 0.0, 0.0, 1.0],
                [0.962184, 0.0, -0.272401, 0.104059, -0.272401, 0.0, -0.962184, 2.723967, 0.0, 1.0, 0.0, 0.718799, 0.0, 0.0, 0.0, 1.0],
                [0.959332, 0.0, -0.282281, 0.104059, -0.282281, 0.0, -0.959332, 2.723967, 0.0, 1.0, 0.0, 0.715317, 0.0, 0.0, 0.0, 1.0],
                [0.957201, 0.0, -0.289425, 0.104059, -0.289425, 0.0, -0.957201, 2.723967, 0.0, 1.0, 0.0, 0.712616, 0.0, 0.0, 0.0, 1.0],
                [0.955877, 0.0, -0.293766, 0.104059, -0.293766, 0.0, -0.955877, 2.723967, 0.0, 1.0, 0.0, 0.710868, 0.0, 0.0, 0.0, 1.0],
                [0.955426, 0.0, -0.29523, 0.104059, -0.29523, 0.0, -0.955426, 2.723967, 0.0, 1.0, 0.0, 0.710246, 0.0, 0.0, 0.0, 1.0],
                [0.955426, 0.0, -0.29523, 0.104059, -0.29523, 0.0, -0.955426, 2.723967, 0.0, 1.0, 0.0, 0.710246, 0.0, 0.0, 0.0, 1.0],
                [0.955426, 0.0, -0.29523, 0.104059, -0.29523, 0.0, -0.955426, 2.723967, 0.0, 1.0, 0.0, 0.710246, 0.0, 0.0, 0.0, 1.0],
                [0.955426, 0.0, -0.29523, 0.104059, -0.29523, 0.0, -0.955426, 2.723967, 0.0, 1.0, 0.0, 0.710246, 0.0, 0.0, 0.0, 1.0],
                [0.955426, 0.0, -0.29523, 0.104059, -0.29523, 0.0, -0.955426, 2.723967, 0.0, 1.0, 0.0, 0.710246, 0.0, 0.0, 0.0, 1.0],
                [0.955426, 0.0, -0.29523, 0.104059, -0.29523, 0.0, -0.955426, 2.723967, 0.0, 1.0, 0.0, 0.710246, 0.0, 0.0, 0.0, 1.0],
                [0.955426, 0.0, -0.29523, 0.104059, -0.29523, 0.0, -0.955426, 2.723967, 0.0, 1.0, 0.0, 0.710246, 0.0, 0.0, 0.0, 1.0],
                [0.955426, 0.0, -0.29523, 0.104059, -0.29523, 0.0, -0.955426, 2.723967, 0.0, 1.0, 0.0, 0.710246, 0.0, 0.0, 0.0, 1.0],
                [0.955426, 0.0, -0.29523, 0.104059, -0.29523, 0.0, -0.955426, 2.723967, 0.0, 1.0, 0.0, 0.710246, 0.0, 0.0, 0.0, 1.0],
                [0.955426, 0.0, -0.29523, 0.104059, -0.29523, 0.0, -0.955426, 2.723967, 0.0, 1.0, 0.0, 0.710246, 0.0, 0.0, 0.0, 1.0],
                [0.955426, 0.0, -0.29523, 0.104059, -0.29523, 0.0, -0.955426, 2.723967, 0.0, 1.0, 0.0, 0.710246, 0.0, 0.0, 0.0, 1.0],
                [0.955426, 0.0, -0.29523, 0.104059, -0.29523, 0.0, -0.955426, 2.723967, 0.0, 1.0, 0.0, 0.710246, 0.0, 0.0, 0.0, 1.0],
                [0.955426, 0.0, -0.29523, 0.104059, -0.29523, 0.0, -0.955426, 2.723967, 0.0, 1.0, 0.0, 0.710246, 0.0, 0.0, 0.0, 1.0],
                [0.955426, 0.0, -0.29523, 0.104059, -0.29523, 0.0, -0.955426, 2.723967, 0.0, 1.0, 0.0, 0.710246, 0.0, 0.0, 0.0, 1.0],
                [0.955426, 0.0, -0.29523, 0.104059, -0.29523, 0.0, -0.955426, 2.723967, 0.0, 1.0, 0.0, 0.710246, 0.0, 0.0, 0.0, 1.0],
                [0.955426, 0.0, -0.29523, 0.104059, -0.29523, 0.0, -0.955426, 2.723967, 0.0, 1.0, 0.0, 0.710246, 0.0, 0.0, 0.0, 1.0],
                [0.955426, 0.0, -0.29523, 0.104059, -0.29523, 0.0, -0.955426, 2.723967, 0.0, 1.0, 0.0, 0.710246, 0.0, 0.0, 0.0, 1.0],
                [0.955435, 0.0, -0.295202, 0.104059, -0.295202, 0.0, -0.955435, 2.723967, 0.0, 1.0, 0.0, 0.71023, 0.0, 0.0, 0.0, 1.0],
                [0.95546, 0.0, -0.295119, 0.104059, -0.295119, 0.0, -0.95546, 2.723967, 0.0, 1.0, 0.0, 0.710182, 0.0, 0.0, 0.0, 1.0],
                [0.955503, 0.0, -0.294982, 0.104059, -0.294982, 0.0, -0.955503, 2.723967, 0.0, 1.0, 0.0, 0.710104, 0.0, 0.0, 0.0, 1.0],
                [0.955561, 0.0, -0.294794, 0.104059, -0.294794, 0.0, -0.955561, 2.723967, 0.0, 1.0, 0.0, 0.709995, 0.0, 0.0, 0.0, 1.0],
                [0.955635, 0.0, -0.294554, 0.104059, -0.294554, 0.0, -0.955635, 2.723967, 0.0, 1.0, 0.0, 0.709856, 0.0, 0.0, 0.0, 1.0],
                [0.955724, 0.0, -0.294266, 0.104059, -0.294266, 0.0, -0.955724, 2.723967, 0.0, 1.0, 0.0, 0.70969, 0.0, 0.0, 0.0, 1.0],
                [0.955827, 0.0, -0.293929, 0.104059, -0.293929, 0.0, -0.955827, 2.723967, 0.0, 1.0, 0.0, 0.709496, 0.0, 0.0, 0.0, 1.0],
                [0.955945, 0.0, -0.293546, 0.104059, -0.293546, 0.0, -0.955945, 2.723967, 0.0, 1.0, 0.0, 0.709275, 0.0, 0.0, 0.0, 1.0],
                [0.956076, 0.0, -0.293118, 0.104059, -0.293118, 0.0, -0.956076, 2.723967, 0.0, 1.0, 0.0, 0.709028, 0.0, 0.0, 0.0, 1.0],
                [0.95622, 0.0, -0.292647, 0.104059, -0.292647, 0.0, -0.95622, 2.723967, 0.0, 1.0, 0.0, 0.708756, 0.0, 0.0, 0.0, 1.0],
                [0.956377, 0.0, -0.292134, 0.104059, -0.292134, 0.0, -0.956377, 2.723967, 0.0, 1.0, 0.0, 0.70846, 0.0, 0.0, 0.0, 1.0],
                [0.956546, 0.0, -0.291581, 0.104059, -0.291581, 0.0, -0.956546, 2.723967, 0.0, 1.0, 0.0, 0.708141, 0.0, 0.0, 0.0, 1.0],
                [0.956727, 0.0, -0.290988, 0.104059, -0.290988, 0.0, -0.956727, 2.723967, 0.0, 1.0, 0.0, 0.707799, 0.0, 0.0, 0.0, 1.0],
                [0.956918, 0.0, -0.290358, 0.104059, -0.290358, 0.0, -0.956918, 2.723967, 0.0, 1.0, 0.0, 0.707435, 0.0, 0.0, 0.0, 1.0],
                [0.95712, 0.0, -0.289691, 0.104059, -0.289691, 0.0, -0.95712, 2.723967, 0.0, 1.0, 0.0, 0.70705, 0.0, 0.0, 0.0, 1.0],
                [0.957332, 0.0, -0.28899, 0.104059, -0.28899, 0.0, -0.957332, 2.723967, 0.0, 1.0, 0.0, 0.706646, 0.0, 0.0, 0.0, 1.0],
                [0.957554, 0.0, -0.288256, 0.104059, -0.288256, 0.0, -0.957554, 2.723967, 0.0, 1.0, 0.0, 0.706222, 0.0, 0.0, 0.0, 1.0],
                [0.957784, 0.0, -0.28749, 0.104059, -0.28749, 0.0, -0.957784, 2.723967, 0.0, 1.0, 0.0, 0.705779, 0.0, 0.0, 0.0, 1.0],
                [0.958022, 0.0, -0.286693, 0.104059, -0.286693, 0.0, -0.958022, 2.723967, 0.0, 1.0, 0.0, 0.70532, 0.0, 0.0, 0.0, 1.0],
                [0.958269, 0.0, -0.285868, 0.104059, -0.285868, 0.0, -0.958269, 2.723967, 0.0, 1.0, 0.0, 0.704843, 0.0, 0.0, 0.0, 1.0],
                [0.958523, 0.0, -0.285015, 0.104059, -0.285015, 0.0, -0.958523, 2.723967, 0.0, 1.0, 0.0, 0.704351, 0.0, 0.0, 0.0, 1.0],
                [0.958784, 0.0, -0.284136, 0.104059, -0.284136, 0.0, -0.958784, 2.723967, 0.0, 1.0, 0.0, 0.703843, 0.0, 0.0, 0.0, 1.0],
                [0.959051, 0.0, -0.283233, 0.104059, -0.283233, 0.0, -0.959051, 2.723967, 0.0, 1.0, 0.0, 0.703322, 0.0, 0.0, 0.0, 1.0],
                [0.959324, 0.0, -0.282307, 0.104059, -0.282307, 0.0, -0.959324, 2.723967, 0.0, 1.0, 0.0, 0.702787, 0.0, 0.0, 0.0, 1.0],
                [0.959602, 0.0, -0.281359, 0.104059, -0.281359, 0.0, -0.959602, 2.723967, 0.0, 1.0, 0.0, 0.702239, 0.0, 0.0, 0.0, 1.0],
                [0.959886, 0.0, -0.280392, 0.104059, -0.280392, 0.0, -0.959886, 2.723967, 0.0, 1.0, 0.0, 0.70168, 0.0, 0.0, 0.0, 1.0],
                [0.960173, 0.0, -0.279405, 0.104059, -0.279405, 0.0, -0.960173, 2.723967, 0.0, 1.0, 0.0, 0.70111, 0.0, 0.0, 0.0, 1.0],
                [0.960465, 0.0, -0.278401, 0.104059, -0.278401, 0.0, -0.960465, 2.723967, 0.0, 1.0, 0.0, 0.700529, 0.0, 0.0, 0.0, 1.0],
                [0.96076, 0.0, -0.277382, 0.104059, -0.277382, 0.0, -0.96076, 2.723967, 0.0, 1.0, 0.0, 0.69994, 0.0, 0.0, 0.0, 1.0],
                [0.961058, 0.0, -0.276348, 0.104059, -0.276348, 0.0, -0.961058, 2.723967, 0.0, 1.0, 0.0, 0.699342, 0.0, 0.0, 0.0, 1.0],
                [0.961358, 0.0, -0.275301, 0.104059, -0.275301, 0.0, -0.961358, 2.723967, 0.0, 1.0, 0.0, 0.698737, 0.0, 0.0, 0.0, 1.0],
                [0.96166, 0.0, -0.274243, 0.104059, -0.274243, 0.0, -0.96166, 2.723967, 0.0, 1.0, 0.0, 0.698125, 0.0, 0.0, 0.0, 1.0],
                [0.961964, 0.0, -0.273175, 0.104059, -0.273175, 0.0, -0.961964, 2.723967, 0.0, 1.0, 0.0, 0.697507, 0.0, 0.0, 0.0, 1.0],
                [0.962269, 0.0, -0.272099, 0.104059, -0.272099, 0.0, -0.962269, 2.723967, 0.0, 1.0, 0.0, 0.696885, 0.0, 0.0, 0.0, 1.0],
                [0.962575, 0.0, -0.271015, 0.104059, -0.271015, 0.0, -0.962575, 2.723967, 0.0, 1.0, 0.0, 0.696258, 0.0, 0.0, 0.0, 1.0],
                [0.962881, 0.0, -0.269926, 0.104059, -0.269926, 0.0, -0.962881, 2.723967, 0.0, 1.0, 0.0, 0.695627, 0.0, 0.0, 0.0, 1.0],
                [0.963187, 0.0, -0.268833, 0.104059, -0.268833, 0.0, -0.963187, 2.723967, 0.0, 1.0, 0.0, 0.694995, 0.0, 0.0, 0.0, 1.0],
                [0.963492, 0.0, -0.267737, 0.104059, -0.267737, 0.0, -0.963492, 2.723967, 0.0, 1.0, 0.0, 0.69436, 0.0, 0.0, 0.0, 1.0],
                [0.963796, 0.0, -0.26664, 0.104059, -0.26664, 0.0, -0.963796, 2.723967, 0.0, 1.0, 0.0, 0.693725, 0.0, 0.0, 0.0, 1.0],
                [0.964099, 0.0, -0.265543, 0.104059, -0.265543, 0.0, -0.964099, 2.723967, 0.0, 1.0, 0.0, 0.693089, 0.0, 0.0, 0.0, 1.0],
                [0.9644, 0.0, -0.264448, 0.104059, -0.264448, 0.0, -0.9644, 2.723967, 0.0, 1.0, 0.0, 0.692455, 0.0, 0.0, 0.0, 1.0],
                [0.964699, 0.0, -0.263355, 0.104059, -0.263355, 0.0, -0.964699, 2.723967, 0.0, 1.0, 0.0, 0.691822, 0.0, 0.0, 0.0, 1.0],
                [0.964995, 0.0, -0.262268, 0.104059, -0.262268, 0.0, -0.964995, 2.723967, 0.0, 1.0, 0.0, 0.691192, 0.0, 0.0, 0.0, 1.0],
                [0.965289, 0.0, -0.261186, 0.104059, -0.261186, 0.0, -0.965289, 2.723967, 0.0, 1.0, 0.0, 0.690565, 0.0, 0.0, 0.0, 1.0],
                [0.965579, 0.0, -0.260112, 0.104059, -0.260112, 0.0, -0.965579, 2.723967, 0.0, 1.0, 0.0, 0.689942, 0.0, 0.0, 0.0, 1.0],
                [0.965865, 0.0, -0.259046, 0.104059, -0.259046, 0.0, -0.965865, 2.723967, 0.0, 1.0, 0.0, 0.689324, 0.0, 0.0, 0.0, 1.0],
                [0.966147, 0.0, -0.257991, 0.104059, -0.257991, 0.0, -0.966147, 2.723967, 0.0, 1.0, 0.0, 0.688713, 0.0, 0.0, 0.0, 1.0],
                [0.966425, 0.0, -0.256947, 0.104059, -0.256947, 0.0, -0.966425, 2.723967, 0.0, 1.0, 0.0, 0.688107, 0.0, 0.0, 0.0, 1.0],
                [0.966699, 0.0, -0.255917, 0.104059, -0.255917, 0.0, -0.966699, 2.723967, 0.0, 1.0, 0.0, 0.68751, 0.0, 0.0, 0.0, 1.0],
                [0.966967, 0.0, -0.254901, 0.104059, -0.254901, 0.0, -0.966967, 2.723967, 0.0, 1.0, 0.0, 0.68692, 0.0, 0.0, 0.0, 1.0],
                [0.96723, 0.0, -0.253902, 0.104059, -0.253902, 0.0, -0.96723, 2.723967, 0.0, 1.0, 0.0, 0.68634, 0.0, 0.0, 0.0, 1.0],
                [0.967487, 0.0, -0.252919, 0.104059, -0.252919, 0.0, -0.967487, 2.723967, 0.0, 1.0, 0.0, 0.68577, 0.0, 0.0, 0.0, 1.0],
                [0.967739, 0.0, -0.251956, 0.104059, -0.251956, 0.0, -0.967739, 2.723967, 0.0, 1.0, 0.0, 0.685211, 0.0, 0.0, 0.0, 1.0],
                [0.967984, 0.0, -0.251013, 0.104059, -0.251013, 0.0, -0.967984, 2.723967, 0.0, 1.0, 0.0, 0.684663, 0.0, 0.0, 0.0, 1.0],
                [0.968222, 0.0, -0.250091, 0.104059, -0.250091, 0.0, -0.968222, 2.723967, 0.0, 1.0, 0.0, 0.684128, 0.0, 0.0, 0.0, 1.0],
                [0.968454, 0.0, -0.249193, 0.104059, -0.249193, 0.0, -0.968454, 2.723967, 0.0, 1.0, 0.0, 0.683606, 0.0, 0.0, 0.0, 1.0],
                [0.968678, 0.0, -0.24832, 0.104059, -0.24832, 0.0, -0.968678, 2.723967, 0.0, 1.0, 0.0, 0.683099, 0.0, 0.0, 0.0, 1.0],
                [0.968895, 0.0, -0.247472, 0.104059, -0.247472, 0.0, -0.968895, 2.723967, 0.0, 1.0, 0.0, 0.682607, 0.0, 0.0, 0.0, 1.0],
                [0.969104, 0.0, -0.246652, 0.104059, -0.246652, 0.0, -0.969104, 2.723967, 0.0, 1.0, 0.0, 0.68213, 0.0, 0.0, 0.0, 1.0],
                [0.969305, 0.0, -0.245861, 0.104059, -0.245861, 0.0, -0.969305, 2.723967, 0.0, 1.0, 0.0, 0.68167, 0.0, 0.0, 0.0, 1.0],
                [0.969498, 0.0, -0.2451, 0.104059, -0.2451, 0.0, -0.969498, 2.723967, 0.0, 1.0, 0.0, 0.681228, 0.0, 0.0, 0.0, 1.0],
                [0.969682, 0.0, -0.244371, 0.104059, -0.244371, 0.0, -0.969682, 2.723967, 0.0, 1.0, 0.0, 0.680804, 0.0, 0.0, 0.0, 1.0],
                [0.969857, 0.0, -0.243675, 0.104059, -0.243675, 0.0, -0.969857, 2.723967, 0.0, 1.0, 0.0, 0.680399, 0.0, 0.0, 0.0, 1.0],
                [0.970023, 0.0, -0.243014, 0.104059, -0.243014, 0.0, -0.970023, 2.723967, 0.0, 1.0, 0.0, 0.680015, 0.0, 0.0, 0.0, 1.0],
                [0.970179, 0.0, -0.242388, 0.104059, -0.242388, 0.0, -0.970179, 2.723967, 0.0, 1.0, 0.0, 0.679651, 0.0, 0.0, 0.0, 1.0],
                [0.970326, 0.0, -0.241801, 0.104059, -0.241801, 0.0, -0.970326, 2.723967, 0.0, 1.0, 0.0, 0.679309, 0.0, 0.0, 0.0, 1.0],
                [0.970463, 0.0, -0.241251, 0.104059, -0.241251, 0.0, -0.970463, 2.723967, 0.0, 1.0, 0.0, 0.678989, 0.0, 0.0, 0.0, 1.0],
                [0.970589, 0.0, -0.240743, 0.104059, -0.240743, 0.0, -0.970589, 2.723967, 0.0, 1.0, 0.0, 0.678693, 0.0, 0.0, 0.0, 1.0],
                [0.970705, 0.0, -0.240275, 0.104059, -0.240275, 0.0, -0.970705, 2.723967, 0.0, 1.0, 0.0, 0.678421, 0.0, 0.0, 0.0, 1.0],
                [0.97081, 0.0, -0.239851, 0.104059, -0.239851, 0.0, -0.97081, 2.723967, 0.0, 1.0, 0.0, 0.678175, 0.0, 0.0, 0.0, 1.0],
                [0.970903, 0.0, -0.239472, 0.104059, -0.239472, 0.0, -0.970903, 2.723967, 0.0, 1.0, 0.0, 0.677954, 0.0, 0.0, 0.0, 1.0],
                [0.970985, 0.0, -0.239138, 0.104059, -0.239138, 0.0, -0.970985, 2.723967, 0.0, 1.0, 0.0, 0.67776, 0.0, 0.0, 0.0, 1.0],
                [0.971056, 0.0, -0.238852, 0.104059, -0.238852, 0.0, -0.971056, 2.723967, 0.0, 1.0, 0.0, 0.677593, 0.0, 0.0, 0.0, 1.0],
                [0.971114, 0.0, -0.238615, 0.104059, -0.238615, 0.0, -0.971114, 2.723967, 0.0, 1.0, 0.0, 0.677455, 0.0, 0.0, 0.0, 1.0],
                [0.97116, 0.0, -0.238428, 0.104059, -0.238428, 0.0, -0.97116, 2.723967, 0.0, 1.0, 0.0, 0.677346, 0.0, 0.0, 0.0, 1.0],
                [0.971193, 0.0, -0.238293, 0.104059, -0.238293, 0.0, -0.971193, 2.723967, 0.0, 1.0, 0.0, 0.677267, 0.0, 0.0, 0.0, 1.0],
                [0.971214, 0.0, -0.23821, 0.104059, -0.23821, 0.0, -0.971214, 2.723967, 0.0, 1.0, 0.0, 0.677219, 0.0, 0.0, 0.0, 1.0],
                [0.97122, 0.0, -0.238183, 0.104059, -0.238183, 0.0, -0.97122, 2.723967, 0.0, 1.0, 0.0, 0.677203, 0.0, 0.0, 0.0, 1.0]
            ]
        },
        {
            "name": "Thigh_R",
            "time": [0.0, 0.0167, 0.0333, 0.05, 0.0667, 0.0833, 0.1, 0.1167, 0.1333, 0.15, 0.1667, 0.1833, 0.2, 0.2167, 0.2333, 0.25, 0.2667, 0.2833, 0.3, 0.3167, 0.3333, 0.35, 0.3667, 0.3833, 0.4, 0.4167, 0.4333, 0.45, 0.4667, 0.4833, 0.5, 0.5167, 0.5333, 0.55, 0.5667, 0.5833, 0.6, 0.6167, 0.6333, 0.65, 0.6667, 0.6833, 0.7, 0.7167, 0.7333, 0.75, 0.7667, 0.7833, 0.8, 0.8167, 0.8333, 0.85, 0.8667, 0.8833, 0.9, 0.9167, 0.9333, 0.95, 0.9667, 0.9833, 1.0, 1.0167, 1.0333, 1.05, 1.0667, 1.0833, 1.1, 1.1167, 1.1333, 1.15, 1.1667, 1.1833, 1.2, 1.2167, 1.2333, 1.25, 1.2667, 1.2833, 1.3, 1.3167, 1.3333, 1.35, 1.3667, 1.3833, 1.4, 1.4167, 1.4333, 1.45, 1.4667, 1.4833, 1.5, 1.5167, 1.5333, 1.55, 1.5667, 1.5833, 1.6, 1.6167, 1.6333, 1.65, 1.6667, 1.6833, 1.7, 1.7167, 1.7333, 1.75, 1.7667, 1.7833, 1.8, 1.8167, 1.8333, 1.85, 1.8667, 1.8833, 1.9, 1.9167, 1.9333, 1.95, 1.9667, 1.9833, 2.0, 2.0167, 2.0333, 2.05, 2.0667, 2.0833, 2.1, 2.1167, 2.1333, 2.15, 2.1667, 2.1833, 2.2, 2.2167, 2.2333, 2.25, 2.2667, 2.2833, 2.3, 2.3167, 2.3333, 2.35, 2.3667, 2.3833, 2.4, 2.4167, 2.4333, 2.45, 2.4667, 2.4833, 2.5, 2.5167, 2.5333, 2.55, 2.5667, 2.5833, 2.6, 2.6167, 2.6333, 2.65, 2.6667, 2.6833, 2.7, 2.7167, 2.7333, 2.75, 2.7667, 2.7833, 2.8, 2.8167, 2.8333, 2.85, 2.8667, 2.8833, 2.9, 2.9167, 2.9333, 2.95, 2.9667, 2.9833, 3.0, 3.0167, 3.0333, 3.05, 3.0667, 3.0833, 3.1, 3.1167, 3.1333, 3.15, 3.1667, 3.1833, 3.2, 3.2167, 3.2333, 3.25, 3.2667, 3.2833, 3.3, 3.3167],
            "transform": [
                [0.913163, -0.097517, -0.395757, 0.124994, -0.006663, -0.974398, 0.224723, -0.002831, -0.40754, -0.202571, -0.890436, -1.2e-05, 0.0, 0.0, 0.0, 1.0],
                [0.915455, -0.097806, -0.390352, 0.124994, -0.007932, -0.97421, 0.225494, -0.002831, -0.40234, -0.203333, -0.892624, -1.2e-05, 0.0, 0.0, 0.0, 1.0],
                [0.921884, -0.098561, -0.374719, 0.124994, -0.011572, -0.973676, 0.227634, -0.002831, -0.387291, -0.205515, -0.89876, -1.2e-05, 0.0, 0.0, 0.0, 1.0],
                [0.931583, -0.099591, -0.349619, 0.124994, -0.017369, -0.972835, 0.230837, -0.002831, -0.363111, -0.208971, -0.90801, -1.2e-05, 0.0, 0.0, 0.0, 1.0],
                [0.943488, -0.100675, -0.315743, 0.124994, -0.025126, -0.971728, 0.234756, -0.002831, -0.330451, -0.213555, -0.919346, -1.2e-05, 0.0, 0.0, 0.0, 1.0],
                [0.956406, -0.101582, -0.273801, 0.124994, -0.034642, -0.970396, 0.239015, -0.002831, -0.289975, -0.219109, -0.931615, -1.2e-05, 0.0, 0.0, 0.0, 1.0],
                [0.969091, -0.102076, -0.224595, 0.124994, -0.045684, -0.96889, 0.243232, -0.002831, -0.242436, -0.225453, -0.943608, -1.2e-05, 0.0, 0.0, 0.0, 1.0],
                [0.980316, -0.101938, -0.169081, 0.124994, -0.057973, -0.967268, 0.247039, -0.002831, -0.188729, -0.232374, -0.954141, -1.2e-05, 0.0, 0.0, 0.0, 1.0],
                [0.988965, -0.100976, -0.108401, 0.124994, -0.071176, -0.965598, 0.250101, -0.002831, -0.129926, -0.239624, -0.962133, -1.2e-05, 0.0, 0.0, 0.0, 1.0],
                [0.994115, -0.099038, -0.043884, 0.124994, -0.084903, -0.963957, 0.252138, -0.002831, -0.067274, -0.246928, -0.966696, -1.2e-05, 0.0, 0.0, 0.0, 1.0],
                [0.995113, -0.096027, 0.02299, 0.124994, -0.098717, -0.962427, 0.252952, -0.002831, -0.002164, -0.253984, -0.967206, -1.2e-05, 0.0, 0.0, 0.0, 1.0],
                [0.991633, -0.091905, 0.090646, 0.124994, -0.11215, -0.961092, 0.252431, -0.002831, 0.063919, -0.260484, -0.96336, -1.2e-05, 0.0, 0.0, 0.0, 1.0],
                [0.983706, -0.086693, 0.157496, 0.124994, -0.124722, -0.960031, 0.250562, -0.002831, 0.129479, -0.266122, -0.955204, -1.2e-05, 0.0, 0.0, 0.0, 1.0],
                [0.971715, -0.080463, 0.222023, 0.124994, -0.135969, -0.959318, 0.247423, -0.002831, 0.193083, -0.270612, -0.943127, -1.2e-05, 0.0, 0.0, 0.0, 1.0],
                [0.956355, -0.073329, 0.282855, 0.124994, -0.145454, -0.959014, 0.24317, -0.002831, 0.253431, -0.273698, -0.927827, -1.2e-05, 0.0, 0.0, 0.0, 1.0],
                [0.938573, -0.065428, 0.338821, 0.124994, -0.152787, -0.959166, 0.238017, -0.002831, 0.309413, -0.275163, -0.910247, -1.2e-05, 0.0, 0.0, 0.0, 1.0],
                [0.919369, -0.057066, 0.389236, 0.124994, -0.158084, -0.959612, 0.232704, -0.002831, 0.360236, -0.275471, -0.891261, -1.2e-05, 0.0, 0.0, 0.0, 1.0],
                [0.899494, -0.048134, 0.434273, 0.124994, -0.161432, -0.960196, 0.227944, -0.002831, 0.406017, -0.275139, -0.871464, -1.2e-05, 0.0, 0.0, 0.0, 1.0],
                [0.879563, -0.03816, 0.474248, 0.124994, -0.162443, -0.960965, 0.223951, -0.002831, 0.447191, -0.274017, -0.851431, -1.2e-05, 0.0, 0.0, 0.0, 1.0],
                [0.86006, -0.026681, 0.509495, 0.124994, -0.16073, -0.961948, 0.220947, -0.002831, 0.484213, -0.271918, -0.831624, -1.2e-05, 0.0, 0.0, 0.0, 1.0],
                [0.841341, -0.013234, 0.540343, 0.124994, -0.155899, -0.963152, 0.219155, -0.002831, 0.517533, -0.268622, -0.812405, -1.2e-05, 0.0, 0.0, 0.0, 1.0],
                [0.823646, 0.002651, 0.567097, 0.124994, -0.147542, -0.964549, 0.218797, -0.002831, 0.547574, -0.263881, -0.794059, -1.2e-05, 0.0, 0.0, 0.0, 1.0],
                [0.807099, 0.02145, 0.590027, 0.124994, -0.135223, -0.966059, 0.220093, -0.002831, 0.574722, -0.257421, -0.776807, -1.2e-05, 0.0, 0.0, 0.0, 1.0],
                [0.791702, 0.043657, 0.609346, 0.124994, -0.118476, -0.967532, 0.223253, -0.002831, 0.599309, -0.248942, -0.760827, -1.2e-05, 0.0, 0.0, 0.0, 1.0],
                [0.777333, 0.069784, 0.625206, 0.124994, -0.096797, -0.968723, 0.228478, -0.002831, 0.621597, -0.238121, -0.746268, -1.2e-05, 0.0, 0.0, 0.0, 1.0],
                [0.76373, 0.100358, 0.637687, 0.124994, -0.069643, -0.969264, 0.23595, -0.002831, 0.641768, -0.224611, -0.733269, -1.2e-05, 0.0, 0.0, 0.0, 1.0],
                [0.750465, 0.135912, 0.646785, 0.124994, -0.036439, -0.968627, 0.245825, -0.002831, 0.659905, -0.20805, -0.72197, -1.2e-05, 0.0, 0.0, 0.0, 1.0],
                [0.736921, 0.176967, 0.652403, 0.124994, 0.0034, -0.96608, 0.258214, -0.002831, 0.67597, -0.188064, -0.712529, -1.2e-05, 0.0, 0.0, 0.0, 1.0],
                [0.722257, 0.223994, 0.654348, 0.124994, 0.050443, -0.960641, 0.273167, -0.002831, 0.689782, -0.164289, -0.705131, -1.2e-05, 0.0, 0.0, 0.0, 1.0],
                [0.705369, 0.277357, 0.652325, 0.124994, 0.105178, -0.951034, 0.290635, -0.002831, 0.700993, -0.136394, -0.700003, -1.2e-05, 0.0, 0.0, 0.0, 1.0],
                [0.68486, 0.337228, 0.645944, 0.124994, 0.167925, -0.935644, 0.310432, -0.002831, 0.709061, -0.104132, -0.697416, -1.2e-05, 0.0, 0.0, 0.0, 1.0],
                [0.686925, 0.39322, 0.611156, 0.124994, 0.261003, -0.918347, 0.29751, -0.002831, 0.678241, -0.044853, -0.733469, -1.2e-05, 0.0, 0.0, 0.0, 1.0],
                [0.72334, 0.44388, 0.528912, 0.124994, 0.392647, -0.89451, 0.21372, -0.002831, 0.567984, 0.053084, -0.821326, -1.2e-05, 0.0, 0.0, 0.0, 1.0],
                [0.764912, 0.501467, 0.404275, 0.124994, 0.526719, -0.84822, 0.055562, -0.002831, 0.370777, 0.170439, -0.912949, -1.2e-05, 0.0, 0.0, 0.0, 1.0],
                [0.780802, 0.57069, 0.254282, 0.124994, 0.615652, -0.772099, -0.157584, -0.002831, 0.106399, 0.279591, -0.954206, -1.2e-05, 0.0, 0.0, 0.0, 1.0],
                [0.757011, 0.643936, 0.110812, 0.124994, 0.631612, -0.677732, -0.376489, -0.002831, -0.167334, 0.354996, -0.91977, -1.2e-05, 0.0, 0.0, 0.0, 1.0],
                [0.70742, 0.706788, 0.002118, 0.124994, 0.590818, -0.589695, -0.550629, -0.002831, -0.38793, 0.390777, -0.834748, -1.2e-05, 0.0, 0.0, 0.0, 1.0],
                [0.660509, 0.748245, -0.062086, 0.124994, 0.53744, -0.528919, -0.656811, -0.002831, -0.524295, 0.400462, -0.751495, -1.2e-05, 0.0, 0.0, 0.0, 1.0],
                [0.64102, 0.762962, -0.083536, 0.124994, 0.513011, -0.506865, -0.692752, -0.002831, -0.570887, 0.401213, -0.716321, -1.2e-05, 0.0, 0.0, 0.0, 1.0],
                [0.650095, 0.755904, -0.077351, 0.124994, 0.522645, -0.518719, -0.676588, -0.002831, -0.55156, 0.399419, -0.732288, -1.2e-05, 0.0, 0.0, 0.0, 1.0],
                [0.674148, 0.736165, -0.059856, 0.124994, 0.546095, -0.551368, -0.630692, -0.002831, -0.497297, 0.392492, -0.773722, -1.2e-05, 0.0, 0.0, 0.0, 1.0],
                [0.70765, 0.705848, -0.031752, 0.124994, 0.573287, -0.599855, -0.558134, -0.002831, -0.413005, 0.37676, -0.829143, -1.2e-05, 0.0, 0.0, 0.0, 1.0],
                [0.744637, 0.667441, 0.005875, 0.124994, 0.593487, -0.658048, -0.463405, -0.002831, -0.30543, 0.348555, -0.886127, -1.2e-05, 0.0, 0.0, 0.0, 1.0],
                [0.779811, 0.624002, 0.050145, 0.124994, 0.598045, -0.718897, -0.354297, -0.002831, -0.185034, 0.306273, -0.933788, -1.2e-05, 0.0, 0.0, 0.0, 1.0],
                [0.809852, 0.57873, 0.095965, 0.124994, 0.582975, -0.775717, -0.241663, -0.002831, -0.065416, 0.251656, -0.965604, -1.2e-05, 0.0, 0.0, 0.0, 1.0],
                [0.834257, 0.534176, 0.136635, 0.124994, 0.549978, -0.823816, -0.137288, -0.002831, 0.039226, 0.18968, -0.981062, -1.2e-05, 0.0, 0.0, 0.0, 1.0],
                [0.855064, 0.491613, 0.164866, 0.124994, 0.505207, -0.861464, -0.051409, -0.002831, 0.116752, 0.12725, -0.984976, -1.2e-05, 0.0, 0.0, 0.0, 1.0],
                [0.875554, 0.450976, 0.173277, 0.124994, 0.456565, -0.889648, 0.008451, -0.002831, 0.157967, 0.071713, -0.984837, -1.2e-05, 0.0, 0.0, 0.0, 1.0],
                [0.895538, 0.41087, 0.170871, 0.124994, 0.409347, -0.91123, 0.045726, -0.002831, 0.17449, 0.028996, -0.984232, -1.2e-05, 0.0, 0.0, 0.0, 1.0],
                [0.912328, 0.37212, 0.170834, 0.124994, 0.365545, -0.928182, 0.069657, -0.002831, 0.184486, -0.001102, -0.982835, -1.2e-05, 0.0, 0.0, 0.0, 1.0],
                [0.925556, 0.3373, 0.171972, 0.124994, 0.327533, -0.941168, 0.083192, -0.002831, 0.189916, -0.020672, -0.981583, -1.2e-05, 0.0, 0.0, 0.0, 1.0],
                [0.935103, 0.309063, 0.173384, 0.124994, 0.297605, -0.950505, 0.089256, -0.002831, 0.192388, -0.031863, -0.980802, -1.2e-05, 0.0, 0.0, 0.0, 1.0],
                [0.940948, 0.29013, 0.17447, 0.124994, 0.278027, -0.956274, 0.090761, -0.002831, 0.193174, -0.036893, -0.980471, -1.2e-05, 0.0, 0.0, 0.0, 1.0],
                [0.942973, 0.283226, 0.174883, 0.124994, 0.271024, -0.958296, 0.090617, -0.002831, 0.193255, -0.038052, -0.980411, -1.2e-05, 0.0, 0.0, 0.0, 1.0],
                [0.942973, 0.283226, 0.174883, 0.124994, 0.271024, -0.958296, 0.090617, -0.002831, 0.193255, -0.038052, -0.980411, -1.2e-05, 0.0, 0.0, 0.0, 1.0],
                [0.942973, 0.283226, 0.174883, 0.124994, 0.271024, -0.958296, 0.090617, -0.002831, 0.193255, -0.038052, -0.980411, -1.2e-05, 0.0, 0.0, 0.0, 1.0],
                [0.942973, 0.283226, 0.174883, 0.124994, 0.271024, -0.958296, 0.090617, -0.002831, 0.193255, -0.038052, -0.980411, -1.2e-05, 0.0, 0.0, 0.0, 1.0],
                [0.942973, 0.283226, 0.174883, 0.124994, 0.271024, -0.958296, 0.090617, -0.002831, 0.193255, -0.038052, -0.980411, -1.2e-05, 0.0, 0.0, 0.0, 1.0],
                [0.942973, 0.283226, 0.174883, 0.124994, 0.271024, -0.958296, 0.090617, -0.002831, 0.193255, -0.038052, -0.980411, -1.2e-05, 0.0, 0.0, 0.0, 1.0],
                [0.942973, 0.283226, 0.174883, 0.124994, 0.271024, -0.958296, 0.090617, -0.002831, 0.193255, -0.038052, -0.980411, -1.2e-05, 0.0, 0.0, 0.0, 1.0],
                [0.942973, 0.283226, 0.174883, 0.124994, 0.271024, -0.958296, 0.090617, -0.002831, 0.193255, -0.038052, -0.980411, -1.2e-05, 0.0, 0.0, 0.0, 1.0],
