{
    "animation": [
        {
            "name": "Root",
            "time": [0.0, 0.0167, 0.0333, 0.05, 0.0667, 0.0833, 0.1, 0.1167, 0.1333, 0.15, 0.1667, 0.1833, 0.2, 0.2167, 0.2333, 0.25, 0.2667, 0.2833, 0.3, 0.3167, 0.3333, 0.35, 0.3667, 0.3833, 0.4, 0.4167, 0.4333, 0.45, 0.4667, 0.4833, 0.5, 0.5167, 0.5333, 0.55, 0.5667, 0.5833, 0.6, 0.6167, 0.6333, 0.65, 0.6667, 0.6833, 0.7, 0.7167, 0.7333, 0.75, 0.7667, 0.7833, 0.8, 0.8167, 0.8333, 0.85, 0.8667, 0.8833, 0.9, 0.9167, 0.9333, 0.95, 0.9667, 0.9833, 1.0, 1.0167, 1.0333, 1.05, 1.0667, 1.0833, 1.1, 1.1167, 1.1333, 1.15, 1.1667, 1.1833, 1.2, 1.2167, 1.2333, 1.25, 1.2667, 1.2833, 1.3, 1.3167, 1.3333, 1.35, 1.3667, 1.3833, 1.4, 1.4167, 1.4333, 1.45, 1.4667, 1.4833, 1.5, 1.5167, 1.5333, 1.55, 1.5667, 1.5833, 1.6, 1.6167, 1.6333, 1.65, 1.6667, 1.6833, 1.7, 1.7167, 1.7333, 1.75, 1.7667, 1.7833, 1.8, 1.8167, 1.8333, 1.85, 1.8667, 1.8833, 1.9, 1.9167, 1.9333, 1.95, 1.9667, 1.9833, 2.0, 2.0167, 2.0333, 2.05, 2.0667, 2.0833, 2.1, 2.1167, 2.1333, 2.15, 2.1667, 2.1833, 2.2, 2.2167, 2.2333, 2.25, 2.2667, 2.2833, 2.3, 2.3167, 2.3333, 2.35, 2.3667, 2.3833, 2.4, 2.4167, 2.4333, 2.45, 2.4667, 2.4833, 2.5, 2.5167, 2.5333, 2.55, 2.5667, 2.5833, 2.6, 2.6167, 2.6333, 2.65, 2.6667, 2.6833, 2.7, 2.7167, 2.7333, 2.75, 2.7667, 2.7833, 2.8, 2.8167, 2.8333, 2.85, 2.8667, 2.8833, 2.9, 2.9167, 2.9333, 2.95, 2.9667, 2.9833, 3.0],
            "transform": [
                [1.0, 0.0, 0.0, -5e-06, 0.0, 0.0, -1.0, 0.000946, 0.0, 1.0, 0.0, 0.481877, 0.0, 0.0, 0.0, 1.0],
                [0.999959, 0.0, 0.009085, -5e-06, 0.009085, 0.0, -0.999959, 0.004203, 0.0, 1.0, 0.0, 0.480315, 0.0, 0.0, 0.0, 1.0],
                [0.99943, 0.0, 0.033769, -5e-06, 0.033769, 0.0, -0.99943, 0.013206, 0.0, 1.0, 0.0, 0.476077, 0.0, 0.0, 0.0, 1.0],
                [0.997535, 0.0, 0.070173, -5e-06, 0.070173, 0.0, -0.997535, 0.026806, 0.0, 1.0, 0.0, 0.469831, 0.0, 0.0, 0.0, 1.0],
                [0.993443, 0.0, 0.114327, -5e-06, 0.114327, 0.0, -0.993443, 0.043853, 0.0, 1.0, 0.0, 0.462246, 0.0, 0.0, 0.0, 1.0],
                [0.986763, 0.0, 0.162172, -5e-06, 0.162172, 0.0, -0.986763, 0.0632, 0.0, 1.0, 0.0, 0.453992, 0.0, 0.0, 0.0, 1.0],
                [0.977779, 0.0, 0.209638, -5e-06, 0.209638, 0.0, -0.977779, 0.083696, 0.0, 1.0, 0.0, 0.445738, 0.0, 0.0, 0.0, 1.0],
                [0.967524, 0.0, 0.25278, -5e-06, 0.25278, 0.0, -0.967524, 0.104192, 0.0, 1.0, 0.0, 0.438153, 0.0, 0.0, 0.0, 1.0],
                [0.957668, 0.0, 0.287875, -5e-06, 0.287875, 0.0, -0.957668, 0.123538, 0.0, 1.0, 0.0, 0.431907, 0.0, 0.0, 0.0, 1.0],
                [0.950269, 0.0, 0.31143, -5e-06, 0.31143, 0.0, -0.950269, 0.140586, 0.0, 1.0, 0.0, 0.427668, 0.0, 0.0, 0.0, 1.0],
                [0.947401, 0.0, 0.32005, -5e-06, 0.32005, 0.0, -0.947401, 0.154186, 0.0, 1.0, 0.0, 0.426107, 0.0, 0.0, 0.0, 1.0],
                [0.947538, 0.00118, 0.31964, -5e-06, 0.31964, 0.000182, -0.947539, 0.163651, -0.001177, 0.999999, -0.000205, 0.431413, 0.0, 0.0, 0.0, 1.0],
                [0.948331, 0.00439, 0.317251, -5e-06, 0.317251, 0.000623, -0.948341, 0.170146, -0.004361, 0.99999, -0.000801, 0.446123, 0.0, 0.0, 0.0, 1.0],
                [0.950321, 0.009131, 0.311138, -5e-06, 0.311141, 0.001149, -0.950363, 0.175298, -0.009035, 0.999958, -0.001749, 0.468429, 0.0, 0.0, 0.0, 1.0],
                [0.953968, 0.014912, 0.299537, -5e-06, 0.299548, 0.001558, -0.95408, 0.180733, -0.014694, 0.999888, -0.00298, 0.49652, 0.0, 0.0, 0.0, 1.0],
                [0.959582, 0.021245, 0.280625, -5e-06, 0.280655, 0.001624, -0.959807, 0.188077, -0.020847, 0.999773, -0.004404, 0.528586, 0.0, 0.0, 0.0, 1.0],
                [0.967206, 0.027638, 0.252484, -5e-06, 0.252551, 0.001101, -0.967583, 0.198959, -0.02702, 0.999617, -0.005915, 0.562817, 0.0, 0.0, 0.0, 1.0],
                [0.976462, 0.033575, 0.213061, -5e-06, 0.21319, -0.000257, -0.977011, 0.215003, -0.032748, 0.999436, -0.007409, 0.597404, 0.0, 0.0, 0.0, 1.0],
                [0.986337, 0.038496, 0.160178, -5e-06, 0.160398, -0.002673, -0.987049, 0.237838, -0.037569, 0.999255, -0.008811, 0.630537, 0.0, 0.0, 0.0, 1.0],
                [0.994918, 0.041773, 0.091612, -5e-06, 0.091952, -0.006298, -0.995743, 0.269091, -0.041018, 0.999107, -0.010107, 0.660405, 0.0, 0.0, 0.0, 1.0],
                [0.999074, 0.042692, 0.005333, -5e-06, 0.005814, -0.011152, -0.999921, 0.310387, -0.042629, 0.999026, -0.01139, 0.6852, 0.0, 0.0, 0.0, 1.0],
                [0.960691, 0.038088, -0.274994, -0.009357, -0.27427, -0.023194, -0.961373, 0.394362, -0.042995, 0.999005, -0.011836, 0.703582, 0.0, 0.0, 0.0, 1.0],
                [0.61373, 0.017504, -0.789322, -0.031659, -0.788359, -0.040525, -0.61388, 0.537522, -0.042733, 0.999025, -0.011072, 0.716101, 0.0, 0.0, 0.0, 1.0],
                [-0.162012, -0.017202, -0.986639, -0.058277, -0.98591, -0.039368, 0.162579, 0.717294, -0.041639, 0.999077, -0.010582, 0.72378, 0.0, 0.0, 0.0, 1.0],
                [-0.76955, -0.03883, -0.637405, -0.080579, -0.637254, -0.017765, 0.770449, 0.911108, -0.04124, 0.999088, -0.011073, 0.727638, 0.0, 0.0, 0.0, 1.0],
                [-0.982172, -0.043994, -0.182762, -0.089931, -0.183085, 0.003396, 0.983091, 1.096392, -0.042629, 0.999026, -0.01139, 0.728697, 0.0, 0.0, 0.0, 1.0],
                [-0.978431, -0.041496, 0.202363, -0.089931, 0.201698, 0.019681, 0.97925, 1.254933, -0.044617, 0.998945, -0.010887, 0.71979, 0.0, 0.0, 0.0, 1.0],
                [-0.872611, -0.034928, 0.487165, -0.089931, 0.486276, 0.031115, 0.873251, 1.385942, -0.045659, 0.998905, -0.010166, 0.695614, 0.0, 0.0, 0.0, 1.0],
                [-0.736516, -0.027395, 0.675865, -0.089931, 0.674855, 0.038184, 0.736962, 1.492988, -0.045996, 0.998895, -0.009636, 0.659988, 0.0, 0.0, 0.0, 1.0],
                [-0.60581, -0.020335, 0.79535, -0.089931, 0.794285, 0.042206, 0.606078, 1.57964, -0.045893, 0.998902, -0.009417, 0.616726, 0.0, 0.0, 0.0, 1.0],
                [-0.492507, -0.014176, 0.870193, -0.089931, 0.869117, 0.044295, 0.49262, 1.649466, -0.045529, 0.998918, -0.009495, 0.569648, 0.0, 0.0, 0.0, 1.0],
                [-0.397763, -0.008922, 0.917445, -0.089931, 0.916383, 0.045195, 0.397742, 1.706035, -0.045012, 0.998938, -0.0098, 0.522569, 0.0, 0.0, 0.0, 1.0],
                [-0.318587, -0.004439, 0.947883, -0.089931, 0.946853, 0.045362, 0.318453, 1.752915, -0.044411, 0.998961, -0.010248, 0.479308, 0.0, 0.0, 0.0, 1.0],
                [-0.250647, -0.000577, 0.968078, -0.089931, 0.967088, 0.045073, 0.250417, 1.793675, -0.043778, 0.998984, -0.010739, 0.443681, 0.0, 0.0, 0.0, 1.0],
                [-0.189335, 0.002789, 0.981909, -0.089931, 0.980964, 0.044498, 0.189026, 1.831884, -0.043165, 0.999006, -0.011161, 0.419506, 0.0, 0.0, 0.0, 1.0],
                [-0.130254, 0.005746, 0.991464, -0.089931, 0.990564, 0.043749, 0.129882, 1.871111, -0.042629, 0.999026, -0.01139, 0.410599, 0.0, 0.0, 0.0, 1.0],
                [-0.070179, 0.008357, 0.997499, -0.086847, 0.996641, 0.042903, 0.06976, 1.914704, -0.042213, 0.999044, -0.011339, 0.421468, 0.0, 0.0, 0.0, 1.0],
                [-0.008296, 0.010738, 0.999908, -0.078582, 0.999087, 0.041996, 0.007838, 1.965072, -0.041908, 0.99906, -0.011077, 0.449714, 0.0, 0.0, 0.0, 1.0],
                [0.056472, 0.01306, 0.998319, -0.066617, 0.997533, 0.041019, -0.056964, 2.024159, -0.041694, 0.999073, -0.010711, 0.488793, 0.0, 0.0, 0.0, 1.0],
                [0.126066, 0.015512, 0.9919, -0.052431, 0.991151, 0.039916, -0.126595, 2.093846, -0.041556, 0.999083, -0.010343, 0.532163, 0.0, 0.0, 0.0, 1.0],
                [0.203223, 0.018297, 0.978962, -0.037505, 0.978253, 0.038573, -0.203797, 2.176014, -0.04149, 0.999088, -0.010061, 0.573282, 0.0, 0.0, 0.0, 1.0],
                [0.291439, 0.021626, 0.956345, -0.023319, 0.955689, 0.036795, -0.292071, 2.272547, -0.041505, 0.999089, -0.009944, 0.606983, 0.0, 0.0, 0.0, 1.0],
                [0.39489, 0.025715, 0.918369, -0.011353, 0.917785, 0.034259, -0.395598, 2.385324, -0.041635, 0.999082, -0.010072, 0.633603, 0.0, 0.0, 0.0, 1.0],
                [0.517922, 0.030759, 0.854874, -0.003089, 0.854398, 0.030415, -0.518728, 2.516229, -0.041957, 0.999064, -0.010528, 0.654854, 0.0, 0.0, 0.0, 1.0],
                [0.662943, 0.036814, 0.747764, -5e-06, 0.747455, 0.024325, -0.663867, 2.667141, -0.042629, 0.999026, -0.01139, 0.672451, 0.0, 0.0, 0.0, 1.0],
                [0.825649, 0.042803, 0.562558, -5e-06, 0.562511, 0.014284, -0.826667, 2.838019, -0.043419, 0.998981, -0.012284, 0.687777, 0.0, 0.0, 0.0, 1.0],
                [0.959793, 0.045769, 0.276953, -5e-06, 0.277247, -8.6e-05, -0.960799, 3.021121, -0.043951, 0.998952, -0.012772, 0.700901, 0.0, 0.0, 0.0, 1.0],
                [0.995941, 0.043036, -0.079054, -5e-06, -0.078417, -0.016291, -0.996787, 3.206779, -0.044186, 0.998941, -0.01285, 0.711562, 0.0, 0.0, 0.0, 1.0],
                [0.903649, 0.034466, -0.426884, -5e-06, -0.426002, -0.03018, -0.904219, 3.385327, -0.044048, 0.99895, -0.01259, 0.7195, 0.0, 0.0, 0.0, 1.0],
                [0.720505, 0.022998, -0.693068, -5e-06, -0.692083, -0.038872, -0.720771, 3.547099, -0.043517, 0.99898, -0.012091, 0.724453, 0.0, 0.0, 0.0, 1.0],
                [0.514919, 0.012199, -0.857152, -5e-06, -0.856179, -0.042405, -0.514937, 3.682428, -0.042629, 0.999026, -0.01139, 0.726162, 0.0, 0.0, 0.0, 1.0],
                [0.32964, 0.003551, -0.9441, -5e-06, -0.943185, -0.042932, -0.329482, 3.789305, -0.041702, 0.999072, -0.010803, 0.725742, 0.0, 0.0, 0.0, 1.0],
                [0.170661, -0.003388, -0.985324, -5e-06, -0.984475, -0.042245, -0.170368, 3.87398, -0.041047, 0.999102, -0.010545, 0.724495, 0.0, 0.0, 0.0, 1.0],
                [0.035868, -0.009019, -0.999316, -5e-06, -0.998529, -0.040997, -0.03547, 3.939175, -0.04065, 0.999119, -0.010476, 0.722445, 0.0, 0.0, 0.0, 1.0],
                [-0.079723, -0.01372, -0.996723, -5e-06, -0.995995, -0.039505, 0.080209, 3.987611, -0.040476, 0.999125, -0.010516, 0.719616, 0.0, 0.0, 0.0, 1.0],
                [-0.181246, -0.017796, -0.983277, -5e-06, -0.982604, -0.037892, 0.181808, 4.02201, -0.040494, 0.999123, -0.010618, 0.71603, 0.0, 0.0, 0.0, 1.0],
                [-0.273169, -0.021476, -0.961727, -5e-06, -0.961106, -0.036181, 0.273801, 4.045094, -0.040677, 0.999114, -0.010757, 0.71171, 0.0, 0.0, 0.0, 1.0],
                [-0.359138, -0.02493, -0.932951, -5e-06, -0.932383, -0.034334, 0.359837, 4.059585, -0.041003, 0.999099, -0.010914, 0.706681, 0.0, 0.0, 0.0, 1.0],
                [-0.441972, -0.02828, -0.896583, -5e-06, -0.896071, -0.032268, 0.442737, 4.068203, -0.041451, 0.999079, -0.011079, 0.700964, 0.0, 0.0, 0.0, 1.0],
                [-0.523609, -0.031593, -0.851373, -5e-06, -0.850923, -0.029874, 0.524441, 4.073671, -0.042002, 0.999054, -0.011241, 0.694584, 0.0, 0.0, 0.0, 1.0],
                [-0.604958, -0.034884, -0.795493, -5e-06, -0.795116, -0.02702, 0.605856, 4.078712, -0.042629, 0.999026, -0.01139, 0.687563, 0.0, 0.0, 0.0, 1.0],
                [-0.685215, -0.038042, -0.727347, -5e-06, -0.727056, -0.023579, 0.686174, 4.085564, -0.043253, 0.998998, -0.011502, 0.679932, 0.0, 0.0, 0.0, 1.0],
                [-0.761979, -0.040897, -0.646309, -5e-06, -0.646118, -0.019511, 0.762989, 4.094542, -0.043814, 0.998973, -0.011558, 0.671757, 0.0, 0.0, 0.0, 1.0],
                [-0.832577, -0.043319, -0.552212, -5e-06, -0.552134, -0.01484, 0.833623, 4.10548, -0.044306, 0.998951, -0.011562, 0.66311, 0.0, 0.0, 0.0, 1.0],
                [-0.894096, -0.045171, -0.445592, -5e-06, -0.445637, -0.009627, 0.895162, 4.118211, -0.044725, 0.998933, -0.011523, 0.654065, 0.0, 0.0, 0.0, 1.0],
                [-0.943605, -0.046327, -0.327816, -5e-06, -0.327992, -0.003971, 0.944672, 4.132568, -0.045065, 0.998918, -0.011448, 0.644693, 0.0, 0.0, 0.0, 1.0],
                [-0.978451, -0.046682, -0.201134, -5e-06, -0.201444, 0.001988, 0.979498, 4.148385, -0.045325, 0.998908, -0.011349, 0.635069, 0.0, 0.0, 0.0, 1.0],
                [-0.996575, -0.046169, -0.068599, -5e-06, -0.069042, 0.008078, 0.997581, 4.165495, -0.045503, 0.998901, -0.011238, 0.625263, 0.0, 0.0, 0.0, 1.0],
                [-0.996805, -0.044771, 0.066149, -5e-06, 0.065577, 0.014108, 0.997748, 4.183732, -0.045603, 0.998898, -0.011127, 0.615351, 0.0, 0.0, 0.0, 1.0],
                [-0.979034, -0.042525, 0.199206, -5e-06, 0.198517, 0.019886, 0.979895, 4.202929, -0.045632, 0.998897, -0.011027, 0.605404, 0.0, 0.0, 0.0, 1.0],
                [-0.944267, -0.039521, 0.3268, -5e-06, 0.326008, 0.025239, 0.94503, 4.222918, -0.045596, 0.9989, -0.010948, 0.595495, 0.0, 0.0, 0.0, 1.0],
                [-0.894485, -0.035889, 0.445655, -5e-06, 0.444775, 0.030028, 0.895139, 4.243534, -0.045508, 0.998905, -0.010897, 0.585698, 0.0, 0.0, 0.0, 1.0],
                [-0.832399, -0.031789, 0.553265, -5e-06, 0.552316, 0.034159, 0.832935, 4.264609, -0.045378, 0.998911, -0.010877, 0.576084, 0.0, 0.0, 0.0, 1.0],
                [-0.761117, -0.027389, 0.648036, -5e-06, 0.647037, 0.037588, 0.761532, 4.285977, -0.045216, 0.998918, -0.010887, 0.566727, 0.0, 0.0, 0.0, 1.0],
                [-0.683825, -0.022852, 0.729288, -5e-06, 0.728255, 0.040314, 0.68412, 4.307473, -0.045034, 0.998926, -0.010925, 0.557701, 0.0, 0.0, 0.0, 1.0],
                [-0.603519, -0.018322, 0.797138, -5e-06, 0.796086, 0.042373, 0.603698, 4.328927, -0.044838, 0.998934, -0.010987, 0.549076, 0.0, 0.0, 0.0, 1.0],
                [-0.522822, -0.013919, 0.852329, -5e-06, 0.851273, 0.04383, 0.52289, 4.350174, -0.044635, 0.998942, -0.011066, 0.540928, 0.0, 0.0, 0.0, 1.0],
                [-0.44389, -0.009736, 0.896028, -5e-06, 0.894979, 0.044761, 0.443856, 4.371047, -0.044429, 0.99895, -0.011156, 0.533328, 0.0, 0.0, 0.0, 1.0],
                [-0.368401, -0.00584, 0.929649, -5e-06, 0.928615, 0.045253, 0.368275, 4.391381, -0.044221, 0.998958, -0.011248, 0.526349, 0.0, 0.0, 0.0, 1.0],
                [-0.297588, -0.002277, 0.954692, -5e-06, 0.953679, 0.04539, 0.297381, 4.411007, -0.044011, 0.998967, -0.011336, 0.520064, 0.0, 0.0, 0.0, 1.0],
                [-0.232307, 0.000927, 0.972642, -5e-06, 0.971656, 0.045253, 0.232029, 4.429759, -0.043799, 0.998975, -0.011413, 0.514546, 0.0, 0.0, 0.0, 1.0],
                [-0.173119, 0.003758, 0.984894, -5e-06, 0.983936, 0.044912, 0.172779, 4.447471, -0.043584, 0.998984, -0.011472, 0.509868, 0.0, 0.0, 0.0, 1.0],
                [-0.120364, 0.00621, 0.992711, -5e-06, 0.991782, 0.044431, 0.119974, 4.463976, -0.043362, 0.998993, -0.011507, 0.506102, 0.0, 0.0, 0.0, 1.0],
                [-0.074243, 0.008283, 0.997206, -5e-06, 0.996307, 0.043866, 0.073812, 4.479107, -0.043132, 0.999003, -0.011509, 0.503323, 0.0, 0.0, 0.0, 1.0],
                [-0.034881, 0.00998, 0.999342, -5e-06, 0.998471, 0.04326, 0.034418, 4.492697, -0.042888, 0.999014, -0.011473, 0.501601, 0.0, 0.0, 0.0, 1.0],
                [-0.002378, 0.011299, 0.999933, -5e-06, 0.999088, 0.042653, 0.001894, 4.50458, -0.042629, 0.999026, -0.01139, 0.501011, 0.0, 0.0, 0.0, 1.0],
                [0.026551, 0.012406, 0.999571, -5e-06, 0.99875, 0.042039, -0.027051, 4.51544, -0.042357, 0.999039, -0.011274, 0.501098, 0.0, 0.0, 0.0, 1.0],
                [0.055258, 0.013465, 0.998381, -5e-06, 0.997585, 0.041393, -0.055773, 4.52607, -0.042077, 0.999052, -0.011146, 0.501356, 0.0, 0.0, 0.0, 1.0],
                [0.083719, 0.014477, 0.996384, -5e-06, 0.995613, 0.040716, -0.084246, 4.536474, -0.041788, 0.999066, -0.011005, 0.501782, 0.0, 0.0, 0.0, 1.0],
                [0.111909, 0.01544, 0.993599, -5e-06, 0.992852, 0.040011, -0.112446, 4.546655, -0.041491, 0.99908, -0.010852, 0.502371, 0.0, 0.0, 0.0, 1.0],
                [0.139806, 0.016355, 0.990044, -5e-06, 0.989322, 0.039281, -0.140353, 4.556614, -0.041185, 0.999094, -0.010689, 0.50312, 0.0, 0.0, 0.0, 1.0],
                [0.167387, 0.017222, 0.985741, -5e-06, 0.985044, 0.038527, -0.167942, 4.566355, -0.04087, 0.999109, -0.010515, 0.504026, 0.0, 0.0, 0.0, 1.0],
                [0.194634, 0.01804, 0.98071, -5e-06, 0.980038, 0.037751, -0.195195, 4.575878, -0.040544, 0.999124, -0.010332, 0.505084, 0.0, 0.0, 0.0, 1.0],
                [0.221525, 0.018809, 0.974973, -5e-06, 0.974325, 0.036956, -0.222091, 4.585188, -0.040208, 0.99914, -0.01014, 0.506292, 0.0, 0.0, 0.0, 1.0],
                [0.248044, 0.019531, 0.968552, -5e-06, 0.967928, 0.036143, -0.248613, 4.594286, -0.039862, 0.999156, -0.009939, 0.507645, 0.0, 0.0, 0.0, 1.0],
                [0.274172, 0.020204, 0.961469, -5e-06, 0.960869, 0.035316, -0.274743, 4.603175, -0.039506, 0.999172, -0.009731, 0.509139, 0.0, 0.0, 0.0, 1.0],
                [0.299893, 0.02083, 0.953745, -5e-06, 0.95317, 0.034474, -0.300465, 4.611858, -0.039138, 0.999188, -0.009515, 0.510772, 0.0, 0.0, 0.0, 1.0],
                [0.325193, 0.021408, 0.945405, -5e-06, 0.944853, 0.033622, -0.325764, 4.620336, -0.03876, 0.999205, -0.009294, 0.512539, 0.0, 0.0, 0.0, 1.0],
                [0.350056, 0.021939, 0.936472, -5e-06, 0.935942, 0.032759, -0.350626, 4.628613, -0.038371, 0.999222, -0.009066, 0.514436, 0.0, 0.0, 0.0, 1.0],
                [0.374471, 0.022424, 0.926967, -5e-06, 0.926461, 0.031889, -0.375038, 4.636689, -0.03797, 0.99924, -0.008833, 0.516461, 0.0, 0.0, 0.0, 1.0],
                [0.398425, 0.022863, 0.916916, -5e-06, 0.916432, 0.031013, -0.398988, 4.644569, -0.037558, 0.999257, -0.008596, 0.518609, 0.0, 0.0, 0.0, 1.0],
                [0.421907, 0.023257, 0.906341, -5e-06, 0.905878, 0.030133, -0.422464, 4.652255, -0.037136, 0.999275, -0.008355, 0.520876, 0.0, 0.0, 0.0, 1.0],
                [0.444906, 0.023606, 0.895266, -5e-06, 0.894825, 0.02925, -0.445458, 4.659748, -0.036702, 0.999293, -0.00811, 0.523259, 0.0, 0.0, 0.0, 1.0],
                [0.467415, 0.023912, 0.883715, -5e-06, 0.883294, 0.028366, -0.46796, 4.667051, -0.036257, 0.999312, -0.007863, 0.525755, 0.0, 0.0, 0.0, 1.0],
                [0.489425, 0.024175, 0.87171, -5e-06, 0.87131, 0.027482, -0.489962, 4.674167, -0.035801, 0.99933, -0.007614, 0.528359, 0.0, 0.0, 0.0, 1.0],
                [0.510928, 0.024396, 0.859277, -5e-06, 0.858897, 0.0266, -0.511457, 4.681098, -0.035335, 0.999348, -0.007363, 0.531068, 0.0, 0.0, 0.0, 1.0],
                [0.531919, 0.024576, 0.846439, -5e-06, 0.846078, 0.025722, -0.532439, 4.687848, -0.034858, 0.999367, -0.007111, 0.533879, 0.0, 0.0, 0.0, 1.0],
                [0.552392, 0.024716, 0.833218, -5e-06, 0.832875, 0.024849, -0.552903, 4.694417, -0.03437, 0.999386, -0.006859, 0.536787, 0.0, 0.0, 0.0, 1.0],
                [0.572344, 0.024817, 0.819638, -5e-06, 0.819314, 0.023981, -0.572843, 4.700809, -0.033872, 0.999404, -0.006608, 0.539788, 0.0, 0.0, 0.0, 1.0],
                [0.59177, 0.02488, 0.805723, -5e-06, 0.805416, 0.023121, -0.592259, 4.707025, -0.033364, 0.999423, -0.006356, 0.54288, 0.0, 0.0, 0.0, 1.0],
                [0.610668, 0.024905, 0.791495, -5e-06, 0.791205, 0.022269, -0.611145, 4.713069, -0.032847, 0.999442, -0.006106, 0.546059, 0.0, 0.0, 0.0, 1.0],
                [0.629036, 0.024895, 0.776977, -5e-06, 0.776704, 0.021427, -0.629501, 4.718942, -0.032319, 0.99946, -0.005858, 0.54932, 0.0, 0.0, 0.0, 1.0],
                [0.646873, 0.02485, 0.762193, -5e-06, 0.761935, 0.020595, -0.647326, 4.724648, -0.031783, 0.999479, -0.005612, 0.55266, 0.0, 0.0, 0.0, 1.0],
                [0.66418, 0.024771, 0.747163, -5e-06, 0.74692, 0.019775, -0.66462, 4.730188, -0.031238, 0.999498, -0.005368, 0.556076, 0.0, 0.0, 0.0, 1.0],
                [0.680955, 0.02466, 0.73191, -5e-06, 0.731682, 0.018967, -0.681382, 4.735566, -0.030685, 0.999516, -0.005127, 0.559563, 0.0, 0.0, 0.0, 1.0],
                [0.697202, 0.024517, 0.716455, -5e-06, 0.716242, 0.018173, -0.697616, 4.740783, -0.030123, 0.999534, -0.00489, 0.563119, 0.0, 0.0, 0.0, 1.0],
                [0.712921, 0.024344, 0.700821, -5e-06, 0.700621, 0.017393, -0.713322, 4.745842, -0.029554, 0.999552, -0.004656, 0.566739, 0.0, 0.0, 0.0, 1.0],
                [0.728116, 0.024142, 0.685028, -5e-06, 0.684841, 0.016628, -0.728503, 4.750745, -0.028978, 0.99957, -0.004426, 0.57042, 0.0, 0.0, 0.0, 1.0],
                [0.74279, 0.023912, 0.669097, -5e-06, 0.668922, 0.015878, -0.743163, 4.755495, -0.028394, 0.999588, -0.004201, 0.574158, 0.0, 0.0, 0.0, 1.0],
                [0.756946, 0.023655, 0.653049, -5e-06, 0.652885, 0.015145, -0.757306, 4.760094, -0.027805, 0.999605, -0.003981, 0.577949, 0.0, 0.0, 0.0, 1.0],
                [0.77059, 0.023374, 0.636902, -5e-06, 0.63675, 0.014428, -0.770936, 4.764545, -0.027209, 0.999623, -0.003765, 0.58179, 0.0, 0.0, 0.0, 1.0],
                [0.783727, 0.023068, 0.620677, -5e-06, 0.620535, 0.013729, -0.784059, 4.76885, -0.026608, 0.99964, -0.003555, 0.585676, 0.0, 0.0, 0.0, 1.0],
                [0.796362, 0.022739, 0.604393, -5e-06, 0.604261, 0.013047, -0.79668, 4.773011, -0.026001, 0.999656, -0.00335, 0.589606, 0.0, 0.0, 0.0, 1.0],
                [0.808502, 0.022389, 0.588068, -5e-06, 0.587946, 0.012384, -0.808805, 4.777032, -0.02539, 0.999673, -0.003151, 0.593573, 0.0, 0.0, 0.0, 1.0],
                [0.820153, 0.022018, 0.571721, -5e-06, 0.571608, 0.011739, -0.820443, 4.780913, -0.024776, 0.999689, -0.002958, 0.597576, 0.0, 0.0, 0.0, 1.0],
                [0.831322, 0.021628, 0.55537, -5e-06, 0.555266, 0.011113, -0.831599, 4.784659, -0.024157, 0.999704, -0.002771, 0.60161, 0.0, 0.0, 0.0, 1.0],
                [0.842018, 0.02122, 0.539032, -5e-06, 0.538936, 0.010506, -0.842281, 4.788271, -0.023536, 0.99972, -0.00259, 0.605672, 0.0, 0.0, 0.0, 1.0],
                [0.852248, 0.020795, 0.522724, -5e-06, 0.522635, 0.009918, -0.852499, 4.791752, -0.022912, 0.999735, -0.002416, 0.609758, 0.0, 0.0, 0.0, 1.0],
                [0.862022, 0.020354, 0.506463, -5e-06, 0.506381, 0.009349, -0.862259, 4.795103, -0.022286, 0.999749, -0.002248, 0.613863, 0.0, 0.0, 0.0, 1.0],
                [0.871347, 0.019899, 0.490264, -5e-06, 0.49019, 0.0088, -0.871571, 4.798328, -0.021658, 0.999763, -0.002086, 0.617986, 0.0, 0.0, 0.0, 1.0],
                [0.880233, 0.019431, 0.474144, -5e-06, 0.474076, 0.008271, -0.880445, 4.801429, -0.02103, 0.999777, -0.001932, 0.622121, 0.0, 0.0, 0.0, 1.0],
                [0.88869, 0.018951, 0.458117, -5e-06, 0.458055, 0.007761, -0.88889, 4.804409, -0.020401, 0.99979, -0.001783, 0.626266, 0.0, 0.0, 0.0, 1.0],
                [0.896727, 0.01846, 0.442199, -5e-06, 0.442142, 0.007271, -0.896916, 4.807269, -0.019772, 0.999803, -0.001642, 0.630416, 0.0, 0.0, 0.0, 1.0],
                [0.904355, 0.017959, 0.426402, -5e-06, 0.426351, 0.0068, -0.904532, 4.810013, -0.019144, 0.999816, -0.001507, 0.634567, 0.0, 0.0, 0.0, 1.0],
                [0.911584, 0.017449, 0.410743, -5e-06, 0.410696, 0.006349, -0.91175, 4.812643, -0.018517, 0.999828, -0.001379, 0.638717, 0.0, 0.0, 0.0, 1.0],
                [0.918425, 0.016932, 0.395233, -5e-06, 0.39519, 0.005916, -0.91858, 4.815159, -0.017892, 0.999839, -0.001258, 0.642862, 0.0, 0.0, 0.0, 1.0],
                [0.924888, 0.016409, 0.379885, -5e-06, 0.379847, 0.005503, -0.925033, 4.817567, -0.017269, 0.99985, -0.001143, 0.646997, 0.0, 0.0, 0.0, 1.0],
                [0.930985, 0.01588, 0.364712, -5e-06, 0.364678, 0.005109, -0.93112, 4.819869, -0.016649, 0.999861, -0.001034, 0.65112, 0.0, 0.0, 0.0, 1.0],
                [0.936726, 0.015346, 0.349727, -5e-06, 0.349696, 0.004733, -0.936851, 4.822065, -0.016032, 0.999871, -0.000932, 0.655225, 0.0, 0.0, 0.0, 1.0],
                [0.942123, 0.014809, 0.33494, -5e-06, 0.334913, 0.004376, -0.942239, 4.824159, -0.01542, 0.999881, -0.000837, 0.659311, 0.0, 0.0, 0.0, 1.0],
                [0.947187, 0.01427, 0.320364, -5e-06, 0.320339, 0.004037, -0.947294, 4.826154, -0.014811, 0.99989, -0.000747, 0.663373, 0.0, 0.0, 0.0, 1.0],
                [0.95193, 0.013729, 0.306007, -5e-06, 0.305986, 0.003715, -0.952029, 4.828052, -0.014208, 0.999899, -0.000664, 0.667407, 0.0, 0.0, 0.0, 1.0],
                [0.956363, 0.013188, 0.291883, -5e-06, 0.291863, 0.003411, -0.956454, 4.829854, -0.01361, 0.999907, -0.000587, 0.67141, 0.0, 0.0, 0.0, 1.0],
                [0.960498, 0.012648, 0.277999, -5e-06, 0.277982, 0.003124, -0.960581, 4.831564, -0.013018, 0.999915, -0.000515, 0.675377, 0.0, 0.0, 0.0, 1.0],
                [0.964346, 0.012109, 0.264366, -5e-06, 0.264351, 0.002854, -0.964422, 4.833184, -0.012433, 0.999923, -0.000449, 0.679307, 0.0, 0.0, 0.0, 1.0],
                [0.96792, 0.011572, 0.250994, -5e-06, 0.25098, 0.002599, -0.967989, 4.834716, -0.011854, 0.99993, -0.000388, 0.683194, 0.0, 0.0, 0.0, 1.0],
                [0.971229, 0.011039, 0.23789, -5e-06, 0.237879, 0.002361, -0.971292, 4.836164, -0.011284, 0.999936, -0.000333, 0.687034, 0.0, 0.0, 0.0, 1.0],
                [0.974287, 0.01051, 0.225064, -5e-06, 0.225054, 0.002137, -0.974344, 4.837529, -0.010721, 0.999942, -0.000283, 0.690825, 0.0, 0.0, 0.0, 1.0],
                [0.977105, 0.009985, 0.212524, -5e-06, 0.212516, 0.001929, -0.977156, 4.838813, -0.010167, 0.999948, -0.000237, 0.694563, 0.0, 0.0, 0.0, 1.0],
                [0.979693, 0.009467, 0.200278, -5e-06, 0.200271, 0.001735, -0.979739, 4.84002, -0.009622, 0.999954, -0.000196, 0.698244, 0.0, 0.0, 0.0, 1.0],
                [0.982064, 0.008955, 0.188334, -5e-06, 0.188327, 0.001554, -0.982105, 4.841151, -0.009087, 0.999959, -0.00016, 0.701864, 0.0, 0.0, 0.0, 1.0],
                [0.984229, 0.00845, 0.176698, -5e-06, 0.176693, 0.001387, -0.984265, 4.842209, -0.008562, 0.999963, -0.000128, 0.70542, 0.0, 0.0, 0.0, 1.0],
                [0.986198, 0.007953, 0.165379, -5e-06, 0.165374, 0.001233, -0.98623, 4.843197, -0.008048, 0.999968, -9.9e-05, 0.708907, 0.0, 0.0, 0.0, 1.0],
                [0.987983, 0.007466, 0.154382, -5e-06, 0.154379, 0.001091, -0.988011, 4.844117, -0.007545, 0.999972, -7.4e-05, 0.712323, 0.0, 0.0, 0.0, 1.0],
                [0.989594, 0.006988, 0.143715, -5e-06, 0.143712, 0.000961, -0.989619, 4.844971, -0.007053, 0.999975, -5.3e-05, 0.715663, 0.0, 0.0, 0.0, 1.0],
                [0.991043, 0.00652, 0.133384, -5e-06, 0.133381, 0.000842, -0.991064, 4.845762, -0.006574, 0.999978, -3.5e-05, 0.718924, 0.0, 0.0, 0.0, 1.0],
                [0.992339, 0.006063, 0.123395, -5e-06, 0.123393, 0.000734, -0.992358, 4.846491, -0.006107, 0.999981, -2e-05, 0.722103, 0.0, 0.0, 0.0, 1.0],
                [0.993493, 0.005618, 0.113754, -5e-06, 0.113752, 0.000636, -0.993509, 4.847163, -0.005654, 0.999984, -7e-06, 0.725195, 0.0, 0.0, 0.0, 1.0],
                [0.994515, 0.005185, 0.104466, -5e-06, 0.104465, 0.000547, -0.994528, 4.847779, -0.005214, 0.999986, 3e-06, 0.728196, 0.0, 0.0, 0.0, 1.0],
                [0.995414, 0.004765, 0.095538, -5e-06, 0.095537, 0.000468, -0.995426, 4.848341, -0.004788, 0.999989, 1.1e-05, 0.731104, 0.0, 0.0, 0.0, 1.0],
                [0.996201, 0.004359, 0.086975, -5e-06, 0.086974, 0.000397, -0.996211, 4.848852, -0.004377, 0.99999, 1.6e-05, 0.733915, 0.0, 0.0, 0.0, 1.0],
                [0.996884, 0.003967, 0.078782, -5e-06, 0.078781, 0.000334, -0.996892, 4.849314, -0.003981, 0.999992, 2e-05, 0.736624, 0.0, 0.0, 0.0, 1.0],
                [0.997472, 0.00359, 0.070964, -5e-06, 0.070964, 0.000278, -0.997479, 4.84973, -0.003601, 0.999994, 2.3e-05, 0.739228, 0.0, 0.0, 0.0, 1.0],
                [0.997975, 0.003229, 0.063527, -5e-06, 0.063527, 0.00023, -0.99798, 4.850103, -0.003237, 0.999995, 2.4e-05, 0.741724, 0.0, 0.0, 0.0, 1.0],
                [0.9984, 0.002883, 0.056476, -5e-06, 0.056476, 0.000187, -0.998404, 4.850434, -0.002889, 0.999996, 2.4e-05, 0.744107, 0.0, 0.0, 0.0, 1.0],
                [0.998755, 0.002554, 0.049815, -5e-06, 0.049815, 0.000151, -0.998758, 4.850727, -0.002559, 0.999997, 2.3e-05, 0.746374, 0.0, 0.0, 0.0, 1.0],
                [0.999049, 0.002243, 0.043549, -5e-06, 0.043549, 0.00012, -0.999051, 4.850982, -0.002246, 0.999997, 2.2e-05, 0.748522, 0.0, 0.0, 0.0, 1.0],
                [0.999288, 0.001949, 0.037684, -5e-06, 0.037684, 9.3e-05, -0.99929, 4.851204, -0.001951, 0.999998, 2e-05, 0.750547, 0.0, 0.0, 0.0, 1.0],
                [0.999479, 0.001674, 0.032223, -5e-06, 0.032223, 7.2e-05, -0.999481, 4.851394, -0.001675, 0.999999, 1.8e-05, 0.752444, 0.0, 0.0, 0.0, 1.0],
                [0.99963, 0.001417, 0.027172, -5e-06, 0.027172, 5.4e-05, -0.999631, 4.851555, -0.001418, 0.999999, 1.5e-05, 0.754211, 0.0, 0.0, 0.0, 1.0],
                [0.999745, 0.00118, 0.022536, -5e-06, 0.022536, 3.9e-05, -0.999746, 4.85169, -0.001181, 0.999999, 1.3e-05, 0.755844, 0.0, 0.0, 0.0, 1.0],
                [0.999832, 0.000963, 0.018318, -5e-06, 0.018318, 2.8e-05, -0.999832, 4.851799, -0.000963, 1.0, 1e-05, 0.757339, 0.0, 0.0, 0.0, 1.0],
                [0.999894, 0.000767, 0.014525, -5e-06, 0.014525, 1.9e-05, -0.999894, 4.851887, -0.000767, 1.0, 8e-06, 0.758691, 0.0, 0.0, 0.0, 1.0],
                [0.999938, 0.000591, 0.01116, -5e-06, 0.01116, 1.2e-05, -0.999938, 4.851955, -0.000591, 1.0, 6e-06, 0.759899, 0.0, 0.0, 0.0, 1.0],
                [0.999966, 0.000438, 0.008228, -5e-06, 0.008228, 7e-06, -0.999966, 4.852007, -0.000438, 1.0, 4e-06, 0.760957, 0.0, 0.0, 0.0, 1.0],
                [0.999983, 0.000306, 0.005734, -5e-06, 0.005734, 4e-06, -0.999984, 4.852044, -0.000306, 1.0, 2e-06, 0.761863, 0.0, 0.0, 0.0, 1.0],
                [0.999993, 0.000197, 0.003682, -5e-06, 0.003682, 2e-06, -0.999993, 4.852068, -0.000197, 1.0, 1e-06, 0.762612, 0.0, 0.0, 0.0, 1.0],
                [0.999998, 0.000112, 0.002078, -5e-06, 0.002078, 1e-06, -0.999998, 4.852084, -0.000112, 1.0, 1e-06, 0.763201, 0.0, 0.0, 0.0, 1.0],
                [1.0, 5e-05, 0.000927, -5e-06, 0.000927, 0.0, -1.0, 4.852091, -5e-05, 1.0, 0.0, 0.763627, 0.0, 0.0, 0.0, 1.0],
                [1.0, 1.3e-05, 0.000233, -5e-06, 0.000233, 0.0, -1.0, 4.852094, -1.3e-05, 1.0, 0.0, 0.763885, 0.0, 0.0, 0.0, 1.0],
                [1.0, 0.0, 0.0, -5e-06, 0.0, 0.0, -1.0, 4.852095, 0.0, 1.0, 0.0, 0.763972, 0.0, 0.0, 0.0, 1.0]
            ]
        },
        {
            "name": "Thigh_R",
            "time": [0.0, 0.0167, 0.0333, 0.05, 0.0667, 0.0833, 0.1, 0.1167, 0.1333, 0.15, 0.1667, 0.1833, 0.2, 0.2167, 0.2333, 0.25, 0.2667, 0.2833, 0.3, 0.3167, 0.3333, 0.35, 0.3667, 0.3833, 0.4, 0.4167, 0.4333, 0.45, 0.4667, 0.4833, 0.5, 0.5167, 0.5333, 0.55, 0.5667, 0.5833, 0.6, 0.6167, 0.6333, 0.65, 0.6667, 0.6833, 0.7, 0.7167, 0.7333, 0.75, 0.7667, 0.7833, 0.8, 0.8167, 0.8333, 0.85, 0.8667, 0.8833, 0.9, 0.9167, 0.9333, 0.95, 0.9667, 0.9833, 1.0, 1.0167, 1.0333, 1.05, 1.0667, 1.0833, 1.1, 1.1167, 1.1333, 1.15, 1.1667, 1.1833, 1.2, 1.2167, 1.2333, 1.25, 1.2667, 1.2833, 1.3, 1.3167, 1.3333, 1.35, 1.3667, 1.3833, 1.4, 1.4167, 1.4333, 1.45, 1.4667, 1.4833, 1.5, 1.5167, 1.5333, 1.55, 1.5667, 1.5833, 1.6, 1.6167, 1.6333, 1.65, 1.6667, 1.6833, 1.7, 1.7167, 1.7333, 1.75, 1.7667, 1.7833, 1.8, 1.8167, 1.8333, 1.85, 1.8667, 1.8833, 1.9, 1.9167, 1.9333, 1.95, 1.9667, 1.9833, 2.0, 2.0167, 2.0333, 2.05, 2.0667, 2.0833, 2.1, 2.1167, 2.1333, 2.15, 2.1667, 2.1833, 2.2, 2.2167, 2.2333, 2.25, 2.2667, 2.2833, 2.3, 2.3167, 2.3333, 2.35, 2.3667, 2.3833, 2.4, 2.4167, 2.4333, 2.45, 2.4667, 2.4833, 2.5, 2.5167, 2.5333, 2.55, 2.5667, 2.5833, 2.6, 2.6167, 2.6333, 2.65, 2.6667, 2.6833, 2.7, 2.7167, 2.7333, 2.75, 2.7667, 2.7833, 2.8, 2.8167, 2.8333, 2.85, 2.8667, 2.8833, 2.9, 2.9167, 2.9333, 2.95, 2.9667, 2.9833, 3.0],
            "transform": [
                [0.993279, -0.104629, 0.049478, 0.124994, -0.096493, -0.512574, 0.853204, -0.002831, -0.063909, -0.852242, -0.519227, -1.2e-05, 0.0, 0.0, 0.0, 1.0],
                [0.994565, -0.095221, 0.042098, 0.124994, -0.085585, -0.517512, 0.851385, -0.002831, -0.059283, -0.850359, -0.522851, -1.2e-05, 0.0, 0.0, 0.0, 1.0],
                [0.997341, -0.069411, 0.02219, 0.124994, -0.055766, -0.53097, 0.845553, -0.002831, -0.046908, -0.84454, -0.533431, -1.2e-05, 0.0, 0.0, 0.0, 1.0],
                [0.999507, -0.030658, -0.006685, 0.124994, -0.011301, -0.550483, 0.834769, -0.002831, -0.029273, -0.83428, -0.55056, -1.2e-05, 0.0, 0.0, 0.0, 1.0],
                [0.999017, 0.017467, -0.040727, 0.124994, 0.043378, -0.573482, 0.818068, -0.002831, -0.009067, -0.819029, -0.573679, -1.2e-05, 0.0, 0.0, 0.0, 1.0],
                [0.99457, 0.071041, -0.076048, 0.124994, 0.103484, -0.597801, 0.794937, -0.002831, 0.011012, -0.798488, -0.601908, -1.2e-05, 0.0, 0.0, 0.0, 1.0],
                [0.986058, 0.125772, -0.108945, 0.124994, 0.163935, -0.622075, 0.765602, -0.002831, 0.028519, -0.772786, -0.634023, -1.2e-05, 0.0, 0.0, 0.0, 1.0],
                [0.97471, 0.177153, -0.13622, 0.124994, 0.21958, -0.645983, 0.731087, -0.002831, 0.041519, -0.742508, -0.668548, -1.2e-05, 0.0, 0.0, 0.0, 1.0],
                [0.96289, 0.220657, -0.15541, 0.124994, 0.265451, -0.670241, 0.693045, -0.002831, 0.048762, -0.708578, -0.703944, -1.2e-05, 0.0, 0.0, 0.0, 1.0],
                [0.953628, 0.251822, -0.16486, 0.124994, 0.296848, -0.696359, 0.653424, -0.002831, 0.049745, -0.67206, -0.738823, -1.2e-05, 0.0, 0.0, 0.0, 1.0],
                [0.949954, 0.266128, -0.163593, 0.124994, 0.309184, -0.726158, 0.614082, -0.002831, 0.04463, -0.633929, -0.772102, -1.2e-05, 0.0, 0.0, 0.0, 1.0],
                [0.951401, 0.267465, -0.152636, 0.124994, 0.305581, -0.75854, 0.57553, -0.002831, 0.038154, -0.594201, -0.803411, -1.2e-05, 0.0, 0.0, 0.0, 1.0],
                [0.955254, 0.263218, -0.134925, 0.124994, 0.29373, -0.790493, 0.537439, -0.002831, 0.034806, -0.553021, -0.83244, -1.2e-05, 0.0, 0.0, 0.0, 1.0],
                [0.960613, 0.25404, -0.112626, 0.124994, 0.275723, -0.820845, 0.500187, -0.002831, 0.034619, -0.511539, -0.858562, -1.2e-05, 0.0, 0.0, 0.0, 1.0],
                [0.966578, 0.24087, -0.087795, 0.124994, 0.253637, -0.848559, 0.464342, -0.002831, 0.037347, -0.471089, -0.881294, -1.2e-05, 0.0, 0.0, 0.0, 1.0],
                [0.972371, 0.224954, -0.062362, 0.124994, 0.229545, -0.872812, 0.430702, -0.002831, 0.042458, -0.433116, -0.900338, -1.2e-05, 0.0, 0.0, 0.0, 1.0],
                [0.977424, 0.207819, -0.038118, 0.124994, 0.20549, -0.893046, 0.400298, -0.002831, 0.049149, -0.399093, -0.915592, -1.2e-05, 0.0, 0.0, 0.0, 1.0],
                [0.981406, 0.191215, -0.016702, 0.124994, 0.183471, -0.908957, 0.374343, -0.002831, 0.056398, -0.370446, -0.92714, -1.2e-05, 0.0, 0.0, 0.0, 1.0],
                [0.984206, 0.177025, 0.000376, 0.124994, 0.16542, -0.920434, 0.354168, -0.002831, 0.063042, -0.348511, -0.935182, -1.2e-05, 0.0, 0.0, 0.0, 1.0],
                [0.985859, 0.167167, 0.011689, 0.124994, 0.153218, -0.927443, 0.341131, -0.002831, 0.067867, -0.334515, -0.939944, -1.2e-05, 0.0, 0.0, 0.0, 1.0],
                [0.986417, 0.163495, 0.015798, 0.124994, 0.148731, -0.929852, 0.336526, -0.002831, 0.06971, -0.329604, -0.941542, -1.2e-05, 0.0, 0.0, 0.0, 1.0],
                [0.986417, 0.163495, 0.015798, 0.124994, 0.148731, -0.929852, 0.336526, -0.002831, 0.06971, -0.329604, -0.941542, -1.2e-05, 0.0, 0.0, 0.0, 1.0],
                [0.986417, 0.163495, 0.015798, 0.124994, 0.148731, -0.929852, 0.336526, -0.002831, 0.06971, -0.329604, -0.941542, -1.2e-05, 0.0, 0.0, 0.0, 1.0],
                [0.986417, 0.163495, 0.015798, 0.124994, 0.148731, -0.929853, 0.336526, -0.002831, 0.06971, -0.329604, -0.941542, -1.2e-05, 0.0, 0.0, 0.0, 1.0],
                [0.986417, 0.163495, 0.015798, 0.124994, 0.148731, -0.929852, 0.336526, -0.002831, 0.06971, -0.329604, -0.941542, -1.2e-05, 0.0, 0.0, 0.0, 1.0],
                [0.986417, 0.163495, 0.015798, 0.124994, 0.148731, -0.929852, 0.336526, -0.002831, 0.06971, -0.329604, -0.941542, -1.2e-05, 0.0, 0.0, 0.0, 1.0],
                [0.983947, 0.178059, 0.011896, 0.124994, 0.16248, -0.921431, 0.352933, -0.002831, 0.073804, -0.345333, -0.935574, -1.2e-05, 0.0, 0.0, 0.0, 1.0],
                [0.976077, 0.217423, 0.000264, 0.124994, 0.199453, -0.895879, 0.39701, -0.002831, 0.086555, -0.387458, -0.917815, -1.2e-05, 0.0, 0.0, 0.0, 1.0],
                [0.961367, 0.274551, -0.019873, 0.124994, 0.252575, -0.851098, 0.460254, -0.002831, 0.10945, -0.447491, -0.887565, -1.2e-05, 0.0, 0.0, 0.0, 1.0],
                [0.938589, 0.341536, -0.049004, 0.124994, 0.313735, -0.785685, 0.533166, -0.002831, 0.143594, -0.515797, -0.844591, -1.2e-05, 0.0, 0.0, 0.0, 1.0],
                [0.907982, 0.410113, -0.085878, 0.124994, 0.374321, -0.701824, 0.606073, -0.002831, 0.188288, -0.582448, -0.79076, -1.2e-05, 0.0, 0.0, 0.0, 1.0],
                [0.871889, 0.473, -0.126804, 0.124994, 0.426643, -0.606598, 0.67083, -0.002831, 0.240384, -0.638988, -0.73069, -1.2e-05, 0.0, 0.0, 0.0, 1.0],
                [0.834538, 0.525357, -0.165968, 0.124994, 0.465492, -0.511192, 0.722495, -0.002831, 0.294726, -0.680205, -0.67116, -1.2e-05, 0.0, 0.0, 0.0, 1.0],
                [0.801108, 0.565363, -0.196443, 0.124994, 0.488809, -0.428615, 0.759838, -0.002831, 0.345386, -0.704733, -0.619724, -1.2e-05, 0.0, 0.0, 0.0, 1.0],
                [0.77671, 0.593406, -0.211159, 0.124994, 0.497001, -0.371465, 0.784221, -0.002831, 0.386923, -0.714058, -0.583446, -1.2e-05, 0.0, 0.0, 0.0, 1.0],
                [0.76578, 0.610126, -0.203287, 0.124994, 0.49121, -0.350895, 0.797236, -0.002831, 0.415082, -0.710362, -0.56841, -1.2e-05, 0.0, 0.0, 0.0, 1.0],
                [0.771331, 0.618324, -0.150741, 0.124994, 0.469822, -0.393426, 0.790242, -0.002831, 0.42932, -0.680358, -0.593965, -1.2e-05, 0.0, 0.0, 0.0, 1.0],
                [0.789745, 0.612011, -0.041747, 0.124994, 0.431635, -0.506048, 0.74673, -0.002831, 0.435881, -0.607745, -0.663816, -1.2e-05, 0.0, 0.0, 0.0, 1.0],
                [0.813797, 0.570491, 0.110782, 0.124994, 0.376551, -0.66282, 0.647207, -0.002831, 0.442654, -0.484979, -0.754223, -1.2e-05, 0.0, 0.0, 0.0, 1.0],
                [0.834319, 0.474801, 0.280133, 0.124994, 0.307744, -0.822733, 0.477914, -0.002831, 0.457389, -0.312523, -0.832541, -1.2e-05, 0.0, 0.0, 0.0, 1.0],
                [0.8431, 0.326332, 0.427421, 0.124994, 0.235125, -0.938521, 0.252765, -0.002831, 0.48363, -0.112609, -0.867999, -1.2e-05, 0.0, 0.0, 0.0, 1.0],
                [0.838406, 0.155337, 0.522441, 0.124994, 0.171832, -0.984976, 0.017111, -0.002831, 0.51725, 0.075426, -0.852504, -1.2e-05, 0.0, 0.0, 0.0, 1.0],
                [0.826367, 0.003986, 0.563118, 0.124994, 0.126217, -0.975843, -0.178314, -0.002831, 0.548804, 0.218428, -0.80691, -1.2e-05, 0.0, 0.0, 0.0, 1.0],
                [0.816177, -0.096651, 0.569661, 0.124994, 0.099074, -0.947898, -0.302771, -0.002831, 0.569245, 0.303553, -0.764078, -1.2e-05, 0.0, 0.0, 0.0, 1.0],
                [0.81523, -0.130428, 0.564259, 0.124994, 0.088217, -0.934972, -0.343572, -0.002831, 0.572378, 0.329868, -0.750713, -1.2e-05, 0.0, 0.0, 0.0, 1.0],
                [0.831566, -0.112263, 0.543961, 0.124994, 0.083651, -0.942874, -0.32247, -0.002831, 0.549089, 0.313658, -0.774674, -1.2e-05, 0.0, 0.0, 0.0, 1.0],
                [0.862307, -0.071303, 0.501341, 0.124994, 0.079085, -0.958924, -0.272409, -0.002831, 0.500172, 0.274548, -0.82125, -1.2e-05, 0.0, 0.0, 0.0, 1.0],
                [0.896296, -0.017612, 0.443107, 0.124994, 0.079777, -0.976503, -0.200182, -0.002831, 0.436221, 0.214772, -0.873833, -1.2e-05, 0.0, 0.0, 0.0, 1.0],
                [0.924414, 0.039394, 0.379349, 0.124994, 0.089058, -0.989448, -0.114269, -0.002831, 0.370845, 0.139416, -0.91817, -1.2e-05, 0.0, 0.0, 0.0, 1.0],
                [0.941174, 0.092539, 0.325002, 0.124994, 0.106349, -0.994014, -0.024946, -0.002831, 0.320749, 0.058042, -0.945385, -1.2e-05, 0.0, 0.0, 0.0, 1.0],
                [0.944398, 0.138247, 0.298327, 0.124994, 0.12683, -0.99026, 0.057398, -0.002831, 0.303357, -0.01637, -0.952737, -1.2e-05, 0.0, 0.0, 0.0, 1.0],
                [0.936857, 0.17658, 0.301857, 0.124994, 0.144332, -0.98145, 0.126174, -0.002831, 0.318537, -0.074639, -0.944967, -1.2e-05, 0.0, 0.0, 0.0, 1.0],
                [0.922897, 0.209843, 0.32284, 0.124994, 0.156907, -0.97063, 0.182357, -0.002831, 0.351625, -0.11764, -0.92872, -1.2e-05, 0.0, 0.0, 0.0, 1.0],
                [0.902878, 0.239522, 0.356987, 0.124994, 0.164574, -0.959722, 0.227697, -0.002831, 0.397147, -0.146831, -0.905933, -1.2e-05, 0.0, 0.0, 0.0, 1.0],
                [0.877126, 0.266266, 0.39969, 0.124994, 0.168169, -0.949827, 0.26371, -0.002831, 0.449854, -0.164091, -0.877899, -1.2e-05, 0.0, 0.0, 0.0, 1.0],
