{
    "animation": [
        {
            "name": "Root",
            "time": [0.0, 0.0167, 0.0333, 0.05, 0.0667, 0.0833, 0.1, 0.1167, 0.1333, 0.15, 0.1667, 0.1833, 0.2, 0.2167, 0.2333, 0.25, 0.2667, 0.2833, 0.3, 0.3167, 0.3333, 0.35, 0.3667, 0.3833, 0.4, 0.4167, 0.4333, 0.45, 0.4667, 0.4833, 0.5, 0.5167, 0.5333, 0.55, 0.5667, 0.5833, 0.6, 0.6167, 0.6333, 0.65, 0.6667, 0.6833, 0.7, 0.7167, 0.7333, 0.75, 0.7667, 0.7833, 0.8, 0.8167, 0.8333, 0.85, 0.8667, 0.8833, 0.9, 0.9167, 0.9333, 0.95, 0.9667, 0.9833, 1.0, 1.0167, 1.0333, 1.05, 1.0667, 1.0833, 1.1, 1.1167, 1.1333, 1.15, 1.1667, 1.1833, 1.2, 1.2167, 1.2333, 1.25, 1.2667, 1.2833, 1.3, 1.3167, 1.3333, 1.35, 1.3667, 1.3833, 1.4, 1.4167, 1.4333, 1.45, 1.4667, 1.4833, 1.5, 1.5167, 1.5333, 1.55, 1.5667, 1.5833, 1.6, 1.6167, 1.6333, 1.65, 1.6667, 1.6833, 1.7, 1.7167, 1.7333, 1.75, 1.7667, 1.7833, 1.8, 1.8167, 1.8333, 1.85, 1.8667, 1.8833, 1.9, 1.9167, 1.9333, 1.95, 1.9667, 1.9833, 2.0, 2.0167, 2.0333, 2.05, 2.0667, 2.0833, 2.1, 2.1167, 2.1333, 2.15, 2.1667, 2.1833, 2.2, 2.2167, 2.2333, 2.25, 2.2667, 2.2833, 2.3, 2.3167, 2.3333, 2.35, 2.3667, 2.3833, 2.4, 2.4167, 2.4333, 2.45, 2.4667, 2.4833, 2.5, 2.5167, 2.5333, 2.55, 2.5667, 2.5833, 2.6, 2.6167, 2.6333, 2.65, 2.6667, 2.6833, 2.7, 2.7167, 2.7333, 2.75, 2.7667, 2.7833, 2.8, 2.8167, 2.8333, 2.85, 2.8667, 2.8833, 2.9, 2.9167, 2.9333, 2.95, 2.9667, 2.9833, 3.0, 3.0167, 3.0333, 3.05, 3.0667, 3.0833, 3.1, 3.1167, 3.1333, 3.15, 3.1667, 3.1833, 3.2, 3.2167, 3.2333, 3.25, 3.2667, 3.2833, 3.3, 3.3167, 3.3333],
            "transform": [
                [0.939423, 0.0, -0.342761, -5e-06, -0.342761, 0.0, -0.939423, 0.000946, 0.0, 1.0, 0.0, 0.726511, 0.0, 0.0, 0.0, 1.0],
                [0.945243, 0.0, -0.326368, -5e-06, -0.326368, 0.0, -0.945243, 0.009511, 0.0, 1.0, 0.0, 0.7244, 0.0, 0.0, 0.0, 1.0],
                [0.960013, 0.0, -0.279954, -5e-06, -0.279954, 0.0, -0.960013, 0.033214, 0.0, 1.0, 0.0, 0.718668, 0.0, 0.0, 0.0, 1.0],
                [0.978296, 0.0, -0.20721, -5e-06, -0.20721, 0.0, -0.978296, 0.069065, 0.0, 1.0, 0.0, 0.710221, 0.0, 0.0, 0.0, 1.0],
                [0.993673, 0.0, -0.112311, -5e-06, -0.112311, 0.0, -0.993673, 0.114076, 0.0, 1.0, 0.0, 0.699964, 0.0, 0.0, 0.0, 1.0],
                [1.0, 0.0, -0.000921, -5e-06, -0.000921, 0.0, -1.0, 0.165259, 0.0, 1.0, 0.0, 0.688801, 0.0, 0.0, 0.0, 1.0],
                [0.992832, 0.0, 0.119514, -5e-06, 0.119514, 0.0, -0.992832, 0.219626, 0.0, 1.0, 0.0, 0.677639, 0.0, 0.0, 0.0, 1.0],
                [0.970675, 0.0, 0.240394, -5e-06, 0.240394, 0.0, -0.970675, 0.274187, 0.0, 1.0, 0.0, 0.667382, 0.0, 0.0, 0.0, 1.0],
                [0.93552, 0.0, 0.353272, -5e-06, 0.353272, 0.0, -0.93552, 0.325954, 0.0, 1.0, 0.0, 0.658935, 0.0, 0.0, 0.0, 1.0],
                [0.892413, 0.0, 0.451219, -5e-06, 0.451219, 0.0, -0.892413, 0.371939, 0.0, 1.0, 0.0, 0.653203, 0.0, 0.0, 0.0, 1.0],
                [0.848267, 0.0, 0.52957, -5e-06, 0.52957, 0.0, -0.848267, 0.409153, 0.0, 1.0, 0.0, 0.651092, 0.0, 0.0, 0.0, 1.0],
                [0.809396, 0.0, 0.587264, -5e-06, 0.587264, 0.0, -0.809396, 0.435738, 0.0, 1.0, 0.0, 0.653788, 0.0, 0.0, 0.0, 1.0],
                [0.776686, 0.0, 0.629888, -5e-06, 0.629888, 0.0, -0.776686, 0.454356, 0.0, 1.0, 0.0, 0.661106, 0.0, 0.0, 0.0, 1.0],
                [0.74815, 0.0, 0.66353, -5e-06, 0.66353, 0.0, -0.74815, 0.468802, 0.0, 1.0, 0.0, 0.671892, 0.0, 0.0, 0.0, 1.0],
                [0.720663, 0.0, 0.693286, -5e-06, 0.693286, 0.0, -0.720663, 0.482868, 0.0, 1.0, 0.0, 0.684988, 0.0, 0.0, 0.0, 1.0],
                [0.690341, 0.0, 0.723484, -5e-06, 0.723484, 0.0, -0.690341, 0.500348, 0.0, 1.0, 0.0, 0.69924, 0.0, 0.0, 0.0, 1.0],
                [0.652572, 0.0, 0.757727, -5e-06, 0.757727, 0.0, -0.652572, 0.525035, 0.0, 1.0, 0.0, 0.713492, 0.0, 0.0, 0.0, 1.0],
                [0.601813, 0.0, 0.798637, -5e-06, 0.798637, 0.0, -0.601813, 0.560723, 0.0, 1.0, 0.0, 0.726588, 0.0, 0.0, 0.0, 1.0],
                [0.531336, 0.0, 0.847161, -5e-06, 0.847161, 0.0, -0.531336, 0.611205, 0.0, 1.0, 0.0, 0.737373, 0.0, 0.0, 0.0, 1.0],
                [0.433205, 0.0, 0.901295, -5e-06, 0.901295, 0.0, -0.433205, 0.680274, 0.0, 1.0, 0.0, 0.744692, 0.0, 0.0, 0.0, 1.0],
                [0.299175, 0.0, 0.954199, -5e-06, 0.954199, 0.0, -0.299175, 0.771724, 0.0, 1.0, 0.0, 0.747388, 0.0, 0.0, 0.0, 1.0],
                [0.125082, 0.0, 0.992146, -5e-06, 0.992146, 0.0, -0.125082, 0.887563, 0.0, 1.0, 0.0, 0.733106, 0.0, 0.0, 0.0, 1.0],
                [-0.07613, 0.0, 0.997098, -5e-06, 0.997098, 0.0, 0.07613, 1.022663, 0.0, 1.0, 0.0, 0.697402, 0.0, 0.0, 0.0, 1.0],
                [-0.284314, 0.0, 0.958731, -5e-06, 0.958731, 0.0, 0.284314, 1.170108, 0.0, 1.0, 0.0, 0.650987, 0.0, 0.0, 0.0, 1.0],
                [-0.481941, 0.0, 0.876204, -5e-06, 0.876204, 0.0, 0.481941, 1.322985, 0.0, 1.0, 0.0, 0.604571, 0.0, 0.0, 0.0, 1.0],
                [-0.657704, 0.0, 0.753276, -5e-06, 0.753276, 0.0, 0.657704, 1.474379, 0.0, 1.0, 0.0, 0.568867, 0.0, 0.0, 0.0, 1.0],
                [-0.805976, 0.0, 0.591949, -5e-06, 0.591949, 0.0, 0.805976, 1.617377, 0.0, 1.0, 0.0, 0.554585, 0.0, 0.0, 0.0, 1.0],
                [-0.925165, 0.0, 0.379565, -5e-06, 0.379565, 0.0, 0.925165, 1.747258, 0.0, 1.0, 0.0, 0.554585, 0.0, 0.0, 0.0, 1.0],
                [-0.993665, 0.0, 0.112382, -5e-06, 0.112382, 0.0, 0.993665, 1.86807, 0.0, 1.0, 0.0, 0.554585, 0.0, 0.0, 0.0, 1.0],
                [-0.982941, 0.0, -0.18392, -5e-06, -0.18392, 0.0, 0.982941, 1.986055, 0.0, 1.0, 0.0, 0.554585, 0.0, 0.0, 0.0, 1.0],
                [-0.883031, 0.0, -0.469315, -5e-06, -0.469315, 0.0, 0.883031, 2.107457, 0.0, 1.0, 0.0, 0.554585, 0.0, 0.0, 0.0, 1.0],
                [-0.708465, 0.0, -0.705746, -5e-06, -0.705746, 0.0, 0.708465, 2.238516, 0.0, 1.0, 0.0, 0.554585, 0.0, 0.0, 0.0, 1.0],
                [-0.474358, 0.0, -0.880332, -5e-06, -0.880332, 0.0, 0.474358, 2.383701, 0.0, 1.0, 0.0, 0.560117, 0.0, 0.0, 0.0, 1.0],
                [-0.186897, 0.0, -0.982379, -5e-06, -0.982379, 0.0, 0.186897, 2.540383, 0.0, 1.0, 0.0, 0.573947, 0.0, 0.0, 0.0, 1.0],
                [0.1293, 0.0, -0.991605, -5e-06, -0.991605, 0.0, -0.1293, 2.704159, 0.0, 1.0, 0.0, 0.591926, 0.0, 0.0, 0.0, 1.0],
                [0.440229, 0.0, -0.897885, -5e-06, -0.897885, 0.0, -0.440229, 2.870624, 0.0, 1.0, 0.0, 0.609905, 0.0, 0.0, 0.0, 1.0],
                [0.7097, 0.0, -0.704504, -5e-06, -0.704504, 0.0, -0.7097, 3.035378, 0.0, 1.0, 0.0, 0.623734, 0.0, 0.0, 0.0, 1.0],
                [0.905389, 0.0, -0.424583, -5e-06, -0.424583, 0.0, -0.905389, 3.194016, 0.0, 1.0, 0.0, 0.629266, 0.0, 0.0, 0.0, 1.0],
                [0.997231, 0.0, -0.074368, -5e-06, -0.074368, 0.0, -0.997231, 3.342988, 0.0, 1.0, 0.0, 0.614345, 0.0, 0.0, 0.0, 1.0],
                [0.955911, 0.0, 0.293656, -5e-06, 0.293656, 0.0, -0.955911, 3.48216, 0.0, 1.0, 0.0, 0.577041, 0.0, 0.0, 0.0, 1.0],
                [0.799729, 0.0, 0.600361, -5e-06, 0.600361, 0.0, -0.799729, 3.612248, 0.0, 1.0, 0.0, 0.528547, 0.0, 0.0, 0.0, 1.0],
                [0.599347, 0.0, 0.800489, -5e-06, 0.800489, 0.0, -0.599347, 3.733971, 0.0, 1.0, 0.0, 0.480052, 0.0, 0.0, 0.0, 1.0],
                [0.431241, 0.0, 0.902237, -5e-06, 0.902237, 0.0, -0.431241, 3.848046, 0.0, 1.0, 0.0, 0.442748, 0.0, 0.0, 0.0, 1.0],
                [0.347211, 0.0, 0.937787, -5e-06, 0.937787, 0.0, -0.347211, 3.955191, 0.0, 1.0, 0.0, 0.427827, 0.0, 0.0, 0.0, 1.0],
                [0.31848, 0.0, 0.94793, -5e-06, 0.94793, 0.0, -0.31848, 4.056007, 0.0, 1.0, 0.0, 0.430907, 0.0, 0.0, 0.0, 1.0],
                [0.292855, 0.0, 0.956157, -5e-06, 0.956157, 0.0, -0.292855, 4.150623, 0.0, 1.0, 0.0, 0.439645, 0.0, 0.0, 0.0, 1.0],
                [0.270244, 0.0, 0.962792, -5e-06, 0.962792, 0.0, -0.270244, 4.239049, 0.0, 1.0, 0.0, 0.453286, 0.0, 0.0, 0.0, 1.0],
                [0.250518, 0.0, 0.968112, -5e-06, 0.968112, 0.0, -0.250518, 4.321299, 0.0, 1.0, 0.0, 0.471075, 0.0, 0.0, 0.0, 1.0],
                [0.233523, 0.0, 0.972351, -5e-06, 0.972351, 0.0, -0.233523, 4.397383, 0.0, 1.0, 0.0, 0.49226, 0.0, 0.0, 0.0, 1.0],
                [0.219085, 0.0, 0.975706, -5e-06, 0.975706, 0.0, -0.219085, 4.467314, 0.0, 1.0, 0.0, 0.516084, 0.0, 0.0, 0.0, 1.0],
                [0.207012, 0.0, 0.978338, -5e-06, 0.978338, 0.0, -0.207012, 4.531102, 0.0, 1.0, 0.0, 0.541795, 0.0, 0.0, 0.0, 1.0],
                [0.197108, 0.0, 0.980382, -5e-06, 0.980382, 0.0, -0.197108, 4.588761, 0.0, 1.0, 0.0, 0.568636, 0.0, 0.0, 0.0, 1.0],
                [0.189165, 0.0, 0.981945, -5e-06, 0.981945, 0.0, -0.189165, 4.640299, 0.0, 1.0, 0.0, 0.595855, 0.0, 0.0, 0.0, 1.0],
                [0.182972, 0.0, 0.983118, -5e-06, 0.983118, 0.0, -0.182972, 4.685732, 0.0, 1.0, 0.0, 0.622697, 0.0, 0.0, 0.0, 1.0],
                [0.178314, 0.0, 0.983974, -5e-06, 0.983974, 0.0, -0.178314, 4.725069, 0.0, 1.0, 0.0, 0.648408, 0.0, 0.0, 0.0, 1.0],
                [0.174974, 0.0, 0.984573, -5e-06, 0.984573, 0.0, -0.174974, 4.758322, 0.0, 1.0, 0.0, 0.672232, 0.0, 0.0, 0.0, 1.0],
                [0.172735, 0.0, 0.984968, -5e-06, 0.984968, 0.0, -0.172735, 4.785503, 0.0, 1.0, 0.0, 0.693416, 0.0, 0.0, 0.0, 1.0],
                [0.171377, 0.0, 0.985206, -5e-06, 0.985206, 0.0, -0.171377, 4.806623, 0.0, 1.0, 0.0, 0.711206, 0.0, 0.0, 0.0, 1.0],
                [0.170679, 0.0, 0.985327, -5e-06, 0.985327, 0.0, -0.170679, 4.821695, 0.0, 1.0, 0.0, 0.724847, 0.0, 0.0, 0.0, 1.0],
                [0.170422, 0.0, 0.985371, -5e-06, 0.985371, 0.0, -0.170422, 4.830729, 0.0, 1.0, 0.0, 0.733585, 0.0, 0.0, 0.0, 1.0],
                [0.170385, 0.0, 0.985378, -5e-06, 0.985378, 0.0, -0.170385, 4.833738, 0.0, 1.0, 0.0, 0.736665, 0.0, 0.0, 0.0, 1.0],
                [0.170752, 0.0, 0.985314, -5e-06, 0.985314, 0.0, -0.170752, 4.833738, 0.0, 1.0, 0.0, 0.736663, 0.0, 0.0, 0.0, 1.0],
                [0.171846, 0.0, 0.985124, -5e-06, 0.985124, 0.0, -0.171846, 4.833738, 0.0, 1.0, 0.0, 0.736656, 0.0, 0.0, 0.0, 1.0],
                [0.173659, 0.0, 0.984806, -5e-06, 0.984806, 0.0, -0.173659, 4.833738, 0.0, 1.0, 0.0, 0.736644, 0.0, 0.0, 0.0, 1.0],
                [0.176185, 0.0, 0.984357, -5e-06, 0.984357, 0.0, -0.176185, 4.833738, 0.0, 1.0, 0.0, 0.736628, 0.0, 0.0, 0.0, 1.0],
                [0.179415, 0.0, 0.983774, -5e-06, 0.983774, 0.0, -0.179415, 4.833738, 0.0, 1.0, 0.0, 0.736607, 0.0, 0.0, 0.0, 1.0],
                [0.183343, 0.0, 0.983049, -5e-06, 0.983049, 0.0, -0.183343, 4.833738, 0.0, 1.0, 0.0, 0.736581, 0.0, 0.0, 0.0, 1.0],
                [0.187962, 0.0, 0.982176, -5e-06, 0.982176, 0.0, -0.187962, 4.833738, 0.0, 1.0, 0.0, 0.736551, 0.0, 0.0, 0.0, 1.0],
                [0.193267, 0.0, 0.981146, -5e-06, 0.981146, 0.0, -0.193267, 4.833738, 0.0, 1.0, 0.0, 0.736517, 0.0, 0.0, 0.0, 1.0],
                [0.199251, 0.0, 0.979949, -5e-06, 0.979949, 0.0, -0.199251, 4.833738, 0.0, 1.0, 0.0, 0.736479, 0.0, 0.0, 0.0, 1.0],
                [0.205908, 0.0, 0.978571, -5e-06, 0.978571, 0.0, -0.205908, 4.833738, 0.0, 1.0, 0.0, 0.736436, 0.0, 0.0, 0.0, 1.0],
                [0.213233, 0.0, 0.977001, -5e-06, 0.977001, 0.0, -0.213233, 4.833738, 0.0, 1.0, 0.0, 0.736389, 0.0, 0.0, 0.0, 1.0],
                [0.221219, 0.0, 0.975224, -5e-06, 0.975224, 0.0, -0.221219, 4.833738, 0.0, 1.0, 0.0, 0.736338, 0.0, 0.0, 0.0, 1.0],
                [0.229862, 0.0, 0.973223, -5e-06, 0.973223, 0.0, -0.229862, 4.833738, 0.0, 1.0, 0.0, 0.736283, 0.0, 0.0, 0.0, 1.0],
                [0.239153, 0.0, 0.970982, -5e-06, 0.970982, 0.0, -0.239153, 4.833738, 0.0, 1.0, 0.0, 0.736224, 0.0, 0.0, 0.0, 1.0],
                [0.249089, 0.0, 0.968481, -5e-06, 0.968481, 0.0, -0.249089, 4.833738, 0.0, 1.0, 0.0, 0.73616, 0.0, 0.0, 0.0, 1.0],
                [0.25966, 0.0, 0.9657, -5e-06, 0.9657, 0.0, -0.25966, 4.833738, 0.0, 1.0, 0.0, 0.736093, 0.0, 0.0, 0.0, 1.0],
                [0.27086, 0.0, 0.962619, -5e-06, 0.962619, 0.0, -0.27086, 4.833738, 0.0, 1.0, 0.0, 0.736022, 0.0, 0.0, 0.0, 1.0],
                [0.282681, 0.0, 0.959214, -5e-06, 0.959214, 0.0, -0.282681, 4.833738, 0.0, 1.0, 0.0, 0.735948, 0.0, 0.0, 0.0, 1.0],
                [0.295114, 0.0, 0.955462, -5e-06, 0.955462, 0.0, -0.295114, 4.833738, 0.0, 1.0, 0.0, 0.735869, 0.0, 0.0, 0.0, 1.0],
                [0.308149, 0.0, 0.951338, -5e-06, 0.951338, 0.0, -0.308149, 4.833738, 0.0, 1.0, 0.0, 0.735787, 0.0, 0.0, 0.0, 1.0],
                [0.321776, 0.0, 0.946816, -5e-06, 0.946816, 0.0, -0.321776, 4.833738, 0.0, 1.0, 0.0, 0.735701, 0.0, 0.0, 0.0, 1.0],
                [0.335982, 0.0, 0.941869, -5e-06, 0.941869, 0.0, -0.335982, 4.833738, 0.0, 1.0, 0.0, 0.735612, 0.0, 0.0, 0.0, 1.0],
                [0.350754, 0.0, 0.936468, -5e-06, 0.936468, 0.0, -0.350754, 4.833738, 0.0, 1.0, 0.0, 0.735519, 0.0, 0.0, 0.0, 1.0],
                [0.366074, 0.0, 0.930586, -5e-06, 0.930586, 0.0, -0.366074, 4.833847, 0.0, 1.0, 0.0, 0.735423, 0.0, 0.0, 0.0, 1.0],
                [0.381915, 0.0, 0.924197, -5e-06, 0.924197, 0.0, -0.381915, 4.834165, 0.0, 1.0, 0.0, 0.735323, 0.0, 0.0, 0.0, 1.0],
                [0.398241, 0.0, 0.917281, -5e-06, 0.917281, 0.0, -0.398241, 4.834688, 0.0, 1.0, 0.0, 0.73522, 0.0, 0.0, 0.0, 1.0],
                [0.415019, 0.0, 0.909813, -5e-06, 0.909813, 0.0, -0.415019, 4.835407, 0.0, 1.0, 0.0, 0.735115, 0.0, 0.0, 0.0, 1.0],
                [0.432211, 0.0, 0.901773, -5e-06, 0.901773, 0.0, -0.432211, 4.836316, 0.0, 1.0, 0.0, 0.735006, 0.0, 0.0, 0.0, 1.0],
                [0.449778, 0.0, 0.89314, -5e-06, 0.89314, 0.0, -0.449778, 4.837407, 0.0, 1.0, 0.0, 0.734895, 0.0, 0.0, 0.0, 1.0],
                [0.467681, 0.0, 0.883898, -5e-06, 0.883898, 0.0, -0.467681, 4.838673, 0.0, 1.0, 0.0, 0.734781, 0.0, 0.0, 0.0, 1.0],
                [0.485876, 0.0, 0.874028, -5e-06, 0.874028, 0.0, -0.485876, 4.840108, 0.0, 1.0, 0.0, 0.734665, 0.0, 0.0, 0.0, 1.0],
                [0.504321, 0.0, 0.863517, -5e-06, 0.863517, 0.0, -0.504321, 4.841704, 0.0, 1.0, 0.0, 0.734546, 0.0, 0.0, 0.0, 1.0],
                [0.522969, 0.0, 0.852352, -5e-06, 0.852352, 0.0, -0.522969, 4.843454, 0.0, 1.0, 0.0, 0.734426, 0.0, 0.0, 0.0, 1.0],
                [0.541774, 0.0, 0.840524, -5e-06, 0.840524, 0.0, -0.541774, 4.845351, 0.0, 1.0, 0.0, 0.734303, 0.0, 0.0, 0.0, 1.0],
                [0.560689, 0.0, 0.828027, -5e-06, 0.828027, 0.0, -0.560689, 4.847387, 0.0, 1.0, 0.0, 0.734179, 0.0, 0.0, 0.0, 1.0],
                [0.579663, 0.0, 0.814856, -5e-06, 0.814856, 0.0, -0.579663, 4.849556, 0.0, 1.0, 0.0, 0.734053, 0.0, 0.0, 0.0, 1.0],
                [0.598648, 0.0, 0.801012, -5e-06, 0.801012, 0.0, -0.598648, 4.851851, 0.0, 1.0, 0.0, 0.733926, 0.0, 0.0, 0.0, 1.0],
                [0.617593, 0.0, 0.786498, -5e-06, 0.786498, 0.0, -0.617593, 4.854264, 0.0, 1.0, 0.0, 0.733798, 0.0, 0.0, 0.0, 1.0],
                [0.636448, 0.0, 0.77132, -5e-06, 0.77132, 0.0, -0.636448, 4.856788, 0.0, 1.0, 0.0, 0.733668, 0.0, 0.0, 0.0, 1.0],
                [0.655161, 0.0, 0.755489, -5e-06, 0.755489, 0.0, -0.655161, 4.859416, 0.0, 1.0, 0.0, 0.733537, 0.0, 0.0, 0.0, 1.0],
                [0.673684, 0.0, 0.739019, -5e-06, 0.739019, 0.0, -0.673684, 4.862142, 0.0, 1.0, 0.0, 0.733406, 0.0, 0.0, 0.0, 1.0],
                [0.691966, 0.0, 0.72193, -5e-06, 0.72193, 0.0, -0.691966, 4.864957, 0.0, 1.0, 0.0, 0.733274, 0.0, 0.0, 0.0, 1.0],
                [0.70996, 0.0, 0.704242, -5e-06, 0.704242, 0.0, -0.70996, 4.867855, 0.0, 1.0, 0.0, 0.733141, 0.0, 0.0, 0.0, 1.0],
                [0.727619, 0.0, 0.685982, -5e-06, 0.685982, 0.0, -0.727619, 4.870829, 0.0, 1.0, 0.0, 0.733008, 0.0, 0.0, 0.0, 1.0],
                [0.744897, 0.0, 0.667179, -5e-06, 0.667179, 0.0, -0.744897, 4.873871, 0.0, 1.0, 0.0, 0.732874, 0.0, 0.0, 0.0, 1.0],
                [0.761753, 0.0, 0.647868, -5e-06, 0.647868, 0.0, -0.761753, 4.876975, 0.0, 1.0, 0.0, 0.732741, 0.0, 0.0, 0.0, 1.0],
                [0.778145, 0.0, 0.628085, -5e-06, 0.628085, 0.0, -0.778145, 4.880133, 0.0, 1.0, 0.0, 0.732607, 0.0, 0.0, 0.0, 1.0],
                [0.794037, 0.0, 0.60787, -5e-06, 0.60787, 0.0, -0.794037, 4.883338, 0.0, 1.0, 0.0, 0.732474, 0.0, 0.0, 0.0, 1.0],
                [0.809394, 0.0, 0.587267, -5e-06, 0.587267, 0.0, -0.809394, 4.886583, 0.0, 1.0, 0.0, 0.732341, 0.0, 0.0, 0.0, 1.0],
                [0.824184, 0.0, 0.566321, -5e-06, 0.566321, 0.0, -0.824184, 4.889861, 0.0, 1.0, 0.0, 0.732209, 0.0, 0.0, 0.0, 1.0],
                [0.838382, 0.0, 0.545083, -5e-06, 0.545083, 0.0, -0.838382, 4.893165, 0.0, 1.0, 0.0, 0.732078, 0.0, 0.0, 0.0, 1.0],
                [0.851963, 0.0, 0.523602, -5e-06, 0.523602, 0.0, -0.851963, 4.896488, 0.0, 1.0, 0.0, 0.731947, 0.0, 0.0, 0.0, 1.0],
                [0.864908, 0.0, 0.501931, -5e-06, 0.501931, 0.0, -0.864908, 4.899822, 0.0, 1.0, 0.0, 0.731817, 0.0, 0.0, 0.0, 1.0],
                [0.877201, 0.0, 0.480124, -5e-06, 0.480124, 0.0, -0.877201, 4.903161, 0.0, 1.0, 0.0, 0.731689, 0.0, 0.0, 0.0, 1.0],
                [0.888831, 0.0, 0.458236, -5e-06, 0.458236, 0.0, -0.888831, 4.906497, 0.0, 1.0, 0.0, 0.731561, 0.0, 0.0, 0.0, 1.0],
                [0.89979, 0.0, 0.436323, -5e-06, 0.436323, 0.0, -0.89979, 4.909823, 0.0, 1.0, 0.0, 0.731436, 0.0, 0.0, 0.0, 1.0],
                [0.910076, 0.0, 0.414442, -5e-06, 0.414442, 0.0, -0.910076, 4.913132, 0.0, 1.0, 0.0, 0.731311, 0.0, 0.0, 0.0, 1.0],
                [0.919691, 0.0, 0.392644, -5e-06, 0.392644, 0.0, -0.919691, 4.916419, 0.0, 1.0, 0.0, 0.731189, 0.0, 0.0, 0.0, 1.0],
                [0.928649, 0.0, 0.37096, -5e-06, 0.37096, 0.0, -0.928649, 4.919681, 0.0, 1.0, 0.0, 0.731068, 0.0, 0.0, 0.0, 1.0],
                [0.936968, 0.0, 0.349416, -5e-06, 0.349416, 0.0, -0.936968, 4.922917, 0.0, 1.0, 0.0, 0.730949, 0.0, 0.0, 0.0, 1.0],
                [0.944665, 0.0, 0.328036, -5e-06, 0.328036, 0.0, -0.944665, 4.92613, 0.0, 1.0, 0.0, 0.730832, 0.0, 0.0, 0.0, 1.0],
                [0.95176, 0.0, 0.306843, -5e-06, 0.306843, 0.0, -0.95176, 4.929316, 0.0, 1.0, 0.0, 0.730717, 0.0, 0.0, 0.0, 1.0],
                [0.958272, 0.0, 0.285856, -5e-06, 0.285856, 0.0, -0.958272, 4.932477, 0.0, 1.0, 0.0, 0.730603, 0.0, 0.0, 0.0, 1.0],
                [0.964222, 0.0, 0.265097, -5e-06, 0.265097, 0.0, -0.964222, 4.935612, 0.0, 1.0, 0.0, 0.730491, 0.0, 0.0, 0.0, 1.0],
                [0.969629, 0.0, 0.244582, -5e-06, 0.244582, 0.0, -0.969629, 4.938719, 0.0, 1.0, 0.0, 0.730381, 0.0, 0.0, 0.0, 1.0],
                [0.974514, 0.0, 0.224327, -5e-06, 0.224327, 0.0, -0.974514, 4.9418, 0.0, 1.0, 0.0, 0.730272, 0.0, 0.0, 0.0, 1.0],
                [0.978898, 0.0, 0.204348, -5e-06, 0.204348, 0.0, -0.978898, 4.944853, 0.0, 1.0, 0.0, 0.730165, 0.0, 0.0, 0.0, 1.0],
                [0.982803, 0.0, 0.184658, -5e-06, 0.184658, 0.0, -0.982803, 4.947878, 0.0, 1.0, 0.0, 0.73006, 0.0, 0.0, 0.0, 1.0],
                [0.986248, 0.0, 0.165269, -5e-06, 0.165269, 0.0, -0.986248, 4.950875, 0.0, 1.0, 0.0, 0.729956, 0.0, 0.0, 0.0, 1.0],
                [0.989256, 0.0, 0.146192, -5e-06, 0.146192, 0.0, -0.989256, 4.953844, 0.0, 1.0, 0.0, 0.729855, 0.0, 0.0, 0.0, 1.0],
                [0.991847, 0.0, 0.127437, -5e-06, 0.127437, 0.0, -0.991847, 4.956784, 0.0, 1.0, 0.0, 0.729754, 0.0, 0.0, 0.0, 1.0],
                [0.99404, 0.0, 0.109012, -5e-06, 0.109012, 0.0, -0.99404, 4.959694, 0.0, 1.0, 0.0, 0.729656, 0.0, 0.0, 0.0, 1.0],
                [0.995858, 0.0, 0.090924, -5e-06, 0.090924, 0.0, -0.995858, 4.962575, 0.0, 1.0, 0.0, 0.729559, 0.0, 0.0, 0.0, 1.0],
                [0.997319, 0.0, 0.073179, -5e-06, 0.073179, 0.0, -0.997319, 4.965425, 0.0, 1.0, 0.0, 0.729464, 0.0, 0.0, 0.0, 1.0],
                [0.998443, 0.0, 0.055783, -5e-06, 0.055783, 0.0, -0.998443, 4.968246, 0.0, 1.0, 0.0, 0.72937, 0.0, 0.0, 0.0, 1.0],
                [0.999249, 0.0, 0.03874, -5e-06, 0.03874, 0.0, -0.999249, 4.971035, 0.0, 1.0, 0.0, 0.729279, 0.0, 0.0, 0.0, 1.0],
                [0.999757, 0.0, 0.022053, -5e-06, 0.022053, 0.0, -0.999757, 4.973793, 0.0, 1.0, 0.0, 0.729188, 0.0, 0.0, 0.0, 1.0],
                [0.999984, 0.0, 0.005724, -5e-06, 0.005724, 0.0, -0.999984, 4.976519, 0.0, 1.0, 0.0, 0.7291, 0.0, 0.0, 0.0, 1.0],
                [0.999948, 0.0, -0.010244, -5e-06, -0.010244, 0.0, -0.999948, 4.979213, 0.0, 1.0, 0.0, 0.729013, 0.0, 0.0, 0.0, 1.0],
                [0.999666, 0.0, -0.025851, -5e-06, -0.025851, 0.0, -0.999666, 4.981876, 0.0, 1.0, 0.0, 0.728927, 0.0, 0.0, 0.0, 1.0],
                [0.999155, 0.0, -0.041097, -5e-06, -0.041097, 0.0, -0.999155, 4.984505, 0.0, 1.0, 0.0, 0.728844, 0.0, 0.0, 0.0, 1.0],
                [0.998432, 0.0, -0.055982, -5e-06, -0.055982, 0.0, -0.998432, 4.987102, 0.0, 1.0, 0.0, 0.728762, 0.0, 0.0, 0.0, 1.0],
                [0.997511, 0.0, -0.070506, -5e-06, -0.070506, 0.0, -0.997511, 4.989664, 0.0, 1.0, 0.0, 0.728681, 0.0, 0.0, 0.0, 1.0],
                [0.996409, 0.0, -0.084672, -5e-06, -0.084672, 0.0, -0.996409, 4.992193, 0.0, 1.0, 0.0, 0.728602, 0.0, 0.0, 0.0, 1.0],
                [0.995139, 0.0, -0.09848, -5e-06, -0.09848, 0.0, -0.995139, 4.994688, 0.0, 1.0, 0.0, 0.728525, 0.0, 0.0, 0.0, 1.0],
                [0.993716, 0.0, -0.111934, -5e-06, -0.111934, 0.0, -0.993716, 4.997148, 0.0, 1.0, 0.0, 0.728449, 0.0, 0.0, 0.0, 1.0],
                [0.992152, 0.0, -0.125036, -5e-06, -0.125036, 0.0, -0.992152, 4.999573, 0.0, 1.0, 0.0, 0.728375, 0.0, 0.0, 0.0, 1.0],
                [0.990462, 0.0, -0.137789, -5e-06, -0.137789, 0.0, -0.990462, 5.001963, 0.0, 1.0, 0.0, 0.728302, 0.0, 0.0, 0.0, 1.0],
                [0.988656, 0.0, -0.150196, -5e-06, -0.150196, 0.0, -0.988656, 5.004316, 0.0, 1.0, 0.0, 0.728231, 0.0, 0.0, 0.0, 1.0],
                [0.986748, 0.0, -0.162261, -5e-06, -0.162261, 0.0, -0.986748, 5.006634, 0.0, 1.0, 0.0, 0.728161, 0.0, 0.0, 0.0, 1.0],
                [0.984748, 0.0, -0.173988, -5e-06, -0.173988, 0.0, -0.984748, 5.008915, 0.0, 1.0, 0.0, 0.728093, 0.0, 0.0, 0.0, 1.0],
                [0.982667, 0.0, -0.185381, -5e-06, -0.185381, 0.0, -0.982667, 5.011159, 0.0, 1.0, 0.0, 0.728027, 0.0, 0.0, 0.0, 1.0],
                [0.980515, 0.0, -0.196443, -5e-06, -0.196443, 0.0, -0.980515, 5.013367, 0.0, 1.0, 0.0, 0.727962, 0.0, 0.0, 0.0, 1.0],
                [0.978303, 0.0, -0.20718, -5e-06, -0.20718, 0.0, -0.978303, 5.015536, 0.0, 1.0, 0.0, 0.727898, 0.0, 0.0, 0.0, 1.0],
                [0.976039, 0.0, -0.217596, -5e-06, -0.217596, 0.0, -0.976039, 5.017667, 0.0, 1.0, 0.0, 0.727836, 0.0, 0.0, 0.0, 1.0],
                [0.973732, 0.0, -0.227696, -5e-06, -0.227696, 0.0, -0.973732, 5.01976, 0.0, 1.0, 0.0, 0.727776, 0.0, 0.0, 0.0, 1.0],
                [0.971392, 0.0, -0.237483, -5e-06, -0.237483, 0.0, -0.971392, 5.021814, 0.0, 1.0, 0.0, 0.727717, 0.0, 0.0, 0.0, 1.0],
                [0.969025, 0.0, -0.246964, -5e-06, -0.246964, 0.0, -0.969025, 5.023829, 0.0, 1.0, 0.0, 0.72766, 0.0, 0.0, 0.0, 1.0],
                [0.966639, 0.0, -0.256142, -5e-06, -0.256142, 0.0, -0.966639, 5.025805, 0.0, 1.0, 0.0, 0.727604, 0.0, 0.0, 0.0, 1.0],
                [0.964242, 0.0, -0.265022, -5e-06, -0.265022, 0.0, -0.964242, 5.02774, 0.0, 1.0, 0.0, 0.727549, 0.0, 0.0, 0.0, 1.0],
                [0.961841, 0.0, -0.273609, -5e-06, -0.273609, 0.0, -0.961841, 5.029636, 0.0, 1.0, 0.0, 0.727497, 0.0, 0.0, 0.0, 1.0],
                [0.959441, 0.0, -0.281908, -5e-06, -0.281908, 0.0, -0.959441, 5.03149, 0.0, 1.0, 0.0, 0.727445, 0.0, 0.0, 0.0, 1.0],
                [0.95705, 0.0, -0.289924, -5e-06, -0.289924, 0.0, -0.95705, 5.033303, 0.0, 1.0, 0.0, 0.727395, 0.0, 0.0, 0.0, 1.0],
                [0.954672, 0.0, -0.297661, -5e-06, -0.297661, 0.0, -0.954672, 5.035076, 0.0, 1.0, 0.0, 0.727346, 0.0, 0.0, 0.0, 1.0],
                [0.952313, 0.0, -0.305124, -5e-06, -0.305124, 0.0, -0.952313, 5.036806, 0.0, 1.0, 0.0, 0.727299, 0.0, 0.0, 0.0, 1.0],
                [0.949978, 0.0, -0.312318, -5e-06, -0.312318, 0.0, -0.949978, 5.038494, 0.0, 1.0, 0.0, 0.727254, 0.0, 0.0, 0.0, 1.0],
                [0.947672, 0.0, -0.319246, -5e-06, -0.319246, 0.0, -0.947672, 5.040139, 0.0, 1.0, 0.0, 0.727209, 0.0, 0.0, 0.0, 1.0],
                [0.945399, 0.0, -0.325914, -5e-06, -0.325914, 0.0, -0.945399, 5.041741, 0.0, 1.0, 0.0, 0.727167, 0.0, 0.0, 0.0, 1.0],
                [0.943164, 0.0, -0.332327, -5e-06, -0.332327, 0.0, -0.943164, 5.043301, 0.0, 1.0, 0.0, 0.727125, 0.0, 0.0, 0.0, 1.0],
                [0.940971, 0.0, -0.338487, -5e-06, -0.338487, 0.0, -0.940971, 5.044816, 0.0, 1.0, 0.0, 0.727085, 0.0, 0.0, 0.0, 1.0],
                [0.938823, 0.0, -0.3444, -5e-06, -0.3444, 0.0, -0.938823, 5.046287, 0.0, 1.0, 0.0, 0.727047, 0.0, 0.0, 0.0, 1.0],
                [0.936724, 0.0, -0.350069, -5e-06, -0.350069, 0.0, -0.936724, 5.047714, 0.0, 1.0, 0.0, 0.727009, 0.0, 0.0, 0.0, 1.0],
                [0.934677, 0.0, -0.355499, -5e-06, -0.355499, 0.0, -0.934677, 5.049096, 0.0, 1.0, 0.0, 0.726974, 0.0, 0.0, 0.0, 1.0],
                [0.932684, 0.0, -0.360694, -5e-06, -0.360694, 0.0, -0.932684, 5.050433, 0.0, 1.0, 0.0, 0.726939, 0.0, 0.0, 0.0, 1.0],
                [0.93075, 0.0, -0.365657, -5e-06, -0.365657, 0.0, -0.93075, 5.051723, 0.0, 1.0, 0.0, 0.726906, 0.0, 0.0, 0.0, 1.0],
                [0.928875, 0.0, -0.370392, -5e-06, -0.370392, 0.0, -0.928875, 5.052969, 0.0, 1.0, 0.0, 0.726875, 0.0, 0.0, 0.0, 1.0],
                [0.927064, 0.0, -0.374903, -5e-06, -0.374903, 0.0, -0.927064, 5.054167, 0.0, 1.0, 0.0, 0.726844, 0.0, 0.0, 0.0, 1.0],
                [0.925318, 0.0, -0.379193, -5e-06, -0.379193, 0.0, -0.925318, 5.055319, 0.0, 1.0, 0.0, 0.726816, 0.0, 0.0, 0.0, 1.0],
                [0.923638, 0.0, -0.383265, -5e-06, -0.383265, 0.0, -0.923638, 5.056424, 0.0, 1.0, 0.0, 0.726788, 0.0, 0.0, 0.0, 1.0],
                [0.922028, 0.0, -0.387124, -5e-06, -0.387124, 0.0, -0.922028, 5.057482, 0.0, 1.0, 0.0, 0.726762, 0.0, 0.0, 0.0, 1.0],
                [0.920488, 0.0, -0.390771, -5e-06, -0.390771, 0.0, -0.920488, 5.058491, 0.0, 1.0, 0.0, 0.726737, 0.0, 0.0, 0.0, 1.0],
                [0.91902, 0.0, -0.39421, -5e-06, -0.39421, 0.0, -0.91902, 5.059452, 0.0, 1.0, 0.0, 0.726714, 0.0, 0.0, 0.0, 1.0],
                [0.917626, 0.0, -0.397444, -5e-06, -0.397444, 0.0, -0.917626, 5.060365, 0.0, 1.0, 0.0, 0.726691, 0.0, 0.0, 0.0, 1.0],
                [0.916307, 0.0, -0.400476, -5e-06, -0.400476, 0.0, -0.916307, 5.061228, 0.0, 1.0, 0.0, 0.726671, 0.0, 0.0, 0.0, 1.0],
                [0.915064, 0.0, -0.403308, -5e-06, -0.403308, 0.0, -0.915064, 5.062043, 0.0, 1.0, 0.0, 0.726651, 0.0, 0.0, 0.0, 1.0],
                [0.913898, 0.0, -0.405944, -5e-06, -0.405944, 0.0, -0.913898, 5.062807, 0.0, 1.0, 0.0, 0.726633, 0.0, 0.0, 0.0, 1.0],
                [0.91281, 0.0, -0.408385, -5e-06, -0.408385, 0.0, -0.91281, 5.063521, 0.0, 1.0, 0.0, 0.726616, 0.0, 0.0, 0.0, 1.0],
                [0.911801, 0.0, -0.410633, -5e-06, -0.410633, 0.0, -0.911801, 5.064185, 0.0, 1.0, 0.0, 0.7266, 0.0, 0.0, 0.0, 1.0],
                [0.910871, 0.0, -0.412692, -5e-06, -0.412692, 0.0, -0.910871, 5.064797, 0.0, 1.0, 0.0, 0.726586, 0.0, 0.0, 0.0, 1.0],
                [0.910021, 0.0, -0.414562, -5e-06, -0.414562, 0.0, -0.910021, 5.065359, 0.0, 1.0, 0.0, 0.726573, 0.0, 0.0, 0.0, 1.0],
                [0.909251, 0.0, -0.416247, -5e-06, -0.416247, 0.0, -0.909251, 5.065868, 0.0, 1.0, 0.0, 0.726561, 0.0, 0.0, 0.0, 1.0],
                [0.908563, 0.0, -0.417748, -5e-06, -0.417748, 0.0, -0.908563, 5.066326, 0.0, 1.0, 0.0, 0.72655, 0.0, 0.0, 0.0, 1.0],
                [0.907955, 0.0, -0.419067, -5e-06, -0.419067, 0.0, -0.907955, 5.066731, 0.0, 1.0, 0.0, 0.726541, 0.0, 0.0, 0.0, 1.0],
                [0.907429, 0.0, -0.420206, -5e-06, -0.420206, 0.0, -0.907429, 5.067084, 0.0, 1.0, 0.0, 0.726533, 0.0, 0.0, 0.0, 1.0],
                [0.906984, 0.0, -0.421165, -5e-06, -0.421165, 0.0, -0.906984, 5.067383, 0.0, 1.0, 0.0, 0.726526, 0.0, 0.0, 0.0, 1.0],
                [0.90662, 0.0, -0.421948, -5e-06, -0.421948, 0.0, -0.90662, 5.067629, 0.0, 1.0, 0.0, 0.726521, 0.0, 0.0, 0.0, 1.0],
                [0.906338, 0.0, -0.422554, -5e-06, -0.422554, 0.0, -0.906338, 5.067821, 0.0, 1.0, 0.0, 0.726517, 0.0, 0.0, 0.0, 1.0],
                [0.906136, 0.0, -0.422986, -5e-06, -0.422986, 0.0, -0.906136, 5.067958, 0.0, 1.0, 0.0, 0.726514, 0.0, 0.0, 0.0, 1.0],
                [0.906016, 0.0, -0.423244, -5e-06, -0.423244, 0.0, -0.906016, 5.068041, 0.0, 1.0, 0.0, 0.726512, 0.0, 0.0, 0.0, 1.0],
                [0.905976, 0.0, -0.42333, -5e-06, -0.42333, 0.0, -0.905976, 5.068069, 0.0, 1.0, 0.0, 0.726511, 0.0, 0.0, 0.0, 1.0]
            ]
        },
        {
            "name": "Thigh_R",
            "time": [0.0, 0.0167, 0.0333, 0.05, 0.0667, 0.0833, 0.1, 0.1167, 0.1333, 0.15, 0.1667, 0.1833, 0.2, 0.2167, 0.2333, 0.25, 0.2667, 0.2833, 0.3, 0.3167, 0.3333, 0.35, 0.3667, 0.3833, 0.4, 0.4167, 0.4333, 0.45, 0.4667, 0.4833, 0.5, 0.5167, 0.5333, 0.55, 0.5667, 0.5833, 0.6, 0.6167, 0.6333, 0.65, 0.6667, 0.6833, 0.7, 0.7167, 0.7333, 0.75, 0.7667, 0.7833, 0.8, 0.8167, 0.8333, 0.85, 0.8667, 0.8833, 0.9, 0.9167, 0.9333, 0.95, 0.9667, 0.9833, 1.0, 1.0167, 1.0333, 1.05, 1.0667, 1.0833, 1.1, 1.1167, 1.1333, 1.15, 1.1667, 1.1833, 1.2, 1.2167, 1.2333, 1.25, 1.2667, 1.2833, 1.3, 1.3167, 1.3333, 1.35, 1.3667, 1.3833, 1.4, 1.4167, 1.4333, 1.45, 1.4667, 1.4833, 1.5, 1.5167, 1.5333, 1.55, 1.5667, 1.5833, 1.6, 1.6167, 1.6333, 1.65, 1.6667, 1.6833, 1.7, 1.7167, 1.7333, 1.75, 1.7667, 1.7833, 1.8, 1.8167, 1.8333, 1.85, 1.8667, 1.8833, 1.9, 1.9167, 1.9333, 1.95, 1.9667, 1.9833, 2.0, 2.0167, 2.0333, 2.05, 2.0667, 2.0833, 2.1, 2.1167, 2.1333, 2.15, 2.1667, 2.1833, 2.2, 2.2167, 2.2333, 2.25, 2.2667, 2.2833, 2.3, 2.3167, 2.3333, 2.35, 2.3667, 2.3833, 2.4, 2.4167, 2.4333, 2.45, 2.4667, 2.4833, 2.5, 2.5167, 2.5333, 2.55, 2.5667, 2.5833, 2.6, 2.6167, 2.6333, 2.65, 2.6667, 2.6833, 2.7, 2.7167, 2.7333, 2.75, 2.7667, 2.7833, 2.8, 2.8167, 2.8333, 2.85, 2.8667, 2.8833, 2.9, 2.9167, 2.9333, 2.95, 2.9667, 2.9833, 3.0, 3.0167, 3.0333, 3.05, 3.0667, 3.0833, 3.1, 3.1167, 3.1333, 3.15, 3.1667, 3.1833, 3.2, 3.2167, 3.2333, 3.25, 3.2667, 3.2833, 3.3, 3.3167, 3.3333],
            "transform": [
                [0.969192, 0.013479, 0.245937, 0.124994, -0.029684, -0.984829, 0.170956, -0.002831, 0.244511, -0.172989, -0.954091, -1.2e-05, 0.0, 0.0, 0.0, 1.0],
                [0.971366, 0.024906, 0.236279, 0.124994, -0.019097, -0.983085, 0.182138, -0.002831, 0.23682, -0.181434, -0.954462, -1.2e-05, 0.0, 0.0, 0.0, 1.0],
                [0.976289, 0.055604, 0.209206, 0.124994, 0.01023, -0.977216, 0.211991, -0.002831, 0.216227, -0.204824, -0.954617, -1.2e-05, 0.0, 0.0, 0.0, 1.0],
                [0.980869, 0.099792, 0.16714, 0.124994, 0.054872, -0.965524, 0.254456, -0.002831, 0.186771, -0.240416, -0.952532, -1.2e-05, 0.0, 0.0, 0.0, 1.0],
                [0.982015, 0.151303, 0.112929, 0.124994, 0.110971, -0.94647, 0.303109, -0.002831, 0.152745, -0.285125, -0.946241, -1.2e-05, 0.0, 0.0, 0.0, 1.0],
                [0.977658, 0.204011, 0.050634, 0.124994, 0.173725, -0.919822, 0.351773, -0.002831, 0.11834, -0.335116, -0.934716, -1.2e-05, 0.0, 0.0, 0.0, 1.0],
                [0.967481, 0.252535, -0.014325, 0.124994, 0.237464, -0.887313, 0.395326, -0.002831, 0.087123, -0.385871, -0.91843, -1.2e-05, 0.0, 0.0, 0.0, 1.0],
                [0.953143, 0.292915, -0.075623, 0.124994, 0.296186, -0.852669, 0.430379, -0.002831, 0.061583, -0.43261, -0.899475, -1.2e-05, 0.0, 0.0, 0.0, 1.0],
                [0.937918, 0.322865, -0.126754, 0.124994, 0.344183, -0.821036, 0.45545, -0.002831, 0.04298, -0.4708, -0.881192, -1.2e-05, 0.0, 0.0, 0.0, 1.0],
                [0.925926, 0.341402, -0.16157, 0.124994, 0.376375, -0.798135, 0.470447, -0.002831, 0.031657, -0.496408, -0.867511, -1.2e-05, 0.0, 0.0, 0.0, 1.0],
                [0.921185, 0.347858, -0.174392, 0.124994, 0.388134, -0.789428, 0.475556, -0.002831, 0.027755, -0.505761, -0.862227, -1.2e-05, 0.0, 0.0, 0.0, 1.0],
                [0.922128, 0.351111, -0.162482, 0.124994, 0.385206, -0.794149, 0.470044, -0.002831, 0.036003, -0.496028, -0.867559, -1.2e-05, 0.0, 0.0, 0.0, 1.0],
                [0.924447, 0.35857, -0.129705, 0.124994, 0.376811, -0.806975, 0.454755, -0.002831, 0.058392, -0.46927, -0.881122, -1.2e-05, 0.0, 0.0, 0.0, 1.0],
                [0.927009, 0.366301, -0.080478, 0.124994, 0.363701, -0.825679, 0.431246, -0.002831, 0.091518, -0.429038, -0.898638, -1.2e-05, 0.0, 0.0, 0.0, 1.0],
                [0.928683, 0.370355, -0.019591, 0.124994, 0.346617, -0.847938, 0.401066, -0.002831, 0.131925, -0.379253, -0.91584, -1.2e-05, 0.0, 0.0, 0.0, 1.0],
                [0.928833, 0.367428, 0.04758, 0.124994, 0.326032, -0.87159, 0.366103, -0.002831, 0.175987, -0.324535, -0.929358, -1.2e-05, 0.0, 0.0, 0.0, 1.0],
                [0.927604, 0.355341, 0.115252, 0.124994, 0.301951, -0.89485, 0.328733, -0.002831, 0.219946, -0.270133, -0.937364, -1.2e-05, 0.0, 0.0, 0.0, 1.0],
                [0.925967, 0.333194, 0.177668, 0.124994, 0.273784, -0.916455, 0.291802, -0.002831, 0.260052, -0.221555, -0.939833, -1.2e-05, 0.0, 0.0, 0.0, 1.0],
                [0.925539, 0.301143, 0.229541, 0.124994, 0.240312, -0.935634, 0.258525, -0.002831, 0.29262, -0.184112, -0.938337, -1.2e-05, 0.0, 0.0, 0.0, 1.0],
                [0.928206, 0.259846, 0.266293, 0.124994, 0.199778, -0.951864, 0.232464, -0.002831, 0.31388, -0.162575, -0.935441, -1.2e-05, 0.0, 0.0, 0.0, 1.0],
                [0.935609, 0.20971, 0.284001, 0.124994, 0.150095, -0.964411, 0.217667, -0.002831, 0.319541, -0.161023, -0.933791, -1.2e-05, 0.0, 0.0, 0.0, 1.0],
                [0.963045, 0.152005, 0.222346, 0.124994, 0.092728, -0.962175, 0.256157, -0.002831, 0.252873, -0.226072, -0.940716, -1.2e-05, 0.0, 0.0, 0.0, 1.0],
                [0.996029, 0.071354, 0.053241, 0.124994, 0.046562, -0.927226, 0.371591, -0.002831, 0.075881, -0.367636, -0.926869, -1.2e-05, 0.0, 0.0, 0.0, 1.0],
                [0.985168, -0.05115, -0.163789, 0.124994, 0.042834, -0.851007, 0.523401, -0.002831, -0.166158, -0.522653, -0.836197, -1.2e-05, 0.0, 0.0, 0.0, 1.0],
                [0.915892, -0.196215, -0.350202, 0.124994, 0.088885, -0.751613, 0.653586, -0.002831, -0.39146, -0.62974, -0.670958, -1.2e-05, 0.0, 0.0, 0.0, 1.0],
                [0.831105, -0.313504, -0.459325, 0.124994, 0.150107, -0.668829, 0.728103, -0.002831, -0.535474, -0.674076, -0.508809, -1.2e-05, 0.0, 0.0, 0.0, 1.0],
                [0.791883, -0.359617, -0.493554, 0.124994, 0.179084, -0.635925, 0.750684, -0.002831, -0.583823, -0.68284, -0.439179, -1.2e-05, 0.0, 0.0, 0.0, 1.0],
                [0.797716, -0.303165, -0.521286, 0.124994, 0.224424, -0.653096, 0.723255, -0.002831, -0.559717, -0.69394, -0.452949, -1.2e-05, 0.0, 0.0, 0.0, 1.0],
                [0.797445, -0.15728, -0.582532, 0.124994, 0.33667, -0.685196, 0.645877, -0.002831, -0.500734, -0.711172, -0.493456, -1.2e-05, 0.0, 0.0, 0.0, 1.0],
                [0.766768, 0.036651, -0.640878, 0.124994, 0.475617, -0.702928, 0.528846, -0.002831, -0.431109, -0.710313, -0.556416, -1.2e-05, 0.0, 0.0, 0.0, 1.0],
                [0.706386, 0.226079, -0.670751, 0.124994, 0.597618, -0.698292, 0.394004, -0.002831, -0.379304, -0.67917, -0.628374, -1.2e-05, 0.0, 0.0, 0.0, 1.0],
                [0.646054, 0.363636, -0.671106, 0.124994, 0.66866, -0.69365, 0.267847, -0.002831, -0.368114, -0.621783, -0.691286, -1.2e-05, 0.0, 0.0, 0.0, 1.0],
                [0.594735, 0.448114, -0.667446, 0.124994, 0.696117, -0.702352, 0.148731, -0.002831, -0.402134, -0.553074, -0.729655, -1.2e-05, 0.0, 0.0, 0.0, 1.0],
                [0.539304, 0.507182, -0.672247, 0.124994, 0.702721, -0.710937, 0.027377, -0.002831, -0.464041, -0.487166, -0.739821, -1.2e-05, 0.0, 0.0, 0.0, 1.0],
                [0.485216, 0.547471, -0.681792, 0.124994, 0.691134, -0.717769, -0.084498, -0.002831, -0.53563, -0.430209, -0.72665, -1.2e-05, 0.0, 0.0, 0.0, 1.0],
                [0.437007, 0.573664, -0.692772, 0.124994, 0.669076, -0.722081, -0.175879, -0.002831, -0.601134, -0.386656, -0.699381, -1.2e-05, 0.0, 0.0, 0.0, 1.0],
                [0.399323, 0.588906, -0.702659, 0.124994, 0.648012, -0.723462, -0.238076, -0.002831, -0.648553, -0.360261, -0.670515, -1.2e-05, 0.0, 0.0, 0.0, 1.0],
                [0.377338, 0.59544, -0.709271, 0.124994, 0.640768, -0.720824, -0.264248, -0.002831, -0.668605, -0.354766, -0.653535, -1.2e-05, 0.0, 0.0, 0.0, 1.0],
                [0.404153, 0.57549, -0.710965, 0.124994, 0.683854, -0.706301, -0.182976, -0.002831, -0.607457, -0.412244, -0.679006, -1.2e-05, 0.0, 0.0, 0.0, 1.0],
                [0.497219, 0.523975, -0.691536, 0.124994, 0.755699, -0.653121, 0.048483, -0.002831, -0.426254, -0.546698, -0.720713, -1.2e-05, 0.0, 0.0, 0.0, 1.0],
                [0.625128, 0.47058, -0.622711, 0.124994, 0.763592, -0.533981, 0.363028, -0.002831, -0.161682, -0.702435, -0.69314, -1.2e-05, 0.0, 0.0, 0.0, 1.0],
                [0.738124, 0.440897, -0.510668, 0.124994, 0.668375, -0.37476, 0.642517, -0.002831, 0.091906, -0.815574, -0.571306, -1.2e-05, 0.0, 0.0, 0.0, 1.0],
                [0.808121, 0.431299, -0.401148, 0.124994, 0.533076, -0.245857, 0.809557, -0.002831, 0.250536, -0.868062, -0.428599, -1.2e-05, 0.0, 0.0, 0.0, 1.0],
                [0.8439, 0.416787, -0.337818, 0.124994, 0.449064, -0.204215, 0.869849, -0.002831, 0.293554, -0.885766, -0.359502, -1.2e-05, 0.0, 0.0, 0.0, 1.0],
                [0.867331, 0.392154, -0.306514, 0.124994, 0.414687, -0.228765, 0.880739, -0.002831, 0.275266, -0.890998, -0.361038, -1.2e-05, 0.0, 0.0, 0.0, 1.0],
                [0.888776, 0.368793, -0.272154, 0.124994, 0.382547, -0.269818, 0.88366, -0.002831, 0.252456, -0.889486, -0.38089, -1.2e-05, 0.0, 0.0, 0.0, 1.0],
                [0.908295, 0.345491, -0.235869, 0.124994, 0.351666, -0.325242, 0.877809, -0.002831, 0.226561, -0.880255, -0.416915, -1.2e-05, 0.0, 0.0, 0.0, 1.0],
                [0.925909, 0.321219, -0.198768, 0.124993, 0.321154, -0.392369, 0.86192, -0.002831, 0.198875, -0.861893, -0.466461, -1.2e-05, 0.0, 0.0, 0.0, 1.0],
                [0.941591, 0.29523, -0.162001, 0.124994, 0.290327, -0.467917, 0.834723, -0.002831, 0.170632, -0.832999, -0.526302, -1.2e-05, 0.0, 0.0, 0.0, 1.0],
                [0.955281, 0.267151, -0.126755, 0.124993, 0.258805, -0.54804, 0.795406, -0.002831, 0.143027, -0.79264, -0.592675, -1.2e-05, 0.0, 0.0, 0.0, 1.0],
                [0.966922, 0.237045, -0.094185, 0.124993, 0.226567, -0.628553, 0.744034, -0.002831, 0.11717, -0.74076, -0.66147, -1.2e-05, 0.0, 0.0, 0.0, 1.0],
                [0.976494, 0.205417, -0.065289, 0.124995, 0.193963, -0.705333, 0.681823, -0.002831, 0.094007, -0.678458, -0.728599, -1.2e-05, 0.0, 0.0, 0.0, 1.0],
                [0.984052, 0.17314, -0.040782, 0.124994, 0.161654, -0.774806, 0.61118, -0.002831, 0.074222, -0.608024, -0.790441, -1.2e-05, 0.0, 0.0, 0.0, 1.0],
                [0.98974, 0.141328, -0.020991, 0.124994, 0.130503, -0.83439, 0.535499, -0.002831, 0.058166, -0.532743, -0.844276, -1.2e-05, 0.0, 0.0, 0.0, 1.0],
                [0.993785, 0.11116, -0.005837, 0.124994, 0.101435, -0.88275, 0.458759, -0.002831, 0.045843, -0.456498, -0.888542, -1.2e-05, 0.0, 0.0, 0.0, 1.0],
                [0.996475, 0.08373, 0.005123, 0.124994, 0.075309, -0.919811, 0.385061, -0.002831, 0.036954, -0.383316, -0.922877, -1.2e-05, 0.0, 0.0, 0.0, 1.0],
                [0.998122, 0.059945, 0.012589, 0.124994, 0.052833, -0.946533, 0.318246, -0.002831, 0.030993, -0.316983, -0.947925, -1.2e-05, 0.0, 0.0, 0.0, 1.0],
                [0.999028, 0.040487, 0.017381, 0.124994, 0.034537, -0.964536, 0.261676, -0.002831, 0.027359, -0.260821, -0.965, -1.2e-05, 0.0, 0.0, 0.0, 1.0],
                [0.999459, 0.025843, 0.020317, 0.124994, 0.020793, -0.975681, 0.218198, -0.002831, 0.025462, -0.217656, -0.975693, -1.2e-05, 0.0, 0.0, 0.0, 1.0],
                [0.999621, 0.016369, 0.02211, 0.124994, 0.011867, -0.981659, 0.190267, -0.002831, 0.024819, -0.189931, -0.981484, -1.2e-05, 0.0, 0.0, 0.0, 1.0],
                [0.999652, 0.012379, 0.02328, 0.124993, 0.007986, -0.983604, 0.180152, -0.002831, 0.025128, -0.179903, -0.983364, -1.2e-05, 0.0, 0.0, 0.0, 1.0],
                [0.999639, 0.011304, 0.02434, 0.124994, 0.006747, -0.983689, 0.17974, -0.002831, 0.025974, -0.17951, -0.983414, -1.2e-05, 0.0, 0.0, 0.0, 1.0],
                [0.999619, 0.010345, 0.02557, 0.124994, 0.005593, -0.983759, 0.179398, -0.002831, 0.027011, -0.179186, -0.983445, -1.2e-05, 0.0, 0.0, 0.0, 1.0],
