{
    "animation": [
        {
            "name": "Root",
            "time": [0.0, 0.0167, 0.0333, 0.05, 0.0667, 0.0833, 0.1, 0.1167, 0.1333, 0.15, 0.1667, 0.1833, 0.2, 0.2167, 0.2333, 0.25, 0.2667, 0.2833, 0.3, 0.3167, 0.3333, 0.35, 0.3667, 0.3833, 0.4, 0.4167, 0.4333, 0.45, 0.4667, 0.4833, 0.5, 0.5167, 0.5333, 0.55, 0.5667, 0.5833, 0.6, 0.6167, 0.6333, 0.65, 0.6667, 0.6833, 0.7, 0.7167, 0.7333, 0.75, 0.7667, 0.7833, 0.8, 0.8167, 0.8333, 0.85, 0.8667, 0.8833, 0.9, 0.9167, 0.9333, 0.95, 0.9667, 0.9833, 1.0, 1.0167, 1.0333, 1.05, 1.0667, 1.0833, 1.1, 1.1167, 1.1333, 1.15, 1.1667, 1.1833, 1.2, 1.2167, 1.2333, 1.25, 1.2667, 1.2833, 1.3, 1.3167, 1.3333, 1.35, 1.3667, 1.3833, 1.4, 1.4167, 1.4333, 1.45, 1.4667, 1.4833, 1.5, 1.5167, 1.5333, 1.55, 1.5667, 1.5833, 1.6, 1.6167, 1.6333, 1.65, 1.6667, 1.6833, 1.7, 1.7167, 1.7333, 1.75, 1.7667, 1.7833, 1.8],
            "transform": [
                [0.910048, 0.0, -0.414502, -5e-06, -0.414502, 0.0, -0.910048, 0.000946, 0.0, 1.0, 0.0, 0.700843, 0.0, 0.0, 0.0, 1.0],
                [0.91015, 0.0, -0.414279, -5e-06, -0.414279, 0.0, -0.91015, 0.001486, 0.0, 1.0, 0.0, 0.700843, 0.0, 0.0, 0.0, 1.0],
                [0.910648, 0.0, -0.413182, -5e-06, -0.413182, 0.0, -0.910648, 0.003659, 0.0, 1.0, 0.0, 0.700843, 0.0, 0.0, 0.0, 1.0],
                [0.911827, 0.0, -0.410575, -5e-06, -0.410575, 0.0, -0.911827, 0.008298, 0.0, 1.0, 0.0, 0.700843, 0.0, 0.0, 0.0, 1.0],
                [0.913954, 0.0, -0.405817, -5e-06, -0.405817, 0.0, -0.913954, 0.016233, 0.0, 1.0, 0.0, 0.700843, 0.0, 0.0, 0.0, 1.0],
                [0.917274, 0.0, -0.398257, -5e-06, -0.398257, 0.0, -0.917274, 0.028297, 0.0, 1.0, 0.0, 0.700843, 0.0, 0.0, 0.0, 1.0],
                [0.921985, 0.0, -0.387226, -5e-06, -0.387226, 0.0, -0.921985, 0.045321, 0.0, 1.0, 0.0, 0.700843, 0.0, 0.0, 0.0, 1.0],
                [0.928224, 0.0, -0.372023, -5e-06, -0.372023, 0.0, -0.928224, 0.068137, 0.0, 1.0, 0.0, 0.700843, 0.0, 0.0, 0.0, 1.0],
                [0.936037, 0.0, -0.351901, -5e-06, -0.351901, 0.0, -0.936037, 0.097576, 0.0, 1.0, 0.0, 0.700843, 0.0, 0.0, 0.0, 1.0],
                [0.94535, 0.0, -0.326058, -5e-06, -0.326058, 0.0, -0.94535, 0.13447, 0.0, 1.0, 0.0, 0.700843, 0.0, 0.0, 0.0, 1.0],
                [0.955919, 0.0, -0.293629, -5e-06, -0.293629, 0.0, -0.955919, 0.179652, 0.0, 1.0, 0.0, 0.700843, 0.0, 0.0, 0.0, 1.0],
                [0.967286, 0.0, -0.253688, -5e-06, -0.253688, 0.0, -0.967286, 0.233951, 0.0, 1.0, 0.0, 0.700843, 0.0, 0.0, 0.0, 1.0],
                [0.978706, 0.0, -0.205267, -5e-06, -0.205267, 0.0, -0.978706, 0.298201, 0.0, 1.0, 0.0, 0.700843, 0.0, 0.0, 0.0, 1.0],
                [0.989077, 0.0, -0.147399, -5e-06, -0.147399, 0.0, -0.989077, 0.373232, 0.0, 1.0, 0.0, 0.700843, 0.0, 0.0, 0.0, 1.0],
                [0.996859, 0.0, -0.079199, -5e-06, -0.079199, 0.0, -0.996859, 0.459877, 0.0, 1.0, 0.0, 0.700843, 0.0, 0.0, 0.0, 1.0],
                [1.0, 0.0, 0.0, -5e-06, 0.0, 0.0, -1.0, 0.558966, 0.0, 1.0, 0.0, 0.700843, 0.0, 0.0, 0.0, 1.0],
                [0.991354, 0.0, 0.131218, -5e-06, 0.131218, 0.0, -0.991354, 0.668901, 0.0, 1.0, 0.0, 0.669326, 0.0, 0.0, 0.0, 1.0],
                [0.947547, 0.0, 0.319617, -5e-06, 0.319617, 0.0, -0.947547, 0.778354, 0.0, 1.0, 0.0, 0.594171, 0.0, 0.0, 0.0, 1.0],
                [0.863053, 0.0, 0.505113, -5e-06, 0.505113, 0.0, -0.863053, 0.873569, 0.0, 1.0, 0.0, 0.50447, 0.0, 0.0, 0.0, 1.0],
                [0.771614, 0.0, 0.636091, -5e-06, 0.636091, 0.0, -0.771614, 0.940786, 0.0, 1.0, 0.0, 0.429315, 0.0, 0.0, 0.0, 1.0],
                [0.729215, 0.0, 0.684285, -5e-06, 0.684285, 0.0, -0.729215, 0.966249, 0.0, 1.0, 0.0, 0.397798, 0.0, 0.0, 0.0, 1.0],
                [0.729215, 0.0, 0.684285, -5e-06, 0.684285, 0.0, -0.729215, 0.966249, 0.0, 1.0, 0.0, 0.397798, 0.0, 0.0, 0.0, 1.0],
                [0.729215, 0.0, 0.684285, -5e-06, 0.684285, 0.0, -0.729215, 0.966249, 0.0, 1.0, 0.0, 0.397798, 0.0, 0.0, 0.0, 1.0],
                [0.729215, 0.0, 0.684285, -5e-06, 0.684285, 0.0, -0.729215, 0.966249, 0.0, 1.0, 0.0, 0.397798, 0.0, 0.0, 0.0, 1.0],
                [0.729215, 0.0, 0.684285, -5e-06, 0.684285, 0.0, -0.729215, 0.966249, 0.0, 1.0, 0.0, 0.397798, 0.0, 0.0, 0.0, 1.0],
                [0.729215, 0.0, 0.684285, -5e-06, 0.684285, 0.0, -0.729215, 0.966249, 0.0, 1.0, 0.0, 0.397798, 0.0, 0.0, 0.0, 1.0],
                [0.729215, 0.0, 0.684285, -5e-06, 0.684285, 0.0, -0.729215, 0.966249, 0.0, 1.0, 0.0, 0.397798, 0.0, 0.0, 0.0, 1.0],
                [0.729215, 0.0, 0.684285, -5e-06, 0.684285, 0.0, -0.729215, 0.966249, 0.0, 1.0, 0.0, 0.397798, 0.0, 0.0, 0.0, 1.0],
                [0.729215, 0.0, 0.684285, -5e-06, 0.684285, 0.0, -0.729215, 0.966249, 0.0, 1.0, 0.0, 0.397798, 0.0, 0.0, 0.0, 1.0],
                [0.729215, 0.0, 0.684285, -5e-06, 0.684285, 0.0, -0.729215, 0.966249, 0.0, 1.0, 0.0, 0.397798, 0.0, 0.0, 0.0, 1.0],
                [0.729215, 0.0, 0.684285, -5e-06, 0.684285, 0.0, -0.729215, 0.966249, 0.0, 1.0, 0.0, 0.397798, 0.0, 0.0, 0.0, 1.0],
                [0.729215, 0.0, 0.684285, -5e-06, 0.684285, 0.0, -0.729215, 0.966249, 0.0, 1.0, 0.0, 0.397798, 0.0, 0.0, 0.0, 1.0],
                [0.729215, 0.0, 0.684285, -5e-06, 0.684285, 0.0, -0.729215, 0.966249, 0.0, 1.0, 0.0, 0.397798, 0.0, 0.0, 0.0, 1.0],
                [0.729215, 0.0, 0.684285, -5e-06, 0.684285, 0.0, -0.729215, 0.966249, 0.0, 1.0, 0.0, 0.397798, 0.0, 0.0, 0.0, 1.0],
                [0.729215, 0.0, 0.684285, -5e-06, 0.684285, 0.0, -0.729215, 0.966249, 0.0, 1.0, 0.0, 0.397798, 0.0, 0.0, 0.0, 1.0],
                [0.729215, 0.0, 0.684285, -5e-06, 0.684285, 0.0, -0.729215, 0.966249, 0.0, 1.0, 0.0, 0.397798, 0.0, 0.0, 0.0, 1.0],
                [0.729215, 0.0, 0.684285, -5e-06, 0.684285, 0.0, -0.729215, 0.966249, 0.0, 1.0, 0.0, 0.397798, 0.0, 0.0, 0.0, 1.0],
                [0.729215, 0.0, 0.684285, -5e-06, 0.684285, 0.0, -0.729215, 0.966249, 0.0, 1.0, 0.0, 0.397798, 0.0, 0.0, 0.0, 1.0],
                [0.729215, 0.0, 0.684285, -5e-06, 0.684285, 0.0, -0.729215, 0.966249, 0.0, 1.0, 0.0, 0.397798, 0.0, 0.0, 0.0, 1.0],
                [0.729215, 0.0, 0.684285, -5e-06, 0.684285, 0.0, -0.729215, 0.966249, 0.0, 1.0, 0.0, 0.397798, 0.0, 0.0, 0.0, 1.0],
                [0.729215, 0.0, 0.684285, -5e-06, 0.684285, 0.0, -0.729215, 0.966249, 0.0, 1.0, 0.0, 0.397798, 0.0, 0.0, 0.0, 1.0],
                [0.729215, 0.0, 0.684285, -5e-06, 0.684285, 0.0, -0.729215, 0.966249, 0.0, 1.0, 0.0, 0.397798, 0.0, 0.0, 0.0, 1.0],
                [0.729215, 0.0, 0.684285, -5e-06, 0.684285, 0.0, -0.729215, 0.966249, 0.0, 1.0, 0.0, 0.397798, 0.0, 0.0, 0.0, 1.0],
                [0.729215, 0.0, 0.684285, -5e-06, 0.684285, 0.0, -0.729215, 0.966249, 0.0, 1.0, 0.0, 0.397798, 0.0, 0.0, 0.0, 1.0],
                [0.729215, 0.0, 0.684285, -5e-06, 0.684285, 0.0, -0.729215, 0.966249, 0.0, 1.0, 0.0, 0.397798, 0.0, 0.0, 0.0, 1.0],
                [0.729215, 0.0, 0.684285, -5e-06, 0.684285, 0.0, -0.729215, 0.966249, 0.0, 1.0, 0.0, 0.397798, 0.0, 0.0, 0.0, 1.0],
                [0.729215, 0.0, 0.684285, -5e-06, 0.684285, 0.0, -0.729215, 0.966249, 0.0, 1.0, 0.0, 0.397798, 0.0, 0.0, 0.0, 1.0],
                [0.729215, 0.0, 0.684285, -5e-06, 0.684285, 0.0, -0.729215, 0.966249, 0.0, 1.0, 0.0, 0.397798, 0.0, 0.0, 0.0, 1.0],
                [0.729215, 0.0, 0.684285, -5e-06, 0.684285, 0.0, -0.729215, 0.966249, 0.0, 1.0, 0.0, 0.397798, 0.0, 0.0, 0.0, 1.0],
                [0.729215, 0.0, 0.684285, -5e-06, 0.684285, 0.0, -0.729215, 0.966249, 0.0, 1.0, 0.0, 0.397798, 0.0, 0.0, 0.0, 1.0],
                [0.729215, 0.0, 0.684285, -5e-06, 0.684285, 0.0, -0.729215, 0.966249, 0.0, 1.0, 0.0, 0.397798, 0.0, 0.0, 0.0, 1.0],
                [0.729215, 0.0, 0.684285, -5e-06, 0.684285, 0.0, -0.729215, 0.966249, 0.0, 1.0, 0.0, 0.397798, 0.0, 0.0, 0.0, 1.0],
                [0.729215, 0.0, 0.684285, -5e-06, 0.684285, 0.0, -0.729215, 0.966249, 0.0, 1.0, 0.0, 0.397798, 0.0, 0.0, 0.0, 1.0],
                [0.729215, 0.0, 0.684285, -5e-06, 0.684285, 0.0, -0.729215, 0.966249, 0.0, 1.0, 0.0, 0.397798, 0.0, 0.0, 0.0, 1.0],
                [0.729215, 0.0, 0.684285, -5e-06, 0.684285, 0.0, -0.729215, 0.966249, 0.0, 1.0, 0.0, 0.397798, 0.0, 0.0, 0.0, 1.0],
                [0.729215, 0.0, 0.684285, -5e-06, 0.684285, 0.0, -0.729215, 0.966249, 0.0, 1.0, 0.0, 0.397798, 0.0, 0.0, 0.0, 1.0],
                [0.729215, 0.0, 0.684285, -5e-06, 0.684285, 0.0, -0.729215, 0.966249, 0.0, 1.0, 0.0, 0.397798, 0.0, 0.0, 0.0, 1.0],
                [0.729215, 0.0, 0.684285, -5e-06, 0.684285, 0.0, -0.729215, 0.966249, 0.0, 1.0, 0.0, 0.397798, 0.0, 0.0, 0.0, 1.0],
                [0.729215, 0.0, 0.684285, -5e-06, 0.684285, 0.0, -0.729215, 0.966249, 0.0, 1.0, 0.0, 0.397798, 0.0, 0.0, 0.0, 1.0],
                [0.729215, 0.0, 0.684285, -5e-06, 0.684285, 0.0, -0.729215, 0.966249, 0.0, 1.0, 0.0, 0.397798, 0.0, 0.0, 0.0, 1.0],
                [0.729215, 0.0, 0.684285, -5e-06, 0.684285, 0.0, -0.729215, 0.966249, 0.0, 1.0, 0.0, 0.397798, 0.0, 0.0, 0.0, 1.0],
                [0.729215, 0.0, 0.684285, -5e-06, 0.684285, 0.0, -0.729215, 0.966249, 0.0, 1.0, 0.0, 0.397798, 0.0, 0.0, 0.0, 1.0],
                [0.729215, 0.0, 0.684285, -5e-06, 0.684285, 0.0, -0.729215, 0.966249, 0.0, 1.0, 0.0, 0.397798, 0.0, 0.0, 0.0, 1.0],
                [0.729215, 0.0, 0.684285, -5e-06, 0.684285, 0.0, -0.729215, 0.966249, 0.0, 1.0, 0.0, 0.397798, 0.0, 0.0, 0.0, 1.0],
                [0.729215, 0.0, 0.684285, -5e-06, 0.684285, 0.0, -0.729215, 0.966249, 0.0, 1.0, 0.0, 0.397798, 0.0, 0.0, 0.0, 1.0],
                [0.729215, 0.0, 0.684285, -5e-06, 0.684285, 0.0, -0.729215, 0.966249, 0.0, 1.0, 0.0, 0.397798, 0.0, 0.0, 0.0, 1.0],
                [0.732768, 0.0, 0.680479, -5e-06, 0.680479, 0.0, -0.732768, 0.969193, 0.0, 1.0, 0.0, 0.399214, 0.0, 0.0, 0.0, 1.0],
                [0.742956, 0.0, 0.669341, -5e-06, 0.669341, 0.0, -0.742956, 0.9777, 0.0, 1.0, 0.0, 0.403306, 0.0, 0.0, 0.0, 1.0],
                [0.758966, 0.0, 0.65113, -5e-06, 0.65113, 0.0, -0.758966, 0.991288, 0.0, 1.0, 0.0, 0.409842, 0.0, 0.0, 0.0, 1.0],
                [0.779854, 0.0, 0.625961, -5e-06, 0.625961, 0.0, -0.779854, 1.009472, 0.0, 1.0, 0.0, 0.418589, 0.0, 0.0, 0.0, 1.0],
                [0.804554, 0.0, 0.593879, -5e-06, 0.593879, 0.0, -0.804554, 1.03177, 0.0, 1.0, 0.0, 0.429315, 0.0, 0.0, 0.0, 1.0],
                [0.83189, 0.0, 0.55494, -5e-06, 0.55494, 0.0, -0.83189, 1.057695, 0.0, 1.0, 0.0, 0.441786, 0.0, 0.0, 0.0, 1.0],
                [0.860598, 0.0, 0.509284, -5e-06, 0.509284, 0.0, -0.860598, 1.086766, 0.0, 1.0, 0.0, 0.455769, 0.0, 0.0, 0.0, 1.0],
                [0.889361, 0.0, 0.457205, -5e-06, 0.457205, 0.0, -0.889361, 1.118498, 0.0, 1.0, 0.0, 0.471033, 0.0, 0.0, 0.0, 1.0],
                [0.916863, 0.0, 0.399202, -5e-06, 0.399202, 0.0, -0.916863, 1.152407, 0.0, 1.0, 0.0, 0.487344, 0.0, 0.0, 0.0, 1.0],
                [0.941857, 0.0, 0.336015, -5e-06, 0.336015, 0.0, -0.941857, 1.18801, 0.0, 1.0, 0.0, 0.50447, 0.0, 0.0, 0.0, 1.0],
                [0.963243, 0.0, 0.268632, -5e-06, 0.268632, 0.0, -0.963243, 1.224822, 0.0, 1.0, 0.0, 0.522177, 0.0, 0.0, 0.0, 1.0],
                [0.980148, 0.0, 0.198265, -5e-06, 0.198265, 0.0, -0.980148, 1.262359, 0.0, 1.0, 0.0, 0.540234, 0.0, 0.0, 0.0, 1.0],
                [0.991992, 0.0, 0.126302, -5e-06, 0.126302, 0.0, -0.991992, 1.300139, 0.0, 1.0, 0.0, 0.558407, 0.0, 0.0, 0.0, 1.0],
                [0.998529, 0.0, 0.054228, -5e-06, 0.054228, 0.0, -0.998529, 1.337677, 0.0, 1.0, 0.0, 0.576463, 0.0, 0.0, 0.0, 1.0],
                [0.999865, 0.0, -0.016455, -5e-06, -0.016455, 0.0, -0.999865, 1.374489, 0.0, 1.0, 0.0, 0.594171, 0.0, 0.0, 0.0, 1.0],
                [0.996439, 0.0, -0.084319, -5e-06, -0.084319, 0.0, -0.996439, 1.410092, 0.0, 1.0, 0.0, 0.611297, 0.0, 0.0, 0.0, 1.0],
                [0.988976, 0.0, -0.148076, -5e-06, -0.148076, 0.0, -0.988976, 1.444001, 0.0, 1.0, 0.0, 0.627608, 0.0, 0.0, 0.0, 1.0],
                [0.97842, 0.0, -0.206626, -5e-06, -0.206626, 0.0, -0.97842, 1.475733, 0.0, 1.0, 0.0, 0.642871, 0.0, 0.0, 0.0, 1.0],
                [0.965857, 0.0, -0.259074, -5e-06, -0.259074, 0.0, -0.965857, 1.504804, 0.0, 1.0, 0.0, 0.656855, 0.0, 0.0, 0.0, 1.0],
                [0.952442, 0.0, -0.304721, -5e-06, -0.304721, 0.0, -0.952442, 1.53073, 0.0, 1.0, 0.0, 0.669326, 0.0, 0.0, 0.0, 1.0],
                [0.939326, 0.0, -0.343026, -5e-06, -0.343026, 0.0, -0.939326, 1.553027, 0.0, 1.0, 0.0, 0.680051, 0.0, 0.0, 0.0, 1.0],
                [0.927605, 0.0, -0.373562, -5e-06, -0.373562, 0.0, -0.927605, 1.571211, 0.0, 1.0, 0.0, 0.688798, 0.0, 0.0, 0.0, 1.0],
                [0.918275, 0.0, -0.395942, -5e-06, -0.395942, 0.0, -0.918275, 1.584799, 0.0, 1.0, 0.0, 0.695334, 0.0, 0.0, 0.0, 1.0],
                [0.912194, 0.0, -0.409758, -5e-06, -0.409758, 0.0, -0.912194, 1.593306, 0.0, 1.0, 0.0, 0.699427, 0.0, 0.0, 0.0, 1.0],
                [0.910048, 0.0, -0.414502, -5e-06, -0.414502, 0.0, -0.910048, 1.596249, 0.0, 1.0, 0.0, 0.700843, 0.0, 0.0, 0.0, 1.0],
                [0.910048, 0.0, -0.414502, -5e-06, -0.414502, 0.0, -0.910048, 1.596249, 0.0, 1.0, 0.0, 0.700843, 0.0, 0.0, 0.0, 1.0],
                [0.910048, 0.0, -0.414502, -5e-06, -0.414502, 0.0, -0.910048, 1.596249, 0.0, 1.0, 0.0, 0.700843, 0.0, 0.0, 0.0, 1.0],
                [0.910048, 0.0, -0.414502, -5e-06, -0.414502, 0.0, -0.910048, 1.596249, 0.0, 1.0, 0.0, 0.700843, 0.0, 0.0, 0.0, 1.0],
                [0.910048, 0.0, -0.414502, -5e-06, -0.414502, 0.0, -0.910048, 1.596249, 0.0, 1.0, 0.0, 0.700843, 0.0, 0.0, 0.0, 1.0],
                [0.910048, 0.0, -0.414502, -5e-06, -0.414502, 0.0, -0.910048, 1.596249, 0.0, 1.0, 0.0, 0.700843, 0.0, 0.0, 0.0, 1.0],
                [0.910048, 0.0, -0.414502, -5e-06, -0.414502, 0.0, -0.910048, 1.596249, 0.0, 1.0, 0.0, 0.700843, 0.0, 0.0, 0.0, 1.0],
                [0.910048, 0.0, -0.414502, -5e-06, -0.414502, 0.0, -0.910048, 1.596249, 0.0, 1.0, 0.0, 0.700843, 0.0, 0.0, 0.0, 1.0],
                [0.910048, 0.0, -0.414502, -5e-06, -0.414502, 0.0, -0.910048, 1.596249, 0.0, 1.0, 0.0, 0.700843, 0.0, 0.0, 0.0, 1.0],
                [0.910048, 0.0, -0.414502, -5e-06, -0.414502, 0.0, -0.910048, 1.596249, 0.0, 1.0, 0.0, 0.700843, 0.0, 0.0, 0.0, 1.0],
                [0.910048, 0.0, -0.414502, -5e-06, -0.414502, 0.0, -0.910048, 1.596249, 0.0, 1.0, 0.0, 0.700843, 0.0, 0.0, 0.0, 1.0],
                [0.910048, 0.0, -0.414502, -5e-06, -0.414502, 0.0, -0.910048, 1.596249, 0.0, 1.0, 0.0, 0.700843, 0.0, 0.0, 0.0, 1.0],
                [0.910048, 0.0, -0.414502, -5e-06, -0.414502, 0.0, -0.910048, 1.596249, 0.0, 1.0, 0.0, 0.700843, 0.0, 0.0, 0.0, 1.0],
                [0.910048, 0.0, -0.414502, -5e-06, -0.414502, 0.0, -0.910048, 1.596249, 0.0, 1.0, 0.0, 0.700843, 0.0, 0.0, 0.0, 1.0],
                [0.910048, 0.0, -0.414502, -5e-06, -0.414502, 0.0, -0.910048, 1.596249, 0.0, 1.0, 0.0, 0.700843, 0.0, 0.0, 0.0, 1.0],
                [0.910048, 0.0, -0.414502, -5e-06, -0.414502, 0.0, -0.910048, 1.596249, 0.0, 1.0, 0.0, 0.700843, 0.0, 0.0, 0.0, 1.0],
                [0.910048, 0.0, -0.414502, -5e-06, -0.414502, 0.0, -0.910048, 1.596249, 0.0, 1.0, 0.0, 0.700843, 0.0, 0.0, 0.0, 1.0],
                [0.910048, 0.0, -0.414502, -5e-06, -0.414502, 0.0, -0.910048, 1.596249, 0.0, 1.0, 0.0, 0.700843, 0.0, 0.0, 0.0, 1.0],
                [0.910048, 0.0, -0.414502, -5e-06, -0.414502, 0.0, -0.910048, 1.596249, 0.0, 1.0, 0.0, 0.700843, 0.0, 0.0, 0.0, 1.0]
            ]
        },
        {
            "name": "Thigh_R",
            "time": [0.0, 0.0167, 0.0333, 0.05, 0.0667, 0.0833, 0.1, 0.1167, 0.1333, 0.15, 0.1667, 0.1833, 0.2, 0.2167, 0.2333, 0.25, 0.2667, 0.2833, 0.3, 0.3167, 0.3333, 0.35, 0.3667, 0.3833, 0.4, 0.4167, 0.4333, 0.45, 0.4667, 0.4833, 0.5, 0.5167, 0.5333, 0.55, 0.5667, 0.5833, 0.6, 0.6167, 0.6333, 0.65, 0.6667, 0.6833, 0.7, 0.7167, 0.7333, 0.75, 0.7667, 0.7833, 0.8, 0.8167, 0.8333, 0.85, 0.8667, 0.8833, 0.9, 0.9167, 0.9333, 0.95, 0.9667, 0.9833, 1.0, 1.0167, 1.0333, 1.05, 1.0667, 1.0833, 1.1, 1.1167, 1.1333, 1.15, 1.1667, 1.1833, 1.2, 1.2167, 1.2333, 1.25, 1.2667, 1.2833, 1.3, 1.3167, 1.3333, 1.35, 1.3667, 1.3833, 1.4, 1.4167, 1.4333, 1.45, 1.4667, 1.4833, 1.5, 1.5167, 1.5333, 1.55, 1.5667, 1.5833, 1.6, 1.6167, 1.6333, 1.65, 1.6667, 1.6833, 1.7, 1.7167, 1.7333, 1.75, 1.7667, 1.7833, 1.8],
            "transform": [
                [0.882207, 0.226655, -0.41272, 0.124994, 0.270823, -0.961276, 0.050985, -0.002831, -0.385182, -0.156753, -0.90943, -1.2e-05, 0.0, 0.0, 0.0, 1.0],
                [0.88217, 0.225975, -0.413171, 0.124994, 0.271433, -0.96094, 0.053976, -0.002831, -0.384836, -0.159764, -0.909053, -1.2e-05, 0.0, 0.0, 0.0, 1.0],
                [0.882039, 0.223964, -0.414543, 0.124994, 0.27333, -0.959853, 0.062994, -0.002831, -0.383793, -0.16887, -0.907847, -1.2e-05, 0.0, 0.0, 0.0, 1.0],
                [0.881786, 0.220656, -0.41685, 0.124994, 0.276601, -0.957804, 0.078102, -0.002831, -0.382027, -0.18417, -0.905614, -1.2e-05, 0.0, 0.0, 0.0, 1.0],
                [0.881391, 0.216058, -0.420082, 0.124994, 0.281322, -0.954454, 0.099352, -0.002831, -0.379484, -0.205745, -0.902032, -1.2e-05, 0.0, 0.0, 0.0, 1.0],
                [0.880841, 0.21016, -0.424207, 0.124994, 0.287558, -0.949333, 0.126777, -0.002831, -0.376071, -0.233654, -0.896648, -1.2e-05, 0.0, 0.0, 0.0, 1.0],
                [0.880132, 0.202925, -0.429171, 0.124994, 0.295357, -0.941827, 0.160384, -0.002831, -0.37166, -0.267917, -0.88887, -1.2e-05, 0.0, 0.0, 0.0, 1.0],
                [0.87927, 0.194293, -0.434896, 0.124994, 0.304747, -0.931168, 0.200127, -0.002831, -0.366078, -0.308498, -0.877961, -1.2e-05, 0.0, 0.0, 0.0, 1.0],
                [0.878268, 0.184185, -0.441272, 0.124994, 0.315728, -0.916436, 0.245879, -0.002831, -0.359112, -0.355268, -0.863031, -1.2e-05, 0.0, 0.0, 0.0, 1.0],
                [0.877152, 0.172503, -0.448158, 0.124994, 0.328261, -0.89655, 0.297388, -0.002831, -0.350497, -0.407967, -0.843039, -1.2e-05, 0.0, 0.0, 0.0, 1.0],
                [0.875964, 0.159139, -0.45537, 0.124994, 0.342252, -0.870277, 0.35423, -0.002831, -0.339927, -0.466143, -0.816799, -1.2e-05, 0.0, 0.0, 0.0, 1.0],
                [0.874757, 0.143984, -0.462675, 0.124994, 0.357538, -0.836258, 0.415736, -0.002831, -0.327057, -0.529091, -0.783004, -1.2e-05, 0.0, 0.0, 0.0, 1.0],
                [0.873603, 0.126944, -0.46979, 0.124994, 0.373864, -0.793051, 0.480929, -0.002831, -0.311517, -0.595777, -0.740274, -1.2e-05, 0.0, 0.0, 0.0, 1.0],
                [0.872593, 0.107955, -0.476369, 0.124994, 0.390863, -0.73921, 0.548445, -0.002831, -0.29293, -0.664762, -0.687227, -1.2e-05, 0.0, 0.0, 0.0, 1.0],
                [0.871834, 0.08701, -0.482011, 0.124994, 0.408036, -0.673398, 0.616473, -0.002831, -0.270947, -0.734138, -0.622597, -1.2e-05, 0.0, 0.0, 0.0, 1.0],
                [0.871449, 0.064184, -0.486267, 0.124994, 0.424745, -0.594547, 0.682718, -0.002831, -0.245289, -0.801493, -0.545381, -1.2e-05, 0.0, 0.0, 0.0, 1.0],
                [0.889564, 0.07654, -0.450352, 0.124994, 0.426311, -0.493284, 0.758241, -0.002831, -0.164116, -0.866492, -0.471439, -1.2e-05, 0.0, 0.0, 0.0, 1.0],
                [0.920344, 0.149739, -0.361309, 0.124994, 0.391001, -0.37392, 0.841012, -0.002831, -0.009169, -0.915291, -0.402685, -1.2e-05, 0.0, 0.0, 0.0, 1.0],
                [0.932222, 0.255144, -0.256639, 0.124994, 0.322514, -0.264061, 0.908986, -0.002831, 0.164155, -0.930144, -0.328453, -1.2e-05, 0.0, 0.0, 0.0, 1.0],
                [0.920795, 0.34956, -0.173041, 0.124994, 0.250396, -0.189607, 0.949395, -0.002831, 0.299061, -0.917525, -0.262119, -1.2e-05, 0.0, 0.0, 0.0, 1.0],
                [0.910367, 0.389556, -0.139561, 0.124994, 0.217401, -0.16329, 0.962327, -0.002831, 0.352092, -0.90641, -0.233345, -1.2e-05, 0.0, 0.0, 0.0, 1.0],
                [0.910367, 0.389556, -0.139561, 0.124994, 0.217401, -0.16329, 0.962327, -0.002831, 0.352092, -0.90641, -0.233345, -1.2e-05, 0.0, 0.0, 0.0, 1.0],
                [0.910367, 0.389556, -0.139561, 0.124994, 0.217401, -0.16329, 0.962327, -0.002831, 0.352092, -0.90641, -0.233345, -1.2e-05, 0.0, 0.0, 0.0, 1.0],
                [0.910367, 0.389556, -0.139561, 0.124994, 0.217401, -0.16329, 0.962327, -0.002831, 0.352092, -0.90641, -0.233345, -1.2e-05, 0.0, 0.0, 0.0, 1.0],
                [0.910367, 0.389556, -0.139561, 0.124994, 0.217401, -0.16329, 0.962327, -0.002831, 0.352092, -0.90641, -0.233345, -1.2e-05, 0.0, 0.0, 0.0, 1.0],
                [0.910367, 0.389556, -0.139561, 0.124994, 0.217401, -0.16329, 0.962327, -0.002831, 0.352092, -0.90641, -0.233345, -1.2e-05, 0.0, 0.0, 0.0, 1.0],
                [0.910367, 0.389556, -0.139561, 0.124994, 0.217401, -0.16329, 0.962327, -0.002831, 0.352092, -0.90641, -0.233345, -1.2e-05, 0.0, 0.0, 0.0, 1.0],
                [0.910367, 0.389556, -0.139561, 0.124994, 0.217401, -0.16329, 0.962327, -0.002831, 0.352092, -0.90641, -0.233345, -1.2e-05, 0.0, 0.0, 0.0, 1.0],
                [0.910367, 0.389556, -0.139561, 0.124994, 0.217401, -0.16329, 0.962327, -0.002831, 0.352092, -0.90641, -0.233345, -1.2e-05, 0.0, 0.0, 0.0, 1.0],
                [0.910367, 0.389556, -0.139561, 0.124994, 0.217401, -0.16329, 0.962327, -0.002831, 0.352092, -0.90641, -0.233345, -1.2e-05, 0.0, 0.0, 0.0, 1.0],
                [0.910367, 0.389556, -0.139561, 0.124994, 0.217401, -0.16329, 0.962327, -0.002831, 0.352092, -0.90641, -0.233345, -1.2e-05, 0.0, 0.0, 0.0, 1.0],
                [0.910367, 0.389556, -0.139561, 0.124994, 0.217401, -0.16329, 0.962327, -0.002831, 0.352092, -0.90641, -0.233345, -1.2e-05, 0.0, 0.0, 0.0, 1.0],
                [0.910367, 0.389556, -0.139561, 0.124994, 0.217401, -0.16329, 0.962327, -0.002831, 0.352092, -0.90641, -0.233345, -1.2e-05, 0.0, 0.0, 0.0, 1.0],
                [0.910367, 0.389556, -0.139561, 0.124994, 0.217401, -0.16329, 0.962327, -0.002831, 0.352092, -0.90641, -0.233345, -1.2e-05, 0.0, 0.0, 0.0, 1.0],
                [0.910367, 0.389556, -0.139561, 0.124994, 0.217401, -0.16329, 0.962327, -0.002831, 0.352092, -0.90641, -0.233345, -1.2e-05, 0.0, 0.0, 0.0, 1.0],
                [0.910367, 0.389556, -0.139561, 0.124994, 0.217401, -0.16329, 0.962327, -0.002831, 0.352092, -0.90641, -0.233345, -1.2e-05, 0.0, 0.0, 0.0, 1.0],
                [0.910367, 0.389556, -0.139561, 0.124994, 0.217401, -0.16329, 0.962327, -0.002831, 0.352092, -0.90641, -0.233345, -1.2e-05, 0.0, 0.0, 0.0, 1.0],
                [0.910367, 0.389556, -0.139561, 0.124994, 0.217401, -0.16329, 0.962327, -0.002831, 0.352092, -0.90641, -0.233345, -1.2e-05, 0.0, 0.0, 0.0, 1.0],
                [0.910367, 0.389556, -0.139561, 0.124994, 0.217401, -0.16329, 0.962327, -0.002831, 0.352092, -0.90641, -0.233345, -1.2e-05, 0.0, 0.0, 0.0, 1.0],
                [0.910367, 0.389556, -0.139561, 0.124994, 0.217401, -0.16329, 0.962327, -0.002831, 0.352092, -0.90641, -0.233345, -1.2e-05, 0.0, 0.0, 0.0, 1.0],
                [0.910367, 0.389556, -0.139561, 0.124994, 0.217401, -0.16329, 0.962327, -0.002831, 0.352092, -0.90641, -0.233345, -1.2e-05, 0.0, 0.0, 0.0, 1.0],
                [0.910367, 0.389556, -0.139561, 0.124994, 0.217401, -0.16329, 0.962327, -0.002831, 0.352092, -0.90641, -0.233345, -1.2e-05, 0.0, 0.0, 0.0, 1.0],
                [0.910367, 0.389556, -0.139561, 0.124994, 0.217401, -0.16329, 0.962327, -0.002831, 0.352092, -0.90641, -0.233345, -1.2e-05, 0.0, 0.0, 0.0, 1.0],
                [0.910367, 0.389556, -0.139561, 0.124994, 0.217401, -0.16329, 0.962327, -0.002831, 0.352092, -0.90641, -0.233345, -1.2e-05, 0.0, 0.0, 0.0, 1.0],
                [0.910367, 0.389556, -0.139561, 0.124994, 0.217401, -0.16329, 0.962327, -0.002831, 0.352092, -0.90641, -0.233345, -1.2e-05, 0.0, 0.0, 0.0, 1.0],
                [0.910367, 0.389556, -0.139561, 0.124994, 0.217401, -0.16329, 0.962327, -0.002831, 0.352092, -0.90641, -0.233345, -1.2e-05, 0.0, 0.0, 0.0, 1.0],
                [0.910367, 0.389556, -0.139561, 0.124994, 0.217401, -0.16329, 0.962327, -0.002831, 0.352092, -0.90641, -0.233345, -1.2e-05, 0.0, 0.0, 0.0, 1.0],
                [0.910367, 0.389556, -0.139561, 0.124994, 0.217401, -0.16329, 0.962327, -0.002831, 0.352092, -0.90641, -0.233345, -1.2e-05, 0.0, 0.0, 0.0, 1.0],
                [0.910367, 0.389556, -0.139561, 0.124994, 0.217401, -0.16329, 0.962327, -0.002831, 0.352092, -0.90641, -0.233345, -1.2e-05, 0.0, 0.0, 0.0, 1.0],
                [0.910367, 0.389556, -0.139561, 0.124994, 0.217401, -0.16329, 0.962327, -0.002831, 0.352092, -0.90641, -0.233345, -1.2e-05, 0.0, 0.0, 0.0, 1.0],
                [0.910367, 0.389556, -0.139561, 0.124994, 0.217401, -0.16329, 0.962327, -0.002831, 0.352092, -0.90641, -0.233345, -1.2e-05, 0.0, 0.0, 0.0, 1.0],
                [0.910367, 0.389556, -0.139561, 0.124994, 0.217401, -0.16329, 0.962327, -0.002831, 0.352092, -0.90641, -0.233345, -1.2e-05, 0.0, 0.0, 0.0, 1.0],
                [0.910367, 0.389556, -0.139561, 0.124994, 0.217401, -0.16329, 0.962327, -0.002831, 0.352092, -0.90641, -0.233345, -1.2e-05, 0.0, 0.0, 0.0, 1.0],
                [0.910367, 0.389556, -0.139561, 0.124994, 0.217401, -0.16329, 0.962327, -0.002831, 0.352092, -0.90641, -0.233345, -1.2e-05, 0.0, 0.0, 0.0, 1.0],
                [0.910367, 0.389556, -0.139561, 0.124994, 0.217401, -0.16329, 0.962327, -0.002831, 0.352092, -0.90641, -0.233345, -1.2e-05, 0.0, 0.0, 0.0, 1.0],
                [0.910367, 0.389556, -0.139561, 0.124994, 0.217401, -0.16329, 0.962327, -0.002831, 0.352092, -0.90641, -0.233345, -1.2e-05, 0.0, 0.0, 0.0, 1.0],
                [0.910367, 0.389556, -0.139561, 0.124994, 0.217401, -0.16329, 0.962327, -0.002831, 0.352092, -0.90641, -0.233345, -1.2e-05, 0.0, 0.0, 0.0, 1.0],
                [0.910367, 0.389556, -0.139561, 0.124994, 0.217401, -0.16329, 0.962327, -0.002831, 0.352092, -0.90641, -0.233345, -1.2e-05, 0.0, 0.0, 0.0, 1.0],
                [0.910367, 0.389556, -0.139561, 0.124994, 0.217401, -0.16329, 0.962327, -0.002831, 0.352092, -0.90641, -0.233345, -1.2e-05, 0.0, 0.0, 0.0, 1.0],
                [0.910367, 0.389556, -0.139561, 0.124994, 0.217401, -0.16329, 0.962327, -0.002831, 0.352092, -0.90641, -0.233345, -1.2e-05, 0.0, 0.0, 0.0, 1.0],
                [0.910367, 0.389556, -0.139561, 0.124994, 0.217401, -0.16329, 0.962327, -0.002831, 0.352092, -0.90641, -0.233345, -1.2e-05, 0.0, 0.0, 0.0, 1.0],
                [0.910367, 0.389556, -0.139561, 0.124994, 0.217401, -0.16329, 0.962327, -0.002831, 0.352092, -0.90641, -0.233345, -1.2e-05, 0.0, 0.0, 0.0, 1.0],
                [0.910367, 0.389556, -0.139561, 0.124994, 0.217401, -0.16329, 0.962327, -0.002831, 0.352092, -0.90641, -0.233345, -1.2e-05, 0.0, 0.0, 0.0, 1.0],
                [0.910367, 0.389556, -0.139561, 0.124994, 0.217401, -0.16329, 0.962327, -0.002831, 0.352092, -0.90641, -0.233345, -1.2e-05, 0.0, 0.0, 0.0, 1.0],
                [0.910367, 0.389556, -0.139561, 0.124994, 0.217401, -0.16329, 0.962327, -0.002831, 0.352092, -0.90641, -0.233345, -1.2e-05, 0.0, 0.0, 0.0, 1.0],
                [0.910367, 0.389556, -0.139561, 0.124994, 0.217401, -0.16329, 0.962327, -0.002831, 0.352092, -0.90641, -0.233345, -1.2e-05, 0.0, 0.0, 0.0, 1.0],
                [0.91372, 0.383635, -0.133937, 0.124994, 0.212719, -0.170754, 0.962078, -0.002831, 0.346216, -0.907559, -0.237629, -1.2e-05, 0.0, 0.0, 0.0, 1.0],
                [0.922608, 0.367104, -0.118437, 0.124994, 0.199692, -0.191858, 0.960892, -0.002831, 0.330025, -0.910176, -0.250319, -1.2e-05, 0.0, 0.0, 0.0, 1.0],
                [0.935044, 0.3415, -0.095228, 0.124994, 0.179564, -0.224576, 0.95777, -0.002831, 0.305693, -0.912655, -0.271311, -1.2e-05, 0.0, 0.0, 0.0, 1.0],
                [0.948961, 0.308268, -0.066647, 0.124994, 0.153484, -0.266777, 0.951458, -0.002831, 0.275525, -0.913124, -0.300476, -1.2e-05, 0.0, 0.0, 0.0, 1.0],
                [0.962468, 0.269105, -0.035181, 0.124994, 0.122811, -0.316256, 0.940691, -0.002831, 0.242018, -0.909703, -0.337437, -1.2e-05, 0.0, 0.0, 0.0, 1.0],
                [0.97408, 0.226177, -0.003382, 0.124994, 0.089314, -0.370821, 0.9244, -0.002831, 0.207824, -0.900739, -0.381412, -1.2e-05, 0.0, 0.0, 0.0, 1.0],
                [0.982904, 0.182228, 0.026308, 0.124994, 0.055287, -0.428406, 0.901893, -0.002831, 0.175621, -0.885018, -0.431159, -1.2e-05, 0.0, 0.0, 0.0, 1.0],
                [0.988719, 0.140547, 0.051772, 0.124994, 0.023548, -0.48722, 0.872961, -0.002831, 0.147917, -0.861892, -0.485035, -1.2e-05, 0.0, 0.0, 0.0, 1.0],
                [0.99192, 0.104854, 0.071418, 0.124994, -0.002628, -0.545837, 0.837887, -0.002831, 0.126838, -0.831302, -0.541152, -1.2e-05, 0.0, 0.0, 0.0, 1.0],
                [0.993291, 0.079142, 0.084315, 0.124994, -0.019624, -0.603182, 0.797361, -0.002831, 0.113963, -0.793665, -0.597584, -1.2e-05, 0.0, 0.0, 0.0, 1.0],
                [0.993626, 0.067547, 0.09024, 0.124994, -0.02357, -0.658361, 0.752332, -0.002831, 0.110228, -0.749662, -0.652575, -1.2e-05, 0.0, 0.0, 0.0, 1.0],
                [0.993029, 0.069586, 0.095132, 0.124994, -0.017597, -0.710548, 0.703428, -0.002831, 0.116545, -0.700197, -0.704372, -1.2e-05, 0.0, 0.0, 0.0, 1.0],
                [0.991207, 0.080611, 0.104924, 0.124994, -0.007216, -0.75887, 0.651201, -0.002831, 0.132118, -0.646231, -0.751618, -1.2e-05, 0.0, 0.0, 0.0, 1.0],
                [0.987914, 0.098543, 0.119643, 0.124994, 0.007763, -0.802373, 0.59677, -0.002831, 0.154806, -0.588627, -0.793443, -1.2e-05, 0.0, 0.0, 0.0, 1.0],
                [0.982834, 0.121336, 0.138972, 0.124994, 0.027174, -0.840279, 0.54147, -0.002831, 0.182475, -0.528397, -0.829155, -1.2e-05, 0.0, 0.0, 0.0, 1.0],
                [0.975731, 0.147049, 0.162251, 0.124994, 0.050485, -0.87207, 0.486767, -0.002831, 0.213073, -0.466761, -0.858332, -1.2e-05, 0.0, 0.0, 0.0, 1.0],
                [0.966547, 0.173916, 0.188519, 0.124994, 0.076826, -0.897558, 0.434148, -0.002831, 0.244712, -0.40514, -0.880896, -1.2e-05, 0.0, 0.0, 0.0, 1.0],
                [0.955471, 0.200416, 0.216582, 0.124994, 0.105058, -0.916913, 0.385005, -0.002831, 0.275749, -0.345107, -0.897142, -1.2e-05, 0.0, 0.0, 0.0, 1.0],
                [0.942951, 0.225316, 0.245101, 0.124994, 0.13386, -0.930649, 0.340544, -0.002831, 0.304834, -0.288306, -0.90772, -1.2e-05, 0.0, 0.0, 0.0, 1.0],
                [0.929675, 0.247684, 0.272684, 0.124994, 0.161822, -0.939561, 0.301718, -0.002831, 0.330934, -0.236373, -0.91357, -1.2e-05, 0.0, 0.0, 0.0, 1.0],
                [0.916517, 0.266864, 0.297958, 0.124994, 0.187532, -0.944642, 0.26922, -0.002831, 0.35331, -0.190867, -0.915829, -1.2e-05, 0.0, 0.0, 0.0, 1.0],
                [0.904478, 0.282413, 0.319627, 0.124994, 0.209633, -0.946972, 0.243503, -0.002831, 0.371447, -0.153238, -0.915721, -1.2e-05, 0.0, 0.0, 0.0, 1.0],
                [0.894618, 0.294005, 0.33648, 0.124994, 0.226852, -0.947615, 0.224854, -0.002831, 0.384962, -0.124826, -0.914452, -1.2e-05, 0.0, 0.0, 0.0, 1.0],
                [0.887992, 0.301318, 0.347386, 0.124994, 0.238003, -0.947511, 0.213478, -0.002831, 0.393478, -0.106887, -0.913099, -1.2e-05, 0.0, 0.0, 0.0, 1.0],
                [0.885584, 0.303899, 0.351261, 0.124994, 0.241962, -0.947371, 0.209614, -0.002831, 0.396477, -0.100639, -0.912512, -1.2e-05, 0.0, 0.0, 0.0, 1.0],
                [0.885584, 0.303899, 0.351261, 0.124994, 0.241962, -0.947371, 0.209614, -0.002831, 0.396477, -0.100639, -0.912512, -1.2e-05, 0.0, 0.0, 0.0, 1.0],
                [0.885584, 0.303899, 0.351261, 0.124994, 0.241962, -0.947371, 0.209614, -0.002831, 0.396477, -0.100639, -0.912512, -1.2e-05, 0.0, 0.0, 0.0, 1.0],
                [0.885584, 0.303899, 0.351261, 0.124994, 0.241962, -0.947371, 0.209614, -0.002831, 0.396477, -0.100639, -0.912512, -1.2e-05, 0.0, 0.0, 0.0, 1.0],
                [0.885584, 0.303899, 0.351261, 0.124994, 0.241962, -0.947371, 0.209614, -0.002831, 0.396477, -0.100639, -0.912512, -1.2e-05, 0.0, 0.0, 0.0, 1.0],
                [0.885584, 0.303899, 0.351261, 0.124994, 0.241962, -0.947371, 0.209614, -0.002831, 0.396477, -0.100639, -0.912512, -1.2e-05, 0.0, 0.0, 0.0, 1.0],
                [0.885584, 0.303899, 0.351261, 0.124994, 0.241962, -0.947371, 0.209614, -0.002831, 0.396477, -0.100639, -0.912512, -1.2e-05, 0.0, 0.0, 0.0, 1.0],
                [0.885584, 0.303899, 0.351261, 0.124994, 0.241962, -0.947371, 0.209614, -0.002831, 0.396477, -0.100639, -0.912512, -1.2e-05, 0.0, 0.0, 0.0, 1.0],
                [0.885584, 0.303899, 0.351261, 0.124994, 0.241962, -0.947371, 0.209614, -0.002831, 0.396477, -0.100639, -0.912512, -1.2e-05, 0.0, 0.0, 0.0, 1.0],
                [0.885584, 0.303899, 0.351261, 0.124994, 0.241962, -0.947371, 0.209614, -0.002831, 0.396477, -0.100639, -0.912512, -1.2e-05, 0.0, 0.0, 0.0, 1.0],
                [0.885584, 0.303899, 0.351261, 0.124994, 0.241962, -0.947371, 0.209614, -0.002831, 0.396477, -0.100639, -0.912512, -1.2e-05, 0.0, 0.0, 0.0, 1.0],
                [0.885584, 0.303899, 0.351261, 0.124994, 0.241962, -0.947371, 0.209614, -0.002831, 0.396477, -0.100639, -0.912512, -1.2e-05, 0.0, 0.0, 0.0, 1.0],
                [0.885584, 0.303899, 0.351261, 0.124994, 0.241962, -0.947371, 0.209614, -0.002831, 0.396477, -0.100639, -0.912512, -1.2e-05, 0.0, 0.0, 0.0, 1.0],
                [0.885584, 0.303899, 0.351261, 0.124994, 0.241962, -0.947371, 0.209614, -0.002831, 0.396477, -0.100639, -0.912512, -1.2e-05, 0.0, 0.0, 0.0, 1.0],
                [0.885584, 0.303899, 0.351261, 0.124994, 0.241962, -0.947371, 0.209614, -0.002831, 0.396477, -0.100639, -0.912512, -1.2e-05, 0.0, 0.0, 0.0, 1.0],
                [0.885584, 0.303899, 0.351261, 0.124994, 0.241962, -0.947371, 0.209614, -0.002831, 0.396477, -0.100639, -0.912512, -1.2e-05, 0.0, 0.0, 0.0, 1.0],
                [0.885584, 0.303899, 0.351261, 0.124994, 0.241962, -0.947371, 0.209614, -0.002831, 0.396477, -0.100639, -0.912512, -1.2e-05, 0.0, 0.0, 0.0, 1.0],
                [0.885584, 0.303899, 0.351261, 0.124994, 0.241962, -0.947371, 0.209614, -0.002831, 0.396477, -0.100639, -0.912512, -1.2e-05, 0.0, 0.0, 0.0, 1.0],
                [0.885584, 0.303899, 0.351261, 0.124994, 0.241962, -0.947371, 0.209614, -0.002831, 0.396477, -0.100639, -0.912512, -1.2e-05, 0.0, 0.0, 0.0, 1.0]
            ]
        },
        {
            "name": "Leg_R",
            "time": [0.0, 0.0167, 0.0333, 0.05, 0.0667, 0.0833, 0.1, 0.1167, 0.1333, 0.15, 0.1667, 0.1833, 0.2, 0.2167, 0.2333, 0.25, 0.2667, 0.2833, 0.3, 0.3167, 0.3333, 0.35, 0.3667, 0.3833, 0.4, 0.4167, 0.4333, 0.45, 0.4667, 0.4833, 0.5, 0.5167, 0.5333, 0.55, 0.5667, 0.5833, 0.6, 0.6167, 0.6333, 0.65, 0.6667, 0.6833, 0.7, 0.7167, 0.7333, 0.75, 0.7667, 0.7833, 0.8, 0.8167, 0.8333, 0.85, 0.8667, 0.8833, 0.9, 0.9167, 0.9333, 0.95, 0.9667, 0.9833, 1.0, 1.0167, 1.0333, 1.05, 1.0667, 1.0833, 1.1, 1.1167, 1.1333, 1.15, 1.1667, 1.1833, 1.2, 1.2167, 1.2333, 1.25, 1.2667, 1.2833, 1.3, 1.3167, 1.3333, 1.35, 1.3667, 1.3833, 1.4, 1.4167, 1.4333, 1.45, 1.4667, 1.4833, 1.5, 1.5167, 1.5333, 1.55, 1.5667, 1.5833, 1.6, 1.6167, 1.6333, 1.65, 1.6667, 1.6833, 1.7, 1.7167, 1.7333, 1.75, 1.7667, 1.7833, 1.8],
            "transform": [
                [1.0, -1e-06, 1e-06, -0.0, -0.0, 0.500271, 0.865869, 0.37472, -1e-06, -0.86587, 0.50027, -0.0, 0.0, 0.0, 0.0, 1.0],
                [1.0, -0.0, 1e-06, -0.0, -0.0, 0.498612, 0.866825, 0.37472, -1e-06, -0.866826, 0.498612, 0.0, 0.0, 0.0, 0.0, 1.0],
                [1.0, -0.0, 1e-06, -0.0, -0.0, 0.493809, 0.86957, 0.37472, -1e-06, -0.869571, 0.493808, -0.0, 0.0, 0.0, 0.0, 1.0],
                [1.0, -1e-06, 1e-06, 0.0, -0.0, 0.486051, 0.87393, 0.37472, -1e-06, -0.873931, 0.48605, -0.0, 0.0, 0.0, 0.0, 1.0],
                [1.0, -1e-06, 1e-06, -0.0, -0.0, 0.475469, 0.879732, 0.37472, -1e-06, -0.879734, 0.475468, -0.0, 0.0, 0.0, 0.0, 1.0],
                [1.0, -1e-06, 1e-06, 0.0, -0.0, 0.462153, 0.8868, 0.37472, -1e-06, -0.886801, 0.462152, -0.0, 0.0, 0.0, 0.0, 1.0],
                [1.0, -1e-06, 1e-06, -0.0, -0.0, 0.446179, 0.894943, 0.37472, -1e-06, -0.894944, 0.446178, 0.0, 0.0, 0.0, 0.0, 1.0],
                [1.0, -1e-06, 1e-06, 0.0, -0.0, 0.427635, 0.903951, 0.37472, -1e-06, -0.903952, 0.427635, 0.0, 0.0, 0.0, 0.0, 1.0],
                [1.0, -1e-06, 0.0, -0.0, -0.0, 0.406642, 0.913587, 0.37472, -1e-06, -0.913589, 0.406642, 0.0, 0.0, 0.0, 0.0, 1.0],
                [1.0, -1e-06, 1e-06, -0.0, -0.0, 0.383387, 0.923587, 0.37472, -1e-06, -0.923589, 0.383386, -0.0, 0.0, 0.0, 0.0, 1.0],
                [1.0, -1e-06, 0.0, -0.0, -0.0, 0.35815, 0.933663, 0.37472, -1e-06, -0.933665, 0.35815, -0.0, 0.0, 0.0, 0.0, 1.0],
                [1.0, -1e-06, 0.0, -0.0, -0.0, 0.331341, 0.943511, 0.37472, -1e-06, -0.943512, 0.33134, 0.0, 0.0, 0.0, 0.0, 1.0],
                [1.0, -1e-06, 0.0, 0.0, -0.0, 0.303523, 0.952824, 0.37472, -1e-06, -0.952825, 0.303523, -0.0, 0.0, 0.0, 0.0, 1.0],
                [1.0, -1e-06, 0.0, 0.0, -0.0, 0.275441, 0.961317, 0.37472, -1e-06, -0.961319, 0.275441, 0.0, 0.0, 0.0, 0.0, 1.0],
                [1.0, -1e-06, 0.0, 0.0, -0.0, 0.248025, 0.968753, 0.37472, -1e-06, -0.968755, 0.248024, 0.0, 0.0, 0.0, 0.0, 1.0],
                [1.0, -1e-06, 0.0, -0.0, -0.0, 0.222376, 0.97496, 0.37472, -1e-06, -0.974962, 0.222375, 0.0, 0.0, 0.0, 0.0, 1.0],
                [1.0, -1e-06, 0.0, -0.0, -0.0, 0.191762, 0.981441, 0.37472, -1e-06, -0.981442, 0.191761, 0.0, 0.0, 0.0, 0.0, 1.0],
                [1.0, -1e-06, 0.0, 0.0, -0.0, 0.154111, 0.988053, 0.37472, -1e-06, -0.988054, 0.154111, -0.0, 0.0, 0.0, 0.0, 1.0],
                [1.0, -1e-06, 0.0, -0.0, -0.0, 0.117746, 0.993043, 0.37472, -1e-06, -0.993044, 0.117746, 0.0, 0.0, 0.0, 0.0, 1.0],
                [1.0, -1e-06, 0.0, -0.0, -0.0, 0.09059, 0.995888, 0.37472, -1e-06, -0.995889, 0.09059, -0.0, 0.0, 0.0, 0.0, 1.0],
                [1.0, -1e-06, 0.0, 0.0, -0.0, 0.079965, 0.996797, 0.37472, -1e-06, -0.996798, 0.079965, 0.0, 0.0, 0.0, 0.0, 1.0],
                [1.0, -1e-06, 0.0, 0.0, -0.0, 0.079965, 0.996797, 0.37472, -1e-06, -0.996798, 0.079965, 0.0, 0.0, 0.0, 0.0, 1.0],
                [1.0, -1e-06, 0.0, 0.0, -0.0, 0.079965, 0.996797, 0.37472, -1e-06, -0.996798, 0.079965, 0.0, 0.0, 0.0, 0.0, 1.0],
                [1.0, -1e-06, 0.0, 0.0, -0.0, 0.079965, 0.996797, 0.37472, -1e-06, -0.996798, 0.079965, 0.0, 0.0, 0.0, 0.0, 1.0],
                [1.0, -1e-06, 0.0, 0.0, -0.0, 0.079965, 0.996797, 0.37472, -1e-06, -0.996798, 0.079965, 0.0, 0.0, 0.0, 0.0, 1.0],
                [1.0, -1e-06, 0.0, 0.0, -0.0, 0.079965, 0.996797, 0.37472, -1e-06, -0.996798, 0.079965, 0.0, 0.0, 0.0, 0.0, 1.0],
                [1.0, -1e-06, 0.0, 0.0, -0.0, 0.079965, 0.996797, 0.37472, -1e-06, -0.996798, 0.079965, 0.0, 0.0, 0.0, 0.0, 1.0],
                [1.0, -1e-06, 0.0, 0.0, -0.0, 0.079965, 0.996797, 0.37472, -1e-06, -0.996798, 0.079965, 0.0, 0.0, 0.0, 0.0, 1.0],
                [1.0, -1e-06, 0.0, 0.0, -0.0, 0.079965, 0.996797, 0.37472, -1e-06, -0.996798, 0.079965, 0.0, 0.0, 0.0, 0.0, 1.0],
                [1.0, -1e-06, 0.0, 0.0, -0.0, 0.079965, 0.996797, 0.37472, -1e-06, -0.996798, 0.079965, 0.0, 0.0, 0.0, 0.0, 1.0],
                [1.0, -1e-06, 0.0, 0.0, -0.0, 0.079965, 0.996797, 0.37472, -1e-06, -0.996798, 0.079965, 0.0, 0.0, 0.0, 0.0, 1.0],
                [1.0, -1e-06, 0.0, 0.0, -0.0, 0.079965, 0.996797, 0.37472, -1e-06, -0.996798, 0.079965, 0.0, 0.0, 0.0, 0.0, 1.0],
                [1.0, -1e-06, 0.0, 0.0, -0.0, 0.079965, 0.996797, 0.37472, -1e-06, -0.996798, 0.079965, 0.0, 0.0, 0.0, 0.0, 1.0],
                [1.0, -1e-06, 0.0, 0.0, -0.0, 0.079965, 0.996797, 0.37472, -1e-06, -0.996798, 0.079965, 0.0, 0.0, 0.0, 0.0, 1.0],
                [1.0, -1e-06, 0.0, 0.0, -0.0, 0.079965, 0.996797, 0.37472, -1e-06, -0.996798, 0.079965, 0.0, 0.0, 0.0, 0.0, 1.0],
                [1.0, -1e-06, 0.0, 0.0, -0.0, 0.079965, 0.996797, 0.37472, -1e-06, -0.996798, 0.079965, 0.0, 0.0, 0.0, 0.0, 1.0],
                [1.0, -1e-06, 0.0, 0.0, -0.0, 0.079965, 0.996797, 0.37472, -1e-06, -0.996798, 0.079965, 0.0, 0.0, 0.0, 0.0, 1.0],
                [1.0, -1e-06, 0.0, 0.0, -0.0, 0.079965, 0.996797, 0.37472, -1e-06, -0.996798, 0.079965, 0.0, 0.0, 0.0, 0.0, 1.0],
                [1.0, -1e-06, 0.0, 0.0, -0.0, 0.079965, 0.996797, 0.37472, -1e-06, -0.996798, 0.079965, 0.0, 0.0, 0.0, 0.0, 1.0],
                [1.0, -1e-06, 0.0, 0.0, -0.0, 0.079965, 0.996797, 0.37472, -1e-06, -0.996798, 0.079965, 0.0, 0.0, 0.0, 0.0, 1.0],
