{
    "animation": [
        {
            "name": "Root",
            "time": [0.0, 0.0167, 0.0333, 0.05, 0.0667, 0.0833, 0.1, 0.1167, 0.1333, 0.15, 0.1667, 0.1833, 0.2, 0.2167, 0.2333, 0.25, 0.2667, 0.2833, 0.3, 0.3167, 0.3333, 0.35, 0.3667, 0.3833, 0.4, 0.4167, 0.4333, 0.45, 0.4667, 0.4833, 0.5, 0.5167, 0.5333, 0.55, 0.5667, 0.5833, 0.6, 0.6167, 0.6333, 0.65, 0.6667, 0.6833, 0.7, 0.7167, 0.7333, 0.75, 0.7667, 0.7833, 0.8, 0.8167, 0.8333, 0.85, 0.8667, 0.8833, 0.9, 0.9167, 0.9333, 0.95, 0.9667, 0.9833, 1.0, 1.0167, 1.0333, 1.05, 1.0667, 1.0833, 1.1, 1.1167, 1.1333, 1.15, 1.1667, 1.1833, 1.2, 1.2167, 1.2333, 1.25, 1.2667, 1.2833, 1.3, 1.3167, 1.3333, 1.35, 1.3667, 1.3833, 1.4, 1.4167, 1.4333, 1.45, 1.4667, 1.4833, 1.5, 1.5167, 1.5333, 1.55, 1.5667, 1.5833, 1.6, 1.6167, 1.6333, 1.65, 1.6667, 1.6833, 1.7, 1.7167, 1.7333, 1.75, 1.7667, 1.7833, 1.8, 1.8167, 1.8333, 1.85, 1.8667, 1.8833, 1.9, 1.9167, 1.9333, 1.95, 1.9667, 1.9833, 2.0, 2.0167, 2.0333, 2.05, 2.0667, 2.0833, 2.1, 2.1167, 2.1333, 2.15, 2.1667, 2.1833, 2.2, 2.2167, 2.2333, 2.25, 2.2667, 2.2833, 2.3, 2.3167, 2.3333, 2.35, 2.3667, 2.3833, 2.4, 2.4167, 2.4333, 2.45, 2.4667, 2.4833, 2.5, 2.5167, 2.5333, 2.55, 2.5667, 2.5833, 2.6, 2.6167, 2.6333, 2.65, 2.6667, 2.6833, 2.7, 2.7167, 2.7333, 2.75, 2.7667, 2.7833, 2.8, 2.8167, 2.8333, 2.85, 2.8667, 2.8833, 2.9, 2.9167, 2.9333, 2.95, 2.9667, 2.9833, 3.0],
            "transform": [
                [0.36385, 0.0, 0.931458, -5e-06, 0.931458, 0.0, -0.36385, 0.000946, 0.0, 1.0, 0.0, 0.70557, 0.0, 0.0, 0.0, 1.0],
                [0.358316, 0.0, 0.933601, 0.001142, 0.933601, 0.0, -0.358316, 0.00226, 0.0, 1.0, 0.0, 0.70557, 0.0, 0.0, 0.0, 1.0],
                [0.342409, 0.0, 0.939551, 0.004369, 0.939551, 0.0, -0.342409, 0.005992, 0.0, 1.0, 0.0, 0.70557, 0.0, 0.0, 0.0, 1.0],
                [0.317203, 0.0, 0.948357, 0.009355, 0.948357, 0.0, -0.317203, 0.011826, 0.0, 1.0, 0.0, 0.70557, 0.0, 0.0, 0.0, 1.0],
                [0.283767, 0.0, 0.958893, 0.015782, 0.958893, 0.0, -0.283767, 0.019447, 0.0, 1.0, 0.0, 0.70557, 0.0, 0.0, 0.0, 1.0],
                [0.243131, 0.0, 0.969993, 0.023329, 0.969993, 0.0, -0.243131, 0.028539, 0.0, 1.0, 0.0, 0.70557, 0.0, 0.0, 0.0, 1.0],
                [0.196261, 0.0, 0.980552, 0.031675, 0.980552, 0.0, -0.196261, 0.038786, 0.0, 1.0, 0.0, 0.70557, 0.0, 0.0, 0.0, 1.0],
                [0.144019, 0.0, 0.989575, 0.040502, 0.989575, 0.0, -0.144019, 0.049874, 0.0, 1.0, 0.0, 0.70557, 0.0, 0.0, 0.0, 1.0],
                [0.087143, 0.0, 0.996196, 0.049489, 0.996196, 0.0, -0.087143, 0.061486, 0.0, 1.0, 0.0, 0.70557, 0.0, 0.0, 0.0, 1.0],
                [0.026207, 0.0, 0.999656, 0.058315, 0.999656, 0.0, -0.026207, 0.073306, 0.0, 1.0, 0.0, 0.70557, 0.0, 0.0, 0.0, 1.0],
                [-0.038398, 0.0, 0.999263, 0.066662, 0.999263, 0.0, 0.038398, 0.08502, 0.0, 1.0, 0.0, 0.70557, 0.0, 0.0, 0.0, 1.0],
                [-0.106488, 0.0, 0.994314, 0.074209, 0.994314, 0.0, 0.106488, 0.096312, 0.0, 1.0, 0.0, 0.70557, 0.0, 0.0, 0.0, 1.0],
                [-0.178105, 0.0, 0.984012, 0.080635, 0.984012, 0.0, 0.178105, 0.106866, 0.0, 1.0, 0.0, 0.70557, 0.0, 0.0, 0.0, 1.0],
                [-0.253526, 0.0, 0.967329, 0.085622, 0.967329, 0.0, 0.253526, 0.116367, 0.0, 1.0, 0.0, 0.70557, 0.0, 0.0, 0.0, 1.0],
                [-0.333269, 0.0, 0.942832, 0.088849, 0.942832, 0.0, 0.333269, 0.124499, 0.0, 1.0, 0.0, 0.70557, 0.0, 0.0, 0.0, 1.0],
                [-0.418074, 0.0, 0.908413, 0.089995, 0.908413, 0.0, 0.418074, 0.130946, 0.0, 1.0, 0.0, 0.70557, 0.0, 0.0, 0.0, 1.0],
                [-0.522483, 0.0, 0.85265, 0.089995, 0.85265, 0.0, 0.522483, 0.135719, 0.0, 1.0, 0.0, 0.70557, 0.0, 0.0, 0.0, 1.0],
                [-0.654077, 0.0, 0.756428, 0.089995, 0.756428, 0.0, 0.654077, 0.140124, 0.0, 1.0, 0.0, 0.70557, 0.0, 0.0, 0.0, 1.0],
                [-0.796484, 0.0, 0.604661, 0.089995, 0.604661, 0.0, 0.796484, 0.145797, 0.0, 1.0, 0.0, 0.70557, 0.0, 0.0, 0.0, 1.0],
                [-0.921814, 0.0, 0.387633, 0.089995, 0.387633, 0.0, 0.921814, 0.15437, 0.0, 1.0, 0.0, 0.70557, 0.0, 0.0, 0.0, 1.0],
                [-0.993706, 0.0, 0.112021, 0.089995, 0.112021, 0.0, 0.993706, 0.167476, 0.0, 1.0, 0.0, 0.70557, 0.0, 0.0, 0.0, 1.0],
                [-0.981432, 0.0, -0.19181, 0.089995, -0.19181, 0.0, 0.981432, 0.18675, 0.0, 1.0, 0.0, 0.70557, 0.0, 0.0, 0.0, 1.0],
                [-0.878388, 0.0, -0.477949, 0.089995, -0.477949, 0.0, 0.878388, 0.213824, 0.0, 1.0, 0.0, 0.70557, 0.0, 0.0, 0.0, 1.0],
                [-0.707103, 0.0, -0.707111, 0.089995, -0.707111, 0.0, 0.707103, 0.250332, 0.0, 1.0, 0.0, 0.70557, 0.0, 0.0, 0.0, 1.0],
                [-0.504558, 0.0, -0.863378, 0.089995, -0.863378, 0.0, 0.504558, 0.297908, 0.0, 1.0, 0.0, 0.70557, 0.0, 0.0, 0.0, 1.0],
                [-0.303194, 0.0, -0.952929, 0.089995, -0.952929, 0.0, 0.303194, 0.358184, 0.0, 1.0, 0.0, 0.70557, 0.0, 0.0, 0.0, 1.0],
                [-0.122264, 0.0, -0.992498, 0.089995, -0.992498, 0.0, 0.122264, 0.432795, 0.0, 1.0, 0.0, 0.70557, 0.0, 0.0, 0.0, 1.0],
                [0.038981, 0.0, -0.99924, 0.08765, -0.99924, 0.0, -0.038981, 0.529116, 0.0, 1.0, 0.0, 0.70103, 0.0, 0.0, 0.0, 1.0],
                [0.189781, 0.0, -0.981826, 0.081366, -0.981826, 0.0, -0.189781, 0.649163, 0.0, 1.0, 0.0, 0.688862, 0.0, 0.0, 0.0, 1.0],
                [0.331933, 0.0, -0.943303, 0.072267, -0.943303, 0.0, -0.331933, 0.786528, 0.0, 1.0, 0.0, 0.671245, 0.0, 0.0, 0.0, 1.0],
                [0.465569, 0.0, -0.885012, 0.06148, -0.885012, 0.0, -0.465569, 0.934802, 0.0, 1.0, 0.0, 0.65036, 0.0, 0.0, 0.0, 1.0],
                [0.589314, 0.0, -0.807904, 0.050131, -0.807904, 0.0, -0.589314, 1.087578, 0.0, 1.0, 0.0, 0.628385, 0.0, 0.0, 0.0, 1.0],
                [0.700634, 0.0, -0.713521, 0.039344, -0.713521, 0.0, -0.700634, 1.238447, 0.0, 1.0, 0.0, 0.607499, 0.0, 0.0, 0.0, 1.0],
                [0.796414, 0.0, -0.604751, 0.030245, -0.604751, 0.0, -0.796414, 1.381002, 0.0, 1.0, 0.0, 0.589883, 0.0, 0.0, 0.0, 1.0],
                [0.873799, 0.0, -0.486286, 0.023961, -0.486286, 0.0, -0.873799, 1.508834, 0.0, 1.0, 0.0, 0.577715, 0.0, 0.0, 0.0, 1.0],
                [0.931149, 0.0, -0.364639, 0.021616, -0.364639, 0.0, -0.931149, 1.615535, 0.0, 1.0, 0.0, 0.573175, 0.0, 0.0, 0.0, 1.0],
                [0.969175, 0.0, -0.246375, 0.021616, -0.246375, 0.0, -0.969175, 1.703408, 0.0, 1.0, 0.0, 0.574537, 0.0, 0.0, 0.0, 1.0],
                [0.990793, 0.0, -0.135382, 0.021616, -0.135382, 0.0, -0.990793, 1.779583, 0.0, 1.0, 0.0, 0.578369, 0.0, 0.0, 0.0, 1.0],
                [0.999413, 0.0, -0.034262, 0.021616, -0.034262, 0.0, -0.999413, 1.844895, 0.0, 1.0, 0.0, 0.584292, 0.0, 0.0, 0.0, 1.0],
                [0.998452, 0.0, 0.055614, 0.021616, 0.055614, 0.0, -0.998452, 1.900181, 0.0, 1.0, 0.0, 0.591926, 0.0, 0.0, 0.0, 1.0],
                [0.991004, 0.0, 0.133834, 0.021616, 0.133834, 0.0, -0.991004, 1.946276, 0.0, 1.0, 0.0, 0.60089, 0.0, 0.0, 0.0, 1.0],
                [0.979661, 0.0, 0.200662, 0.021616, 0.200662, 0.0, -0.979661, 1.984015, 0.0, 1.0, 0.0, 0.610804, 0.0, 0.0, 0.0, 1.0],
                [0.966472, 0.0, 0.256772, 0.021616, 0.256772, 0.0, -0.966472, 2.014235, 0.0, 1.0, 0.0, 0.621289, 0.0, 0.0, 0.0, 1.0],
                [0.952974, 0.0, 0.303053, 0.021616, 0.303053, 0.0, -0.952974, 2.037769, 0.0, 1.0, 0.0, 0.631963, 0.0, 0.0, 0.0, 1.0],
                [0.940256, 0.0, 0.34047, 0.021616, 0.34047, 0.0, -0.940256, 2.055455, 0.0, 1.0, 0.0, 0.642447, 0.0, 0.0, 0.0, 1.0],
                [0.929042, 0.0, 0.369974, 0.021616, 0.369974, 0.0, -0.929042, 2.068128, 0.0, 1.0, 0.0, 0.652362, 0.0, 0.0, 0.0, 1.0],
                [0.919767, 0.0, 0.392465, 0.021616, 0.392465, 0.0, -0.919767, 2.076622, 0.0, 1.0, 0.0, 0.661326, 0.0, 0.0, 0.0, 1.0],
                [0.912642, 0.0, 0.40876, 0.021616, 0.40876, 0.0, -0.912642, 2.081775, 0.0, 1.0, 0.0, 0.668959, 0.0, 0.0, 0.0, 1.0],
                [0.907708, 0.0, 0.419603, 0.021616, 0.419603, 0.0, -0.907708, 2.084421, 0.0, 1.0, 0.0, 0.674883, 0.0, 0.0, 0.0, 1.0],
                [0.904882, 0.0, 0.425663, 0.021616, 0.425663, 0.0, -0.904882, 2.085396, 0.0, 1.0, 0.0, 0.678715, 0.0, 0.0, 0.0, 1.0],
                [0.903989, 0.0, 0.427555, 0.021616, 0.427555, 0.0, -0.903989, 2.085535, 0.0, 1.0, 0.0, 0.680077, 0.0, 0.0, 0.0, 1.0],
                [0.903989, 0.0, 0.427555, 0.021616, 0.427555, 0.0, -0.903989, 2.085535, 0.0, 1.0, 0.0, 0.680077, 0.0, 0.0, 0.0, 1.0],
                [0.903989, 0.0, 0.427555, 0.021616, 0.427555, 0.0, -0.903989, 2.085535, 0.0, 1.0, 0.0, 0.680077, 0.0, 0.0, 0.0, 1.0],
                [0.903989, 0.0, 0.427555, 0.021616, 0.427555, 0.0, -0.903989, 2.085535, 0.0, 1.0, 0.0, 0.680077, 0.0, 0.0, 0.0, 1.0],
                [0.903989, 0.0, 0.427555, 0.021616, 0.427555, 0.0, -0.903989, 2.085535, 0.0, 1.0, 0.0, 0.680077, 0.0, 0.0, 0.0, 1.0],
                [0.903989, 0.0, 0.427555, 0.021616, 0.427555, 0.0, -0.903989, 2.085535, 0.0, 1.0, 0.0, 0.680077, 0.0, 0.0, 0.0, 1.0],
                [0.903989, 0.0, 0.427555, 0.021616, 0.427555, 0.0, -0.903989, 2.085535, 0.0, 1.0, 0.0, 0.680077, 0.0, 0.0, 0.0, 1.0],
                [0.903989, 0.0, 0.427555, 0.021616, 0.427555, 0.0, -0.903989, 2.085535, 0.0, 1.0, 0.0, 0.680077, 0.0, 0.0, 0.0, 1.0],
                [0.903989, 0.0, 0.427555, 0.021616, 0.427555, 0.0, -0.903989, 2.085535, 0.0, 1.0, 0.0, 0.680077, 0.0, 0.0, 0.0, 1.0],
                [0.903989, 0.0, 0.427555, 0.021616, 0.427555, 0.0, -0.903989, 2.085535, 0.0, 1.0, 0.0, 0.680077, 0.0, 0.0, 0.0, 1.0],
                [0.903989, 0.0, 0.427555, 0.021616, 0.427555, 0.0, -0.903989, 2.085535, 0.0, 1.0, 0.0, 0.680077, 0.0, 0.0, 0.0, 1.0],
                [0.905062, 0.0, 0.42528, 0.022213, 0.42528, 0.0, -0.905062, 2.08651, 0.0, 1.0, 0.0, 0.680649, 0.0, 0.0, 0.0, 1.0],
                [0.908121, 0.0, 0.418709, 0.023924, 0.418709, 0.0, -0.908121, 2.089309, 0.0, 1.0, 0.0, 0.682287, 0.0, 0.0, 0.0, 1.0],
                [0.912893, 0.0, 0.408198, 0.026624, 0.408198, 0.0, -0.912893, 2.093744, 0.0, 1.0, 0.0, 0.684872, 0.0, 0.0, 0.0, 1.0],
                [0.919073, 0.0, 0.394087, 0.03019, 0.394087, 0.0, -0.919073, 2.099627, 0.0, 1.0, 0.0, 0.688286, 0.0, 0.0, 0.0, 1.0],
                [0.926332, 0.0, 0.376708, 0.034497, 0.376708, 0.0, -0.926332, 2.106772, 0.0, 1.0, 0.0, 0.69241, 0.0, 0.0, 0.0, 1.0],
                [0.934334, 0.0, 0.356399, 0.039423, 0.356399, 0.0, -0.934334, 2.114991, 0.0, 1.0, 0.0, 0.697125, 0.0, 0.0, 0.0, 1.0],
                [0.942746, 0.0, 0.333511, 0.044844, 0.333511, 0.0, -0.942746, 2.124096, 0.0, 1.0, 0.0, 0.702315, 0.0, 0.0, 0.0, 1.0],
                [0.951251, 0.0, 0.308417, 0.050636, 0.308417, 0.0, -0.951251, 2.133899, 0.0, 1.0, 0.0, 0.707859, 0.0, 0.0, 0.0, 1.0],
                [0.959557, 0.0, 0.281516, 0.056675, 0.281516, 0.0, -0.959557, 2.144213, 0.0, 1.0, 0.0, 0.713641, 0.0, 0.0, 0.0, 1.0],
                [0.967406, 0.0, 0.253231, 0.062837, 0.253231, 0.0, -0.967406, 2.15485, 0.0, 1.0, 0.0, 0.719541, 0.0, 0.0, 0.0, 1.0],
                [0.974586, 0.0, 0.224012, 0.069, 0.224012, 0.0, -0.974586, 2.165622, 0.0, 1.0, 0.0, 0.72544, 0.0, 0.0, 0.0, 1.0],
                [0.980936, 0.0, 0.194333, 0.075039, 0.194333, 0.0, -0.980936, 2.176343, 0.0, 1.0, 0.0, 0.731222, 0.0, 0.0, 0.0, 1.0],
                [0.986347, 0.0, 0.164682, 0.080831, 0.164682, 0.0, -0.986347, 2.186823, 0.0, 1.0, 0.0, 0.736766, 0.0, 0.0, 0.0, 1.0],
                [0.990769, 0.0, 0.135561, 0.086251, 0.135561, 0.0, -0.990769, 2.196877, 0.0, 1.0, 0.0, 0.741956, 0.0, 0.0, 0.0, 1.0],
                [0.994208, 0.0, 0.107476, 0.091177, 0.107476, 0.0, -0.994208, 2.206316, 0.0, 1.0, 0.0, 0.746672, 0.0, 0.0, 0.0, 1.0],
                [0.99672, 0.0, 0.080932, 0.095485, 0.080932, 0.0, -0.99672, 2.214952, 0.0, 1.0, 0.0, 0.750795, 0.0, 0.0, 0.0, 1.0],
                [0.998407, 0.0, 0.056428, 0.099051, 0.056428, 0.0, -0.998407, 2.222597, 0.0, 1.0, 0.0, 0.754209, 0.0, 0.0, 0.0, 1.0],
                [0.999406, 0.0, 0.034454, 0.101751, 0.034454, 0.0, -0.999406, 2.229066, 0.0, 1.0, 0.0, 0.756794, 0.0, 0.0, 0.0, 1.0],
                [0.99988, 0.0, 0.015488, 0.103461, 0.015488, 0.0, -0.99988, 2.234168, 0.0, 1.0, 0.0, 0.758432, 0.0, 0.0, 0.0, 1.0],
                [1.0, 0.0, 0.0, 0.104059, 0.0, 0.0, -1.0, 2.237718, 0.0, 1.0, 0.0, 0.759004, 0.0, 0.0, 0.0, 1.0],
                [0.999909, 0.0, -0.013459, 0.104059, -0.013459, 0.0, -0.999909, 2.240402, 0.0, 1.0, 0.0, 0.758981, 0.0, 0.0, 0.0, 1.0],
                [0.999645, 0.0, -0.026646, 0.104059, -0.026646, 0.0, -0.999645, 2.243032, 0.0, 1.0, 0.0, 0.758912, 0.0, 0.0, 0.0, 1.0],
                [0.999217, 0.0, -0.03956, 0.104059, -0.03956, 0.0, -0.999217, 2.245609, 0.0, 1.0, 0.0, 0.758798, 0.0, 0.0, 0.0, 1.0],
                [0.998637, 0.0, -0.052203, 0.104059, -0.052203, 0.0, -0.998637, 2.248133, 0.0, 1.0, 0.0, 0.758641, 0.0, 0.0, 0.0, 1.0],
                [0.997913, 0.0, -0.064573, 0.104059, -0.064573, 0.0, -0.997913, 2.250606, 0.0, 1.0, 0.0, 0.75844, 0.0, 0.0, 0.0, 1.0],
                [0.997056, 0.0, -0.076673, 0.104059, -0.076673, 0.0, -0.997056, 2.253026, 0.0, 1.0, 0.0, 0.758198, 0.0, 0.0, 0.0, 1.0],
                [0.996076, 0.0, -0.088503, 0.104059, -0.088503, 0.0, -0.996076, 2.255396, 0.0, 1.0, 0.0, 0.757915, 0.0, 0.0, 0.0, 1.0],
                [0.994981, 0.0, -0.100065, 0.104059, -0.100065, 0.0, -0.994981, 2.257716, 0.0, 1.0, 0.0, 0.757591, 0.0, 0.0, 0.0, 1.0],
                [0.99378, 0.0, -0.111361, 0.104059, -0.111361, 0.0, -0.99378, 2.259985, 0.0, 1.0, 0.0, 0.757229, 0.0, 0.0, 0.0, 1.0],
                [0.992482, 0.0, -0.122393, 0.104059, -0.122393, 0.0, -0.992482, 2.262206, 0.0, 1.0, 0.0, 0.756828, 0.0, 0.0, 0.0, 1.0],
                [0.991094, 0.0, -0.133163, 0.104059, -0.133163, 0.0, -0.991094, 2.264377, 0.0, 1.0, 0.0, 0.75639, 0.0, 0.0, 0.0, 1.0],
                [0.989625, 0.0, -0.143674, 0.104059, -0.143674, 0.0, -0.989625, 2.2665, 0.0, 1.0, 0.0, 0.755916, 0.0, 0.0, 0.0, 1.0],
                [0.988082, 0.0, -0.153927, 0.104059, -0.153927, 0.0, -0.988082, 2.268576, 0.0, 1.0, 0.0, 0.755406, 0.0, 0.0, 0.0, 1.0],
                [0.986472, 0.0, -0.163927, 0.104059, -0.163927, 0.0, -0.986472, 2.270604, 0.0, 1.0, 0.0, 0.754861, 0.0, 0.0, 0.0, 1.0],
                [0.984803, 0.0, -0.173676, 0.104059, -0.173676, 0.0, -0.984803, 2.272586, 0.0, 1.0, 0.0, 0.754283, 0.0, 0.0, 0.0, 1.0],
                [0.98308, 0.0, -0.183176, 0.104059, -0.183176, 0.0, -0.98308, 2.274521, 0.0, 1.0, 0.0, 0.753673, 0.0, 0.0, 0.0, 1.0],
                [0.98131, 0.0, -0.192432, 0.104059, -0.192432, 0.0, -0.98131, 2.276411, 0.0, 1.0, 0.0, 0.75303, 0.0, 0.0, 0.0, 1.0],
                [0.9795, 0.0, -0.201446, 0.104059, -0.201446, 0.0, -0.9795, 2.278256, 0.0, 1.0, 0.0, 0.752357, 0.0, 0.0, 0.0, 1.0],
                [0.977654, 0.0, -0.210221, 0.104059, -0.210221, 0.0, -0.977654, 2.280057, 0.0, 1.0, 0.0, 0.751654, 0.0, 0.0, 0.0, 1.0],
                [0.975778, 0.0, -0.218762, 0.104059, -0.218762, 0.0, -0.975778, 2.281814, 0.0, 1.0, 0.0, 0.750923, 0.0, 0.0, 0.0, 1.0],
                [0.973878, 0.0, -0.227072, 0.104059, -0.227072, 0.0, -0.973878, 2.283527, 0.0, 1.0, 0.0, 0.750163, 0.0, 0.0, 0.0, 1.0],
                [0.971958, 0.0, -0.235154, 0.104059, -0.235154, 0.0, -0.971958, 2.285197, 0.0, 1.0, 0.0, 0.749376, 0.0, 0.0, 0.0, 1.0],
                [0.970023, 0.0, -0.243012, 0.104059, -0.243012, 0.0, -0.970023, 2.286825, 0.0, 1.0, 0.0, 0.748563, 0.0, 0.0, 0.0, 1.0],
                [0.968078, 0.0, -0.250649, 0.104059, -0.250649, 0.0, -0.968078, 2.288412, 0.0, 1.0, 0.0, 0.747725, 0.0, 0.0, 0.0, 1.0],
                [0.966126, 0.0, -0.25807, 0.104059, -0.25807, 0.0, -0.966126, 2.289957, 0.0, 1.0, 0.0, 0.746862, 0.0, 0.0, 0.0, 1.0],
                [0.964172, 0.0, -0.265277, 0.104059, -0.265277, 0.0, -0.964172, 2.291462, 0.0, 1.0, 0.0, 0.745977, 0.0, 0.0, 0.0, 1.0],
                [0.962219, 0.0, -0.272275, 0.104059, -0.272275, 0.0, -0.962219, 2.292926, 0.0, 1.0, 0.0, 0.745069, 0.0, 0.0, 0.0, 1.0],
                [0.960271, 0.0, -0.279068, 0.104059, -0.279068, 0.0, -0.960271, 2.294351, 0.0, 1.0, 0.0, 0.744139, 0.0, 0.0, 0.0, 1.0],
                [0.958331, 0.0, -0.285659, 0.104059, -0.285659, 0.0, -0.958331, 2.295737, 0.0, 1.0, 0.0, 0.743189, 0.0, 0.0, 0.0, 1.0],
                [0.956403, 0.0, -0.292051, 0.104059, -0.292051, 0.0, -0.956403, 2.297084, 0.0, 1.0, 0.0, 0.742219, 0.0, 0.0, 0.0, 1.0],
                [0.954488, 0.0, -0.298249, 0.104059, -0.298249, 0.0, -0.954488, 2.298394, 0.0, 1.0, 0.0, 0.741231, 0.0, 0.0, 0.0, 1.0],
                [0.95259, 0.0, -0.304256, 0.104059, -0.304256, 0.0, -0.95259, 2.299666, 0.0, 1.0, 0.0, 0.740225, 0.0, 0.0, 0.0, 1.0],
                [0.950712, 0.0, -0.310076, 0.104059, -0.310076, 0.0, -0.950712, 2.300901, 0.0, 1.0, 0.0, 0.739202, 0.0, 0.0, 0.0, 1.0],
                [0.948855, 0.0, -0.315712, 0.104059, -0.315712, 0.0, -0.948855, 2.3021, 0.0, 1.0, 0.0, 0.738164, 0.0, 0.0, 0.0, 1.0],
                [0.947022, 0.0, -0.321169, 0.104059, -0.321169, 0.0, -0.947022, 2.303262, 0.0, 1.0, 0.0, 0.73711, 0.0, 0.0, 0.0, 1.0],
                [0.945215, 0.0, -0.326449, 0.104059, -0.326449, 0.0, -0.945215, 2.30439, 0.0, 1.0, 0.0, 0.736043, 0.0, 0.0, 0.0, 1.0],
                [0.943435, 0.0, -0.331556, 0.104059, -0.331556, 0.0, -0.943435, 2.305483, 0.0, 1.0, 0.0, 0.734962, 0.0, 0.0, 0.0, 1.0],
                [0.941685, 0.0, -0.336495, 0.104059, -0.336495, 0.0, -0.941685, 2.306542, 0.0, 1.0, 0.0, 0.733869, 0.0, 0.0, 0.0, 1.0],
                [0.939966, 0.0, -0.341267, 0.104059, -0.341267, 0.0, -0.939966, 2.307568, 0.0, 1.0, 0.0, 0.732766, 0.0, 0.0, 0.0, 1.0],
                [0.93828, 0.0, -0.345878, 0.104059, -0.345878, 0.0, -0.93828, 2.30856, 0.0, 1.0, 0.0, 0.731651, 0.0, 0.0, 0.0, 1.0],
                [0.936627, 0.0, -0.350329, 0.104059, -0.350329, 0.0, -0.936627, 2.30952, 0.0, 1.0, 0.0, 0.730528, 0.0, 0.0, 0.0, 1.0],
                [0.935008, 0.0, -0.354625, 0.104059, -0.354625, 0.0, -0.935008, 2.310447, 0.0, 1.0, 0.0, 0.729396, 0.0, 0.0, 0.0, 1.0],
                [0.933426, 0.0, -0.358769, 0.104059, -0.358769, 0.0, -0.933426, 2.311344, 0.0, 1.0, 0.0, 0.728257, 0.0, 0.0, 0.0, 1.0],
                [0.931881, 0.0, -0.362765, 0.104059, -0.362765, 0.0, -0.931881, 2.312209, 0.0, 1.0, 0.0, 0.727111, 0.0, 0.0, 0.0, 1.0],
                [0.930373, 0.0, -0.366614, 0.104059, -0.366614, 0.0, -0.930373, 2.313044, 0.0, 1.0, 0.0, 0.725959, 0.0, 0.0, 0.0, 1.0],
                [0.928904, 0.0, -0.370322, 0.104059, -0.370322, 0.0, -0.928904, 2.313849, 0.0, 1.0, 0.0, 0.724803, 0.0, 0.0, 0.0, 1.0],
                [0.927473, 0.0, -0.37389, 0.104059, -0.37389, 0.0, -0.927473, 2.314625, 0.0, 1.0, 0.0, 0.723643, 0.0, 0.0, 0.0, 1.0],
                [0.926082, 0.0, -0.377322, 0.104059, -0.377322, 0.0, -0.926082, 2.315372, 0.0, 1.0, 0.0, 0.722481, 0.0, 0.0, 0.0, 1.0],
                [0.924731, 0.0, -0.380622, 0.104059, -0.380622, 0.0, -0.924731, 2.316091, 0.0, 1.0, 0.0, 0.721316, 0.0, 0.0, 0.0, 1.0],
                [0.92342, 0.0, -0.383792, 0.104059, -0.383792, 0.0, -0.92342, 2.316782, 0.0, 1.0, 0.0, 0.720151, 0.0, 0.0, 0.0, 1.0],
                [0.922149, 0.0, -0.386835, 0.104059, -0.386835, 0.0, -0.922149, 2.317447, 0.0, 1.0, 0.0, 0.718985, 0.0, 0.0, 0.0, 1.0],
                [0.920919, 0.0, -0.389754, 0.104059, -0.389754, 0.0, -0.920919, 2.318084, 0.0, 1.0, 0.0, 0.717821, 0.0, 0.0, 0.0, 1.0],
                [0.91973, 0.0, -0.392552, 0.104059, -0.392552, 0.0, -0.91973, 2.318696, 0.0, 1.0, 0.0, 0.716658, 0.0, 0.0, 0.0, 1.0],
                [0.918581, 0.0, -0.395233, 0.104059, -0.395233, 0.0, -0.918581, 2.319282, 0.0, 1.0, 0.0, 0.715499, 0.0, 0.0, 0.0, 1.0],
                [0.917473, 0.0, -0.397799, 0.104059, -0.397799, 0.0, -0.917473, 2.319844, 0.0, 1.0, 0.0, 0.714342, 0.0, 0.0, 0.0, 1.0],
                [0.916405, 0.0, -0.400252, 0.104059, -0.400252, 0.0, -0.916405, 2.320381, 0.0, 1.0, 0.0, 0.713191, 0.0, 0.0, 0.0, 1.0],
                [0.915378, 0.0, -0.402596, 0.104059, -0.402596, 0.0, -0.915378, 2.320893, 0.0, 1.0, 0.0, 0.712045, 0.0, 0.0, 0.0, 1.0],
                [0.91439, 0.0, -0.404834, 0.104059, -0.404834, 0.0, -0.91439, 2.321383, 0.0, 1.0, 0.0, 0.710906, 0.0, 0.0, 0.0, 1.0],
                [0.913443, 0.0, -0.406967, 0.104059, -0.406967, 0.0, -0.913443, 2.32185, 0.0, 1.0, 0.0, 0.709774, 0.0, 0.0, 0.0, 1.0],
                [0.912534, 0.0, -0.409, 0.104059, -0.409, 0.0, -0.912534, 2.322294, 0.0, 1.0, 0.0, 0.70865, 0.0, 0.0, 0.0, 1.0],
                [0.911665, 0.0, -0.410934, 0.104059, -0.410934, 0.0, -0.911665, 2.322718, 0.0, 1.0, 0.0, 0.707536, 0.0, 0.0, 0.0, 1.0],
                [0.910834, 0.0, -0.412773, 0.104059, -0.412773, 0.0, -0.910834, 2.323119, 0.0, 1.0, 0.0, 0.706432, 0.0, 0.0, 0.0, 1.0],
                [0.910041, 0.0, -0.414518, 0.104059, -0.414518, 0.0, -0.910041, 2.323501, 0.0, 1.0, 0.0, 0.70534, 0.0, 0.0, 0.0, 1.0],
                [0.909285, 0.0, -0.416173, 0.104059, -0.416173, 0.0, -0.909285, 2.323862, 0.0, 1.0, 0.0, 0.704259, 0.0, 0.0, 0.0, 1.0],
                [0.908566, 0.0, -0.41774, 0.104059, -0.41774, 0.0, -0.908566, 2.324203, 0.0, 1.0, 0.0, 0.703192, 0.0, 0.0, 0.0, 1.0],
                [0.907884, 0.0, -0.419222, 0.104059, -0.419222, 0.0, -0.907884, 2.324526, 0.0, 1.0, 0.0, 0.702138, 0.0, 0.0, 0.0, 1.0],
                [0.907237, 0.0, -0.420621, 0.104059, -0.420621, 0.0, -0.907237, 2.32483, 0.0, 1.0, 0.0, 0.701099, 0.0, 0.0, 0.0, 1.0],
                [0.906624, 0.0, -0.421939, 0.104059, -0.421939, 0.0, -0.906624, 2.325117, 0.0, 1.0, 0.0, 0.700077, 0.0, 0.0, 0.0, 1.0],
                [0.906046, 0.0, -0.42318, 0.104059, -0.42318, 0.0, -0.906046, 2.325386, 0.0, 1.0, 0.0, 0.699071, 0.0, 0.0, 0.0, 1.0],
                [0.9055, 0.0, -0.424346, 0.104059, -0.424346, 0.0, -0.9055, 2.325638, 0.0, 1.0, 0.0, 0.698082, 0.0, 0.0, 0.0, 1.0],
                [0.904988, 0.0, -0.425438, 0.104059, -0.425438, 0.0, -0.904988, 2.325874, 0.0, 1.0, 0.0, 0.697113, 0.0, 0.0, 0.0, 1.0],
                [0.904506, 0.0, -0.42646, 0.104059, -0.42646, 0.0, -0.904506, 2.326094, 0.0, 1.0, 0.0, 0.696163, 0.0, 0.0, 0.0, 1.0],
                [0.904056, 0.0, -0.427414, 0.104059, -0.427414, 0.0, -0.904056, 2.326299, 0.0, 1.0, 0.0, 0.695233, 0.0, 0.0, 0.0, 1.0],
                [0.903635, 0.0, -0.428303, 0.104059, -0.428303, 0.0, -0.903635, 2.326489, 0.0, 1.0, 0.0, 0.694325, 0.0, 0.0, 0.0, 1.0],
                [0.903244, 0.0, -0.429128, 0.104059, -0.429128, 0.0, -0.903244, 2.326666, 0.0, 1.0, 0.0, 0.69344, 0.0, 0.0, 0.0, 1.0],
                [0.90288, 0.0, -0.429892, 0.104059, -0.429892, 0.0, -0.90288, 2.326828, 0.0, 1.0, 0.0, 0.692577, 0.0, 0.0, 0.0, 1.0],
                [0.902544, 0.0, -0.430598, 0.104059, -0.430598, 0.0, -0.902544, 2.326978, 0.0, 1.0, 0.0, 0.691739, 0.0, 0.0, 0.0, 1.0],
                [0.902233, 0.0, -0.431248, 0.104059, -0.431248, 0.0, -0.902233, 2.327115, 0.0, 1.0, 0.0, 0.690926, 0.0, 0.0, 0.0, 1.0],
                [0.901948, 0.0, -0.431844, 0.104059, -0.431844, 0.0, -0.901948, 2.327241, 0.0, 1.0, 0.0, 0.690139, 0.0, 0.0, 0.0, 1.0],
                [0.901687, 0.0, -0.432389, 0.104059, -0.432389, 0.0, -0.901687, 2.327355, 0.0, 1.0, 0.0, 0.689379, 0.0, 0.0, 0.0, 1.0],
                [0.901449, 0.0, -0.432885, 0.104059, -0.432885, 0.0, -0.901449, 2.327458, 0.0, 1.0, 0.0, 0.688648, 0.0, 0.0, 0.0, 1.0],
                [0.901233, 0.0, -0.433334, 0.104059, -0.433334, 0.0, -0.901233, 2.327551, 0.0, 1.0, 0.0, 0.687945, 0.0, 0.0, 0.0, 1.0],
                [0.901039, 0.0, -0.433738, 0.104059, -0.433738, 0.0, -0.901039, 2.327634, 0.0, 1.0, 0.0, 0.687272, 0.0, 0.0, 0.0, 1.0],
                [0.900864, 0.0, -0.434101, 0.104059, -0.434101, 0.0, -0.900864, 2.327707, 0.0, 1.0, 0.0, 0.686629, 0.0, 0.0, 0.0, 1.0],
                [0.900709, 0.0, -0.434424, 0.104059, -0.434424, 0.0, -0.900709, 2.327772, 0.0, 1.0, 0.0, 0.686019, 0.0, 0.0, 0.0, 1.0],
                [0.900571, 0.0, -0.434709, 0.104059, -0.434709, 0.0, -0.900571, 2.32783, 0.0, 1.0, 0.0, 0.685441, 0.0, 0.0, 0.0, 1.0],
                [0.90045, 0.0, -0.434959, 0.104059, -0.434959, 0.0, -0.90045, 2.327879, 0.0, 1.0, 0.0, 0.684896, 0.0, 0.0, 0.0, 1.0],
                [0.900345, 0.0, -0.435176, 0.104059, -0.435176, 0.0, -0.900345, 2.327921, 0.0, 1.0, 0.0, 0.684386, 0.0, 0.0, 0.0, 1.0],
                [0.900255, 0.0, -0.435363, 0.104059, -0.435363, 0.0, -0.900255, 2.327957, 0.0, 1.0, 0.0, 0.683912, 0.0, 0.0, 0.0, 1.0],
                [0.900178, 0.0, -0.435521, 0.104059, -0.435521, 0.0, -0.900178, 2.327987, 0.0, 1.0, 0.0, 0.683474, 0.0, 0.0, 0.0, 1.0],
                [0.900114, 0.0, -0.435654, 0.104059, -0.435654, 0.0, -0.900114, 2.328012, 0.0, 1.0, 0.0, 0.683073, 0.0, 0.0, 0.0, 1.0],
                [0.900062, 0.0, -0.435763, 0.104059, -0.435763, 0.0, -0.900062, 2.328031, 0.0, 1.0, 0.0, 0.68271, 0.0, 0.0, 0.0, 1.0],
                [0.900019, 0.0, -0.43585, 0.104059, -0.43585, 0.0, -0.900019, 2.328047, 0.0, 1.0, 0.0, 0.682387, 0.0, 0.0, 0.0, 1.0],
                [0.899986, 0.0, -0.435918, 0.104059, -0.435918, 0.0, -0.899986, 2.328058, 0.0, 1.0, 0.0, 0.682104, 0.0, 0.0, 0.0, 1.0],
                [0.899961, 0.0, -0.43597, 0.104059, -0.43597, 0.0, -0.899961, 2.328066, 0.0, 1.0, 0.0, 0.681861, 0.0, 0.0, 0.0, 1.0],
                [0.899944, 0.0, -0.436007, 0.104059, -0.436007, 0.0, -0.899944, 2.328072, 0.0, 1.0, 0.0, 0.681661, 0.0, 0.0, 0.0, 1.0],
                [0.899931, 0.0, -0.436031, 0.104059, -0.436031, 0.0, -0.899931, 2.328075, 0.0, 1.0, 0.0, 0.681504, 0.0, 0.0, 0.0, 1.0],
                [0.899924, 0.0, -0.436046, 0.104059, -0.436046, 0.0, -0.899924, 2.328077, 0.0, 1.0, 0.0, 0.68139, 0.0, 0.0, 0.0, 1.0],
                [0.899921, 0.0, -0.436054, 0.104059, -0.436054, 0.0, -0.899921, 2.328077, 0.0, 1.0, 0.0, 0.681321, 0.0, 0.0, 0.0, 1.0],
                [0.89992, 0.0, -0.436055, 0.104059, -0.436055, 0.0, -0.89992, 2.328078, 0.0, 1.0, 0.0, 0.681298, 0.0, 0.0, 0.0, 1.0]
            ]
        },
        {
            "name": "Thigh_R",
            "time": [0.0, 0.0167, 0.0333, 0.05, 0.0667, 0.0833, 0.1, 0.1167, 0.1333, 0.15, 0.1667, 0.1833, 0.2, 0.2167, 0.2333, 0.25, 0.2667, 0.2833, 0.3, 0.3167, 0.3333, 0.35, 0.3667, 0.3833, 0.4, 0.4167, 0.4333, 0.45, 0.4667, 0.4833, 0.5, 0.5167, 0.5333, 0.55, 0.5667, 0.5833, 0.6, 0.6167, 0.6333, 0.65, 0.6667, 0.6833, 0.7, 0.7167, 0.7333, 0.75, 0.7667, 0.7833, 0.8, 0.8167, 0.8333, 0.85, 0.8667, 0.8833, 0.9, 0.9167, 0.9333, 0.95, 0.9667, 0.9833, 1.0, 1.0167, 1.0333, 1.05, 1.0667, 1.0833, 1.1, 1.1167, 1.1333, 1.15, 1.1667, 1.1833, 1.2, 1.2167, 1.2333, 1.25, 1.2667, 1.2833, 1.3, 1.3167, 1.3333, 1.35, 1.3667, 1.3833, 1.4, 1.4167, 1.4333, 1.45, 1.4667, 1.4833, 1.5, 1.5167, 1.5333, 1.55, 1.5667, 1.5833, 1.6, 1.6167, 1.6333, 1.65, 1.6667, 1.6833, 1.7, 1.7167, 1.7333, 1.75, 1.7667, 1.7833, 1.8, 1.8167, 1.8333, 1.85, 1.8667, 1.8833, 1.9, 1.9167, 1.9333, 1.95, 1.9667, 1.9833, 2.0, 2.0167, 2.0333, 2.05, 2.0667, 2.0833, 2.1, 2.1167, 2.1333, 2.15, 2.1667, 2.1833, 2.2, 2.2167, 2.2333, 2.25, 2.2667, 2.2833, 2.3, 2.3167, 2.3333, 2.35, 2.3667, 2.3833, 2.4, 2.4167, 2.4333, 2.45, 2.4667, 2.4833, 2.5, 2.5167, 2.5333, 2.55, 2.5667, 2.5833, 2.6, 2.6167, 2.6333, 2.65, 2.6667, 2.6833, 2.7, 2.7167, 2.7333, 2.75, 2.7667, 2.7833, 2.8, 2.8167, 2.8333, 2.85, 2.8667, 2.8833, 2.9, 2.9167, 2.9333, 2.95, 2.9667, 2.9833, 3.0],
            "transform": [
                [0.913163, -0.097517, -0.395757, 0.124994, -0.006663, -0.974398, 0.224723, -0.002831, -0.40754, -0.202571, -0.890436, -1.2e-05, 0.0, 0.0, 0.0, 1.0],
                [0.915308, -0.09784, -0.39069, 0.124994, -0.007889, -0.974212, 0.225487, -0.002831, -0.402677, -0.203307, -0.892478, -1.2e-05, 0.0, 0.0, 0.0, 1.0],
                [0.921355, -0.09869, -0.375984, 0.124994, -0.011412, -0.973683, 0.227611, -0.002831, -0.388553, -0.205419, -0.898237, -1.2e-05, 0.0, 0.0, 0.0, 1.0],
                [0.930548, -0.099867, -0.352286, 0.124994, -0.01703, -0.97285, 0.230801, -0.002831, -0.365771, -0.208771, -0.906987, -1.2e-05, 0.0, 0.0, 0.0, 1.0],
                [0.941945, -0.101142, -0.320169, 0.124994, -0.02456, -0.97175, 0.234723, -0.002831, -0.334865, -0.213232, -0.917822, -1.2e-05, 0.0, 0.0, 0.0, 1.0],
                [0.954474, -0.102275, -0.280211, 0.124994, -0.033815, -0.970425, 0.239014, -0.002831, -0.296369, -0.218657, -0.929707, -1.2e-05, 0.0, 0.0, 0.0, 1.0],
                [0.96699, -0.103019, -0.233061, 0.124994, -0.044584, -0.968923, 0.243304, -0.002831, -0.250883, -0.224881, -0.941534, -1.2e-05, 0.0, 0.0, 0.0, 1.0],
                [0.978337, -0.103137, -0.179496, 0.124994, -0.056615, -0.9673, 0.247226, -0.002831, -0.199125, -0.231708, -0.952188, -1.2e-05, 0.0, 0.0, 0.0, 1.0],
                [0.987421, -0.102415, -0.120458, 0.124994, -0.069603, -0.965625, 0.25044, -0.002831, -0.141966, -0.238905, -0.960609, -1.2e-05, 0.0, 0.0, 0.0, 1.0],
                [0.993281, -0.100675, -0.057062, 0.124994, -0.08319, -0.963972, 0.252651, -0.002831, -0.080442, -0.246206, -0.965874, -1.2e-05, 0.0, 0.0, 0.0, 1.0],
                [0.995163, -0.097783, 0.009413, 0.124994, -0.096966, -0.962426, 0.253632, -0.002831, -0.015742, -0.253317, -0.967255, -1.2e-05, 0.0, 0.0, 0.0, 1.0],
                [0.992577, -0.093667, 0.077573, 0.124994, -0.110485, -0.961073, 0.253234, -0.002831, 0.050834, -0.259924, -0.96429, -1.2e-05, 0.0, 0.0, 0.0, 1.0],
                [0.985339, -0.088309, 0.145969, 0.124994, -0.12328, -0.959998, 0.251401, -0.002831, 0.11793, -0.265709, -0.956813, -1.2e-05, 0.0, 0.0, 0.0, 1.0],
                [0.973588, -0.081751, 0.213173, 0.124994, -0.134886, -0.959279, 0.248164, -0.002831, 0.184205, -0.270363, -0.944972, -1.2e-05, 0.0, 0.0, 0.0, 1.0],
                [0.957764, -0.074083, 0.277848, 0.124994, -0.144858, -0.958984, 0.243642, -0.002831, 0.248403, -0.273599, -0.929215, -1.2e-05, 0.0, 0.0, 0.0, 1.0],
                [0.938573, -0.065428, 0.338821, 0.124994, -0.152787, -0.959166, 0.238017, -0.002831, 0.309413, -0.275163, -0.910247, -1.2e-05, 0.0, 0.0, 0.0, 1.0],
                [0.917039, -0.053753, 0.395157, 0.124994, -0.156494, -0.959897, 0.232601, -0.002831, 0.366808, -0.275143, -0.888678, -1.2e-05, 0.0, 0.0, 0.0, 1.0],
                [0.894051, -0.036991, 0.446434, 0.124994, -0.154043, -0.961194, 0.228852, -0.002831, 0.420645, -0.273375, -0.865057, -1.2e-05, 0.0, 0.0, 0.0, 1.0],
                [0.870218, -0.015234, 0.492431, 0.124994, -0.145407, -0.962936, 0.227173, -0.002831, 0.470719, -0.269292, -0.840182, -1.2e-05, 0.0, 0.0, 0.0, 1.0],
                [0.84606, 0.011451, 0.532964, 0.124994, -0.130507, -0.964895, 0.227906, -0.002831, 0.516865, -0.262377, -0.814867, -1.2e-05, 0.0, 0.0, 0.0, 1.0],
                [0.821992, 0.043022, 0.567871, 0.124994, -0.109211, -0.966725, 0.231324, -0.002831, 0.558928, -0.252164, -0.789945, -1.2e-05, 0.0, 0.0, 0.0, 1.0],
                [0.798311, 0.079482, 0.596977, 0.124994, -0.081321, -0.967946, 0.237621, -0.002831, 0.596729, -0.238241, -0.766261, -1.2e-05, 0.0, 0.0, 0.0, 1.0],
                [0.775174, 0.120868, 0.620077, 0.124994, -0.04657, -0.967921, 0.246891, -0.002831, 0.630028, -0.22026, -0.744681, -1.2e-05, 0.0, 0.0, 0.0, 1.0],
                [0.752575, 0.167256, 0.636911, 0.124994, -0.004632, -0.965835, 0.259108, -0.002831, 0.658489, -0.197947, -0.726091, -1.2e-05, 0.0, 0.0, 0.0, 1.0],
                [0.730318, 0.218737, 0.647139, 0.124994, 0.044861, -0.960657, 0.274083, -0.002831, 0.681632, -0.171135, -0.7114, -1.2e-05, 0.0, 0.0, 0.0, 1.0],
                [0.707978, 0.275389, 0.650328, 0.124994, 0.102278, -0.951111, 0.291417, -0.002831, 0.698788, -0.139802, -0.701535, -1.2e-05, 0.0, 0.0, 0.0, 1.0],
                [0.68486, 0.337228, 0.645944, 0.124994, 0.167925, -0.935644, 0.310432, -0.002831, 0.709061, -0.104132, -0.697416, -1.2e-05, 0.0, 0.0, 0.0, 1.0],
                [0.686074, 0.394234, 0.611458, 0.124994, 0.263336, -0.918031, 0.296427, -0.002831, 0.678201, -0.042351, -0.733656, -1.2e-05, 0.0, 0.0, 0.0, 1.0],
                [0.721917, 0.445494, 0.529499, 0.124994, 0.396008, -0.893481, 0.211818, -0.002831, 0.567462, 0.056771, -0.821441, -1.2e-05, 0.0, 0.0, 0.0, 1.0],
                [0.763239, 0.50331, 0.405146, 0.124994, 0.529905, -0.846385, 0.053194, -0.002831, 0.369683, 0.17409, -0.912703, -1.2e-05, 0.0, 0.0, 0.0, 1.0],
                [0.779235, 0.572353, 0.255348, 0.124994, 0.617853, -0.76988, -0.159812, -0.002831, 0.105118, 0.282298, -0.95355, -1.2e-05, 0.0, 0.0, 0.0, 1.0],
                [0.755871, 0.645099, 0.111817, 0.124994, 0.632718, -0.675834, -0.378038, -0.002831, -0.168303, 0.356497, -0.919012, -1.2e-05, 0.0, 0.0, 0.0, 1.0],
                [0.706829, 0.707377, 0.002769, 0.124994, 0.591211, -0.588592, -0.551386, -0.002831, -0.388409, 0.391373, -0.834245, -1.2e-05, 0.0, 0.0, 0.0, 1.0],
                [0.660346, 0.748407, -0.061876, 0.124994, 0.537519, -0.528589, -0.657012, -0.002831, -0.52442, 0.400595, -0.751337, -1.2e-05, 0.0, 0.0, 0.0, 1.0],
                [0.64102, 0.762962, -0.083536, 0.124994, 0.513011, -0.506865, -0.692752, -0.002831, -0.570887, 0.401213, -0.716321, -1.2e-05, 0.0, 0.0, 0.0, 1.0],
                [0.653062, 0.753408, -0.0767, 0.124994, 0.525162, -0.523516, -0.67092, -0.002831, -0.545632, 0.397872, -0.737552, -1.2e-05, 0.0, 0.0, 0.0, 1.0],
                [0.684227, 0.727055, -0.056766, 0.124994, 0.553078, -0.568077, -0.609419, -0.002831, -0.47533, 0.385584, -0.790814, -1.2e-05, 0.0, 0.0, 0.0, 1.0],
                [0.72586, 0.687439, -0.02349, 0.124994, 0.581173, -0.631203, -0.513634, -0.002831, -0.36792, 0.359174, -0.857688, -1.2e-05, 0.0, 0.0, 0.0, 1.0],
                [0.768848, 0.639059, 0.021796, 0.124994, 0.594373, -0.701684, -0.392885, -0.002831, -0.235784, 0.315024, -0.919329, -1.2e-05, 0.0, 0.0, 0.0, 1.0],
                [0.805994, 0.587299, 0.073839, 0.124994, 0.583831, -0.768208, -0.262668, -0.002831, -0.097541, 0.254818, -0.962057, -1.2e-05, 0.0, 0.0, 0.0, 1.0],
                [0.834429, 0.537068, 0.123631, 0.124994, 0.550522, -0.82269, -0.141787, -0.002831, 0.025561, 0.186373, -0.982147, -1.2e-05, 0.0, 0.0, 0.0, 1.0],
                [0.856065, 0.491342, 0.160417, 0.124994, 0.503878, -0.86248, -0.047237, -0.002831, 0.115147, 0.121269, -0.985919, -1.2e-05, 0.0, 0.0, 0.0, 1.0],
                [0.875554, 0.450976, 0.173277, 0.124994, 0.456565, -0.889648, 0.008451, -0.002831, 0.157967, 0.071713, -0.984837, -1.2e-05, 0.0, 0.0, 0.0, 1.0],
                [0.893607, 0.414813, 0.171449, 0.124994, 0.414872, -0.909116, 0.037226, -0.002831, 0.171309, 0.037865, -0.98449, -1.2e-05, 0.0, 0.0, 0.0, 1.0],
                [0.908143, 0.382101, 0.171097, 0.124994, 0.377793, -0.924045, 0.058386, -0.002831, 0.180411, 0.011617, -0.983523, -1.2e-05, 0.0, 0.0, 0.0, 1.0],
                [0.919617, 0.353355, 0.171591, 0.124994, 0.345805, -0.935454, 0.073082, -0.002831, 0.18634, -0.00787, -0.982454, -1.2e-05, 0.0, 0.0, 0.0, 1.0],
                [0.928442, 0.329014, 0.172467, 0.124994, 0.319233, -0.944077, 0.08249, -0.002831, 0.189963, -0.021529, -0.981555, -1.2e-05, 0.0, 0.0, 0.0, 1.0],
                [0.934963, 0.309474, 0.173403, 0.124994, 0.298311, -0.950421, 0.087782, -0.002831, 0.191972, -0.030345, -0.980931, -1.2e-05, 0.0, 0.0, 0.0, 1.0],
                [0.939453, 0.295102, 0.174188, 0.124994, 0.283216, -0.95481, 0.090128, -0.002831, 0.192913, -0.035338, -0.98058, -1.2e-05, 0.0, 0.0, 0.0, 1.0],
                [0.942094, 0.286245, 0.174702, 0.124994, 0.274085, -0.957418, 0.090687, -0.002831, 0.193222, -0.037552, -0.980437, -1.2e-05, 0.0, 0.0, 0.0, 1.0],
                [0.942973, 0.283226, 0.174883, 0.124994, 0.271024, -0.958296, 0.090617, -0.002831, 0.193255, -0.038052, -0.980411, -1.2e-05, 0.0, 0.0, 0.0, 1.0],
                [0.942973, 0.283226, 0.174883, 0.124994, 0.271024, -0.958296, 0.090617, -0.002831, 0.193255, -0.038052, -0.980411, -1.2e-05, 0.0, 0.0, 0.0, 1.0],
                [0.942973, 0.283226, 0.174883, 0.124994, 0.271024, -0.958296, 0.090617, -0.002831, 0.193255, -0.038052, -0.980411, -1.2e-05, 0.0, 0.0, 0.0, 1.0],
                [0.942973, 0.283226, 0.174883, 0.124994, 0.271024, -0.958296, 0.090617, -0.002831, 0.193255, -0.038052, -0.980411, -1.2e-05, 0.0, 0.0, 0.0, 1.0],
                [0.942973, 0.283226, 0.174883, 0.124994, 0.271024, -0.958296, 0.090617, -0.002831, 0.193255, -0.038052, -0.980411, -1.2e-05, 0.0, 0.0, 0.0, 1.0],
                [0.942973, 0.283226, 0.174883, 0.124994, 0.271024, -0.958296, 0.090617, -0.002831, 0.193255, -0.038052, -0.980411, -1.2e-05, 0.0, 0.0, 0.0, 1.0],
                [0.942973, 0.283226, 0.174883, 0.124994, 0.271024, -0.958296, 0.090617, -0.002831, 0.193255, -0.038052, -0.980411, -1.2e-05, 0.0, 0.0, 0.0, 1.0],
                [0.942973, 0.283226, 0.174883, 0.124994, 0.271024, -0.958296, 0.090617, -0.002831, 0.193255, -0.038052, -0.980411, -1.2e-05, 0.0, 0.0, 0.0, 1.0],
                [0.942973, 0.283226, 0.174883, 0.124994, 0.271024, -0.958296, 0.090617, -0.002831, 0.193255, -0.038052, -0.980411, -1.2e-05, 0.0, 0.0, 0.0, 1.0],
                [0.942973, 0.283226, 0.174883, 0.124994, 0.271024, -0.958296, 0.090617, -0.002831, 0.193255, -0.038052, -0.980411, -1.2e-05, 0.0, 0.0, 0.0, 1.0],
                [0.942973, 0.283226, 0.174883, 0.124994, 0.271024, -0.958296, 0.090617, -0.002831, 0.193255, -0.038052, -0.980411, -1.2e-05, 0.0, 0.0, 0.0, 1.0],
                [0.943343, 0.282104, 0.174701, 0.124994, 0.270003, -0.958637, 0.090048, -0.002831, 0.192878, -0.037776, -0.980496, -1.2e-05, 0.0, 0.0, 0.0, 1.0],
                [0.944394, 0.278892, 0.174178, 0.124994, 0.267078, -0.959608, 0.088418, -0.002831, 0.191802, -0.036982, -0.980737, -1.2e-05, 0.0, 0.0, 0.0, 1.0],
                [0.946033, 0.273815, 0.17334, 0.124994, 0.262452, -0.961117, 0.085849, -0.002831, 0.190107, -0.035722, -0.981114, -1.2e-05, 0.0, 0.0, 0.0, 1.0],
                [0.948156, 0.267099, 0.172212, 0.124994, 0.256323, -0.963065, 0.082462, -0.002831, 0.187877, -0.034044, -0.981603, -1.2e-05, 0.0, 0.0, 0.0, 1.0],
                [0.95066, 0.25897, 0.170817, 0.124994, 0.24889, -0.965353, 0.078377, -0.002831, 0.185196, -0.031994, -0.982181, -1.2e-05, 0.0, 0.0, 0.0, 1.0],
                [0.953442, 0.249653, 0.169178, 0.124994, 0.240355, -0.96788, 0.073717, -0.002831, 0.182147, -0.029622, -0.982825, -1.2e-05, 0.0, 0.0, 0.0, 1.0],
                [0.9564, 0.239378, 0.16732, 0.124994, 0.230918, -0.970549, 0.068604, -0.002831, 0.178815, -0.026975, -0.983513, -1.2e-05, 0.0, 0.0, 0.0, 1.0],
                [0.959442, 0.228374, 0.165274, 0.124994, 0.220787, -0.973273, 0.063159, -0.002831, 0.17528, -0.024107, -0.984224, -1.2e-05, 0.0, 0.0, 0.0, 1.0],
                [0.962482, 0.216875, 0.163072, 0.124994, 0.210173, -0.97597, 0.057503, -0.002831, 0.171624, -0.021072, -0.984937, -1.2e-05, 0.0, 0.0, 0.0, 1.0],
                [0.965445, 0.205118, 0.160755, 0.124994, 0.19929, -0.978571, 0.051755, -0.002831, 0.167926, -0.017929, -0.985637, -1.2e-05, 0.0, 0.0, 0.0, 1.0],
                [0.968266, 0.19334, 0.158367, 0.124994, 0.188359, -0.981019, 0.046033, -0.002831, 0.164261, -0.014741, -0.986307, -1.2e-05, 0.0, 0.0, 0.0, 1.0],
                [0.970892, 0.181781, 0.155959, 0.124994, 0.177602, -0.983269, 0.040451, -0.002831, 0.160703, -0.011575, -0.986935, -1.2e-05, 0.0, 0.0, 0.0, 1.0],
                [0.973282, 0.170682, 0.153587, 0.124994, 0.167246, -0.985287, 0.035124, -0.002831, 0.157323, -0.008498, -0.987511, -1.2e-05, 0.0, 0.0, 0.0, 1.0],
                [0.975404, 0.160285, 0.151312, 0.124994, 0.157521, -0.987053, 0.030161, -0.002831, 0.154188, -0.005584, -0.988026, -1.2e-05, 0.0, 0.0, 0.0, 1.0],
                [0.977236, 0.15083, 0.149199, 0.124994, 0.148658, -0.988553, 0.025672, -0.002831, 0.151363, -0.002908, -0.988474, -1.2e-05, 0.0, 0.0, 0.0, 1.0],
                [0.978762, 0.142558, 0.147315, 0.124994, 0.140888, -0.989784, 0.021764, -0.002831, 0.148913, -0.000546, -0.98885, -1.2e-05, 0.0, 0.0, 0.0, 1.0],
                [0.979972, 0.135708, 0.145731, 0.124994, 0.134444, -0.990746, 0.01854, -0.002831, 0.146899, 0.001424, -0.989151, -1.2e-05, 0.0, 0.0, 0.0, 1.0],
                [0.980856, 0.130521, 0.144517, 0.124994, 0.129557, -0.991439, 0.016107, -0.002831, 0.145382, 0.002925, -0.989371, -1.2e-05, 0.0, 0.0, 0.0, 1.0],
