{
    "animation": [
        {
            "name": "Root",
            "time": [0.0, 0.0167, 0.0333, 0.05, 0.0667, 0.0833, 0.1, 0.1167, 0.1333, 0.15, 0.1667, 0.1833, 0.2, 0.2167, 0.2333, 0.25, 0.2667, 0.2833, 0.3, 0.3167, 0.3333, 0.35, 0.3667, 0.3833, 0.4, 0.4167, 0.4333, 0.45, 0.4667, 0.4833, 0.5, 0.5167, 0.5333, 0.55, 0.5667, 0.5833, 0.6, 0.6167, 0.6333, 0.65, 0.6667, 0.6833, 0.7, 0.7167, 0.7333, 0.75, 0.7667, 0.7833, 0.8, 0.8167, 0.8333, 0.85, 0.8667, 0.8833, 0.9, 0.9167, 0.9333, 0.95, 0.9667, 0.9833, 1.0, 1.0167, 1.0333, 1.05, 1.0667, 1.0833, 1.1, 1.1167, 1.1333, 1.15, 1.1667, 1.1833, 1.2, 1.2167, 1.2333, 1.25, 1.2667, 1.2833, 1.3, 1.3167, 1.3333, 1.35, 1.3667, 1.3833, 1.4, 1.4167, 1.4333, 1.45, 1.4667, 1.4833, 1.5, 1.5167, 1.5333, 1.55, 1.5667, 1.5833, 1.6, 1.6167, 1.6333, 1.65, 1.6667, 1.6833, 1.7, 1.7167, 1.7333, 1.75, 1.7667, 1.7833, 1.8, 1.8167, 1.8333, 1.85, 1.8667, 1.8833, 1.9, 1.9167, 1.9333, 1.95, 1.9667, 1.9833, 2.0, 2.0167, 2.0333, 2.05, 2.0667, 2.0833, 2.1, 2.1167, 2.1333, 2.15, 2.1667, 2.1833, 2.2, 2.2167, 2.2333, 2.25, 2.2667, 2.2833, 2.3, 2.3167, 2.3333, 2.35, 2.3667, 2.3833, 2.4, 2.4167, 2.4333, 2.45, 2.4667, 2.4833, 2.5, 2.5167, 2.5333, 2.55, 2.5667, 2.5833, 2.6, 2.6167, 2.6333, 2.65, 2.6667],
            "transform": [
                [-0.002378, 0.011299, 0.999933, -5e-06, 0.999088, 0.042653, 0.001894, 0.000946, -0.042629, 0.999026, -0.01139, 0.501011, 0.0, 0.0, 0.0, 1.0],
                [0.002852, 0.011527, 0.999929, -5e-06, 0.999087, 0.042596, -0.00334, 0.003215, -0.042631, 0.999026, -0.011395, 0.501011, 0.0, 0.0, 0.0, 1.0],
                [0.018161, 0.01219, 0.999761, -5e-06, 0.998926, 0.042421, -0.018663, 0.009835, -0.042639, 0.999025, -0.011407, 0.501011, 0.0, 0.0, 0.0, 1.0],
                [0.043082, 0.013265, 0.998983, -5e-06, 0.998161, 0.042115, -0.043605, 0.020529, -0.042651, 0.999025, -0.011426, 0.501011, 0.0, 0.0, 0.0, 1.0],
                [0.077229, 0.014726, 0.996905, -5e-06, 0.9961, 0.041651, -0.077782, 0.03502, -0.042668, 0.999024, -0.011452, 0.501011, 0.0, 0.0, 0.0, 1.0],
                [0.120234, 0.016547, 0.992608, -5e-06, 0.991827, 0.040994, -0.120823, 0.053029, -0.04269, 0.999022, -0.011483, 0.501011, 0.0, 0.0, 0.0, 1.0],
                [0.171663, 0.018696, 0.984978, -5e-06, 0.984229, 0.040099, -0.172293, 0.074279, -0.042718, 0.999021, -0.011517, 0.501011, 0.0, 0.0, 0.0, 1.0],
                [0.230933, 0.021133, 0.97274, -5e-06, 0.97203, 0.038918, -0.23161, 0.098491, -0.042751, 0.999019, -0.011555, 0.501011, 0.0, 0.0, 0.0, 1.0],
                [0.297227, 0.023808, 0.95451, -5e-06, 0.953847, 0.037399, -0.297954, 0.125389, -0.042791, 0.999017, -0.011593, 0.501011, 0.0, 0.0, 0.0, 1.0],
                [0.369416, 0.026655, 0.928882, -5e-06, 0.928276, 0.035494, -0.370194, 0.154694, -0.042837, 0.999014, -0.011631, 0.501011, 0.0, 0.0, 0.0, 1.0],
                [0.445996, 0.029593, 0.894545, -5e-06, 0.894007, 0.033163, -0.446825, 0.186129, -0.042889, 0.999012, -0.011666, 0.501011, 0.0, 0.0, 0.0, 1.0],
                [0.525077, 0.032529, 0.850433, -5e-06, 0.849971, 0.03038, -0.525953, 0.219415, -0.042945, 0.999009, -0.011697, 0.501011, 0.0, 0.0, 0.0, 1.0],
                [0.604418, 0.035358, 0.795883, -5e-06, 0.795506, 0.027143, -0.605337, 0.254276, -0.043006, 0.999006, -0.011722, 0.501011, 0.0, 0.0, 0.0, 1.0],
                [0.68154, 0.037969, 0.730795, -5e-06, 0.730512, 0.023473, -0.682496, 0.290433, -0.043068, 0.999003, -0.011739, 0.501011, 0.0, 0.0, 0.0, 1.0],
                [0.753907, 0.04026, 0.655746, -5e-06, 0.655564, 0.019426, -0.75489, 0.327608, -0.04313, 0.999, -0.011748, 0.501011, 0.0, 0.0, 0.0, 1.0],
                [0.819155, 0.042141, 0.572022, -5e-06, 0.571944, 0.015083, -0.820154, 0.365524, -0.04319, 0.998998, -0.011747, 0.501011, 0.0, 0.0, 0.0, 1.0],
                [0.875331, 0.043548, 0.481559, -5e-06, 0.481586, 0.010551, -0.876335, 0.403903, -0.043243, 0.998996, -0.011736, 0.501011, 0.0, 0.0, 0.0, 1.0],
                [0.921099, 0.04445, 0.386783, -5e-06, 0.386914, 0.005951, -0.922096, 0.442467, -0.043289, 0.998994, -0.011717, 0.501011, 0.0, 0.0, 0.0, 1.0],
                [0.95586, 0.044852, 0.290378, -5e-06, 0.29061, 0.001405, -0.956841, 0.480939, -0.043325, 0.998993, -0.011692, 0.501011, 0.0, 0.0, 0.0, 1.0],
                [0.979773, 0.04479, 0.195035, -5e-06, 0.195361, -0.00297, -0.980727, 0.51904, -0.043348, 0.998992, -0.01166, 0.501011, 0.0, 0.0, 0.0, 1.0],
                [0.993671, 0.044327, 0.103218, -5e-06, 0.103629, -0.007077, -0.994591, 0.556493, -0.043357, 0.998992, -0.011626, 0.501011, 0.0, 0.0, 0.0, 1.0],
                [0.998907, 0.043545, 0.017002, -5e-06, 0.017489, -0.01084, -0.999788, 0.59302, -0.043352, 0.998993, -0.01159, 0.501011, 0.0, 0.0, 0.0, 1.0],
                [0.997169, 0.042536, -0.062013, -5e-06, -0.061459, -0.014209, -0.998008, 0.628344, -0.043332, 0.998994, -0.011555, 0.501011, 0.0, 0.0, 0.0, 1.0],
                [0.990291, 0.04139, -0.132702, -5e-06, -0.132092, -0.017156, -0.991089, 0.662186, -0.043297, 0.998996, -0.011522, 0.501011, 0.0, 0.0, 0.0, 1.0],
                [0.980105, 0.040194, -0.194369, -5e-06, -0.193713, -0.01967, -0.980861, 0.694269, -0.043248, 0.998998, -0.011492, 0.501011, 0.0, 0.0, 0.0, 1.0],
                [0.96832, 0.039026, -0.246644, -5e-06, -0.24595, -0.021754, -0.969038, 0.724315, -0.043184, 0.999001, -0.011466, 0.501011, 0.0, 0.0, 0.0, 1.0],
                [0.956462, 0.037954, -0.28938, -5e-06, -0.288658, -0.02342, -0.957146, 0.752046, -0.043104, 0.999005, -0.011445, 0.501011, 0.0, 0.0, 0.0, 1.0],
                [0.94583, 0.037031, -0.322542, -5e-06, -0.3218, -0.024681, -0.946486, 0.777184, -0.04301, 0.999009, -0.011427, 0.501011, 0.0, 0.0, 0.0, 1.0],
                [0.937492, 0.036304, -0.346108, -5e-06, -0.345352, -0.025548, -0.938125, 0.799452, -0.0429, 0.999014, -0.011413, 0.501011, 0.0, 0.0, 0.0, 1.0],
                [0.932275, 0.035807, -0.359974, -5e-06, -0.359213, -0.026027, -0.932893, 0.818572, -0.042773, 0.99902, -0.011401, 0.501011, 0.0, 0.0, 0.0, 1.0],
                [0.930765, 0.035567, -0.363883, -5e-06, -0.363124, -0.026114, -0.931375, 0.834267, -0.042629, 0.999026, -0.01139, 0.501011, 0.0, 0.0, 0.0, 1.0],
                [0.931992, 0.035052, -0.36078, -5e-06, -0.360044, -0.025646, -0.932583, 0.846537, -0.041941, 0.999056, -0.011281, 0.503738, 0.0, 0.0, 0.0, 1.0],
                [0.934628, 0.033795, -0.354016, -5e-06, -0.353336, -0.024539, -0.935175, 0.856508, -0.040291, 0.999128, -0.010994, 0.511412, 0.0, 0.0, 0.0, 1.0],
                [0.938513, 0.031907, -0.343766, -5e-06, -0.343164, -0.022903, -0.938996, 0.865581, -0.037833, 0.999228, -0.010545, 0.52327, 0.0, 0.0, 0.0, 1.0],
                [0.943459, 0.029492, -0.330176, -5e-06, -0.329667, -0.020849, -0.943867, 0.875161, -0.034721, 0.999348, -0.009948, 0.538554, 0.0, 0.0, 0.0, 1.0],
                [0.949254, 0.026653, -0.313379, -5e-06, -0.312968, -0.01849, -0.949584, 0.88665, -0.031103, 0.999474, -0.00921, 0.5565, 0.0, 0.0, 0.0, 1.0],
                [0.955671, 0.023489, -0.293497, -5e-06, -0.293183, -0.015936, -0.955924, 0.901453, -0.027131, 0.999597, -0.008343, 0.576349, 0.0, 0.0, 0.0, 1.0],
                [0.962467, 0.020107, -0.270652, -5e-06, -0.270425, -0.013294, -0.962649, 0.920972, -0.022954, 0.999709, -0.007358, 0.59734, 0.0, 0.0, 0.0, 1.0],
                [0.969388, 0.016614, -0.24497, -5e-06, -0.244818, -0.010671, -0.96951, 0.94661, -0.018721, 0.999805, -0.006277, 0.618711, 0.0, 0.0, 0.0, 1.0],
                [0.976174, 0.013128, -0.21659, -5e-06, -0.216496, -0.008164, -0.976249, 0.979772, -0.014585, 0.99988, -0.005127, 0.639702, 0.0, 0.0, 0.0, 1.0],
                [0.982564, 0.009774, -0.185666, -5e-06, -0.185615, -0.005867, -0.982605, 1.021859, -0.010693, 0.999935, -0.00395, 0.659551, 0.0, 0.0, 0.0, 1.0],
                [0.9883, 0.006687, -0.152375, -5e-06, -0.152352, -0.003861, -0.988319, 1.074277, -0.007197, 0.99997, -0.002797, 0.677497, 0.0, 0.0, 0.0, 1.0],
                [0.993133, 0.004009, -0.11692, -5e-06, -0.116912, -0.00222, -0.99314, 1.138427, -0.004241, 0.99999, -0.001736, 0.692781, 0.0, 0.0, 0.0, 1.0],
                [0.996831, 0.001894, -0.079529, -5e-06, -0.079527, -0.001003, -0.996832, 1.215714, -0.001968, 0.999998, -0.000849, 0.704639, 0.0, 0.0, 0.0, 1.0],
                [0.999181, 0.000502, -0.04046, -5e-06, -0.04046, -0.000253, -0.999181, 1.30754, -0.000512, 1.0, -0.000233, 0.712313, 0.0, 0.0, 0.0, 1.0],
                [1.0, 0.0, 0.0, -5e-06, 0.0, 0.0, -1.0, 1.415309, 0.0, 1.0, 0.0, 0.715039, 0.0, 0.0, 0.0, 1.0],
                [0.99911, 0.0, 0.04219, -5e-06, 0.04219, 0.0, -0.99911, 1.541118, 0.0, 1.0, 0.0, 0.715039, 0.0, 0.0, 0.0, 1.0],
                [0.996029, 0.0, 0.089034, -5e-06, 0.089034, 0.0, -0.996029, 1.682831, 0.0, 1.0, 0.0, 0.715039, 0.0, 0.0, 0.0, 1.0],
                [0.989566, 0.0, 0.144077, -5e-06, 0.144077, 0.0, -0.989566, 1.835508, 0.0, 1.0, 0.0, 0.715039, 0.0, 0.0, 0.0, 1.0],
                [0.977553, 0.0, 0.21069, -5e-06, 0.21069, 0.0, -0.977553, 1.994205, 0.0, 1.0, 0.0, 0.715039, 0.0, 0.0, 0.0, 1.0],
                [0.956488, 0.0, 0.291771, -5e-06, 0.291771, 0.0, -0.956488, 2.153981, 0.0, 1.0, 0.0, 0.715039, 0.0, 0.0, 0.0, 1.0],
                [0.921261, 0.0, 0.388945, -5e-06, 0.388945, 0.0, -0.921261, 2.310609, 0.0, 1.0, 0.0, 0.715039, 0.0, 0.0, 0.0, 1.0],
                [0.867253, 0.0, 0.497867, -5e-06, 0.497867, 0.0, -0.867253, 2.462724, 0.0, 1.0, 0.0, 0.715039, 0.0, 0.0, 0.0, 1.0],
                [0.791757, 0.0, 0.610836, -5e-06, 0.610836, 0.0, -0.791757, 2.609679, 0.0, 1.0, 0.0, 0.715039, 0.0, 0.0, 0.0, 1.0],
                [0.694701, 0.0, 0.719299, -5e-06, 0.719299, 0.0, -0.694701, 2.750824, 0.0, 1.0, 0.0, 0.715039, 0.0, 0.0, 0.0, 1.0],
                [0.57937, 0.0, 0.815065, -5e-06, 0.815065, 0.0, -0.57937, 2.88551, 0.0, 1.0, 0.0, 0.715039, 0.0, 0.0, 0.0, 1.0],
                [0.45226, 0.0, 0.891886, -5e-06, 0.891886, 0.0, -0.45226, 3.013089, 0.0, 1.0, 0.0, 0.715039, 0.0, 0.0, 0.0, 1.0],
                [0.321971, 0.0, 0.94675, -5e-06, 0.94675, 0.0, -0.321971, 3.132911, 0.0, 1.0, 0.0, 0.715039, 0.0, 0.0, 0.0, 1.0],
                [0.197581, 0.0, 0.980287, -5e-06, 0.980287, 0.0, -0.197581, 3.24433, 0.0, 1.0, 0.0, 0.715039, 0.0, 0.0, 0.0, 1.0],
                [0.087209, 0.0, 0.99619, -5e-06, 0.99619, 0.0, -0.087209, 3.346694, 0.0, 1.0, 0.0, 0.715039, 0.0, 0.0, 0.0, 1.0],
                [-0.002681, 0.0, 0.999996, -5e-06, 0.999996, 0.0, 0.002681, 3.439357, 0.0, 1.0, 0.0, 0.715039, 0.0, 0.0, 0.0, 1.0],
                [-0.073533, 0.0, 0.997293, -5e-06, 0.997293, 0.0, 0.073533, 3.52189, 0.0, 1.0, 0.0, 0.715054, 0.0, 0.0, 0.0, 1.0],
                [-0.131059, 0.0, 0.991374, -5e-06, 0.991374, 0.0, 0.131059, 3.594752, 0.0, 1.0, 0.0, 0.715097, 0.0, 0.0, 0.0, 1.0],
                [-0.176615, 0.0, 0.98428, -5e-06, 0.98428, 0.0, 0.176615, 3.658625, 0.0, 1.0, 0.0, 0.715169, 0.0, 0.0, 0.0, 1.0],
                [-0.211677, 0.0, 0.977339, -5e-06, 0.977339, 0.0, 0.211677, 3.714189, 0.0, 1.0, 0.0, 0.715268, 0.0, 0.0, 0.0, 1.0],
                [-0.237714, 0.0, 0.971335, -5e-06, 0.971335, 0.0, 0.237714, 3.762125, 0.0, 1.0, 0.0, 0.715394, 0.0, 0.0, 0.0, 1.0],
                [-0.256134, 0.0, 0.966641, -5e-06, 0.966641, 0.0, 0.256134, 3.803113, 0.0, 1.0, 0.0, 0.715547, 0.0, 0.0, 0.0, 1.0],
                [-0.268277, 0.0, 0.963342, -5e-06, 0.963342, 0.0, 0.268277, 3.837834, 0.0, 1.0, 0.0, 0.715725, 0.0, 0.0, 0.0, 1.0],
                [-0.275423, 0.0, 0.961323, -5e-06, 0.961323, 0.0, 0.275423, 3.866968, 0.0, 1.0, 0.0, 0.715929, 0.0, 0.0, 0.0, 1.0],
                [-0.278815, 0.0, 0.960345, -5e-06, 0.960345, 0.0, 0.278815, 3.891197, 0.0, 1.0, 0.0, 0.716157, 0.0, 0.0, 0.0, 1.0],
                [-0.279675, 0.0, 0.960095, -5e-06, 0.960095, 0.0, 0.279675, 3.911201, 0.0, 1.0, 0.0, 0.71641, 0.0, 0.0, 0.0, 1.0],
                [-0.27911, 0.0, 0.960259, -5e-06, 0.960259, 0.0, 0.27911, 3.929118, 0.0, 1.0, 0.0, 0.716685, 0.0, 0.0, 0.0, 1.0],
                [-0.277431, 0.0, 0.960745, -5e-06, 0.960745, 0.0, 0.277431, 3.946637, 0.0, 1.0, 0.0, 0.716984, 0.0, 0.0, 0.0, 1.0],
                [-0.274659, 0.0, 0.961542, -5e-06, 0.961542, 0.0, 0.274659, 3.963763, 0.0, 1.0, 0.0, 0.717305, 0.0, 0.0, 0.0, 1.0],
                [-0.270811, 0.0, 0.962633, -5e-06, 0.962633, 0.0, 0.270811, 3.9805, 0.0, 1.0, 0.0, 0.717648, 0.0, 0.0, 0.0, 1.0],
                [-0.265903, 0.0, 0.964, -5e-06, 0.964, 0.0, 0.265903, 3.996851, 0.0, 1.0, 0.0, 0.718012, 0.0, 0.0, 0.0, 1.0],
                [-0.259949, 0.0, 0.965622, -5e-06, 0.965622, 0.0, 0.259949, 4.012823, 0.0, 1.0, 0.0, 0.718397, 0.0, 0.0, 0.0, 1.0],
                [-0.25296, 0.0, 0.967477, -5e-06, 0.967477, 0.0, 0.25296, 4.028418, 0.0, 1.0, 0.0, 0.718801, 0.0, 0.0, 0.0, 1.0],
                [-0.244947, 0.0, 0.969537, -5e-06, 0.969537, 0.0, 0.244947, 4.043643, 0.0, 1.0, 0.0, 0.719225, 0.0, 0.0, 0.0, 1.0],
                [-0.235917, 0.0, 0.971773, -5e-06, 0.971773, 0.0, 0.235917, 4.0585, 0.0, 1.0, 0.0, 0.719668, 0.0, 0.0, 0.0, 1.0],
                [-0.225878, 0.0, 0.974156, -5e-06, 0.974156, 0.0, 0.225878, 4.072996, 0.0, 1.0, 0.0, 0.720128, 0.0, 0.0, 0.0, 1.0],
                [-0.214838, 0.0, 0.97665, -5e-06, 0.97665, 0.0, 0.214838, 4.087133, 0.0, 1.0, 0.0, 0.720607, 0.0, 0.0, 0.0, 1.0],
                [-0.202802, 0.0, 0.97922, -5e-06, 0.97922, 0.0, 0.202802, 4.100917, 0.0, 1.0, 0.0, 0.721102, 0.0, 0.0, 0.0, 1.0],
                [-0.189777, 0.0, 0.981827, -5e-06, 0.981827, 0.0, 0.189777, 4.114351, 0.0, 1.0, 0.0, 0.721614, 0.0, 0.0, 0.0, 1.0],
                [-0.175769, 0.0, 0.984431, -5e-06, 0.984431, 0.0, 0.175769, 4.127442, 0.0, 1.0, 0.0, 0.722142, 0.0, 0.0, 0.0, 1.0],
                [-0.160786, 0.0, 0.986989, -5e-06, 0.986989, 0.0, 0.160786, 4.140193, 0.0, 1.0, 0.0, 0.722685, 0.0, 0.0, 0.0, 1.0],
                [-0.144834, 0.0, 0.989456, -5e-06, 0.989456, 0.0, 0.144834, 4.152608, 0.0, 1.0, 0.0, 0.723243, 0.0, 0.0, 0.0, 1.0],
                [-0.127925, 0.0, 0.991784, -5e-06, 0.991784, 0.0, 0.127925, 4.164692, 0.0, 1.0, 0.0, 0.723815, 0.0, 0.0, 0.0, 1.0],
                [-0.110068, 0.0, 0.993924, -5e-06, 0.993924, 0.0, 0.110068, 4.176449, 0.0, 1.0, 0.0, 0.7244, 0.0, 0.0, 0.0, 1.0],
                [-0.091277, 0.0, 0.995826, -5e-06, 0.995826, 0.0, 0.091277, 4.187884, 0.0, 1.0, 0.0, 0.724998, 0.0, 0.0, 0.0, 1.0],
                [-0.071566, 0.0, 0.997436, -5e-06, 0.997436, 0.0, 0.071566, 4.199002, 0.0, 1.0, 0.0, 0.725609, 0.0, 0.0, 0.0, 1.0],
                [-0.050953, 0.0, 0.998701, -5e-06, 0.998701, 0.0, 0.050953, 4.209806, 0.0, 1.0, 0.0, 0.726231, 0.0, 0.0, 0.0, 1.0],
                [-0.02946, 0.0, 0.999566, -5e-06, 0.999566, 0.0, 0.02946, 4.220302, 0.0, 1.0, 0.0, 0.726865, 0.0, 0.0, 0.0, 1.0],
                [-0.007111, 0.0, 0.999975, -5e-06, 0.999975, 0.0, 0.007111, 4.230494, 0.0, 1.0, 0.0, 0.727509, 0.0, 0.0, 0.0, 1.0],
                [0.016067, 0.0, 0.999871, -5e-06, 0.999871, 0.0, -0.016067, 4.240386, 0.0, 1.0, 0.0, 0.728163, 0.0, 0.0, 0.0, 1.0],
                [0.040042, 0.0, 0.999198, -5e-06, 0.999198, 0.0, -0.040042, 4.249982, 0.0, 1.0, 0.0, 0.728826, 0.0, 0.0, 0.0, 1.0],
                [0.064776, 0.0, 0.9979, -5e-06, 0.9979, 0.0, -0.064776, 4.259288, 0.0, 1.0, 0.0, 0.729498, 0.0, 0.0, 0.0, 1.0],
                [0.090231, 0.0, 0.995921, -5e-06, 0.995921, 0.0, -0.090231, 4.268308, 0.0, 1.0, 0.0, 0.730179, 0.0, 0.0, 0.0, 1.0],
                [0.11636, 0.0, 0.993207, -5e-06, 0.993207, 0.0, -0.11636, 4.277045, 0.0, 1.0, 0.0, 0.730867, 0.0, 0.0, 0.0, 1.0],
                [0.143115, 0.0, 0.989706, -5e-06, 0.989706, 0.0, -0.143115, 4.285506, 0.0, 1.0, 0.0, 0.731562, 0.0, 0.0, 0.0, 1.0],
                [0.17044, 0.0, 0.985368, -5e-06, 0.985368, 0.0, -0.17044, 4.293693, 0.0, 1.0, 0.0, 0.732264, 0.0, 0.0, 0.0, 1.0],
                [0.198277, 0.0, 0.980146, -5e-06, 0.980146, 0.0, -0.198277, 4.301612, 0.0, 1.0, 0.0, 0.732971, 0.0, 0.0, 0.0, 1.0],
                [0.226562, 0.0, 0.973997, -5e-06, 0.973997, 0.0, -0.226562, 4.309267, 0.0, 1.0, 0.0, 0.733684, 0.0, 0.0, 0.0, 1.0],
                [0.255228, 0.0, 0.966881, -5e-06, 0.966881, 0.0, -0.255228, 4.316662, 0.0, 1.0, 0.0, 0.734401, 0.0, 0.0, 0.0, 1.0],
                [0.284203, 0.0, 0.958764, -5e-06, 0.958764, 0.0, -0.284203, 4.323803, 0.0, 1.0, 0.0, 0.735123, 0.0, 0.0, 0.0, 1.0],
                [0.31341, 0.0, 0.949618, -5e-06, 0.949618, 0.0, -0.31341, 4.330694, 0.0, 1.0, 0.0, 0.735848, 0.0, 0.0, 0.0, 1.0],
                [0.342771, 0.0, 0.939419, -5e-06, 0.939419, 0.0, -0.342771, 4.337337, 0.0, 1.0, 0.0, 0.736576, 0.0, 0.0, 0.0, 1.0],
                [0.372204, 0.0, 0.928151, -5e-06, 0.928151, 0.0, -0.372204, 4.34374, 0.0, 1.0, 0.0, 0.737306, 0.0, 0.0, 0.0, 1.0],
                [0.401627, 0.0, 0.915803, -5e-06, 0.915803, 0.0, -0.401627, 4.349905, 0.0, 1.0, 0.0, 0.738038, 0.0, 0.0, 0.0, 1.0],
                [0.430953, 0.0, 0.902375, -5e-06, 0.902375, 0.0, -0.430953, 4.355838, 0.0, 1.0, 0.0, 0.738772, 0.0, 0.0, 0.0, 1.0],
                [0.460097, 0.0, 0.887869, -5e-06, 0.887869, 0.0, -0.460097, 4.361543, 0.0, 1.0, 0.0, 0.739506, 0.0, 0.0, 0.0, 1.0],
                [0.488973, 0.0, 0.872299, -5e-06, 0.872299, 0.0, -0.488973, 4.367023, 0.0, 1.0, 0.0, 0.740239, 0.0, 0.0, 0.0, 1.0],
                [0.517496, 0.0, 0.855685, -5e-06, 0.855685, 0.0, -0.517496, 4.372285, 0.0, 1.0, 0.0, 0.740973, 0.0, 0.0, 0.0, 1.0],
                [0.545584, 0.0, 0.838056, -5e-06, 0.838056, 0.0, -0.545584, 4.377332, 0.0, 1.0, 0.0, 0.741705, 0.0, 0.0, 0.0, 1.0],
                [0.573156, 0.0, 0.819446, -5e-06, 0.819446, 0.0, -0.573156, 4.382169, 0.0, 1.0, 0.0, 0.742435, 0.0, 0.0, 0.0, 1.0],
                [0.600135, 0.0, 0.799898, -5e-06, 0.799898, 0.0, -0.600135, 4.386799, 0.0, 1.0, 0.0, 0.743163, 0.0, 0.0, 0.0, 1.0],
                [0.626448, 0.0, 0.779463, -5e-06, 0.779463, 0.0, -0.626448, 4.391229, 0.0, 1.0, 0.0, 0.743888, 0.0, 0.0, 0.0, 1.0],
                [0.652027, 0.0, 0.758196, -5e-06, 0.758196, 0.0, -0.652027, 4.395462, 0.0, 1.0, 0.0, 0.74461, 0.0, 0.0, 0.0, 1.0],
                [0.676808, 0.0, 0.736159, -5e-06, 0.736159, 0.0, -0.676808, 4.399503, 0.0, 1.0, 0.0, 0.745327, 0.0, 0.0, 0.0, 1.0],
                [0.700736, 0.0, 0.71342, -5e-06, 0.71342, 0.0, -0.700736, 4.403355, 0.0, 1.0, 0.0, 0.74604, 0.0, 0.0, 0.0, 1.0],
                [0.723761, 0.0, 0.690051, -5e-06, 0.690051, 0.0, -0.723761, 4.407024, 0.0, 1.0, 0.0, 0.746747, 0.0, 0.0, 0.0, 1.0],
                [0.745838, 0.0, 0.666127, -5e-06, 0.666127, 0.0, -0.745838, 4.410514, 0.0, 1.0, 0.0, 0.747449, 0.0, 0.0, 0.0, 1.0],
                [0.766933, 0.0, 0.641727, -5e-06, 0.641727, 0.0, -0.766933, 4.41383, 0.0, 1.0, 0.0, 0.748144, 0.0, 0.0, 0.0, 1.0],
                [0.787016, 0.0, 0.616932, -5e-06, 0.616932, 0.0, -0.787016, 4.416975, 0.0, 1.0, 0.0, 0.748832, 0.0, 0.0, 0.0, 1.0],
                [0.806067, 0.0, 0.591824, -5e-06, 0.591824, 0.0, -0.806067, 4.419956, 0.0, 1.0, 0.0, 0.749513, 0.0, 0.0, 0.0, 1.0],
                [0.82407, 0.0, 0.566487, -5e-06, 0.566487, 0.0, -0.82407, 4.422775, 0.0, 1.0, 0.0, 0.750185, 0.0, 0.0, 0.0, 1.0],
                [0.84102, 0.0, 0.541004, -5e-06, 0.541004, 0.0, -0.84102, 4.425437, 0.0, 1.0, 0.0, 0.750848, 0.0, 0.0, 0.0, 1.0],
                [0.856916, 0.0, 0.515456, -5e-06, 0.515456, 0.0, -0.856916, 4.427948, 0.0, 1.0, 0.0, 0.751502, 0.0, 0.0, 0.0, 1.0],
                [0.871765, 0.0, 0.489924, -5e-06, 0.489924, 0.0, -0.871765, 4.43031, 0.0, 1.0, 0.0, 0.752146, 0.0, 0.0, 0.0, 1.0],
                [0.88558, 0.0, 0.464487, -5e-06, 0.464487, 0.0, -0.88558, 4.43253, 0.0, 1.0, 0.0, 0.75278, 0.0, 0.0, 0.0, 1.0],
                [0.898379, 0.0, 0.439221, -5e-06, 0.439221, 0.0, -0.898379, 4.434611, 0.0, 1.0, 0.0, 0.753402, 0.0, 0.0, 0.0, 1.0],
                [0.910186, 0.0, 0.4142, -5e-06, 0.4142, 0.0, -0.910186, 4.436558, 0.0, 1.0, 0.0, 0.754013, 0.0, 0.0, 0.0, 1.0],
                [0.92103, 0.0, 0.389492, -5e-06, 0.389492, 0.0, -0.92103, 4.438375, 0.0, 1.0, 0.0, 0.754611, 0.0, 0.0, 0.0, 1.0],
                [0.930943, 0.0, 0.365164, -5e-06, 0.365164, 0.0, -0.930943, 4.440067, 0.0, 1.0, 0.0, 0.755196, 0.0, 0.0, 0.0, 1.0],
                [0.939962, 0.0, 0.341279, -5e-06, 0.341279, 0.0, -0.939962, 4.441638, 0.0, 1.0, 0.0, 0.755768, 0.0, 0.0, 0.0, 1.0],
                [0.948126, 0.0, 0.317894, -5e-06, 0.317894, 0.0, -0.948126, 4.443092, 0.0, 1.0, 0.0, 0.756326, 0.0, 0.0, 0.0, 1.0],
                [0.955477, 0.0, 0.295065, -5e-06, 0.295065, 0.0, -0.955477, 4.444435, 0.0, 1.0, 0.0, 0.756869, 0.0, 0.0, 0.0, 1.0],
                [0.962059, 0.0, 0.272841, -5e-06, 0.272841, 0.0, -0.962059, 4.445671, 0.0, 1.0, 0.0, 0.757397, 0.0, 0.0, 0.0, 1.0],
                [0.967917, 0.0, 0.251269, -5e-06, 0.251269, 0.0, -0.967917, 4.446804, 0.0, 1.0, 0.0, 0.757909, 0.0, 0.0, 0.0, 1.0],
                [0.973098, 0.0, 0.230392, -5e-06, 0.230392, 0.0, -0.973098, 4.447837, 0.0, 1.0, 0.0, 0.758404, 0.0, 0.0, 0.0, 1.0],
                [0.977648, 0.0, 0.210248, -5e-06, 0.210248, 0.0, -0.977648, 4.448778, 0.0, 1.0, 0.0, 0.758883, 0.0, 0.0, 0.0, 1.0],
                [0.981615, 0.0, 0.190874, -5e-06, 0.190874, 0.0, -0.981615, 4.449628, 0.0, 1.0, 0.0, 0.759343, 0.0, 0.0, 0.0, 1.0],
                [0.985045, 0.0, 0.1723, -5e-06, 0.1723, 0.0, -0.985045, 4.450394, 0.0, 1.0, 0.0, 0.759786, 0.0, 0.0, 0.0, 1.0],
                [0.987984, 0.0, 0.154557, -5e-06, 0.154557, 0.0, -0.987984, 4.451079, 0.0, 1.0, 0.0, 0.76021, 0.0, 0.0, 0.0, 1.0],
                [0.990478, 0.0, 0.137671, -5e-06, 0.137671, 0.0, -0.990478, 4.451688, 0.0, 1.0, 0.0, 0.760614, 0.0, 0.0, 0.0, 1.0],
                [0.992571, 0.0, 0.121667, -5e-06, 0.121667, 0.0, -0.992571, 4.452226, 0.0, 1.0, 0.0, 0.760999, 0.0, 0.0, 0.0, 1.0],
                [0.994306, 0.0, 0.106566, -5e-06, 0.106566, 0.0, -0.994306, 4.452696, 0.0, 1.0, 0.0, 0.761363, 0.0, 0.0, 0.0, 1.0],
                [0.995723, 0.0, 0.092389, -5e-06, 0.092389, 0.0, -0.995723, 4.453104, 0.0, 1.0, 0.0, 0.761706, 0.0, 0.0, 0.0, 1.0],
                [0.996862, 0.0, 0.079154, -5e-06, 0.079154, 0.0, -0.996862, 4.453454, 0.0, 1.0, 0.0, 0.762027, 0.0, 0.0, 0.0, 1.0],
                [0.997761, 0.0, 0.06688, -5e-06, 0.06688, 0.0, -0.997761, 4.45375, 0.0, 1.0, 0.0, 0.762326, 0.0, 0.0, 0.0, 1.0],
                [0.998454, 0.0, 0.055583, -5e-06, 0.055583, 0.0, -0.998454, 4.453997, 0.0, 1.0, 0.0, 0.762601, 0.0, 0.0, 0.0, 1.0],
                [0.998974, 0.0, 0.045278, -5e-06, 0.045278, 0.0, -0.998974, 4.454199, 0.0, 1.0, 0.0, 0.762854, 0.0, 0.0, 0.0, 1.0],
                [0.999352, 0.0, 0.035983, -5e-06, 0.035983, 0.0, -0.999352, 4.45436, 0.0, 1.0, 0.0, 0.763082, 0.0, 0.0, 0.0, 1.0],
                [0.999616, 0.0, 0.027713, -5e-06, 0.027713, 0.0, -0.999616, 4.454486, 0.0, 1.0, 0.0, 0.763286, 0.0, 0.0, 0.0, 1.0],
                [0.99979, 0.0, 0.020485, -5e-06, 0.020485, 0.0, -0.99979, 4.454581, 0.0, 1.0, 0.0, 0.763464, 0.0, 0.0, 0.0, 1.0],
                [0.999898, 0.0, 0.014314, -5e-06, 0.014314, 0.0, -0.999898, 4.454649, 0.0, 1.0, 0.0, 0.763617, 0.0, 0.0, 0.0, 1.0],
                [0.999958, 0.0, 0.00922, -5e-06, 0.00922, 0.0, -0.999958, 4.454695, 0.0, 1.0, 0.0, 0.763743, 0.0, 0.0, 0.0, 1.0],
                [0.999986, 0.0, 0.005221, -5e-06, 0.005221, 0.0, -0.999986, 4.454722, 0.0, 1.0, 0.0, 0.763842, 0.0, 0.0, 0.0, 1.0],
                [0.999997, 0.0, 0.002336, -5e-06, 0.002336, 0.0, -0.999997, 4.454736, 0.0, 1.0, 0.0, 0.763914, 0.0, 0.0, 0.0, 1.0],
                [1.0, 0.0, 0.000588, -5e-06, 0.000588, 0.0, -1.0, 4.454741, 0.0, 1.0, 0.0, 0.763957, 0.0, 0.0, 0.0, 1.0],
                [1.0, 0.0, 0.0, -5e-06, 0.0, 0.0, -1.0, 4.454742, 0.0, 1.0, 0.0, 0.763972, 0.0, 0.0, 0.0, 1.0]
            ]
        },
        {
            "name": "Thigh_R",
            "time": [0.0, 0.0167, 0.0333, 0.05, 0.0667, 0.0833, 0.1, 0.1167, 0.1333, 0.15, 0.1667, 0.1833, 0.2, 0.2167, 0.2333, 0.25, 0.2667, 0.2833, 0.3, 0.3167, 0.3333, 0.35, 0.3667, 0.3833, 0.4, 0.4167, 0.4333, 0.45, 0.4667, 0.4833, 0.5, 0.5167, 0.5333, 0.55, 0.5667, 0.5833, 0.6, 0.6167, 0.6333, 0.65, 0.6667, 0.6833, 0.7, 0.7167, 0.7333, 0.75, 0.7667, 0.7833, 0.8, 0.8167, 0.8333, 0.85, 0.8667, 0.8833, 0.9, 0.9167, 0.9333, 0.95, 0.9667, 0.9833, 1.0, 1.0167, 1.0333, 1.05, 1.0667, 1.0833, 1.1, 1.1167, 1.1333, 1.15, 1.1667, 1.1833, 1.2, 1.2167, 1.2333, 1.25, 1.2667, 1.2833, 1.3, 1.3167, 1.3333, 1.35, 1.3667, 1.3833, 1.4, 1.4167, 1.4333, 1.45, 1.4667, 1.4833, 1.5, 1.5167, 1.5333, 1.55, 1.5667, 1.5833, 1.6, 1.6167, 1.6333, 1.65, 1.6667, 1.6833, 1.7, 1.7167, 1.7333, 1.75, 1.7667, 1.7833, 1.8, 1.8167, 1.8333, 1.85, 1.8667, 1.8833, 1.9, 1.9167, 1.9333, 1.95, 1.9667, 1.9833, 2.0, 2.0167, 2.0333, 2.05, 2.0667, 2.0833, 2.1, 2.1167, 2.1333, 2.15, 2.1667, 2.1833, 2.2, 2.2167, 2.2333, 2.25, 2.2667, 2.2833, 2.3, 2.3167, 2.3333, 2.35, 2.3667, 2.3833, 2.4, 2.4167, 2.4333, 2.45, 2.4667, 2.4833, 2.5, 2.5167, 2.5333, 2.55, 2.5667, 2.5833, 2.6, 2.6167, 2.6333, 2.65, 2.6667],
            "transform": [
                [0.461821, 0.772906, 0.435125, 0.124994, 0.486064, -0.630885, 0.604752, -0.002831, 0.741931, -0.067788, -0.66704, -1.2e-05, 0.0, 0.0, 0.0, 1.0],
                [0.462044, 0.773401, 0.434008, 0.124994, 0.484922, -0.630061, 0.606525, -0.002831, 0.74254, -0.06978, -0.666157, -1.2e-05, 0.0, 0.0, 0.0, 1.0],
                [0.462695, 0.774807, 0.430796, 0.124994, 0.481653, -0.627672, 0.611585, -0.002831, 0.74426, -0.075483, -0.663611, -1.2e-05, 0.0, 0.0, 0.0, 1.0],
                [0.463763, 0.776987, 0.42569, 0.124994, 0.476478, -0.623818, 0.619531, -0.002831, 0.746922, -0.084483, -0.659523, -1.2e-05, 0.0, 0.0, 0.0, 1.0],
                [0.465243, 0.779795, 0.418887, 0.124994, 0.469614, -0.61857, 0.629946, -0.002831, 0.75034, -0.096362, -0.653991, -1.2e-05, 0.0, 0.0, 0.0, 1.0],
                [0.467134, 0.783075, 0.410581, 0.124994, 0.46128, -0.611993, 0.642405, -0.002831, 0.754325, -0.110696, -0.647102, -1.2e-05, 0.0, 0.0, 0.0, 1.0],
                [0.469433, 0.78667, 0.400974, 0.124994, 0.451695, -0.604155, 0.65648, -0.002831, 0.758685, -0.127055, -0.638948, -1.2e-05, 0.0, 0.0, 0.0, 1.0],
                [0.472133, 0.790428, 0.390271, 0.124994, 0.441091, -0.59514, 0.671748, -0.002831, 0.763235, -0.145008, -0.629639, -1.2e-05, 0.0, 0.0, 0.0, 1.0],
                [0.475216, 0.794206, 0.378687, 0.124994, 0.429709, -0.58506, 0.687788, -0.002831, 0.767801, -0.164122, -0.61931, -1.2e-05, 0.0, 0.0, 0.0, 1.0],
                [0.478654, 0.797877, 0.366443, 0.124994, 0.4178, -0.57406, 0.7042, -0.002831, 0.772226, -0.183968, -0.60813, -1.2e-05, 0.0, 0.0, 0.0, 1.0],
                [0.482406, 0.801328, 0.353773, 0.124994, 0.405627, -0.56232, 0.720598, -0.002831, 0.77637, -0.204121, -0.596309, -1.2e-05, 0.0, 0.0, 0.0, 1.0],
                [0.486419, 0.80447, 0.340912, 0.124994, 0.393462, -0.550064, 0.736625, -0.002831, 0.780117, -0.224171, -0.584092, -1.2e-05, 0.0, 0.0, 0.0, 1.0],
                [0.490623, 0.807238, 0.328106, 0.124994, 0.381586, -0.537552, 0.75195, -0.002831, 0.783377, -0.243723, -0.571768, -1.2e-05, 0.0, 0.0, 0.0, 1.0],
                [0.494938, 0.809587, 0.315597, 0.124994, 0.370282, -0.525082, 0.766277, -0.002831, 0.786083, -0.262399, -0.55966, -1.2e-05, 0.0, 0.0, 0.0, 1.0],
                [0.499273, 0.811499, 0.303632, 0.124994, 0.359835, -0.512983, 0.779337, -0.002831, 0.78819, -0.279844, -0.548126, -1.2e-05, 0.0, 0.0, 0.0, 1.0],
                [0.503528, 0.812975, 0.292452, 0.124994, 0.350528, -0.501611, 0.790895, -0.002831, 0.789676, -0.295724, -0.537548, -1.2e-05, 0.0, 0.0, 0.0, 1.0],
                [0.507595, 0.814035, 0.282298, 0.124994, 0.342642, -0.49134, 0.800738, -0.002831, 0.790533, -0.309723, -0.528326, -1.2e-05, 0.0, 0.0, 0.0, 1.0],
                [0.511366, 0.81471, 0.273404, 0.124994, 0.336451, -0.482553, 0.808668, -0.002831, 0.790762, -0.321538, -0.520873, -1.2e-05, 0.0, 0.0, 0.0, 1.0],
                [0.514732, 0.815041, 0.266, 0.124994, 0.332224, -0.475632, 0.814494, -0.002831, 0.790365, -0.330873, -0.515601, -1.2e-05, 0.0, 0.0, 0.0, 1.0],
                [0.517586, 0.815069, 0.260315, 0.124994, 0.330225, -0.470954, 0.818017, -0.002831, 0.789338, -0.337431, -0.512918, -1.2e-05, 0.0, 0.0, 0.0, 1.0],
                [0.519831, 0.814826, 0.256576, 0.124994, 0.330712, -0.468875, 0.819015, -0.002831, 0.787658, -0.340896, -0.51321, -1.2e-05, 0.0, 0.0, 0.0, 1.0],
                [0.521975, 0.814216, 0.254148, 0.124994, 0.33369, -0.46914, 0.817654, -0.002831, 0.784979, -0.341988, -0.516577, -1.2e-05, 0.0, 0.0, 0.0, 1.0],
                [0.524543, 0.813074, 0.25251, 0.124994, 0.339209, -0.471616, 0.81395, -0.002831, 0.780891, -0.341298, -0.523187, -1.2e-05, 0.0, 0.0, 0.0, 1.0],
                [0.527486, 0.811313, 0.252044, 0.124994, 0.347549, -0.476787, 0.807393, -0.002831, 0.775221, -0.33829, -0.533471, -1.2e-05, 0.0, 0.0, 0.0, 1.0],
                [0.530775, 0.808834, 0.253104, 0.124994, 0.358951, -0.485077, 0.797404, -0.002831, 0.767744, -0.33239, -0.547801, -1.2e-05, 0.0, 0.0, 0.0, 1.0],
                [0.534418, 0.805512, 0.256016, 0.124994, 0.37362, -0.496834, 0.783303, -0.002831, 0.758159, -0.322957, -0.566474, -1.2e-05, 0.0, 0.0, 0.0, 1.0],
                [0.538462, 0.801181, 0.261083, 0.124994, 0.391714, -0.512314, 0.76426, -0.002831, 0.746068, -0.309254, -0.589698, -1.2e-05, 0.0, 0.0, 0.0, 1.0],
                [0.543015, 0.795613, 0.268575, 0.124994, 0.413341, -0.531656, 0.73925, -0.002831, 0.730947, -0.29041, -0.617558, -1.2e-05, 0.0, 0.0, 0.0, 1.0],
                [0.54825, 0.788499, 0.278727, 0.124994, 0.438528, -0.554829, 0.707005, -0.002831, 0.71212, -0.265385, -0.649966, -1.2e-05, 0.0, 0.0, 0.0, 1.0],
                [0.554425, 0.779429, 0.29172, 0.124994, 0.467187, -0.581571, 0.665966, -0.002831, 0.68873, -0.23294, -0.686578, -1.2e-05, 0.0, 0.0, 0.0, 1.0],
                [0.561903, 0.767863, 0.30765, 0.124994, 0.499037, -0.611281, 0.614244, -0.002831, 0.659717, -0.191616, -0.726675, -1.2e-05, 0.0, 0.0, 0.0, 1.0],
                [0.578327, 0.746032, 0.330107, 0.124994, 0.524985, -0.650058, 0.549376, -0.002831, 0.624442, -0.144417, -0.767604, -1.2e-05, 0.0, 0.0, 0.0, 1.0],
                [0.60918, 0.707326, 0.358591, 0.124994, 0.536285, -0.700541, 0.470785, -0.002831, 0.584207, -0.094485, -0.806086, -1.2e-05, 0.0, 0.0, 0.0, 1.0],
                [0.650963, 0.653045, 0.387011, 0.124994, 0.532701, -0.756194, 0.379996, -0.002831, 0.540811, -0.041202, -0.840135, -1.2e-05, 0.0, 0.0, 0.0, 1.0],
                [0.69934, 0.585695, 0.409734, 0.124994, 0.514493, -0.810393, 0.280279, -0.002831, 0.496204, 0.014795, -0.86808, -1.2e-05, 0.0, 0.0, 0.0, 1.0],
                [0.749533, 0.509711, 0.422367, 0.124994, 0.483341, -0.857364, 0.176932, -0.002831, 0.452307, 0.071531, -0.888989, -1.2e-05, 0.0, 0.0, 0.0, 1.0],
                [0.797027, 0.431484, 0.422574, 0.124994, 0.442856, -0.893291, 0.07685, -0.002831, 0.410641, 0.125888, -0.903065, -1.2e-05, 0.0, 0.0, 0.0, 1.0],
                [0.838346, 0.3587, 0.410499, 0.124994, 0.398506, -0.917079, -0.012492, -0.002831, 0.37198, 0.174059, -0.911776, -1.2e-05, 0.0, 0.0, 0.0, 1.0],
                [0.871498, 0.29931, 0.388463, 0.124994, 0.35702, -0.930296, -0.084163, -0.002831, 0.336195, 0.212037, -0.917613, -1.2e-05, 0.0, 0.0, 0.0, 1.0],
                [0.895816, 0.260663, 0.359954, 0.124994, 0.325635, -0.936168, -0.132471, -0.002831, 0.302447, 0.235883, -0.923518, -1.2e-05, 0.0, 0.0, 0.0, 1.0],
                [0.91115, 0.249133, 0.328234, 0.124994, 0.311531, -0.937844, -0.152946, -0.002831, 0.269729, 0.241612, -0.932132, -1.2e-05, 0.0, 0.0, 0.0, 1.0],
                [0.919359, 0.270524, 0.285647, 0.124994, 0.302495, -0.950304, -0.073587, -0.002831, 0.251545, 0.15406, -0.955506, -1.2e-05, 0.0, 0.0, 0.0, 1.0],
                [0.924549, 0.307458, 0.225118, 0.124994, 0.285334, -0.950133, 0.125809, -0.002831, 0.252573, -0.052082, -0.966175, -1.2e-05, 0.0, 0.0, 0.0, 1.0],
                [0.928881, 0.335515, 0.156872, 0.124994, 0.263784, -0.896599, 0.355703, -0.002831, 0.259995, -0.289024, -0.92134, -1.2e-05, 0.0, 0.0, 0.0, 1.0],
                [0.932487, 0.346543, 0.101857, 0.124994, 0.244653, -0.813423, 0.527717, -0.002831, 0.26573, -0.467168, -0.843292, -1.2e-05, 0.0, 0.0, 0.0, 1.0],
                [0.934025, 0.348143, 0.079958, 0.124994, 0.23645, -0.770361, 0.592143, -0.002831, 0.267747, -0.534169, -0.801857, -1.2e-05, 0.0, 0.0, 0.0, 1.0],
                [0.934025, 0.348143, 0.079958, 0.124994, 0.23645, -0.770361, 0.592143, -0.002831, 0.267747, -0.534169, -0.801857, -1.2e-05, 0.0, 0.0, 0.0, 1.0],
                [0.934025, 0.348143, 0.079958, 0.124994, 0.23645, -0.770361, 0.592143, -0.002831, 0.267747, -0.534169, -0.801857, -1.2e-05, 0.0, 0.0, 0.0, 1.0],
                [0.934025, 0.348143, 0.079958, 0.124994, 0.23645, -0.770361, 0.592143, -0.002831, 0.267747, -0.534169, -0.801857, -1.2e-05, 0.0, 0.0, 0.0, 1.0],
                [0.934025, 0.348143, 0.079958, 0.124994, 0.23645, -0.770361, 0.592143, -0.002831, 0.267747, -0.534169, -0.801857, -1.2e-05, 0.0, 0.0, 0.0, 1.0],
                [0.934025, 0.348143, 0.079958, 0.124994, 0.23645, -0.770361, 0.592143, -0.002831, 0.267747, -0.534169, -0.801857, -1.2e-05, 0.0, 0.0, 0.0, 1.0],
                [0.93847, 0.336202, 0.078998, 0.124994, 0.229249, -0.777517, 0.585585, -0.002831, 0.258298, -0.531443, -0.806753, -1.2e-05, 0.0, 0.0, 0.0, 1.0],
                [0.949862, 0.303392, 0.075596, 0.124994, 0.20935, -0.796699, 0.566957, -0.002831, 0.232237, -0.522703, -0.820272, -1.2e-05, 0.0, 0.0, 0.0, 1.0],
                [0.96473, 0.254165, 0.068518, 0.124994, 0.178877, -0.823922, 0.53773, -0.002831, 0.193126, -0.506506, -0.840329, -1.2e-05, 0.0, 0.0, 0.0, 1.0],
                [0.979511, 0.193328, 0.056413, 0.124994, 0.139979, -0.854953, 0.499457, -0.002831, 0.14479, -0.481326, -0.8645, -1.2e-05, 0.0, 0.0, 0.0, 1.0],
                [0.991248, 0.126324, 0.038322, 0.124994, 0.095352, -0.885917, 0.453934, -0.002831, 0.091293, -0.446306, -0.890211, -1.2e-05, 0.0, 0.0, 0.0, 1.0],
                [0.998151, 0.059132, 0.01406, 0.124994, 0.048459, -0.913835, 0.403179, -0.002831, 0.036689, -0.401751, -0.915013, -1.2e-05, 0.0, 0.0, 0.0, 1.0],
                [0.999875, -0.002132, -0.015615, 0.124994, 0.003457, -0.937022, 0.349247, -0.002831, -0.015376, -0.349256, -0.936901, -1.2e-05, 0.0, 0.0, 0.0, 1.0],
                [0.997457, -0.051697, -0.049047, 0.124994, -0.035051, -0.955172, 0.293961, -0.002831, -0.062045, -0.291493, -0.954559, -1.2e-05, 0.0, 0.0, 0.0, 1.0],
                [0.99289, -0.084449, -0.083889, 0.124994, -0.062259, -0.969098, 0.238681, -0.002831, -0.101454, -0.23176, -0.967468, -1.2e-05, 0.0, 0.0, 0.0, 1.0],
                [0.98845, -0.095901, -0.117343, 0.124994, -0.073229, -0.980155, 0.184202, -0.002831, -0.132679, -0.17348, -0.975859, -1.2e-05, 0.0, 0.0, 0.0, 1.0],
                [0.985464, -0.08543, -0.146839, 0.124994, -0.066274, -0.989198, 0.130732, -0.002831, -0.156422, -0.119099, -0.980484, -1.2e-05, 0.0, 0.0, 0.0, 1.0],
                [0.983536, -0.058107, -0.17111, 0.124994, -0.045179, -0.995887, 0.078505, -0.002831, -0.174968, -0.069481, -0.98212, -1.2e-05, 0.0, 0.0, 0.0, 1.0],
                [0.981716, -0.018296, -0.189467, 0.124994, -0.013174, -0.999512, 0.028258, -0.002831, -0.189892, -0.025245, -0.981481, -1.2e-05, 0.0, 0.0, 0.0, 1.0],
                [0.978985, 0.029583, -0.201774, 0.124994, 0.026299, -0.999473, -0.018936, -0.002831, -0.202229, 0.013232, -0.979249, -1.2e-05, 0.0, 0.0, 0.0, 1.0],
                [0.974664, 0.081085, -0.208457, 0.124994, 0.069611, -0.995655, -0.061817, -0.002831, -0.212564, 0.04574, -0.976076, -1.2e-05, 0.0, 0.0, 0.0, 1.0],
                [0.968668, 0.131851, -0.210468, 0.124994, 0.113039, -0.988635, -0.099093, -0.002831, -0.221142, 0.072198, -0.972566, -1.2e-05, 0.0, 0.0, 0.0, 1.0],
                [0.961588, 0.177734, -0.209183, 0.124994, 0.152892, -0.979707, -0.129592, -0.002831, -0.227972, 0.092632, -0.969252, -1.2e-05, 0.0, 0.0, 0.0, 1.0],
                [0.954612, 0.214888, -0.206248, 0.124994, 0.185608, -0.970742, -0.152334, -0.002831, -0.232949, 0.107138, -0.96657, -1.2e-05, 0.0, 0.0, 0.0, 1.0],
                [0.949293, 0.239748, -0.203379, 0.124994, 0.207761, -0.963899, -0.166524, -0.002831, -0.235961, 0.115826, -0.964835, -1.2e-05, 0.0, 0.0, 0.0, 1.0],
                [0.947205, 0.248866, -0.202157, 0.124994, 0.215958, -0.961229, -0.171457, -0.002831, -0.23699, 0.118747, -0.964228, -1.2e-05, 0.0, 0.0, 0.0, 1.0],
                [0.947278, 0.248791, -0.201909, 0.124994, 0.215965, -0.961264, -0.17125, -0.002831, -0.236694, 0.118617, -0.964317, -1.2e-05, 0.0, 0.0, 0.0, 1.0],
                [0.947554, 0.248421, -0.201067, 0.124994, 0.215871, -0.961414, -0.170526, -0.002831, -0.235671, 0.118178, -0.964621, -1.2e-05, 0.0, 0.0, 0.0, 1.0],
                [0.948026, 0.247763, -0.199649, 0.124994, 0.215678, -0.961674, -0.169298, -0.002831, -0.233943, 0.117439, -0.965132, -1.2e-05, 0.0, 0.0, 0.0, 1.0],
                [0.948685, 0.246828, -0.197668, 0.124994, 0.215386, -0.96204, -0.167581, -0.002831, -0.231529, 0.116406, -0.965839, -1.2e-05, 0.0, 0.0, 0.0, 1.0],
                [0.94952, 0.245624, -0.195139, 0.124994, 0.214995, -0.962507, -0.165389, -0.002831, -0.228447, 0.115087, -0.96673, -1.2e-05, 0.0, 0.0, 0.0, 1.0],
                [0.950521, 0.244162, -0.192075, 0.124994, 0.214502, -0.963069, -0.162737, -0.002831, -0.224716, 0.113485, -0.967794, -1.2e-05, 0.0, 0.0, 0.0, 1.0],
                [0.951676, 0.242453, -0.188489, 0.124994, 0.213904, -0.96372, -0.15964, -0.002831, -0.220356, 0.111608, -0.969014, -1.2e-05, 0.0, 0.0, 0.0, 1.0],
                [0.952972, 0.240507, -0.184393, 0.124994, 0.213199, -0.964454, -0.156112, -0.002831, -0.215385, 0.109458, -0.970376, -1.2e-05, 0.0, 0.0, 0.0, 1.0],
                [0.954394, 0.238335, -0.179799, 0.124994, 0.212383, -0.965264, -0.152168, -0.002831, -0.209821, 0.107042, -0.971863, -1.2e-05, 0.0, 0.0, 0.0, 1.0],
                [0.955929, 0.235948, -0.17472, 0.124994, 0.211452, -0.966143, -0.147823, -0.002831, -0.203684, 0.104363, -0.973459, -1.2e-05, 0.0, 0.0, 0.0, 1.0],
                [0.957562, 0.233358, -0.169168, 0.124994, 0.210401, -0.967085, -0.143091, -0.002831, -0.196992, 0.101425, -0.975145, -1.2e-05, 0.0, 0.0, 0.0, 1.0],
                [0.959278, 0.230577, -0.163154, 0.124994, 0.209225, -0.968081, -0.137988, -0.002831, -0.189764, 0.098233, -0.976903, -1.2e-05, 0.0, 0.0, 0.0, 1.0],
                [0.961061, 0.227617, -0.156691, 0.124993, 0.20792, -0.969124, -0.13253, -0.002831, -0.182019, 0.09479, -0.978716, -1.2e-05, 0.0, 0.0, 0.0, 1.0],
                [0.962895, 0.224489, -0.14979, 0.124994, 0.20648, -0.970207, -0.126731, -0.002831, -0.173777, 0.091101, -0.980562, -1.2e-05, 0.0, 0.0, 0.0, 1.0],
                [0.964765, 0.221206, -0.142465, 0.124994, 0.204901, -0.971321, -0.12061, -0.002831, -0.165059, 0.087169, -0.982424, -1.2e-05, 0.0, 0.0, 0.0, 1.0],
                [0.966653, 0.217781, -0.134728, 0.124994, 0.203176, -0.97246, -0.114181, -0.002831, -0.155884, 0.083, -0.984282, -1.2e-05, 0.0, 0.0, 0.0, 1.0],
                [0.968545, 0.214226, -0.126593, 0.124994, 0.201303, -0.973614, -0.107461, -0.002831, -0.146274, 0.078598, -0.986117, -1.2e-05, 0.0, 0.0, 0.0, 1.0],
                [0.970425, 0.210555, -0.118074, 0.124994, 0.199276, -0.974778, -0.100468, -0.002831, -0.13625, 0.073968, -0.98791, -1.2e-05, 0.0, 0.0, 0.0, 1.0],
                [0.972276, 0.206779, -0.109185, 0.124994, 0.197091, -0.975941, -0.093219, -0.002831, -0.125834, 0.069115, -0.989641, -1.2e-05, 0.0, 0.0, 0.0, 1.0],
                [0.974083, 0.202911, -0.099942, 0.124994, 0.194744, -0.977098, -0.085731, -0.002831, -0.11505, 0.064047, -0.991293, -1.2e-05, 0.0, 0.0, 0.0, 1.0],
                [0.975831, 0.198966, -0.090361, 0.124994, 0.192233, -0.978241, -0.078024, -0.002831, -0.103919, 0.058768, -0.992848, -1.2e-05, 0.0, 0.0, 0.0, 1.0],
                [0.977506, 0.194954, -0.080458, 0.124994, 0.189554, -0.979362, -0.070114, -0.002831, -0.092466, 0.053286, -0.994289, -1.2e-05, 0.0, 0.0, 0.0, 1.0],
