{
    "animation": [
        {
            "name": "Root",
            "time": [0.0, 0.0167, 0.0333, 0.05, 0.0667, 0.0833, 0.1, 0.1167, 0.1333, 0.15, 0.1667, 0.1833, 0.2, 0.2167, 0.2333, 0.25, 0.2667, 0.2833, 0.3, 0.3167, 0.3333, 0.35, 0.3667, 0.3833, 0.4, 0.4167, 0.4333, 0.45, 0.4667, 0.4833, 0.5, 0.5167, 0.5333, 0.55, 0.5667, 0.5833, 0.6, 0.6167, 0.6333, 0.65, 0.6667, 0.6833, 0.7, 0.7167, 0.7333, 0.75, 0.7667, 0.7833, 0.8, 0.8167, 0.8333, 0.85, 0.8667, 0.8833, 0.9, 0.9167, 0.9333, 0.95, 0.9667, 0.9833, 1.0, 1.0167, 1.0333, 1.05, 1.0667, 1.0833, 1.1, 1.1167, 1.1333, 1.15, 1.1667, 1.1833, 1.2, 1.2167, 1.2333, 1.25, 1.2667, 1.2833, 1.3, 1.3167, 1.3333, 1.35, 1.3667, 1.3833, 1.4, 1.4167, 1.4333, 1.45, 1.4667, 1.4833, 1.5, 1.5167, 1.5333, 1.55, 1.5667, 1.5833, 1.6, 1.6167, 1.6333, 1.65, 1.6667, 1.6833, 1.7, 1.7167, 1.7333, 1.75, 1.7667, 1.7833, 1.8, 1.8167, 1.8333, 1.85, 1.8667, 1.8833, 1.9, 1.9167, 1.9333, 1.95, 1.9667, 1.9833, 2.0, 2.0167],
            "transform": [
                [1.0, 0.0, 0.0, -5e-06, 0.0, 0.0, -1.0, 0.000946, 0.0, 1.0, 0.0, 0.763972, 0.0, 0.0, 0.0, 1.0],
                [0.999739, 0.0, 0.022864, -5e-06, 0.022864, 0.0, -0.999739, 0.008608, 0.0, 1.0, 0.0, 0.762356, 0.0, 0.0, 0.0, 1.0],
                [0.996285, 0.0, 0.086115, -5e-06, 0.086115, 0.0, -0.996285, 0.029616, 0.0, 1.0, 0.0, 0.757926, 0.0, 0.0, 0.0, 1.0],
                [0.983396, 0.0, 0.181471, -5e-06, 0.181471, 0.0, -0.983396, 0.061003, 0.0, 1.0, 0.0, 0.751306, 0.0, 0.0, 0.0, 1.0],
                [0.954268, 0.0, 0.298952, -5e-06, 0.298952, 0.0, -0.954268, 0.099806, 0.0, 1.0, 0.0, 0.743123, 0.0, 0.0, 0.0, 1.0],
                [0.904592, 0.0, 0.426278, -5e-06, 0.426278, 0.0, -0.904592, 0.143056, 0.0, 1.0, 0.0, 0.734002, 0.0, 0.0, 0.0, 1.0],
                [0.835073, 0.0, 0.550139, -5e-06, 0.550139, 0.0, -0.835073, 0.18779, 0.0, 1.0, 0.0, 0.724568, 0.0, 0.0, 0.0, 1.0],
                [0.752259, 0.0, 0.658867, -5e-06, 0.658867, 0.0, -0.752259, 0.231041, 0.0, 1.0, 0.0, 0.715447, 0.0, 0.0, 0.0, 1.0],
                [0.667147, 0.0, 0.744926, -5e-06, 0.744926, 0.0, -0.667147, 0.269843, 0.0, 1.0, 0.0, 0.707264, 0.0, 0.0, 0.0, 1.0],
                [0.592462, 0.0, 0.805598, -5e-06, 0.805598, 0.0, -0.592462, 0.301231, 0.0, 1.0, 0.0, 0.700645, 0.0, 0.0, 0.0, 1.0],
                [0.540269, 0.0, 0.841492, -5e-06, 0.841492, 0.0, -0.540269, 0.322238, 0.0, 1.0, 0.0, 0.696214, 0.0, 0.0, 0.0, 1.0],
                [0.520888, 0.0, 0.853625, -5e-06, 0.853625, 0.0, -0.520888, 0.3299, 0.0, 1.0, 0.0, 0.694599, 0.0, 0.0, 0.0, 1.0],
                [0.520888, 0.0, 0.853625, -5e-06, 0.853625, 0.0, -0.520888, 0.3299, 0.0, 1.0, 0.0, 0.694599, 0.0, 0.0, 0.0, 1.0],
                [0.520888, 0.0, 0.853625, -5e-06, 0.853625, 0.0, -0.520888, 0.3299, 0.0, 1.0, 0.0, 0.694599, 0.0, 0.0, 0.0, 1.0],
                [0.526731, 0.0, 0.850032, -5e-06, 0.850032, 0.0, -0.526731, 0.34515, 0.0, 1.0, 0.0, 0.694488, 0.0, 0.0, 0.0, 1.0],
                [0.546392, 0.0, 0.83753, -5e-06, 0.83753, 0.0, -0.546392, 0.388071, 0.0, 1.0, 0.0, 0.693711, 0.0, 0.0, 0.0, 1.0],
                [0.582431, 0.0, 0.81288, -5e-06, 0.81288, 0.0, -0.582431, 0.454414, 0.0, 1.0, 0.0, 0.691604, 0.0, 0.0, 0.0, 1.0],
                [0.636631, 0.0, 0.771168, -5e-06, 0.771168, 0.0, -0.636631, 0.539933, 0.0, 1.0, 0.0, 0.6875, 0.0, 0.0, 0.0, 1.0],
                [0.709713, 0.0, 0.704491, -5e-06, 0.704491, 0.0, -0.709713, 0.640381, 0.0, 1.0, 0.0, 0.680734, 0.0, 0.0, 0.0, 1.0],
                [0.799883, 0.0, 0.600156, -5e-06, 0.600156, 0.0, -0.799883, 0.751513, 0.0, 1.0, 0.0, 0.670641, 0.0, 0.0, 0.0, 1.0],
                [0.898637, 0.0, 0.438692, -5e-06, 0.438692, 0.0, -0.898637, 0.869079, 0.0, 1.0, 0.0, 0.656555, 0.0, 0.0, 0.0, 1.0],
                [0.982295, 0.0, 0.187342, -5e-06, 0.187342, 0.0, -0.982295, 0.989023, 0.0, 1.0, 0.0, 0.637974, 0.0, 0.0, 0.0, 1.0],
                [0.989402, 0.0, -0.145201, -5e-06, -0.145201, 0.0, -0.989402, 1.108032, 0.0, 1.0, 0.0, 0.616657, 0.0, 0.0, 0.0, 1.0],
                [0.878422, 0.0, -0.477885, -5e-06, -0.477885, 0.0, -0.878422, 1.222986, 0.0, 1.0, 0.0, 0.595332, 0.0, 0.0, 0.0, 1.0],
                [0.692337, 0.0, -0.721574, -5e-06, -0.721574, 0.0, -0.692337, 1.330761, 0.0, 1.0, 0.0, 0.576725, 0.0, 0.0, 0.0, 1.0],
                [0.526084, 0.0, -0.850432, -5e-06, -0.850432, 0.0, -0.526084, 1.428234, 0.0, 1.0, 0.0, 0.563561, 0.0, 0.0, 0.0, 1.0],
                [0.458499, 0.0, -0.888695, -5e-06, -0.888695, 0.0, -0.458499, 1.512283, 0.0, 1.0, 0.0, 0.558567, 0.0, 0.0, 0.0, 1.0],
                [0.459119, 0.0, -0.888375, -5e-06, -0.888375, 0.0, -0.459119, 1.580708, 0.0, 1.0, 0.0, 0.560307, 0.0, 0.0, 0.0, 1.0],
                [0.461195, 0.0, -0.887299, -5e-06, -0.887299, 0.0, -0.461195, 1.634996, 0.0, 1.0, 0.0, 0.565179, 0.0, 0.0, 0.0, 1.0],
                [0.465045, 0.0, -0.885287, -5e-06, -0.885287, 0.0, -0.465045, 1.677559, 0.0, 1.0, 0.0, 0.572661, 0.0, 0.0, 0.0, 1.0],
                [0.470975, 0.0, -0.882147, -5e-06, -0.882147, 0.0, -0.470975, 1.710806, 0.0, 1.0, 0.0, 0.582232, 0.0, 0.0, 0.0, 1.0],
                [0.479275, 0.0, -0.877665, -5e-06, -0.877665, 0.0, -0.479275, 1.737149, 0.0, 1.0, 0.0, 0.593368, 0.0, 0.0, 0.0, 1.0],
                [0.490223, 0.0, -0.871597, -5e-06, -0.871597, 0.0, -0.490223, 1.758997, 0.0, 1.0, 0.0, 0.605548, 0.0, 0.0, 0.0, 1.0],
                [0.504082, 0.0, -0.863656, -5e-06, -0.863656, 0.0, -0.504082, 1.778761, 0.0, 1.0, 0.0, 0.618251, 0.0, 0.0, 0.0, 1.0],
                [0.521095, 0.0, -0.853498, -5e-06, -0.853498, 0.0, -0.521095, 1.798851, 0.0, 1.0, 0.0, 0.630953, 0.0, 0.0, 0.0, 1.0],
                [0.541488, 0.0, -0.840708, -5e-06, -0.840708, 0.0, -0.541488, 1.821679, 0.0, 1.0, 0.0, 0.643133, 0.0, 0.0, 0.0, 1.0],
                [0.565455, 0.0, -0.824779, -5e-06, -0.824779, 0.0, -0.565455, 1.849653, 0.0, 1.0, 0.0, 0.65427, 0.0, 0.0, 0.0, 1.0],
                [0.593148, 0.0, -0.805093, -5e-06, -0.805093, 0.0, -0.593148, 1.885185, 0.0, 1.0, 0.0, 0.66384, 0.0, 0.0, 0.0, 1.0],
                [0.624656, 0.0, -0.7809, -5e-06, -0.7809, 0.0, -0.624656, 1.930686, 0.0, 1.0, 0.0, 0.671322, 0.0, 0.0, 0.0, 1.0],
                [0.659972, 0.0, -0.751291, -5e-06, -0.751291, 0.0, -0.659972, 1.988565, 0.0, 1.0, 0.0, 0.676194, 0.0, 0.0, 0.0, 1.0],
                [0.698945, 0.0, -0.715176, -5e-06, -0.715176, 0.0, -0.698945, 2.061233, 0.0, 1.0, 0.0, 0.677934, 0.0, 0.0, 0.0, 1.0],
                [0.773983, 0.0, -0.633206, -5e-06, -0.633206, 0.0, -0.773983, 2.149953, 0.0, 1.0, 0.0, 0.677339, 0.0, 0.0, 0.0, 1.0],
                [0.886266, 0.0, -0.463176, -5e-06, -0.463176, 0.0, -0.886266, 2.251399, 0.0, 1.0, 0.0, 0.675803, 0.0, 0.0, 0.0, 1.0],
                [0.977462, 0.0, -0.211113, -5e-06, -0.211113, 0.0, -0.977462, 2.361098, 0.0, 1.0, 0.0, 0.673704, 0.0, 0.0, 0.0, 1.0],
                [0.996795, 0.0, 0.080002, -5e-06, 0.080002, 0.0, -0.996795, 2.474575, 0.0, 1.0, 0.0, 0.671416, 0.0, 0.0, 0.0, 1.0],
                [0.939899, 0.0, 0.341452, -5e-06, 0.341452, 0.0, -0.939899, 2.587358, 0.0, 1.0, 0.0, 0.669317, 0.0, 0.0, 0.0, 1.0],
                [0.852216, 0.0, 0.523189, -5e-06, 0.523189, 0.0, -0.852216, 2.694972, 0.0, 1.0, 0.0, 0.667781, 0.0, 0.0, 0.0, 1.0],
                [0.791829, 0.0, 0.610743, -5e-06, 0.610743, 0.0, -0.791829, 2.792945, 0.0, 1.0, 0.0, 0.667186, 0.0, 0.0, 0.0, 1.0],
                [0.762404, 0.0, 0.647101, -5e-06, 0.647101, 0.0, -0.762404, 2.877733, 0.0, 1.0, 0.0, 0.668615, 0.0, 0.0, 0.0, 1.0],
                [0.735814, 0.0, 0.677184, -5e-06, 0.677184, 0.0, -0.735814, 2.94952, 0.0, 1.0, 0.0, 0.672593, 0.0, 0.0, 0.0, 1.0],
                [0.712162, 0.0, 0.702015, -5e-06, 0.702015, 0.0, -0.712162, 3.009418, 0.0, 1.0, 0.0, 0.678657, 0.0, 0.0, 0.0, 1.0],
                [0.691449, 0.0, 0.722425, -5e-06, 0.722425, 0.0, -0.691449, 3.058539, 0.0, 1.0, 0.0, 0.686343, 0.0, 0.0, 0.0, 1.0],
                [0.673607, 0.0, 0.739089, -5e-06, 0.739089, 0.0, -0.673607, 3.097999, 0.0, 1.0, 0.0, 0.695188, 0.0, 0.0, 0.0, 1.0],
                [0.658528, 0.0, 0.752557, -5e-06, 0.752557, 0.0, -0.658528, 3.128908, 0.0, 1.0, 0.0, 0.704728, 0.0, 0.0, 0.0, 1.0],
                [0.646072, 0.0, 0.763276, -5e-06, 0.763276, 0.0, -0.646072, 3.152383, 0.0, 1.0, 0.0, 0.7145, 0.0, 0.0, 0.0, 1.0],
                [0.636083, 0.0, 0.77162, -5e-06, 0.77162, 0.0, -0.636083, 3.169533, 0.0, 1.0, 0.0, 0.72404, 0.0, 0.0, 0.0, 1.0],
                [0.628384, 0.0, 0.777903, -5e-06, 0.777903, 0.0, -0.628384, 3.181475, 0.0, 1.0, 0.0, 0.732885, 0.0, 0.0, 0.0, 1.0],
                [0.622783, 0.0, 0.782395, -5e-06, 0.782395, 0.0, -0.622783, 3.18932, 0.0, 1.0, 0.0, 0.740571, 0.0, 0.0, 0.0, 1.0],
                [0.619072, 0.0, 0.785335, -5e-06, 0.785335, 0.0, -0.619072, 3.194182, 0.0, 1.0, 0.0, 0.746635, 0.0, 0.0, 0.0, 1.0],
                [0.617024, 0.0, 0.786944, -5e-06, 0.786944, 0.0, -0.617024, 3.197173, 0.0, 1.0, 0.0, 0.750613, 0.0, 0.0, 0.0, 1.0],
                [0.616398, 0.0, 0.787435, -5e-06, 0.787435, 0.0, -0.616398, 3.199408, 0.0, 1.0, 0.0, 0.752042, 0.0, 0.0, 0.0, 1.0],
                [0.616948, 0.0, 0.787004, -5e-06, 0.787004, 0.0, -0.616948, 3.201811, 0.0, 1.0, 0.0, 0.751823, 0.0, 0.0, 0.0, 1.0],
                [0.618572, 0.0, 0.785728, -5e-06, 0.785728, 0.0, -0.618572, 3.204557, 0.0, 1.0, 0.0, 0.751182, 0.0, 0.0, 0.0, 1.0],
                [0.621231, 0.0, 0.783628, -5e-06, 0.783628, 0.0, -0.621231, 3.207634, 0.0, 1.0, 0.0, 0.750145, 0.0, 0.0, 0.0, 1.0],
                [0.624881, 0.0, 0.78072, -5e-06, 0.78072, 0.0, -0.624881, 3.211029, 0.0, 1.0, 0.0, 0.748737, 0.0, 0.0, 0.0, 1.0],
                [0.629479, 0.0, 0.777018, -5e-06, 0.777018, 0.0, -0.629479, 3.214729, 0.0, 1.0, 0.0, 0.746985, 0.0, 0.0, 0.0, 1.0],
                [0.634978, 0.0, 0.77253, -5e-06, 0.77253, 0.0, -0.634978, 3.21872, 0.0, 1.0, 0.0, 0.744913, 0.0, 0.0, 0.0, 1.0],
                [0.641331, 0.0, 0.767264, -5e-06, 0.767264, 0.0, -0.641331, 3.222991, 0.0, 1.0, 0.0, 0.742547, 0.0, 0.0, 0.0, 1.0],
                [0.648488, 0.0, 0.761225, -5e-06, 0.761225, 0.0, -0.648488, 3.227527, 0.0, 1.0, 0.0, 0.739912, 0.0, 0.0, 0.0, 1.0],
                [0.656396, 0.0, 0.754416, -5e-06, 0.754416, 0.0, -0.656396, 3.232317, 0.0, 1.0, 0.0, 0.737035, 0.0, 0.0, 0.0, 1.0],
                [0.665004, 0.0, 0.74684, -5e-06, 0.74684, 0.0, -0.665004, 3.237347, 0.0, 1.0, 0.0, 0.733941, 0.0, 0.0, 0.0, 1.0],
                [0.674256, 0.0, 0.738497, -5e-06, 0.738497, 0.0, -0.674256, 3.242605, 0.0, 1.0, 0.0, 0.730655, 0.0, 0.0, 0.0, 1.0],
                [0.684097, 0.0, 0.729391, -5e-06, 0.729391, 0.0, -0.684097, 3.248077, 0.0, 1.0, 0.0, 0.727203, 0.0, 0.0, 0.0, 1.0],
                [0.694468, 0.0, 0.719524, -5e-06, 0.719524, 0.0, -0.694468, 3.253752, 0.0, 1.0, 0.0, 0.72361, 0.0, 0.0, 0.0, 1.0],
                [0.705311, 0.0, 0.708898, -5e-06, 0.708898, 0.0, -0.705311, 3.259614, 0.0, 1.0, 0.0, 0.719903, 0.0, 0.0, 0.0, 1.0],
                [0.716566, 0.0, 0.697519, -5e-06, 0.697519, 0.0, -0.716566, 3.265653, 0.0, 1.0, 0.0, 0.716106, 0.0, 0.0, 0.0, 1.0],
                [0.728172, 0.0, 0.685394, -5e-06, 0.685394, 0.0, -0.728172, 3.271856, 0.0, 1.0, 0.0, 0.712245, 0.0, 0.0, 0.0, 1.0],
                [0.740069, 0.0, 0.672531, -5e-06, 0.672531, 0.0, -0.740069, 3.278208, 0.0, 1.0, 0.0, 0.708346, 0.0, 0.0, 0.0, 1.0],
                [0.752193, 0.0, 0.658943, -5e-06, 0.658943, 0.0, -0.752193, 3.284697, 0.0, 1.0, 0.0, 0.704434, 0.0, 0.0, 0.0, 1.0],
                [0.764484, 0.0, 0.644643, -5e-06, 0.644643, 0.0, -0.764484, 3.291312, 0.0, 1.0, 0.0, 0.700534, 0.0, 0.0, 0.0, 1.0],
                [0.77688, 0.0, 0.629649, -5e-06, 0.629649, 0.0, -0.77688, 3.298037, 0.0, 1.0, 0.0, 0.696673, 0.0, 0.0, 0.0, 1.0],
                [0.789319, 0.0, 0.613983, -5e-06, 0.613983, 0.0, -0.789319, 3.304862, 0.0, 1.0, 0.0, 0.692876, 0.0, 0.0, 0.0, 1.0],
                [0.801742, 0.0, 0.59767, -5e-06, 0.59767, 0.0, -0.801742, 3.311772, 0.0, 1.0, 0.0, 0.689169, 0.0, 0.0, 0.0, 1.0],
                [0.81409, 0.0, 0.580738, -5e-06, 0.580738, 0.0, -0.81409, 3.318755, 0.0, 1.0, 0.0, 0.685576, 0.0, 0.0, 0.0, 1.0],
                [0.826307, 0.0, 0.56322, -5e-06, 0.56322, 0.0, -0.826307, 3.325799, 0.0, 1.0, 0.0, 0.682124, 0.0, 0.0, 0.0, 1.0],
                [0.838336, 0.0, 0.545153, -5e-06, 0.545153, 0.0, -0.838336, 3.332889, 0.0, 1.0, 0.0, 0.678838, 0.0, 0.0, 0.0, 1.0],
                [0.850127, 0.0, 0.526577, -5e-06, 0.526577, 0.0, -0.850127, 3.340014, 0.0, 1.0, 0.0, 0.675744, 0.0, 0.0, 0.0, 1.0],
                [0.861631, 0.0, 0.507536, -5e-06, 0.507536, 0.0, -0.861631, 3.34716, 0.0, 1.0, 0.0, 0.672867, 0.0, 0.0, 0.0, 1.0],
                [0.8728, 0.0, 0.488078, -5e-06, 0.488078, 0.0, -0.8728, 3.354315, 0.0, 1.0, 0.0, 0.670233, 0.0, 0.0, 0.0, 1.0],
                [0.883594, 0.0, 0.468254, -5e-06, 0.468254, 0.0, -0.883594, 3.361466, 0.0, 1.0, 0.0, 0.667867, 0.0, 0.0, 0.0, 1.0],
                [0.893975, 0.0, 0.448118, -5e-06, 0.448118, 0.0, -0.893975, 3.368599, 0.0, 1.0, 0.0, 0.665795, 0.0, 0.0, 0.0, 1.0],
                [0.903908, 0.0, 0.427727, -5e-06, 0.427727, 0.0, -0.903908, 3.375702, 0.0, 1.0, 0.0, 0.664042, 0.0, 0.0, 0.0, 1.0],
                [0.913365, 0.0, 0.407142, -5e-06, 0.407142, 0.0, -0.913365, 3.382762, 0.0, 1.0, 0.0, 0.662634, 0.0, 0.0, 0.0, 1.0],
                [0.922322, 0.0, 0.386422, -5e-06, 0.386422, 0.0, -0.922322, 3.389767, 0.0, 1.0, 0.0, 0.661597, 0.0, 0.0, 0.0, 1.0],
                [0.930759, 0.0, 0.365633, -5e-06, 0.365633, 0.0, -0.930759, 3.396703, 0.0, 1.0, 0.0, 0.660956, 0.0, 0.0, 0.0, 1.0],
                [0.938662, 0.0, 0.344838, -5e-06, 0.344838, 0.0, -0.938662, 3.403557, 0.0, 1.0, 0.0, 0.660737, 0.0, 0.0, 0.0, 1.0],
                [0.946022, 0.0, 0.324103, -5e-06, 0.324103, 0.0, -0.946022, 3.410317, 0.0, 1.0, 0.0, 0.661183, 0.0, 0.0, 0.0, 1.0],
                [0.952833, 0.0, 0.303494, -5e-06, 0.303494, 0.0, -0.952833, 3.416969, 0.0, 1.0, 0.0, 0.662475, 0.0, 0.0, 0.0, 1.0],
                [0.959097, 0.0, 0.283077, -5e-06, 0.283077, 0.0, -0.959097, 3.423501, 0.0, 1.0, 0.0, 0.664543, 0.0, 0.0, 0.0, 1.0],
                [0.964819, 0.0, 0.262917, -5e-06, 0.262917, 0.0, -0.964819, 3.4299, 0.0, 1.0, 0.0, 0.667315, 0.0, 0.0, 0.0, 1.0],
                [0.970007, 0.0, 0.243079, -5e-06, 0.243079, 0.0, -0.970007, 3.436153, 0.0, 1.0, 0.0, 0.670722, 0.0, 0.0, 0.0, 1.0],
                [0.974675, 0.0, 0.223627, -5e-06, 0.223627, 0.0, -0.974675, 3.442248, 0.0, 1.0, 0.0, 0.674693, 0.0, 0.0, 0.0, 1.0],
                [0.978841, 0.0, 0.204624, -5e-06, 0.204624, 0.0, -0.978841, 3.44817, 0.0, 1.0, 0.0, 0.679157, 0.0, 0.0, 0.0, 1.0],
                [0.982525, 0.0, 0.186132, -5e-06, 0.186132, 0.0, -0.982525, 3.453908, 0.0, 1.0, 0.0, 0.684043, 0.0, 0.0, 0.0, 1.0],
                [0.985752, 0.0, 0.168208, -5e-06, 0.168208, 0.0, -0.985752, 3.459448, 0.0, 1.0, 0.0, 0.689283, 0.0, 0.0, 0.0, 1.0],
                [0.988547, 0.0, 0.150912, -5e-06, 0.150912, 0.0, -0.988547, 3.464778, 0.0, 1.0, 0.0, 0.694804, 0.0, 0.0, 0.0, 1.0],
                [0.990941, 0.0, 0.134299, -5e-06, 0.134299, 0.0, -0.990941, 3.469885, 0.0, 1.0, 0.0, 0.700536, 0.0, 0.0, 0.0, 1.0],
                [0.992963, 0.0, 0.118422, -5e-06, 0.118422, 0.0, -0.992963, 3.474756, 0.0, 1.0, 0.0, 0.70641, 0.0, 0.0, 0.0, 1.0],
                [0.994647, 0.0, 0.103335, -5e-06, 0.103335, 0.0, -0.994647, 3.479378, 0.0, 1.0, 0.0, 0.712354, 0.0, 0.0, 0.0, 1.0],
                [0.996024, 0.0, 0.089086, -5e-06, 0.089086, 0.0, -0.996024, 3.483737, 0.0, 1.0, 0.0, 0.718298, 0.0, 0.0, 0.0, 1.0],
                [0.997129, 0.0, 0.075724, -5e-06, 0.075724, 0.0, -0.997129, 3.487822, 0.0, 1.0, 0.0, 0.724172, 0.0, 0.0, 0.0, 1.0],
                [0.997995, 0.0, 0.063296, -5e-06, 0.063296, 0.0, -0.997995, 3.491619, 0.0, 1.0, 0.0, 0.729905, 0.0, 0.0, 0.0, 1.0],
                [0.998655, 0.0, 0.051848, -5e-06, 0.051848, 0.0, -0.998655, 3.495116, 0.0, 1.0, 0.0, 0.735426, 0.0, 0.0, 0.0, 1.0],
                [0.999142, 0.0, 0.041423, -5e-06, 0.041423, 0.0, -0.999142, 3.498299, 0.0, 1.0, 0.0, 0.740665, 0.0, 0.0, 0.0, 1.0],
                [0.999486, 0.0, 0.032066, -5e-06, 0.032066, 0.0, -0.999486, 3.501156, 0.0, 1.0, 0.0, 0.745552, 0.0, 0.0, 0.0, 1.0],
                [0.999716, 0.0, 0.023817, -5e-06, 0.023817, 0.0, -0.999716, 3.503675, 0.0, 1.0, 0.0, 0.750016, 0.0, 0.0, 0.0, 1.0],
                [0.99986, 0.0, 0.016721, -5e-06, 0.016721, 0.0, -0.99986, 3.50584, 0.0, 1.0, 0.0, 0.753986, 0.0, 0.0, 0.0, 1.0],
                [0.999941, 0.0, 0.010818, -5e-06, 0.010818, 0.0, -0.999941, 3.507641, 0.0, 1.0, 0.0, 0.757393, 0.0, 0.0, 0.0, 1.0],
                [0.999981, 0.0, 0.006152, -5e-06, 0.006152, 0.0, -0.999981, 3.509064, 0.0, 1.0, 0.0, 0.760165, 0.0, 0.0, 0.0, 1.0],
                [0.999996, 0.0, 0.002764, -5e-06, 0.002764, 0.0, -0.999996, 3.510097, 0.0, 1.0, 0.0, 0.762233, 0.0, 0.0, 0.0, 1.0],
                [1.0, 0.0, 0.000699, -5e-06, 0.000699, 0.0, -1.0, 3.510726, 0.0, 1.0, 0.0, 0.763525, 0.0, 0.0, 0.0, 1.0],
                [1.0, 0.0, 0.0, -5e-06, 0.0, 0.0, -1.0, 3.510938, 0.0, 1.0, 0.0, 0.763972, 0.0, 0.0, 0.0, 1.0]
            ]
        },
        {
            "name": "Thigh_R",
            "time": [0.0, 0.0167, 0.0333, 0.05, 0.0667, 0.0833, 0.1, 0.1167, 0.1333, 0.15, 0.1667, 0.1833, 0.2, 0.2167, 0.2333, 0.25, 0.2667, 0.2833, 0.3, 0.3167, 0.3333, 0.35, 0.3667, 0.3833, 0.4, 0.4167, 0.4333, 0.45, 0.4667, 0.4833, 0.5, 0.5167, 0.5333, 0.55, 0.5667, 0.5833, 0.6, 0.6167, 0.6333, 0.65, 0.6667, 0.6833, 0.7, 0.7167, 0.7333, 0.75, 0.7667, 0.7833, 0.8, 0.8167, 0.8333, 0.85, 0.8667, 0.8833, 0.9, 0.9167, 0.9333, 0.95, 0.9667, 0.9833, 1.0, 1.0167, 1.0333, 1.05, 1.0667, 1.0833, 1.1, 1.1167, 1.1333, 1.15, 1.1667, 1.1833, 1.2, 1.2167, 1.2333, 1.25, 1.2667, 1.2833, 1.3, 1.3167, 1.3333, 1.35, 1.3667, 1.3833, 1.4, 1.4167, 1.4333, 1.45, 1.4667, 1.4833, 1.5, 1.5167, 1.5333, 1.55, 1.5667, 1.5833, 1.6, 1.6167, 1.6333, 1.65, 1.6667, 1.6833, 1.7, 1.7167, 1.7333, 1.75, 1.7667, 1.7833, 1.8, 1.8167, 1.8333, 1.85, 1.8667, 1.8833, 1.9, 1.9167, 1.9333, 1.95, 1.9667, 1.9833, 2.0, 2.0167],
            "transform": [
                [0.93303, 0.080639, 0.350645, 0.124994, 0.000282, -0.974722, 0.223412, -0.002831, 0.359798, -0.20835, -0.90947, -1.2e-05, 0.0, 0.0, 0.0, 1.0],
                [0.934922, 0.084495, 0.344647, 0.124994, 0.004137, -0.973765, 0.227512, -0.002831, 0.354829, -0.211279, -0.910746, -1.2e-05, 0.0, 0.0, 0.0, 1.0],
                [0.939953, 0.09514, 0.327775, 0.124994, 0.015006, -0.970951, 0.238798, -0.002831, 0.340973, -0.219539, -0.914079, -1.2e-05, 0.0, 0.0, 0.0, 1.0],
                [0.946943, 0.111088, 0.301592, 0.124994, 0.031941, -0.966247, 0.255623, -0.002831, 0.319809, -0.232427, -0.918532, -1.2e-05, 0.0, 0.0, 0.0, 1.0],
                [0.954599, 0.130783, 0.267648, 0.124994, 0.05401, -0.959565, 0.276249, -0.002831, 0.292955, -0.249251, -0.923067, -1.2e-05, 0.0, 0.0, 0.0, 1.0],
                [0.961704, 0.152655, 0.227644, 0.124994, 0.080179, -0.950896, 0.298939, -0.002831, 0.262101, -0.269238, -0.926723, -1.2e-05, 0.0, 0.0, 0.0, 1.0],
                [0.967277, 0.175202, 0.183515, 0.124994, 0.109232, -0.940395, 0.322059, -0.002831, 0.229002, -0.291474, -0.928763, -1.2e-05, 0.0, 0.0, 0.0, 1.0],
                [0.970706, 0.197075, 0.137442, 0.124994, 0.139763, -0.928441, 0.34418, -0.002831, 0.195437, -0.314887, -0.92879, -1.2e-05, 0.0, 0.0, 0.0, 1.0],
                [0.971813, 0.217143, 0.091804, 0.124994, 0.170194, -0.915651, 0.364161, -0.002831, 0.163135, -0.338271, -0.926801, -1.2e-05, 0.0, 0.0, 0.0, 1.0],
                [0.970865, 0.234546, 0.049079, 0.124994, 0.198847, -0.902856, 0.381193, -0.002831, 0.133718, -0.360326, -0.923193, -1.2e-05, 0.0, 0.0, 0.0, 1.0],
                [0.968512, 0.248685, 0.011753, 0.124994, 0.224004, -0.891046, 0.394786, -0.002831, 0.10865, -0.379721, -0.918699, -1.2e-05, 0.0, 0.0, 0.0, 1.0],
                [0.965667, 0.259175, -0.017754, 0.124994, 0.243973, -0.881301, 0.4047, -0.002831, 0.089241, -0.395135, -0.914278, -1.2e-05, 0.0, 0.0, 0.0, 1.0],
                [0.963332, 0.265731, -0.037114, 0.124994, 0.257114, -0.874714, 0.41081, -0.002831, 0.076701, -0.405288, -0.910966, -1.2e-05, 0.0, 0.0, 0.0, 1.0],
                [0.962404, 0.268022, -0.044066, 0.124994, 0.26184, -0.872311, 0.412928, -0.002831, 0.072235, -0.408941, -0.909697, -1.2e-05, 0.0, 0.0, 0.0, 1.0],
                [0.964851, 0.261038, -0.030324, 0.124994, 0.253144, -0.892227, 0.373959, -0.002831, 0.070561, -0.36849, -0.92695, -1.2e-05, 0.0, 0.0, 0.0, 1.0],
                [0.970768, 0.239961, 0.00528, 0.124994, 0.229803, -0.935571, 0.268129, -0.002831, 0.06928, -0.259077, -0.963369, -1.2e-05, 0.0, 0.0, 0.0, 1.0],
                [0.977566, 0.203873, 0.052918, 0.124994, 0.196923, -0.973785, 0.113844, -0.002831, 0.07474, -0.100869, -0.992089, -1.2e-05, 0.0, 0.0, 0.0, 1.0],
                [0.982537, 0.155424, 0.102292, 0.124994, 0.162087, -0.984927, -0.060358, -0.002831, 0.091369, 0.075884, -0.992922, -1.2e-05, 0.0, 0.0, 0.0, 1.0],
                [0.983823, 0.103133, 0.146478, 0.124994, 0.133857, -0.966618, -0.218468, -0.002831, 0.119057, 0.234541, -0.964788, -1.2e-05, 0.0, 0.0, 0.0, 1.0],
                [0.980967, 0.059155, 0.184941, 0.124994, 0.118451, -0.937019, -0.328574, -0.002831, 0.153857, 0.344226, -0.926195, -1.2e-05, 0.0, 0.0, 0.0, 1.0],
                [0.974346, 0.036289, 0.222109, 0.124994, 0.118182, -0.922388, -0.367736, -0.002831, 0.191526, 0.384552, -0.903016, -1.2e-05, 0.0, 0.0, 0.0, 1.0],
                [0.959861, 0.078738, 0.269196, 0.124994, 0.173034, -0.921606, -0.347415, -0.002831, 0.220739, 0.38005, -0.898241, -1.2e-05, 0.0, 0.0, 0.0, 1.0],
                [0.925094, 0.198108, 0.323966, 0.124994, 0.297095, -0.908927, -0.292544, -0.002831, 0.236506, 0.366879, -0.899702, -1.2e-05, 0.0, 0.0, 0.0, 1.0],
                [0.859217, 0.355092, 0.368314, 0.124994, 0.44817, -0.869626, -0.207098, -0.002831, 0.246757, 0.34301, -0.906342, -1.2e-05, 0.0, 0.0, 0.0, 1.0],
                [0.76968, 0.507201, 0.387735, 0.124994, 0.583336, -0.80551, -0.104258, -0.002831, 0.259445, 0.306425, -0.915856, -1.2e-05, 0.0, 0.0, 0.0, 1.0],
                [0.686428, 0.620213, 0.37967, 0.124994, 0.671055, -0.741402, -0.002113, -0.002831, 0.280178, 0.25623, -0.92512, -1.2e-05, 0.0, 0.0, 0.0, 1.0],
                [0.64901, 0.673664, 0.353499, 0.124994, 0.694792, -0.714131, 0.085317, -0.002831, 0.309919, 0.190237, -0.931537, -1.2e-05, 0.0, 0.0, 0.0, 1.0],
                [0.649284, 0.688898, 0.322254, 0.124994, 0.678826, -0.715997, 0.162914, -0.002831, 0.342964, 0.112977, -0.93253, -1.2e-05, 0.0, 0.0, 0.0, 1.0],
                [0.654409, 0.698393, 0.289819, 0.124994, 0.656774, -0.714932, 0.239829, -0.002831, 0.374696, 0.0334, -0.926546, -1.2e-05, 0.0, 0.0, 0.0, 1.0],
                [0.664247, 0.702023, 0.256783, 0.124994, 0.629441, -0.710583, 0.314442, -0.002831, 0.403212, -0.047237, -0.913887, -1.2e-05, 0.0, 0.0, 0.0, 1.0],
                [0.678488, 0.699725, 0.22369, 0.124994, 0.597909, -0.702915, 0.385244, -0.002831, 0.4268, -0.127637, -0.895294, -1.2e-05, 0.0, 0.0, 0.0, 1.0],
                [0.696672, 0.691503, 0.190972, 0.124994, 0.563473, -0.692214, 0.450927, -0.002831, 0.444012, -0.20654, -0.871892, -1.2e-05, 0.0, 0.0, 0.0, 1.0],
                [0.718223, 0.677425, 0.158903, 0.124994, 0.527554, -0.67906, 0.510454, -0.002831, 0.453699, -0.282789, -0.845096, -1.2e-05, 0.0, 0.0, 0.0, 1.0],
                [0.742488, 0.657602, 0.127549, 0.124994, 0.491608, -0.664279, 0.563074, -0.002831, 0.455008, -0.35537, -0.816504, -1.2e-05, 0.0, 0.0, 0.0, 1.0],
                [0.768765, 0.632169, 0.096753, 0.124994, 0.457039, -0.648894, 0.608317, -0.002831, 0.447342, -0.423432, -0.787775, -1.2e-05, 0.0, 0.0, 0.0, 1.0],
                [0.796319, 0.601252, 0.066112, 0.124994, 0.425121, -0.634067, 0.645933, -0.002831, 0.430288, -0.486261, -0.760527, -1.2e-05, 0.0, 0.0, 0.0, 1.0],
                [0.824377, 0.564958, 0.034979, 0.124994, 0.396945, -0.621055, 0.675814, -0.002831, 0.40353, -0.543239, -0.736243, -1.2e-05, 0.0, 0.0, 0.0, 1.0],
                [0.852105, 0.523364, 0.002458, 0.124994, 0.373374, -0.611176, 0.697892, -0.002831, 0.366754, -0.593758, -0.716199, -1.2e-05, 0.0, 0.0, 0.0, 1.0],
                [0.87855, 0.476535, -0.032593, 0.124994, 0.355005, -0.605793, 0.712029, -0.002831, 0.319563, -0.637123, -0.701394, -1.2e-05, 0.0, 0.0, 0.0, 1.0],
                [0.902563, 0.424568, -0.071558, 0.124994, 0.342118, -0.606289, 0.717891, -0.002831, 0.261409, -0.672422, -0.692469, -1.2e-05, 0.0, 0.0, 0.0, 1.0],
                [0.922681, 0.367683, -0.11605, 0.124994, 0.334604, -0.614049, 0.71483, -0.002831, 0.191571, -0.69839, -0.689602, -1.2e-05, 0.0, 0.0, 0.0, 1.0],
                [0.936325, 0.300853, -0.181056, 0.124994, 0.337996, -0.632519, 0.696904, -0.002831, 0.095144, -0.713724, -0.693933, -1.2e-05, 0.0, 0.0, 0.0, 1.0],
                [0.935811, 0.223875, -0.272282, 0.124994, 0.350978, -0.663524, 0.660718, -0.002831, -0.032748, -0.71387, -0.69951, -1.2e-05, 0.0, 0.0, 0.0, 1.0],
                [0.915146, 0.146312, -0.375633, 0.124994, 0.362973, -0.704455, 0.609912, -0.002831, -0.175379, -0.694501, -0.697788, -1.2e-05, 0.0, 0.0, 0.0, 1.0],
                [0.876156, 0.078364, -0.475615, 0.124994, 0.365795, -0.750671, 0.550168, -0.002831, -0.313917, -0.656009, -0.686372, -1.2e-05, 0.0, 0.0, 0.0, 1.0],
                [0.829197, 0.027807, -0.558265, 0.124994, 0.355718, -0.796658, 0.488669, -0.002831, -0.431158, -0.603786, -0.67048, -1.2e-05, 0.0, 0.0, 0.0, 1.0],
                [0.789964, -0.001855, -0.613151, 0.124994, 0.333601, -0.83773, 0.432336, -0.002831, -0.514458, -0.546077, -0.66116, -1.2e-05, 0.0, 0.0, 0.0, 1.0],
                [0.774816, -0.010843, -0.632093, 0.124994, 0.303073, -0.871092, 0.386449, -0.002831, -0.554802, -0.490996, -0.671652, -1.2e-05, 0.0, 0.0, 0.0, 1.0],
                [0.778309, -0.009, -0.627816, 0.124994, 0.270722, -0.897367, 0.348481, -0.002831, -0.566519, -0.441188, -0.695995, -1.2e-05, 0.0, 0.0, 0.0, 1.0],
                [0.785177, -0.005482, -0.619248, 0.124994, 0.240812, -0.918554, 0.313471, -0.002831, -0.570532, -0.395251, -0.719909, -1.2e-05, 0.0, 0.0, 0.0, 1.0],
                [0.794953, -0.000879, -0.60667, 0.124994, 0.213846, -0.935406, 0.281569, -0.002831, -0.567731, -0.353567, -0.743419, -1.2e-05, 0.0, 0.0, 0.0, 1.0],
                [0.807094, 0.004351, -0.590406, 0.124994, 0.190101, -0.948636, 0.252879, -0.002831, -0.558981, -0.316333, -0.766468, -1.2e-05, 0.0, 0.0, 0.0, 1.0],
                [0.821019, 0.009862, -0.570815, 0.124994, 0.169666, -0.958889, 0.227468, -0.002831, -0.545106, -0.283603, -0.788942, -1.2e-05, 0.0, 0.0, 0.0, 1.0],
                [0.836147, 0.015403, -0.548289, 0.124994, 0.152482, -0.966729, 0.205378, -0.002831, -0.526884, -0.25533, -0.810678, -1.2e-05, 0.0, 0.0, 0.0, 1.0],
                [0.851926, 0.020804, -0.523249, 0.124994, 0.138377, -0.972635, 0.186626, -0.002831, -0.505048, -0.231396, -0.831494, -1.2e-05, 0.0, 0.0, 0.0, 1.0],
                [0.867853, 0.025951, -0.496142, 0.124994, 0.127092, -0.977001, 0.171206, -0.002831, -0.48029, -0.211637, -0.851194, -1.2e-05, 0.0, 0.0, 0.0, 1.0],
                [0.88349, 0.030771, -0.467438, 0.124994, 0.118312, -0.980147, 0.159095, -0.002831, -0.453263, -0.195861, -0.869592, -1.2e-05, 0.0, 0.0, 0.0, 1.0],
                [0.898468, 0.035214, -0.437623, 0.124994, 0.111683, -0.982318, 0.150247, -0.002831, -0.424595, -0.183866, -0.886517, -1.2e-05, 0.0, 0.0, 0.0, 1.0],
                [0.912498, 0.039245, -0.407194, 0.124994, 0.106836, -0.983703, 0.144602, -0.002831, -0.394884, -0.175451, -0.901822, -1.2e-05, 0.0, 0.0, 0.0, 1.0],
                [0.925363, 0.042826, -0.376654, 0.124994, 0.103393, -0.984438, 0.142085, -0.002831, -0.364708, -0.170423, -0.915393, -1.2e-05, 0.0, 0.0, 0.0, 1.0],
                [0.936923, 0.045908, -0.346508, 0.124994, 0.100987, -0.984612, 0.142608, -0.002831, -0.334629, -0.168605, -0.927144, -1.2e-05, 0.0, 0.0, 0.0, 1.0],
                [0.947212, 0.048533, -0.316913, 0.124994, 0.099122, -0.984376, 0.145513, -0.002831, -0.3049, -0.169244, -0.937226, -1.2e-05, 0.0, 0.0, 0.0, 1.0],
                [0.956358, 0.050844, -0.287738, 0.124994, 0.09748, -0.983844, 0.150146, -0.002831, -0.275456, -0.171641, -0.945867, -1.2e-05, 0.0, 0.0, 0.0, 1.0],
                [0.964415, 0.052932, -0.259039, 0.124994, 0.095967, -0.983015, 0.156419, -0.002831, -0.24636, -0.175711, -0.953117, -1.2e-05, 0.0, 0.0, 0.0, 1.0],
                [0.971436, 0.054881, -0.230868, 0.124994, 0.094503, -0.981882, 0.164235, -0.002831, -0.217672, -0.181361, -0.959024, -1.2e-05, 0.0, 0.0, 0.0, 1.0],
                [0.977475, 0.056762, -0.203272, 0.124994, 0.093013, -0.980431, 0.173492, -0.002831, -0.189447, -0.18849, -0.963629, -1.2e-05, 0.0, 0.0, 0.0, 1.0],
                [0.982589, 0.058639, -0.176293, 0.124994, 0.091432, -0.978648, 0.184079, -0.002831, -0.161735, -0.196992, -0.966973, -1.2e-05, 0.0, 0.0, 0.0, 1.0],
                [0.986833, 0.060568, -0.14997, 0.124994, 0.089703, -0.976514, 0.195883, -0.002831, -0.134583, -0.206756, -0.969092, -1.2e-05, 0.0, 0.0, 0.0, 1.0],
                [0.990264, 0.062593, -0.124335, 0.124994, 0.08778, -0.974012, 0.208784, -0.002831, -0.108036, -0.217665, -0.970026, -1.2e-05, 0.0, 0.0, 0.0, 1.0],
                [0.992936, 0.064752, -0.099421, 0.124994, 0.085625, -0.971127, 0.222659, -0.002831, -0.082133, -0.229599, -0.969814, -1.2e-05, 0.0, 0.0, 0.0, 1.0],
                [0.994905, 0.067074, -0.075255, 0.124994, 0.083206, -0.967844, 0.237383, -0.002831, -0.056913, -0.242434, -0.968497, -1.2e-05, 0.0, 0.0, 0.0, 1.0],
                [0.996227, 0.069579, -0.051862, 0.124994, 0.080502, -0.964155, 0.252826, -0.002831, -0.032412, -0.256046, -0.966121, -1.2e-05, 0.0, 0.0, 0.0, 1.0],
                [0.996954, 0.072282, -0.029263, 0.124994, 0.077499, -0.960055, 0.268859, -0.002831, -0.00866, -0.270307, -0.962735, -1.2e-05, 0.0, 0.0, 0.0, 1.0],
                [0.997141, 0.075188, -0.007475, 0.124994, 0.074191, -0.955545, 0.285352, -0.002831, 0.014312, -0.285089, -0.958394, -1.2e-05, 0.0, 0.0, 0.0, 1.0],
                [0.996838, 0.078296, 0.013486, 0.124994, 0.070579, -0.950634, 0.302175, -0.002831, 0.03648, -0.300267, -0.953158, -1.2e-05, 0.0, 0.0, 0.0, 1.0],
                [0.996098, 0.0816, 0.033611, 0.124994, 0.066671, -0.945337, 0.319199, -0.002831, 0.05782, -0.315712, -0.947092, -1.2e-05, 0.0, 0.0, 0.0, 1.0],
                [0.994968, 0.085086, 0.052892, 0.124994, 0.062481, -0.939678, 0.3363, -0.002831, 0.078316, -0.331302, -0.940269, -1.2e-05, 0.0, 0.0, 0.0, 1.0],
                [0.993497, 0.088738, 0.071325, 0.124994, 0.058029, -0.933687, 0.353352, -0.002831, 0.097951, -0.346914, -0.932768, -1.2e-05, 0.0, 0.0, 0.0, 1.0],
                [0.991731, 0.092534, 0.088912, 0.124994, 0.053339, -0.927402, 0.370237, -0.002831, 0.116717, -0.362433, -0.924673, -1.2e-05, 0.0, 0.0, 0.0, 1.0],
                [0.989714, 0.096446, 0.105657, 0.124994, 0.048441, -0.920871, 0.386841, -0.002831, 0.134606, -0.377742, -0.916074, -1.2e-05, 0.0, 0.0, 0.0, 1.0],
                [0.987487, 0.100446, 0.121569, 0.124994, 0.043367, -0.914147, 0.403052, -0.002831, 0.151617, -0.392735, -0.907067, -1.2e-05, 0.0, 0.0, 0.0, 1.0],
                [0.98509, 0.104501, 0.136659, 0.124994, 0.038154, -0.907291, 0.418766, -0.002831, 0.167751, -0.407307, -0.897753, -1.2e-05, 0.0, 0.0, 0.0, 1.0],
                [0.982561, 0.108578, 0.150944, 0.124994, 0.032842, -0.900368, 0.433883, -0.002831, 0.183015, -0.421359, -0.888235, -1.2e-05, 0.0, 0.0, 0.0, 1.0],
                [0.979934, 0.11264, 0.164442, 0.124994, 0.027469, -0.893453, 0.448312, -0.002831, 0.197419, -0.434798, -0.878622, -1.2e-05, 0.0, 0.0, 0.0, 1.0],
                [0.977241, 0.11665, 0.177177, 0.124994, 0.022079, -0.886622, 0.461963, -0.002831, 0.210977, -0.447536, -0.869022, -1.2e-05, 0.0, 0.0, 0.0, 1.0],
                [0.974513, 0.120571, 0.189173, 0.124994, 0.016714, -0.879957, 0.474755, -0.002831, 0.223706, -0.459492, -0.859548, -1.2e-05, 0.0, 0.0, 0.0, 1.0],
                [0.971776, 0.124365, 0.200458, 0.124994, 0.011416, -0.873543, 0.48661, -0.002831, 0.235626, -0.470586, -0.850311, -1.2e-05, 0.0, 0.0, 0.0, 1.0],
                [0.969056, 0.127993, 0.211062, 0.124994, 0.006229, -0.867466, 0.497454, -0.002831, 0.24676, -0.480745, -0.841423, -1.2e-05, 0.0, 0.0, 0.0, 1.0],
                [0.966375, 0.131419, 0.221017, 0.124994, 0.001196, -0.861814, 0.507219, -0.002831, 0.257134, -0.489899, -0.832995, -1.2e-05, 0.0, 0.0, 0.0, 1.0],
                [0.963752, 0.134604, 0.230355, 0.124994, -0.003644, -0.856677, 0.515838, -0.002831, 0.266774, -0.497978, -0.825136, -1.2e-05, 0.0, 0.0, 0.0, 1.0],
                [0.961205, 0.137514, 0.239109, 0.124994, -0.00825, -0.85214, 0.523245, -0.002831, 0.275709, -0.504918, -0.81795, -1.2e-05, 0.0, 0.0, 0.0, 1.0],
                [0.958751, 0.140113, 0.247313, 0.124994, -0.012584, -0.848292, 0.529376, -0.002831, 0.283967, -0.510651, -0.81154, -1.2e-05, 0.0, 0.0, 0.0, 1.0],
                [0.956403, 0.142365, 0.255001, 0.124994, -0.016607, -0.845215, 0.534166, -0.002831, 0.291577, -0.515111, -0.806004, -1.2e-05, 0.0, 0.0, 0.0, 1.0],
                [0.954172, 0.144237, 0.262203, 0.124994, -0.020285, -0.842989, 0.537546, -0.002831, 0.298569, -0.518229, -0.801433, -1.2e-05, 0.0, 0.0, 0.0, 1.0],
                [0.95207, 0.145696, 0.268952, 0.124994, -0.023584, -0.841689, 0.539445, -0.002831, 0.304969, -0.519931, -0.797913, -1.2e-05, 0.0, 0.0, 0.0, 1.0],
                [0.950105, 0.14671, 0.275275, 0.124994, -0.026471, -0.841384, 0.539787, -0.002831, 0.310805, -0.520139, -0.795522, -1.2e-05, 0.0, 0.0, 0.0, 1.0],
                [0.948263, 0.1472, 0.281299, 0.124994, -0.028858, -0.842389, 0.538093, -0.002831, 0.316171, -0.51837, -0.794561, -1.2e-05, 0.0, 0.0, 0.0, 1.0],
                [0.946525, 0.147121, 0.287131, 0.124994, -0.030688, -0.844882, 0.534068, -0.002831, 0.321165, -0.514319, -0.79519, -1.2e-05, 0.0, 0.0, 0.0, 1.0],
                [0.944895, 0.146496, 0.292767, 0.124994, -0.03198, -0.848706, 0.527894, -0.002831, 0.325808, -0.508165, -0.797256, -1.2e-05, 0.0, 0.0, 0.0, 1.0],
                [0.943372, 0.145349, 0.2982, 0.124994, -0.032758, -0.853694, 0.519742, -0.002831, 0.330115, -0.500076, -0.800591, -1.2e-05, 0.0, 0.0, 0.0, 1.0],
                [0.941958, 0.14371, 0.303417, 0.124994, -0.03305, -0.85967, 0.509777, -0.002831, 0.334099, -0.490215, -0.805026, -1.2e-05, 0.0, 0.0, 0.0, 1.0],
                [0.940655, 0.141612, 0.308405, 0.124994, -0.032887, -0.866456, 0.498166, -0.002831, 0.337766, -0.478743, -0.810381, -1.2e-05, 0.0, 0.0, 0.0, 1.0],
                [0.939462, 0.139093, 0.313149, 0.124994, -0.032305, -0.873875, 0.485073, -0.002831, 0.341124, -0.465823, -0.816482, -1.2e-05, 0.0, 0.0, 0.0, 1.0],
                [0.938381, 0.136194, 0.317634, 0.124994, -0.031341, -0.881751, 0.470669, -0.002831, 0.344177, -0.451621, -0.823153, -1.2e-05, 0.0, 0.0, 0.0, 1.0],
                [0.93741, 0.13296, 0.321844, 0.124994, -0.030036, -0.889917, 0.45513, -0.002831, 0.346929, -0.436309, -0.830225, -1.2e-05, 0.0, 0.0, 0.0, 1.0],
                [0.936547, 0.12944, 0.325767, 0.124994, -0.028433, -0.898211, 0.43864, -0.002831, 0.349385, -0.420068, -0.837539, -1.2e-05, 0.0, 0.0, 0.0, 1.0],
                [0.935791, 0.125685, 0.329389, 0.124994, -0.026576, -0.906487, 0.421392, -0.002831, 0.35155, -0.403087, -0.844945, -1.2e-05, 0.0, 0.0, 0.0, 1.0],
                [0.935139, 0.121749, 0.332704, 0.124994, -0.024511, -0.914611, 0.403588, -0.002831, 0.353432, -0.385565, -0.852306, -1.2e-05, 0.0, 0.0, 0.0, 1.0],
                [0.934585, 0.11769, 0.335706, 0.124994, -0.022286, -0.922462, 0.385439, -0.002831, 0.355039, -0.367706, -0.8595, -1.2e-05, 0.0, 0.0, 0.0, 1.0],
                [0.934126, 0.113567, 0.338394, 0.124994, -0.019949, -0.929941, 0.367163, -0.002831, 0.356384, -0.349726, -0.866419, -1.2e-05, 0.0, 0.0, 0.0, 1.0],
                [0.933755, 0.109438, 0.340771, 0.124994, -0.017547, -0.936961, 0.348987, -0.002831, 0.357482, -0.331846, -0.872975, -1.2e-05, 0.0, 0.0, 0.0, 1.0],
                [0.933465, 0.105365, 0.342843, 0.124994, -0.015128, -0.943458, 0.331142, -0.002831, 0.358349, -0.314295, -0.879093, -1.2e-05, 0.0, 0.0, 0.0, 1.0],
                [0.933248, 0.101408, 0.344622, 0.124994, -0.012739, -0.94938, 0.313864, -0.002831, 0.359007, -0.297303, -0.884718, -1.2e-05, 0.0, 0.0, 0.0, 1.0],
                [0.933095, 0.097628, 0.346123, 0.124994, -0.010426, -0.954696, 0.297394, -0.002831, 0.359477, -0.281105, -0.889807, -1.2e-05, 0.0, 0.0, 0.0, 1.0],
                [0.932998, 0.094085, 0.347364, 0.124994, -0.008234, -0.959386, 0.281971, -0.002831, 0.359786, -0.265937, -0.894333, -1.2e-05, 0.0, 0.0, 0.0, 1.0],
                [0.932947, 0.090836, 0.348365, 0.124994, -0.006205, -0.963442, 0.267836, -0.002831, 0.35996, -0.252037, -0.89828, -1.2e-05, 0.0, 0.0, 0.0, 1.0],
                [0.932931, 0.087939, 0.34915, 0.124994, -0.004381, -0.966868, 0.25523, -0.002831, 0.360027, -0.239641, -0.901639, -1.2e-05, 0.0, 0.0, 0.0, 1.0],
                [0.932941, 0.085449, 0.349742, 0.124994, -0.002804, -0.969671, 0.244392, -0.002831, 0.360018, -0.228983, -0.904408, -1.2e-05, 0.0, 0.0, 0.0, 1.0],
                [0.932965, 0.083422, 0.350165, 0.124994, -0.00151, -0.971857, 0.235557, -0.002831, 0.359962, -0.220295, -0.906586, -1.2e-05, 0.0, 0.0, 0.0, 1.0],
                [0.932995, 0.08191, 0.350443, 0.124994, -0.00054, -0.973433, 0.228962, -0.002831, 0.359888, -0.213809, -0.908167, -1.2e-05, 0.0, 0.0, 0.0, 1.0],
                [0.93302, 0.080965, 0.350597, 0.124994, 7e-05, -0.974394, 0.224837, -0.002831, 0.359824, -0.209752, -0.909137, -1.2e-05, 0.0, 0.0, 0.0, 1.0],
                [0.93303, 0.080639, 0.350645, 0.124994, 0.000282, -0.974722, 0.223412, -0.002831, 0.359798, -0.20835, -0.90947, -1.2e-05, 0.0, 0.0, 0.0, 1.0]
            ]
        },
        {
            "name": "Leg_R",
            "time": [0.0, 0.0167, 0.0333, 0.05, 0.0667, 0.0833, 0.1, 0.1167, 0.1333, 0.15, 0.1667, 0.1833, 0.2, 0.2167, 0.2333, 0.25, 0.2667, 0.2833, 0.3, 0.3167, 0.3333, 0.35, 0.3667, 0.3833, 0.4, 0.4167, 0.4333, 0.45, 0.4667, 0.4833, 0.5, 0.5167, 0.5333, 0.55, 0.5667, 0.5833, 0.6, 0.6167, 0.6333, 0.65, 0.6667, 0.6833, 0.7, 0.7167, 0.7333, 0.75, 0.7667, 0.7833, 0.8, 0.8167, 0.8333, 0.85, 0.8667, 0.8833, 0.9, 0.9167, 0.9333, 0.95, 0.9667, 0.9833, 1.0, 1.0167, 1.0333, 1.05, 1.0667, 1.0833, 1.1, 1.1167, 1.1333, 1.15, 1.1667, 1.1833, 1.2, 1.2167, 1.2333, 1.25, 1.2667, 1.2833, 1.3, 1.3167, 1.3333, 1.35, 1.3667, 1.3833, 1.4, 1.4167, 1.4333, 1.45, 1.4667, 1.4833, 1.5, 1.5167, 1.5333, 1.55, 1.5667, 1.5833, 1.6, 1.6167, 1.6333, 1.65, 1.6667, 1.6833, 1.7, 1.7167, 1.7333, 1.75, 1.7667, 1.7833, 1.8, 1.8167, 1.8333, 1.85, 1.8667, 1.8833, 1.9, 1.9167, 1.9333, 1.95, 1.9667, 1.9833, 2.0, 2.0167],
            "transform": [
                [1.0, 0.0, 1e-06, -0.0, -0.0, 0.95545, 0.295154, 0.37472, -1e-06, -0.295154, 0.955449, 0.0, 0.0, 0.0, 0.0, 1.0],
                [1.0, 0.0, 1e-06, -0.0, -0.0, 0.955023, 0.296534, 0.37472, -1e-06, -0.296535, 0.955021, 0.0, 0.0, 0.0, 0.0, 1.0],
                [1.0, 0.0, 1e-06, 0.0, -0.0, 0.953822, 0.300375, 0.37472, -1e-06, -0.300376, 0.95382, 0.0, 0.0, 0.0, 0.0, 1.0],
                [1.0, 0.0, 1e-06, 0.0, -0.0, 0.951959, 0.306226, 0.37472, -1e-06, -0.306227, 0.951958, 0.0, 0.0, 0.0, 0.0, 1.0],
                [1.0, 0.0, 1e-06, -0.0, -0.0, 0.949544, 0.313635, 0.37472, -1e-06, -0.313635, 0.949543, -0.0, 0.0, 0.0, 0.0, 1.0],
                [1.0, 0.0, 1e-06, 0.0, -0.0, 0.94669, 0.322149, 0.37472, -1e-06, -0.322149, 0.946688, -0.0, 0.0, 0.0, 0.0, 1.0],
                [1.0, 0.0, 1e-06, -0.0, -0.0, 0.94352, 0.331317, 0.37472, -1e-06, -0.331317, 0.943519, -0.0, 0.0, 0.0, 0.0, 1.0],
                [1.0, -0.0, 1e-06, 0.0, -0.0, 0.940176, 0.34069, 0.37472, -1e-06, -0.340691, 0.940175, 0.0, 0.0, 0.0, 0.0, 1.0],
                [1.0, -0.0, 1e-06, -0.0, -0.0, 0.936816, 0.349823, 0.37472, -1e-06, -0.349824, 0.936815, 0.0, 0.0, 0.0, 0.0, 1.0],
