{
    "animation": [
        {
            "name": "Root",
            "time": [0.0, 0.0167, 0.0333, 0.05, 0.0667, 0.0833, 0.1, 0.1167, 0.1333, 0.15, 0.1667, 0.1833, 0.2, 0.2167, 0.2333, 0.25, 0.2667, 0.2833, 0.3, 0.3167, 0.3333, 0.35, 0.3667, 0.3833, 0.4, 0.4167, 0.4333, 0.45, 0.4667, 0.4833, 0.5, 0.5167, 0.5333, 0.55, 0.5667, 0.5833, 0.6, 0.6167, 0.6333, 0.65, 0.6667, 0.6833, 0.7, 0.7167, 0.7333, 0.75, 0.7667, 0.7833, 0.8, 0.8167, 0.8333, 0.85, 0.8667, 0.8833, 0.9, 0.9167, 0.9333, 0.95, 0.9667, 0.9833, 1.0, 1.0167, 1.0333, 1.05, 1.0667, 1.0833, 1.1, 1.1167, 1.1333, 1.15, 1.1667, 1.1833, 1.2, 1.2167, 1.2333, 1.25, 1.2667, 1.2833, 1.3, 1.3167, 1.3333],
            "transform": [
                [1.0, 0.0, 0.0, -5e-06, 0.0, 0.0, -1.0, 0.000946, 0.0, 1.0, 0.0, 0.763972, 0.0, 0.0, 0.0, 1.0],
                [1.0, 0.0, 0.0, -5e-06, 0.0, 0.0, -1.0, 0.001284, 0.0, 1.0, 0.0, 0.763917, 0.0, 0.0, 0.0, 1.0],
                [1.0, 0.0, 0.0, -5e-06, 0.0, 0.0, -1.0, 0.003649, 0.0, 1.0, 0.0, 0.763535, 0.0, 0.0, 0.0, 1.0],
                [1.0, 0.0, 0.0, -5e-06, 0.0, 0.0, -1.0, 0.010067, 0.0, 1.0, 0.0, 0.762498, 0.0, 0.0, 0.0, 1.0],
                [1.0, 0.0, 0.0, -5e-06, 0.0, 0.0, -1.0, 0.022565, 0.0, 1.0, 0.0, 0.760479, 0.0, 0.0, 0.0, 1.0],
                [1.0, 0.0, 0.0, -5e-06, 0.0, 0.0, -1.0, 0.04317, 0.0, 1.0, 0.0, 0.757149, 0.0, 0.0, 0.0, 1.0],
                [1.0, 0.0, 0.0, -5e-06, 0.0, 0.0, -1.0, 0.07391, 0.0, 1.0, 0.0, 0.752183, 0.0, 0.0, 0.0, 1.0],
                [1.0, 0.0, 0.0, -5e-06, 0.0, 0.0, -1.0, 0.116809, 0.0, 1.0, 0.0, 0.745251, 0.0, 0.0, 0.0, 1.0],
                [1.0, 0.0, 0.0, -5e-06, 0.0, 0.0, -1.0, 0.173896, 0.0, 1.0, 0.0, 0.736027, 0.0, 0.0, 0.0, 1.0],
                [1.0, 0.0, 0.0, -5e-06, 0.0, 0.0, -1.0, 0.247197, 0.0, 1.0, 0.0, 0.724184, 0.0, 0.0, 0.0, 1.0],
                [1.0, 0.0, 0.0, -5e-06, 0.0, 0.0, -1.0, 0.338739, 0.0, 1.0, 0.0, 0.709393, 0.0, 0.0, 0.0, 1.0],
                [1.0, 0.0, 0.0, -5e-06, 0.0, 0.0, -1.0, 0.522327, 0.0, 1.0, 0.0, 0.679448, 0.0, 0.0, 0.0, 1.0],
                [1.0, 0.0, 0.0, -5e-06, 0.0, 0.0, -1.0, 0.83197, 0.0, 1.0, 0.0, 0.628918, 0.0, 0.0, 0.0, 1.0],
                [1.0, 0.0, 0.0, -5e-06, 0.0, 0.0, -1.0, 1.209999, 0.0, 1.0, 0.0, 0.567639, 0.0, 0.0, 0.0, 1.0],
                [1.0, 0.0, 0.0, -5e-06, 0.0, 0.0, -1.0, 1.598746, 0.0, 1.0, 0.0, 0.505449, 0.0, 0.0, 0.0, 1.0],
                [1.0, 0.0, 0.0, -5e-06, 0.0, 0.0, -1.0, 1.940541, 0.0, 1.0, 0.0, 0.452185, 0.0, 0.0, 0.0, 1.0],
                [1.0, 0.0, 0.0, -5e-06, 0.0, 0.0, -1.0, 2.210724, 0.0, 1.0, 0.0, 0.411063, 0.0, 0.0, 0.0, 1.0],
                [1.0, 0.0, 0.0, -5e-06, 0.0, 0.0, -1.0, 2.427071, 0.0, 1.0, 0.0, 0.378136, 0.0, 0.0, 0.0, 1.0],
                [1.0, 0.0, 0.0, -5e-06, 0.0, 0.0, -1.0, 2.595562, 0.0, 1.0, 0.0, 0.352492, 0.0, 0.0, 0.0, 1.0],
                [1.0, 0.0, 0.0, -5e-06, 0.0, 0.0, -1.0, 2.722179, 0.0, 1.0, 0.0, 0.333221, 0.0, 0.0, 0.0, 1.0],
                [1.0, 0.0, 0.0, -5e-06, 0.0, 0.0, -1.0, 2.812905, 0.0, 1.0, 0.0, 0.319413, 0.0, 0.0, 0.0, 1.0],
                [1.0, 0.0, 0.0, -5e-06, 0.0, 0.0, -1.0, 2.873721, 0.0, 1.0, 0.0, 0.310157, 0.0, 0.0, 0.0, 1.0],
                [1.0, 0.0, 0.0, -5e-06, 0.0, 0.0, -1.0, 2.910609, 0.0, 1.0, 0.0, 0.304542, 0.0, 0.0, 0.0, 1.0],
                [1.0, 0.0, 0.0, -5e-06, 0.0, 0.0, -1.0, 2.929552, 0.0, 1.0, 0.0, 0.301659, 0.0, 0.0, 0.0, 1.0],
                [1.0, 0.0, 0.0, -5e-06, 0.0, 0.0, -1.0, 2.936531, 0.0, 1.0, 0.0, 0.300597, 0.0, 0.0, 0.0, 1.0],
                [1.0, 0.0, 0.0, -5e-06, 0.0, 0.0, -1.0, 2.937528, 0.0, 1.0, 0.0, 0.300445, 0.0, 0.0, 0.0, 1.0],
                [1.0, 0.0, 0.0, -5e-06, 0.0, 0.0, -1.0, 2.937528, 0.0, 1.0, 0.0, 0.300445, 0.0, 0.0, 0.0, 1.0],
                [1.0, 0.0, 0.0, -5e-06, 0.0, 0.0, -1.0, 2.937528, 0.0, 1.0, 0.0, 0.300445, 0.0, 0.0, 0.0, 1.0],
                [1.0, 0.0, 0.0, -5e-06, 0.0, 0.0, -1.0, 2.937528, 0.0, 1.0, 0.0, 0.300445, 0.0, 0.0, 0.0, 1.0],
                [1.0, 0.0, 0.0, -5e-06, 0.0, 0.0, -1.0, 2.937528, 0.0, 1.0, 0.0, 0.300445, 0.0, 0.0, 0.0, 1.0],
                [1.0, 0.0, 0.0, -5e-06, 0.0, 0.0, -1.0, 2.937528, 0.0, 1.0, 0.0, 0.300445, 0.0, 0.0, 0.0, 1.0],
                [1.0, 0.0, 0.0, -5e-06, 0.0, 0.0, -1.0, 2.937532, 0.0, 1.0, 0.0, 0.301452, 0.0, 0.0, 0.0, 1.0],
                [1.0, 0.0, 0.0, -5e-06, 0.0, 0.0, -1.0, 2.937558, 0.0, 1.0, 0.0, 0.30439, 0.0, 0.0, 0.0, 1.0],
                [1.0, 0.0, 0.0, -5e-06, 0.0, 0.0, -1.0, 2.937629, 0.0, 1.0, 0.0, 0.309142, 0.0, 0.0, 0.0, 1.0],
                [1.0, 0.0, 0.0, -5e-06, 0.0, 0.0, -1.0, 2.937767, 0.0, 1.0, 0.0, 0.315587, 0.0, 0.0, 0.0, 1.0],
                [1.0, 0.0, 0.0, -5e-06, 0.0, 0.0, -1.0, 2.937994, 0.0, 1.0, 0.0, 0.323605, 0.0, 0.0, 0.0, 1.0],
                [1.0, 0.0, 0.0, -5e-06, 0.0, 0.0, -1.0, 2.938333, 0.0, 1.0, 0.0, 0.333078, 0.0, 0.0, 0.0, 1.0],
                [1.0, 0.0, 0.0, -5e-06, 0.0, 0.0, -1.0, 2.938806, 0.0, 1.0, 0.0, 0.343884, 0.0, 0.0, 0.0, 1.0],
                [1.0, 0.0, 0.0, -5e-06, 0.0, 0.0, -1.0, 2.939436, 0.0, 1.0, 0.0, 0.355905, 0.0, 0.0, 0.0, 1.0],
                [1.0, 0.0, 0.0, -5e-06, 0.0, 0.0, -1.0, 2.940244, 0.0, 1.0, 0.0, 0.369021, 0.0, 0.0, 0.0, 1.0],
                [1.0, 0.0, 0.0, -5e-06, 0.0, 0.0, -1.0, 2.941254, 0.0, 1.0, 0.0, 0.383112, 0.0, 0.0, 0.0, 1.0],
                [1.0, 0.0, 0.0, -5e-06, 0.0, 0.0, -1.0, 2.942487, 0.0, 1.0, 0.0, 0.398058, 0.0, 0.0, 0.0, 1.0],
                [1.0, 0.0, 0.0, -5e-06, 0.0, 0.0, -1.0, 2.943967, 0.0, 1.0, 0.0, 0.413741, 0.0, 0.0, 0.0, 1.0],
                [1.0, 0.0, 0.0, -5e-06, 0.0, 0.0, -1.0, 2.945714, 0.0, 1.0, 0.0, 0.430039, 0.0, 0.0, 0.0, 1.0],
                [1.0, 0.0, 0.0, -5e-06, 0.0, 0.0, -1.0, 2.947752, 0.0, 1.0, 0.0, 0.446833, 0.0, 0.0, 0.0, 1.0],
                [1.0, 0.0, 0.0, -5e-06, 0.0, 0.0, -1.0, 2.950103, 0.0, 1.0, 0.0, 0.464005, 0.0, 0.0, 0.0, 1.0],
                [1.0, 0.0, 0.0, -5e-06, 0.0, 0.0, -1.0, 2.95279, 0.0, 1.0, 0.0, 0.481433, 0.0, 0.0, 0.0, 1.0],
                [1.0, 0.0, 0.0, -5e-06, 0.0, 0.0, -1.0, 2.955834, 0.0, 1.0, 0.0, 0.498999, 0.0, 0.0, 0.0, 1.0],
                [1.0, 0.0, 0.0, -5e-06, 0.0, 0.0, -1.0, 2.959258, 0.0, 1.0, 0.0, 0.516582, 0.0, 0.0, 0.0, 1.0],
                [1.0, 0.0, 0.0, -5e-06, 0.0, 0.0, -1.0, 2.963084, 0.0, 1.0, 0.0, 0.534063, 0.0, 0.0, 0.0, 1.0],
                [1.0, 0.0, 0.0, -5e-06, 0.0, 0.0, -1.0, 2.967336, 0.0, 1.0, 0.0, 0.551323, 0.0, 0.0, 0.0, 1.0],
                [1.0, 0.0, 0.0, -5e-06, 0.0, 0.0, -1.0, 2.972034, 0.0, 1.0, 0.0, 0.568241, 0.0, 0.0, 0.0, 1.0],
                [1.0, 0.0, 0.0, -5e-06, 0.0, 0.0, -1.0, 2.977202, 0.0, 1.0, 0.0, 0.584698, 0.0, 0.0, 0.0, 1.0],
                [1.0, 0.0, 0.0, -5e-06, 0.0, 0.0, -1.0, 2.982862, 0.0, 1.0, 0.0, 0.600575, 0.0, 0.0, 0.0, 1.0],
                [1.0, 0.0, 0.0, -5e-06, 0.0, 0.0, -1.0, 2.989036, 0.0, 1.0, 0.0, 0.61575, 0.0, 0.0, 0.0, 1.0],
                [1.0, 0.0, 0.0, -5e-06, 0.0, 0.0, -1.0, 2.995746, 0.0, 1.0, 0.0, 0.630106, 0.0, 0.0, 0.0, 1.0],
                [1.0, 0.0, 0.0, -5e-06, 0.0, 0.0, -1.0, 3.004248, 0.0, 1.0, 0.0, 0.643547, 0.0, 0.0, 0.0, 1.0],
                [1.0, 0.0, 0.0, -5e-06, 0.0, 0.0, -1.0, 3.015599, 0.0, 1.0, 0.0, 0.656079, 0.0, 0.0, 0.0, 1.0],
                [1.0, 0.0, 0.0, -5e-06, 0.0, 0.0, -1.0, 3.029529, 0.0, 1.0, 0.0, 0.667732, 0.0, 0.0, 0.0, 1.0],
                [1.0, 0.0, 0.0, -5e-06, 0.0, 0.0, -1.0, 3.045763, 0.0, 1.0, 0.0, 0.678538, 0.0, 0.0, 0.0, 1.0],
                [1.0, 0.0, 0.0, -5e-06, 0.0, 0.0, -1.0, 3.064031, 0.0, 1.0, 0.0, 0.688527, 0.0, 0.0, 0.0, 1.0],
                [1.0, 0.0, 0.0, -5e-06, 0.0, 0.0, -1.0, 3.08406, 0.0, 1.0, 0.0, 0.697729, 0.0, 0.0, 0.0, 1.0],
                [1.0, 0.0, 0.0, -5e-06, 0.0, 0.0, -1.0, 3.105579, 0.0, 1.0, 0.0, 0.706175, 0.0, 0.0, 0.0, 1.0],
                [1.0, 0.0, 0.0, -5e-06, 0.0, 0.0, -1.0, 3.128314, 0.0, 1.0, 0.0, 0.713897, 0.0, 0.0, 0.0, 1.0],
                [1.0, 0.0, 0.0, -5e-06, 0.0, 0.0, -1.0, 3.151995, 0.0, 1.0, 0.0, 0.720924, 0.0, 0.0, 0.0, 1.0],
                [1.0, 0.0, 0.0, -5e-06, 0.0, 0.0, -1.0, 3.176348, 0.0, 1.0, 0.0, 0.727288, 0.0, 0.0, 0.0, 1.0],
                [1.0, 0.0, 0.0, -5e-06, 0.0, 0.0, -1.0, 3.201102, 0.0, 1.0, 0.0, 0.733018, 0.0, 0.0, 0.0, 1.0],
                [1.0, 0.0, 0.0, -5e-06, 0.0, 0.0, -1.0, 3.225985, 0.0, 1.0, 0.0, 0.738147, 0.0, 0.0, 0.0, 1.0],
                [1.0, 0.0, 0.0, -5e-06, 0.0, 0.0, -1.0, 3.250725, 0.0, 1.0, 0.0, 0.742703, 0.0, 0.0, 0.0, 1.0],
                [1.0, 0.0, 0.0, -5e-06, 0.0, 0.0, -1.0, 3.275049, 0.0, 1.0, 0.0, 0.746719, 0.0, 0.0, 0.0, 1.0],
                [1.0, 0.0, 0.0, -5e-06, 0.0, 0.0, -1.0, 3.298685, 0.0, 1.0, 0.0, 0.750225, 0.0, 0.0, 0.0, 1.0],
                [1.0, 0.0, 0.0, -5e-06, 0.0, 0.0, -1.0, 3.321362, 0.0, 1.0, 0.0, 0.753251, 0.0, 0.0, 0.0, 1.0],
                [1.0, 0.0, 0.0, -5e-06, 0.0, 0.0, -1.0, 3.342807, 0.0, 1.0, 0.0, 0.755828, 0.0, 0.0, 0.0, 1.0],
                [1.0, 0.0, 0.0, -5e-06, 0.0, 0.0, -1.0, 3.362748, 0.0, 1.0, 0.0, 0.757987, 0.0, 0.0, 0.0, 1.0],
                [1.0, 0.0, 0.0, -5e-06, 0.0, 0.0, -1.0, 3.380913, 0.0, 1.0, 0.0, 0.759759, 0.0, 0.0, 0.0, 1.0],
                [1.0, 0.0, 0.0, -5e-06, 0.0, 0.0, -1.0, 3.39703, 0.0, 1.0, 0.0, 0.761174, 0.0, 0.0, 0.0, 1.0],
                [1.0, 0.0, 0.0, -5e-06, 0.0, 0.0, -1.0, 3.410826, 0.0, 1.0, 0.0, 0.762263, 0.0, 0.0, 0.0, 1.0],
                [1.0, 0.0, 0.0, -5e-06, 0.0, 0.0, -1.0, 3.422031, 0.0, 1.0, 0.0, 0.763057, 0.0, 0.0, 0.0, 1.0],
                [1.0, 0.0, 0.0, -5e-06, 0.0, 0.0, -1.0, 3.430371, 0.0, 1.0, 0.0, 0.763585, 0.0, 0.0, 0.0, 1.0],
                [1.0, 0.0, 0.0, -5e-06, 0.0, 0.0, -1.0, 3.435575, 0.0, 1.0, 0.0, 0.76388, 0.0, 0.0, 0.0, 1.0],
                [1.0, 0.0, 0.0, -5e-06, 0.0, 0.0, -1.0, 3.43737, 0.0, 1.0, 0.0, 0.763972, 0.0, 0.0, 0.0, 1.0]
            ]
        },
        {
            "name": "Thigh_R",
            "time": [0.0, 0.0167, 0.0333, 0.05, 0.0667, 0.0833, 0.1, 0.1167, 0.1333, 0.15, 0.1667, 0.1833, 0.2, 0.2167, 0.2333, 0.25, 0.2667, 0.2833, 0.3, 0.3167, 0.3333, 0.35, 0.3667, 0.3833, 0.4, 0.4167, 0.4333, 0.45, 0.4667, 0.4833, 0.5, 0.5167, 0.5333, 0.55, 0.5667, 0.5833, 0.6, 0.6167, 0.6333, 0.65, 0.6667, 0.6833, 0.7, 0.7167, 0.7333, 0.75, 0.7667, 0.7833, 0.8, 0.8167, 0.8333, 0.85, 0.8667, 0.8833, 0.9, 0.9167, 0.9333, 0.95, 0.9667, 0.9833, 1.0, 1.0167, 1.0333, 1.05, 1.0667, 1.0833, 1.1, 1.1167, 1.1333, 1.15, 1.1667, 1.1833, 1.2, 1.2167, 1.2333, 1.25, 1.2667, 1.2833, 1.3, 1.3167, 1.3333],
            "transform": [
                [0.993691, 0.074238, -0.084061, 0.124994, 0.109672, -0.799949, 0.589959, -0.002831, -0.023447, -0.595455, -0.803046, -1.2e-05, 0.0, 0.0, 0.0, 1.0],
                [0.993989, 0.070364, -0.08387, 0.124994, 0.106885, -0.789468, 0.604412, -0.002831, -0.023684, -0.609741, -0.792246, -1.2e-05, 0.0, 0.0, 0.0, 1.0],
                [0.994728, 0.059659, -0.083403, 0.124994, 0.099451, -0.759531, 0.642821, -0.002831, -0.024997, -0.647725, -0.761463, -1.2e-05, 0.0, 0.0, 0.0, 1.0],
                [0.995637, 0.043476, -0.082562, 0.124994, 0.088868, -0.711568, 0.696974, -0.002831, -0.028447, -0.701268, -0.712329, -1.2e-05, 0.0, 0.0, 0.0, 1.0],
                [0.996425, 0.023199, -0.081227, 0.124994, 0.076879, -0.647545, 0.758138, -0.002831, -0.03501, -0.761671, -0.647016, -1.2e-05, 0.0, 0.0, 0.0, 1.0],
                [0.996827, 0.000249, -0.079592, 0.124994, 0.06546, -0.571426, 0.818038, -0.002831, -0.045278, -0.820651, -0.569631, -1.2e-05, 0.0, 0.0, 0.0, 1.0],
                [0.996633, -0.024014, -0.078387, 0.124994, 0.056634, -0.489666, 0.870068, -0.002831, -0.059278, -0.871577, -0.486659, -1.2e-05, 0.0, 0.0, 0.0, 1.0],
                [0.995701, -0.048433, -0.078946, 0.124994, 0.052195, -0.410707, 0.910272, -0.002831, -0.076511, -0.910478, -0.406415, -1.2e-05, 0.0, 0.0, 0.0, 1.0],
                [0.993923, -0.072119, -0.083158, 0.124994, 0.053485, -0.343877, 0.93749, -0.002831, -0.096207, -0.936239, -0.337931, -1.2e-05, 0.0, 0.0, 0.0, 1.0],
                [0.991154, -0.094326, -0.093352, 0.124994, 0.061318, -0.298337, 0.952489, -0.002831, -0.117695, -0.949786, -0.289916, -1.2e-05, 0.0, 0.0, 0.0, 1.0],
                [0.987113, -0.114096, -0.112197, 0.124994, 0.076027, -0.282561, 0.956232, -0.002831, -0.140805, -0.952438, -0.270246, -1.2e-05, 0.0, 0.0, 0.0, 1.0],
                [0.980619, -0.113581, -0.15964, 0.124994, 0.119377, -0.299712, 0.946531, -0.002831, -0.155354, -0.947242, -0.280346, -1.2e-05, 0.0, 0.0, 0.0, 1.0],
                [0.967919, -0.083993, -0.236806, 0.124994, 0.196186, -0.336189, 0.921134, -0.002831, -0.156981, -0.938039, -0.308927, -1.2e-05, 0.0, 0.0, 0.0, 1.0],
                [0.947346, -0.03915, -0.317809, 0.124994, 0.280873, -0.375023, 0.883441, -0.002831, -0.153773, -0.926186, -0.344282, -1.2e-05, 0.0, 0.0, 0.0, 1.0],
                [0.925173, 0.002967, -0.379533, 0.124994, 0.348384, -0.403438, 0.846088, -0.002831, -0.150608, -0.915, -0.374285, -1.2e-05, 0.0, 0.0, 0.0, 1.0],
                [0.914548, 0.021832, -0.403888, 0.124994, 0.37597, -0.414115, 0.828948, -0.002831, -0.149159, -0.90996, -0.386937, -1.2e-05, 0.0, 0.0, 0.0, 1.0],
                [0.915116, 0.020903, -0.402648, 0.124994, 0.376347, -0.402581, 0.83444, -0.002831, -0.144656, -0.915143, -0.376277, -1.2e-05, 0.0, 0.0, 0.0, 1.0],
                [0.916878, 0.017746, -0.398772, 0.124994, 0.376398, -0.371017, 0.848923, -0.002831, -0.132887, -0.928454, -0.346858, -1.2e-05, 0.0, 0.0, 0.0, 1.0],
                [0.919571, 0.01314, -0.392704, 0.124994, 0.37552, -0.323545, 0.868506, -0.002831, -0.115646, -0.946119, -0.302458, -1.2e-05, 0.0, 0.0, 0.0, 1.0],
                [0.922916, 0.007885, -0.384919, 0.124994, 0.373141, -0.264549, 0.889257, -0.002831, -0.094818, -0.964338, -0.2471, -1.2e-05, 0.0, 0.0, 0.0, 1.0],
                [0.92661, 0.002701, -0.376014, 0.124994, 0.368991, -0.199018, 0.907875, -0.002831, -0.072382, -0.97999, -0.18541, -1.2e-05, 0.0, 0.0, 0.0, 1.0],
                [0.930326, -0.001861, -0.366727, 0.124994, 0.363263, -0.132537, 0.922211, -0.002831, -0.050321, -0.991174, -0.122628, -1.2e-05, 0.0, 0.0, 0.0, 1.0],
                [0.933736, -0.005466, -0.35792, 0.124994, 0.356659, -0.071006, 0.931532, -0.002831, -0.030507, -0.997459, -0.064352, -1.2e-05, 0.0, 0.0, 0.0, 1.0],
                [0.936525, -0.007997, -0.350509, 0.124994, 0.350296, -0.020282, 0.936419, -0.002831, -0.014598, -0.99976, -0.016194, -1.2e-05, 0.0, 0.0, 0.0, 1.0],
                [0.938401, -0.009486, -0.345416, 0.124994, 0.345522, 0.014054, 0.938305, -0.002831, -0.004047, -0.999854, 0.016465, -1.2e-05, 0.0, 0.0, 0.0, 1.0],
                [0.939089, -0.009988, -0.343528, 0.124994, 0.343673, 0.026672, 0.938711, -0.002831, -0.000214, -0.999592, 0.02848, -1.2e-05, 0.0, 0.0, 0.0, 1.0],
                [0.939089, -0.009988, -0.343528, 0.124994, 0.343673, 0.026672, 0.938711, -0.002831, -0.000214, -0.999592, 0.02848, -1.2e-05, 0.0, 0.0, 0.0, 1.0],
                [0.939089, -0.009988, -0.343528, 0.124994, 0.343673, 0.026672, 0.938711, -0.002831, -0.000214, -0.999592, 0.02848, -1.2e-05, 0.0, 0.0, 0.0, 1.0],
                [0.939089, -0.009988, -0.343528, 0.124994, 0.343673, 0.026672, 0.938711, -0.002831, -0.000214, -0.999592, 0.02848, -1.2e-05, 0.0, 0.0, 0.0, 1.0],
                [0.939089, -0.009988, -0.343528, 0.124994, 0.343673, 0.026672, 0.938711, -0.002831, -0.000214, -0.999592, 0.02848, -1.2e-05, 0.0, 0.0, 0.0, 1.0],
                [0.939089, -0.009988, -0.343528, 0.124994, 0.343673, 0.026672, 0.938711, -0.002831, -0.000214, -0.999592, 0.02848, -1.2e-05, 0.0, 0.0, 0.0, 1.0],
                [0.93929, -0.009385, -0.342995, 0.124994, 0.343124, 0.025282, 0.93895, -0.002831, -0.000141, -0.999634, 0.026967, -1.2e-05, 0.0, 0.0, 0.0, 1.0],
                [0.93988, -0.007611, -0.341419, 0.124994, 0.341504, 0.021181, 0.939642, -0.002831, 8e-05, -0.999745, 0.022506, -1.2e-05, 0.0, 0.0, 0.0, 1.0],
                [0.940839, -0.004721, -0.338819, 0.124994, 0.338852, 0.01446, 0.940729, -0.002831, 0.000458, -0.999882, 0.015204, -1.2e-05, 0.0, 0.0, 0.0, 1.0],
                [0.942145, -0.000776, -0.335203, 0.124994, 0.335203, 0.005198, 0.942132, -0.002831, 0.001011, -0.999984, 0.005157, -1.2e-05, 0.0, 0.0, 0.0, 1.0],
                [0.943772, 0.00416, -0.330569, 0.124994, 0.330591, -0.006531, 0.943752, -0.002831, 0.001767, -0.999968, -0.007539, -1.2e-05, 0.0, 0.0, 0.0, 1.0],
                [0.945693, 0.010016, -0.324905, 0.124994, 0.325048, -0.020662, 0.945472, -0.002831, 0.002757, -0.999734, -0.022796, -1.2e-05, 0.0, 0.0, 0.0, 1.0],
                [0.947878, 0.016719, -0.318194, 0.124994, 0.318607, -0.03713, 0.947159, -0.002831, 0.004021, -0.999169, -0.040521, -1.2e-05, 0.0, 0.0, 0.0, 1.0],
                [0.950294, 0.024186, -0.310412, 0.124994, 0.311302, -0.05587, 0.948667, -0.002831, 0.005601, -0.998143, -0.060622, -1.2e-05, 0.0, 0.0, 0.0, 1.0],
                [0.952906, 0.03233, -0.301535, 0.124994, 0.303169, -0.076813, 0.949836, -0.002831, 0.007547, -0.996519, -0.082997, -1.2e-05, 0.0, 0.0, 0.0, 1.0],
                [0.955678, 0.041059, -0.291537, 0.124994, 0.294247, -0.099882, 0.950496, -0.002831, 0.009907, -0.99415, -0.107537, -1.2e-05, 0.0, 0.0, 0.0, 1.0],
                [0.958567, 0.050271, -0.280394, 0.124994, 0.28458, -0.124991, 0.950469, -0.002831, 0.012734, -0.990881, -0.134119, -1.2e-05, 0.0, 0.0, 0.0, 1.0],
                [0.961533, 0.059858, -0.268088, 0.124994, 0.274218, -0.15204, 0.949573, -0.002831, 0.016079, -0.986558, -0.162606, -1.2e-05, 0.0, 0.0, 0.0, 1.0],
                [0.96453, 0.069707, -0.254603, 0.124994, 0.263215, -0.180914, 0.947622, -0.002831, 0.019994, -0.981024, -0.192846, -1.2e-05, 0.0, 0.0, 0.0, 1.0],
                [0.967511, 0.079698, -0.239936, 0.124994, 0.251634, -0.211479, 0.944435, -0.002831, 0.024528, -0.974126, -0.224664, -1.2e-05, 0.0, 0.0, 0.0, 1.0],
                [0.97043, 0.089705, -0.224093, 0.124994, 0.239544, -0.243582, 0.939833, -0.002831, 0.029723, -0.965721, -0.257869, -1.2e-05, 0.0, 0.0, 0.0, 1.0],
                [0.973238, 0.099602, -0.207091, 0.124994, 0.227021, -0.27705, 0.933651, -0.002831, 0.035619, -0.955677, -0.292249, -1.2e-05, 0.0, 0.0, 0.0, 1.0],
                [0.975886, 0.109258, -0.188964, 0.124994, 0.21415, -0.31169, 0.925737, -0.002831, 0.042246, -0.943879, -0.327573, -1.2e-05, 0.0, 0.0, 0.0, 1.0],
                [0.978329, 0.118544, -0.169761, 0.124994, 0.201019, -0.347288, 0.91596, -0.002831, 0.049626, -0.930233, -0.363593, -1.2e-05, 0.0, 0.0, 0.0, 1.0],
                [0.980521, 0.127333, -0.149546, 0.124994, 0.187725, -0.383613, 0.904212, -0.002831, 0.057769, -0.914671, -0.400046, -1.2e-05, 0.0, 0.0, 0.0, 1.0],
                [0.98242, 0.135506, -0.128404, 0.124994, 0.174368, -0.420417, 0.890418, -0.002831, 0.066674, -0.897153, -0.436656, -1.2e-05, 0.0, 0.0, 0.0, 1.0],
                [0.98399, 0.14295, -0.106432, 0.124994, 0.161048, -0.457442, 0.874534, -0.002831, 0.076328, -0.877672, -0.473142, -1.2e-05, 0.0, 0.0, 0.0, 1.0],
                [0.985199, 0.149564, -0.083746, 0.124994, 0.147869, -0.494422, 0.856551, -0.002831, 0.086703, -0.856255, -0.509222, -1.2e-05, 0.0, 0.0, 0.0, 1.0],
                [0.98602, 0.155262, -0.060475, 0.124994, 0.134933, -0.531091, 0.836501, -0.002831, 0.097759, -0.832965, -0.544618, -1.2e-05, 0.0, 0.0, 0.0, 1.0],
                [0.986436, 0.159976, -0.036761, 0.124994, 0.122336, -0.567183, 0.814454, -0.002831, 0.109442, -0.807902, -0.579063, -1.2e-05, 0.0, 0.0, 0.0, 1.0],
                [0.986435, 0.163652, -0.012755, 0.124994, 0.11017, -0.602446, 0.790519, -0.002831, 0.121686, -0.781199, -0.612306, -1.2e-05, 0.0, 0.0, 0.0, 1.0],
                [0.986015, 0.166262, 0.011387, 0.124994, 0.098518, -0.63664, 0.764841, -0.002831, 0.134413, -0.753021, -0.644119, -1.2e-05, 0.0, 0.0, 0.0, 1.0],
                [0.985182, 0.167793, 0.035505, 0.124994, 0.087454, -0.669549, 0.7376, -0.002831, 0.147537, -0.723564, -0.674304, -1.2e-05, 0.0, 0.0, 0.0, 1.0],
                [0.983949, 0.168257, 0.059441, 0.124994, 0.077038, -0.70098, 0.709007, -0.002831, 0.160963, -0.693046, -0.702692, -1.2e-05, 0.0, 0.0, 0.0, 1.0],
                [0.982336, 0.167686, 0.08304, 0.124994, 0.067321, -0.730769, 0.679296, -0.002831, 0.174592, -0.661705, -0.729152, -1.2e-05, 0.0, 0.0, 0.0, 1.0],
                [0.980373, 0.166129, 0.106157, 0.124994, 0.058336, -0.758786, 0.64872, -0.002831, 0.188321, -0.629793, -0.753588, -1.2e-05, 0.0, 0.0, 0.0, 1.0],
                [0.978093, 0.163653, 0.128653, 0.124994, 0.050107, -0.784935, 0.617547, -0.002831, 0.202048, -0.59757, -0.775942, -1.2e-05, 0.0, 0.0, 0.0, 1.0],
                [0.975534, 0.160343, 0.150405, 0.124994, 0.042641, -0.809151, 0.58605, -0.002831, 0.21567, -0.565297, -0.796194, -1.2e-05, 0.0, 0.0, 0.0, 1.0],
                [0.972742, 0.156293, 0.171304, 0.124994, 0.035933, -0.831403, 0.554505, -0.002831, 0.229088, -0.533233, -0.814359, -1.2e-05, 0.0, 0.0, 0.0, 1.0],
                [0.969761, 0.151608, 0.191254, 0.124994, 0.029969, -0.851691, 0.523183, -0.002831, 0.242208, -0.50163, -0.830483, -1.2e-05, 0.0, 0.0, 0.0, 1.0],
                [0.96664, 0.146401, 0.210176, 0.124994, 0.024721, -0.870045, 0.492349, -0.002831, 0.254943, -0.470727, -0.844642, -1.2e-05, 0.0, 0.0, 0.0, 1.0],
                [0.963427, 0.140789, 0.228005, 0.124994, 0.020154, -0.886517, 0.462253, -0.002831, 0.267211, -0.44075, -0.856935, -1.2e-05, 0.0, 0.0, 0.0, 1.0],
                [0.960171, 0.134892, 0.244692, 0.124994, 0.016225, -0.901183, 0.433132, -0.002831, 0.278939, -0.41191, -0.867481, -1.2e-05, 0.0, 0.0, 0.0, 1.0],
                [0.956922, 0.128828, 0.260199, 0.124994, 0.012886, -0.914132, 0.405209, -0.002831, 0.290059, -0.384399, -0.876415, -1.2e-05, 0.0, 0.0, 0.0, 1.0],
                [0.953724, 0.122714, 0.274502, 0.124994, 0.010086, -0.925468, 0.378686, -0.002831, 0.300514, -0.358392, -0.883882, -1.2e-05, 0.0, 0.0, 0.0, 1.0],
                [0.950623, 0.116665, 0.287585, 0.124994, 0.007769, -0.935306, 0.35375, -0.002831, 0.31025, -0.334047, -0.890032, -1.2e-05, 0.0, 0.0, 0.0, 1.0],
                [0.947661, 0.11079, 0.299439, 0.124994, 0.005881, -0.94376, 0.330572, -0.002831, 0.319223, -0.311508, -0.895019, -1.2e-05, 0.0, 0.0, 0.0, 1.0],
                [0.944878, 0.105191, 0.310064, 0.124994, 0.004367, -0.95095, 0.309309, -0.002831, 0.327392, -0.290904, -0.898994, -1.2e-05, 0.0, 0.0, 0.0, 1.0],
                [0.942312, 0.099966, 0.319459, 0.124994, 0.003175, -0.956989, 0.290101, -0.002831, 0.334719, -0.272351, -0.902102, -1.2e-05, 0.0, 0.0, 0.0, 1.0],
                [0.939997, 0.095207, 0.327628, 0.124994, 0.002255, -0.961986, 0.273081, -0.002831, 0.341173, -0.255955, -0.904482, -1.2e-05, 0.0, 0.0, 0.0, 1.0],
                [0.937966, 0.090996, 0.334571, 0.124994, 0.001561, -0.966043, 0.258369, -0.002831, 0.346721, -0.241818, -0.906261, -1.2e-05, 0.0, 0.0, 0.0, 1.0],
                [0.936249, 0.087412, 0.340289, 0.124994, 0.001053, -0.969246, 0.246083, -0.002831, 0.351334, -0.230036, -0.90755, -1.2e-05, 0.0, 0.0, 0.0, 1.0],
                [0.934872, 0.084524, 0.344773, 0.124994, 0.000695, -0.97167, 0.236333, -0.002831, 0.354982, -0.220701, -0.908449, -1.2e-05, 0.0, 0.0, 0.0, 1.0],
                [0.933862, 0.082397, 0.348011, 0.124994, 0.000459, -0.97337, 0.229231, -0.002831, 0.357631, -0.213909, -0.909034, -1.2e-05, 0.0, 0.0, 0.0, 1.0],
                [0.933241, 0.081085, 0.349979, 0.124994, 0.000325, -0.974383, 0.224886, -0.002831, 0.35925, -0.209758, -0.909363, -1.2e-05, 0.0, 0.0, 0.0, 1.0],
                [0.93303, 0.080639, 0.350645, 0.124994, 0.000282, -0.974722, 0.223412, -0.002831, 0.359798, -0.20835, -0.90947, -1.2e-05, 0.0, 0.0, 0.0, 1.0]
            ]
        },
        {
            "name": "Leg_R",
            "time": [0.0, 0.0167, 0.0333, 0.05, 0.0667, 0.0833, 0.1, 0.1167, 0.1333, 0.15, 0.1667, 0.1833, 0.2, 0.2167, 0.2333, 0.25, 0.2667, 0.2833, 0.3, 0.3167, 0.3333, 0.35, 0.3667, 0.3833, 0.4, 0.4167, 0.4333, 0.45, 0.4667, 0.4833, 0.5, 0.5167, 0.5333, 0.55, 0.5667, 0.5833, 0.6, 0.6167, 0.6333, 0.65, 0.6667, 0.6833, 0.7, 0.7167, 0.7333, 0.75, 0.7667, 0.7833, 0.8, 0.8167, 0.8333, 0.85, 0.8667, 0.8833, 0.9, 0.9167, 0.9333, 0.95, 0.9667, 0.9833, 1.0, 1.0167, 1.0333, 1.05, 1.0667, 1.0833, 1.1, 1.1167, 1.1333, 1.15, 1.1667, 1.1833, 1.2, 1.2167, 1.2333, 1.25, 1.2667, 1.2833, 1.3, 1.3167, 1.3333],
            "transform": [
                [1.0, -0.0, 1e-06, -0.0, -0.0, 0.538534, 0.842604, 0.37472, -1e-06, -0.842605, 0.538533, 0.0, 0.0, 0.0, 0.0, 1.0],
                [1.0, -0.0, 1e-06, -0.0, -0.0, 0.519637, 0.854387, 0.37472, -1e-06, -0.854388, 0.519636, -0.0, 0.0, 0.0, 0.0, 1.0],
                [1.0, -1e-06, 1e-06, 0.0, -0.0, 0.466814, 0.884355, 0.37472, -1e-06, -0.884357, 0.466813, -0.0, 0.0, 0.0, 0.0, 1.0],
                [1.0, -1e-06, 0.0, -0.0, -0.0, 0.385337, 0.922775, 0.37472, -1e-06, -0.922776, 0.385337, -0.0, 0.0, 0.0, 0.0, 1.0],
                [1.0, -1e-06, 0.0, 0.0, -0.0, 0.281797, 0.959473, 0.37472, -1e-06, -0.959475, 0.281796, 0.0, 0.0, 0.0, 0.0, 1.0],
                [1.0, -1e-06, 0.0, -0.0, -0.0, 0.165419, 0.986222, 0.37472, -1e-06, -0.986224, 0.165419, -0.0, 0.0, 0.0, 0.0, 1.0],
                [1.0, -1e-06, 0.0, 0.0, -0.0, 0.047631, 0.998864, 0.37472, -1e-06, -0.998866, 0.047631, -0.0, 0.0, 0.0, 0.0, 1.0],
                [1.0, -1e-06, 0.0, 0.0, -0.0, -0.059708, 0.998215, 0.37472, -1e-06, -0.998216, -0.059708, 0.0, 0.0, 0.0, 0.0, 1.0],
                [1.0, -1e-06, 0.0, 0.0, -0.0, -0.146138, 0.989263, 0.37472, -1e-06, -0.989265, -0.146138, 0.0, 0.0, 0.0, 0.0, 1.0],
                [1.0, -1e-06, 0.0, -0.0, -0.0, -0.203276, 0.979121, 0.37472, -1e-06, -0.979122, -0.203276, 0.0, 0.0, 0.0, 0.0, 1.0],
                [1.0, -1e-06, 0.0, 0.0, -0.0, -0.223958, 0.974598, 0.37472, -1e-06, -0.9746, -0.223958, -0.0, 0.0, 0.0, 0.0, 1.0],
                [1.0, -1e-06, 0.0, -0.0, -0.0, -0.145535, 0.989353, 0.37472, -1e-06, -0.989354, -0.145535, 0.0, 0.0, 0.0, 0.0, 1.0],
                [1.0, -1e-06, 0.0, -0.0, -0.0, 0.053404, 0.998572, 0.37472, -1e-06, -0.998573, 0.053404, -0.0, 0.0, 0.0, 0.0, 1.0],
                [1.0, -1e-06, 0.0, -0.0, -0.0, 0.300138, 0.953895, 0.37472, -1e-06, -0.953896, 0.300138, -0.0, 0.0, 0.0, 0.0, 1.0],
                [1.0, -0.0, 1e-06, -0.0, -0.0, 0.49843, 0.866929, 0.37472, -1e-06, -0.866931, 0.49843, 0.0, 0.0, 0.0, 0.0, 1.0],
                [1.0, -0.0, 1e-06, -0.0, -0.0, 0.575496, 0.817805, 0.37472, -1e-06, -0.817806, 0.575495, 0.0, 0.0, 0.0, 0.0, 1.0],
                [1.0, -0.0, 1e-06, 0.0, -0.0, 0.553131, 0.833094, 0.37472, -1e-06, -0.833095, 0.553131, 0.0, 0.0, 0.0, 0.0, 1.0],
                [1.0, -0.0, 1e-06, 0.0, -0.0, 0.489551, 0.871974, 0.37472, -1e-06, -0.871976, 0.48955, -0.0, 0.0, 0.0, 0.0, 1.0],
                [1.0, -1e-06, 1e-06, 0.0, -0.0, 0.3888, 0.921322, 0.37472, -1e-06, -0.921323, 0.3888, -0.0, 0.0, 0.0, 0.0, 1.0],
                [1.0, -1e-06, 0.0, -0.0, -0.0, 0.257092, 0.966386, 0.37472, -1e-06, -0.966387, 0.257092, 0.0, 0.0, 0.0, 0.0, 1.0],
                [1.0, -1e-06, 0.0, 0.0, -0.0, 0.105846, 0.994382, 0.37472, -1e-06, -0.994383, 0.105846, -0.0, 0.0, 0.0, 0.0, 1.0],
                [1.0, -1e-06, 0.0, -0.0, -0.0, -0.04862, 0.998816, 0.37472, -1e-06, -0.998818, -0.04862, -0.0, 0.0, 0.0, 0.0, 1.0],
                [1.0, -1e-06, 0.0, 0.0, -0.0, -0.188699, 0.982034, 0.37472, -1e-06, -0.982036, -0.188699, -0.0, 0.0, 0.0, 0.0, 1.0],
                [1.0, -1e-06, 0.0, 0.0, -0.0, -0.299754, 0.954016, 0.37472, -1e-06, -0.954017, -0.299754, 0.0, 0.0, 0.0, 0.0, 1.0],
                [1.0, -1e-06, -0.0, -0.0, -0.0, -0.371795, 0.928314, 0.37472, -1e-06, -0.928316, -0.371794, -0.0, 0.0, 0.0, 0.0, 1.0],
                [1.0, -1e-06, -0.0, -0.0, -0.0, -0.39753, 0.917589, 0.37472, -1e-06, -0.91759, -0.39753, 0.0, 0.0, 0.0, 0.0, 1.0],
                [1.0, -1e-06, -0.0, -0.0, -0.0, -0.39753, 0.917589, 0.37472, -1e-06, -0.91759, -0.39753, 0.0, 0.0, 0.0, 0.0, 1.0],
                [1.0, -1e-06, -0.0, -0.0, -0.0, -0.39753, 0.917589, 0.37472, -1e-06, -0.91759, -0.39753, 0.0, 0.0, 0.0, 0.0, 1.0],
                [1.0, -1e-06, -0.0, -0.0, -0.0, -0.39753, 0.917589, 0.37472, -1e-06, -0.91759, -0.39753, 0.0, 0.0, 0.0, 0.0, 1.0],
                [1.0, -1e-06, -0.0, -0.0, -0.0, -0.39753, 0.917589, 0.37472, -1e-06, -0.91759, -0.39753, 0.0, 0.0, 0.0, 0.0, 1.0],
                [1.0, -1e-06, -0.0, -0.0, -0.0, -0.39753, 0.917589, 0.37472, -1e-06, -0.91759, -0.39753, 0.0, 0.0, 0.0, 0.0, 1.0],
                [1.0, -1e-06, -0.0, -0.0, -0.0, -0.394168, 0.919038, 0.37472, -1e-06, -0.919039, -0.394167, 0.0, 0.0, 0.0, 0.0, 1.0],
                [1.0, -1e-06, -0.0, 0.0, -0.0, -0.38425, 0.923228, 0.37472, -1e-06, -0.92323, -0.38425, 0.0, 0.0, 0.0, 0.0, 1.0],
                [1.0, -1e-06, -0.0, 0.0, -0.0, -0.368018, 0.929818, 0.374721, -1e-06, -0.929819, -0.368018, 0.0, 0.0, 0.0, 0.0, 1.0],
                [1.0, -1e-06, 0.0, -0.0, -0.0, -0.34571, 0.938341, 0.37472, -1e-06, -0.938342, -0.34571, 0.0, 0.0, 0.0, 0.0, 1.0],
                [1.0, -1e-06, 0.0, -0.0, -0.0, -0.317578, 0.948232, 0.37472, -1e-06, -0.948233, -0.317578, -0.0, 0.0, 0.0, 0.0, 1.0],
                [1.0, -1e-06, 0.0, 0.0, -0.0, -0.283908, 0.958851, 0.37472, -1e-06, -0.958852, -0.283908, -0.0, 0.0, 0.0, 0.0, 1.0],
                [1.0, -1e-06, 0.0, 0.0, -0.0, -0.245041, 0.969512, 0.37472, -1e-06, -0.969513, -0.245041, 0.0, 0.0, 0.0, 0.0, 1.0],
                [1.0, -1e-06, 0.0, -0.0, -0.0, -0.201387, 0.979511, 0.37472, -1e-06, -0.979513, -0.201387, -0.0, 0.0, 0.0, 0.0, 1.0],
                [1.0, -1e-06, 0.0, -0.0, -0.0, -0.153433, 0.988158, 0.37472, -1e-06, -0.98816, -0.153433, -0.0, 0.0, 0.0, 0.0, 1.0],
                [1.0, -1e-06, 0.0, 0.0, -0.0, -0.101749, 0.994809, 0.37472, -1e-06, -0.994811, -0.101749, 0.0, 0.0, 0.0, 0.0, 1.0],
                [1.0, -1e-06, 0.0, -0.0, -0.0, -0.046982, 0.998895, 0.37472, -1e-06, -0.998897, -0.046982, 0.0, 0.0, 0.0, 0.0, 1.0],
                [1.0, -1e-06, 0.0, 0.0, -0.0, 0.010162, 0.999948, 0.37472, -1e-06, -0.999949, 0.010162, -0.0, 0.0, 0.0, 0.0, 1.0],
                [1.0, -1e-06, 0.0, 0.0, -0.0, 0.068935, 0.99762, 0.37472, -1e-06, -0.997622, 0.068934, 0.0, 0.0, 0.0, 0.0, 1.0],
                [1.0, -1e-06, 0.0, 0.0, -0.0, 0.12857, 0.9917, 0.37472, -1e-06, -0.991701, 0.12857, 0.0, 0.0, 0.0, 0.0, 1.0],
                [1.0, -1e-06, 0.0, 0.0, -0.0, 0.188316, 0.982108, 0.37472, -1e-06, -0.982109, 0.188316, -0.0, 0.0, 0.0, 0.0, 1.0],
                [1.0, -1e-06, 0.0, -0.0, -0.0, 0.24746, 0.968897, 0.37472, -1e-06, -0.968899, 0.247459, 0.0, 0.0, 0.0, 0.0, 1.0],
                [1.0, -1e-06, 0.0, -0.0, -0.0, 0.305348, 0.95224, 0.37472, -1e-06, -0.952241, 0.305348, -0.0, 0.0, 0.0, 0.0, 1.0],
                [1.0, -1e-06, 0.0, -0.0, -0.0, 0.361414, 0.932405, 0.37472, -1e-06, -0.932406, 0.361413, 0.0, 0.0, 0.0, 0.0, 1.0],
                [1.0, -1e-06, 1e-06, -0.0, -0.0, 0.415182, 0.909738, 0.37472, -1e-06, -0.909739, 0.415182, -0.0, 0.0, 0.0, 0.0, 1.0],
                [1.0, -1e-06, 1e-06, -0.0, -0.0, 0.46628, 0.884637, 0.37472, -1e-06, -0.884638, 0.466279, -0.0, 0.0, 0.0, 0.0, 1.0],
                [1.0, -1e-06, 1e-06, -0.0, -0.0, 0.514434, 0.85753, 0.37472, -1e-06, -0.857531, 0.514433, -0.0, 0.0, 0.0, 0.0, 1.0],
                [1.0, -0.0, 1e-06, 0.0, -0.0, 0.559467, 0.828852, 0.37472, -1e-06, -0.828854, 0.559466, -0.0, 0.0, 0.0, 0.0, 1.0],
                [1.0, -0.0, 1e-06, -0.0, -0.0, 0.601288, 0.799032, 0.37472, -1e-06, -0.799033, 0.601288, 0.0, 0.0, 0.0, 0.0, 1.0],
                [1.0, -0.0, 1e-06, -0.0, -0.0, 0.639883, 0.768472, 0.37472, -1e-06, -0.768474, 0.639882, 0.0, 0.0, 0.0, 0.0, 1.0],
                [1.0, -0.0, 1e-06, 0.0, -0.0, 0.675297, 0.737546, 0.37472, -1e-06, -0.737547, 0.675296, -0.0, 0.0, 0.0, 0.0, 1.0],
                [1.0, -0.0, 1e-06, 0.0, -0.0, 0.707626, 0.706587, 0.37472, -1e-06, -0.706588, 0.707625, 0.0, 0.0, 0.0, 0.0, 1.0],
                [1.0, -0.0, 1e-06, -0.0, -0.0, 0.737003, 0.675889, 0.37472, -1e-06, -0.67589, 0.737002, -0.0, 0.0, 0.0, 0.0, 1.0],
                [1.0, -0.0, 1e-06, 0.0, -0.0, 0.763589, 0.645703, 0.37472, -1e-06, -0.645704, 0.763588, 0.0, 0.0, 0.0, 0.0, 1.0],
                [1.0, -0.0, 1e-06, -0.0, -0.0, 0.787559, 0.61624, 0.37472, -1e-06, -0.616241, 0.787558, -0.0, 0.0, 0.0, 0.0, 1.0],
                [1.0, -0.0, 1e-06, -0.0, -0.0, 0.809098, 0.587675, 0.37472, -1e-06, -0.587676, 0.809096, -0.0, 0.0, 0.0, 0.0, 1.0],
                [1.0, -0.0, 1e-06, -0.0, -0.0, 0.828393, 0.560148, 0.37472, -1e-06, -0.560149, 0.828392, -0.0, 0.0, 0.0, 0.0, 1.0],
                [1.0, -0.0, 1e-06, -0.0, -0.0, 0.84563, 0.533771, 0.37472, -1e-06, -0.533772, 0.845628, 0.0, 0.0, 0.0, 0.0, 1.0],
                [1.0, -0.0, 1e-06, 0.0, -0.0, 0.860987, 0.508628, 0.37472, -1e-06, -0.508629, 0.860985, -0.0, 0.0, 0.0, 0.0, 1.0],
                [1.0, -0.0, 1e-06, -0.0, -0.0, 0.874635, 0.484784, 0.37472, -1e-06, -0.484784, 0.874633, -0.0, 0.0, 0.0, 0.0, 1.0],
                [1.0, -0.0, 1e-06, -0.0, -0.0, 0.886732, 0.462284, 0.37472, -1e-06, -0.462284, 0.886731, 0.0, 0.0, 0.0, 0.0, 1.0],
                [1.0, -0.0, 1e-06, -0.0, -0.0, 0.897429, 0.44116, 0.37472, -1e-06, -0.44116, 0.897428, 0.0, 0.0, 0.0, 0.0, 1.0],
                [1.0, -0.0, 1e-06, 0.0, -0.0, 0.90686, 0.421433, 0.37472, -1e-06, -0.421433, 0.906859, -0.0, 0.0, 0.0, 0.0, 1.0],
                [1.0, -0.0, 1e-06, 0.0, -0.0, 0.91515, 0.403115, 0.37472, -1e-06, -0.403115, 0.915149, 0.0, 0.0, 0.0, 0.0, 1.0],
                [1.0, -0.0, 1e-06, -0.0, -0.0, 0.922411, 0.386212, 0.37472, -1e-06, -0.386212, 0.922409, -0.0, 0.0, 0.0, 0.0, 1.0],
                [1.0, -0.0, 1e-06, 0.0, -0.0, 0.928742, 0.370727, 0.37472, -1e-06, -0.370728, 0.928741, 1e-06, 0.0, 0.0, 0.0, 1.0],
                [1.0, -0.0, 1e-06, 0.0, -0.0, 0.934234, 0.356662, 0.37472, -1e-06, -0.356662, 0.934233, -0.0, 0.0, 0.0, 0.0, 1.0],
                [1.0, -0.0, 1e-06, -0.0, -0.0, 0.938964, 0.344017, 0.37472, -1e-06, -0.344017, 0.938963, 0.0, 0.0, 0.0, 0.0, 1.0],
                [1.0, -0.0, 1e-06, 0.0, -0.0, 0.943, 0.332794, 0.37472, -1e-06, -0.332794, 0.942999, -0.0, 0.0, 0.0, 0.0, 1.0],
                [1.0, 0.0, 1e-06, 0.0, -0.0, 0.9464, 0.322999, 0.37472, -1e-06, -0.322999, 0.946399, -0.0, 0.0, 0.0, 0.0, 1.0],
                [1.0, 0.0, 1e-06, -0.0, -0.0, 0.949212, 0.31464, 0.37472, -1e-06, -0.314641, 0.94921, 0.0, 0.0, 0.0, 0.0, 1.0],
                [1.0, 0.0, 1e-06, 0.0, -0.0, 0.951474, 0.307733, 0.37472, -1e-06, -0.307733, 0.951472, -0.0, 0.0, 0.0, 0.0, 1.0],
                [1.0, 0.0, 1e-06, 0.0, -0.0, 0.953214, 0.302297, 0.37472, -1e-06, -0.302298, 0.953213, 0.0, 0.0, 0.0, 0.0, 1.0],
                [1.0, 0.0, 1e-06, 0.0, -0.0, 0.954453, 0.298362, 0.37472, -1e-06, -0.298363, 0.954452, -0.0, 0.0, 0.0, 0.0, 1.0],
                [1.0, 0.0, 1e-06, 0.0, -0.0, 0.955199, 0.295966, 0.37472, -1e-06, -0.295966, 0.955198, 0.0, 0.0, 0.0, 0.0, 1.0],
                [1.0, 0.0, 1e-06, -0.0, -0.0, 0.95545, 0.295154, 0.37472, -1e-06, -0.295154, 0.955449, -0.0, 0.0, 0.0, 0.0, 1.0]
            ]
        },
        {
            "name": "Knee_R",
            "time": [0.0, 0.0167, 0.0333, 0.05, 0.0667, 0.0833, 0.1, 0.1167, 0.1333, 0.15, 0.1667, 0.1833, 0.2, 0.2167, 0.2333, 0.25, 0.2667, 0.2833, 0.3, 0.3167, 0.3333, 0.35, 0.3667, 0.3833, 0.4, 0.4167, 0.4333, 0.45, 0.4667, 0.4833, 0.5, 0.5167, 0.5333, 0.55, 0.5667, 0.5833, 0.6, 0.6167, 0.6333, 0.65, 0.6667, 0.6833, 0.7, 0.7167, 0.7333, 0.75, 0.7667, 0.7833, 0.8, 0.8167, 0.8333, 0.85, 0.8667, 0.8833, 0.9, 0.9167, 0.9333, 0.95, 0.9667, 0.9833, 1.0, 1.0167, 1.0333, 1.05, 1.0667, 1.0833, 1.1, 1.1167, 1.1333, 1.15, 1.1667, 1.1833, 1.2, 1.2167, 1.2333, 1.25, 1.2667, 1.2833, 1.3, 1.3167, 1.3333],
            "transform": [
                [1.0, 0.0, -0.0, -0.0, -0.0, 1e-06, -1.0, 0.424983, -0.0, 1.0, 1e-06, -0.0, 0.0, 0.0, 0.0, 1.0],
                [1.0, 0.0, -0.0, 0.0, -0.0, 1e-06, -1.0, 0.427322, -0.0, 1.0, 1e-06, -0.0, 0.0, 0.0, 0.0, 1.0],
                [1.0, 0.0, -0.0, 0.0, -0.0, 1e-06, -1.0, 0.433703, -0.0, 1.0, 1e-06, -0.0, 0.0, 0.0, 0.0, 1.0],
                [1.0, 0.0, -0.0, -0.0, -0.0, 1e-06, -1.0, 0.443168, -0.0, 1.0, 1e-06, 0.0, 0.0, 0.0, 0.0, 1.0],
                [1.0, 0.0, -0.0, 0.0, -0.0, 1e-06, -1.0, 0.454713, -0.0, 1.0, 1e-06, 0.0, 0.0, 0.0, 0.0, 1.0],
                [1.0, 0.0, -0.0, -0.0, -0.0, 1e-06, -1.0, 0.467264, -0.0, 1.0, 1e-06, -0.0, 0.0, 0.0, 0.0, 1.0],
                [1.0, 0.0, -0.0, 0.0, -0.0, 1e-06, -1.0, 0.479715, -0.0, 1.0, 1e-06, -0.0, 0.0, 0.0, 0.0, 1.0],
                [1.0, 0.0, -0.0, -0.0, -0.0, 1e-06, -1.0, 0.48472, -0.0, 1.0, 1e-06, 0.0, 0.0, 0.0, 0.0, 1.0],
                [1.0, 0.0, -0.0, 0.0, -0.0, 1e-06, -1.0, 0.48472, -0.0, 1.0, 1e-06, -0.0, 0.0, 0.0, 0.0, 1.0],
                [1.0, 0.0, -0.0, 0.0, -0.0, 1e-06, -1.0, 0.48472, -0.0, 1.0, 1e-06, -0.0, 0.0, 0.0, 0.0, 1.0],
                [1.0, 0.0, -0.0, 0.0, -0.0, 1e-06, -1.0, 0.48472, -0.0, 1.0, 1e-06, -0.0, 0.0, 0.0, 0.0, 1.0],
                [1.0, 0.0, -0.0, -0.0, -0.0, 1e-06, -1.0, 0.48472, -0.0, 1.0, 1e-06, -0.0, 0.0, 0.0, 0.0, 1.0],
                [1.0, 0.0, -0.0, 0.0, -0.0, 1e-06, -1.0, 0.479108, -0.0, 1.0, 1e-06, -0.0, 0.0, 0.0, 0.0, 1.0],
                [1.0, 0.0, -0.0, -0.0, -0.0, 1e-06, -1.0, 0.452699, -0.0, 1.0, 1e-06, 0.0, 0.0, 0.0, 0.0, 1.0],
                [1.0, 0.0, -0.0, 0.0, -0.0, 1e-06, -1.0, 0.42991, -0.0, 1.0, 1e-06, -0.0, 0.0, 0.0, 0.0, 1.0],
                [1.0, 0.0, -0.0, -0.0, -0.0, 1e-06, -1.0, 0.420308, -0.0, 1.0, 1e-06, 0.0, 0.0, 0.0, 0.0, 1.0],
                [1.0, -0.0, -0.0, 0.0, -0.0, 1e-06, -1.0, 0.423153, -0.0, 1.0, 1e-06, 0.0, 0.0, 0.0, 0.0, 1.0],
                [1.0, 0.0, -0.0, 0.0, -0.0, 1e-06, -1.0, 0.430983, -0.0, 1.0, 1e-06, -0.0, 0.0, 0.0, 0.0, 1.0],
                [1.0, 0.0, -0.0, 0.0, -0.0, 1e-06, -1.0, 0.442774, -0.0, 1.0, 1e-06, -0.0, 0.0, 0.0, 0.0, 1.0],
                [1.0, 0.0, -0.0, -0.0, -0.0, 1e-06, -1.0, 0.457408, -0.0, 1.0, 1e-06, 0.0, 0.0, 0.0, 0.0, 1.0],
                [1.0, 0.0, -0.0, 0.0, -0.0, 1e-06, -1.0, 0.473581, -0.0, 1.0, 1e-06, -0.0, 0.0, 0.0, 0.0, 1.0],
                [1.0, 0.0, -0.0, 0.0, -0.0, 1e-06, -1.0, 0.48472, -0.0, 1.0, 1e-06, -0.0, 0.0, 0.0, 0.0, 1.0],
                [1.0, 0.0, -0.0, 0.0, -0.0, 1e-06, -1.0, 0.48472, 0.0, 1.0, 1e-06, -0.0, 0.0, 0.0, 0.0, 1.0],
                [1.0, 0.0, -0.0, 0.0, -0.0, 1e-06, -1.0, 0.48472, -0.0, 1.0, 1e-06, -0.0, 0.0, 0.0, 0.0, 1.0],
                [1.0, 0.0, -0.0, 0.0, -0.0, 1e-06, -1.0, 0.48472, -0.0, 1.0, 1e-06, -0.0, 0.0, 0.0, 0.0, 1.0],
                [1.0, 0.0, -0.0, 0.0, -0.0, 1e-06, -1.0, 0.48472, 0.0, 1.0, 1e-06, 0.0, 0.0, 0.0, 0.0, 1.0],
                [1.0, 0.0, -0.0, 0.0, -0.0, 1e-06, -1.0, 0.48472, 0.0, 1.0, 1e-06, 0.0, 0.0, 0.0, 0.0, 1.0],
                [1.0, 0.0, -0.0, 0.0, -0.0, 1e-06, -1.0, 0.48472, 0.0, 1.0, 1e-06, 0.0, 0.0, 0.0, 0.0, 1.0],
                [1.0, 0.0, -0.0, 0.0, -0.0, 1e-06, -1.0, 0.48472, 0.0, 1.0, 1e-06, 0.0, 0.0, 0.0, 0.0, 1.0],
                [1.0, 0.0, -0.0, 0.0, -0.0, 1e-06, -1.0, 0.48472, 0.0, 1.0, 1e-06, 0.0, 0.0, 0.0, 0.0, 1.0],
                [1.0, 0.0, -0.0, 0.0, -0.0, 1e-06, -1.0, 0.48472, 0.0, 1.0, 1e-06, 0.0, 0.0, 0.0, 0.0, 1.0],
                [1.0, 0.0, -0.0, 0.0, -0.0, 1e-06, -1.0, 0.48472, -0.0, 1.0, 1e-06, -0.0, 0.0, 0.0, 0.0, 1.0],
                [1.0, 0.0, -0.0, 0.0, -0.0, 1e-06, -1.0, 0.48472, -0.0, 1.0, 1e-06, -0.0, 0.0, 0.0, 0.0, 1.0],
                [1.0, 0.0, -0.0, 0.0, -0.0, 1e-06, -1.0, 0.48472, -0.0, 1.0, 1e-06, -0.0, 0.0, 0.0, 0.0, 1.0],
                [1.0, -0.0, -0.0, 0.0, -0.0, 1e-06, -1.0, 0.48472, -0.0, 1.0, 1e-06, -0.0, 0.0, 0.0, 0.0, 1.0],
                [1.0, 0.0, -0.0, 0.0, -0.0, 1e-06, -1.0, 0.48472, -0.0, 1.0, 1e-06, -0.0, 0.0, 0.0, 0.0, 1.0],
                [1.0, 0.0, -0.0, 0.0, -0.0, 1e-06, -1.0, 0.48472, -0.0, 1.0, 1e-06, -0.0, 0.0, 0.0, 0.0, 1.0],
                [1.0, 0.0, -0.0, 0.0, -0.0, 1e-06, -1.0, 0.48472, -0.0, 1.0, 1e-06, -0.0, 0.0, 0.0, 0.0, 1.0],
                [1.0, 0.0, -0.0, -0.0, -0.0, 1e-06, -1.0, 0.48472, -0.0, 1.0, 1e-06, -0.0, 0.0, 0.0, 0.0, 1.0],
