{
    "animation": [
        {
            "name": "Root",
            "time": [0.0, 0.0167, 0.0333, 0.05, 0.0667, 0.0833, 0.1, 0.1167, 0.1333, 0.15, 0.1667, 0.1833, 0.2, 0.2167, 0.2333, 0.25, 0.2667, 0.2833, 0.3, 0.3167, 0.3333, 0.35, 0.3667, 0.3833, 0.4, 0.4167, 0.4333, 0.45, 0.4667, 0.4833, 0.5, 0.5167, 0.5333, 0.55, 0.5667, 0.5833, 0.6, 0.6167, 0.6333, 0.65, 0.6667, 0.6833, 0.7, 0.7167, 0.7333, 0.75, 0.7667, 0.7833, 0.8, 0.8167, 0.8333, 0.85, 0.8667, 0.8833, 0.9, 0.9167, 0.9333, 0.95, 0.9667, 0.9833, 1.0, 1.0167, 1.0333, 1.05, 1.0667, 1.0833, 1.1, 1.1167, 1.1333, 1.15, 1.1667, 1.1833, 1.2, 1.2167, 1.2333, 1.25, 1.2667, 1.2833, 1.3, 1.3167, 1.3333, 1.35, 1.3667, 1.3833, 1.4, 1.4167, 1.4333, 1.45, 1.4667, 1.4833, 1.5, 1.5167, 1.5333, 1.55, 1.5667, 1.5833, 1.6, 1.6167, 1.6333, 1.65, 1.6667, 1.6833, 1.7, 1.7167, 1.7333, 1.75, 1.7667, 1.7833, 1.8, 1.8167, 1.8333, 1.85, 1.8667, 1.8833, 1.9, 1.9167, 1.9333, 1.95, 1.9667, 1.9833, 2.0, 2.0167, 2.0333, 2.05, 2.0667, 2.0833, 2.1, 2.1167, 2.1333, 2.15, 2.1667, 2.1833, 2.2, 2.2167, 2.2333, 2.25, 2.2667, 2.2833, 2.3, 2.3167, 2.3333, 2.35, 2.3667, 2.3833, 2.4, 2.4167, 2.4333, 2.45, 2.4667, 2.4833, 2.5, 2.5167, 2.5333, 2.55, 2.5667, 2.5833, 2.6, 2.6167, 2.6333, 2.65, 2.6667, 2.6833, 2.7, 2.7167, 2.7333, 2.75, 2.7667, 2.7833, 2.8, 2.8167, 2.8333, 2.85, 2.8667, 2.8833, 2.9, 2.9167, 2.9333, 2.95],
            "transform": [
                [0.879412, 0.0, 0.476061, -5e-06, 0.476061, 0.0, -0.879412, 0.259999, 0.0, 1.0, 0.0, 0.697382, 0.0, 0.0, 0.0, 1.0],
                [0.88588, 0.0, 0.463914, -5e-06, 0.463914, 0.0, -0.88588, 0.272712, 0.0, 1.0, 0.0, 0.697386, 0.0, 0.0, 0.0, 1.0],
                [0.902635, 0.0, 0.430407, -5e-06, 0.430407, 0.0, -0.902635, 0.303188, 0.0, 1.0, 0.0, 0.697397, 0.0, 0.0, 0.0, 1.0],
                [0.925103, 0.0, 0.379715, -5e-06, 0.379715, 0.0, -0.925103, 0.339934, 0.0, 1.0, 0.0, 0.697413, 0.0, 0.0, 0.0, 1.0],
                [0.948647, 0.0, 0.316335, -5e-06, 0.316335, 0.0, -0.948647, 0.371456, 0.0, 1.0, 0.0, 0.697433, 0.0, 0.0, 0.0, 1.0],
                [0.969384, 0.0, 0.245548, -5e-06, 0.245548, 0.0, -0.969384, 0.389553, 0.0, 1.0, 0.0, 0.697454, 0.0, 0.0, 0.0, 1.0],
                [0.984847, 0.0, 0.173425, -5e-06, 0.173425, 0.0, -0.984847, 0.399203, 0.0, 1.0, 0.0, 0.697476, 0.0, 0.0, 0.0, 1.0],
                [0.994315, 0.0, 0.106479, -5e-06, 0.106479, 0.0, -0.994315, 0.40868, 0.0, 1.0, 0.0, 0.697495, 0.0, 0.0, 0.0, 1.0],
                [0.998688, 0.0, 0.051204, -5e-06, 0.051204, 0.0, -0.998688, 0.426253, 0.0, 1.0, 0.0, 0.697512, 0.0, 0.0, 0.0, 1.0],
                [0.999905, 0.0, 0.013762, -5e-06, 0.013762, 0.0, -0.999905, 0.460196, 0.0, 1.0, 0.0, 0.697523, 0.0, 0.0, 0.0, 1.0],
                [1.0, 0.0, 0.0, -5e-06, 0.0, 0.0, -1.0, 0.51878, 0.0, 1.0, 0.0, 0.697527, 0.0, 0.0, 0.0, 1.0],
                [1.0, 0.0, 0.0, -5e-06, 0.0, 0.0, -1.0, 0.872703, 0.0, 1.0, 0.0, 0.665549, 0.0, 0.0, 0.0, 1.0],
                [1.0, 0.0, 0.0, -5e-06, 0.0, 0.0, -1.0, 1.62365, 0.0, 1.0, 0.0, 0.589296, 0.0, 0.0, 0.0, 1.0],
                [1.0, 0.0, 0.0, -5e-06, 0.0, 0.0, -1.0, 2.526374, 0.0, 1.0, 0.0, 0.498283, 0.0, 0.0, 0.0, 1.0],
                [1.0, 0.0, 0.0, -5e-06, 0.0, 0.0, -1.0, 3.335626, 0.0, 1.0, 0.0, 0.422029, 0.0, 0.0, 0.0, 1.0],
                [1.0, 0.0, 0.0, -5e-06, 0.0, 0.0, -1.0, 3.80616, 0.0, 1.0, 0.0, 0.390052, 0.0, 0.0, 0.0, 1.0],
                [1.0, 0.0, 0.0, -5e-06, 0.0, 0.0, -1.0, 4.017556, 0.0, 1.0, 0.0, 0.391408, 0.0, 0.0, 0.0, 1.0],
                [1.0, 0.0, 0.0, -5e-06, 0.0, 0.0, -1.0, 4.213296, 0.0, 1.0, 0.0, 0.395337, 0.0, 0.0, 0.0, 1.0],
                [1.0, 0.0, 0.0, -5e-06, 0.0, 0.0, -1.0, 4.393982, 0.0, 1.0, 0.0, 0.401635, 0.0, 0.0, 0.0, 1.0],
                [1.0, 0.0, 0.0, -5e-06, 0.0, 0.0, -1.0, 4.560218, 0.0, 1.0, 0.0, 0.410094, 0.0, 0.0, 0.0, 1.0],
                [1.0, 0.0, 0.0, -5e-06, 0.0, 0.0, -1.0, 4.712604, 0.0, 1.0, 0.0, 0.42051, 0.0, 0.0, 0.0, 1.0],
                [1.0, 0.0, 0.0, -5e-06, 0.0, 0.0, -1.0, 4.851745, 0.0, 1.0, 0.0, 0.432676, 0.0, 0.0, 0.0, 1.0],
                [1.0, 0.0, 0.0, -5e-06, 0.0, 0.0, -1.0, 4.978241, 0.0, 1.0, 0.0, 0.446386, 0.0, 0.0, 0.0, 1.0],
                [1.0, 0.0, 0.0, -5e-06, 0.0, 0.0, -1.0, 5.092698, 0.0, 1.0, 0.0, 0.461435, 0.0, 0.0, 0.0, 1.0],
                [1.0, 0.0, 0.0, -5e-06, 0.0, 0.0, -1.0, 5.195715, 0.0, 1.0, 0.0, 0.477616, 0.0, 0.0, 0.0, 1.0],
                [1.0, 0.0, 0.0, -5e-06, 0.0, 0.0, -1.0, 5.287898, 0.0, 1.0, 0.0, 0.494724, 0.0, 0.0, 0.0, 1.0],
                [1.0, 0.0, 0.0, -5e-06, 0.0, 0.0, -1.0, 5.369845, 0.0, 1.0, 0.0, 0.512552, 0.0, 0.0, 0.0, 1.0],
                [1.0, 0.0, 0.0, -5e-06, 0.0, 0.0, -1.0, 5.442163, 0.0, 1.0, 0.0, 0.530896, 0.0, 0.0, 0.0, 1.0],
                [1.0, 0.0, 0.0, -5e-06, 0.0, 0.0, -1.0, 5.505454, 0.0, 1.0, 0.0, 0.549548, 0.0, 0.0, 0.0, 1.0],
                [1.0, 0.0, 0.0, -5e-06, 0.0, 0.0, -1.0, 5.560318, 0.0, 1.0, 0.0, 0.568303, 0.0, 0.0, 0.0, 1.0],
                [1.0, 0.0, 0.0, -5e-06, 0.0, 0.0, -1.0, 5.607358, 0.0, 1.0, 0.0, 0.586955, 0.0, 0.0, 0.0, 1.0],
                [1.0, 0.0, 0.0, -5e-06, 0.0, 0.0, -1.0, 5.647179, 0.0, 1.0, 0.0, 0.605298, 0.0, 0.0, 0.0, 1.0],
                [1.0, 0.0, 0.0, -5e-06, 0.0, 0.0, -1.0, 5.680381, 0.0, 1.0, 0.0, 0.623127, 0.0, 0.0, 0.0, 1.0],
                [1.0, 0.0, 0.0, -5e-06, 0.0, 0.0, -1.0, 5.707569, 0.0, 1.0, 0.0, 0.640235, 0.0, 0.0, 0.0, 1.0],
                [1.0, 0.0, 0.0, -5e-06, 0.0, 0.0, -1.0, 5.729343, 0.0, 1.0, 0.0, 0.656416, 0.0, 0.0, 0.0, 1.0],
                [1.0, 0.0, 0.0, -5e-06, 0.0, 0.0, -1.0, 5.746307, 0.0, 1.0, 0.0, 0.671465, 0.0, 0.0, 0.0, 1.0],
                [1.0, 0.0, 0.0, -5e-06, 0.0, 0.0, -1.0, 5.759065, 0.0, 1.0, 0.0, 0.685175, 0.0, 0.0, 0.0, 1.0],
                [1.0, 0.0, 0.0, -5e-06, 0.0, 0.0, -1.0, 5.768217, 0.0, 1.0, 0.0, 0.697341, 0.0, 0.0, 0.0, 1.0],
                [1.0, 0.0, 0.0, -5e-06, 0.0, 0.0, -1.0, 5.774365, 0.0, 1.0, 0.0, 0.707757, 0.0, 0.0, 0.0, 1.0],
                [1.0, 0.0, 0.0, -5e-06, 0.0, 0.0, -1.0, 5.778115, 0.0, 1.0, 0.0, 0.716216, 0.0, 0.0, 0.0, 1.0],
                [1.0, 0.0, 0.0, -5e-06, 0.0, 0.0, -1.0, 5.780067, 0.0, 1.0, 0.0, 0.722513, 0.0, 0.0, 0.0, 1.0],
                [1.0, 0.0, 0.0, -5e-06, 0.0, 0.0, -1.0, 5.780823, 0.0, 1.0, 0.0, 0.726443, 0.0, 0.0, 0.0, 1.0],
                [1.0, 0.0, 0.0, -5e-06, 0.0, 0.0, -1.0, 5.780989, 0.0, 1.0, 0.0, 0.727799, 0.0, 0.0, 0.0, 1.0],
                [1.0, 0.0, -5.7e-05, -5e-06, -5.7e-05, 0.0, -1.0, 5.781064, 0.0, 1.0, 0.0, 0.727788, 0.0, 0.0, 0.0, 1.0],
                [1.0, 0.0, -0.000227, -5e-06, -0.000227, 0.0, -1.0, 5.781148, 0.0, 1.0, 0.0, 0.727758, 0.0, 0.0, 0.0, 1.0],
                [1.0, 0.0, -0.000508, -5e-06, -0.000508, 0.0, -1.0, 5.781242, 0.0, 1.0, 0.0, 0.727709, 0.0, 0.0, 0.0, 1.0],
                [1.0, 0.0, -0.000899, -5e-06, -0.000899, 0.0, -1.0, 5.781347, 0.0, 1.0, 0.0, 0.727641, 0.0, 0.0, 0.0, 1.0],
                [0.999999, 0.0, -0.001397, -5e-06, -0.001397, 0.0, -0.999999, 5.781461, 0.0, 1.0, 0.0, 0.727554, 0.0, 0.0, 0.0, 1.0],
                [0.999998, 0.0, -0.002002, -5e-06, -0.002002, 0.0, -0.999998, 5.781585, 0.0, 1.0, 0.0, 0.72745, 0.0, 0.0, 0.0, 1.0],
                [0.999996, 0.0, -0.002711, -5e-06, -0.002711, 0.0, -0.999996, 5.781718, 0.0, 1.0, 0.0, 0.727328, 0.0, 0.0, 0.0, 1.0],
                [0.999994, 0.0, -0.003523, -5e-06, -0.003523, 0.0, -0.999994, 5.781859, 0.0, 1.0, 0.0, 0.727189, 0.0, 0.0, 0.0, 1.0],
                [0.99999, 0.0, -0.004436, -5e-06, -0.004436, 0.0, -0.99999, 5.782011, 0.0, 1.0, 0.0, 0.727034, 0.0, 0.0, 0.0, 1.0],
                [0.999985, 0.0, -0.005448, -5e-06, -0.005448, 0.0, -0.999985, 5.782171, 0.0, 1.0, 0.0, 0.726864, 0.0, 0.0, 0.0, 1.0],
                [0.999978, 0.0, -0.006558, -5e-06, -0.006558, 0.0, -0.999978, 5.78234, 0.0, 1.0, 0.0, 0.726678, 0.0, 0.0, 0.0, 1.0],
                [0.99997, 0.0, -0.007764, -5e-06, -0.007764, 0.0, -0.99997, 5.782516, 0.0, 1.0, 0.0, 0.726477, 0.0, 0.0, 0.0, 1.0],
                [0.999959, 0.0, -0.009065, -5e-06, -0.009065, 0.0, -0.999959, 5.782702, 0.0, 1.0, 0.0, 0.726262, 0.0, 0.0, 0.0, 1.0],
                [0.999945, 0.0, -0.010458, -5e-06, -0.010458, 0.0, -0.999945, 5.782896, 0.0, 1.0, 0.0, 0.726034, 0.0, 0.0, 0.0, 1.0],
                [0.999929, 0.0, -0.011942, -5e-06, -0.011942, 0.0, -0.999929, 5.783098, 0.0, 1.0, 0.0, 0.725792, 0.0, 0.0, 0.0, 1.0],
                [0.999909, 0.0, -0.013516, -5e-06, -0.013516, 0.0, -0.999909, 5.783308, 0.0, 1.0, 0.0, 0.725537, 0.0, 0.0, 0.0, 1.0],
                [0.999885, 0.0, -0.015178, -5e-06, -0.015178, 0.0, -0.999885, 5.783525, 0.0, 1.0, 0.0, 0.725271, 0.0, 0.0, 0.0, 1.0],
                [0.999857, 0.0, -0.016925, -5e-06, -0.016925, 0.0, -0.999857, 5.78375, 0.0, 1.0, 0.0, 0.724993, 0.0, 0.0, 0.0, 1.0],
                [0.999824, 0.0, -0.018757, -5e-06, -0.018757, 0.0, -0.999824, 5.783982, 0.0, 1.0, 0.0, 0.724703, 0.0, 0.0, 0.0, 1.0],
                [0.999786, 0.0, -0.020671, -5e-06, -0.020671, 0.0, -0.999786, 5.784222, 0.0, 1.0, 0.0, 0.724403, 0.0, 0.0, 0.0, 1.0],
                [0.999743, 0.0, -0.022667, -5e-06, -0.022667, 0.0, -0.999743, 5.784469, 0.0, 1.0, 0.0, 0.724093, 0.0, 0.0, 0.0, 1.0],
                [0.999694, 0.0, -0.024741, -5e-06, -0.024741, 0.0, -0.999694, 5.784722, 0.0, 1.0, 0.0, 0.723774, 0.0, 0.0, 0.0, 1.0],
                [0.999638, 0.0, -0.026894, -5e-06, -0.026894, 0.0, -0.999638, 5.784983, 0.0, 1.0, 0.0, 0.723445, 0.0, 0.0, 0.0, 1.0],
                [0.999576, 0.0, -0.029122, -5e-06, -0.029122, 0.0, -0.999576, 5.78525, 0.0, 1.0, 0.0, 0.723108, 0.0, 0.0, 0.0, 1.0],
                [0.999506, 0.0, -0.031424, -5e-06, -0.031424, 0.0, -0.999506, 5.785523, 0.0, 1.0, 0.0, 0.722763, 0.0, 0.0, 0.0, 1.0],
                [0.999429, 0.0, -0.033799, -5e-06, -0.033799, 0.0, -0.999429, 5.785803, 0.0, 1.0, 0.0, 0.72241, 0.0, 0.0, 0.0, 1.0],
                [0.999343, 0.0, -0.036245, -5e-06, -0.036245, 0.0, -0.999343, 5.786089, 0.0, 1.0, 0.0, 0.722051, 0.0, 0.0, 0.0, 1.0],
                [0.999249, 0.0, -0.03876, -5e-06, -0.03876, 0.0, -0.999249, 5.786381, 0.0, 1.0, 0.0, 0.721685, 0.0, 0.0, 0.0, 1.0],
                [0.999145, 0.0, -0.041342, -5e-06, -0.041342, 0.0, -0.999145, 5.786679, 0.0, 1.0, 0.0, 0.721312, 0.0, 0.0, 0.0, 1.0],
                [0.999032, 0.0, -0.04399, -5e-06, -0.04399, 0.0, -0.999032, 5.786982, 0.0, 1.0, 0.0, 0.720935, 0.0, 0.0, 0.0, 1.0],
                [0.998909, 0.0, -0.046702, -5e-06, -0.046702, 0.0, -0.998909, 5.787291, 0.0, 1.0, 0.0, 0.720553, 0.0, 0.0, 0.0, 1.0],
                [0.998775, 0.0, -0.049476, -5e-06, -0.049476, 0.0, -0.998775, 5.787605, 0.0, 1.0, 0.0, 0.720166, 0.0, 0.0, 0.0, 1.0],
                [0.998631, 0.0, -0.052311, -5e-06, -0.052311, 0.0, -0.998631, 5.787924, 0.0, 1.0, 0.0, 0.719775, 0.0, 0.0, 0.0, 1.0],
                [0.998475, 0.0, -0.055205, -5e-06, -0.055205, 0.0, -0.998475, 5.788248, 0.0, 1.0, 0.0, 0.719381, 0.0, 0.0, 0.0, 1.0],
                [0.998308, 0.0, -0.058155, -5e-06, -0.058155, 0.0, -0.998308, 5.788578, 0.0, 1.0, 0.0, 0.718984, 0.0, 0.0, 0.0, 1.0],
                [0.998128, 0.0, -0.061161, -5e-06, -0.061161, 0.0, -0.998128, 5.788911, 0.0, 1.0, 0.0, 0.718585, 0.0, 0.0, 0.0, 1.0],
                [0.997936, 0.0, -0.06422, -5e-06, -0.06422, 0.0, -0.997936, 5.78925, 0.0, 1.0, 0.0, 0.718184, 0.0, 0.0, 0.0, 1.0],
                [0.997731, 0.0, -0.067332, -5e-06, -0.067332, 0.0, -0.997731, 5.789592, 0.0, 1.0, 0.0, 0.717782, 0.0, 0.0, 0.0, 1.0],
                [0.997512, 0.0, -0.070493, -5e-06, -0.070493, 0.0, -0.997512, 5.789939, 0.0, 1.0, 0.0, 0.717379, 0.0, 0.0, 0.0, 1.0],
                [0.99728, 0.0, -0.073703, -5e-06, -0.073703, 0.0, -0.99728, 5.79029, 0.0, 1.0, 0.0, 0.716975, 0.0, 0.0, 0.0, 1.0],
                [0.997034, 0.0, -0.076959, -5e-06, -0.076959, 0.0, -0.997034, 5.790645, 0.0, 1.0, 0.0, 0.716572, 0.0, 0.0, 0.0, 1.0],
                [0.996774, 0.0, -0.08026, -5e-06, -0.08026, 0.0, -0.996774, 5.791004, 0.0, 1.0, 0.0, 0.71617, 0.0, 0.0, 0.0, 1.0],
                [0.996499, 0.0, -0.083604, -5e-06, -0.083604, 0.0, -0.996499, 5.791366, 0.0, 1.0, 0.0, 0.715769, 0.0, 0.0, 0.0, 1.0],
                [0.996209, 0.0, -0.086989, -5e-06, -0.086989, 0.0, -0.996209, 5.791731, 0.0, 1.0, 0.0, 0.71537, 0.0, 0.0, 0.0, 1.0],
                [0.995904, 0.0, -0.090414, -5e-06, -0.090414, 0.0, -0.995904, 5.7921, 0.0, 1.0, 0.0, 0.714973, 0.0, 0.0, 0.0, 1.0],
                [0.995584, 0.0, -0.093876, -5e-06, -0.093876, 0.0, -0.995584, 5.792472, 0.0, 1.0, 0.0, 0.714579, 0.0, 0.0, 0.0, 1.0],
                [0.995248, 0.0, -0.097375, -5e-06, -0.097375, 0.0, -0.995248, 5.792847, 0.0, 1.0, 0.0, 0.714188, 0.0, 0.0, 0.0, 1.0],
                [0.994896, 0.0, -0.100907, -5e-06, -0.100907, 0.0, -0.994896, 5.793225, 0.0, 1.0, 0.0, 0.713802, 0.0, 0.0, 0.0, 1.0],
                [0.994528, 0.0, -0.104472, -5e-06, -0.104472, 0.0, -0.994528, 5.793605, 0.0, 1.0, 0.0, 0.713419, 0.0, 0.0, 0.0, 1.0],
                [0.994144, 0.0, -0.108067, -5e-06, -0.108067, 0.0, -0.994144, 5.793987, 0.0, 1.0, 0.0, 0.713042, 0.0, 0.0, 0.0, 1.0],
                [0.993743, 0.0, -0.111691, -5e-06, -0.111691, 0.0, -0.993743, 5.794373, 0.0, 1.0, 0.0, 0.71267, 0.0, 0.0, 0.0, 1.0],
                [0.993326, 0.0, -0.115342, -5e-06, -0.115342, 0.0, -0.993326, 5.79476, 0.0, 1.0, 0.0, 0.712304, 0.0, 0.0, 0.0, 1.0],
                [0.992892, 0.0, -0.119018, -5e-06, -0.119018, 0.0, -0.992892, 5.795148, 0.0, 1.0, 0.0, 0.711944, 0.0, 0.0, 0.0, 1.0],
                [0.992442, 0.0, -0.122718, -5e-06, -0.122718, 0.0, -0.992442, 5.795539, 0.0, 1.0, 0.0, 0.711591, 0.0, 0.0, 0.0, 1.0],
                [0.991974, 0.0, -0.126439, -5e-06, -0.126439, 0.0, -0.991974, 5.795931, 0.0, 1.0, 0.0, 0.711246, 0.0, 0.0, 0.0, 1.0],
                [0.99149, 0.0, -0.130179, -5e-06, -0.130179, 0.0, -0.99149, 5.796326, 0.0, 1.0, 0.0, 0.710909, 0.0, 0.0, 0.0, 1.0],
                [0.99099, 0.0, -0.133938, -5e-06, -0.133938, 0.0, -0.99099, 5.796721, 0.0, 1.0, 0.0, 0.71058, 0.0, 0.0, 0.0, 1.0],
                [0.990472, 0.0, -0.137713, -5e-06, -0.137713, 0.0, -0.990472, 5.797117, 0.0, 1.0, 0.0, 0.710261, 0.0, 0.0, 0.0, 1.0],
                [0.989938, 0.0, -0.141502, -5e-06, -0.141502, 0.0, -0.989938, 5.797515, 0.0, 1.0, 0.0, 0.709951, 0.0, 0.0, 0.0, 1.0],
                [0.989387, 0.0, -0.145304, -5e-06, -0.145304, 0.0, -0.989387, 5.797913, 0.0, 1.0, 0.0, 0.709651, 0.0, 0.0, 0.0, 1.0],
                [0.98882, 0.0, -0.149116, -5e-06, -0.149116, 0.0, -0.98882, 5.798312, 0.0, 1.0, 0.0, 0.709362, 0.0, 0.0, 0.0, 1.0],
                [0.988236, 0.0, -0.152938, -5e-06, -0.152938, 0.0, -0.988236, 5.798712, 0.0, 1.0, 0.0, 0.709083, 0.0, 0.0, 0.0, 1.0],
                [0.987636, 0.0, -0.156767, -5e-06, -0.156767, 0.0, -0.987636, 5.799112, 0.0, 1.0, 0.0, 0.708817, 0.0, 0.0, 0.0, 1.0],
                [0.987019, 0.0, -0.160601, -5e-06, -0.160601, 0.0, -0.987019, 5.799511, 0.0, 1.0, 0.0, 0.708562, 0.0, 0.0, 0.0, 1.0],
                [0.986387, 0.0, -0.164438, -5e-06, -0.164438, 0.0, -0.986387, 5.799912, 0.0, 1.0, 0.0, 0.708321, 0.0, 0.0, 0.0, 1.0],
                [0.98574, 0.0, -0.168278, -5e-06, -0.168278, 0.0, -0.98574, 5.800312, 0.0, 1.0, 0.0, 0.708092, 0.0, 0.0, 0.0, 1.0],
                [0.985076, 0.0, -0.172117, -5e-06, -0.172117, 0.0, -0.985076, 5.800712, 0.0, 1.0, 0.0, 0.707877, 0.0, 0.0, 0.0, 1.0],
                [0.984398, 0.0, -0.175955, -5e-06, -0.175955, 0.0, -0.984398, 5.801111, 0.0, 1.0, 0.0, 0.707677, 0.0, 0.0, 0.0, 1.0],
                [0.983705, 0.0, -0.179789, -5e-06, -0.179789, 0.0, -0.983705, 5.801509, 0.0, 1.0, 0.0, 0.707491, 0.0, 0.0, 0.0, 1.0],
                [0.982998, 0.0, -0.183618, -5e-06, -0.183618, 0.0, -0.982998, 5.801908, 0.0, 1.0, 0.0, 0.70732, 0.0, 0.0, 0.0, 1.0],
                [0.982276, 0.0, -0.187439, -5e-06, -0.187439, 0.0, -0.982276, 5.802305, 0.0, 1.0, 0.0, 0.707165, 0.0, 0.0, 0.0, 1.0],
                [0.981541, 0.0, -0.191252, -5e-06, -0.191252, 0.0, -0.981541, 5.802701, 0.0, 1.0, 0.0, 0.707026, 0.0, 0.0, 0.0, 1.0],
                [0.980792, 0.0, -0.195055, -5e-06, -0.195055, 0.0, -0.980792, 5.803095, 0.0, 1.0, 0.0, 0.706905, 0.0, 0.0, 0.0, 1.0],
                [0.980031, 0.0, -0.198845, -5e-06, -0.198845, 0.0, -0.980031, 5.803489, 0.0, 1.0, 0.0, 0.7068, 0.0, 0.0, 0.0, 1.0],
                [0.979257, 0.0, -0.202621, -5e-06, -0.202621, 0.0, -0.979257, 5.80388, 0.0, 1.0, 0.0, 0.706713, 0.0, 0.0, 0.0, 1.0],
                [0.978472, 0.0, -0.206381, -5e-06, -0.206381, 0.0, -0.978472, 5.80427, 0.0, 1.0, 0.0, 0.706645, 0.0, 0.0, 0.0, 1.0],
                [0.977675, 0.0, -0.210124, -5e-06, -0.210124, 0.0, -0.977675, 5.804659, 0.0, 1.0, 0.0, 0.706596, 0.0, 0.0, 0.0, 1.0],
                [0.976867, 0.0, -0.213848, -5e-06, -0.213848, 0.0, -0.976867, 5.805045, 0.0, 1.0, 0.0, 0.706566, 0.0, 0.0, 0.0, 1.0],
                [0.976049, 0.0, -0.21755, -5e-06, -0.21755, 0.0, -0.976049, 5.805429, 0.0, 1.0, 0.0, 0.706556, 0.0, 0.0, 0.0, 1.0],
                [0.975222, 0.0, -0.22123, -5e-06, -0.22123, 0.0, -0.975222, 5.80581, 0.0, 1.0, 0.0, 0.706574, 0.0, 0.0, 0.0, 1.0],
                [0.974385, 0.0, -0.224886, -5e-06, -0.224886, 0.0, -0.974385, 5.80619, 0.0, 1.0, 0.0, 0.70663, 0.0, 0.0, 0.0, 1.0],
                [0.97354, 0.0, -0.228516, -5e-06, -0.228516, 0.0, -0.97354, 5.806566, 0.0, 1.0, 0.0, 0.706721, 0.0, 0.0, 0.0, 1.0],
                [0.972688, 0.0, -0.232118, -5e-06, -0.232118, 0.0, -0.972688, 5.80694, 0.0, 1.0, 0.0, 0.706847, 0.0, 0.0, 0.0, 1.0],
                [0.971828, 0.0, -0.235691, -5e-06, -0.235691, 0.0, -0.971828, 5.80731, 0.0, 1.0, 0.0, 0.707004, 0.0, 0.0, 0.0, 1.0],
                [0.970962, 0.0, -0.239232, -5e-06, -0.239232, 0.0, -0.970962, 5.807678, 0.0, 1.0, 0.0, 0.707194, 0.0, 0.0, 0.0, 1.0],
                [0.970091, 0.0, -0.242742, -5e-06, -0.242742, 0.0, -0.970091, 5.808042, 0.0, 1.0, 0.0, 0.707413, 0.0, 0.0, 0.0, 1.0],
                [0.969215, 0.0, -0.246217, -5e-06, -0.246217, 0.0, -0.969215, 5.808403, 0.0, 1.0, 0.0, 0.707661, 0.0, 0.0, 0.0, 1.0],
                [0.968335, 0.0, -0.249656, -5e-06, -0.249656, 0.0, -0.968335, 5.808759, 0.0, 1.0, 0.0, 0.707936, 0.0, 0.0, 0.0, 1.0],
                [0.967451, 0.0, -0.253057, -5e-06, -0.253057, 0.0, -0.967451, 5.809113, 0.0, 1.0, 0.0, 0.708237, 0.0, 0.0, 0.0, 1.0],
                [0.966566, 0.0, -0.25642, -5e-06, -0.25642, 0.0, -0.966566, 5.809462, 0.0, 1.0, 0.0, 0.708563, 0.0, 0.0, 0.0, 1.0],
                [0.965678, 0.0, -0.259742, -5e-06, -0.259742, 0.0, -0.965678, 5.809807, 0.0, 1.0, 0.0, 0.708912, 0.0, 0.0, 0.0, 1.0],
                [0.96479, 0.0, -0.263021, -5e-06, -0.263021, 0.0, -0.96479, 5.810148, 0.0, 1.0, 0.0, 0.709283, 0.0, 0.0, 0.0, 1.0],
                [0.963902, 0.0, -0.266257, -5e-06, -0.266257, 0.0, -0.963902, 5.810484, 0.0, 1.0, 0.0, 0.709674, 0.0, 0.0, 0.0, 1.0],
                [0.963015, 0.0, -0.269447, -5e-06, -0.269447, 0.0, -0.963015, 5.810816, 0.0, 1.0, 0.0, 0.710084, 0.0, 0.0, 0.0, 1.0],
                [0.96213, 0.0, -0.27259, -5e-06, -0.27259, 0.0, -0.96213, 5.811143, 0.0, 1.0, 0.0, 0.710512, 0.0, 0.0, 0.0, 1.0],
                [0.961248, 0.0, -0.275685, -5e-06, -0.275685, 0.0, -0.961248, 5.811466, 0.0, 1.0, 0.0, 0.710956, 0.0, 0.0, 0.0, 1.0],
                [0.96037, 0.0, -0.27873, -5e-06, -0.27873, 0.0, -0.96037, 5.811783, 0.0, 1.0, 0.0, 0.711415, 0.0, 0.0, 0.0, 1.0],
                [0.959496, 0.0, -0.281723, -5e-06, -0.281723, 0.0, -0.959496, 5.812094, 0.0, 1.0, 0.0, 0.711888, 0.0, 0.0, 0.0, 1.0],
                [0.958628, 0.0, -0.284663, -5e-06, -0.284663, 0.0, -0.958628, 5.812401, 0.0, 1.0, 0.0, 0.712374, 0.0, 0.0, 0.0, 1.0],
                [0.957766, 0.0, -0.287548, -5e-06, -0.287548, 0.0, -0.957766, 5.812701, 0.0, 1.0, 0.0, 0.71287, 0.0, 0.0, 0.0, 1.0],
                [0.956912, 0.0, -0.290377, -5e-06, -0.290377, 0.0, -0.956912, 5.812997, 0.0, 1.0, 0.0, 0.713375, 0.0, 0.0, 0.0, 1.0],
                [0.956067, 0.0, -0.293149, -5e-06, -0.293149, 0.0, -0.956067, 5.813286, 0.0, 1.0, 0.0, 0.713889, 0.0, 0.0, 0.0, 1.0],
                [0.955231, 0.0, -0.295861, -5e-06, -0.295861, 0.0, -0.955231, 5.813569, 0.0, 1.0, 0.0, 0.71441, 0.0, 0.0, 0.0, 1.0],
                [0.954405, 0.0, -0.298513, -5e-06, -0.298513, 0.0, -0.954405, 5.813847, 0.0, 1.0, 0.0, 0.714936, 0.0, 0.0, 0.0, 1.0],
                [0.953592, 0.0, -0.301103, -5e-06, -0.301103, 0.0, -0.953592, 5.814117, 0.0, 1.0, 0.0, 0.715466, 0.0, 0.0, 0.0, 1.0],
                [0.95279, 0.0, -0.303629, -5e-06, -0.303629, 0.0, -0.95279, 5.814382, 0.0, 1.0, 0.0, 0.715999, 0.0, 0.0, 0.0, 1.0],
                [0.952002, 0.0, -0.306091, -5e-06, -0.306091, 0.0, -0.952002, 5.81464, 0.0, 1.0, 0.0, 0.716533, 0.0, 0.0, 0.0, 1.0],
                [0.951229, 0.0, -0.308486, -5e-06, -0.308486, 0.0, -0.951229, 5.81489, 0.0, 1.0, 0.0, 0.717068, 0.0, 0.0, 0.0, 1.0],
                [0.950471, 0.0, -0.310813, -5e-06, -0.310813, 0.0, -0.950471, 5.815134, 0.0, 1.0, 0.0, 0.717601, 0.0, 0.0, 0.0, 1.0],
                [0.94973, 0.0, -0.31307, -5e-06, -0.31307, 0.0, -0.94973, 5.815371, 0.0, 1.0, 0.0, 0.718131, 0.0, 0.0, 0.0, 1.0],
                [0.949006, 0.0, -0.315257, -5e-06, -0.315257, 0.0, -0.949006, 5.8156, 0.0, 1.0, 0.0, 0.718657, 0.0, 0.0, 0.0, 1.0],
                [0.948301, 0.0, -0.317372, -5e-06, -0.317372, 0.0, -0.948301, 5.815821, 0.0, 1.0, 0.0, 0.719178, 0.0, 0.0, 0.0, 1.0],
                [0.947616, 0.0, -0.319413, -5e-06, -0.319413, 0.0, -0.947616, 5.816035, 0.0, 1.0, 0.0, 0.719692, 0.0, 0.0, 0.0, 1.0],
                [0.946951, 0.0, -0.321379, -5e-06, -0.321379, 0.0, -0.946951, 5.816241, 0.0, 1.0, 0.0, 0.720197, 0.0, 0.0, 0.0, 1.0],
                [0.946307, 0.0, -0.323268, -5e-06, -0.323268, 0.0, -0.946307, 5.81644, 0.0, 1.0, 0.0, 0.720693, 0.0, 0.0, 0.0, 1.0],
                [0.945687, 0.0, -0.32508, -5e-06, -0.32508, 0.0, -0.945687, 5.81663, 0.0, 1.0, 0.0, 0.721178, 0.0, 0.0, 0.0, 1.0],
                [0.94509, 0.0, -0.326812, -5e-06, -0.326812, 0.0, -0.94509, 5.816812, 0.0, 1.0, 0.0, 0.721651, 0.0, 0.0, 0.0, 1.0],
                [0.944517, 0.0, -0.328463, -5e-06, -0.328463, 0.0, -0.944517, 5.816986, 0.0, 1.0, 0.0, 0.722111, 0.0, 0.0, 0.0, 1.0],
                [0.94397, 0.0, -0.330032, -5e-06, -0.330032, 0.0, -0.94397, 5.817151, 0.0, 1.0, 0.0, 0.722555, 0.0, 0.0, 0.0, 1.0],
                [0.943449, 0.0, -0.331517, -5e-06, -0.331517, 0.0, -0.943449, 5.817307, 0.0, 1.0, 0.0, 0.722983, 0.0, 0.0, 0.0, 1.0],
                [0.942956, 0.0, -0.332917, -5e-06, -0.332917, 0.0, -0.942956, 5.817454, 0.0, 1.0, 0.0, 0.723393, 0.0, 0.0, 0.0, 1.0],
                [0.942491, 0.0, -0.334231, -5e-06, -0.334231, 0.0, -0.942491, 5.817593, 0.0, 1.0, 0.0, 0.723784, 0.0, 0.0, 0.0, 1.0],
                [0.942056, 0.0, -0.335456, -5e-06, -0.335456, 0.0, -0.942056, 5.817721, 0.0, 1.0, 0.0, 0.724155, 0.0, 0.0, 0.0, 1.0],
                [0.94165, 0.0, -0.336592, -5e-06, -0.336592, 0.0, -0.94165, 5.817841, 0.0, 1.0, 0.0, 0.724504, 0.0, 0.0, 0.0, 1.0],
                [0.941276, 0.0, -0.337638, -5e-06, -0.337638, 0.0, -0.941276, 5.817951, 0.0, 1.0, 0.0, 0.724829, 0.0, 0.0, 0.0, 1.0],
                [0.940934, 0.0, -0.33859, -5e-06, -0.33859, 0.0, -0.940934, 5.818051, 0.0, 1.0, 0.0, 0.725131, 0.0, 0.0, 0.0, 1.0],
                [0.940624, 0.0, -0.339449, -5e-06, -0.339449, 0.0, -0.940624, 5.818141, 0.0, 1.0, 0.0, 0.725406, 0.0, 0.0, 0.0, 1.0],
                [0.940349, 0.0, -0.340213, -5e-06, -0.340213, 0.0, -0.940349, 5.818222, 0.0, 1.0, 0.0, 0.725654, 0.0, 0.0, 0.0, 1.0],
                [0.940107, 0.0, -0.340879, -5e-06, -0.340879, 0.0, -0.940107, 5.818292, 0.0, 1.0, 0.0, 0.725873, 0.0, 0.0, 0.0, 1.0],
                [0.939901, 0.0, -0.341448, -5e-06, -0.341448, 0.0, -0.939901, 5.818352, 0.0, 1.0, 0.0, 0.726062, 0.0, 0.0, 0.0, 1.0],
                [0.93973, 0.0, -0.341916, -5e-06, -0.341916, 0.0, -0.93973, 5.818401, 0.0, 1.0, 0.0, 0.72622, 0.0, 0.0, 0.0, 1.0],
                [0.939597, 0.0, -0.342283, -5e-06, -0.342283, 0.0, -0.939597, 5.81844, 0.0, 1.0, 0.0, 0.726346, 0.0, 0.0, 0.0, 1.0],
                [0.939501, 0.0, -0.342547, -5e-06, -0.342547, 0.0, -0.939501, 5.818468, 0.0, 1.0, 0.0, 0.726437, 0.0, 0.0, 0.0, 1.0],
                [0.939442, 0.0, -0.342707, -5e-06, -0.342707, 0.0, -0.939442, 5.818484, 0.0, 1.0, 0.0, 0.726492, 0.0, 0.0, 0.0, 1.0],
                [0.939423, 0.0, -0.342761, -5e-06, -0.342761, 0.0, -0.939423, 5.81849, 0.0, 1.0, 0.0, 0.726511, 0.0, 0.0, 0.0, 1.0]
            ]
        },
        {
            "name": "Thigh_R",
            "time": [0.0, 0.0167, 0.0333, 0.05, 0.0667, 0.0833, 0.1, 0.1167, 0.1333, 0.15, 0.1667, 0.1833, 0.2, 0.2167, 0.2333, 0.25, 0.2667, 0.2833, 0.3, 0.3167, 0.3333, 0.35, 0.3667, 0.3833, 0.4, 0.4167, 0.4333, 0.45, 0.4667, 0.4833, 0.5, 0.5167, 0.5333, 0.55, 0.5667, 0.5833, 0.6, 0.6167, 0.6333, 0.65, 0.6667, 0.6833, 0.7, 0.7167, 0.7333, 0.75, 0.7667, 0.7833, 0.8, 0.8167, 0.8333, 0.85, 0.8667, 0.8833, 0.9, 0.9167, 0.9333, 0.95, 0.9667, 0.9833, 1.0, 1.0167, 1.0333, 1.05, 1.0667, 1.0833, 1.1, 1.1167, 1.1333, 1.15, 1.1667, 1.1833, 1.2, 1.2167, 1.2333, 1.25, 1.2667, 1.2833, 1.3, 1.3167, 1.3333, 1.35, 1.3667, 1.3833, 1.4, 1.4167, 1.4333, 1.45, 1.4667, 1.4833, 1.5, 1.5167, 1.5333, 1.55, 1.5667, 1.5833, 1.6, 1.6167, 1.6333, 1.65, 1.6667, 1.6833, 1.7, 1.7167, 1.7333, 1.75, 1.7667, 1.7833, 1.8, 1.8167, 1.8333, 1.85, 1.8667, 1.8833, 1.9, 1.9167, 1.9333, 1.95, 1.9667, 1.9833, 2.0, 2.0167, 2.0333, 2.05, 2.0667, 2.0833, 2.1, 2.1167, 2.1333, 2.15, 2.1667, 2.1833, 2.2, 2.2167, 2.2333, 2.25, 2.2667, 2.2833, 2.3, 2.3167, 2.3333, 2.35, 2.3667, 2.3833, 2.4, 2.4167, 2.4333, 2.45, 2.4667, 2.4833, 2.5, 2.5167, 2.5333, 2.55, 2.5667, 2.5833, 2.6, 2.6167, 2.6333, 2.65, 2.6667, 2.6833, 2.7, 2.7167, 2.7333, 2.75, 2.7667, 2.7833, 2.8, 2.8167, 2.8333, 2.85, 2.8667, 2.8833, 2.9, 2.9167, 2.9333, 2.95],
            "transform": [
                [0.800851, 0.513404, 0.308306, 0.124994, 0.057835, -0.578715, 0.813476, -0.002831, 0.596064, -0.633641, -0.493159, -1.2e-05, 0.0, 0.0, 0.0, 1.0],
                [0.800851, 0.513404, 0.308306, 0.124994, 0.057835, -0.578715, 0.813476, -0.002831, 0.596064, -0.633641, -0.493159, -1.2e-05, 0.0, 0.0, 0.0, 1.0],
                [0.800851, 0.513404, 0.308306, 0.124994, 0.057835, -0.578715, 0.813476, -0.002831, 0.596064, -0.633641, -0.493159, -1.2e-05, 0.0, 0.0, 0.0, 1.0],
                [0.800851, 0.513404, 0.308306, 0.124994, 0.057835, -0.578715, 0.813476, -0.002831, 0.596064, -0.633641, -0.493159, -1.2e-05, 0.0, 0.0, 0.0, 1.0],
                [0.800851, 0.513404, 0.308306, 0.124994, 0.057835, -0.578715, 0.813476, -0.002831, 0.596064, -0.633641, -0.493159, -1.2e-05, 0.0, 0.0, 0.0, 1.0],
                [0.800851, 0.513404, 0.308306, 0.124994, 0.057835, -0.578715, 0.813476, -0.002831, 0.596064, -0.633641, -0.493159, -1.2e-05, 0.0, 0.0, 0.0, 1.0],
                [0.800851, 0.513404, 0.308306, 0.124994, 0.057835, -0.578715, 0.813476, -0.002831, 0.596064, -0.633641, -0.493159, -1.2e-05, 0.0, 0.0, 0.0, 1.0],
                [0.800851, 0.513404, 0.308306, 0.124994, 0.057835, -0.578715, 0.813476, -0.002831, 0.596064, -0.633641, -0.493159, -1.2e-05, 0.0, 0.0, 0.0, 1.0],
                [0.800851, 0.513404, 0.308306, 0.124994, 0.057835, -0.578715, 0.813476, -0.002831, 0.596064, -0.633641, -0.493159, -1.2e-05, 0.0, 0.0, 0.0, 1.0],
                [0.800851, 0.513404, 0.308306, 0.124994, 0.057835, -0.578715, 0.813476, -0.002831, 0.596064, -0.633641, -0.493159, -1.2e-05, 0.0, 0.0, 0.0, 1.0],
                [0.800851, 0.513404, 0.308306, 0.124994, 0.057835, -0.578715, 0.813476, -0.002831, 0.596064, -0.633641, -0.493159, -1.2e-05, 0.0, 0.0, 0.0, 1.0],
                [0.796997, 0.488115, 0.355722, 0.124994, 0.117068, -0.702633, 0.701854, -0.002831, 0.592528, -0.517731, -0.617142, -1.2e-05, 0.0, 0.0, 0.0, 1.0],
                [0.804975, 0.384894, 0.451521, 0.124994, 0.263489, -0.913769, 0.309185, -0.002831, 0.53159, -0.129915, -0.836979, -1.2e-05, 0.0, 0.0, 0.0, 1.0],
                [0.849927, 0.214463, 0.481278, 0.124994, 0.37974, -0.882539, -0.277343, -0.002831, 0.365267, 0.418481, -0.831536, -1.2e-05, 0.0, 0.0, 0.0, 1.0],
                [0.905589, 0.09668, 0.41299, 0.124994, 0.376796, -0.63046, -0.678633, -0.002831, 0.194763, 0.770175, -0.607368, -1.2e-05, 0.0, 0.0, 0.0, 1.0],
                [0.939534, 0.075812, 0.333957, 0.124994, 0.326091, -0.495896, -0.80483, -0.002831, 0.104592, 0.865064, -0.490634, -1.2e-05, 0.0, 0.0, 0.0, 1.0],
                [0.95804, 0.095699, 0.270184, 0.124994, 0.280894, -0.50113, -0.818515, -0.002831, 0.057067, 0.860062, -0.506985, -1.2e-05, 0.0, 0.0, 0.0, 1.0],
                [0.971047, 0.114797, 0.209496, 0.124994, 0.238528, -0.514006, -0.823954, -0.002831, 0.013095, 0.850068, -0.526508, -1.2e-05, 0.0, 0.0, 0.0, 1.0],
                [0.979486, 0.13242, 0.151894, 0.124994, 0.199592, -0.533726, -0.821765, -0.002831, -0.027748, 0.835223, -0.549208, -1.2e-05, 0.0, 0.0, 0.0, 1.0],
                [0.98418, 0.148041, 0.09733, 0.124994, 0.16449, -0.559405, -0.812409, -0.002831, -0.065823, 0.815565, -0.574908, -1.2e-05, 0.0, 0.0, 0.0, 1.0],
                [0.98585, 0.161267, 0.045746, 0.124994, 0.133475, -0.590089, -0.796227, -0.002831, -0.101411, 0.791065, -0.603266, -1.2e-05, 0.0, 0.0, 0.0, 1.0],
                [0.985124, 0.171817, -0.002901, 0.124994, 0.106689, -0.624762, -0.773491, -0.002831, -0.134712, 0.761674, -0.633801, -1.2e-05, 0.0, 0.0, 0.0, 1.0],
                [0.982553, 0.179514, -0.048623, 0.124994, 0.084175, -0.662359, -0.744442, -0.002831, -0.165843, 0.727359, -0.665914, -1.2e-05, 0.0, 0.0, 0.0, 1.0],
                [0.978616, 0.184271, -0.091395, 0.124994, 0.065896, -0.701775, -0.709343, -0.002831, -0.194851, 0.688151, -0.698913, -1.2e-05, 0.0, 0.0, 0.0, 1.0],
                [0.973737, 0.186096, -0.131162, 0.124994, 0.051738, -0.741889, -0.668522, -0.002831, -0.221717, 0.644178, -0.732035, -1.2e-05, 0.0, 0.0, 0.0, 1.0],
                [0.968283, 0.185083, -0.167842, 0.124994, 0.041511, -0.781591, -0.622406, -0.002831, -0.246381, 0.595697, -0.764487, -1.2e-05, 0.0, 0.0, 0.0, 1.0],
                [0.962575, 0.18141, -0.201344, 0.124994, 0.034955, -0.819821, -0.57155, -0.002831, -0.268751, 0.543121, -0.795482, -1.2e-05, 0.0, 0.0, 0.0, 1.0],
                [0.956883, 0.175338, -0.231584, 0.124994, 0.031742, -0.855606, -0.51665, -0.002831, -0.288734, 0.487022, -0.824282, -1.2e-05, 0.0, 0.0, 0.0, 1.0],
                [0.951431, 0.167196, -0.258502, 0.124994, 0.031486, -0.888113, -0.458541, -0.002831, -0.306246, 0.428131, -0.850245, -1.2e-05, 0.0, 0.0, 0.0, 1.0],
                [0.946396, 0.15737, -0.282079, 0.124994, 0.03375, -0.916684, -0.398181, -0.002831, -0.321239, 0.367316, -0.87286, -1.2e-05, 0.0, 0.0, 0.0, 1.0],
                [0.941906, 0.146283, -0.302347, 0.124994, 0.03807, -0.940869, -0.33662, -0.002831, -0.333711, 0.305554, -0.891781, -1.2e-05, 0.0, 0.0, 0.0, 1.0],
                [0.938043, 0.134377, -0.319401, 0.124994, 0.043963, -0.960447, -0.274963, -0.002831, -0.343717, 0.243885, -0.906851, -1.2e-05, 0.0, 0.0, 0.0, 1.0],
                [0.934846, 0.122089, -0.333402, 0.124994, 0.050955, -0.975431, -0.214322, -0.002831, -0.351377, 0.18337, -0.918101, -1.2e-05, 0.0, 0.0, 0.0, 1.0],
                [0.932314, 0.109835, -0.344568, 0.124994, 0.058592, -0.98605, -0.155781, -0.002831, -0.356872, 0.125048, -0.925746, -1.2e-05, 0.0, 0.0, 0.0, 1.0],
                [0.930413, 0.09799, -0.35317, 0.124994, 0.066462, -0.992728, -0.100351, -0.002831, -0.360435, 0.069896, -0.930162, -1.2e-05, 0.0, 0.0, 0.0, 1.0],
                [0.929084, 0.086881, -0.359519, 0.124994, 0.0742, -0.996039, -0.048953, -0.002831, -0.362348, 0.018806, -0.931853, -1.2e-05, 0.0, 0.0, 0.0, 1.0],
                [0.928248, 0.076778, -0.363952, 0.124994, 0.081496, -0.996669, -0.002403, -0.002831, -0.362924, -0.02743, -0.931415, -1.2e-05, 0.0, 0.0, 0.0, 1.0],
                [0.927812, 0.067893, -0.366816, 0.124994, 0.088092, -0.995362, 0.038589, -0.002831, -0.362496, -0.068116, -0.929493, -1.2e-05, 0.0, 0.0, 0.0, 1.0],
                [0.92768, 0.060387, -0.368458, 0.124994, 0.093785, -0.992881, 0.073399, -0.002831, -0.361404, -0.102646, -0.926742, -1.2e-05, 0.0, 0.0, 0.0, 1.0],
                [0.927753, 0.054377, -0.369212, 0.124994, 0.098406, -0.989957, 0.101473, -0.002831, -0.359986, -0.130474, -0.923789, -1.2e-05, 0.0, 0.0, 0.0, 1.0],
                [0.927932, 0.049947, -0.369387, 0.124994, 0.101822, -0.987255, 0.122291, -0.002831, -0.358572, -0.151089, -0.921194, -1.2e-05, 0.0, 0.0, 0.0, 1.0],
                [0.928126, 0.047158, -0.369266, 0.124994, 0.10391, -0.985334, 0.135336, -0.002831, -0.357469, -0.163979, -0.919417, -1.2e-05, 0.0, 0.0, 0.0, 1.0],
                [0.928249, 0.046063, -0.369095, 0.124994, 0.10455, -0.984606, 0.140058, -0.002831, -0.356962, -0.168597, -0.918778, -1.2e-05, 0.0, 0.0, 0.0, 1.0],
                [0.928347, 0.04583, -0.368879, 0.124994, 0.104404, -0.984569, 0.140426, -0.002831, -0.356751, -0.168876, -0.918809, -1.2e-05, 0.0, 0.0, 0.0, 1.0],
                [0.928517, 0.045594, -0.36848, 0.124994, 0.104223, -0.984534, 0.140806, -0.002831, -0.356361, -0.169144, -0.918911, -1.2e-05, 0.0, 0.0, 0.0, 1.0],
                [0.928758, 0.045354, -0.3679, 0.124994, 0.104008, -0.984501, 0.141198, -0.002831, -0.355795, -0.169403, -0.919083, -1.2e-05, 0.0, 0.0, 0.0, 1.0],
                [0.929069, 0.045111, -0.367144, 0.124994, 0.103759, -0.984469, 0.141602, -0.002831, -0.355054, -0.169651, -0.919323, -1.2e-05, 0.0, 0.0, 0.0, 1.0],
                [0.929449, 0.044865, -0.366213, 0.124994, 0.103476, -0.984439, 0.142017, -0.002831, -0.354143, -0.169891, -0.919631, -1.2e-05, 0.0, 0.0, 0.0, 1.0],
                [0.929895, 0.044616, -0.365109, 0.124994, 0.10316, -0.984411, 0.142442, -0.002831, -0.353063, -0.17012, -0.920003, -1.2e-05, 0.0, 0.0, 0.0, 1.0],
                [0.930405, 0.044364, -0.363837, 0.124994, 0.102812, -0.984384, 0.142879, -0.002831, -0.351817, -0.170341, -0.92044, -1.2e-05, 0.0, 0.0, 0.0, 1.0],
                [0.930979, 0.04411, -0.362397, 0.124994, 0.102431, -0.984359, 0.143325, -0.002831, -0.350407, -0.170553, -0.920938, -1.2e-05, 0.0, 0.0, 0.0, 1.0],
                [0.931614, 0.043853, -0.360793, 0.124994, 0.102018, -0.984335, 0.143782, -0.002831, -0.348836, -0.170756, -0.921497, -1.2e-05, 0.0, 0.0, 0.0, 1.0],
                [0.932308, 0.043593, -0.359027, 0.124994, 0.101574, -0.984313, 0.144247, -0.002831, -0.347107, -0.17095, -0.922113, -1.2e-05, 0.0, 0.0, 0.0, 1.0],
                [0.93306, 0.04333, -0.357101, 0.124994, 0.101098, -0.984292, 0.144722, -0.002831, -0.345221, -0.171136, -0.922787, -1.2e-05, 0.0, 0.0, 0.0, 1.0],
                [0.933867, 0.043066, -0.355018, 0.124994, 0.100592, -0.984273, 0.145206, -0.002831, -0.343181, -0.171314, -0.923514, -1.2e-05, 0.0, 0.0, 0.0, 1.0],
                [0.934727, 0.042799, -0.352779, 0.124994, 0.100055, -0.984255, 0.145697, -0.002831, -0.340989, -0.171484, -0.924294, -1.2e-05, 0.0, 0.0, 0.0, 1.0],
                [0.935638, 0.042529, -0.350388, 0.124994, 0.099488, -0.984238, 0.146197, -0.002831, -0.338648, -0.171646, -0.925125, -1.2e-05, 0.0, 0.0, 0.0, 1.0],
                [0.936598, 0.042258, -0.347846, 0.124994, 0.098892, -0.984223, 0.146704, -0.002831, -0.336159, -0.171801, -0.926003, -1.2e-05, 0.0, 0.0, 0.0, 1.0],
                [0.937605, 0.041985, -0.345157, 0.124994, 0.098266, -0.984209, 0.147218, -0.002831, -0.333526, -0.171949, -0.926928, -1.2e-05, 0.0, 0.0, 0.0, 1.0],
                [0.938657, 0.041709, -0.342321, 0.124994, 0.097612, -0.984196, 0.147738, -0.002831, -0.330749, -0.172089, -0.927896, -1.1e-05, 0.0, 0.0, 0.0, 1.0],
                [0.93975, 0.041432, -0.339341, 0.124994, 0.096929, -0.984184, 0.148264, -0.002831, -0.327832, -0.172222, -0.928906, -1.1e-05, 0.0, 0.0, 0.0, 1.0],
                [0.940884, 0.041152, -0.33622, 0.124994, 0.096217, -0.984174, 0.148796, -0.002831, -0.324776, -0.172349, -0.929955, -1.2e-05, 0.0, 0.0, 0.0, 1.0],
                [0.942055, 0.040871, -0.332959, 0.124994, 0.095478, -0.984164, 0.149332, -0.002831, -0.321583, -0.172469, -0.931042, -1.2e-05, 0.0, 0.0, 0.0, 1.0],
                [0.943261, 0.040588, -0.329561, 0.124994, 0.094712, -0.984156, 0.149874, -0.002831, -0.318257, -0.172582, -0.932163, -1.1e-05, 0.0, 0.0, 0.0, 1.0],
                [0.9445, 0.040303, -0.326028, 0.124994, 0.093918, -0.984149, 0.150419, -0.002831, -0.314798, -0.17269, -0.933317, -1.2e-05, 0.0, 0.0, 0.0, 1.0],
                [0.94577, 0.040017, -0.322362, 0.124994, 0.093098, -0.984143, 0.150968, -0.002831, -0.311209, -0.172791, -0.934501, -1.2e-05, 0.0, 0.0, 0.0, 1.0],
                [0.947068, 0.039729, -0.318565, 0.124994, 0.092251, -0.984138, 0.15152, -0.002831, -0.307493, -0.172887, -0.935713, -1.2e-05, 0.0, 0.0, 0.0, 1.0],
                [0.948391, 0.039439, -0.31464, 0.124994, 0.091379, -0.984134, 0.152074, -0.002831, -0.303651, -0.172977, -0.93695, -1.1e-05, 0.0, 0.0, 0.0, 1.0],
                [0.949738, 0.039148, -0.310589, 0.124994, 0.090481, -0.984131, 0.152631, -0.002831, -0.299685, -0.173061, -0.938211, -1.2e-05, 0.0, 0.0, 0.0, 1.0],
                [0.951105, 0.038856, -0.306413, 0.124994, 0.089557, -0.984128, 0.153189, -0.002831, -0.295598, -0.17314, -0.939492, -1.2e-05, 0.0, 0.0, 0.0, 1.0],
                [0.952491, 0.038562, -0.302116, 0.124994, 0.08861, -0.984127, 0.153749, -0.002831, -0.291392, -0.173214, -0.940791, -1.2e-05, 0.0, 0.0, 0.0, 1.0],
                [0.953892, 0.038266, -0.2977, 0.124994, 0.087638, -0.984126, 0.154309, -0.002831, -0.28707, -0.173283, -0.942106, -1.2e-05, 0.0, 0.0, 0.0, 1.0],
                [0.955307, 0.037969, -0.293166, 0.124994, 0.086642, -0.984126, 0.154869, -0.002831, -0.282632, -0.173347, -0.943435, -1.2e-05, 0.0, 0.0, 0.0, 1.0],
                [0.956733, 0.037671, -0.288517, 0.124994, 0.085622, -0.984127, 0.155429, -0.002831, -0.278083, -0.173406, -0.944775, -1.2e-05, 0.0, 0.0, 0.0, 1.0],
                [0.958168, 0.037372, -0.283756, 0.124994, 0.08458, -0.984129, 0.155987, -0.002831, -0.273423, -0.173461, -0.946124, -1.2e-05, 0.0, 0.0, 0.0, 1.0],
                [0.959608, 0.037072, -0.278884, 0.124994, 0.083515, -0.984132, 0.156545, -0.002831, -0.268656, -0.173512, -0.94748, -1.2e-05, 0.0, 0.0, 0.0, 1.0],
                [0.961053, 0.03677, -0.273905, 0.124994, 0.082428, -0.984135, 0.1571, -0.002831, -0.263783, -0.173558, -0.948839, -1.2e-05, 0.0, 0.0, 0.0, 1.0],
                [0.962499, 0.036468, -0.268821, 0.124994, 0.08132, -0.984138, 0.157653, -0.002831, -0.258808, -0.173601, -0.950201, -1.2e-05, 0.0, 0.0, 0.0, 1.0],
                [0.963944, 0.036164, -0.263633, 0.124994, 0.08019, -0.984143, 0.158203, -0.002831, -0.253732, -0.173639, -0.951562, -1.2e-05, 0.0, 0.0, 0.0, 1.0],
                [0.965386, 0.035859, -0.258345, 0.124994, 0.079039, -0.984148, 0.15875, -0.002831, -0.248558, -0.173674, -0.95292, -1.2e-05, 0.0, 0.0, 0.0, 1.0],
                [0.966823, 0.035554, -0.25296, 0.124994, 0.077869, -0.984153, 0.159293, -0.002831, -0.243288, -0.173705, -0.954274, -1.2e-05, 0.0, 0.0, 0.0, 1.0],
                [0.968252, 0.035247, -0.247479, 0.124994, 0.076678, -0.98416, 0.159832, -0.002831, -0.237925, -0.173733, -0.95562, -1.2e-05, 0.0, 0.0, 0.0, 1.0],
                [0.96967, 0.03494, -0.241905, 0.124994, 0.075469, -0.984166, 0.160366, -0.002831, -0.232472, -0.173758, -0.956956, -1.2e-05, 0.0, 0.0, 0.0, 1.0],
                [0.971077, 0.034631, -0.236241, 0.124994, 0.074241, -0.984173, 0.160895, -0.002831, -0.226931, -0.173779, -0.958282, -1.2e-05, 0.0, 0.0, 0.0, 1.0],
                [0.972469, 0.034322, -0.23049, 0.124994, 0.072995, -0.984181, 0.161418, -0.002831, -0.221304, -0.173797, -0.959593, -1.2e-05, 0.0, 0.0, 0.0, 1.0],
                [0.973844, 0.034013, -0.224654, 0.124994, 0.071731, -0.984189, 0.161935, -0.002831, -0.215595, -0.173813, -0.960889, -1.2e-05, 0.0, 0.0, 0.0, 1.0],
                [0.975201, 0.033702, -0.218736, 0.124994, 0.07045, -0.984197, 0.162445, -0.002831, -0.209805, -0.173826, -0.962168, -1.2e-05, 0.0, 0.0, 0.0, 1.0],
