{
    "animation": [
        {
            "name": "Root",
            "time": [0.0, 0.0167, 0.0333, 0.05, 0.0667, 0.0833, 0.1, 0.1167, 0.1333, 0.15, 0.1667, 0.1833, 0.2, 0.2167, 0.2333, 0.25, 0.2667, 0.2833, 0.3, 0.3167, 0.3333, 0.35, 0.3667, 0.3833, 0.4, 0.4167, 0.4333, 0.45, 0.4667, 0.4833, 0.5, 0.5167, 0.5333, 0.55, 0.5667, 0.5833, 0.6, 0.6167, 0.6333, 0.65, 0.6667, 0.6833, 0.7, 0.7167, 0.7333, 0.75, 0.7667, 0.7833, 0.8, 0.8167, 0.8333, 0.85, 0.8667, 0.8833, 0.9, 0.9167, 0.9333, 0.95, 0.9667, 0.9833, 1.0, 1.0167, 1.0333, 1.05, 1.0667, 1.0833, 1.1, 1.1167, 1.1333, 1.15, 1.1667, 1.1833, 1.2, 1.2167, 1.2333, 1.25, 1.2667, 1.2833, 1.3, 1.3167, 1.3333, 1.35, 1.3667, 1.3833, 1.4, 1.4167, 1.4333, 1.45, 1.4667, 1.4833, 1.5, 1.5167, 1.5333, 1.55, 1.5667, 1.5833, 1.6, 1.6167, 1.6333, 1.65, 1.6667, 1.6833, 1.7, 1.7167, 1.7333, 1.75, 1.7667, 1.7833, 1.8, 1.8167, 1.8333, 1.85, 1.8667, 1.8833, 1.9, 1.9167, 1.9333, 1.95, 1.9667, 1.9833, 2.0, 2.3333],
            "transform": [
                [-0.796554, 0.0, -0.604568, -0.078562, -0.604568, 0.0, 0.796554, 5.358069, 0.0, 1.0, 0.0, 0.763972, 0.0, 0.0, 0.0, 1.0],
                [-0.799008, 0.0, -0.601321, -0.076363, -0.601321, 0.0, 0.799008, 5.358275, 0.0, 1.0, 0.0, 0.758372, 0.0, 0.0, 0.0, 1.0],
                [-0.807165, 0.0, -0.590326, -0.070392, -0.590326, 0.0, 0.807165, 5.359715, 0.0, 1.0, 0.0, 0.743172, 0.0, 0.0, 0.0, 1.0],
                [-0.821966, 0.0, -0.569537, -0.061594, -0.569537, 0.0, 0.821966, 5.363623, 0.0, 1.0, 0.0, 0.720772, 0.0, 0.0, 0.0, 1.0],
                [-0.843877, 0.0, -0.536537, -0.05091, -0.536537, 0.0, 0.843877, 5.371233, 0.0, 1.0, 0.0, 0.693572, 0.0, 0.0, 0.0, 1.0],
                [-0.872642, 0.0, -0.488361, -0.039283, -0.488361, 0.0, 0.872642, 5.383781, 0.0, 1.0, 0.0, 0.663972, 0.0, 0.0, 0.0, 1.0],
                [-0.906894, 0.0, -0.421359, -0.027657, -0.421359, 0.0, 0.906894, 5.402499, 0.0, 1.0, 0.0, 0.634372, 0.0, 0.0, 0.0, 1.0],
                [-0.943551, 0.0, -0.331227, -0.016973, -0.331227, 0.0, 0.943551, 5.428621, 0.0, 1.0, 0.0, 0.607172, 0.0, 0.0, 0.0, 1.0],
                [-0.976964, 0.0, -0.213403, -0.008175, -0.213403, 0.0, 0.976964, 5.463383, 0.0, 1.0, 0.0, 0.584772, 0.0, 0.0, 0.0, 1.0],
                [-0.997939, 0.0, -0.06417, -0.002204, -0.06417, 0.0, 0.997939, 5.508018, 0.0, 1.0, 0.0, 0.569572, 0.0, 0.0, 0.0, 1.0],
                [-0.993119, 0.0, 0.117106, -5e-06, 0.117106, 0.0, 0.993119, 5.56376, 0.0, 1.0, 0.0, 0.563972, 0.0, 0.0, 0.0, 1.0],
                [-0.943929, 0.0, 0.330148, -5e-06, 0.330148, 0.0, 0.943929, 5.634743, 0.0, 1.0, 0.0, 0.563972, 0.0, 0.0, 0.0, 1.0],
                [-0.820186, 0.0, 0.572096, -5e-06, 0.572096, 0.0, 0.820186, 5.720746, 0.0, 1.0, 0.0, 0.563972, 0.0, 0.0, 0.0, 1.0],
                [-0.583876, 0.0, 0.811843, -5e-06, 0.811843, 0.0, 0.583876, 5.81647, 0.0, 1.0, 0.0, 0.563972, 0.0, 0.0, 0.0, 1.0],
                [-0.218098, 0.0, 0.975927, -5e-06, 0.975927, 0.0, 0.218098, 5.916618, 0.0, 1.0, 0.0, 0.563972, 0.0, 0.0, 0.0, 1.0],
                [0.222346, 0.0, 0.974968, -5e-06, 0.974968, 0.0, -0.222346, 6.015895, 0.0, 1.0, 0.0, 0.563972, 0.0, 0.0, 0.0, 1.0],
                [0.612775, 0.0, 0.790257, -5e-06, 0.790257, 0.0, -0.612775, 6.108999, 0.0, 1.0, 0.0, 0.563972, 0.0, 0.0, 0.0, 1.0],
                [0.860515, 0.0, 0.509424, -5e-06, 0.509424, 0.0, -0.860515, 6.190636, 0.0, 1.0, 0.0, 0.563972, 0.0, 0.0, 0.0, 1.0],
                [0.970362, 0.0, 0.241654, -5e-06, 0.241654, 0.0, -0.970362, 6.255507, 0.0, 1.0, 0.0, 0.563972, 0.0, 0.0, 0.0, 1.0],
                [0.99893, 0.0, 0.046247, -5e-06, 0.046247, 0.0, -0.99893, 6.298314, 0.0, 1.0, 0.0, 0.563972, 0.0, 0.0, 0.0, 1.0],
                [0.998253, 0.0, -0.059078, -5e-06, -0.059078, 0.0, -0.998253, 6.31376, 0.0, 1.0, 0.0, 0.563972, 0.0, 0.0, 0.0, 1.0],
                [0.993485, 0.0, -0.113963, -5e-06, -0.113963, 0.0, -0.993485, 6.31376, 0.0, 1.0, 0.0, 0.563972, 0.0, 0.0, 0.0, 1.0],
                [0.986626, 0.0, -0.163002, -5e-06, -0.163002, 0.0, -0.986626, 6.31376, 0.0, 1.0, 0.0, 0.563972, 0.0, 0.0, 0.0, 1.0],
                [0.978447, 0.0, -0.206497, -5e-06, -0.206497, 0.0, -0.978447, 6.31376, 0.0, 1.0, 0.0, 0.563972, 0.0, 0.0, 0.0, 1.0],
                [0.969572, 0.0, -0.244805, -5e-06, -0.244805, 0.0, -0.969572, 6.31376, 0.0, 1.0, 0.0, 0.563972, 0.0, 0.0, 0.0, 1.0],
                [0.960492, 0.0, -0.278308, -5e-06, -0.278308, 0.0, -0.960492, 6.31376, 0.0, 1.0, 0.0, 0.563972, 0.0, 0.0, 0.0, 1.0],
                [0.951582, 0.0, -0.307394, -5e-06, -0.307394, 0.0, -0.951582, 6.31376, 0.0, 1.0, 0.0, 0.563972, 0.0, 0.0, 0.0, 1.0],
                [0.943122, 0.0, -0.332447, -5e-06, -0.332447, 0.0, -0.943122, 6.31376, 0.0, 1.0, 0.0, 0.563972, 0.0, 0.0, 0.0, 1.0],
                [0.935309, 0.0, -0.353833, -5e-06, -0.353833, 0.0, -0.935309, 6.31376, 0.0, 1.0, 0.0, 0.563972, 0.0, 0.0, 0.0, 1.0],
                [0.928272, 0.0, -0.371902, -5e-06, -0.371902, 0.0, -0.928272, 6.31376, 0.0, 1.0, 0.0, 0.563972, 0.0, 0.0, 0.0, 1.0],
                [0.922088, 0.0, -0.386981, -5e-06, -0.386981, 0.0, -0.922088, 6.31376, 0.0, 1.0, 0.0, 0.563972, 0.0, 0.0, 0.0, 1.0],
                [0.916785, 0.0, -0.39938, -5e-06, -0.39938, 0.0, -0.916785, 6.31376, 0.0, 1.0, 0.0, 0.563972, 0.0, 0.0, 0.0, 1.0],
                [0.912359, 0.0, -0.409391, -5e-06, -0.409391, 0.0, -0.912359, 6.31376, 0.0, 1.0, 0.0, 0.563972, 0.0, 0.0, 0.0, 1.0],
                [0.908774, 0.0, -0.417288, -5e-06, -0.417288, 0.0, -0.908774, 6.31376, 0.0, 1.0, 0.0, 0.563972, 0.0, 0.0, 0.0, 1.0],
                [0.905973, 0.0, -0.423336, -5e-06, -0.423336, 0.0, -0.905973, 6.31376, 0.0, 1.0, 0.0, 0.563972, 0.0, 0.0, 0.0, 1.0],
                [0.903879, 0.0, -0.427788, -5e-06, -0.427788, 0.0, -0.903879, 6.31376, 0.0, 1.0, 0.0, 0.563972, 0.0, 0.0, 0.0, 1.0],
                [0.902404, 0.0, -0.430892, -5e-06, -0.430892, 0.0, -0.902404, 6.31376, 0.0, 1.0, 0.0, 0.563972, 0.0, 0.0, 0.0, 1.0],
                [0.901447, 0.0, -0.432889, -5e-06, -0.432889, 0.0, -0.901447, 6.31376, 0.0, 1.0, 0.0, 0.563972, 0.0, 0.0, 0.0, 1.0],
                [0.900904, 0.0, -0.434019, -5e-06, -0.434019, 0.0, -0.900904, 6.31376, 0.0, 1.0, 0.0, 0.563972, 0.0, 0.0, 0.0, 1.0],
                [0.900661, 0.0, -0.434522, -5e-06, -0.434522, 0.0, -0.900661, 6.31376, 0.0, 1.0, 0.0, 0.563972, 0.0, 0.0, 0.0, 1.0],
                [0.900606, 0.0, -0.434637, -5e-06, -0.434637, 0.0, -0.900606, 6.31376, 0.0, 1.0, 0.0, 0.563972, 0.0, 0.0, 0.0, 1.0],
                [0.901035, 0.0, -0.433747, -5e-06, -0.433747, 0.0, -0.901035, 6.317535, 0.0, 1.0, 0.0, 0.564426, 0.0, 0.0, 0.0, 1.0],
                [0.902284, 0.0, -0.431142, -5e-06, -0.431142, 0.0, -0.902284, 6.328162, 0.0, 1.0, 0.0, 0.565755, 0.0, 0.0, 0.0, 1.0],
                [0.904293, 0.0, -0.426911, -5e-06, -0.426911, 0.0, -0.904293, 6.344595, 0.0, 1.0, 0.0, 0.567907, 0.0, 0.0, 0.0, 1.0],
                [0.906995, 0.0, -0.421142, -5e-06, -0.421142, 0.0, -0.906995, 6.365788, 0.0, 1.0, 0.0, 0.57083, 0.0, 0.0, 0.0, 1.0],
                [0.910315, 0.0, -0.413917, -5e-06, -0.413917, 0.0, -0.910315, 6.390696, 0.0, 1.0, 0.0, 0.574474, 0.0, 0.0, 0.0, 1.0],
                [0.914177, 0.0, -0.405315, -5e-06, -0.405315, 0.0, -0.914177, 6.418272, 0.0, 1.0, 0.0, 0.578786, 0.0, 0.0, 0.0, 1.0],
                [0.918502, 0.0, -0.395417, -5e-06, -0.395417, 0.0, -0.918502, 6.447472, 0.0, 1.0, 0.0, 0.583716, 0.0, 0.0, 0.0, 1.0],
                [0.923208, 0.0, -0.384302, -5e-06, -0.384302, 0.0, -0.923208, 6.477247, 0.0, 1.0, 0.0, 0.589212, 0.0, 0.0, 0.0, 1.0],
                [0.928212, 0.0, -0.372051, -5e-06, -0.372051, 0.0, -0.928212, 6.506554, 0.0, 1.0, 0.0, 0.595222, 0.0, 0.0, 0.0, 1.0],
                [0.933434, 0.0, -0.358749, -5e-06, -0.358749, 0.0, -0.933434, 6.534346, 0.0, 1.0, 0.0, 0.601694, 0.0, 0.0, 0.0, 1.0],
                [0.938793, 0.0, -0.344482, -5e-06, -0.344482, 0.0, -0.938793, 6.559576, 0.0, 1.0, 0.0, 0.608579, 0.0, 0.0, 0.0, 1.0],
                [0.944212, 0.0, -0.32934, -5e-06, -0.32934, 0.0, -0.944212, 6.5812, 0.0, 1.0, 0.0, 0.615823, 0.0, 0.0, 0.0, 1.0],
                [0.949615, 0.0, -0.313417, -5e-06, -0.313417, 0.0, -0.949615, 6.598489, 0.0, 1.0, 0.0, 0.623377, 0.0, 0.0, 0.0, 1.0],
                [0.954935, 0.0, -0.296814, -5e-06, -0.296814, 0.0, -0.954935, 6.61199, 0.0, 1.0, 0.0, 0.631187, 0.0, 0.0, 0.0, 1.0],
                [0.960107, 0.0, -0.279633, -5e-06, -0.279633, 0.0, -0.960107, 6.622566, 0.0, 1.0, 0.0, 0.639203, 0.0, 0.0, 0.0, 1.0],
                [0.965072, 0.0, -0.261984, -5e-06, -0.261984, 0.0, -0.965072, 6.631081, 0.0, 1.0, 0.0, 0.647373, 0.0, 0.0, 0.0, 1.0],
                [0.969781, 0.0, -0.243978, -5e-06, -0.243978, 0.0, -0.969781, 6.638399, 0.0, 1.0, 0.0, 0.655647, 0.0, 0.0, 0.0, 1.0],
                [0.974189, 0.0, -0.225732, -5e-06, -0.225732, 0.0, -0.974189, 6.645385, 0.0, 1.0, 0.0, 0.663972, 0.0, 0.0, 0.0, 1.0],
                [0.978263, 0.0, -0.207367, -5e-06, -0.207367, 0.0, -0.978263, 6.652901, 0.0, 1.0, 0.0, 0.672296, 0.0, 0.0, 0.0, 1.0],
                [0.981976, 0.0, -0.189007, -5e-06, -0.189007, 0.0, -0.981976, 6.661812, 0.0, 1.0, 0.0, 0.68057, 0.0, 0.0, 0.0, 1.0],
                [0.98531, 0.0, -0.170778, -5e-06, -0.170778, 0.0, -0.98531, 6.672779, 0.0, 1.0, 0.0, 0.68874, 0.0, 0.0, 0.0, 1.0],
                [0.988256, 0.0, -0.152808, -5e-06, -0.152808, 0.0, -0.988256, 6.685644, 0.0, 1.0, 0.0, 0.696756, 0.0, 0.0, 0.0, 1.0],
                [0.990815, 0.0, -0.135225, -5e-06, -0.135225, 0.0, -0.990815, 6.700049, 0.0, 1.0, 0.0, 0.704567, 0.0, 0.0, 0.0, 1.0],
                [0.992994, 0.0, -0.118161, -5e-06, -0.118161, 0.0, -0.992994, 6.715634, 0.0, 1.0, 0.0, 0.71212, 0.0, 0.0, 0.0, 1.0],
                [0.994811, 0.0, -0.101745, -5e-06, -0.101745, 0.0, -0.994811, 6.73204, 0.0, 1.0, 0.0, 0.719364, 0.0, 0.0, 0.0, 1.0],
                [0.996286, 0.0, -0.086106, -5e-06, -0.086106, 0.0, -0.996286, 6.748906, 0.0, 1.0, 0.0, 0.726249, 0.0, 0.0, 0.0, 1.0],
                [0.99745, 0.0, -0.071372, -5e-06, -0.071372, 0.0, -0.99745, 6.765872, 0.0, 1.0, 0.0, 0.732722, 0.0, 0.0, 0.0, 1.0],
                [0.998336, 0.0, -0.057672, -5e-06, -0.057672, 0.0, -0.998336, 6.78258, 0.0, 1.0, 0.0, 0.738732, 0.0, 0.0, 0.0, 1.0],
                [0.998981, 0.0, -0.045129, -5e-06, -0.045129, 0.0, -0.998981, 6.798669, 0.0, 1.0, 0.0, 0.744227, 0.0, 0.0, 0.0, 1.0],
                [0.999426, 0.0, -0.033869, -5e-06, -0.033869, 0.0, -0.999426, 6.81378, 0.0, 1.0, 0.0, 0.749157, 0.0, 0.0, 0.0, 1.0],
                [0.999712, 0.0, -0.024014, -5e-06, -0.024014, 0.0, -0.999712, 6.827553, 0.0, 1.0, 0.0, 0.753469, 0.0, 0.0, 0.0, 1.0],
                [0.999877, 0.0, -0.015684, -5e-06, -0.015684, 0.0, -0.999877, 6.839629, 0.0, 1.0, 0.0, 0.757113, 0.0, 0.0, 0.0, 1.0],
                [0.99996, 0.0, -0.008999, -5e-06, -0.008999, 0.0, -0.99996, 6.849647, 0.0, 1.0, 0.0, 0.760036, 0.0, 0.0, 0.0, 1.0],
                [0.999992, 0.0, -0.004078, -5e-06, -0.004078, 0.0, -0.999992, 6.857248, 0.0, 1.0, 0.0, 0.762188, 0.0, 0.0, 0.0, 1.0],
                [0.999999, 0.0, -0.001039, -5e-06, -0.001039, 0.0, -0.999999, 6.862072, 0.0, 1.0, 0.0, 0.763517, 0.0, 0.0, 0.0, 1.0],
                [1.0, 0.0, 0.0, -5e-06, 0.0, 0.0, -1.0, 6.86376, 0.0, 1.0, 0.0, 0.763972, 0.0, 0.0, 0.0, 1.0],
                [1.0, 0.0, 0.0, -5e-06, 0.0, 0.0, -1.0, 6.86376, 0.0, 1.0, 0.0, 0.763972, 0.0, 0.0, 0.0, 1.0],
                [1.0, 0.0, 0.0, -5e-06, 0.0, 0.0, -1.0, 6.86376, 0.0, 1.0, 0.0, 0.763972, 0.0, 0.0, 0.0, 1.0],
                [1.0, 0.0, 0.0, -5e-06, 0.0, 0.0, -1.0, 6.86376, 0.0, 1.0, 0.0, 0.763972, 0.0, 0.0, 0.0, 1.0],
                [1.0, 0.0, 0.0, -5e-06, 0.0, 0.0, -1.0, 6.86376, 0.0, 1.0, 0.0, 0.763972, 0.0, 0.0, 0.0, 1.0],
                [1.0, 0.0, 0.0, -5e-06, 0.0, 0.0, -1.0, 6.86376, 0.0, 1.0, 0.0, 0.763972, 0.0, 0.0, 0.0, 1.0],
                [1.0, 0.0, 0.0, -5e-06, 0.0, 0.0, -1.0, 6.86376, 0.0, 1.0, 0.0, 0.763972, 0.0, 0.0, 0.0, 1.0],
                [1.0, 0.0, 0.0, -5e-06, 0.0, 0.0, -1.0, 6.86376, 0.0, 1.0, 0.0, 0.763972, 0.0, 0.0, 0.0, 1.0],
                [1.0, 0.0, 0.0, -5e-06, 0.0, 0.0, -1.0, 6.86376, 0.0, 1.0, 0.0, 0.763972, 0.0, 0.0, 0.0, 1.0],
                [1.0, 0.0, 0.0, -5e-06, 0.0, 0.0, -1.0, 6.86376, 0.0, 1.0, 0.0, 0.763972, 0.0, 0.0, 0.0, 1.0],
                [1.0, 0.0, 0.0, -5e-06, 0.0, 0.0, -1.0, 6.86376, 0.0, 1.0, 0.0, 0.763972, 0.0, 0.0, 0.0, 1.0],
                [1.0, 0.0, 0.0, -5e-06, 0.0, 0.0, -1.0, 6.86376, 0.0, 1.0, 0.0, 0.763972, 0.0, 0.0, 0.0, 1.0],
                [1.0, 0.0, 0.0, -5e-06, 0.0, 0.0, -1.0, 6.86376, 0.0, 1.0, 0.0, 0.763972, 0.0, 0.0, 0.0, 1.0],
                [1.0, 0.0, 0.0, -5e-06, 0.0, 0.0, -1.0, 6.86376, 0.0, 1.0, 0.0, 0.763972, 0.0, 0.0, 0.0, 1.0],
                [1.0, 0.0, 0.0, -5e-06, 0.0, 0.0, -1.0, 6.86376, 0.0, 1.0, 0.0, 0.763972, 0.0, 0.0, 0.0, 1.0],
                [1.0, 0.0, 0.0, -5e-06, 0.0, 0.0, -1.0, 6.86376, 0.0, 1.0, 0.0, 0.763972, 0.0, 0.0, 0.0, 1.0],
                [1.0, 0.0, 0.0, -5e-06, 0.0, 0.0, -1.0, 6.86376, 0.0, 1.0, 0.0, 0.763972, 0.0, 0.0, 0.0, 1.0],
                [1.0, 0.0, 0.0, -5e-06, 0.0, 0.0, -1.0, 6.86376, 0.0, 1.0, 0.0, 0.763972, 0.0, 0.0, 0.0, 1.0],
                [1.0, 0.0, 0.0, -5e-06, 0.0, 0.0, -1.0, 6.86376, 0.0, 1.0, 0.0, 0.763972, 0.0, 0.0, 0.0, 1.0],
                [1.0, 0.0, 0.0, -5e-06, 0.0, 0.0, -1.0, 6.86376, 0.0, 1.0, 0.0, 0.763972, 0.0, 0.0, 0.0, 1.0],
                [1.0, 0.0, 0.0, -5e-06, 0.0, 0.0, -1.0, 6.86376, 0.0, 1.0, 0.0, 0.763972, 0.0, 0.0, 0.0, 1.0],
                [1.0, 0.0, 0.0, -5e-06, 0.0, 0.0, -1.0, 6.86376, 0.0, 1.0, 0.0, 0.763972, 0.0, 0.0, 0.0, 1.0],
                [1.0, 0.0, 0.0, -5e-06, 0.0, 0.0, -1.0, 6.86376, 0.0, 1.0, 0.0, 0.763972, 0.0, 0.0, 0.0, 1.0],
                [1.0, 0.0, 0.0, -5e-06, 0.0, 0.0, -1.0, 6.86376, 0.0, 1.0, 0.0, 0.763972, 0.0, 0.0, 0.0, 1.0],
                [1.0, 0.0, 0.0, -5e-06, 0.0, 0.0, -1.0, 6.86376, 0.0, 1.0, 0.0, 0.763972, 0.0, 0.0, 0.0, 1.0],
                [1.0, 0.0, 0.0, -5e-06, 0.0, 0.0, -1.0, 6.86376, 0.0, 1.0, 0.0, 0.763972, 0.0, 0.0, 0.0, 1.0],
                [1.0, 0.0, 0.0, -5e-06, 0.0, 0.0, -1.0, 6.86376, 0.0, 1.0, 0.0, 0.763972, 0.0, 0.0, 0.0, 1.0],
                [1.0, 0.0, 0.0, -5e-06, 0.0, 0.0, -1.0, 6.86376, 0.0, 1.0, 0.0, 0.763972, 0.0, 0.0, 0.0, 1.0],
                [1.0, 0.0, 0.0, -5e-06, 0.0, 0.0, -1.0, 6.86376, 0.0, 1.0, 0.0, 0.763972, 0.0, 0.0, 0.0, 1.0],
                [1.0, 0.0, 0.0, -5e-06, 0.0, 0.0, -1.0, 6.86376, 0.0, 1.0, 0.0, 0.763972, 0.0, 0.0, 0.0, 1.0],
                [1.0, 0.0, 0.0, -5e-06, 0.0, 0.0, -1.0, 6.86376, 0.0, 1.0, 0.0, 0.763972, 0.0, 0.0, 0.0, 1.0],
                [1.0, 0.0, 0.0, -5e-06, 0.0, 0.0, -1.0, 6.86376, 0.0, 1.0, 0.0, 0.763972, 0.0, 0.0, 0.0, 1.0],
                [1.0, 0.0, 0.0, -5e-06, 0.0, 0.0, -1.0, 6.86376, 0.0, 1.0, 0.0, 0.763972, 0.0, 0.0, 0.0, 1.0],
                [1.0, 0.0, 0.0, -5e-06, 0.0, 0.0, -1.0, 6.86376, 0.0, 1.0, 0.0, 0.763972, 0.0, 0.0, 0.0, 1.0],
                [1.0, 0.0, 0.0, -5e-06, 0.0, 0.0, -1.0, 6.86376, 0.0, 1.0, 0.0, 0.763972, 0.0, 0.0, 0.0, 1.0],
                [1.0, 0.0, 0.0, -5e-06, 0.0, 0.0, -1.0, 6.86376, 0.0, 1.0, 0.0, 0.763972, 0.0, 0.0, 0.0, 1.0],
                [1.0, 0.0, 0.0, -5e-06, 0.0, 0.0, -1.0, 6.86376, 0.0, 1.0, 0.0, 0.763972, 0.0, 0.0, 0.0, 1.0],
                [1.0, 0.0, 0.0, -5e-06, 0.0, 0.0, -1.0, 6.86376, 0.0, 1.0, 0.0, 0.763972, 0.0, 0.0, 0.0, 1.0],
                [1.0, 0.0, 0.0, -5e-06, 0.0, 0.0, -1.0, 6.86376, 0.0, 1.0, 0.0, 0.763972, 0.0, 0.0, 0.0, 1.0],
                [1.0, 0.0, 0.0, -5e-06, 0.0, 0.0, -1.0, 6.86376, 0.0, 1.0, 0.0, 0.763972, 0.0, 0.0, 0.0, 1.0],
                [1.0, 0.0, 0.0, -5e-06, 0.0, 0.0, -1.0, 6.86376, 0.0, 1.0, 0.0, 0.763972, 0.0, 0.0, 0.0, 1.0],
                [1.0, 0.0, 0.0, -5e-06, 0.0, 0.0, -1.0, 6.86376, 0.0, 1.0, 0.0, 0.763972, 0.0, 0.0, 0.0, 1.0],
                [1.0, 0.0, 0.0, -5e-06, 0.0, 0.0, -1.0, 6.86376, 0.0, 1.0, 0.0, 0.763972, 0.0, 0.0, 0.0, 1.0],
                [1.0, 0.0, 0.0, -5e-06, 0.0, 0.0, -1.0, 6.86376, 0.0, 1.0, 0.0, 0.763972, 0.0, 0.0, 0.0, 1.0],
                [1.0, 0.0, 0.0, -5e-06, 0.0, 0.0, -1.0, 6.86376, 0.0, 1.0, 0.0, 0.763972, 0.0, 0.0, 0.0, 1.0],
                [1.0, 0.0, 0.0, -5e-06, 0.0, 0.0, -1.0, 6.86376, 0.0, 1.0, 0.0, 0.763972, 0.0, 0.0, 0.0, 1.0]
            ]
        },
        {
            "name": "Thigh_R",
            "time": [0.0, 0.0167, 0.0333, 0.05, 0.0667, 0.0833, 0.1, 0.1167, 0.1333, 0.15, 0.1667, 0.1833, 0.2, 0.2167, 0.2333, 0.25, 0.2667, 0.2833, 0.3, 0.3167, 0.3333, 0.35, 0.3667, 0.3833, 0.4, 0.4167, 0.4333, 0.45, 0.4667, 0.4833, 0.5, 0.5167, 0.5333, 0.55, 0.5667, 0.5833, 0.6, 0.6167, 0.6333, 0.65, 0.6667, 0.6833, 0.7, 0.7167, 0.7333, 0.75, 0.7667, 0.7833, 0.8, 0.8167, 0.8333, 0.85, 0.8667, 0.8833, 0.9, 0.9167, 0.9333, 0.95, 0.9667, 0.9833, 1.0, 1.0167, 1.0333, 1.05, 1.0667, 1.0833, 1.1, 1.1167, 1.1333, 1.15, 1.1667, 1.1833, 1.2, 1.2167, 1.2333, 1.25, 1.2667, 1.2833, 1.3, 1.3167, 1.3333, 1.35, 1.3667, 1.3833, 1.4, 1.4167, 1.4333, 1.45, 1.4667, 1.4833, 1.5, 1.5167, 1.5333, 1.55, 1.5667, 1.5833, 1.6, 1.6167, 1.6333, 1.65, 1.6667, 1.6833, 1.7, 1.7167, 1.7333, 1.75, 1.7667, 1.7833, 1.8, 1.8167, 1.8333, 1.85, 1.8667, 1.8833, 1.9, 1.9167, 1.9333, 1.95, 1.9667, 1.9833, 2.0, 2.3333],
            "transform": [
                [0.957271, 0.191696, 0.216527, 0.124994, 0.143329, -0.964797, 0.220498, -0.002831, 0.251174, -0.180041, -0.951051, -1.2e-05, 0.0, 0.0, 0.0, 1.0],
                [0.95381, 0.195349, 0.228222, 0.124994, 0.146647, -0.965803, 0.213813, -0.002831, 0.262186, -0.170468, -0.949842, -1.2e-05, 0.0, 0.0, 0.0, 1.0],
                [0.943656, 0.204689, 0.26003, 0.124994, 0.156064, -0.968154, 0.195749, -0.002831, 0.291817, -0.144138, -0.945551, -1.2e-05, 0.0, 0.0, 0.0, 1.0],
                [0.926691, 0.216857, 0.306946, 0.124994, 0.171013, -0.970591, 0.169423, -0.002831, 0.33466, -0.104511, -0.936526, -1.1e-05, 0.0, 0.0, 0.0, 1.0],
                [0.902958, 0.228955, 0.363655, 0.124994, 0.190801, -0.971861, 0.138118, -0.002831, 0.385046, -0.055328, -0.921238, -1.2e-05, 0.0, 0.0, 0.0, 1.0],
                [0.87339, 0.23864, 0.424546, 0.124994, 0.214225, -0.971105, 0.105157, -0.002831, 0.437374, -0.000895, -0.899279, -1.2e-05, 0.0, 0.0, 0.0, 1.0],
                [0.840177, 0.244596, 0.484019, 0.124994, 0.239412, -0.968118, 0.073656, -0.002831, 0.486604, 0.053996, -0.871953, -1.2e-05, 0.0, 0.0, 0.0, 1.0],
                [0.806722, 0.246747, 0.53695, 0.124994, 0.263903, -0.963438, 0.046243, -0.002831, 0.528729, 0.104398, -0.842346, -1.2e-05, 0.0, 0.0, 0.0, 1.0],
                [0.777274, 0.246143, 0.579015, 0.124994, 0.284891, -0.958234, 0.024914, -0.002831, 0.560965, 0.145591, -0.814937, -1.2e-05, 0.0, 0.0, 0.0, 1.0],
                [0.756416, 0.24453, 0.606663, 0.124994, 0.299486, -0.954034, 0.011136, -0.002831, 0.5815, 0.173264, -0.794882, -1.2e-05, 0.0, 0.0, 0.0, 1.0],
                [0.748567, 0.243695, 0.616652, 0.124994, 0.304925, -0.952354, 0.006207, -0.002831, 0.588784, 0.183387, -0.787212, -1.2e-05, 0.0, 0.0, 0.0, 1.0],
                [0.789362, 0.181001, 0.586639, 0.124994, 0.219105, -0.975679, 0.006217, -0.002831, 0.573497, 0.123628, -0.809825, -1.2e-05, 0.0, 0.0, 0.0, 1.0],
                [0.862045, 0.031876, 0.505828, 0.124994, 0.022163, -0.999434, 0.025211, -0.002831, 0.506346, -0.010521, -0.862267, -1.1e-05, 0.0, 0.0, 0.0, 1.0],
                [0.909949, -0.128577, 0.394285, 0.124993, -0.17497, -0.98099, 0.083902, -0.002831, 0.376003, -0.145333, -0.91515, -1.2e-05, 0.0, 0.0, 0.0, 1.0],
                [0.940028, -0.20744, 0.270768, 0.124994, -0.259222, -0.95041, 0.171817, -0.002831, 0.2217, -0.231701, -0.947187, -1.2e-05, 0.0, 0.0, 0.0, 1.0],
                [0.97276, -0.186392, 0.137824, 0.124994, -0.216793, -0.942011, 0.256148, -0.002831, 0.082088, -0.279049, -0.956762, -1.2e-05, 0.0, 0.0, 0.0, 1.0],
                [0.99308, -0.117426, -0.001674, 0.124994, -0.110842, -0.94192, 0.317012, -0.002831, -0.038802, -0.314631, -0.948421, -1.2e-05, 0.0, 0.0, 0.0, 1.0],
                [0.990121, -0.017017, -0.139173, 0.124994, 0.032535, -0.937628, 0.346109, -0.002831, -0.136383, -0.347217, -0.927815, -1.1e-05, 0.0, 0.0, 0.0, 1.0],
                [0.960691, 0.094229, -0.261137, 0.124994, 0.183855, -0.920741, 0.344137, -0.002831, -0.208012, -0.37862, -0.901875, -1.2e-05, 0.0, 0.0, 0.0, 1.0],
                [0.914436, 0.194589, -0.354882, 0.124994, 0.314898, -0.892902, 0.321811, -0.002831, -0.254254, -0.406026, -0.87778, -1.2e-05, 0.0, 0.0, 0.0, 1.0],
                [0.871083, 0.265625, -0.413106, 0.124994, 0.404323, -0.86534, 0.296153, -0.002831, -0.278812, -0.425001, -0.861184, -1.2e-05, 0.0, 0.0, 0.0, 1.0],
                [0.85255, 0.292587, -0.433072, 0.124994, 0.437279, -0.853163, 0.284424, -0.002831, -0.286263, -0.431857, -0.855308, -1.2e-05, 0.0, 0.0, 0.0, 1.0],
                [0.85255, 0.292587, -0.433072, 0.124994, 0.437279, -0.853163, 0.284424, -0.002831, -0.286263, -0.431857, -0.855308, -1.2e-05, 0.0, 0.0, 0.0, 1.0],
                [0.852549, 0.292587, -0.433072, 0.124994, 0.437279, -0.853163, 0.284424, -0.002831, -0.286263, -0.431857, -0.855308, -1.2e-05, 0.0, 0.0, 0.0, 1.0],
                [0.852549, 0.292587, -0.433072, 0.124994, 0.437279, -0.853163, 0.284424, -0.002831, -0.286263, -0.431857, -0.855308, -1.2e-05, 0.0, 0.0, 0.0, 1.0],
                [0.852549, 0.292587, -0.433072, 0.124994, 0.437279, -0.853163, 0.284424, -0.002831, -0.286263, -0.431857, -0.855308, -1.2e-05, 0.0, 0.0, 0.0, 1.0],
                [0.852549, 0.292587, -0.433072, 0.124994, 0.437279, -0.853163, 0.284424, -0.002831, -0.286263, -0.431857, -0.855308, -1.2e-05, 0.0, 0.0, 0.0, 1.0],
                [0.852549, 0.292587, -0.433072, 0.124994, 0.437279, -0.853163, 0.284424, -0.002831, -0.286263, -0.431857, -0.855308, -1.1e-05, 0.0, 0.0, 0.0, 1.0],
                [0.852549, 0.292587, -0.433072, 0.124994, 0.437279, -0.853163, 0.284424, -0.002831, -0.286263, -0.431857, -0.855308, -1.2e-05, 0.0, 0.0, 0.0, 1.0],
                [0.852549, 0.292587, -0.433072, 0.124994, 0.437279, -0.853163, 0.284424, -0.002831, -0.286263, -0.431857, -0.855308, -1.2e-05, 0.0, 0.0, 0.0, 1.0],
                [0.852549, 0.292587, -0.433072, 0.124994, 0.437279, -0.853163, 0.284424, -0.002831, -0.286263, -0.431857, -0.855308, -1.2e-05, 0.0, 0.0, 0.0, 1.0],
                [0.852549, 0.292587, -0.433072, 0.124994, 0.437279, -0.853163, 0.284424, -0.002831, -0.286263, -0.431857, -0.855308, -1.2e-05, 0.0, 0.0, 0.0, 1.0],
                [0.852549, 0.292587, -0.433072, 0.124994, 0.437279, -0.853163, 0.284424, -0.002831, -0.286263, -0.431857, -0.855308, -1.2e-05, 0.0, 0.0, 0.0, 1.0],
                [0.852549, 0.292587, -0.433072, 0.124994, 0.437279, -0.853163, 0.284424, -0.002831, -0.286263, -0.431857, -0.855308, -1.2e-05, 0.0, 0.0, 0.0, 1.0],
                [0.852549, 0.292587, -0.433072, 0.124994, 0.437279, -0.853163, 0.284424, -0.002831, -0.286263, -0.431857, -0.855308, -1.2e-05, 0.0, 0.0, 0.0, 1.0],
                [0.852549, 0.292587, -0.433072, 0.124994, 0.437279, -0.853163, 0.284424, -0.002831, -0.286263, -0.431857, -0.855308, -1.2e-05, 0.0, 0.0, 0.0, 1.0],
                [0.852549, 0.292587, -0.433072, 0.124994, 0.437279, -0.853163, 0.284424, -0.002831, -0.286263, -0.431857, -0.855308, -1.2e-05, 0.0, 0.0, 0.0, 1.0],
                [0.852549, 0.292587, -0.433072, 0.124994, 0.437279, -0.853163, 0.284424, -0.002831, -0.286263, -0.431857, -0.855308, -1.1e-05, 0.0, 0.0, 0.0, 1.0],
                [0.852549, 0.292587, -0.433072, 0.124994, 0.437279, -0.853163, 0.284424, -0.002831, -0.286263, -0.431857, -0.855308, -1.2e-05, 0.0, 0.0, 0.0, 1.0],
                [0.85255, 0.292587, -0.433072, 0.124994, 0.437279, -0.853163, 0.284424, -0.002831, -0.286263, -0.431857, -0.855308, -1.2e-05, 0.0, 0.0, 0.0, 1.0],
                [0.852549, 0.292587, -0.433072, 0.124994, 0.437279, -0.853163, 0.284424, -0.002831, -0.286263, -0.431857, -0.855308, -1.1e-05, 0.0, 0.0, 0.0, 1.0],
                [0.852549, 0.292587, -0.433072, 0.124994, 0.437279, -0.853163, 0.284424, -0.002831, -0.286263, -0.431857, -0.855308, -1.1e-05, 0.0, 0.0, 0.0, 1.0],
                [0.85498, 0.295959, -0.425932, 0.124994, 0.430976, -0.862281, 0.265948, -0.002831, -0.288564, -0.410945, -0.864786, -1.1e-05, 0.0, 0.0, 0.0, 1.0],
                [0.861911, 0.304326, -0.405579, 0.124994, 0.413571, -0.884708, 0.215052, -0.002831, -0.293374, -0.35309, -0.888402, -1.1e-05, 0.0, 0.0, 0.0, 1.0],
                [0.872801, 0.314337, -0.373376, 0.124994, 0.387337, -0.911546, 0.138025, -0.002831, -0.296964, -0.265089, -0.917355, -1.2e-05, 0.0, 0.0, 0.0, 1.0],
                [0.886828, 0.322312, -0.331134, 0.124994, 0.355248, -0.933804, 0.042481, -0.002831, -0.295522, -0.155307, -0.942627, -1.1e-05, 0.0, 0.0, 0.0, 1.0],
                [0.902714, 0.325224, -0.281667, 0.124994, 0.321308, -0.944983, -0.061362, -0.002831, -0.286127, -0.035108, -0.957548, -1.2e-05, 0.0, 0.0, 0.0, 1.0],
                [0.918817, 0.3217, -0.228655, 0.124994, 0.290154, -0.943301, -0.161216, -0.002831, -0.267555, 0.081783, -0.960066, -1.2e-05, 0.0, 0.0, 0.0, 1.0],
                [0.933455, 0.312587, -0.175926, 0.124994, 0.266157, -0.932405, -0.244496, -0.002831, -0.240461, 0.181402, -0.953558, -1.2e-05, 0.0, 0.0, 0.0, 1.0],
                [0.945239, 0.3008, -0.126655, 0.124994, 0.252566, -0.919933, -0.299882, -0.002831, -0.206719, 0.251471, -0.945531, -1.2e-05, 0.0, 0.0, 0.0, 1.0],
                [0.95322, 0.290626, -0.083108, 0.124994, 0.25115, -0.914469, -0.31728, -0.002831, -0.168209, 0.281565, -0.944684, -1.2e-05, 0.0, 0.0, 0.0, 1.0],
                [0.958049, 0.282928, -0.045746, 0.124994, 0.257205, -0.919168, -0.298281, -0.002831, -0.12644, 0.274002, -0.953381, -1.2e-05, 0.0, 0.0, 0.0, 1.0],
                [0.960979, 0.27629, -0.013464, 0.124994, 0.263892, -0.930271, -0.254858, -0.002831, -0.082941, 0.24136, -0.966885, -1.2e-05, 0.0, 0.0, 0.0, 1.0],
                [0.962323, 0.27154, 0.014072, 0.124994, 0.269092, -0.943663, -0.192579, -0.002831, -0.039014, 0.18911, -0.981181, -1.2e-05, 0.0, 0.0, 0.0, 1.0],
                [0.962466, 0.268866, 0.037009, 0.124994, 0.271377, -0.955258, -0.11761, -0.002831, 0.003732, 0.123239, -0.99237, -1.2e-05, 0.0, 0.0, 0.0, 1.0],
                [0.961833, 0.267962, 0.055436, 0.124994, 0.270163, -0.962108, -0.036826, -0.002831, 0.043468, 0.050397, -0.997783, -1.2e-05, 0.0, 0.0, 0.0, 1.0],
                [0.960855, 0.268187, 0.069516, 0.124994, 0.265737, -0.963104, 0.042561, -0.002831, 0.078365, -0.022421, -0.996673, -1.2e-05, 0.0, 0.0, 0.0, 1.0],
                [0.959921, 0.268737, 0.07957, 0.124994, 0.259102, -0.959142, 0.113615, -0.002831, 0.106852, -0.088444, -0.990334, -1.2e-05, 0.0, 0.0, 0.0, 1.0],
                [0.959341, 0.268803, 0.086072, 0.124994, 0.251683, -0.952727, 0.170184, -0.002831, 0.127749, -0.141601, -0.981647, -1.2e-05, 0.0, 0.0, 0.0, 1.0],
                [0.959334, 0.267684, 0.089564, 0.124994, 0.244968, -0.947176, 0.206988, -0.002831, 0.14024, -0.17663, -0.974236, -1.2e-05, 0.0, 0.0, 0.0, 1.0],
                [0.960034, 0.264831, 0.090544, 0.124994, 0.240182, -0.945639, 0.219263, -0.002831, 0.14369, -0.188752, -0.971456, -1.2e-05, 0.0, 0.0, 0.0, 1.0],
                [0.961669, 0.25914, 0.089652, 0.124994, 0.235263, -0.947688, 0.215719, -0.002831, 0.140864, -0.186357, -0.972332, -1.2e-05, 0.0, 0.0, 0.0, 1.0],
                [0.964254, 0.250157, 0.087375, 0.124994, 0.227835, -0.951082, 0.20864, -0.002831, 0.135294, -0.181274, -0.974082, -1.2e-05, 0.0, 0.0, 0.0, 1.0],
                [0.967538, 0.238413, 0.083841, 0.124994, 0.218233, -0.955475, 0.198589, -0.002831, 0.127455, -0.173845, -0.97649, -1.2e-05, 0.0, 0.0, 0.0, 1.0],
                [0.97127, 0.224424, 0.079165, 0.124994, 0.206772, -0.960523, 0.186111, -0.002831, 0.117808, -0.164394, -0.979335, -1.1e-05, 0.0, 0.0, 0.0, 1.0],
                [0.975216, 0.208701, 0.073466, 0.124994, 0.19377, -0.965896, 0.171737, -0.002831, 0.106802, -0.153244, -0.9824, -1.3e-05, 0.0, 0.0, 0.0, 1.0],
                [0.979161, 0.191753, 0.066881, 0.124994, 0.17956, -0.971299, 0.155992, -0.002831, 0.094873, -0.140732, -0.985492, -1.2e-05, 0.0, 0.0, 0.0, 1.0],
                [0.982926, 0.17409, 0.059575, 0.124994, 0.164499, -0.976475, 0.139399, -0.002831, 0.082442, -0.127218, -0.988443, -1.2e-05, 0.0, 0.0, 0.0, 1.0],
                [0.986365, 0.15622, 0.051749, 0.124994, 0.14898, -0.981224, 0.122476, -0.002831, 0.06991, -0.113096, -0.991122, -1.2e-05, 0.0, 0.0, 0.0, 1.0],
                [0.98938, 0.138647, 0.043636, 0.124994, 0.133427, -0.9854, 0.105734, -0.002831, 0.057659, -0.098788, -0.993437, -1.2e-05, 0.0, 0.0, 0.0, 1.0],
                [0.99191, 0.121873, 0.03551, 0.124994, 0.118296, -0.988919, 0.089676, -0.002831, 0.046046, -0.084749, -0.995338, -1.2e-05, 0.0, 0.0, 0.0, 1.0],
                [0.993939, 0.106387, 0.027677, 0.124994, 0.104071, -0.991751, 0.074795, -0.002831, 0.035406, -0.07146, -0.996815, -1.2e-05, 0.0, 0.0, 0.0, 1.0],
                [0.995486, 0.09267, 0.02047, 0.124994, 0.091258, -0.99392, 0.061572, -0.002831, 0.026051, -0.059425, -0.997893, -1.2e-05, 0.0, 0.0, 0.0, 1.0],
                [0.996596, 0.081192, 0.014241, 0.124994, 0.08038, -0.995483, 0.050477, -0.002831, 0.018275, -0.04916, -0.998624, -1.2e-05, 0.0, 0.0, 0.0, 1.0],
                [0.99733, 0.072417, 0.009354, 0.124994, 0.071965, -0.996521, 0.041975, -0.002831, 0.012361, -0.041189, -0.999075, -1.2e-05, 0.0, 0.0, 0.0, 1.0],
                [0.997746, 0.066806, 0.006171, 0.124994, 0.066539, -0.997113, 0.036527, -0.002831, 0.008593, -0.036034, -0.999314, -1.2e-05, 0.0, 0.0, 0.0, 1.0],
                [0.997883, 0.06483, 0.005037, 0.124994, 0.064618, -0.997308, 0.034604, -0.002831, 0.007267, -0.034205, -0.999389, -1.2e-05, 0.0, 0.0, 0.0, 1.0],
                [0.997883, 0.06483, 0.005037, 0.124994, 0.064618, -0.997308, 0.034604, -0.002831, 0.007267, -0.034205, -0.999389, -1.2e-05, 0.0, 0.0, 0.0, 1.0],
                [0.997883, 0.06483, 0.005037, 0.124994, 0.064618, -0.997308, 0.034604, -0.002831, 0.007267, -0.034205, -0.999389, -1.2e-05, 0.0, 0.0, 0.0, 1.0],
                [0.997883, 0.06483, 0.005037, 0.124994, 0.064618, -0.997308, 0.034604, -0.002831, 0.007267, -0.034205, -0.999389, -1.2e-05, 0.0, 0.0, 0.0, 1.0],
                [0.997883, 0.06483, 0.005037, 0.124994, 0.064618, -0.997308, 0.034604, -0.002831, 0.007267, -0.034205, -0.999389, -1.2e-05, 0.0, 0.0, 0.0, 1.0],
                [0.997883, 0.06483, 0.005037, 0.124994, 0.064618, -0.997308, 0.034604, -0.002831, 0.007267, -0.034205, -0.999389, -1.2e-05, 0.0, 0.0, 0.0, 1.0],
                [0.997883, 0.06483, 0.005037, 0.124994, 0.064618, -0.997308, 0.034604, -0.002831, 0.007267, -0.034205, -0.999389, -1.2e-05, 0.0, 0.0, 0.0, 1.0],
                [0.997883, 0.06483, 0.005037, 0.124994, 0.064618, -0.997308, 0.034604, -0.002831, 0.007267, -0.034205, -0.999389, -1.2e-05, 0.0, 0.0, 0.0, 1.0],
                [0.997883, 0.06483, 0.005037, 0.124994, 0.064618, -0.997308, 0.034604, -0.002831, 0.007267, -0.034205, -0.999389, -1.2e-05, 0.0, 0.0, 0.0, 1.0],
                [0.997883, 0.06483, 0.005037, 0.124994, 0.064618, -0.997308, 0.034604, -0.002831, 0.007267, -0.034205, -0.999389, -1.2e-05, 0.0, 0.0, 0.0, 1.0],
                [0.997883, 0.06483, 0.005037, 0.124994, 0.064618, -0.997308, 0.034604, -0.002831, 0.007267, -0.034205, -0.999389, -1.2e-05, 0.0, 0.0, 0.0, 1.0],
                [0.997883, 0.06483, 0.005037, 0.124994, 0.064618, -0.997308, 0.034604, -0.002831, 0.007267, -0.034205, -0.999389, -1.2e-05, 0.0, 0.0, 0.0, 1.0],
                [0.997883, 0.06483, 0.005037, 0.124994, 0.064618, -0.997308, 0.034604, -0.002831, 0.007267, -0.034205, -0.999389, -1.2e-05, 0.0, 0.0, 0.0, 1.0],
                [0.997883, 0.06483, 0.005037, 0.124994, 0.064618, -0.997308, 0.034604, -0.002831, 0.007267, -0.034205, -0.999389, -1.2e-05, 0.0, 0.0, 0.0, 1.0],
                [0.997883, 0.06483, 0.005037, 0.124994, 0.064618, -0.997308, 0.034604, -0.002831, 0.007267, -0.034205, -0.999389, -1.2e-05, 0.0, 0.0, 0.0, 1.0],
                [0.997883, 0.06483, 0.005037, 0.124994, 0.064618, -0.997308, 0.034604, -0.002831, 0.007267, -0.034205, -0.999389, -1.2e-05, 0.0, 0.0, 0.0, 1.0],
                [0.997883, 0.06483, 0.005037, 0.124994, 0.064618, -0.997308, 0.034604, -0.002831, 0.007267, -0.034205, -0.999389, -1.2e-05, 0.0, 0.0, 0.0, 1.0],
                [0.997883, 0.06483, 0.005037, 0.124994, 0.064618, -0.997308, 0.034604, -0.002831, 0.007267, -0.034205, -0.999389, -1.2e-05, 0.0, 0.0, 0.0, 1.0],
                [0.997883, 0.06483, 0.005037, 0.124994, 0.064618, -0.997308, 0.034604, -0.002831, 0.007267, -0.034205, -0.999389, -1.2e-05, 0.0, 0.0, 0.0, 1.0],
                [0.997883, 0.06483, 0.005037, 0.124994, 0.064618, -0.997308, 0.034604, -0.002831, 0.007267, -0.034205, -0.999389, -1.2e-05, 0.0, 0.0, 0.0, 1.0],
                [0.997883, 0.06483, 0.005037, 0.124994, 0.064618, -0.997308, 0.034604, -0.002831, 0.007267, -0.034205, -0.999389, -1.2e-05, 0.0, 0.0, 0.0, 1.0],
                [0.997883, 0.06483, 0.005037, 0.124994, 0.064618, -0.997308, 0.034604, -0.002831, 0.007267, -0.034205, -0.999389, -1.2e-05, 0.0, 0.0, 0.0, 1.0],
                [0.997883, 0.06483, 0.005037, 0.124994, 0.064618, -0.997308, 0.034604, -0.002831, 0.007267, -0.034205, -0.999389, -1.2e-05, 0.0, 0.0, 0.0, 1.0],
                [0.997883, 0.06483, 0.005037, 0.124994, 0.064618, -0.997308, 0.034604, -0.002831, 0.007267, -0.034205, -0.999389, -1.2e-05, 0.0, 0.0, 0.0, 1.0],
                [0.997883, 0.06483, 0.005037, 0.124994, 0.064618, -0.997308, 0.034604, -0.002831, 0.007267, -0.034205, -0.999389, -1.2e-05, 0.0, 0.0, 0.0, 1.0],
                [0.997883, 0.06483, 0.005037, 0.124994, 0.064618, -0.997308, 0.034604, -0.002831, 0.007267, -0.034205, -0.999389, -1.2e-05, 0.0, 0.0, 0.0, 1.0],
                [0.997883, 0.06483, 0.005037, 0.124994, 0.064618, -0.997308, 0.034604, -0.002831, 0.007267, -0.034205, -0.999389, -1.2e-05, 0.0, 0.0, 0.0, 1.0],
                [0.997883, 0.06483, 0.005037, 0.124994, 0.064618, -0.997308, 0.034604, -0.002831, 0.007267, -0.034205, -0.999389, -1.2e-05, 0.0, 0.0, 0.0, 1.0],
                [0.997883, 0.06483, 0.005037, 0.124994, 0.064618, -0.997308, 0.034604, -0.002831, 0.007267, -0.034205, -0.999389, -1.2e-05, 0.0, 0.0, 0.0, 1.0],
                [0.997883, 0.06483, 0.005037, 0.124994, 0.064618, -0.997308, 0.034604, -0.002831, 0.007267, -0.034205, -0.999389, -1.2e-05, 0.0, 0.0, 0.0, 1.0],
                [0.997883, 0.06483, 0.005037, 0.124994, 0.064618, -0.997308, 0.034604, -0.002831, 0.007267, -0.034205, -0.999389, -1.2e-05, 0.0, 0.0, 0.0, 1.0],
                [0.997883, 0.06483, 0.005037, 0.124994, 0.064618, -0.997308, 0.034604, -0.002831, 0.007267, -0.034205, -0.999389, -1.2e-05, 0.0, 0.0, 0.0, 1.0],
                [0.997883, 0.06483, 0.005037, 0.124994, 0.064618, -0.997308, 0.034604, -0.002831, 0.007267, -0.034205, -0.999389, -1.2e-05, 0.0, 0.0, 0.0, 1.0],
                [0.997883, 0.06483, 0.005037, 0.124994, 0.064618, -0.997308, 0.034604, -0.002831, 0.007267, -0.034205, -0.999389, -1.2e-05, 0.0, 0.0, 0.0, 1.0],
                [0.997883, 0.06483, 0.005037, 0.124994, 0.064618, -0.997308, 0.034604, -0.002831, 0.007267, -0.034205, -0.999389, -1.2e-05, 0.0, 0.0, 0.0, 1.0],
                [0.997883, 0.06483, 0.005037, 0.124994, 0.064618, -0.997308, 0.034604, -0.002831, 0.007267, -0.034205, -0.999389, -1.2e-05, 0.0, 0.0, 0.0, 1.0],
                [0.997883, 0.06483, 0.005037, 0.124994, 0.064618, -0.997308, 0.034604, -0.002831, 0.007267, -0.034205, -0.999389, -1.2e-05, 0.0, 0.0, 0.0, 1.0],
                [0.997883, 0.06483, 0.005037, 0.124994, 0.064618, -0.997308, 0.034604, -0.002831, 0.007267, -0.034205, -0.999389, -1.2e-05, 0.0, 0.0, 0.0, 1.0],
                [0.997883, 0.06483, 0.005037, 0.124994, 0.064618, -0.997308, 0.034604, -0.002831, 0.007267, -0.034205, -0.999389, -1.2e-05, 0.0, 0.0, 0.0, 1.0],
                [0.997883, 0.06483, 0.005037, 0.124994, 0.064618, -0.997308, 0.034604, -0.002831, 0.007267, -0.034205, -0.999389, -1.2e-05, 0.0, 0.0, 0.0, 1.0],
                [0.997883, 0.06483, 0.005037, 0.124994, 0.064618, -0.997308, 0.034604, -0.002831, 0.007267, -0.034205, -0.999389, -1.2e-05, 0.0, 0.0, 0.0, 1.0],
                [0.997883, 0.06483, 0.005037, 0.124994, 0.064618, -0.997308, 0.034604, -0.002831, 0.007267, -0.034205, -0.999389, -1.2e-05, 0.0, 0.0, 0.0, 1.0],
                [0.997883, 0.06483, 0.005037, 0.124994, 0.064618, -0.997308, 0.034604, -0.002831, 0.007267, -0.034205, -0.999389, -1.2e-05, 0.0, 0.0, 0.0, 1.0],
                [0.997883, 0.06483, 0.005037, 0.124994, 0.064618, -0.997308, 0.034604, -0.002831, 0.007267, -0.034205, -0.999389, -1.2e-05, 0.0, 0.0, 0.0, 1.0],
                [0.997883, 0.06483, 0.005037, 0.124994, 0.064618, -0.997308, 0.034604, -0.002831, 0.007267, -0.034205, -0.999389, -1.2e-05, 0.0, 0.0, 0.0, 1.0],
                [0.997883, 0.06483, 0.005037, 0.124994, 0.064618, -0.997308, 0.034604, -0.002831, 0.007267, -0.034205, -0.999389, -1.2e-05, 0.0, 0.0, 0.0, 1.0]
            ]
        },
        {
            "name": "Leg_R",
            "time": [0.0, 0.0167, 0.0333, 0.05, 0.0667, 0.0833, 0.1, 0.1167, 0.1333, 0.15, 0.1667, 0.1833, 0.2, 0.2167, 0.2333, 0.25, 0.2667, 0.2833, 0.3, 0.3167, 0.3333, 0.35, 0.3667, 0.3833, 0.4, 0.4167, 0.4333, 0.45, 0.4667, 0.4833, 0.5, 0.5167, 0.5333, 0.55, 0.5667, 0.5833, 0.6, 0.6167, 0.6333, 0.65, 0.6667, 0.6833, 0.7, 0.7167, 0.7333, 0.75, 0.7667, 0.7833, 0.8, 0.8167, 0.8333, 0.85, 0.8667, 0.8833, 0.9, 0.9167, 0.9333, 0.95, 0.9667, 0.9833, 1.0, 1.0167, 1.0333, 1.05, 1.0667, 1.0833, 1.1, 1.1167, 1.1333, 1.15, 1.1667, 1.1833, 1.2, 1.2167, 1.2333, 1.25, 1.2667, 1.2833, 1.3, 1.3167, 1.3333, 1.35, 1.3667, 1.3833, 1.4, 1.4167, 1.4333, 1.45, 1.4667, 1.4833, 1.5, 1.5167, 1.5333, 1.55, 1.5667, 1.5833, 1.6, 1.6167, 1.6333, 1.65, 1.6667, 1.6833, 1.7, 1.7167, 1.7333, 1.75, 1.7667, 1.7833, 1.8, 1.8167, 1.8333, 1.85, 1.8667, 1.8833, 1.9, 1.9167, 1.9333, 1.95, 1.9667, 1.9833, 2.0, 2.3333],
            "transform": [
                [1.0, 0.0, 1e-06, -0.0, -0.0, 0.981576, 0.191076, 0.37472, -1e-06, -0.191077, 0.981574, 1e-06, 0.0, 0.0, 0.0, 1.0],
                [1.0, 0.0, 1e-06, 0.0, -0.0, 0.978321, 0.207096, 0.37472, -1e-06, -0.207097, 0.97832, 0.0, 0.0, 0.0, 0.0, 1.0],
                [1.0, 0.0, 1e-06, 0.0, -0.0, 0.967923, 0.25125, 0.37472, -1e-06, -0.25125, 0.967921, 0.0, 0.0, 0.0, 0.0, 1.0],
                [1.0, -0.0, 1e-06, 0.0, -0.0, 0.948125, 0.317898, 0.37472, -1e-06, -0.317898, 0.948124, 0.0, 0.0, 0.0, 0.0, 1.0],
                [1.0, -0.0, 1e-06, -0.0, -0.0, 0.916186, 0.400754, 0.37472, -1e-06, -0.400755, 0.916185, -0.0, 0.0, 0.0, 0.0, 1.0],
                [1.0, -0.0, 1e-06, 0.0, -0.0, 0.870514, 0.492144, 0.37472, -1e-06, -0.492144, 0.870513, -0.0, 0.0, 0.0, 0.0, 1.0],
                [1.0, -0.0, 1e-06, -0.0, -0.0, 0.812389, 0.583116, 0.37472, -1e-06, -0.583117, 0.812388, 0.0, 0.0, 0.0, 0.0, 1.0],
                [1.0, -0.0, 1e-06, 0.0, -0.0, 0.74724, 0.664555, 0.37472, -1e-06, -0.664556, 0.747239, 1e-06, 0.0, 0.0, 0.0, 1.0],
                [1.0, -0.0, 1e-06, 0.0, -0.0, 0.684752, 0.728776, 0.37472, -1e-06, -0.728777, 0.684752, 0.0, 0.0, 0.0, 0.0, 1.0],
                [1.0, -0.0, 1e-06, 0.0, -0.0, 0.637461, 0.770483, 0.37472, -1e-06, -0.770484, 0.63746, 0.0, 0.0, 0.0, 0.0, 1.0],
                [1.0, -0.0, 1e-06, 0.0, -0.0, 0.618254, 0.785978, 0.37472, -1e-06, -0.785979, 0.618254, -0.0, 0.0, 0.0, 0.0, 1.0],
                [1.0, -0.0, 1e-06, 0.0, -0.0, 0.616938, 0.787011, 0.37472, -1e-06, -0.787012, 0.616937, -0.0, 0.0, 0.0, 0.0, 1.0],
                [1.0, -0.0, 1e-06, 1e-06, -0.0, 0.615708, 0.787974, 0.37472, -1e-06, -0.787975, 0.615707, -0.0, 0.0, 0.0, 0.0, 1.0],
                [1.0, -0.0, 1e-06, 0.0, -0.0, 0.614567, 0.788864, 0.37472, -1e-06, -0.788865, 0.614566, -0.0, 0.0, 0.0, 0.0, 1.0],
                [1.0, -0.0, 1e-06, -0.0, -0.0, 0.613521, 0.789678, 0.37472, -1e-06, -0.789679, 0.61352, -0.0, 0.0, 0.0, 0.0, 1.0],
