{
    "animation": [
        {
            "name": "Root",
            "time": [0.0, 0.0167, 0.0333, 0.05, 0.0667, 0.0833, 0.1, 0.1167, 0.1333, 0.15, 0.1667, 0.1833, 0.2, 0.2167, 0.2333, 0.25, 0.2667, 0.2833, 0.3, 0.3167, 0.3333, 0.35, 0.3667, 0.3833, 0.4, 0.4167, 0.4333, 0.45, 0.4667, 0.4833, 0.5, 0.5167, 0.5333, 0.55, 0.5667, 0.5833, 0.6, 0.6167, 0.6333, 0.65, 0.6667, 0.6833, 0.7, 0.7167, 0.7333, 0.75, 0.7667, 0.7833, 0.8, 0.8167, 0.8333, 0.85, 0.8667, 0.8833, 0.9, 0.9167, 0.9333, 0.95, 0.9667, 0.9833, 1.0, 1.0167, 1.0333, 1.05, 1.0667, 1.0833, 1.1, 1.1167, 1.1333, 1.15, 1.1667, 1.1833, 1.2, 1.2167, 1.2333, 1.25, 1.2667, 1.2833, 1.3, 1.3167, 1.3333, 1.35, 1.3667, 1.3833, 1.4, 1.4167, 1.4333, 1.45, 1.4667, 1.4833, 1.5, 1.5167, 1.5333, 1.55, 1.5667, 1.5833, 1.6, 1.6167, 1.6333, 1.65, 1.6667, 1.6833, 1.7, 1.7167, 1.7333, 1.75, 1.7667, 1.7833, 1.8, 1.8167, 1.8333, 1.85, 1.8667, 1.8833, 1.9, 1.9167],
            "transform": [
                [0.781997, 0.0, 0.623283, -5e-06, 0.623283, 0.0, -0.781997, 0.000946, 0.0, 1.0, 0.0, 0.741237, 0.0, 0.0, 0.0, 1.0],
                [0.784906, 0.0, 0.619614, -0.000263, 0.619614, 0.0, -0.784906, 0.003011, 0.0, 1.0, 0.0, 0.740659, 0.0, 0.0, 0.0, 1.0],
                [0.793094, 0.0, 0.6091, -0.00101, 0.6091, 0.0, -0.793094, 0.008887, 0.0, 1.0, 0.0, 0.739035, 0.0, 0.0, 0.0, 1.0],
                [0.805649, 0.0, 0.592394, -0.002201, 0.592394, 0.0, -0.805649, 0.018099, 0.0, 1.0, 0.0, 0.736524, 0.0, 0.0, 0.0, 1.0],
                [0.821576, 0.0, 0.570099, -0.003792, 0.570099, 0.0, -0.821576, 0.030169, 0.0, 1.0, 0.0, 0.733289, 0.0, 0.0, 0.0, 1.0],
                [0.839844, 0.0, 0.542827, -0.00574, 0.542827, 0.0, -0.839844, 0.044622, 0.0, 1.0, 0.0, 0.729489, 0.0, 0.0, 0.0, 1.0],
                [0.859434, 0.0, 0.511246, -0.007999, 0.511246, 0.0, -0.859434, 0.06098, 0.0, 1.0, 0.0, 0.725287, 0.0, 0.0, 0.0, 1.0],
                [0.879383, 0.0, 0.476115, -0.010527, 0.476115, 0.0, -0.879383, 0.078768, 0.0, 1.0, 0.0, 0.720843, 0.0, 0.0, 0.0, 1.0],
                [0.89883, 0.0, 0.438297, -0.013279, 0.438297, 0.0, -0.89883, 0.097509, 0.0, 1.0, 0.0, 0.716318, 0.0, 0.0, 0.0, 1.0],
                [0.917053, 0.0, 0.398764, -0.016212, 0.398764, 0.0, -0.917053, 0.116726, 0.0, 1.0, 0.0, 0.711874, 0.0, 0.0, 0.0, 1.0],
                [0.9335, 0.0, 0.358578, -0.019281, 0.358578, 0.0, -0.9335, 0.135943, 0.0, 1.0, 0.0, 0.707672, 0.0, 0.0, 0.0, 1.0],
                [0.947799, 0.0, 0.318868, -0.022442, 0.318868, 0.0, -0.947799, 0.154684, 0.0, 1.0, 0.0, 0.703872, 0.0, 0.0, 0.0, 1.0],
                [0.959766, 0.0, 0.280801, -0.025652, 0.280801, 0.0, -0.959766, 0.172472, 0.0, 1.0, 0.0, 0.700637, 0.0, 0.0, 0.0, 1.0],
                [0.969383, 0.0, 0.245552, -0.028867, 0.245552, 0.0, -0.969383, 0.18883, 0.0, 1.0, 0.0, 0.698126, 0.0, 0.0, 0.0, 1.0],
                [0.976771, 0.0, 0.214287, -0.032042, 0.214287, 0.0, -0.976771, 0.203282, 0.0, 1.0, 0.0, 0.696502, 0.0, 0.0, 0.0, 1.0],
                [0.982141, 0.0, 0.188144, -0.035134, 0.188144, 0.0, -0.982141, 0.215353, 0.0, 1.0, 0.0, 0.695924, 0.0, 0.0, 0.0, 1.0],
                [0.985817, 0.0, 0.167821, -0.038104, 0.167821, 0.0, -0.985817, 0.224746, 0.0, 1.0, 0.0, 0.696409, 0.0, 0.0, 0.0, 1.0],
                [0.988275, 0.0, 0.152687, -0.040937, 0.152687, 0.0, -0.988275, 0.231891, 0.0, 1.0, 0.0, 0.697773, 0.0, 0.0, 0.0, 1.0],
                [0.98989, 0.0, 0.141837, -0.043622, 0.141837, 0.0, -0.98989, 0.237401, 0.0, 1.0, 0.0, 0.69988, 0.0, 0.0, 0.0, 1.0],
                [0.990935, 0.0, 0.134339, -0.04615, 0.134339, 0.0, -0.990935, 0.241886, 0.0, 1.0, 0.0, 0.702596, 0.0, 0.0, 0.0, 1.0],
                [0.991612, 0.0, 0.129249, -0.048511, 0.129249, 0.0, -0.991612, 0.245958, 0.0, 1.0, 0.0, 0.705786, 0.0, 0.0, 0.0, 1.0],
                [0.992079, 0.0, 0.125614, -0.050694, 0.125614, 0.0, -0.992079, 0.250229, 0.0, 1.0, 0.0, 0.709313, 0.0, 0.0, 0.0, 1.0],
                [0.992471, 0.0, 0.122481, -0.05269, 0.122481, 0.0, -0.992471, 0.25531, 0.0, 1.0, 0.0, 0.713044, 0.0, 0.0, 0.0, 1.0],
                [0.992907, 0.0, 0.118893, -0.054489, 0.118893, 0.0, -0.992907, 0.261812, 0.0, 1.0, 0.0, 0.716842, 0.0, 0.0, 0.0, 1.0],
                [0.993493, 0.0, 0.113894, -0.05608, 0.113894, 0.0, -0.993493, 0.270347, 0.0, 1.0, 0.0, 0.720573, 0.0, 0.0, 0.0, 1.0],
                [0.99431, 0.0, 0.106522, -0.057454, 0.106522, 0.0, -0.99431, 0.281527, 0.0, 1.0, 0.0, 0.7241, 0.0, 0.0, 0.0, 1.0],
                [0.9954, 0.0, 0.095811, -0.0586, 0.095811, 0.0, -0.9954, 0.295962, 0.0, 1.0, 0.0, 0.72729, 0.0, 0.0, 0.0, 1.0],
                [0.996731, 0.0, 0.080786, -0.059509, 0.080786, 0.0, -0.996731, 0.314264, 0.0, 1.0, 0.0, 0.730006, 0.0, 0.0, 0.0, 1.0],
                [0.99817, 0.0, 0.060463, -0.060171, 0.060463, 0.0, -0.99817, 0.337045, 0.0, 1.0, 0.0, 0.732113, 0.0, 0.0, 0.0, 1.0],
                [0.999427, 0.0, 0.033858, -0.060575, 0.033858, 0.0, -0.999427, 0.364916, 0.0, 1.0, 0.0, 0.733477, 0.0, 0.0, 0.0, 1.0],
                [1.0, 0.0, 0.0, -0.060712, 0.0, 0.0, -1.0, 0.398488, 0.0, 1.0, 0.0, 0.733962, 0.0, 0.0, 0.0, 1.0],
                [0.997285, 0.0, -0.07364, -0.056478, -0.07364, 0.0, -0.997285, 0.511061, 0.0, 1.0, 0.0, 0.723172, 0.0, 0.0, 0.0, 1.0],
                [0.979894, 0.0, -0.199521, -0.045891, -0.199521, 0.0, -0.979894, 0.736027, 0.0, 1.0, 0.0, 0.696198, 0.0, 0.0, 0.0, 1.0],
                [0.938483, 0.0, -0.345325, -0.032129, -0.345325, 0.0, -0.938483, 1.014137, 0.0, 1.0, 0.0, 0.661132, 0.0, 0.0, 0.0, 1.0],
                [0.878561, 0.0, -0.477631, -0.018366, -0.477631, 0.0, -0.878561, 1.286142, 0.0, 1.0, 0.0, 0.626066, 0.0, 0.0, 0.0, 1.0],
                [0.821788, 0.0, -0.569794, -0.00778, -0.569794, 0.0, -0.821788, 1.492795, 0.0, 1.0, 0.0, 0.599092, 0.0, 0.0, 0.0, 1.0],
                [0.796925, 0.0, -0.604078, -0.003545, -0.604078, 0.0, -0.796925, 1.574845, 0.0, 1.0, 0.0, 0.588303, 0.0, 0.0, 0.0, 1.0],
                [0.796925, 0.0, -0.604078, -0.003545, -0.604078, 0.0, -0.796925, 1.574845, 0.0, 1.0, 0.0, 0.588303, 0.0, 0.0, 0.0, 1.0],
                [0.796925, 0.0, -0.604078, -0.003545, -0.604078, 0.0, -0.796925, 1.574845, 0.0, 1.0, 0.0, 0.588303, 0.0, 0.0, 0.0, 1.0],
                [0.796925, 0.0, -0.604078, -0.003545, -0.604078, 0.0, -0.796925, 1.574845, 0.0, 1.0, 0.0, 0.588303, 0.0, 0.0, 0.0, 1.0],
                [0.796925, 0.0, -0.604078, -0.003545, -0.604078, 0.0, -0.796925, 1.574845, 0.0, 1.0, 0.0, 0.588303, 0.0, 0.0, 0.0, 1.0],
                [0.796925, 0.0, -0.604078, -0.003545, -0.604078, 0.0, -0.796925, 1.574845, 0.0, 1.0, 0.0, 0.588303, 0.0, 0.0, 0.0, 1.0],
                [0.796925, 0.0, -0.604078, -0.003545, -0.604078, 0.0, -0.796925, 1.574845, 0.0, 1.0, 0.0, 0.588303, 0.0, 0.0, 0.0, 1.0],
                [0.796925, 0.0, -0.604078, -0.003545, -0.604078, 0.0, -0.796925, 1.574845, 0.0, 1.0, 0.0, 0.588303, 0.0, 0.0, 0.0, 1.0],
                [0.796925, 0.0, -0.604078, -0.003545, -0.604078, 0.0, -0.796925, 1.574845, 0.0, 1.0, 0.0, 0.588303, 0.0, 0.0, 0.0, 1.0],
                [0.796925, 0.0, -0.604078, -0.003545, -0.604078, 0.0, -0.796925, 1.574845, 0.0, 1.0, 0.0, 0.588303, 0.0, 0.0, 0.0, 1.0],
                [0.796925, 0.0, -0.604078, -0.003545, -0.604078, 0.0, -0.796925, 1.574845, 0.0, 1.0, 0.0, 0.588303, 0.0, 0.0, 0.0, 1.0],
                [0.796925, 0.0, -0.604078, -0.003545, -0.604078, 0.0, -0.796925, 1.574845, 0.0, 1.0, 0.0, 0.588303, 0.0, 0.0, 0.0, 1.0],
                [0.796925, 0.0, -0.604078, -0.003545, -0.604078, 0.0, -0.796925, 1.574845, 0.0, 1.0, 0.0, 0.588303, 0.0, 0.0, 0.0, 1.0],
                [0.796925, 0.0, -0.604078, -0.003545, -0.604078, 0.0, -0.796925, 1.574845, 0.0, 1.0, 0.0, 0.588303, 0.0, 0.0, 0.0, 1.0],
                [0.796925, 0.0, -0.604078, -0.003545, -0.604078, 0.0, -0.796925, 1.574845, 0.0, 1.0, 0.0, 0.588303, 0.0, 0.0, 0.0, 1.0],
                [0.796925, 0.0, -0.604078, -0.003545, -0.604078, 0.0, -0.796925, 1.574845, 0.0, 1.0, 0.0, 0.588303, 0.0, 0.0, 0.0, 1.0],
                [0.796925, 0.0, -0.604078, -0.003545, -0.604078, 0.0, -0.796925, 1.574845, 0.0, 1.0, 0.0, 0.588303, 0.0, 0.0, 0.0, 1.0],
                [0.796925, 0.0, -0.604078, -0.003545, -0.604078, 0.0, -0.796925, 1.574845, 0.0, 1.0, 0.0, 0.588303, 0.0, 0.0, 0.0, 1.0],
                [0.796925, 0.0, -0.604078, -0.003545, -0.604078, 0.0, -0.796925, 1.574845, 0.0, 1.0, 0.0, 0.588303, 0.0, 0.0, 0.0, 1.0],
                [0.796925, 0.0, -0.604078, -0.003545, -0.604078, 0.0, -0.796925, 1.574845, 0.0, 1.0, 0.0, 0.588303, 0.0, 0.0, 0.0, 1.0],
                [0.796925, 0.0, -0.604078, -0.003545, -0.604078, 0.0, -0.796925, 1.574845, 0.0, 1.0, 0.0, 0.588303, 0.0, 0.0, 0.0, 1.0],
                [0.796925, 0.0, -0.604078, -0.003545, -0.604078, 0.0, -0.796925, 1.574845, 0.0, 1.0, 0.0, 0.588303, 0.0, 0.0, 0.0, 1.0],
                [0.796925, 0.0, -0.604078, -0.003545, -0.604078, 0.0, -0.796925, 1.574845, 0.0, 1.0, 0.0, 0.588303, 0.0, 0.0, 0.0, 1.0],
                [0.796925, 0.0, -0.604078, -0.003545, -0.604078, 0.0, -0.796925, 1.574845, 0.0, 1.0, 0.0, 0.588303, 0.0, 0.0, 0.0, 1.0],
                [0.796925, 0.0, -0.604078, -0.003545, -0.604078, 0.0, -0.796925, 1.574845, 0.0, 1.0, 0.0, 0.588303, 0.0, 0.0, 0.0, 1.0],
                [0.796925, 0.0, -0.604078, -0.003545, -0.604078, 0.0, -0.796925, 1.574845, 0.0, 1.0, 0.0, 0.588303, 0.0, 0.0, 0.0, 1.0],
                [0.796925, 0.0, -0.604078, -0.003545, -0.604078, 0.0, -0.796925, 1.574845, 0.0, 1.0, 0.0, 0.588303, 0.0, 0.0, 0.0, 1.0],
                [0.796925, 0.0, -0.604078, -0.003545, -0.604078, 0.0, -0.796925, 1.574845, 0.0, 1.0, 0.0, 0.588303, 0.0, 0.0, 0.0, 1.0],
                [0.796925, 0.0, -0.604078, -0.003545, -0.604078, 0.0, -0.796925, 1.574845, 0.0, 1.0, 0.0, 0.588303, 0.0, 0.0, 0.0, 1.0],
                [0.796925, 0.0, -0.604078, -0.003545, -0.604078, 0.0, -0.796925, 1.574845, 0.0, 1.0, 0.0, 0.588303, 0.0, 0.0, 0.0, 1.0],
                [0.796925, 0.0, -0.604078, -0.003545, -0.604078, 0.0, -0.796925, 1.574845, 0.0, 1.0, 0.0, 0.588303, 0.0, 0.0, 0.0, 1.0],
                [0.796925, 0.0, -0.604078, -0.003545, -0.604078, 0.0, -0.796925, 1.574845, 0.0, 1.0, 0.0, 0.588303, 0.0, 0.0, 0.0, 1.0],
                [0.796925, 0.0, -0.604078, -0.003545, -0.604078, 0.0, -0.796925, 1.574845, 0.0, 1.0, 0.0, 0.588303, 0.0, 0.0, 0.0, 1.0],
                [0.796925, 0.0, -0.604078, -0.003545, -0.604078, 0.0, -0.796925, 1.574845, 0.0, 1.0, 0.0, 0.588303, 0.0, 0.0, 0.0, 1.0],
                [0.796925, 0.0, -0.604078, -0.003545, -0.604078, 0.0, -0.796925, 1.574845, 0.0, 1.0, 0.0, 0.588303, 0.0, 0.0, 0.0, 1.0],
                [0.796925, 0.0, -0.604078, -0.003545, -0.604078, 0.0, -0.796925, 1.574845, 0.0, 1.0, 0.0, 0.588303, 0.0, 0.0, 0.0, 1.0],
                [0.796925, 0.0, -0.604078, -0.003545, -0.604078, 0.0, -0.796925, 1.574845, 0.0, 1.0, 0.0, 0.588303, 0.0, 0.0, 0.0, 1.0],
                [0.796925, 0.0, -0.604078, -0.003545, -0.604078, 0.0, -0.796925, 1.574845, 0.0, 1.0, 0.0, 0.588303, 0.0, 0.0, 0.0, 1.0],
                [0.796925, 0.0, -0.604078, -0.003545, -0.604078, 0.0, -0.796925, 1.574845, 0.0, 1.0, 0.0, 0.588303, 0.0, 0.0, 0.0, 1.0],
                [0.796925, 0.0, -0.604078, -0.003545, -0.604078, 0.0, -0.796925, 1.574845, 0.0, 1.0, 0.0, 0.588303, 0.0, 0.0, 0.0, 1.0],
                [0.797171, 0.0, -0.603754, -0.003539, -0.603754, 0.0, -0.797171, 1.575339, 0.0, 1.0, 0.0, 0.58851, 0.0, 0.0, 0.0, 1.0],
                [0.797891, 0.0, -0.602802, -0.00352, -0.602802, 0.0, -0.797891, 1.576786, 0.0, 1.0, 0.0, 0.589119, 0.0, 0.0, 0.0, 1.0],
                [0.799058, 0.0, -0.601254, -0.003488, -0.601254, 0.0, -0.799058, 1.579137, 0.0, 1.0, 0.0, 0.590107, 0.0, 0.0, 0.0, 1.0],
                [0.800645, 0.0, -0.599139, -0.003446, -0.599139, 0.0, -0.800645, 1.582341, 0.0, 1.0, 0.0, 0.591454, 0.0, 0.0, 0.0, 1.0],
                [0.802621, 0.0, -0.596489, -0.003393, -0.596489, 0.0, -0.802621, 1.586348, 0.0, 1.0, 0.0, 0.593139, 0.0, 0.0, 0.0, 1.0],
                [0.804958, 0.0, -0.593332, -0.00333, -0.593332, 0.0, -0.804958, 1.591108, 0.0, 1.0, 0.0, 0.59514, 0.0, 0.0, 0.0, 1.0],
                [0.807625, 0.0, -0.589697, -0.003258, -0.589697, 0.0, -0.807625, 1.596571, 0.0, 1.0, 0.0, 0.597436, 0.0, 0.0, 0.0, 1.0],
                [0.810591, 0.0, -0.585613, -0.003177, -0.585613, 0.0, -0.810591, 1.602687, 0.0, 1.0, 0.0, 0.600007, 0.0, 0.0, 0.0, 1.0],
                [0.813827, 0.0, -0.581107, -0.003088, -0.581107, 0.0, -0.813827, 1.609405, 0.0, 1.0, 0.0, 0.602831, 0.0, 0.0, 0.0, 1.0],
                [0.817301, 0.0, -0.576211, -0.002992, -0.576211, 0.0, -0.817301, 1.616675, 0.0, 1.0, 0.0, 0.605887, 0.0, 0.0, 0.0, 1.0],
                [0.820984, 0.0, -0.570952, -0.002889, -0.570952, 0.0, -0.820984, 1.624447, 0.0, 1.0, 0.0, 0.609154, 0.0, 0.0, 0.0, 1.0],
                [0.824844, 0.0, -0.56536, -0.00278, -0.56536, 0.0, -0.824844, 1.63267, 0.0, 1.0, 0.0, 0.612612, 0.0, 0.0, 0.0, 1.0],
                [0.828853, 0.0, -0.559466, -0.002666, -0.559466, 0.0, -0.828853, 1.641296, 0.0, 1.0, 0.0, 0.616237, 0.0, 0.0, 0.0, 1.0],
                [0.832982, 0.0, -0.553301, -0.002548, -0.553301, 0.0, -0.832982, 1.650272, 0.0, 1.0, 0.0, 0.620011, 0.0, 0.0, 0.0, 1.0],
                [0.837201, 0.0, -0.546895, -0.002425, -0.546895, 0.0, -0.837201, 1.65955, 0.0, 1.0, 0.0, 0.623911, 0.0, 0.0, 0.0, 1.0],
                [0.841484, 0.0, -0.540282, -0.002299, -0.540282, 0.0, -0.841484, 1.669079, 0.0, 1.0, 0.0, 0.627917, 0.0, 0.0, 0.0, 1.0],
                [0.845804, 0.0, -0.533494, -0.00217, -0.533494, 0.0, -0.845804, 1.678808, 0.0, 1.0, 0.0, 0.632007, 0.0, 0.0, 0.0, 1.0],
                [0.850135, 0.0, -0.526564, -0.00204, -0.526564, 0.0, -0.850135, 1.688689, 0.0, 1.0, 0.0, 0.63616, 0.0, 0.0, 0.0, 1.0],
                [0.854453, 0.0, -0.519529, -0.001908, -0.519529, 0.0, -0.854453, 1.698669, 0.0, 1.0, 0.0, 0.640356, 0.0, 0.0, 0.0, 1.0],
                [0.858734, 0.0, -0.512421, -0.001775, -0.512421, 0.0, -0.858734, 1.7087, 0.0, 1.0, 0.0, 0.644573, 0.0, 0.0, 0.0, 1.0],
                [0.862956, 0.0, -0.505279, -0.001642, -0.505279, 0.0, -0.862956, 1.718731, 0.0, 1.0, 0.0, 0.648789, 0.0, 0.0, 0.0, 1.0],
                [0.867098, 0.0, -0.498138, -0.00151, -0.498138, 0.0, -0.867098, 1.728711, 0.0, 1.0, 0.0, 0.652985, 0.0, 0.0, 0.0, 1.0],
                [0.871139, 0.0, -0.491036, -0.00138, -0.491036, 0.0, -0.871139, 1.738591, 0.0, 1.0, 0.0, 0.657138, 0.0, 0.0, 0.0, 1.0],
                [0.875062, 0.0, -0.48401, -0.001251, -0.48401, 0.0, -0.875062, 1.748321, 0.0, 1.0, 0.0, 0.661229, 0.0, 0.0, 0.0, 1.0],
                [0.878849, 0.0, -0.477101, -0.001125, -0.477101, 0.0, -0.878849, 1.75785, 0.0, 1.0, 0.0, 0.665234, 0.0, 0.0, 0.0, 1.0],
                [0.882482, 0.0, -0.470346, -0.001002, -0.470346, 0.0, -0.882482, 1.767128, 0.0, 1.0, 0.0, 0.669134, 0.0, 0.0, 0.0, 1.0],
                [0.885948, 0.0, -0.463785, -0.000883, -0.463785, 0.0, -0.885948, 1.776104, 0.0, 1.0, 0.0, 0.672908, 0.0, 0.0, 0.0, 1.0],
                [0.889231, 0.0, -0.457458, -0.000769, -0.457458, 0.0, -0.889231, 1.784729, 0.0, 1.0, 0.0, 0.676534, 0.0, 0.0, 0.0, 1.0],
                [0.892319, 0.0, -0.451405, -0.000661, -0.451405, 0.0, -0.892319, 1.792953, 0.0, 1.0, 0.0, 0.679991, 0.0, 0.0, 0.0, 1.0],
                [0.895199, 0.0, -0.445667, -0.000558, -0.445667, 0.0, -0.895199, 1.800725, 0.0, 1.0, 0.0, 0.683258, 0.0, 0.0, 0.0, 1.0],
                [0.897858, 0.0, -0.440284, -0.000462, -0.440284, 0.0, -0.897858, 1.807995, 0.0, 1.0, 0.0, 0.686314, 0.0, 0.0, 0.0, 1.0],
                [0.900287, 0.0, -0.435297, -0.000373, -0.435297, 0.0, -0.900287, 1.814713, 0.0, 1.0, 0.0, 0.689138, 0.0, 0.0, 0.0, 1.0],
                [0.902473, 0.0, -0.430747, -0.000292, -0.430747, 0.0, -0.902473, 1.820829, 0.0, 1.0, 0.0, 0.691709, 0.0, 0.0, 0.0, 1.0],
                [0.904406, 0.0, -0.426674, -0.00022, -0.426674, 0.0, -0.904406, 1.826291, 0.0, 1.0, 0.0, 0.694006, 0.0, 0.0, 0.0, 1.0],
                [0.906074, 0.0, -0.423118, -0.000157, -0.423118, 0.0, -0.906074, 1.831052, 0.0, 1.0, 0.0, 0.696007, 0.0, 0.0, 0.0, 1.0],
                [0.907468, 0.0, -0.420121, -0.000104, -0.420121, 0.0, -0.907468, 1.835059, 0.0, 1.0, 0.0, 0.697691, 0.0, 0.0, 0.0, 1.0],
                [0.908575, 0.0, -0.417721, -6.1e-05, -0.417721, 0.0, -0.908575, 1.838263, 0.0, 1.0, 0.0, 0.699038, 0.0, 0.0, 0.0, 1.0],
                [0.909384, 0.0, -0.415958, -3e-05, -0.415958, 0.0, -0.909384, 1.840614, 0.0, 1.0, 0.0, 0.700027, 0.0, 0.0, 0.0, 1.0],
                [0.909879, 0.0, -0.414873, -1.1e-05, -0.414873, 0.0, -0.909879, 1.842061, 0.0, 1.0, 0.0, 0.700635, 0.0, 0.0, 0.0, 1.0],
                [0.910048, 0.0, -0.414502, -5e-06, -0.414502, 0.0, -0.910048, 1.842555, 0.0, 1.0, 0.0, 0.700842, 0.0, 0.0, 0.0, 1.0]
            ]
        },
        {
            "name": "Thigh_R",
            "time": [0.0, 0.0167, 0.0333, 0.05, 0.0667, 0.0833, 0.1, 0.1167, 0.1333, 0.15, 0.1667, 0.1833, 0.2, 0.2167, 0.2333, 0.25, 0.2667, 0.2833, 0.3, 0.3167, 0.3333, 0.35, 0.3667, 0.3833, 0.4, 0.4167, 0.4333, 0.45, 0.4667, 0.4833, 0.5, 0.5167, 0.5333, 0.55, 0.5667, 0.5833, 0.6, 0.6167, 0.6333, 0.65, 0.6667, 0.6833, 0.7, 0.7167, 0.7333, 0.75, 0.7667, 0.7833, 0.8, 0.8167, 0.8333, 0.85, 0.8667, 0.8833, 0.9, 0.9167, 0.9333, 0.95, 0.9667, 0.9833, 1.0, 1.0167, 1.0333, 1.05, 1.0667, 1.0833, 1.1, 1.1167, 1.1333, 1.15, 1.1667, 1.1833, 1.2, 1.2167, 1.2333, 1.25, 1.2667, 1.2833, 1.3, 1.3167, 1.3333, 1.35, 1.3667, 1.3833, 1.4, 1.4167, 1.4333, 1.45, 1.4667, 1.4833, 1.5, 1.5167, 1.5333, 1.55, 1.5667, 1.5833, 1.6, 1.6167, 1.6333, 1.65, 1.6667, 1.6833, 1.7, 1.7167, 1.7333, 1.75, 1.7667, 1.7833, 1.8, 1.8167, 1.8333, 1.85, 1.8667, 1.8833, 1.9, 1.9167],
            "transform": [
                [0.818882, 0.12585, 0.559994, 0.124994, -0.022859, -0.967738, 0.250912, -0.002831, 0.573506, -0.218267, -0.789589, -1.2e-05, 0.0, 0.0, 0.0, 1.0],
                [0.821229, 0.126091, 0.556492, 0.124994, -0.023947, -0.966801, 0.2544, -0.002831, 0.570095, -0.222246, -0.790948, -1.2e-05, 0.0, 0.0, 0.0, 1.0],
                [0.827819, 0.126668, 0.546508, 0.124994, -0.026922, -0.964081, 0.264233, -0.002831, 0.560349, -0.233449, -0.794676, -1.2e-05, 0.0, 0.0, 0.0, 1.0],
                [0.837908, 0.127269, 0.530766, 0.124994, -0.031271, -0.959641, 0.279476, -0.002831, 0.544914, -0.250772, -0.800113, -1.2e-05, 0.0, 0.0, 0.0, 1.0],
                [0.850692, 0.127517, 0.509962, 0.124994, -0.036421, -0.953498, 0.299183, -0.002831, 0.5244, -0.273086, -0.806492, -1.2e-05, 0.0, 0.0, 0.0, 1.0],
                [0.865338, 0.127033, 0.484823, 0.124994, -0.04179, -0.945686, 0.322378, -0.002831, 0.499443, -0.299226, -0.813032, -1.2e-05, 0.0, 0.0, 0.0, 1.0],
                [0.881014, 0.12549, 0.456142, 0.124994, -0.046831, -0.936306, 0.348043, -0.002831, 0.470765, -0.327991, -0.819025, -1.2e-05, 0.0, 0.0, 0.0, 1.0],
                [0.896935, 0.122667, 0.424806, 0.124994, -0.051081, -0.925565, 0.375121, -0.002831, 0.439202, -0.358157, -0.823908, -1.2e-05, 0.0, 0.0, 0.0, 1.0],
                [0.912393, 0.118478, 0.391792, 0.124994, -0.054193, -0.913796, 0.402537, -0.002831, 0.40571, -0.388503, -0.827323, -1.2e-05, 0.0, 0.0, 0.0, 1.0],
                [0.926801, 0.112996, 0.35815, 0.124994, -0.05596, -0.901461, 0.429223, -0.002831, 0.37136, -0.417845, -0.829154, -1.2e-05, 0.0, 0.0, 0.0, 1.0],
                [0.939709, 0.106458, 0.32498, 0.124994, -0.056328, -0.889142, 0.454148, -0.002831, 0.337302, -0.445072, -0.829541, -1.2e-05, 0.0, 0.0, 0.0, 1.0],
                [0.950827, 0.099244, 0.293392, 0.124994, -0.055389, -0.877512, 0.476341, -0.002831, 0.304729, -0.469167, -0.828868, -1.2e-05, 0.0, 0.0, 0.0, 1.0],
                [0.960007, 0.091856, 0.264476, 0.124994, -0.053357, -0.867305, 0.494907, -0.002831, 0.274842, -0.489224, -0.82772, -1.2e-05, 0.0, 0.0, 0.0, 1.0],
                [0.967232, 0.084869, 0.239287, 0.124994, -0.050531, -0.859269, 0.509019, -0.002831, 0.248812, -0.50443, -0.826827, -1.2e-05, 0.0, 0.0, 0.0, 1.0],
                [0.972567, 0.078889, 0.218834, 0.124994, -0.047248, -0.854134, 0.517899, -0.002831, 0.227771, -0.51403, -0.826978, -1.2e-05, 0.0, 0.0, 0.0, 1.0],
                [0.976112, 0.074496, 0.204096, 0.124994, -0.043822, -0.852565, 0.520778, -0.002831, 0.212801, -0.517281, -0.828937, -1.2e-05, 0.0, 0.0, 0.0, 1.0],
                [0.978406, 0.071476, 0.19394, 0.124994, -0.040786, -0.853088, 0.520167, -0.002831, 0.202628, -0.516843, -0.831754, -1.2e-05, 0.0, 0.0, 0.0, 1.0],
                [0.980041, 0.069259, 0.18634, 0.124994, -0.038302, -0.853996, 0.518865, -0.002831, 0.19507, -0.515645, -0.834301, -1.2e-05, 0.0, 0.0, 0.0, 1.0],
                [0.981158, 0.067829, 0.180905, 0.124994, -0.036088, -0.855524, 0.516501, -0.002831, 0.189803, -0.513296, -0.836959, -1.2e-05, 0.0, 0.0, 0.0, 1.0],
                [0.981873, 0.067168, 0.177239, 0.124994, -0.033859, -0.857901, 0.512695, -0.002831, 0.186491, -0.509401, -0.840078, -1.2e-05, 0.0, 0.0, 0.0, 1.0],
                [0.982279, 0.067256, 0.174942, 0.124994, -0.03133, -0.861341, 0.507057, -0.002831, 0.184788, -0.503551, -0.843972, -1.2e-05, 0.0, 0.0, 0.0, 1.0],
                [0.982457, 0.068072, 0.173621, 0.124994, -0.02821, -0.866038, 0.499179, -0.002831, 0.184342, -0.495318, -0.848927, -1.2e-05, 0.0, 0.0, 0.0, 1.0],
                [0.982479, 0.069595, 0.172889, 0.124994, -0.024205, -0.872154, 0.48863, -0.002831, 0.184792, -0.484252, -0.855191, -1.2e-05, 0.0, 0.0, 0.0, 1.0],
                [0.982411, 0.071813, 0.172369, 0.124994, -0.019018, -0.879809, 0.474943, -0.002831, 0.185759, -0.469867, -0.862971, -1.2e-05, 0.0, 0.0, 0.0, 1.0],
                [0.982312, 0.074724, 0.171696, 0.124994, -0.012353, -0.889066, 0.457608, -0.002831, 0.186844, -0.451634, -0.872419, -1.2e-05, 0.0, 0.0, 0.0, 1.0],
                [0.982235, 0.078349, 0.170514, 0.124994, -0.003915, -0.89991, 0.436053, -0.002831, 0.187612, -0.428973, -0.883619, -1.2e-05, 0.0, 0.0, 0.0, 1.0],
                [0.982227, 0.082735, 0.168479, 0.124994, 0.006576, -0.912224, 0.409634, -0.002831, 0.187582, -0.401244, -0.896558, -1.2e-05, 0.0, 0.0, 0.0, 1.0],
                [0.982319, 0.087973, 0.165256, 0.124994, 0.01938, -0.925755, 0.377622, -0.002831, 0.186207, -0.367741, -0.911095, -1.2e-05, 0.0, 0.0, 0.0, 1.0],
                [0.982525, 0.094202, 0.160527, 0.124994, 0.034713, -0.940072, 0.339199, -0.002831, 0.182861, -0.327698, -0.926917, -1.2e-05, 0.0, 0.0, 0.0, 1.0],
                [0.98283, 0.10163, 0.153996, 0.124994, 0.05272, -0.954513, 0.293464, -0.002831, 0.176816, -0.280305, -0.943486, -1.2e-05, 0.0, 0.0, 0.0, 1.0],
                [0.983177, 0.110544, 0.1454, 0.124994, 0.07344, -0.968125, 0.239451, -0.002831, 0.167236, -0.224744, -0.95996, -1.2e-05, 0.0, 0.0, 0.0, 1.0],
                [0.98178, 0.141581, 0.126733, 0.124994, 0.122362, -0.981328, 0.148389, -0.002831, 0.145376, -0.130178, -0.980775, -1.2e-05, 0.0, 0.0, 0.0, 1.0],
                [0.973117, 0.207146, 0.100658, 0.124994, 0.20762, -0.97819, 0.005867, -0.002831, 0.099678, 0.015189, -0.994904, -1.2e-05, 0.0, 0.0, 0.0, 1.0],
                [0.953196, 0.291047, 0.0819, 0.124994, 0.300802, -0.940244, -0.159548, -0.002831, 0.03057, 0.176717, -0.983787, -1.2e-05, 0.0, 0.0, 0.0, 1.0],
                [0.925012, 0.371978, 0.077361, 0.124994, 0.376864, -0.872456, -0.311113, -0.002831, -0.048233, 0.316937, -0.947219, -1.2e-05, 0.0, 0.0, 0.0, 1.0],
                [0.898889, 0.430336, 0.082516, 0.124994, 0.423352, -0.804366, -0.416853, -0.002831, -0.113014, 0.409637, -0.905221, -1.2e-05, 0.0, 0.0, 0.0, 1.0],
                [0.887612, 0.452406, 0.086448, 0.124994, 0.438996, -0.774159, -0.456023, -0.002831, -0.139384, 0.442721, -0.885759, -1.2e-05, 0.0, 0.0, 0.0, 1.0],
                [0.887612, 0.452406, 0.086448, 0.124994, 0.438996, -0.774159, -0.456023, -0.002831, -0.139384, 0.442721, -0.885759, -1.2e-05, 0.0, 0.0, 0.0, 1.0],
                [0.887612, 0.452406, 0.086448, 0.124994, 0.438996, -0.774159, -0.456023, -0.002831, -0.139384, 0.442721, -0.885759, -1.2e-05, 0.0, 0.0, 0.0, 1.0],
                [0.887612, 0.452406, 0.086448, 0.124994, 0.438996, -0.774159, -0.456023, -0.002831, -0.139384, 0.442721, -0.885759, -1.2e-05, 0.0, 0.0, 0.0, 1.0],
                [0.887612, 0.452406, 0.086448, 0.124994, 0.438996, -0.774159, -0.456023, -0.002831, -0.139384, 0.442721, -0.885759, -1.2e-05, 0.0, 0.0, 0.0, 1.0],
                [0.887612, 0.452406, 0.086448, 0.124994, 0.438996, -0.774159, -0.456023, -0.002831, -0.139384, 0.442721, -0.885759, -1.2e-05, 0.0, 0.0, 0.0, 1.0],
                [0.887612, 0.452406, 0.086448, 0.124994, 0.438996, -0.774159, -0.456023, -0.002831, -0.139384, 0.442721, -0.885759, -1.2e-05, 0.0, 0.0, 0.0, 1.0],
                [0.887612, 0.452406, 0.086448, 0.124994, 0.438996, -0.774159, -0.456023, -0.002831, -0.139384, 0.442721, -0.885759, -1.2e-05, 0.0, 0.0, 0.0, 1.0],
                [0.887612, 0.452406, 0.086448, 0.124994, 0.438996, -0.774159, -0.456023, -0.002831, -0.139384, 0.442721, -0.885759, -1.2e-05, 0.0, 0.0, 0.0, 1.0],
                [0.887612, 0.452406, 0.086448, 0.124994, 0.438996, -0.774159, -0.456023, -0.002831, -0.139384, 0.442721, -0.885759, -1.2e-05, 0.0, 0.0, 0.0, 1.0],
                [0.887612, 0.452406, 0.086448, 0.124994, 0.438996, -0.774159, -0.456023, -0.002831, -0.139384, 0.442721, -0.885759, -1.2e-05, 0.0, 0.0, 0.0, 1.0],
                [0.887612, 0.452406, 0.086448, 0.124994, 0.438996, -0.774159, -0.456023, -0.002831, -0.139384, 0.442721, -0.885759, -1.2e-05, 0.0, 0.0, 0.0, 1.0],
                [0.887612, 0.452406, 0.086448, 0.124994, 0.438996, -0.774159, -0.456023, -0.002831, -0.139384, 0.442721, -0.885759, -1.2e-05, 0.0, 0.0, 0.0, 1.0],
                [0.887612, 0.452406, 0.086448, 0.124994, 0.438996, -0.774159, -0.456023, -0.002831, -0.139384, 0.442721, -0.885759, -1.2e-05, 0.0, 0.0, 0.0, 1.0],
                [0.887612, 0.452406, 0.086448, 0.124994, 0.438996, -0.774159, -0.456023, -0.002831, -0.139384, 0.442721, -0.885759, -1.2e-05, 0.0, 0.0, 0.0, 1.0],
                [0.887612, 0.452406, 0.086448, 0.124994, 0.438996, -0.774159, -0.456023, -0.002831, -0.139384, 0.442721, -0.885759, -1.2e-05, 0.0, 0.0, 0.0, 1.0],
                [0.887612, 0.452406, 0.086448, 0.124994, 0.438996, -0.774159, -0.456023, -0.002831, -0.139384, 0.442721, -0.885759, -1.2e-05, 0.0, 0.0, 0.0, 1.0],
                [0.887612, 0.452406, 0.086448, 0.124994, 0.438996, -0.774159, -0.456023, -0.002831, -0.139384, 0.442721, -0.885759, -1.2e-05, 0.0, 0.0, 0.0, 1.0],
                [0.887612, 0.452406, 0.086448, 0.124994, 0.438996, -0.774159, -0.456023, -0.002831, -0.139384, 0.442721, -0.885759, -1.2e-05, 0.0, 0.0, 0.0, 1.0],
                [0.887612, 0.452406, 0.086448, 0.124994, 0.438996, -0.774159, -0.456023, -0.002831, -0.139384, 0.442721, -0.885759, -1.2e-05, 0.0, 0.0, 0.0, 1.0],
                [0.887612, 0.452406, 0.086448, 0.124994, 0.438996, -0.774159, -0.456023, -0.002831, -0.139384, 0.442721, -0.885759, -1.2e-05, 0.0, 0.0, 0.0, 1.0],
                [0.887612, 0.452406, 0.086448, 0.124994, 0.438996, -0.774159, -0.456023, -0.002831, -0.139384, 0.442721, -0.885759, -1.2e-05, 0.0, 0.0, 0.0, 1.0],
                [0.887612, 0.452406, 0.086448, 0.124994, 0.438996, -0.774159, -0.456023, -0.002831, -0.139384, 0.442721, -0.885759, -1.2e-05, 0.0, 0.0, 0.0, 1.0],
                [0.887612, 0.452406, 0.086448, 0.124994, 0.438996, -0.774159, -0.456023, -0.002831, -0.139384, 0.442721, -0.885759, -1.2e-05, 0.0, 0.0, 0.0, 1.0],
                [0.887612, 0.452406, 0.086448, 0.124994, 0.438996, -0.774159, -0.456023, -0.002831, -0.139384, 0.442721, -0.885759, -1.2e-05, 0.0, 0.0, 0.0, 1.0],
                [0.887612, 0.452406, 0.086448, 0.124994, 0.438996, -0.774159, -0.456023, -0.002831, -0.139384, 0.442721, -0.885759, -1.2e-05, 0.0, 0.0, 0.0, 1.0],
                [0.887612, 0.452406, 0.086448, 0.124994, 0.438996, -0.774159, -0.456023, -0.002831, -0.139384, 0.442721, -0.885759, -1.2e-05, 0.0, 0.0, 0.0, 1.0],
                [0.887612, 0.452406, 0.086448, 0.124994, 0.438996, -0.774159, -0.456023, -0.002831, -0.139384, 0.442721, -0.885759, -1.2e-05, 0.0, 0.0, 0.0, 1.0],
                [0.887612, 0.452406, 0.086448, 0.124994, 0.438996, -0.774159, -0.456023, -0.002831, -0.139384, 0.442721, -0.885759, -1.2e-05, 0.0, 0.0, 0.0, 1.0],
                [0.887612, 0.452406, 0.086448, 0.124994, 0.438996, -0.774159, -0.456023, -0.002831, -0.139384, 0.442721, -0.885759, -1.2e-05, 0.0, 0.0, 0.0, 1.0],
                [0.887612, 0.452406, 0.086448, 0.124994, 0.438996, -0.774159, -0.456023, -0.002831, -0.139384, 0.442721, -0.885759, -1.2e-05, 0.0, 0.0, 0.0, 1.0],
                [0.887612, 0.452406, 0.086448, 0.124994, 0.438996, -0.774159, -0.456023, -0.002831, -0.139384, 0.442721, -0.885759, -1.2e-05, 0.0, 0.0, 0.0, 1.0],
                [0.887612, 0.452406, 0.086448, 0.124994, 0.438996, -0.774159, -0.456023, -0.002831, -0.139384, 0.442721, -0.885759, -1.2e-05, 0.0, 0.0, 0.0, 1.0],
                [0.887612, 0.452406, 0.086448, 0.124994, 0.438996, -0.774159, -0.456023, -0.002831, -0.139384, 0.442721, -0.885759, -1.2e-05, 0.0, 0.0, 0.0, 1.0],
                [0.887612, 0.452406, 0.086448, 0.124994, 0.438996, -0.774159, -0.456023, -0.002831, -0.139384, 0.442721, -0.885759, -1.2e-05, 0.0, 0.0, 0.0, 1.0],
                [0.887612, 0.452406, 0.086448, 0.124994, 0.438996, -0.774159, -0.456023, -0.002831, -0.139384, 0.442721, -0.885759, -1.2e-05, 0.0, 0.0, 0.0, 1.0],
                [0.887612, 0.452406, 0.086448, 0.124994, 0.438996, -0.774159, -0.456023, -0.002831, -0.139384, 0.442721, -0.885759, -1.2e-05, 0.0, 0.0, 0.0, 1.0],
                [0.887612, 0.452406, 0.086448, 0.124994, 0.438996, -0.774159, -0.456023, -0.002831, -0.139384, 0.442721, -0.885759, -1.2e-05, 0.0, 0.0, 0.0, 1.0],
                [0.887612, 0.452406, 0.086448, 0.124994, 0.438996, -0.774159, -0.456023, -0.002831, -0.139384, 0.442721, -0.885759, -1.2e-05, 0.0, 0.0, 0.0, 1.0],
                [0.887612, 0.452406, 0.086448, 0.124994, 0.438996, -0.774159, -0.456023, -0.002831, -0.139384, 0.442721, -0.885759, -1.2e-05, 0.0, 0.0, 0.0, 1.0],
                [0.887768, 0.452026, 0.086829, 0.124994, 0.43901, -0.774822, -0.454883, -0.002831, -0.138343, 0.441948, -0.886308, -1.2e-05, 0.0, 0.0, 0.0, 1.0],
                [0.888222, 0.450915, 0.087949, 0.124994, 0.439042, -0.776761, -0.451533, -0.002831, -0.135288, 0.439674, -0.88791, -1.2e-05, 0.0, 0.0, 0.0, 1.0],
                [0.888952, 0.449113, 0.089781, 0.124994, 0.439068, -0.779894, -0.446074, -0.002831, -0.130319, 0.435957, -0.890482, -1.2e-05, 0.0, 0.0, 0.0, 1.0],
                [0.889928, 0.446664, 0.092299, 0.124994, 0.439054, -0.78413, -0.438599, -0.002831, -0.123532, 0.430845, -0.893931, -1.2e-05, 0.0, 0.0, 0.0, 1.0],
                [0.891117, 0.443612, 0.095484, 0.124994, 0.438952, -0.789373, -0.429196, -0.002831, -0.115024, 0.424376, -0.89815, -1.2e-05, 0.0, 0.0, 0.0, 1.0],
                [0.892486, 0.440004, 0.099319, 0.124994, 0.438711, -0.795518, -0.417948, -0.002831, -0.104889, 0.416585, -0.903026, -1.2e-05, 0.0, 0.0, 0.0, 1.0],
                [0.893995, 0.435889, 0.103787, 0.124994, 0.438271, -0.802458, -0.40494, -0.002831, -0.093224, 0.407501, -0.908434, -1.2e-05, 0.0, 0.0, 0.0, 1.0],
                [0.895607, 0.431316, 0.108874, 0.124994, 0.43757, -0.81008, -0.390257, -0.002831, -0.080128, 0.397156, -0.914246, -1.2e-05, 0.0, 0.0, 0.0, 1.0],
                [0.89728, 0.426338, 0.114561, 0.124994, 0.436545, -0.818266, -0.373986, -0.002831, -0.065703, 0.385581, -0.920332, -1.2e-05, 0.0, 0.0, 0.0, 1.0],
                [0.898973, 0.421006, 0.120832, 0.124994, 0.435134, -0.8269, -0.35622, -0.002831, -0.050055, 0.37281, -0.926557, -1.2e-05, 0.0, 0.0, 0.0, 1.0],
                [0.900646, 0.415375, 0.127665, 0.124994, 0.433275, -0.83586, -0.337059, -0.002831, -0.033296, 0.358884, -0.932788, -1.2e-05, 0.0, 0.0, 0.0, 1.0],
                [0.90226, 0.4095, 0.135036, 0.124994, 0.430911, -0.845028, -0.316608, -0.002831, -0.015542, 0.343852, -0.938895, -1.2e-05, 0.0, 0.0, 0.0, 1.0],
                [0.903777, 0.403437, 0.142918, 0.124994, 0.427993, -0.854285, -0.294984, -0.002831, 0.003085, 0.327767, -0.944754, -1.2e-05, 0.0, 0.0, 0.0, 1.0],
                [0.90516, 0.397241, 0.151276, 0.124994, 0.424478, -0.863518, -0.27231, -0.002831, 0.022457, 0.310697, -0.950244, -1.2e-05, 0.0, 0.0, 0.0, 1.0],
                [0.906377, 0.390968, 0.160074, 0.124994, 0.420332, -0.872615, -0.248717, -0.002831, 0.042442, 0.292716, -0.955257, -1.2e-05, 0.0, 0.0, 0.0, 1.0],
                [0.9074, 0.384672, 0.169269, 0.124994, 0.415533, -0.881474, -0.224347, -0.002831, 0.062906, 0.273909, -0.959696, -1.2e-05, 0.0, 0.0, 0.0, 1.0],
                [0.908204, 0.378405, 0.178813, 0.124994, 0.410071, -0.889999, -0.199348, -0.002831, 0.083709, 0.254374, -0.963476, -1.2e-05, 0.0, 0.0, 0.0, 1.0],
                [0.908769, 0.372218, 0.188654, 0.124994, 0.403946, -0.898104, -0.173873, -0.002831, 0.104713, 0.234217, -0.966529, -1.2e-05, 0.0, 0.0, 0.0, 1.0],
                [0.909083, 0.366158, 0.198736, 0.124994, 0.397175, -0.905715, -0.148083, -0.002831, 0.125776, 0.213553, -0.968801, -1.2e-05, 0.0, 0.0, 0.0, 1.0],
                [0.909135, 0.360267, 0.208996, 0.124994, 0.389786, -0.912768, -0.122141, -0.002831, 0.146762, 0.192507, -0.970259, -1.2e-05, 0.0, 0.0, 0.0, 1.0],
                [0.908925, 0.354585, 0.219372, 0.124994, 0.381821, -0.919213, -0.096212, -0.002831, 0.167534, 0.17121, -0.970886, -1.2e-05, 0.0, 0.0, 0.0, 1.0],
                [0.908454, 0.349146, 0.229796, 0.124994, 0.373335, -0.925015, -0.070459, -0.002831, 0.187965, 0.1498, -0.970685, -1.2e-05, 0.0, 0.0, 0.0, 1.0],
                [0.907734, 0.34398, 0.2402, 0.124994, 0.364396, -0.930152, -0.045045, -0.002831, 0.207928, 0.128417, -0.969678, -1.2e-05, 0.0, 0.0, 0.0, 1.0],
                [0.906778, 0.33911, 0.250514, 0.124994, 0.355083, -0.934616, -0.020128, -0.002831, 0.227309, 0.107206, -0.967904, -1.2e-05, 0.0, 0.0, 0.0, 1.0],
                [0.905607, 0.334555, 0.260669, 0.124994, 0.345485, -0.938413, 0.004138, -0.002831, 0.246, 0.08631, -0.96542, -1.2e-05, 0.0, 0.0, 0.0, 1.0],
                [0.904246, 0.330328, 0.270594, 0.124994, 0.335699, -0.941562, 0.027609, -0.002831, 0.263902, 0.065873, -0.962298, -1.2e-05, 0.0, 0.0, 0.0, 1.0],
                [0.902726, 0.326437, 0.280223, 0.124994, 0.325831, -0.944095, 0.050147, -0.002831, 0.280927, 0.046037, -0.958625, -1.2e-05, 0.0, 0.0, 0.0, 1.0],
                [0.901078, 0.322884, 0.289488, 0.124994, 0.315992, -0.946053, 0.071622, -0.002831, 0.296996, 0.02694, -0.954499, -1.2e-05, 0.0, 0.0, 0.0, 1.0],
                [0.89934, 0.319669, 0.298325, 0.124994, 0.306295, -0.947487, 0.091914, -0.002831, 0.312041, 0.008714, -0.950029, -1.2e-05, 0.0, 0.0, 0.0, 1.0],
                [0.89755, 0.316787, 0.306673, 0.124994, 0.296859, -0.948456, 0.110912, -0.002831, 0.326002, -0.00851, -0.945331, -1.2e-05, 0.0, 0.0, 0.0, 1.0],
                [0.895749, 0.314228, 0.314472, 0.124994, 0.287802, -0.949026, 0.128513, -0.002831, 0.338825, -0.024609, -0.940528, -1.2e-05, 0.0, 0.0, 0.0, 1.0],
                [0.893978, 0.311983, 0.321667, 0.124994, 0.279242, -0.949265, 0.144621, -0.002831, 0.350467, -0.039465, -0.935744, -1.2e-05, 0.0, 0.0, 0.0, 1.0],
                [0.892277, 0.310039, 0.328201, 0.124994, 0.271296, -0.949245, 0.159148, -0.002831, 0.360886, -0.052964, -0.931105, -1.2e-05, 0.0, 0.0, 0.0, 1.0],
                [0.890689, 0.308382, 0.334025, 0.124994, 0.264078, -0.949037, 0.17201, -0.002831, 0.370047, -0.064998, -0.926737, -1.2e-05, 0.0, 0.0, 0.0, 1.0],
                [0.889253, 0.307, 0.339086, 0.124994, 0.2577, -0.948711, 0.183125, -0.002831, 0.377915, -0.075461, -0.92276, -1.2e-05, 0.0, 0.0, 0.0, 1.0],
                [0.888006, 0.305882, 0.343337, 0.124994, 0.252269, -0.948332, 0.192414, -0.002831, 0.384454, -0.08425, -0.919292, -1.2e-05, 0.0, 0.0, 0.0, 1.0],
                [0.886985, 0.305017, 0.346729, 0.124994, 0.247886, -0.947961, 0.199794, -0.002831, 0.389627, -0.091265, -0.91644, -1.2e-05, 0.0, 0.0, 0.0, 1.0],
                [0.886223, 0.304399, 0.349213, 0.124994, 0.244649, -0.947651, 0.205183, -0.002831, 0.39339, -0.096402, -0.914304, -1.2e-05, 0.0, 0.0, 0.0, 1.0],
                [0.885748, 0.304026, 0.35074, 0.124994, 0.242646, -0.947445, 0.208489, -0.002831, 0.395694, -0.099562, -0.91297, -1.2e-05, 0.0, 0.0, 0.0, 1.0],
                [0.885584, 0.303899, 0.351261, 0.124994, 0.241962, -0.947371, 0.209614, -0.002831, 0.396477, -0.100639, -0.912512, -1.2e-05, 0.0, 0.0, 0.0, 1.0]
            ]
        },
        {
            "name": "Leg_R",
            "time": [0.0, 0.0167, 0.0333, 0.05, 0.0667, 0.0833, 0.1, 0.1167, 0.1333, 0.15, 0.1667, 0.1833, 0.2, 0.2167, 0.2333, 0.25, 0.2667, 0.2833, 0.3, 0.3167, 0.3333, 0.35, 0.3667, 0.3833, 0.4, 0.4167, 0.4333, 0.45, 0.4667, 0.4833, 0.5, 0.5167, 0.5333, 0.55, 0.5667, 0.5833, 0.6, 0.6167, 0.6333, 0.65, 0.6667, 0.6833, 0.7, 0.7167, 0.7333, 0.75, 0.7667, 0.7833, 0.8, 0.8167, 0.8333, 0.85, 0.8667, 0.8833, 0.9, 0.9167, 0.9333, 0.95, 0.9667, 0.9833, 1.0, 1.0167, 1.0333, 1.05, 1.0667, 1.0833, 1.1, 1.1167, 1.1333, 1.15, 1.1667, 1.1833, 1.2, 1.2167, 1.2333, 1.25, 1.2667, 1.2833, 1.3, 1.3167, 1.3333, 1.35, 1.3667, 1.3833, 1.4, 1.4167, 1.4333, 1.45, 1.4667, 1.4833, 1.5, 1.5167, 1.5333, 1.55, 1.5667, 1.5833, 1.6, 1.6167, 1.6333, 1.65, 1.6667, 1.6833, 1.7, 1.7167, 1.7333, 1.75, 1.7667, 1.7833, 1.8, 1.8167, 1.8333, 1.85, 1.8667, 1.8833, 1.9, 1.9167],
            "transform": [
                [1.0, 0.0, 1e-06, 0.0, -0.0, 0.982825, 0.184546, 0.37472, -1e-06, -0.184546, 0.982823, 0.0, 0.0, 0.0, 0.0, 1.0],
                [1.0, 0.0, 1e-06, 0.0, -0.0, 0.982825, 0.184546, 0.37472, -1e-06, -0.184546, 0.982823, -0.0, 0.0, 0.0, 0.0, 1.0],
                [1.0, 0.0, 1e-06, -0.0, -0.0, 0.982825, 0.184546, 0.37472, -1e-06, -0.184546, 0.982823, -0.0, 0.0, 0.0, 0.0, 1.0],
                [1.0, 0.0, 1e-06, 0.0, -0.0, 0.982825, 0.184546, 0.37472, -1e-06, -0.184546, 0.982823, 0.0, 0.0, 0.0, 0.0, 1.0],
                [1.0, 0.0, 1e-06, -0.0, -0.0, 0.982825, 0.184546, 0.37472, -1e-06, -0.184546, 0.982823, 0.0, 0.0, 0.0, 0.0, 1.0],
                [1.0, 0.0, 1e-06, -0.0, -0.0, 0.980779, 0.195128, 0.37472, -1e-06, -0.195128, 0.980777, 0.0, 0.0, 0.0, 0.0, 1.0],
                [1.0, 0.0, 1e-06, 0.0, -0.0, 0.974551, 0.224167, 0.37472, -1e-06, -0.224167, 0.97455, -0.0, 0.0, 0.0, 0.0, 1.0],
                [1.0, 0.0, 1e-06, 0.0, -0.0, 0.963544, 0.267552, 0.37472, -1e-06, -0.267553, 0.963543, 0.0, 0.0, 0.0, 0.0, 1.0],
                [1.0, -0.0, 1e-06, 0.0, -0.0, 0.947081, 0.320996, 0.37472, -1e-06, -0.320996, 0.94708, 0.0, 0.0, 0.0, 0.0, 1.0],
                [1.0, -0.0, 1e-06, -0.0, -0.0, 0.924985, 0.380006, 0.37472, -1e-06, -0.380006, 0.924983, 0.0, 0.0, 0.0, 0.0, 1.0],
                [1.0, -0.0, 1e-06, -0.0, -0.0, 0.897988, 0.440021, 0.37472, -1e-06, -0.440022, 0.897987, -0.0, 0.0, 0.0, 0.0, 1.0],
                [1.0, -0.0, 1e-06, -0.0, -0.0, 0.867943, 0.496664, 0.37472, -1e-06, -0.496664, 0.867942, 0.0, 0.0, 0.0, 0.0, 1.0],
                [1.0, -0.0, 1e-06, 0.0, -0.0, 0.837782, 0.546005, 0.37472, -1e-06, -0.546005, 0.837781, 0.0, 0.0, 0.0, 0.0, 1.0],
                [1.0, -0.0, 1e-06, 0.0, -0.0, 0.811246, 0.584705, 0.37472, -1e-06, -0.584706, 0.811245, 0.0, 0.0, 0.0, 0.0, 1.0],
                [1.0, -0.0, 1e-06, 0.0, -0.0, 0.792458, 0.609927, 0.37472, -1e-06, -0.609928, 0.792456, -0.0, 0.0, 0.0, 0.0, 1.0],
                [1.0, -0.0, 1e-06, -0.0, -0.0, 0.785406, 0.618981, 0.37472, -1e-06, -0.618982, 0.785405, 0.0, 0.0, 0.0, 0.0, 1.0],
                [1.0, -0.0, 1e-06, 0.0, -0.0, 0.785406, 0.618981, 0.37472, -1e-06, -0.618982, 0.785405, -0.0, 0.0, 0.0, 0.0, 1.0],
                [1.0, -0.0, 1e-06, -0.0, -0.0, 0.785406, 0.618981, 0.37472, -1e-06, -0.618982, 0.785405, 0.0, 0.0, 0.0, 0.0, 1.0],
                [1.0, -0.0, 1e-06, 0.0, -0.0, 0.785406, 0.618981, 0.37472, -1e-06, -0.618982, 0.785405, -0.0, 0.0, 0.0, 0.0, 1.0],
                [1.0, -0.0, 1e-06, -0.0, -0.0, 0.785406, 0.618981, 0.37472, -1e-06, -0.618982, 0.785405, 0.0, 0.0, 0.0, 0.0, 1.0],
