{
    "animation": [
        {
            "name": "Root",
            "time": [0.0, 0.0167, 0.0333, 0.05, 0.0667, 0.0833, 0.1, 0.1167, 0.1333, 0.15, 0.1667, 0.1833, 0.2, 0.2167, 0.2333, 0.25, 0.2667, 0.2833, 0.3, 0.3167, 0.3333, 0.35, 0.3667, 0.3833, 0.4, 0.4167, 0.4333, 0.45, 0.4667, 0.4833, 0.5],
            "transform": [
                [1.0, 0.0, 0.0, -5e-06, 0.0, 0.0, -1.0, 0.000946, 0.0, 1.0, 0.0, 0.763972, 0.0, 0.0, 0.0, 1.0],
                [1.0, 0.0, 0.0, -5e-06, 0.0, 0.0, -1.0, 0.001159, 0.0, 1.0, 0.0, 0.763972, 0.0, 0.0, 0.0, 1.0],
                [1.0, 0.0, 0.0, -5e-06, 0.0, 0.0, -1.0, 0.002644, 0.0, 1.0, 0.0, 0.763972, 0.0, 0.0, 0.0, 1.0],
                [1.0, 0.0, 0.0, -5e-06, 0.0, 0.0, -1.0, 0.006674, 0.0, 1.0, 0.0, 0.763972, 0.0, 0.0, 0.0, 1.0],
                [1.0, 0.0, 0.0, -5e-06, 0.0, 0.0, -1.0, 0.014524, 0.0, 1.0, 0.0, 0.763972, 0.0, 0.0, 0.0, 1.0],
                [1.0, 0.0, 0.0, -5e-06, 0.0, 0.0, -1.0, 0.027464, 0.0, 1.0, 0.0, 0.763972, 0.0, 0.0, 0.0, 1.0],
                [1.0, 0.0, 0.0, -5e-06, 0.0, 0.0, -1.0, 0.046769, 0.0, 1.0, 0.0, 0.763972, 0.0, 0.0, 0.0, 1.0],
                [1.0, 0.0, 0.0, -5e-06, 0.0, 0.0, -1.0, 0.073712, 0.0, 1.0, 0.0, 0.763972, 0.0, 0.0, 0.0, 1.0],
                [1.0, 0.0, 0.0, -5e-06, 0.0, 0.0, -1.0, 0.109564, 0.0, 1.0, 0.0, 0.763972, 0.0, 0.0, 0.0, 1.0],
                [1.0, 0.0, 0.0, -5e-06, 0.0, 0.0, -1.0, 0.155599, 0.0, 1.0, 0.0, 0.763972, 0.0, 0.0, 0.0, 1.0],
                [1.0, 0.0, 0.0, -5e-06, 0.0, 0.0, -1.0, 0.21309, 0.0, 1.0, 0.0, 0.763972, 0.0, 0.0, 0.0, 1.0],
                [1.0, 0.0, 0.0, -5e-06, 0.0, 0.0, -1.0, 0.379325, 0.0, 1.0, 0.0, 0.763972, 0.0, 0.0, 0.0, 1.0],
                [1.0, 0.0, 0.0, -5e-06, 0.0, 0.0, -1.0, 0.694868, 0.0, 1.0, 0.0, 0.763972, 0.0, 0.0, 0.0, 1.0],
                [1.0, 0.0, 0.0, -5e-06, 0.0, 0.0, -1.0, 1.075909, 0.0, 1.0, 0.0, 0.763972, 0.0, 0.0, 0.0, 1.0],
                [1.0, 0.0, 0.0, -5e-06, 0.0, 0.0, -1.0, 1.438632, 0.0, 1.0, 0.0, 0.763972, 0.0, 0.0, 0.0, 1.0],
                [1.0, 0.0, 0.0, -5e-06, 0.0, 0.0, -1.0, 1.699227, 0.0, 1.0, 0.0, 0.763972, 0.0, 0.0, 0.0, 1.0],
                [1.0, 0.0, 0.0, -5e-06, 0.0, 0.0, -1.0, 1.863267, 0.0, 1.0, 0.0, 0.763972, 0.0, 0.0, 0.0, 1.0],
                [1.0, 0.0, 0.0, -5e-06, 0.0, 0.0, -1.0, 1.994619, 0.0, 1.0, 0.0, 0.763972, 0.0, 0.0, 0.0, 1.0],
                [1.0, 0.0, 0.0, -5e-06, 0.0, 0.0, -1.0, 2.096917, 0.0, 1.0, 0.0, 0.763972, 0.0, 0.0, 0.0, 1.0],
                [1.0, 0.0, 0.0, -5e-06, 0.0, 0.0, -1.0, 2.173791, 0.0, 1.0, 0.0, 0.763972, 0.0, 0.0, 0.0, 1.0],
                [1.0, 0.0, 0.0, -5e-06, 0.0, 0.0, -1.0, 2.228875, 0.0, 1.0, 0.0, 0.763972, 0.0, 0.0, 0.0, 1.0],
                [1.0, 0.0, 0.0, -5e-06, 0.0, 0.0, -1.0, 2.265799, 0.0, 1.0, 0.0, 0.763972, 0.0, 0.0, 0.0, 1.0],
                [1.0, 0.0, 0.0, -5e-06, 0.0, 0.0, -1.0, 2.288195, 0.0, 1.0, 0.0, 0.763972, 0.0, 0.0, 0.0, 1.0],
                [1.0, 0.0, 0.0, -5e-06, 0.0, 0.0, -1.0, 2.299696, 0.0, 1.0, 0.0, 0.763972, 0.0, 0.0, 0.0, 1.0],
                [1.0, 0.0, 0.0, -5e-06, 0.0, 0.0, -1.0, 2.303933, 0.0, 1.0, 0.0, 0.763972, 0.0, 0.0, 0.0, 1.0],
                [1.0, 0.0, 0.0, -5e-06, 0.0, 0.0, -1.0, 2.304539, 0.0, 1.0, 0.0, 0.763972, 0.0, 0.0, 0.0, 1.0],
                [1.0, 0.0, 0.0, -5e-06, 0.0, 0.0, -1.0, 2.304539, 0.0, 1.0, 0.0, 0.763972, 0.0, 0.0, 0.0, 1.0],
                [1.0, 0.0, 0.0, -5e-06, 0.0, 0.0, -1.0, 2.304539, 0.0, 1.0, 0.0, 0.763972, 0.0, 0.0, 0.0, 1.0],
                [1.0, 0.0, 0.0, -5e-06, 0.0, 0.0, -1.0, 2.304539, 0.0, 1.0, 0.0, 0.763972, 0.0, 0.0, 0.0, 1.0],
                [1.0, 0.0, 0.0, -5e-06, 0.0, 0.0, -1.0, 2.304539, 0.0, 1.0, 0.0, 0.763972, 0.0, 0.0, 0.0, 1.0],
                [1.0, 0.0, 0.0, -5e-06, 0.0, 0.0, -1.0, 2.304539, 0.0, 1.0, 0.0, 0.763972, 0.0, 0.0, 0.0, 1.0]
            ]
        },
        {
            "name": "Thigh_R",
            "time": [0.0, 0.0167, 0.0333, 0.05, 0.0667, 0.0833, 0.1, 0.1167, 0.1333, 0.15, 0.1667, 0.1833, 0.2, 0.2167, 0.2333, 0.25, 0.2667, 0.2833, 0.3, 0.3167, 0.3333, 0.35, 0.3667, 0.3833, 0.4, 0.4167, 0.4333, 0.45, 0.4667, 0.4833, 0.5],
            "transform": [
                [0.915197, 0.229568, 0.331229, 0.124994, 0.108496, -0.931899, 0.346106, -0.002831, 0.388127, -0.280817, -0.877781, -1.2e-05, 0.0, 0.0, 0.0, 1.0],
                [0.915128, 0.23013, 0.331029, 0.124994, 0.109197, -0.931871, 0.345961, -0.002831, 0.388093, -0.28045, -0.877913, -1.2e-05, 0.0, 0.0, 0.0, 1.0],
                [0.914937, 0.231641, 0.330503, 0.124994, 0.111376, -0.932006, 0.3449, -0.002831, 0.387925, -0.278751, -0.878529, -1.2e-05, 0.0, 0.0, 0.0, 1.0],
                [0.914645, 0.23384, 0.329762, 0.124994, 0.115141, -0.932624, 0.341981, -0.002831, 0.387513, -0.274821, -0.879947, -1.2e-05, 0.0, 0.0, 0.0, 1.0],
                [0.914271, 0.236466, 0.328924, 0.124994, 0.120601, -0.934015, 0.336256, -0.002831, 0.386734, -0.267759, -0.882463, -1.2e-05, 0.0, 0.0, 0.0, 1.0],
                [0.913834, 0.239266, 0.328113, 0.124994, 0.127857, -0.936417, 0.326759, -0.002831, 0.385434, -0.256651, -0.886324, -1.2e-05, 0.0, 0.0, 0.0, 1.0],
                [0.913354, 0.241987, 0.327454, 0.124994, 0.137011, -0.939986, 0.31249, -0.002831, 0.383421, -0.240549, -0.891698, -1.2e-05, 0.0, 0.0, 0.0, 1.0],
                [0.912856, 0.244374, 0.32707, 0.124994, 0.148151, -0.94475, 0.292394, -0.002831, 0.380453, -0.218457, -0.898628, -1.2e-05, 0.0, 0.0, 0.0, 1.0],
                [0.912373, 0.246167, 0.327074, 0.124994, 0.161348, -0.950555, 0.265344, -0.002831, 0.376221, -0.189319, -0.906982, -1.2e-05, 0.0, 0.0, 0.0, 1.0],
                [0.911948, 0.247092, 0.32756, 0.124994, 0.176638, -0.956993, 0.230129, -0.002831, 0.370336, -0.152005, -0.916376, -1.2e-05, 0.0, 0.0, 0.0, 1.0],
                [0.911642, 0.246855, 0.328588, 0.124994, 0.193998, -0.963309, 0.185464, -0.002831, 0.362315, -0.10533, -0.926085, -1.2e-05, 0.0, 0.0, 0.0, 1.0],
                [0.911654, 0.243245, 0.331236, 0.124994, 0.215112, -0.969223, 0.11971, -0.002831, 0.350161, -0.037881, -0.935924, -1.2e-05, 0.0, 0.0, 0.0, 1.0],
                [0.912154, 0.235751, 0.335254, 0.124994, 0.238155, -0.97061, 0.034567, -0.002831, 0.33355, 0.048312, -0.941494, -1.2e-05, 0.0, 0.0, 0.0, 1.0],
                [0.91302, 0.226879, 0.338997, 0.124994, 0.258371, -0.964738, -0.050202, -0.002831, 0.315654, 0.133422, -0.939447, -1.2e-05, 0.0, 0.0, 0.0, 1.0],
                [0.913887, 0.219455, 0.341539, 0.124994, 0.272285, -0.955352, -0.114716, -0.002831, 0.301115, 0.197833, -0.932841, -1.2e-05, 0.0, 0.0, 0.0, 1.0],
                [0.91423, 0.216403, 0.342567, 0.124994, 0.277534, -0.950417, -0.140282, -0.002831, 0.295224, 0.223324, -0.928962, -1.2e-05, 0.0, 0.0, 0.0, 1.0],
                [0.914153, 0.216483, 0.342723, 0.124994, 0.270626, -0.955377, -0.118373, -0.002831, 0.301805, 0.200961, -0.931949, -1.2e-05, 0.0, 0.0, 0.0, 1.0],
                [0.914106, 0.216539, 0.342811, 0.124994, 0.250653, -0.966337, -0.057971, -0.002831, 0.318719, 0.138919, -0.937614, -1.2e-05, 0.0, 0.0, 0.0, 1.0],
                [0.914087, 0.216575, 0.342841, 0.124994, 0.218807, -0.975219, 0.03267, -0.002831, 0.341421, 0.045153, -0.938826, -1.2e-05, 0.0, 0.0, 0.0, 1.0],
                [0.914089, 0.21659, 0.342825, 0.124994, 0.17683, -0.973696, 0.143675, -0.002831, 0.364927, -0.070709, -0.928348, -1.2e-05, 0.0, 0.0, 0.0, 1.0],
                [0.914108, 0.216581, 0.34278, 0.124994, 0.127944, -0.956268, 0.263016, -0.002831, 0.384754, -0.196568, -0.901846, -1.2e-05, 0.0, 0.0, 0.0, 1.0],
                [0.914138, 0.216551, 0.34272, 0.124994, 0.076908, -0.922662, 0.377859, -0.002831, 0.398041, -0.319056, -0.860097, -1.2e-05, 0.0, 0.0, 0.0, 1.0],
                [0.914171, 0.216506, 0.342661, 0.124994, 0.029248, -0.878419, 0.476992, -0.002831, 0.404272, -0.426029, -0.80936, -1.2e-05, 0.0, 0.0, 0.0, 1.0],
                [0.914201, 0.216458, 0.342611, 0.124994, -0.009804, -0.833347, 0.552661, -0.002831, 0.405142, -0.5086, -0.759727, -1.2e-05, 0.0, 0.0, 0.0, 1.0],
                [0.914222, 0.216419, 0.342579, 0.124994, -0.035903, -0.798839, 0.600471, -0.002831, 0.403619, -0.561262, -0.722548, -1.2e-05, 0.0, 0.0, 0.0, 1.0],
                [0.91423, 0.216403, 0.342567, 0.124994, -0.0454, -0.785404, 0.617314, -0.002831, 0.402643, -0.579918, -0.708218, -1.2e-05, 0.0, 0.0, 0.0, 1.0],
                [0.91423, 0.216403, 0.342567, 0.124994, -0.0454, -0.785404, 0.617314, -0.002831, 0.402643, -0.579918, -0.708218, -1.2e-05, 0.0, 0.0, 0.0, 1.0],
                [0.91423, 0.216403, 0.342567, 0.124994, -0.0454, -0.785404, 0.617314, -0.002831, 0.402643, -0.579918, -0.708218, -1.2e-05, 0.0, 0.0, 0.0, 1.0],
                [0.91423, 0.216403, 0.342567, 0.124994, -0.0454, -0.785404, 0.617314, -0.002831, 0.402643, -0.579918, -0.708218, -1.2e-05, 0.0, 0.0, 0.0, 1.0],
                [0.91423, 0.216403, 0.342567, 0.124994, -0.0454, -0.785404, 0.617314, -0.002831, 0.402643, -0.579918, -0.708218, -1.2e-05, 0.0, 0.0, 0.0, 1.0],
                [0.91423, 0.216403, 0.342567, 0.124994, -0.0454, -0.785404, 0.617314, -0.002831, 0.402643, -0.579918, -0.708218, -1.2e-05, 0.0, 0.0, 0.0, 1.0]
            ]
        },
        {
            "name": "Leg_R",
            "time": [0.0, 0.0167, 0.0333, 0.05, 0.0667, 0.0833, 0.1, 0.1167, 0.1333, 0.15, 0.1667, 0.1833, 0.2, 0.2167, 0.2333, 0.25, 0.2667, 0.2833, 0.3, 0.3167, 0.3333, 0.35, 0.3667, 0.3833, 0.4, 0.4167, 0.4333, 0.45, 0.4667, 0.4833, 0.5],
            "transform": [
                [1.0, -0.0, 1e-06, 0.0, -0.0, 0.7927, 0.609612, 0.37472, -1e-06, -0.609613, 0.792699, -0.0, 0.0, 0.0, 0.0, 1.0],
                [1.0, -0.0, 1e-06, 0.0, -0.0, 0.7927, 0.609612, 0.37472, -1e-06, -0.609613, 0.792699, -0.0, 0.0, 0.0, 0.0, 1.0],
                [1.0, -0.0, 1e-06, -0.0, -0.0, 0.7927, 0.609612, 0.37472, -1e-06, -0.609613, 0.792699, 0.0, 0.0, 0.0, 0.0, 1.0],
                [1.0, -0.0, 1e-06, 0.0, -0.0, 0.7927, 0.609612, 0.37472, -1e-06, -0.609613, 0.792699, -0.0, 0.0, 0.0, 0.0, 1.0],
                [1.0, -0.0, 1e-06, -0.0, -0.0, 0.7927, 0.609612, 0.37472, -1e-06, -0.609613, 0.792699, 0.0, 0.0, 0.0, 0.0, 1.0],
                [1.0, -0.0, 1e-06, -0.0, -0.0, 0.7927, 0.609612, 0.37472, -1e-06, -0.609613, 0.792699, 0.0, 0.0, 0.0, 0.0, 1.0],
                [1.0, -0.0, 1e-06, 0.0, -0.0, 0.7927, 0.609612, 0.37472, -1e-06, -0.609613, 0.792699, 0.0, 0.0, 0.0, 0.0, 1.0],
                [1.0, -0.0, 1e-06, 0.0, -0.0, 0.7927, 0.609612, 0.37472, -1e-06, -0.609613, 0.792699, -0.0, 0.0, 0.0, 0.0, 1.0],
                [1.0, -0.0, 1e-06, 0.0, -0.0, 0.7927, 0.609612, 0.37472, -1e-06, -0.609613, 0.792699, -0.0, 0.0, 0.0, 0.0, 1.0],
                [1.0, -0.0, 1e-06, 0.0, -0.0, 0.7927, 0.609612, 0.37472, -1e-06, -0.609613, 0.792699, -0.0, 0.0, 0.0, 0.0, 1.0],
                [1.0, -0.0, 1e-06, -0.0, -0.0, 0.7927, 0.609612, 0.37472, -1e-06, -0.609613, 0.792699, -0.0, 0.0, 0.0, 0.0, 1.0],
                [1.0, -0.0, 1e-06, 0.0, -0.0, 0.7927, 0.609612, 0.37472, -1e-06, -0.609613, 0.792699, -0.0, 0.0, 0.0, 0.0, 1.0],
                [1.0, -0.0, 1e-06, 0.0, -0.0, 0.7927, 0.609612, 0.37472, -1e-06, -0.609613, 0.792699, 0.0, 0.0, 0.0, 0.0, 1.0],
                [1.0, -0.0, 1e-06, -0.0, -0.0, 0.7927, 0.609612, 0.37472, -1e-06, -0.609613, 0.792699, -0.0, 0.0, 0.0, 0.0, 1.0],
                [1.0, -0.0, 1e-06, 0.0, -0.0, 0.7927, 0.609612, 0.37472, -1e-06, -0.609613, 0.792699, 0.0, 0.0, 0.0, 0.0, 1.0],
                [1.0, -0.0, 1e-06, 0.0, -0.0, 0.7927, 0.609612, 0.37472, -1e-06, -0.609613, 0.792699, -0.0, 0.0, 0.0, 0.0, 1.0],
                [1.0, -0.0, 1e-06, 0.0, -0.0, 0.785788, 0.618496, 0.37472, -1e-06, -0.618497, 0.785787, -0.0, 0.0, 0.0, 0.0, 1.0],
                [1.0, -0.0, 1e-06, -0.0, -0.0, 0.766483, 0.642264, 0.37472, -1e-06, -0.642265, 0.766482, 0.0, 0.0, 0.0, 0.0, 1.0],
                [1.0, -0.0, 1e-06, -0.0, -0.0, 0.736615, 0.676312, 0.37472, -1e-06, -0.676313, 0.736614, 0.0, 0.0, 0.0, 0.0, 1.0],
                [1.0, -0.0, 1e-06, -0.0, -0.0, 0.698171, 0.715931, 0.37472, -1e-06, -0.715932, 0.69817, -0.0, 0.0, 0.0, 0.0, 1.0],
                [1.0, -0.0, 1e-06, 0.0, -0.0, 0.653792, 0.756674, 0.37472, -1e-06, -0.756675, 0.653791, 0.0, 0.0, 0.0, 0.0, 1.0],
                [1.0, -0.0, 1e-06, 0.0, -0.0, 0.606983, 0.794715, 0.37472, -1e-06, -0.794716, 0.606982, -0.0, 0.0, 0.0, 0.0, 1.0],
                [1.0, -0.0, 1e-06, 0.0, -0.0, 0.562043, 0.827107, 0.37472, -1e-06, -0.827109, 0.562042, 0.0, 0.0, 0.0, 0.0, 1.0],
                [1.0, -0.0, 1e-06, -0.0, -0.0, 0.523804, 0.851838, 0.37472, -1e-06, -0.85184, 0.523804, 0.0, 0.0, 0.0, 0.0, 1.0],
                [1.0, -0.0, 1e-06, -0.0, -0.0, 0.497293, 0.867582, 0.37472, -1e-06, -0.867584, 0.497292, 0.0, 0.0, 0.0, 0.0, 1.0],
                [1.0, -1e-06, 1e-06, 0.0, -0.0, 0.48742, 0.873167, 0.37472, -1e-06, -0.873168, 0.487419, -0.0, 0.0, 0.0, 0.0, 1.0],
                [1.0, -1e-06, 1e-06, 0.0, -0.0, 0.48742, 0.873167, 0.37472, -1e-06, -0.873168, 0.487419, -0.0, 0.0, 0.0, 0.0, 1.0],
                [1.0, -1e-06, 1e-06, 0.0, -0.0, 0.48742, 0.873167, 0.37472, -1e-06, -0.873168, 0.487419, -0.0, 0.0, 0.0, 0.0, 1.0],
                [1.0, -1e-06, 1e-06, 0.0, -0.0, 0.48742, 0.873167, 0.37472, -1e-06, -0.873168, 0.487419, -0.0, 0.0, 0.0, 0.0, 1.0],
                [1.0, -1e-06, 1e-06, 0.0, -0.0, 0.48742, 0.873167, 0.37472, -1e-06, -0.873168, 0.487419, -0.0, 0.0, 0.0, 0.0, 1.0],
                [1.0, -1e-06, 1e-06, 0.0, -0.0, 0.48742, 0.873167, 0.37472, -1e-06, -0.873168, 0.487419, -0.0, 0.0, 0.0, 0.0, 1.0]
            ]
        },
        {
            "name": "Knee_R",
            "time": [0.0, 0.0167, 0.0333, 0.05, 0.0667, 0.0833, 0.1, 0.1167, 0.1333, 0.15, 0.1667, 0.1833, 0.2, 0.2167, 0.2333, 0.25, 0.2667, 0.2833, 0.3, 0.3167, 0.3333, 0.35, 0.3667, 0.3833, 0.4, 0.4167, 0.4333, 0.45, 0.4667, 0.4833, 0.5],
            "transform": [
                [1.0, 0.0, -0.0, 0.0, -0.0, 1e-06, -1.0, 0.388583, -0.0, 1.0, 1e-06, -0.0, 0.0, 0.0, 0.0, 1.0],
                [1.0, 0.0, -0.0, 0.0, -0.0, 1e-06, -1.0, 0.388583, -0.0, 1.0, 1e-06, -0.0, 0.0, 0.0, 0.0, 1.0],
                [1.0, 0.0, -0.0, -0.0, -0.0, 1e-06, -1.0, 0.388583, -0.0, 1.0, 1e-06, 0.0, 0.0, 0.0, 0.0, 1.0],
                [1.0, 0.0, -0.0, 0.0, -0.0, 1e-06, -1.0, 0.388583, -0.0, 1.0, 1e-06, -0.0, 0.0, 0.0, 0.0, 1.0],
                [1.0, 0.0, -0.0, 0.0, -0.0, 1e-06, -1.0, 0.388583, -0.0, 1.0, 1e-06, -0.0, 0.0, 0.0, 0.0, 1.0],
                [1.0, 0.0, -0.0, -0.0, -0.0, 1e-06, -1.0, 0.388583, -0.0, 1.0, 1e-06, -0.0, 0.0, 0.0, 0.0, 1.0],
                [1.0, 0.0, -0.0, 0.0, -0.0, 1e-06, -1.0, 0.388583, -0.0, 1.0, 1e-06, 0.0, 0.0, 0.0, 0.0, 1.0],
                [1.0, 0.0, -0.0, 0.0, -0.0, 1e-06, -1.0, 0.388583, -0.0, 1.0, 1e-06, -0.0, 0.0, 0.0, 0.0, 1.0],
                [1.0, 0.0, -0.0, 0.0, -0.0, 1e-06, -1.0, 0.388583, -0.0, 1.0, 1e-06, -0.0, 0.0, 0.0, 0.0, 1.0],
                [1.0, 0.0, -0.0, -0.0, -0.0, 1e-06, -1.0, 0.388583, -0.0, 1.0, 1e-06, -0.0, 0.0, 0.0, 0.0, 1.0],
                [1.0, 0.0, -0.0, -0.0, -0.0, 1e-06, -1.0, 0.388583, -0.0, 1.0, 1e-06, 0.0, 0.0, 0.0, 0.0, 1.0],
                [1.0, 0.0, -0.0, 0.0, -0.0, 1e-06, -1.0, 0.388583, -0.0, 1.0, 1e-06, -0.0, 0.0, 0.0, 0.0, 1.0],
                [1.0, 0.0, -0.0, 0.0, -0.0, 1e-06, -1.0, 0.388583, -0.0, 1.0, 1e-06, 0.0, 0.0, 0.0, 0.0, 1.0],
                [1.0, 0.0, -0.0, 0.0, -0.0, 1e-06, -1.0, 0.388583, -0.0, 1.0, 1e-06, -0.0, 0.0, 0.0, 0.0, 1.0],
                [1.0, 0.0, -0.0, 0.0, -0.0, 1e-06, -1.0, 0.388583, -0.0, 1.0, 1e-06, 0.0, 0.0, 0.0, 0.0, 1.0],
                [1.0, 0.0, -0.0, 0.0, -0.0, 1e-06, -1.0, 0.388583, -0.0, 1.0, 1e-06, -0.0, 0.0, 0.0, 0.0, 1.0],
                [1.0, 0.0, -0.0, 0.0, -0.0, 1e-06, -1.0, 0.389765, -0.0, 1.0, 1e-06, -0.0, 0.0, 0.0, 0.0, 1.0],
                [1.0, 0.0, -0.0, 0.0, -0.0, 1e-06, -1.0, 0.392982, -0.0, 1.0, 1e-06, 0.0, 0.0, 0.0, 0.0, 1.0],
                [1.0, 0.0, -0.0, 0.0, -0.0, 1e-06, -1.0, 0.39774, -0.0, 1.0, 1e-06, 0.0, 0.0, 0.0, 0.0, 1.0],
                [1.0, 0.0, -0.0, -0.0, -0.0, 1e-06, -1.0, 0.403539, -0.0, 1.0, 1e-06, -0.0, 0.0, 0.0, 0.0, 1.0],
                [1.0, 0.0, -0.0, 0.0, -0.0, 1e-06, -1.0, 0.409869, -0.0, 1.0, 1e-06, 0.0, 0.0, 0.0, 0.0, 1.0],
                [1.0, 0.0, -0.0, 0.0, -0.0, 1e-06, -1.0, 0.416205, -0.0, 1.0, 1e-06, -0.0, 0.0, 0.0, 0.0, 1.0],
                [1.0, 0.0, -0.0, -0.0, -0.0, 1e-06, -1.0, 0.422025, -0.0, 1.0, 1e-06, 0.0, 0.0, 0.0, 0.0, 1.0],
                [1.0, 0.0, -0.0, -0.0, -0.0, 1e-06, -1.0, 0.426809, -0.0, 1.0, 1e-06, -0.0, 0.0, 0.0, 0.0, 1.0],
                [1.0, 0.0, -0.0, 0.0, -0.0, 1e-06, -1.0, 0.430048, -0.0, 1.0, 1e-06, 0.0, 0.0, 0.0, 0.0, 1.0],
                [1.0, 0.0, -0.0, -0.0, -0.0, 1e-06, -1.0, 0.43124, -0.0, 1.0, 1e-06, 0.0, 0.0, 0.0, 0.0, 1.0],
                [1.0, 0.0, -0.0, -0.0, -0.0, 1e-06, -1.0, 0.43124, -0.0, 1.0, 1e-06, 0.0, 0.0, 0.0, 0.0, 1.0],
                [1.0, 0.0, -0.0, -0.0, -0.0, 1e-06, -1.0, 0.43124, -0.0, 1.0, 1e-06, 0.0, 0.0, 0.0, 0.0, 1.0],
                [1.0, 0.0, -0.0, -0.0, -0.0, 1e-06, -1.0, 0.43124, -0.0, 1.0, 1e-06, 0.0, 0.0, 0.0, 0.0, 1.0],
                [1.0, 0.0, -0.0, -0.0, -0.0, 1e-06, -1.0, 0.43124, -0.0, 1.0, 1e-06, 0.0, 0.0, 0.0, 0.0, 1.0],
                [1.0, 0.0, -0.0, -0.0, -0.0, 1e-06, -1.0, 0.43124, -0.0, 1.0, 1e-06, 0.0, 0.0, 0.0, 0.0, 1.0]
            ]
        },
        {
            "name": "Thigh_L",
            "time": [0.0, 0.0167, 0.0333, 0.05, 0.0667, 0.0833, 0.1, 0.1167, 0.1333, 0.15, 0.1667, 0.1833, 0.2, 0.2167, 0.2333, 0.25, 0.2667, 0.2833, 0.3, 0.3167, 0.3333, 0.35, 0.3667, 0.3833, 0.4, 0.4167, 0.4333, 0.45, 0.4667, 0.4833, 0.5],
            "transform": [
                [0.930782, -0.301894, -0.206162, -0.125006, -0.188201, -0.879183, 0.437741, -0.002831, -0.313406, -0.368641, -0.875146, -1.2e-05, 0.0, 0.0, 0.0, 1.0],
                [0.930719, -0.302138, -0.206091, -0.125006, -0.188478, -0.879148, 0.43769, -0.002831, -0.313427, -0.368523, -0.875188, -1.2e-05, 0.0, 0.0, 0.0, 1.0],
                [0.930491, -0.303005, -0.205849, -0.125006, -0.189516, -0.879097, 0.437345, -0.002831, -0.313479, -0.367933, -0.875417, -1.2e-05, 0.0, 0.0, 0.0, 1.0],
                [0.930038, -0.304698, -0.205396, -0.125006, -0.191629, -0.879102, 0.436414, -0.002831, -0.313539, -0.366521, -0.875988, -1.2e-05, 0.0, 0.0, 0.0, 1.0],
                [0.929296, -0.30742, -0.204696, -0.125006, -0.195127, -0.879228, 0.434605, -0.002831, -0.313581, -0.363934, -0.877051, -1.2e-05, 0.0, 0.0, 0.0, 1.0],
                [0.928194, -0.311374, -0.203716, -0.125006, -0.20032, -0.879532, 0.431619, -0.002831, -0.31357, -0.359817, -0.878752, -1.2e-05, 0.0, 0.0, 0.0, 1.0],
                [0.926651, -0.316762, -0.202434, -0.125006, -0.207515, -0.880044, 0.427152, -0.002831, -0.313456, -0.353812, -0.881227, -1.2e-05, 0.0, 0.0, 0.0, 1.0],
                [0.924569, -0.323784, -0.200837, -0.125006, -0.217019, -0.88077, 0.420887, -0.002831, -0.313168, -0.345553, -0.884601, -1.2e-05, 0.0, 0.0, 0.0, 1.0],
                [0.921833, -0.33264, -0.198932, -0.125006, -0.229131, -0.881672, 0.412495, -0.002831, -0.312605, -0.334669, -0.888973, -1.2e-05, 0.0, 0.0, 0.0, 1.0],
                [0.918302, -0.343527, -0.196748, -0.125006, -0.244145, -0.88266, 0.401625, -0.002831, -0.311631, -0.320777, -0.89442, -1.2e-05, 0.0, 0.0, 0.0, 1.0],
                [0.913806, -0.356635, -0.194342, -0.125006, -0.26234, -0.883575, 0.387906, -0.002831, -0.310057, -0.303487, -0.900977, -1.2e-05, 0.0, 0.0, 0.0, 1.0],
                [0.907836, -0.366573, -0.203611, -0.125006, -0.295645, -0.903893, 0.309143, -0.002831, -0.297366, -0.220454, -0.928963, -1.2e-05, 0.0, 0.0, 0.0, 1.0],
                [0.902091, -0.366303, -0.228153, -0.125006, -0.343264, -0.929476, 0.135062, -0.002831, -0.261536, -0.043521, -0.964212, -1.2e-05, 0.0, 0.0, 0.0, 1.0],
                [0.899605, -0.356012, -0.252913, -0.125006, -0.384801, -0.920059, -0.073611, -0.002831, -0.206488, 0.163542, -0.964684, -1.2e-05, 0.0, 0.0, 0.0, 1.0],
                [0.901259, -0.343896, -0.263565, -0.125006, -0.40715, -0.880243, -0.243719, -0.002831, -0.148187, 0.326965, -0.933345, -1.2e-05, 0.0, 0.0, 0.0, 1.0],
                [0.905542, -0.342302, -0.250643, -0.125006, -0.410742, -0.855264, -0.315931, -0.002831, -0.106222, 0.389039, -0.915076, -1.2e-05, 0.0, 0.0, 0.0, 1.0],
                [0.91174, -0.350244, -0.214612, -0.125006, -0.402391, -0.866519, -0.295338, -0.002831, -0.082524, 0.35563, -0.930976, -1.2e-05, 0.0, 0.0, 0.0, 1.0],
                [0.919853, -0.35681, -0.162958, -0.125006, -0.386668, -0.89469, -0.22364, -0.002831, -0.066, 0.268727, -0.960952, -1.2e-05, 0.0, 0.0, 0.0, 1.0],
                [0.929205, -0.356111, -0.098806, -0.125006, -0.365711, -0.92455, -0.107056, -0.002831, -0.053227, 0.135612, -0.989331, -1.2e-05, 0.0, 0.0, 0.0, 1.0],
                [0.938977, -0.342858, -0.02774, -0.125006, -0.341508, -0.938844, 0.044077, -0.002831, -0.041155, -0.031914, -0.998643, -1.2e-05, 0.0, 0.0, 0.0, 1.0],
                [0.948181, -0.314911, 0.042217, -0.125006, -0.316509, -0.924542, 0.212233, -0.002831, -0.027803, -0.214597, -0.976307, -1.2e-05, 0.0, 0.0, 0.0, 1.0],
                [0.955904, -0.275097, 0.102805, -0.125006, -0.293397, -0.879243, 0.375296, -0.002831, -0.012852, -0.38891, -0.921186, -1.2e-05, 0.0, 0.0, 0.0, 1.0],
                [0.961631, -0.230598, 0.148623, -0.125006, -0.274333, -0.812997, 0.513591, -0.002831, 0.002397, -0.534657, -0.845065, -1.2e-05, 0.0, 0.0, 0.0, 1.0],
                [0.965362, -0.190213, 0.178592, -0.125006, -0.260437, -0.743822, 0.615548, -0.002831, 0.015756, -0.640738, -0.767597, -1.2e-05, 0.0, 0.0, 0.0, 1.0],
                [0.967412, -0.161744, 0.194811, -0.125006, -0.251966, -0.690959, 0.67756, -0.002831, 0.025015, -0.704566, -0.709197, -1.2e-05, 0.0, 0.0, 0.0, 1.0],
                [0.96808, -0.151166, 0.199921, -0.125006, -0.249023, -0.670506, 0.698861, -0.002831, 0.028404, -0.726339, -0.686749, -1.2e-05, 0.0, 0.0, 0.0, 1.0],
                [0.96808, -0.151166, 0.199921, -0.125006, -0.249023, -0.670506, 0.698861, -0.002831, 0.028404, -0.726339, -0.686749, -1.2e-05, 0.0, 0.0, 0.0, 1.0],
                [0.96808, -0.151166, 0.199921, -0.125006, -0.249023, -0.670506, 0.698861, -0.002831, 0.028404, -0.726339, -0.686749, -1.2e-05, 0.0, 0.0, 0.0, 1.0],
                [0.96808, -0.151166, 0.199921, -0.125006, -0.249023, -0.670506, 0.698861, -0.002831, 0.028404, -0.726339, -0.686749, -1.2e-05, 0.0, 0.0, 0.0, 1.0],
                [0.96808, -0.151166, 0.199921, -0.125006, -0.249023, -0.670506, 0.698861, -0.002831, 0.028404, -0.726339, -0.686749, -1.2e-05, 0.0, 0.0, 0.0, 1.0],
                [0.96808, -0.151166, 0.199921, -0.125006, -0.249023, -0.670506, 0.698861, -0.002831, 0.028404, -0.726339, -0.686749, -1.2e-05, 0.0, 0.0, 0.0, 1.0]
            ]
        },
        {
            "name": "Leg_L",
            "time": [0.0, 0.0167, 0.0333, 0.05, 0.0667, 0.0833, 0.1, 0.1167, 0.1333, 0.15, 0.1667, 0.1833, 0.2, 0.2167, 0.2333, 0.25, 0.2667, 0.2833, 0.3, 0.3167, 0.3333, 0.35, 0.3667, 0.3833, 0.4, 0.4167, 0.4333, 0.45, 0.4667, 0.4833, 0.5],
            "transform": [
                [1.0, -0.0, 1e-06, -0.0, -0.0, 0.516042, 0.856563, 0.37472, -1e-06, -0.856563, 0.516043, 0.0, 0.0, 0.0, 0.0, 1.0],
                [1.0, -1e-06, 1e-06, -0.0, -0.0, 0.516043, 0.856563, 0.37472, -1e-06, -0.856563, 0.516043, -0.0, 0.0, 0.0, 0.0, 1.0],
                [1.0, -1e-06, 1e-06, 0.0, -0.0, 0.516043, 0.856563, 0.37472, -1e-06, -0.856562, 0.516043, 0.0, 0.0, 0.0, 0.0, 1.0],
                [1.0, -0.0, 1e-06, -0.0, -0.0, 0.516043, 0.856563, 0.37472, -1e-06, -0.856563, 0.516043, -0.0, 0.0, 0.0, 0.0, 1.0],
                [1.0, -1e-06, 1e-06, -0.0, -0.0, 0.516042, 0.856563, 0.37472, -1e-06, -0.856562, 0.516043, 0.0, 0.0, 0.0, 0.0, 1.0],
                [1.0, -0.0, 1e-06, -0.0, -0.0, 0.516043, 0.856563, 0.37472, -1e-06, -0.856563, 0.516043, 0.0, 0.0, 0.0, 0.0, 1.0],
                [1.0, -0.0, 1e-06, -0.0, -0.0, 0.516042, 0.856563, 0.37472, -1e-06, -0.856563, 0.516043, 0.0, 0.0, 0.0, 0.0, 1.0],
                [1.0, -1e-06, 1e-06, -0.0, -0.0, 0.516043, 0.856563, 0.37472, -1e-06, -0.856563, 0.516043, 0.0, 0.0, 0.0, 0.0, 1.0],
                [1.0, -1e-06, 1e-06, 0.0, -0.0, 0.516043, 0.856563, 0.37472, -1e-06, -0.856563, 0.516043, 0.0, 0.0, 0.0, 0.0, 1.0],
                [1.0, -1e-06, 1e-06, -0.0, -0.0, 0.516043, 0.856563, 0.37472, -1e-06, -0.856563, 0.516043, -0.0, 0.0, 0.0, 0.0, 1.0],
                [1.0, -0.0, 1e-06, 0.0, -0.0, 0.516043, 0.856563, 0.37472, -1e-06, -0.856563, 0.516043, -0.0, 0.0, 0.0, 0.0, 1.0],
                [1.0, -0.0, 1e-06, -0.0, -0.0, 0.533196, 0.845992, 0.37472, -1e-06, -0.845991, 0.533196, 0.0, 0.0, 0.0, 0.0, 1.0],
                [1.0, -0.0, 1e-06, -0.0, -0.0, 0.57389, 0.818932, 0.37472, -1e-06, -0.818932, 0.573891, -0.0, 0.0, 0.0, 0.0, 1.0],
                [1.0, -0.0, 1e-06, -0.0, -0.0, 0.621826, 0.783155, 0.37472, -1e-06, -0.783155, 0.621827, -0.0, 0.0, 0.0, 0.0, 1.0],
                [1.0, -0.0, 1e-06, -0.0, -0.0, 0.661059, 0.750335, 0.37472, -1e-06, -0.750334, 0.661059, -0.0, 0.0, 0.0, 0.0, 1.0],
                [1.0, -0.0, 1e-06, -0.0, -0.0, 0.676693, 0.736265, 0.37472, -1e-06, -0.736265, 0.676694, 0.0, 0.0, 0.0, 0.0, 1.0],
                [1.0, -0.0, 1e-06, 0.0, -0.0, 0.662127, 0.749392, 0.37472, -1e-06, -0.749391, 0.662127, 0.0, 0.0, 0.0, 0.0, 1.0],
                [1.0, -0.0, 1e-06, 0.0, -0.0, 0.622802, 0.782379, 0.37472, -1e-06, -0.782379, 0.622803, 0.0, 0.0, 0.0, 0.0, 1.0],
                [1.0, -0.0, 1e-06, -0.0, -0.0, 0.561702, 0.82734, 0.37472, -1e-06, -0.82734, 0.561702, 0.0, 0.0, 0.0, 0.0, 1.0],
                [1.0, -1e-06, 1e-06, 0.0, -0.0, 0.482534, 0.875878, 0.37472, -1e-06, -0.875877, 0.482534, -0.0, 0.0, 0.0, 0.0, 1.0],
                [1.0, -1e-06, 1e-06, 0.0, -0.0, 0.391032, 0.920377, 0.37472, -1e-06, -0.920377, 0.391032, -0.0, 0.0, 0.0, 0.0, 1.0],
                [1.0, -1e-06, 0.0, -0.0, -0.0, 0.295212, 0.955432, 0.37472, -1e-06, -0.955431, 0.295212, -0.0, 0.0, 0.0, 0.0, 1.0],
                [1.0, -1e-06, 0.0, -0.0, -0.0, 0.204613, 0.978843, 0.37472, -1e-06, -0.978843, 0.204613, 0.0, 0.0, 0.0, 0.0, 1.0],
                [1.0, -1e-06, 0.0, -0.0, -0.0, 0.129051, 0.991638, 0.37472, -1e-06, -0.991638, 0.129051, 0.0, 0.0, 0.0, 0.0, 1.0],
                [1.0, -1e-06, 0.0, -0.0, -0.0, 0.077668, 0.996979, 0.37472, -1e-06, -0.996979, 0.077668, 0.0, 0.0, 0.0, 0.0, 1.0],
                [1.0, -1e-06, 0.0, 0.0, -0.0, 0.058768, 0.998272, 0.37472, -1e-06, -0.998271, 0.058768, -0.0, 0.0, 0.0, 0.0, 1.0],
                [1.0, -1e-06, 0.0, 0.0, -0.0, 0.058768, 0.998272, 0.37472, -1e-06, -0.998271, 0.058768, -0.0, 0.0, 0.0, 0.0, 1.0],
                [1.0, -1e-06, 0.0, 0.0, -0.0, 0.058768, 0.998272, 0.37472, -1e-06, -0.998271, 0.058768, -0.0, 0.0, 0.0, 0.0, 1.0],
                [1.0, -1e-06, 0.0, 0.0, -0.0, 0.058768, 0.998272, 0.37472, -1e-06, -0.998271, 0.058768, -0.0, 0.0, 0.0, 0.0, 1.0],
                [1.0, -1e-06, 0.0, 0.0, -0.0, 0.058768, 0.998272, 0.37472, -1e-06, -0.998271, 0.058768, -0.0, 0.0, 0.0, 0.0, 1.0],
                [1.0, -1e-06, 0.0, 0.0, -0.0, 0.058768, 0.998272, 0.37472, -1e-06, -0.998271, 0.058768, -0.0, 0.0, 0.0, 0.0, 1.0]
            ]
        },
        {
            "name": "Knee_L",
            "time": [0.0, 0.0167, 0.0333, 0.05, 0.0667, 0.0833, 0.1, 0.1167, 0.1333, 0.15, 0.1667, 0.1833, 0.2, 0.2167, 0.2333, 0.25, 0.2667, 0.2833, 0.3, 0.3167, 0.3333, 0.35, 0.3667, 0.3833, 0.4, 0.4167, 0.4333, 0.45, 0.4667, 0.4833, 0.5],
            "transform": [
                [1.0, 0.0, -0.0, 0.0, -0.0, 1e-06, -1.0, 0.427764, -0.0, 1.0, 1e-06, -0.0, 0.0, 0.0, 0.0, 1.0],
                [1.0, 0.0, -0.0, 0.0, -0.0, 1e-06, -1.0, 0.427764, -0.0, 1.0, 1e-06, -0.0, 0.0, 0.0, 0.0, 1.0],
                [1.0, 0.0, -0.0, 0.0, -0.0, 1e-06, -1.0, 0.427763, -0.0, 1.0, 1e-06, -0.0, 0.0, 0.0, 0.0, 1.0],
                [1.0, 0.0, -0.0, -0.0, -0.0, 1e-06, -1.0, 0.427764, -0.0, 1.0, 1e-06, -0.0, 0.0, 0.0, 0.0, 1.0],
                [1.0, 0.0, -0.0, -0.0, -0.0, 1e-06, -1.0, 0.427764, -0.0, 1.0, 1e-06, -0.0, 0.0, 0.0, 0.0, 1.0],
                [1.0, 0.0, -0.0, 0.0, -0.0, 1e-06, -1.0, 0.427764, -0.0, 1.0, 1e-06, -0.0, 0.0, 0.0, 0.0, 1.0],
                [1.0, 0.0, -0.0, 0.0, -0.0, 1e-06, -1.0, 0.427764, -0.0, 1.0, 1e-06, 0.0, 0.0, 0.0, 0.0, 1.0],
                [1.0, 0.0, -0.0, -0.0, -0.0, 1e-06, -1.0, 0.427764, -0.0, 1.0, 1e-06, -0.0, 0.0, 0.0, 0.0, 1.0],
                [1.0, 0.0, -0.0, 0.0, -0.0, 1e-06, -1.0, 0.427764, -0.0, 1.0, 1e-06, -0.0, 0.0, 0.0, 0.0, 1.0],
                [1.0, 0.0, -0.0, -0.0, -0.0, 1e-06, -1.0, 0.427764, -0.0, 1.0, 1e-06, -0.0, 0.0, 0.0, 0.0, 1.0],
                [1.0, 0.0, -0.0, -0.0, -0.0, 1e-06, -1.0, 0.427764, -0.0, 1.0, 1e-06, 0.0, 0.0, 0.0, 0.0, 1.0],
                [1.0, 0.0, -0.0, -0.0, -0.0, 1e-06, -1.0, 0.425647, -0.0, 1.0, 1e-06, -0.0, 0.0, 0.0, 0.0, 1.0],
                [1.0, 0.0, -0.0, 0.0, -0.0, 1e-06, -1.0, 0.420513, -0.0, 1.0, 1e-06, 0.0, 0.0, 0.0, 0.0, 1.0],
                [1.0, 0.0, -0.0, 0.0, -0.0, 1e-06, -1.0, 0.414229, -0.0, 1.0, 1e-06, 0.0, 0.0, 0.0, 0.0, 1.0],
                [1.0, 0.0, -0.0, -0.0, -0.0, 1e-06, -1.0, 0.408856, -0.0, 1.0, 1e-06, -0.0, 0.0, 0.0, 0.0, 1.0],
                [1.0, 0.0, -0.0, 0.0, -0.0, 1e-06, -1.0, 0.406646, -0.0, 1.0, 1e-06, 0.0, 0.0, 0.0, 0.0, 1.0],
                [1.0, 0.0, -0.0, -0.0, -0.0, 1e-06, -1.0, 0.408706, -0.0, 1.0, 1e-06, -0.0, 0.0, 0.0, 0.0, 1.0],
                [1.0, 0.0, -0.0, 0.0, -0.0, 1e-06, -1.0, 0.414098, -0.0, 1.0, 1e-06, -0.0, 0.0, 0.0, 0.0, 1.0],
                [1.0, 0.0, -0.0, 0.0, -0.0, 1e-06, -1.0, 0.422069, -0.0, 1.0, 1e-06, -0.0, 0.0, 0.0, 0.0, 1.0],
                [1.0, 0.0, -0.0, 0.0, -0.0, 1e-06, -1.0, 0.431827, -0.0, 1.0, 1e-06, -0.0, 0.0, 0.0, 0.0, 1.0],
                [1.0, 0.0, -0.0, 0.0, -0.0, 1e-06, -1.0, 0.442519, -0.0, 1.0, 1e-06, -1e-06, 0.0, 0.0, 0.0, 1.0],
                [1.0, 0.0, -0.0, 0.0, -0.0, 1e-06, -1.0, 0.453241, -0.0, 1.0, 1e-06, -0.0, 0.0, 0.0, 0.0, 1.0],
                [1.0, 0.0, -0.0, -0.0, -0.0, 1e-06, -1.0, 0.463074, -0.0, 1.0, 1e-06, 0.0, 0.0, 0.0, 0.0, 1.0],
                [1.0, 0.0, -0.0, 0.0, -0.0, 1e-06, -1.0, 0.471126, -0.0, 1.0, 1e-06, 0.0, 0.0, 0.0, 0.0, 1.0],
                [1.0, 0.0, -0.0, 0.0, -0.0, 1e-06, -1.0, 0.476554, -0.0, 1.0, 1e-06, -0.0, 0.0, 0.0, 0.0, 1.0],
                [1.0, 0.0, -0.0, 0.0, -0.0, 1e-06, -1.0, 0.478544, -0.0, 1.0, 1e-06, -0.0, 0.0, 0.0, 0.0, 1.0],
                [1.0, 0.0, -0.0, 0.0, -0.0, 1e-06, -1.0, 0.478544, -0.0, 1.0, 1e-06, -0.0, 0.0, 0.0, 0.0, 1.0],
                [1.0, 0.0, -0.0, 0.0, -0.0, 1e-06, -1.0, 0.478544, -0.0, 1.0, 1e-06, -0.0, 0.0, 0.0, 0.0, 1.0],
                [1.0, 0.0, -0.0, 0.0, -0.0, 1e-06, -1.0, 0.478544, -0.0, 1.0, 1e-06, -0.0, 0.0, 0.0, 0.0, 1.0],
                [1.0, 0.0, -0.0, 0.0, -0.0, 1e-06, -1.0, 0.478544, -0.0, 1.0, 1e-06, -0.0, 0.0, 0.0, 0.0, 1.0],
                [1.0, 0.0, -0.0, 0.0, -0.0, 1e-06, -1.0, 0.478544, -0.0, 1.0, 1e-06, -0.0, 0.0, 0.0, 0.0, 1.0]
            ]
        },
        {
            "name": "Torso",
            "time": [0.0, 0.0167, 0.0333, 0.05, 0.0667, 0.0833, 0.1, 0.1167, 0.1333, 0.15, 0.1667, 0.1833, 0.2, 0.2167, 0.2333, 0.25, 0.2667, 0.2833, 0.3, 0.3167, 0.3333, 0.35, 0.3667, 0.3833, 0.4, 0.4167, 0.4333, 0.45, 0.4667, 0.4833, 0.5],
            "transform": [
                [1.0, 0.0, 0.0, 0.0, 0.0, 0.995463, -0.095153, 0.05, 0.0, 0.095153, 0.995463, 0.0, 0.0, 0.0, 0.0, 1.0],
                [1.0, 0.0, 0.0, 0.0, 0.0, 0.995475, -0.095026, 0.05, 0.0, 0.095026, 0.995475, 0.0, 0.0, 0.0, 0.0, 1.0],
                [1.0, 0.0, 0.0, 0.0, 0.0, 0.995558, -0.094153, 0.05, 0.0, 0.094153, 0.995558, 0.0, 0.0, 0.0, 0.0, 1.0],
                [1.0, 0.0, 0.0, 0.0, 0.0, 0.995778, -0.091791, 0.05, 0.0, 0.091791, 0.995778, 0.0, 0.0, 0.0, 0.0, 1.0],
                [1.0, 0.0, 0.0, 0.0, 0.0, 0.996191, -0.087197, 0.05, 0.0, 0.087197, 0.996191, 0.0, 0.0, 0.0, 0.0, 1.0],
                [1.0, 0.0, 0.0, 0.0, 0.0, 0.996825, -0.079628, 0.05, 0.0, 0.079628, 0.996825, 0.0, 0.0, 0.0, 0.0, 1.0],
                [1.0, 0.0, 0.0, 0.0, 0.0, 0.997663, -0.068332, 0.05, 0.0, 0.068332, 0.997663, 0.0, 0.0, 0.0, 0.0, 1.0],
                [1.0, 0.0, 0.0, 0.0, 0.0, 0.998618, -0.052557, 0.05, 0.0, 0.052557, 0.998618, 0.0, 0.0, 0.0, 0.0, 1.0],
                [1.0, 0.0, 0.0, 0.0, 0.0, 0.999503, -0.031543, 0.05, 0.0, 0.031543, 0.999502, 0.0, 0.0, 0.0, 0.0, 1.0],
                [1.0, 0.0, 0.0, 0.0, 0.0, 0.99999, -0.00454, 0.05, 0.0, 0.00454, 0.99999, 0.0, 0.0, 0.0, 0.0, 1.0],
                [1.0, 0.0, 0.0, 0.0, 0.0, 0.999574, 0.029183, 0.05, 0.0, -0.029183, 0.999574, 0.0, 0.0, 0.0, 0.0, 1.0],
                [1.0, 0.0, 0.0, 0.0, 0.0, 0.995166, 0.098206, 0.05, 0.0, -0.098206, 0.995166, 0.0, 0.0, 0.0, 0.0, 1.0],
                [1.0, 0.0, 0.0, 0.0, 0.0, 0.977384, 0.211475, 0.05, 0.0, -0.211475, 0.977383, 0.0, 0.0, 0.0, 0.0, 1.0],
                [1.0, 0.0, 0.0, 0.0, 0.0, 0.940931, 0.338599, 0.05, 0.0, -0.338599, 0.940931, 0.0, 0.0, 0.0, 0.0, 1.0],
                [1.0, 0.0, 0.0, 0.0, 0.0, 0.89296, 0.450137, 0.05, 0.0, -0.450137, 0.892959, 0.0, 0.0, 0.0, 0.0, 1.0],
                [1.0, 0.0, 0.0, 0.0, 0.0, 0.852582, 0.522594, 0.05, 0.0, -0.522594, 0.852582, 0.0, 0.0, 0.0, 0.0, 1.0],
                [1.0, 0.0, 0.0, 0.0, 0.0, 0.825655, 0.564176, 0.05, 0.0, -0.564176, 0.825655, 0.0, 0.0, 0.0, 0.0, 1.0],
                [1.0, 0.0, 0.0, 0.0, 0.0, 0.802606, 0.59651, 0.05, 0.0, -0.59651, 0.802606, 0.0, 0.0, 0.0, 0.0, 1.0],
                [1.0, 0.0, 0.0, 0.0, 0.0, 0.783775, 0.621045, 0.05, 0.0, -0.621045, 0.783775, 0.0, 0.0, 0.0, 0.0, 1.0],
                [1.0, 0.0, 0.0, 0.0, 0.0, 0.769134, 0.639087, 0.05, 0.0, -0.639087, 0.769134, 0.0, 0.0, 0.0, 0.0, 1.0],
                [1.0, 0.0, 0.0, 0.0, 0.0, 0.758394, 0.651797, 0.05, 0.0, -0.651797, 0.758394, 0.0, 0.0, 0.0, 0.0, 1.0],
                [1.0, 0.0, 0.0, 0.0, 0.0, 0.751079, 0.660212, 0.05, 0.0, -0.660212, 0.751079, 0.0, 0.0, 0.0, 0.0, 1.0],
                [1.0, 0.0, 0.0, 0.0, 0.0, 0.746599, 0.665275, 0.05, 0.0, -0.665275, 0.746599, 0.0, 0.0, 0.0, 0.0, 1.0],
                [1.0, 0.0, 0.0, 0.0, 0.0, 0.744285, 0.667862, 0.05, 0.0, -0.667862, 0.744285, 0.0, 0.0, 0.0, 0.0, 1.0],
                [1.0, 0.0, 0.0, 0.0, 0.0, 0.743431, 0.668813, 0.05, 0.0, -0.668813, 0.743431, 0.0, 0.0, 0.0, 0.0, 1.0],
                [1.0, 0.0, 0.0, 0.0, 0.0, 0.743309, 0.668949, 0.05, 0.0, -0.668949, 0.743309, 0.0, 0.0, 0.0, 0.0, 1.0],
                [1.0, 0.0, 0.0, 0.0, 0.0, 0.743309, 0.668949, 0.05, 0.0, -0.668949, 0.743309, 0.0, 0.0, 0.0, 0.0, 1.0],
                [1.0, 0.0, 0.0, 0.0, 0.0, 0.743309, 0.668949, 0.05, 0.0, -0.668949, 0.743309, 0.0, 0.0, 0.0, 0.0, 1.0],
                [1.0, 0.0, 0.0, 0.0, 0.0, 0.743309, 0.668949, 0.05, 0.0, -0.668949, 0.743309, 0.0, 0.0, 0.0, 0.0, 1.0],
                [1.0, 0.0, 0.0, 0.0, 0.0, 0.743309, 0.668949, 0.05, 0.0, -0.668949, 0.743309, 0.0, 0.0, 0.0, 0.0, 1.0],
                [1.0, 0.0, 0.0, 0.0, 0.0, 0.743309, 0.668949, 0.05, 0.0, -0.668949, 0.743309, 0.0, 0.0, 0.0, 0.0, 1.0]
            ]
        },
        {
            "name": "Chest",
            "time": [0.0, 0.0167, 0.0333, 0.05, 0.0667, 0.0833, 0.1, 0.1167, 0.1333, 0.15, 0.1667, 0.1833, 0.2, 0.2167, 0.2333, 0.25, 0.2667, 0.2833, 0.3, 0.3167, 0.3333, 0.35, 0.3667, 0.3833, 0.4, 0.4167, 0.4333, 0.45, 0.4667, 0.4833, 0.5],
            "transform": [
                [1.0, 0.0, 0.0, 0.0, 0.0, 0.977565, -0.210635, 0.3, 0.0, 0.210635, 0.977565, 0.0, 0.0, 0.0, 0.0, 1.0],
                [1.0, 0.0, 0.0, 0.0, 0.0, 0.977577, -0.210576, 0.3, 0.0, 0.210576, 0.977578, 0.0, 0.0, 0.0, 0.0, 1.0],
                [1.0, 0.0, 0.0, 0.0, 0.0, 0.977661, -0.210185, 0.3, 0.0, 0.210185, 0.977662, 0.0, 0.0, 0.0, 0.0, 1.0],
                [1.0, 0.0, 0.0, 0.0, 0.0, 0.977884, -0.209145, 0.3, 0.0, 0.209145, 0.977885, 0.0, 0.0, 0.0, 0.0, 1.0],
                [1.0, 0.0, 0.0, 0.0, 0.0, 0.978312, -0.207137, 0.3, 0.0, 0.207137, 0.978312, 0.0, 0.0, 0.0, 0.0, 1.0],
                [1.0, 0.0, 0.0, 0.0, 0.0, 0.979004, -0.203841, 0.3, 0.0, 0.203841, 0.979004, 0.0, 0.0, 0.0, 0.0, 1.0],
                [1.0, 0.0, 0.0, 0.0, 0.0, 0.980013, -0.198935, 0.3, 0.0, 0.198935, 0.980013, -0.0, 0.0, 0.0, 0.0, 1.0],
                [1.0, 0.0, 0.0, 0.0, 0.0, 0.981376, -0.192095, 0.3, 0.0, 0.192095, 0.981376, -0.0, 0.0, 0.0, 0.0, 1.0],
                [1.0, 0.0, 0.0, 0.0, 0.0, 0.983115, -0.18299, 0.3, 0.0, 0.18299, 0.983115, -0.0, 0.0, 0.0, 0.0, 1.0],
                [1.0, 0.0, 0.0, 0.0, 0.0, 0.985221, -0.171287, 0.3, 0.0, 0.171286, 0.985221, 0.0, 0.0, 0.0, 0.0, 1.0],
                [1.0, 0.0, 0.0, -0.0, 0.0, 0.987655, -0.156644, 0.3, 0.0, 0.156644, 0.987655, -0.0, 0.0, 0.0, 0.0, 1.0],
                [1.0, 0.0, 0.0, 0.0, 0.0, 0.991674, -0.128774, 0.3, 0.0, 0.128774, 0.991674, -0.0, 0.0, 0.0, 0.0, 1.0],
                [1.0, 0.0, 0.0, 0.0, 0.0, 0.99665, -0.081791, 0.3, 0.0, 0.081791, 0.99665, -0.0, 0.0, 0.0, 0.0, 1.0],
                [1.0, 0.0, 0.0, 0.0, 0.0, 0.999755, -0.02214, 0.3, 0.0, 0.02214, 0.999755, 0.0, 0.0, 0.0, 0.0, 1.0],
                [1.0, 0.0, 0.0, 0.0, 0.0, 0.999059, 0.043369, 0.3, 0.0, -0.043369, 0.999059, -0.0, 0.0, 0.0, 0.0, 1.0],
                [1.0, 0.0, 0.0, 0.0, 0.0, 0.994181, 0.107722, 0.3, 0.0, -0.107722, 0.994181, -0.0, 0.0, 0.0, 0.0, 1.0],
                [1.0, 0.0, 0.0, 0.0, 0.0, 0.98625, 0.16526, 0.3, 0.0, -0.16526, 0.98625, -0.0, 0.0, 0.0, 0.0, 1.0],
                [1.0, 0.0, 0.0, 0.0, 0.0, 0.976569, 0.215206, 0.3, 0.0, -0.215206, 0.976569, 0.0, 0.0, 0.0, 0.0, 1.0],
                [1.0, 0.0, 0.0, 0.0, 0.0, 0.966153, 0.257971, 0.3, 0.0, -0.257971, 0.966153, 0.0, 0.0, 0.0, 0.0, 1.0],
                [1.0, 0.0, 0.0, 0.0, 0.0, 0.955814, 0.293972, 0.3, 0.0, -0.293972, 0.955814, 0.0, 0.0, 0.0, 0.0, 1.0],
                [1.0, 0.0, 0.0, 0.0, 0.0, 0.94619, 0.323611, 0.3, 0.0, -0.323611, 0.94619, 0.0, 0.0, 0.0, 0.0, 1.0],
                [1.0, 0.0, 0.0, 0.0, 0.0, 0.937771, 0.347253, 0.3, 0.0, -0.347253, 0.937772, -0.0, 0.0, 0.0, 0.0, 1.0],
                [1.0, 0.0, 0.0, 0.0, 0.0, 0.930922, 0.365219, 0.3, 0.0, -0.365219, 0.930922, 0.0, 0.0, 0.0, 0.0, 1.0],
                [1.0, 0.0, 0.0, 0.0, 0.0, 0.925893, 0.377785, 0.3, 0.0, -0.377785, 0.925893, 0.0, 0.0, 0.0, 0.0, 1.0],
                [1.0, 0.0, 0.0, 0.0, 0.0, 0.92284, 0.385184, 0.3, 0.0, -0.385184, 0.92284, 0.0, 0.0, 0.0, 0.0, 1.0],
                [1.0, 0.0, 0.0, 0.0, 0.0, 0.921823, 0.387612, 0.3, 0.0, -0.387612, 0.921823, 0.0, 0.0, 0.0, 0.0, 1.0],
                [1.0, 0.0, 0.0, 0.0, 0.0, 0.921823, 0.387612, 0.3, 0.0, -0.387612, 0.921823, 0.0, 0.0, 0.0, 0.0, 1.0],
                [1.0, 0.0, 0.0, 0.0, 0.0, 0.921823, 0.387612, 0.3, 0.0, -0.387612, 0.921823, 0.0, 0.0, 0.0, 0.0, 1.0],
                [1.0, 0.0, 0.0, 0.0, 0.0, 0.921823, 0.387612, 0.3, 0.0, -0.387612, 0.921823, 0.0, 0.0, 0.0, 0.0, 1.0],
                [1.0, 0.0, 0.0, 0.0, 0.0, 0.921823, 0.387612, 0.3, 0.0, -0.387612, 0.921823, 0.0, 0.0, 0.0, 0.0, 1.0],
                [1.0, 0.0, 0.0, 0.0, 0.0, 0.921823, 0.387612, 0.3, 0.0, -0.387612, 0.921823, 0.0, 0.0, 0.0, 0.0, 1.0]
            ]
        },
        {
            "name": "Head",
            "time": [0.0, 0.0167, 0.0333, 0.05, 0.0667, 0.0833, 0.1, 0.1167, 0.1333, 0.15, 0.1667, 0.1833, 0.2, 0.2167, 0.2333, 0.25, 0.2667, 0.2833, 0.3, 0.3167, 0.3333, 0.35, 0.3667, 0.3833, 0.4, 0.4167, 0.4333, 0.45, 0.4667, 0.4833, 0.5],
            "transform": [
                [1.0, 0.0, 0.0, 0.0, 0.0, 0.912751, -0.408517, 0.4, 0.0, 0.408517, 0.912751, 0.0, 0.0, 0.0, 0.0, 1.0],
                [1.0, 0.0, 0.0, 0.0, 0.0, 0.912751, -0.408517, 0.4, 0.0, 0.408517, 0.912751, -0.0, 0.0, 0.0, 0.0, 1.0],
                [1.0, 0.0, 0.0, 0.0, 0.0, 0.912751, -0.408517, 0.4, 0.0, 0.408517, 0.912751, -0.0, 0.0, 0.0, 0.0, 1.0],
                [1.0, 0.0, 0.0, 0.0, 0.0, 0.912751, -0.408517, 0.4, 0.0, 0.408517, 0.912751, 0.0, 0.0, 0.0, 0.0, 1.0],
                [1.0, 0.0, 0.0, 0.0, 0.0, 0.912751, -0.408517, 0.4, 0.0, 0.408517, 0.912751, -0.0, 0.0, 0.0, 0.0, 1.0],
