{
    "animation": [
        {
            "name": "Root",
            "time": [0.0, 0.0167, 0.0333, 0.05, 0.0667, 0.0833, 0.1, 0.1167, 0.1333, 0.15, 0.1667, 0.1833, 0.2, 0.2167, 0.2333, 0.25, 0.2667, 0.2833, 0.3, 0.3167, 0.3333, 0.35, 0.3667, 0.3833, 0.4, 0.4167, 0.4333, 0.45, 0.4667, 0.4833, 0.5, 0.5167, 0.5333, 0.55, 0.5667, 0.5833, 0.6, 0.6167, 0.6333, 0.65, 0.6667, 0.6833, 0.7, 0.7167, 0.7333, 0.75, 0.7667, 0.7833, 0.8, 0.8167, 0.8333, 0.85, 0.8667, 0.8833, 0.9, 0.9167, 0.9333, 0.95, 0.9667, 0.9833, 1.0, 1.0167, 1.0333, 1.05, 1.0667, 1.0833, 1.1, 1.1167, 1.1333, 1.15, 1.1667, 1.1833, 1.2, 1.2167, 1.2333, 1.25, 1.2667, 1.2833, 1.3, 1.3167, 1.3333, 1.35, 1.3667, 1.3833, 1.4, 1.4167, 1.4333, 1.45, 1.4667, 1.4833, 1.5, 1.5167, 1.5333, 1.55, 1.5667, 1.5833, 1.6, 1.6167, 1.6333, 1.65, 1.6667, 1.6833, 1.7, 1.7167, 1.7333, 1.75, 1.7667, 1.7833, 1.8, 1.8167, 1.8333, 1.85, 1.8667, 1.8833, 1.9, 1.9167, 1.9333, 1.95, 1.9667, 1.9833, 2.0, 2.0167, 2.0333, 2.05, 2.0667, 2.0833, 2.1, 2.1167, 2.1333, 2.15, 2.1667, 2.1833, 2.2, 2.2167, 2.2333, 2.25, 2.2667, 2.2833, 2.3, 2.3167, 2.3333, 2.35, 2.3667, 2.3833, 2.4, 2.4167, 2.4333, 2.45, 2.4667, 2.4833, 2.5],
            "transform": [
                [0.278829, 0.0, -0.960341, 0.051108, -0.960341, 0.0, -0.278829, 0.000946, 0.0, 1.0, 0.0, 0.552716, 0.0, 0.0, 0.0, 1.0],
                [0.273453, 0.0, -0.961885, 0.049364, -0.961885, 0.0, -0.273453, 0.004005, 0.0, 1.0, 0.0, 0.553099, 0.0, 0.0, 0.0, 1.0],
                [0.257952, 0.0, -0.966158, 0.044393, -0.966158, 0.0, -0.257952, 0.012709, 0.0, 1.0, 0.0, 0.554229, 0.0, 0.0, 0.0, 1.0],
                [0.233192, 0.0, -0.972431, 0.036589, -0.972431, 0.0, -0.233192, 0.026353, 0.0, 1.0, 0.0, 0.556083, 0.0, 0.0, 0.0, 1.0],
                [0.200001, 0.0, -0.979796, 0.026344, -0.979796, 0.0, -0.200001, 0.044232, 0.0, 1.0, 0.0, 0.558635, 0.0, 0.0, 0.0, 1.0],
                [0.159235, 0.0, -0.987241, 0.014054, -0.987241, 0.0, -0.159235, 0.065639, 0.0, 1.0, 0.0, 0.561861, 0.0, 0.0, 0.0, 1.0],
                [0.111835, 0.0, -0.993727, 0.000109, -0.993727, 0.0, -0.111835, 0.089869, 0.0, 1.0, 0.0, 0.565735, 0.0, 0.0, 0.0, 1.0],
                [0.058869, 0.0, -0.998266, -0.015095, -0.998266, 0.0, -0.058869, 0.116216, 0.0, 1.0, 0.0, 0.570233, 0.0, 0.0, 0.0, 1.0],
                [0.00154, 0.0, -0.999999, -0.031166, -0.999999, 0.0, -0.00154, 0.143975, 0.0, 1.0, 0.0, 0.575331, 0.0, 0.0, 0.0, 1.0],
                [-0.058817, 0.0, -0.998269, -0.047711, -0.998269, 0.0, 0.058817, 0.17244, 0.0, 1.0, 0.0, 0.581003, 0.0, 0.0, 0.0, 1.0],
                [-0.120776, 0.0, -0.99268, -0.064337, -0.99268, 0.0, 0.120776, 0.200905, 0.0, 1.0, 0.0, 0.587224, 0.0, 0.0, 0.0, 1.0],
                [-0.182875, 0.0, -0.983136, -0.080649, -0.983136, 0.0, 0.182875, 0.228664, 0.0, 1.0, 0.0, 0.593971, 0.0, 0.0, 0.0, 1.0],
                [-0.24368, 0.0, -0.969856, -0.096255, -0.969856, 0.0, 0.24368, 0.255011, 0.0, 1.0, 0.0, 0.601217, 0.0, 0.0, 0.0, 1.0],
                [-0.301857, 0.0, -0.953353, -0.110762, -0.953353, 0.0, 0.301857, 0.279241, 0.0, 1.0, 0.0, 0.608938, 0.0, 0.0, 0.0, 1.0],
                [-0.356221, 0.0, -0.934402, -0.123776, -0.934402, 0.0, 0.356221, 0.300649, 0.0, 1.0, 0.0, 0.617109, 0.0, 0.0, 0.0, 1.0],
                [-0.405772, 0.0, -0.913974, -0.134904, -0.913974, 0.0, 0.405772, 0.318527, 0.0, 1.0, 0.0, 0.625706, 0.0, 0.0, 0.0, 1.0],
                [-0.449946, 0.0, -0.893056, -0.144302, -0.893056, 0.0, 0.449946, 0.332387, 0.0, 1.0, 0.0, 0.634686, 0.0, 0.0, 0.0, 1.0],
                [-0.489276, 0.0, -0.872129, -0.15245, -0.872129, 0.0, 0.489276, 0.342601, 0.0, 1.0, 0.0, 0.643934, 0.0, 0.0, 0.0, 1.0],
                [-0.524527, 0.0, -0.851394, -0.159435, -0.851394, 0.0, 0.524527, 0.349758, 0.0, 1.0, 0.0, 0.65332, 0.0, 0.0, 0.0, 1.0],
                [-0.556428, 0.0, -0.830896, -0.165348, -0.830896, 0.0, 0.556428, 0.354445, 0.0, 1.0, 0.0, 0.662712, 0.0, 0.0, 0.0, 1.0],
                [-0.585656, 0.0, -0.81056, -0.170278, -0.81056, 0.0, 0.585656, 0.357252, 0.0, 1.0, 0.0, 0.671977, 0.0, 0.0, 0.0, 1.0],
                [-0.612837, 0.0, -0.790209, -0.174315, -0.790209, 0.0, 0.612837, 0.358767, 0.0, 1.0, 0.0, 0.680985, 0.0, 0.0, 0.0, 1.0],
                [-0.638546, 0.0, -0.769584, -0.177547, -0.769584, 0.0, 0.638546, 0.359578, 0.0, 1.0, 0.0, 0.689604, 0.0, 0.0, 0.0, 1.0],
                [-0.663302, 0.0, -0.748352, -0.180064, -0.748352, 0.0, 0.663302, 0.360274, 0.0, 1.0, 0.0, 0.697701, 0.0, 0.0, 0.0, 1.0],
                [-0.687574, 0.0, -0.726115, -0.181956, -0.726115, 0.0, 0.687574, 0.361443, 0.0, 1.0, 0.0, 0.705146, 0.0, 0.0, 0.0, 1.0],
                [-0.711771, 0.0, -0.702412, -0.183311, -0.702412, 0.0, 0.711771, 0.363674, 0.0, 1.0, 0.0, 0.711807, 0.0, 0.0, 0.0, 1.0],
                [-0.736241, 0.0, -0.676719, -0.18422, -0.676719, 0.0, 0.736241, 0.367555, 0.0, 1.0, 0.0, 0.717552, 0.0, 0.0, 0.0, 1.0],
                [-0.761258, 0.0, -0.648449, -0.184771, -0.648449, 0.0, 0.761258, 0.373675, 0.0, 1.0, 0.0, 0.72225, 0.0, 0.0, 0.0, 1.0],
                [-0.787004, 0.0, -0.616947, -0.185054, -0.616947, 0.0, 0.787004, 0.382622, 0.0, 1.0, 0.0, 0.725768, 0.0, 0.0, 0.0, 1.0],
                [-0.813552, 0.0, -0.581492, -0.185158, -0.581492, 0.0, 0.813552, 0.394985, 0.0, 1.0, 0.0, 0.727976, 0.0, 0.0, 0.0, 1.0],
                [-0.840829, 0.0, -0.541301, -0.185173, -0.541301, 0.0, 0.840829, 0.411352, 0.0, 1.0, 0.0, 0.728741, 0.0, 0.0, 0.0, 1.0],
                [-0.868615, 0.0, -0.495488, -0.180348, -0.495488, 0.0, 0.868615, 0.432242, 0.0, 1.0, 0.0, 0.728741, 0.0, 0.0, 0.0, 1.0],
                [-0.896573, 0.0, -0.442896, -0.167252, -0.442896, 0.0, 0.896573, 0.457062, 0.0, 1.0, 0.0, 0.728741, 0.0, 0.0, 0.0, 1.0],
                [-0.924066, 0.0, -0.382234, -0.147951, -0.382234, 0.0, 0.924066, 0.484728, 0.0, 1.0, 0.0, 0.728741, 0.0, 0.0, 0.0, 1.0],
                [-0.950026, 0.0, -0.312171, -0.124516, -0.312171, 0.0, 0.950026, 0.514157, 0.0, 1.0, 0.0, 0.728741, 0.0, 0.0, 0.0, 1.0],
                [-0.972851, 0.0, -0.231432, -0.099012, -0.231432, 0.0, 0.972851, 0.544267, 0.0, 1.0, 0.0, 0.728741, 0.0, 0.0, 0.0, 1.0],
                [-0.990297, 0.0, -0.138962, -0.073508, -0.138962, 0.0, 0.990297, 0.573975, 0.0, 1.0, 0.0, 0.728741, 0.0, 0.0, 0.0, 1.0],
                [-0.999416, 0.0, -0.034174, -0.050072, -0.034174, 0.0, 0.999416, 0.602198, 0.0, 1.0, 0.0, 0.728741, 0.0, 0.0, 0.0, 1.0],
                [-0.996574, 0.0, 0.082714, -0.030772, 0.082714, 0.0, 0.996574, 0.627853, 0.0, 1.0, 0.0, 0.728741, 0.0, 0.0, 0.0, 1.0],
                [-0.977642, 0.0, 0.210274, -0.017676, 0.210274, 0.0, 0.977642, 0.649856, 0.0, 1.0, 0.0, 0.728741, 0.0, 0.0, 0.0, 1.0],
                [-0.938426, 0.0, 0.34548, -0.012851, 0.34548, 0.0, 0.938426, 0.667126, 0.0, 1.0, 0.0, 0.728741, 0.0, 0.0, 0.0, 1.0],
                [-0.874431, 0.0, 0.485149, -0.014232, 0.485149, 0.0, 0.874431, 0.679008, 0.0, 1.0, 0.0, 0.728703, 0.0, 0.0, 0.0, 1.0],
                [-0.781958, 0.0, 0.623331, -0.01798, 0.623331, 0.0, 0.781958, 0.686568, 0.0, 1.0, 0.0, 0.728439, 0.0, 0.0, 0.0, 1.0],
                [-0.66044, 0.0, 0.750879, -0.023505, 0.750879, 0.0, 0.66044, 0.691298, 0.0, 1.0, 0.0, 0.727722, 0.0, 0.0, 0.0, 1.0],
                [-0.512437, 0.0, 0.858725, -0.030213, 0.858725, 0.0, 0.512437, 0.694693, 0.0, 1.0, 0.0, 0.726325, 0.0, 0.0, 0.0, 1.0],
                [-0.343492, 0.0, 0.939156, -0.037513, 0.939156, 0.0, 0.343492, 0.698247, 0.0, 1.0, 0.0, 0.724023, 0.0, 0.0, 0.0, 1.0],
                [-0.16129, 0.0, 0.986907, -0.044813, 0.986907, 0.0, 0.16129, 0.703453, 0.0, 1.0, 0.0, 0.720588, 0.0, 0.0, 0.0, 1.0],
                [0.02565, 0.0, 0.999671, -0.051522, 0.999671, 0.0, -0.02565, 0.711804, 0.0, 1.0, 0.0, 0.715794, 0.0, 0.0, 0.0, 1.0],
                [0.209313, 0.0, 0.977849, -0.057046, 0.977849, 0.0, -0.209313, 0.724796, 0.0, 1.0, 0.0, 0.709415, 0.0, 0.0, 0.0, 1.0],
                [0.383162, 0.0, 0.923681, -0.060795, 0.923681, 0.0, -0.383162, 0.743922, 0.0, 1.0, 0.0, 0.701224, 0.0, 0.0, 0.0, 1.0],
                [0.542517, 0.0, 0.840045, -0.062176, 0.840045, 0.0, -0.542517, 0.770674, 0.0, 1.0, 0.0, 0.690995, 0.0, 0.0, 0.0, 1.0],
                [0.687904, 0.0, 0.725802, -0.059792, 0.725802, 0.0, -0.687904, 0.818525, 0.0, 1.0, 0.0, 0.676716, 0.0, 0.0, 0.0, 1.0],
                [0.814763, 0.0, 0.579794, -0.053043, 0.579794, 0.0, -0.814763, 0.895543, 0.0, 1.0, 0.0, 0.657533, 0.0, 0.0, 0.0, 1.0],
                [0.912712, 0.0, 0.408603, -0.042535, 0.408603, 0.0, -0.912712, 0.99512, 0.0, 1.0, 0.0, 0.634956, 0.0, 0.0, 0.0, 1.0],
                [0.974653, 0.0, 0.22372, -0.028875, 0.22372, 0.0, -0.974653, 1.110648, 0.0, 1.0, 0.0, 0.610492, 0.0, 0.0, 0.0, 1.0],
                [0.999226, 0.0, 0.03933, -0.012668, 0.03933, 0.0, -0.999226, 1.23552, 0.0, 1.0, 0.0, 0.585652, 0.0, 0.0, 0.0, 1.0],
                [0.99138, 0.0, -0.131017, 0.00548, -0.131017, 0.0, -0.99138, 1.363127, 0.0, 1.0, 0.0, 0.561944, 0.0, 0.0, 0.0, 1.0],
                [0.960811, 0.0, -0.277203, 0.024963, -0.277203, 0.0, -0.960811, 1.486863, 0.0, 1.0, 0.0, 0.540877, 0.0, 0.0, 0.0, 1.0],
                [0.919278, 0.0, -0.39361, 0.045175, -0.39361, 0.0, -0.919278, 1.600117, 0.0, 1.0, 0.0, 0.523961, 0.0, 0.0, 0.0, 1.0],
                [0.878155, 0.0, -0.478377, 0.065511, -0.478377, 0.0, -0.878155, 1.696284, 0.0, 1.0, 0.0, 0.512705, 0.0, 0.0, 0.0, 1.0],
                [0.846981, 0.0, -0.531622, 0.085364, -0.531622, 0.0, -0.846981, 1.768755, 0.0, 1.0, 0.0, 0.508617, 0.0, 0.0, 0.0, 1.0],
                [0.823796, 0.0, -0.566886, 0.104231, -0.566886, 0.0, -0.823796, 1.824303, 0.0, 1.0, 0.0, 0.508617, 0.0, 0.0, 0.0, 1.0],
                [0.801623, 0.0, -0.59783, 0.122022, -0.59783, 0.0, -0.801623, 1.874301, 0.0, 1.0, 0.0, 0.508617, 0.0, 0.0, 0.0, 1.0],
                [0.780658, 0.0, -0.624958, 0.138749, -0.624958, 0.0, -0.780658, 1.919041, 0.0, 1.0, 0.0, 0.508617, 0.0, 0.0, 0.0, 1.0],
                [0.761034, 0.0, -0.648712, 0.154422, -0.648712, 0.0, -0.761034, 1.958816, 0.0, 1.0, 0.0, 0.508617, 0.0, 0.0, 0.0, 1.0],
                [0.74283, 0.0, -0.66948, 0.169053, -0.66948, 0.0, -0.74283, 1.993916, 0.0, 1.0, 0.0, 0.508617, 0.0, 0.0, 0.0, 1.0],
                [0.726089, 0.0, -0.6876, 0.182656, -0.6876, 0.0, -0.726089, 2.024636, 0.0, 1.0, 0.0, 0.508617, 0.0, 0.0, 0.0, 1.0],
                [0.710827, 0.0, -0.703367, 0.195241, -0.703367, 0.0, -0.710827, 2.051265, 0.0, 1.0, 0.0, 0.508617, 0.0, 0.0, 0.0, 1.0],
                [0.697036, 0.0, -0.717036, 0.206819, -0.717036, 0.0, -0.697036, 2.074098, 0.0, 1.0, 0.0, 0.508617, 0.0, 0.0, 0.0, 1.0],
                [0.684694, 0.0, -0.728831, 0.217404, -0.728831, 0.0, -0.684694, 2.093426, 0.0, 1.0, 0.0, 0.508617, 0.0, 0.0, 0.0, 1.0],
                [0.673766, 0.0, -0.738945, 0.227007, -0.738945, 0.0, -0.673766, 2.10954, 0.0, 1.0, 0.0, 0.508617, 0.0, 0.0, 0.0, 1.0],
                [0.664208, 0.0, -0.747548, 0.235639, -0.747548, 0.0, -0.664208, 2.122733, 0.0, 1.0, 0.0, 0.508617, 0.0, 0.0, 0.0, 1.0],
                [0.655966, 0.0, -0.75479, 0.243312, -0.75479, 0.0, -0.655966, 2.133297, 0.0, 1.0, 0.0, 0.508617, 0.0, 0.0, 0.0, 1.0],
                [0.648983, 0.0, -0.760803, 0.250039, -0.760803, 0.0, -0.648983, 2.141525, 0.0, 1.0, 0.0, 0.508617, 0.0, 0.0, 0.0, 1.0],
                [0.643193, 0.0, -0.765705, 0.25583, -0.765705, 0.0, -0.643193, 2.147707, 0.0, 1.0, 0.0, 0.508617, 0.0, 0.0, 0.0, 1.0],
                [0.638524, 0.0, -0.769602, 0.260698, -0.769602, 0.0, -0.638524, 2.152138, 0.0, 1.0, 0.0, 0.508617, 0.0, 0.0, 0.0, 1.0],
                [0.6349, 0.0, -0.772594, 0.264654, -0.772594, 0.0, -0.6349, 2.155107, 0.0, 1.0, 0.0, 0.508617, 0.0, 0.0, 0.0, 1.0],
                [0.63224, 0.0, -0.774772, 0.267711, -0.774772, 0.0, -0.63224, 2.156909, 0.0, 1.0, 0.0, 0.508617, 0.0, 0.0, 0.0, 1.0],
                [0.630457, 0.0, -0.776224, 0.26988, -0.776224, 0.0, -0.630457, 2.157834, 0.0, 1.0, 0.0, 0.508617, 0.0, 0.0, 0.0, 1.0],
                [0.629459, 0.0, -0.777034, 0.271172, -0.777034, 0.0, -0.629459, 2.158175, 0.0, 1.0, 0.0, 0.508617, 0.0, 0.0, 0.0, 1.0],
                [0.629149, 0.0, -0.777285, 0.2716, -0.777285, 0.0, -0.629149, 2.158223, 0.0, 1.0, 0.0, 0.508617, 0.0, 0.0, 0.0, 1.0],
                [0.629149, 0.0, -0.777285, 0.2716, -0.777285, 0.0, -0.629149, 2.158223, 0.0, 1.0, 0.0, 0.508617, 0.0, 0.0, 0.0, 1.0],
                [0.629149, 0.0, -0.777285, 0.2716, -0.777285, 0.0, -0.629149, 2.158223, 0.0, 1.0, 0.0, 0.508617, 0.0, 0.0, 0.0, 1.0],
                [0.629149, 0.0, -0.777285, 0.2716, -0.777285, 0.0, -0.629149, 2.158223, 0.0, 1.0, 0.0, 0.508617, 0.0, 0.0, 0.0, 1.0],
                [0.629149, 0.0, -0.777285, 0.2716, -0.777285, 0.0, -0.629149, 2.158223, 0.0, 1.0, 0.0, 0.508617, 0.0, 0.0, 0.0, 1.0],
                [0.629149, 0.0, -0.777285, 0.2716, -0.777285, 0.0, -0.629149, 2.158223, 0.0, 1.0, 0.0, 0.508617, 0.0, 0.0, 0.0, 1.0],
                [0.629149, 0.0, -0.777285, 0.2716, -0.777285, 0.0, -0.629149, 2.158223, 0.0, 1.0, 0.0, 0.508617, 0.0, 0.0, 0.0, 1.0],
                [0.629149, 0.0, -0.777285, 0.2716, -0.777285, 0.0, -0.629149, 2.158223, 0.0, 1.0, 0.0, 0.508617, 0.0, 0.0, 0.0, 1.0],
                [0.629149, 0.0, -0.777285, 0.2716, -0.777285, 0.0, -0.629149, 2.158223, 0.0, 1.0, 0.0, 0.508617, 0.0, 0.0, 0.0, 1.0],
                [0.629149, 0.0, -0.777285, 0.2716, -0.777285, 0.0, -0.629149, 2.158223, 0.0, 1.0, 0.0, 0.508617, 0.0, 0.0, 0.0, 1.0],
                [0.629149, 0.0, -0.777285, 0.2716, -0.777285, 0.0, -0.629149, 2.158223, 0.0, 1.0, 0.0, 0.508617, 0.0, 0.0, 0.0, 1.0],
                [0.629195, 0.0, -0.777248, 0.271377, -0.777248, 0.0, -0.629195, 2.158223, 0.0, 1.0, 0.0, 0.50878, 0.0, 0.0, 0.0, 1.0],
                [0.629331, 0.0, -0.777138, 0.270715, -0.777138, 0.0, -0.629331, 2.158223, 0.0, 1.0, 0.0, 0.509259, 0.0, 0.0, 0.0, 1.0],
                [0.629554, 0.0, -0.776957, 0.269631, -0.776957, 0.0, -0.629554, 2.158223, 0.0, 1.0, 0.0, 0.510044, 0.0, 0.0, 0.0, 1.0],
                [0.629861, 0.0, -0.776708, 0.26814, -0.776708, 0.0, -0.629861, 2.158223, 0.0, 1.0, 0.0, 0.511125, 0.0, 0.0, 0.0, 1.0],
                [0.630248, 0.0, -0.776394, 0.266256, -0.776394, 0.0, -0.630248, 2.158223, 0.0, 1.0, 0.0, 0.51249, 0.0, 0.0, 0.0, 1.0],
                [0.630712, 0.0, -0.776017, 0.263996, -0.776017, 0.0, -0.630712, 2.158223, 0.0, 1.0, 0.0, 0.514128, 0.0, 0.0, 0.0, 1.0],
                [0.631251, 0.0, -0.775579, 0.261373, -0.775579, 0.0, -0.631251, 2.158223, 0.0, 1.0, 0.0, 0.516028, 0.0, 0.0, 0.0, 1.0],
                [0.631861, 0.0, -0.775082, 0.258402, -0.775082, 0.0, -0.631861, 2.158223, 0.0, 1.0, 0.0, 0.51818, 0.0, 0.0, 0.0, 1.0],
                [0.632538, 0.0, -0.774529, 0.2551, -0.774529, 0.0, -0.632538, 2.158223, 0.0, 1.0, 0.0, 0.520573, 0.0, 0.0, 0.0, 1.0],
                [0.63328, 0.0, -0.773923, 0.251482, -0.773923, 0.0, -0.63328, 2.158223, 0.0, 1.0, 0.0, 0.523195, 0.0, 0.0, 0.0, 1.0],
                [0.634083, 0.0, -0.773265, 0.247561, -0.773265, 0.0, -0.634083, 2.158223, 0.0, 1.0, 0.0, 0.526036, 0.0, 0.0, 0.0, 1.0],
                [0.634944, 0.0, -0.772558, 0.243354, -0.772558, 0.0, -0.634944, 2.158223, 0.0, 1.0, 0.0, 0.529084, 0.0, 0.0, 0.0, 1.0],
                [0.635859, 0.0, -0.771805, 0.238875, -0.771805, 0.0, -0.635859, 2.158223, 0.0, 1.0, 0.0, 0.53233, 0.0, 0.0, 0.0, 1.0],
                [0.636827, 0.0, -0.771007, 0.234139, -0.771007, 0.0, -0.636827, 2.158223, 0.0, 1.0, 0.0, 0.535761, 0.0, 0.0, 0.0, 1.0],
                [0.637842, 0.0, -0.770167, 0.229162, -0.770167, 0.0, -0.637842, 2.158223, 0.0, 1.0, 0.0, 0.539367, 0.0, 0.0, 0.0, 1.0],
                [0.638903, 0.0, -0.769288, 0.223959, -0.769288, 0.0, -0.638903, 2.158223, 0.0, 1.0, 0.0, 0.543137, 0.0, 0.0, 0.0, 1.0],
                [0.640005, 0.0, -0.768371, 0.218544, -0.768371, 0.0, -0.640005, 2.158223, 0.0, 1.0, 0.0, 0.54706, 0.0, 0.0, 0.0, 1.0],
                [0.641146, 0.0, -0.767419, 0.212934, -0.767419, 0.0, -0.641146, 2.158223, 0.0, 1.0, 0.0, 0.551126, 0.0, 0.0, 0.0, 1.0],
                [0.642322, 0.0, -0.766435, 0.207142, -0.766435, 0.0, -0.642322, 2.158223, 0.0, 1.0, 0.0, 0.555322, 0.0, 0.0, 0.0, 1.0],
                [0.64353, 0.0, -0.765421, 0.201184, -0.765421, 0.0, -0.64353, 2.158223, 0.0, 1.0, 0.0, 0.559639, 0.0, 0.0, 0.0, 1.0],
                [0.644767, 0.0, -0.764379, 0.195076, -0.764379, 0.0, -0.644767, 2.158223, 0.0, 1.0, 0.0, 0.564065, 0.0, 0.0, 0.0, 1.0],
                [0.64603, 0.0, -0.763312, 0.188831, -0.763312, 0.0, -0.64603, 2.158223, 0.0, 1.0, 0.0, 0.56859, 0.0, 0.0, 0.0, 1.0],
                [0.647316, 0.0, -0.762222, 0.182466, -0.762222, 0.0, -0.647316, 2.158223, 0.0, 1.0, 0.0, 0.573202, 0.0, 0.0, 0.0, 1.0],
                [0.648621, 0.0, -0.761111, 0.175995, -0.761111, 0.0, -0.648621, 2.158223, 0.0, 1.0, 0.0, 0.57789, 0.0, 0.0, 0.0, 1.0],
                [0.649943, 0.0, -0.759983, 0.169434, -0.759983, 0.0, -0.649943, 2.158223, 0.0, 1.0, 0.0, 0.582644, 0.0, 0.0, 0.0, 1.0],
                [0.651277, 0.0, -0.75884, 0.162797, -0.75884, 0.0, -0.651277, 2.158223, 0.0, 1.0, 0.0, 0.587453, 0.0, 0.0, 0.0, 1.0],
                [0.652622, 0.0, -0.757684, 0.1561, -0.757684, 0.0, -0.652622, 2.158223, 0.0, 1.0, 0.0, 0.592306, 0.0, 0.0, 0.0, 1.0],
                [0.653974, 0.0, -0.756517, 0.149358, -0.756517, 0.0, -0.653974, 2.158223, 0.0, 1.0, 0.0, 0.597191, 0.0, 0.0, 0.0, 1.0],
                [0.655329, 0.0, -0.755343, 0.142586, -0.755343, 0.0, -0.655329, 2.158223, 0.0, 1.0, 0.0, 0.602098, 0.0, 0.0, 0.0, 1.0],
                [0.656686, 0.0, -0.754164, 0.135798, -0.754164, 0.0, -0.656686, 2.158223, 0.0, 1.0, 0.0, 0.607016, 0.0, 0.0, 0.0, 1.0],
                [0.658041, 0.0, -0.752982, 0.12901, -0.752982, 0.0, -0.658041, 2.158223, 0.0, 1.0, 0.0, 0.611934, 0.0, 0.0, 0.0, 1.0],
                [0.65939, 0.0, -0.751801, 0.122238, -0.751801, 0.0, -0.65939, 2.158223, 0.0, 1.0, 0.0, 0.616842, 0.0, 0.0, 0.0, 1.0],
                [0.660731, 0.0, -0.750623, 0.115495, -0.750623, 0.0, -0.660731, 2.158223, 0.0, 1.0, 0.0, 0.621727, 0.0, 0.0, 0.0, 1.0],
                [0.662062, 0.0, -0.749449, 0.108798, -0.749449, 0.0, -0.662062, 2.158223, 0.0, 1.0, 0.0, 0.626579, 0.0, 0.0, 0.0, 1.0],
                [0.663378, 0.0, -0.748285, 0.102162, -0.748285, 0.0, -0.663378, 2.158223, 0.0, 1.0, 0.0, 0.631388, 0.0, 0.0, 0.0, 1.0],
                [0.664677, 0.0, -0.747131, 0.0956, -0.747131, 0.0, -0.664677, 2.158223, 0.0, 1.0, 0.0, 0.636142, 0.0, 0.0, 0.0, 1.0],
                [0.665956, 0.0, -0.745991, 0.08913, -0.745991, 0.0, -0.665956, 2.158223, 0.0, 1.0, 0.0, 0.640831, 0.0, 0.0, 0.0, 1.0],
                [0.667212, 0.0, -0.744868, 0.082765, -0.744868, 0.0, -0.667212, 2.158223, 0.0, 1.0, 0.0, 0.645443, 0.0, 0.0, 0.0, 1.0],
                [0.668443, 0.0, -0.743763, 0.07652, -0.743763, 0.0, -0.668443, 2.158223, 0.0, 1.0, 0.0, 0.649967, 0.0, 0.0, 0.0, 1.0],
                [0.669645, 0.0, -0.742681, 0.070412, -0.742681, 0.0, -0.669645, 2.158223, 0.0, 1.0, 0.0, 0.654393, 0.0, 0.0, 0.0, 1.0],
                [0.670816, 0.0, -0.741624, 0.064454, -0.741624, 0.0, -0.670816, 2.158223, 0.0, 1.0, 0.0, 0.65871, 0.0, 0.0, 0.0, 1.0],
                [0.671953, 0.0, -0.740594, 0.058662, -0.740594, 0.0, -0.671953, 2.158223, 0.0, 1.0, 0.0, 0.662907, 0.0, 0.0, 0.0, 1.0],
                [0.673052, 0.0, -0.739595, 0.053051, -0.739595, 0.0, -0.673052, 2.158223, 0.0, 1.0, 0.0, 0.666972, 0.0, 0.0, 0.0, 1.0],
                [0.674112, 0.0, -0.738629, 0.047637, -0.738629, 0.0, -0.674112, 2.158223, 0.0, 1.0, 0.0, 0.670895, 0.0, 0.0, 0.0, 1.0],
                [0.675129, 0.0, -0.7377, 0.042434, -0.7377, 0.0, -0.675129, 2.158223, 0.0, 1.0, 0.0, 0.674665, 0.0, 0.0, 0.0, 1.0],
                [0.6761, 0.0, -0.73681, 0.037457, -0.73681, 0.0, -0.6761, 2.158223, 0.0, 1.0, 0.0, 0.678272, 0.0, 0.0, 0.0, 1.0],
                [0.677024, 0.0, -0.735961, 0.032721, -0.735961, 0.0, -0.677024, 2.158223, 0.0, 1.0, 0.0, 0.681703, 0.0, 0.0, 0.0, 1.0],
                [0.677896, 0.0, -0.735158, 0.028242, -0.735158, 0.0, -0.677896, 2.158223, 0.0, 1.0, 0.0, 0.684948, 0.0, 0.0, 0.0, 1.0],
                [0.678714, 0.0, -0.734402, 0.024035, -0.734402, 0.0, -0.678714, 2.158223, 0.0, 1.0, 0.0, 0.687997, 0.0, 0.0, 0.0, 1.0],
                [0.679476, 0.0, -0.733698, 0.020114, -0.733698, 0.0, -0.679476, 2.158223, 0.0, 1.0, 0.0, 0.690838, 0.0, 0.0, 0.0, 1.0],
                [0.680179, 0.0, -0.733046, 0.016495, -0.733046, 0.0, -0.680179, 2.158223, 0.0, 1.0, 0.0, 0.69346, 0.0, 0.0, 0.0, 1.0],
                [0.68082, 0.0, -0.732451, 0.013193, -0.732451, 0.0, -0.68082, 2.158223, 0.0, 1.0, 0.0, 0.695852, 0.0, 0.0, 0.0, 1.0],
                [0.681395, 0.0, -0.731916, 0.010223, -0.731916, 0.0, -0.681395, 2.158223, 0.0, 1.0, 0.0, 0.698004, 0.0, 0.0, 0.0, 1.0],
                [0.681903, 0.0, -0.731442, 0.0076, -0.731442, 0.0, -0.681903, 2.158223, 0.0, 1.0, 0.0, 0.699905, 0.0, 0.0, 0.0, 1.0],
                [0.682341, 0.0, -0.731034, 0.005339, -0.731034, 0.0, -0.682341, 2.158223, 0.0, 1.0, 0.0, 0.701543, 0.0, 0.0, 0.0, 1.0],
                [0.682706, 0.0, -0.730694, 0.003456, -0.730694, 0.0, -0.682706, 2.158223, 0.0, 1.0, 0.0, 0.702908, 0.0, 0.0, 0.0, 1.0],
                [0.682994, 0.0, -0.730424, 0.001965, -0.730424, 0.0, -0.682994, 2.158223, 0.0, 1.0, 0.0, 0.703988, 0.0, 0.0, 0.0, 1.0],
                [0.683203, 0.0, -0.730228, 0.000881, -0.730228, 0.0, -0.683203, 2.158223, 0.0, 1.0, 0.0, 0.704774, 0.0, 0.0, 0.0, 1.0],
                [0.683331, 0.0, -0.730109, 0.000219, -0.730109, 0.0, -0.683331, 2.158223, 0.0, 1.0, 0.0, 0.705253, 0.0, 0.0, 0.0, 1.0],
                [0.683375, 0.0, -0.730068, -5e-06, -0.730068, 0.0, -0.683375, 2.158223, 0.0, 1.0, 0.0, 0.705415, 0.0, 0.0, 0.0, 1.0]
            ]
        },
        {
            "name": "Thigh_R",
            "time": [0.0, 0.0167, 0.0333, 0.05, 0.0667, 0.0833, 0.1, 0.1167, 0.1333, 0.15, 0.1667, 0.1833, 0.2, 0.2167, 0.2333, 0.25, 0.2667, 0.2833, 0.3, 0.3167, 0.3333, 0.35, 0.3667, 0.3833, 0.4, 0.4167, 0.4333, 0.45, 0.4667, 0.4833, 0.5, 0.5167, 0.5333, 0.55, 0.5667, 0.5833, 0.6, 0.6167, 0.6333, 0.65, 0.6667, 0.6833, 0.7, 0.7167, 0.7333, 0.75, 0.7667, 0.7833, 0.8, 0.8167, 0.8333, 0.85, 0.8667, 0.8833, 0.9, 0.9167, 0.9333, 0.95, 0.9667, 0.9833, 1.0, 1.0167, 1.0333, 1.05, 1.0667, 1.0833, 1.1, 1.1167, 1.1333, 1.15, 1.1667, 1.1833, 1.2, 1.2167, 1.2333, 1.25, 1.2667, 1.2833, 1.3, 1.3167, 1.3333, 1.35, 1.3667, 1.3833, 1.4, 1.4167, 1.4333, 1.45, 1.4667, 1.4833, 1.5, 1.5167, 1.5333, 1.55, 1.5667, 1.5833, 1.6, 1.6167, 1.6333, 1.65, 1.6667, 1.6833, 1.7, 1.7167, 1.7333, 1.75, 1.7667, 1.7833, 1.8, 1.8167, 1.8333, 1.85, 1.8667, 1.8833, 1.9, 1.9167, 1.9333, 1.95, 1.9667, 1.9833, 2.0, 2.0167, 2.0333, 2.05, 2.0667, 2.0833, 2.1, 2.1167, 2.1333, 2.15, 2.1667, 2.1833, 2.2, 2.2167, 2.2333, 2.25, 2.2667, 2.2833, 2.3, 2.3167, 2.3333, 2.35, 2.3667, 2.3833, 2.4, 2.4167, 2.4333, 2.45, 2.4667, 2.4833, 2.5],
            "transform": [
                [0.72897, 0.643295, -0.234034, 0.124994, 0.6237, -0.76506, -0.160244, -0.002831, -0.282135, -0.029154, -0.958932, -1.2e-05, 0.0, 0.0, 0.0, 1.0],
                [0.733507, 0.640796, -0.226594, 0.124994, 0.624065, -0.767035, -0.148987, -0.002831, -0.269276, -0.032125, -0.962527, -1.2e-05, 0.0, 0.0, 0.0, 1.0],
                [0.745862, 0.633864, -0.204704, 0.124994, 0.624328, -0.772372, -0.116846, -0.002831, -0.232173, -0.040652, -0.971825, -1.2e-05, 0.0, 0.0, 0.0, 1.0],
                [0.763517, 0.62342, -0.168485, 0.124994, 0.622297, -0.779988, -0.066042, -0.002831, -0.172589, -0.054423, -0.98349, -1.2e-05, 0.0, 0.0, 0.0, 1.0],
                [0.783179, 0.610529, -0.117825, 0.124994, 0.614909, -0.788595, 0.001032, -0.002831, -0.092287, -0.073259, -0.993034, -1.2e-05, 0.0, 0.0, 0.0, 1.0],
                [0.800901, 0.596444, -0.053004, 0.124994, 0.598763, -0.796791, 0.081265, -0.002831, 0.006237, -0.096821, -0.995283, -1.2e-05, 0.0, 0.0, 0.0, 1.0],
                [0.812402, 0.582572, 0.024724, 0.124994, 0.570793, -0.803207, 0.170445, -0.002831, 0.119155, -0.124357, -0.985057, -1.2e-05, 0.0, 0.0, 0.0, 1.0],
                [0.813624, 0.570356, 0.11273, 0.124994, 0.529054, -0.806729, 0.263225, -0.002831, 0.241074, -0.154525, -0.958126, -1.2e-05, 0.0, 0.0, 0.0, 1.0],
                [0.801477, 0.561065, 0.206975, 0.124994, 0.473444, -0.806741, 0.353577, -0.002831, 0.365355, -0.185392, -0.91222, -1.2e-05, 0.0, 0.0, 0.0, 1.0],
                [0.77452, 0.555548, 0.302462, 0.124994, 0.406067, -0.803309, 0.435662, -0.002831, 0.485002, -0.214608, -0.847771, -1.2e-05, 0.0, 0.0, 0.0, 1.0],
                [0.733293, 0.554064, 0.394072, 0.124994, 0.331046, -0.797201, 0.504854, -0.002831, 0.593877, -0.239749, -0.768004, -1.2e-05, 0.0, 0.0, 0.0, 1.0],
                [0.680137, 0.556245, 0.477498, 0.124994, 0.253793, -0.789736, 0.558484, -0.002831, 0.687752, -0.258659, -0.678301, -1.2e-05, 0.0, 0.0, 0.0, 1.0],
                [0.618575, 0.561216, 0.549909, 0.124994, 0.180058, -0.782497, 0.596049, -0.002831, 0.764816, -0.269684, -0.585086, -1.2e-05, 0.0, 0.0, 0.0, 1.0],
                [0.552527, 0.567809, 0.610168, 0.124994, 0.115116, -0.777028, 0.618848, -0.002831, 0.825506, -0.271689, -0.494695, -1.2e-05, 0.0, 0.0, 0.0, 1.0],
                [0.485659, 0.57477, 0.658615, 0.124994, 0.063352, -0.774596, 0.629274, -0.002831, 0.871849, -0.263887, -0.412604, -1.2e-05, 0.0, 0.0, 0.0, 1.0],
                [0.42101, 0.580914, 0.696626, 0.124994, 0.028277, -0.776038, 0.63005, -0.002831, 0.906615, -0.245558, -0.343147, -1.2e-05, 0.0, 0.0, 0.0, 1.0],
                [0.359235, 0.584786, 0.727306, 0.124994, 0.004851, -0.780486, 0.625152, -0.002831, 0.933234, -0.221047, -0.283216, -1.2e-05, 0.0, 0.0, 0.0, 1.0],
                [0.299564, 0.585744, 0.753103, 0.124994, -0.014073, -0.786552, 0.617361, -0.002831, 0.953972, -0.195537, -0.227381, -1.2e-05, 0.0, 0.0, 0.0, 1.0],
                [0.24227, 0.583944, 0.774799, 0.124994, -0.02868, -0.793929, 0.607332, -0.002831, 0.969784, -0.169359, -0.175598, -1.2e-05, 0.0, 0.0, 0.0, 1.0],
                [0.187522, 0.579557, 0.793062, 0.124994, -0.039205, -0.802323, 0.595598, -0.002831, 0.981477, -0.142779, -0.127732, -1.2e-05, 0.0, 0.0, 0.0, 1.0],
                [0.135424, 0.572764, 0.808456, 0.124994, -0.045913, -0.811466, 0.582591, -0.002831, 0.989723, -0.116015, -0.083595, -1.2e-05, 0.0, 0.0, 0.0, 1.0],
                [0.086036, 0.563753, 0.82145, 0.124994, -0.049087, -0.821105, 0.56866, -0.002831, 0.995082, -0.089247, -0.042972, -1.2e-05, 0.0, 0.0, 0.0, 1.0],
                [0.03939, 0.552715, 0.832438, 0.124994, -0.04902, -0.83101, 0.55409, -0.002831, 0.99802, -0.062631, -0.005639, -1.2e-05, 0.0, 0.0, 0.0, 1.0],
                [-0.004497, 0.539854, 0.841746, 0.124994, -0.046013, -0.840973, 0.539115, -0.002831, 0.99893, -0.036306, 0.028622, -1.2e-05, 0.0, 0.0, 0.0, 1.0],
                [-0.045618, 0.525379, 0.849644, 0.124994, -0.040371, -0.850802, 0.52393, -0.002831, 0.998142, -0.010399, 0.060022, -1.2e-05, 0.0, 0.0, 0.0, 1.0],
                [-0.083972, 0.50951, 0.856357, 0.124994, -0.032405, -0.860332, 0.5087, -0.002831, 0.995941, 0.014967, 0.088755, -1.2e-05, 0.0, 0.0, 0.0, 1.0],
                [-0.11956, 0.492482, 0.862071, 0.124994, -0.022434, -0.869415, 0.493569, -0.002831, 0.992573, 0.039672, 0.114996, -1.2e-05, 0.0, 0.0, 0.0, 1.0],
                [-0.152388, 0.474543, 0.866941, 0.124994, -0.010783, -0.877929, 0.478665, -0.002831, 0.988261, 0.063595, 0.138903, -1.2e-05, 0.0, 0.0, 0.0, 1.0],
                [-0.182466, 0.455955, 0.871097, 0.124994, 0.002216, -0.885776, 0.464105, -0.002831, 0.983209, 0.086614, 0.160614, -1.2e-05, 0.0, 0.0, 0.0, 1.0],
                [-0.209811, 0.436996, 0.87465, 0.124994, 0.01622, -0.892881, 0.449998, -0.002831, 0.977607, 0.108601, 0.180248, -1.2e-05, 0.0, 0.0, 0.0, 1.0],
                [-0.234447, 0.41796, 0.877692, 0.124994, 0.03088, -0.899196, 0.436451, -0.002831, 0.971638, 0.129428, 0.197908, -1.2e-05, 0.0, 0.0, 0.0, 1.0],
                [-0.256409, 0.399152, 0.880302, 0.124994, 0.045838, -0.904701, 0.423569, -0.002831, 0.96548, 0.148958, 0.213678, -1.2e-05, 0.0, 0.0, 0.0, 1.0],
                [-0.275741, 0.380891, 0.882546, 0.124994, 0.06073, -0.909401, 0.411458, -0.002831, 0.959311, 0.167053, 0.227629, -1.2e-05, 0.0, 0.0, 0.0, 1.0],
                [-0.292501, 0.363506, 0.884481, 0.124994, 0.075186, -0.913325, 0.400227, -0.002831, 0.953305, 0.183567, 0.239818, -1.2e-05, 0.0, 0.0, 0.0, 1.0],
                [-0.306754, 0.347329, 0.886152, 0.124994, 0.088833, -0.916524, 0.389986, -0.002831, 0.947634, 0.19835, 0.250294, -1.2e-05, 0.0, 0.0, 0.0, 1.0],
                [-0.318579, 0.332696, 0.887593, 0.124994, 0.101298, -0.919067, 0.380854, -0.002831, 0.942468, 0.211244, 0.259094, -1.2e-05, 0.0, 0.0, 0.0, 1.0],
                [-0.328056, 0.319942, 0.888829, 0.124994, 0.112208, -0.921038, 0.372953, -0.002831, 0.93797, 0.222083, 0.266253, -1.2e-05, 0.0, 0.0, 0.0, 1.0],
                [-0.335273, 0.309393, 0.889869, 0.124994, 0.121194, -0.922524, 0.366411, -0.002831, 0.934292, 0.230695, 0.271802, -1.2e-05, 0.0, 0.0, 0.0, 1.0],
                [-0.340313, 0.301365, 0.890711, 0.124994, 0.127894, -0.92361, 0.361363, -0.002831, 0.931574, 0.236893, 0.275774, -1.2e-05, 0.0, 0.0, 0.0, 1.0],
                [-0.343248, 0.296156, 0.891332, 0.124994, 0.131955, -0.924368, 0.35795, -0.002831, 0.929929, 0.240482, 0.278209, -1.2e-05, 0.0, 0.0, 0.0, 1.0],
                [-0.34414, 0.294039, 0.891689, 0.124994, 0.133038, -0.924843, 0.356319, -0.002831, 0.929445, 0.241252, 0.279158, -1.2e-05, 0.0, 0.0, 0.0, 1.0],
                [-0.303006, 0.306428, 0.90238, 0.124994, 0.132263, -0.924206, 0.358254, -0.002831, 0.943765, 0.227905, 0.239511, -1.2e-05, 0.0, 0.0, 0.0, 1.0],
                [-0.184445, 0.338981, 0.922536, 0.124994, 0.1316, -0.921667, 0.364975, -0.002831, 0.973992, 0.188724, 0.125387, -1.2e-05, 0.0, 0.0, 0.0, 1.0],
                [0.00577, 0.379739, 0.925076, 0.124994, 0.132677, -0.917201, 0.375681, -0.002831, 0.991142, 0.120569, -0.055675, -1.2e-05, 0.0, 0.0, 0.0, 1.0],
                [0.249261, 0.411649, 0.876592, 0.124994, 0.137471, -0.911034, 0.388735, -0.002831, 0.958629, 0.023611, -0.283676, -1.2e-05, 0.0, 0.0, 0.0, 1.0],
                [0.504438, 0.417565, 0.755766, 0.124994, 0.147039, -0.904043, 0.401351, -0.002831, 0.850836, -0.091329, -0.517433, -1.2e-05, 0.0, 0.0, 0.0, 1.0],
                [0.719159, 0.391143, 0.574296, 0.124994, 0.16024, -0.897588, 0.410676, -0.002831, 0.676115, -0.203316, -0.708188, -1.2e-05, 0.0, 0.0, 0.0, 1.0],
                [0.86171, 0.342374, 0.37448, 0.124994, 0.17412, -0.892748, 0.415549, -0.002831, 0.47659, -0.292877, -0.828906, -1.2e-05, 0.0, 0.0, 0.0, 1.0],
                [0.935392, 0.290041, 0.202279, 0.124994, 0.185738, -0.889767, 0.416908, -0.002831, 0.300901, -0.352401, -0.886156, -1.2e-05, 0.0, 0.0, 0.0, 1.0],
                [0.964042, 0.250903, 0.087579, 0.124994, 0.193337, -0.888278, 0.41663, -0.002831, 0.182328, -0.384715, -0.904848, -1.2e-05, 0.0, 0.0, 0.0, 1.0],
                [0.970622, 0.236085, 0.046418, 0.124994, 0.19604, -0.887833, 0.416315, -0.002831, 0.139497, -0.394983, -0.908035, -1.2e-05, 0.0, 0.0, 0.0, 1.0],
                [0.967114, 0.249939, 0.047108, 0.124994, 0.210284, -0.889945, 0.404692, -0.002831, 0.143072, -0.381476, -0.913239, -1.2e-05, 0.0, 0.0, 0.0, 1.0],
                [0.956467, 0.287467, 0.050327, 0.124994, 0.249107, -0.894022, 0.372378, -0.002831, 0.15204, -0.34363, -0.926716, -1.2e-05, 0.0, 0.0, 0.0, 1.0],
                [0.93781, 0.342186, 0.058478, 0.124994, 0.306536, -0.895326, 0.323146, -0.002831, 0.162933, -0.285123, -0.944541, -1.2e-05, 0.0, 0.0, 0.0, 1.0],
                [0.910485, 0.406876, 0.073949, 0.124994, 0.376039, -0.888977, 0.261363, -0.002831, 0.172081, -0.210158, -0.962404, -1.2e-05, 0.0, 0.0, 0.0, 1.0],
                [0.875127, 0.47384, 0.098117, 0.124994, 0.450477, -0.871811, 0.192386, -0.002831, 0.1767, -0.124161, -0.976402, -1.2e-05, 0.0, 0.0, 0.0, 1.0],
                [0.834201, 0.535746, 0.130703, 0.124994, 0.522697, -0.843705, 0.122253, -0.002831, 0.175771, -0.033665, -0.983856, -1.2e-05, 0.0, 0.0, 0.0, 1.0],
                [0.791839, 0.586682, 0.169684, 0.124994, 0.586458, -0.807979, 0.056861, -0.002831, 0.17046, 0.054489, -0.983857, -1.2e-05, 0.0, 0.0, 0.0, 1.0],
                [0.753138, 0.622834, 0.2118, 0.124994, 0.637111, -0.770769, 0.001087, -0.002831, 0.163926, 0.134121, -0.977313, -1.2e-05, 0.0, 0.0, 0.0, 1.0],
                [0.723311, 0.642366, 0.253348, 0.124994, 0.67157, -0.739769, -0.041639, -0.002831, 0.160671, 0.200259, -0.966479, -1.2e-05, 0.0, 0.0, 0.0, 1.0],
                [0.707068, 0.64452, 0.290943, 0.124994, 0.687438, -0.722943, -0.069128, -0.002831, 0.16578, 0.248883, -0.95424, -1.2e-05, 0.0, 0.0, 0.0, 1.0],
                [0.698793, 0.637077, 0.325299, 0.124994, 0.692938, -0.715754, -0.086774, -0.002831, 0.177552, 0.286049, -0.941622, -1.2e-05, 0.0, 0.0, 0.0, 1.0],
                [0.690094, 0.628477, 0.358865, 0.124994, 0.698133, -0.708773, -0.101231, -0.002831, 0.190732, 0.320394, -0.927884, -1.2e-05, 0.0, 0.0, 0.0, 1.0],
                [0.680961, 0.618928, 0.39143, 0.124994, 0.703016, -0.702181, -0.112727, -0.002831, 0.205085, 0.351945, -0.913277, -1.2e-05, 0.0, 0.0, 0.0, 1.0],
                [0.671404, 0.608642, 0.422811, 0.124994, 0.707568, -0.696118, -0.121509, -0.002831, 0.220371, 0.380748, -0.898035, -1.2e-05, 0.0, 0.0, 0.0, 1.0],
                [0.66146, 0.597831, 0.452844, 0.124994, 0.711764, -0.690687, -0.127833, -0.002831, 0.23635, 0.406874, -0.882378, -1.2e-05, 0.0, 0.0, 0.0, 1.0],
                [0.651187, 0.586701, 0.481389, 0.124994, 0.715579, -0.685951, -0.131965, -0.002831, 0.252785, 0.430406, -0.866516, -1.2e-05, 0.0, 0.0, 0.0, 1.0],
                [0.640667, 0.575454, 0.508328, 0.124994, 0.71899, -0.681945, -0.134172, -0.002831, 0.269442, 0.451442, -0.850647, -1.2e-05, 0.0, 0.0, 0.0, 1.0],
                [0.629999, 0.56428, 0.533561, 0.124994, 0.721978, -0.678672, -0.134722, -0.002831, 0.286093, 0.470093, -0.834963, -1.2e-05, 0.0, 0.0, 0.0, 1.0],
                [0.619303, 0.553358, 0.557007, 0.124994, 0.724532, -0.676112, -0.133878, -0.002831, 0.302517, 0.48648, -0.819646, -1.2e-05, 0.0, 0.0, 0.0, 1.0],
                [0.608713, 0.542851, 0.578601, 0.124994, 0.726652, -0.674223, -0.131902, -0.002831, 0.318503, 0.500732, -0.804874, -1.2e-05, 0.0, 0.0, 0.0, 1.0],
                [0.598376, 0.532909, 0.598292, 0.124994, 0.728349, -0.672943, -0.129046, -0.002831, 0.333847, 0.512982, -0.790819, -1.2e-05, 0.0, 0.0, 0.0, 1.0],
                [0.588447, 0.523665, 0.616039, 0.124994, 0.729644, -0.672201, -0.125555, -0.002831, 0.348353, 0.523371, -0.777645, -1.2e-05, 0.0, 0.0, 0.0, 1.0],
                [0.579088, 0.515237, 0.631812, 0.124994, 0.73057, -0.67191, -0.121667, -0.002831, 0.361834, 0.532038, -0.765514, -1.2e-05, 0.0, 0.0, 0.0, 1.0],
                [0.570467, 0.507725, 0.645586, 0.124994, 0.731171, -0.671978, -0.117611, -0.002831, 0.374106, 0.539126, -0.754577, -1.2e-05, 0.0, 0.0, 0.0, 1.0],
                [0.56275, 0.501216, 0.657339, 0.124994, 0.7315, -0.672308, -0.113608, -0.002831, 0.384992, 0.544776, -0.744983, -1.2e-05, 0.0, 0.0, 0.0, 1.0],
                [0.556102, 0.495782, 0.667046, 0.124994, 0.731618, -0.6728, -0.109873, -0.002831, 0.394315, 0.549123, -0.736871, -1.2e-05, 0.0, 0.0, 0.0, 1.0],
                [0.550681, 0.491484, 0.67468, 0.124994, 0.731592, -0.673353, -0.106614, -0.002831, 0.401898, 0.5523, -0.730371, -1.2e-05, 0.0, 0.0, 0.0, 1.0],
                [0.546642, 0.488369, 0.680203, 0.124994, 0.73149, -0.673867, -0.104036, -0.002831, 0.407558, 0.554432, -0.725604, -1.2e-05, 0.0, 0.0, 0.0, 1.0],
                [0.544126, 0.486478, 0.683568, 0.124994, 0.731381, -0.674244, -0.102341, -0.002831, 0.411105, 0.555634, -0.722677, -1.2e-05, 0.0, 0.0, 0.0, 1.0],
                [0.543261, 0.485842, 0.684707, 0.124994, 0.731332, -0.67439, -0.101731, -0.002831, 0.412335, 0.556014, -0.721684, -1.2e-05, 0.0, 0.0, 0.0, 1.0],
                [0.543261, 0.485842, 0.684707, 0.124994, 0.731332, -0.67439, -0.101731, -0.002831, 0.412335, 0.556014, -0.721684, -1.2e-05, 0.0, 0.0, 0.0, 1.0],
                [0.543261, 0.485842, 0.684707, 0.124994, 0.731332, -0.67439, -0.101731, -0.002831, 0.412335, 0.556014, -0.721684, -1.2e-05, 0.0, 0.0, 0.0, 1.0],
                [0.543261, 0.485842, 0.684707, 0.124994, 0.731332, -0.67439, -0.101731, -0.002831, 0.412335, 0.556014, -0.721684, -1.2e-05, 0.0, 0.0, 0.0, 1.0],
                [0.543261, 0.485842, 0.684707, 0.124994, 0.731332, -0.67439, -0.101731, -0.002831, 0.412335, 0.556014, -0.721684, -1.2e-05, 0.0, 0.0, 0.0, 1.0],
                [0.543261, 0.485842, 0.684707, 0.124994, 0.731332, -0.67439, -0.101731, -0.002831, 0.412335, 0.556014, -0.721684, -1.2e-05, 0.0, 0.0, 0.0, 1.0],
                [0.543261, 0.485842, 0.684707, 0.124994, 0.731332, -0.67439, -0.101731, -0.002831, 0.412335, 0.556014, -0.721684, -1.2e-05, 0.0, 0.0, 0.0, 1.0],
                [0.543261, 0.485842, 0.684707, 0.124994, 0.731332, -0.67439, -0.101731, -0.002831, 0.412335, 0.556014, -0.721684, -1.2e-05, 0.0, 0.0, 0.0, 1.0],
                [0.543261, 0.485842, 0.684707, 0.124994, 0.731332, -0.67439, -0.101731, -0.002831, 0.412335, 0.556014, -0.721684, -1.2e-05, 0.0, 0.0, 0.0, 1.0],
                [0.543261, 0.485842, 0.684707, 0.124994, 0.731332, -0.67439, -0.101731, -0.002831, 0.412335, 0.556014, -0.721684, -1.2e-05, 0.0, 0.0, 0.0, 1.0],
                [0.543261, 0.485842, 0.684707, 0.124994, 0.731332, -0.67439, -0.101731, -0.002831, 0.412335, 0.556014, -0.721684, -1.2e-05, 0.0, 0.0, 0.0, 1.0],
                [0.543673, 0.485975, 0.684285, 0.124994, 0.731035, -0.674728, -0.101626, -0.002831, 0.412319, 0.555487, -0.722098, -1.2e-05, 0.0, 0.0, 0.0, 1.0],
                [0.54489, 0.486368, 0.683037, 0.124994, 0.730156, -0.675726, -0.101316, -0.002831, 0.412269, 0.553929, -0.723323, -1.2e-05, 0.0, 0.0, 0.0, 1.0],
                [0.546885, 0.487004, 0.680987, 0.124994, 0.728713, -0.677358, -0.100801, -0.002831, 0.412182, 0.55137, -0.725325, -1.2e-05, 0.0, 0.0, 0.0, 1.0],
                [0.549628, 0.487866, 0.678156, 0.124994, 0.726722, -0.6796, -0.100083, -0.002831, 0.412048, 0.547838, -0.728072, -1.2e-05, 0.0, 0.0, 0.0, 1.0],
                [0.553091, 0.488932, 0.674563, 0.124994, 0.724199, -0.682423, -0.099157, -0.002831, 0.411857, 0.543359, -0.731528, -1.2e-05, 0.0, 0.0, 0.0, 1.0],
                [0.557245, 0.490178, 0.670225, 0.124994, 0.721156, -0.685801, -0.098019, -0.002831, 0.411595, 0.537957, -0.735657, -1.2e-05, 0.0, 0.0, 0.0, 1.0],
                [0.562062, 0.491578, 0.66516, 0.124994, 0.717609, -0.689704, -0.096662, -0.002831, 0.411247, 0.531653, -0.740418, -1.2e-05, 0.0, 0.0, 0.0, 1.0],
                [0.56751, 0.493101, 0.65938, 0.124994, 0.713568, -0.694102, -0.095078, -0.002831, 0.410794, 0.52447, -0.745773, -1.2e-05, 0.0, 0.0, 0.0, 1.0],
                [0.573559, 0.494719, 0.652902, 0.124994, 0.709048, -0.698964, -0.093258, -0.002831, 0.410219, 0.516428, -0.751679, -1.2e-05, 0.0, 0.0, 0.0, 1.0],
                [0.580178, 0.4964, 0.645739, 0.124994, 0.704061, -0.704258, -0.091192, -0.002831, 0.4095, 0.507547, -0.758093, -1.2e-05, 0.0, 0.0, 0.0, 1.0],
                [0.587335, 0.498109, 0.637906, 0.124994, 0.698619, -0.709951, -0.088869, -0.002831, 0.408616, 0.497848, -0.76497, -1.2e-05, 0.0, 0.0, 0.0, 1.0],
                [0.594997, 0.499813, 0.629416, 0.124994, 0.692737, -0.71601, -0.086277, -0.002831, 0.407546, 0.487353, -0.772265, -1.2e-05, 0.0, 0.0, 0.0, 1.0],
                [0.60313, 0.501478, 0.620285, 0.124994, 0.686426, -0.722399, -0.083406, -0.002831, 0.406267, 0.476084, -0.77993, -1.2e-05, 0.0, 0.0, 0.0, 1.0],
                [0.611698, 0.503068, 0.610529, 0.124994, 0.679702, -0.729083, -0.080246, -0.002831, 0.404758, 0.464064, -0.787918, -1.2e-05, 0.0, 0.0, 0.0, 1.0],
                [0.620667, 0.50455, 0.600167, 0.124994, 0.672581, -0.736027, -0.076786, -0.002831, 0.402997, 0.451319, -0.796181, -1.2e-05, 0.0, 0.0, 0.0, 1.0],
