{
    "animation": [
        {
            "name": "Root",
            "time": [0.0, 0.0167, 0.0333, 0.05, 0.0667, 0.0833, 0.1, 0.1167, 0.1333, 0.15, 0.1667, 0.1833, 0.2, 0.2167, 0.2333, 0.25, 0.2667, 0.2833, 0.3, 0.3167, 0.3333, 0.35, 0.3667, 0.3833, 0.4, 0.4167, 0.4333, 0.45, 0.4667, 0.4833, 0.5, 0.5167, 0.5333, 0.55, 0.5667, 0.5833, 0.6, 0.6167, 0.6333, 0.65, 0.6667, 0.6833, 0.7, 0.7167, 0.7333, 0.75, 0.7667, 0.7833, 0.8, 0.8167, 0.8333, 0.85, 0.8667, 0.8833, 0.9, 0.9167, 0.9333, 0.95, 0.9667, 0.9833, 1.0, 1.0167, 1.0333, 1.05, 1.0667, 1.0833, 1.1, 1.1167, 1.1333, 1.15, 1.1667, 1.1833, 1.2, 1.2167, 1.2333, 1.25, 1.2667, 1.2833, 1.3, 1.3167, 1.3333, 1.35, 1.3667, 1.3833, 1.4, 1.4167, 1.4333, 1.45, 1.4667, 1.4833, 1.5, 1.5167, 1.5333, 1.55, 1.5667, 1.5833, 1.6, 1.6167, 1.6333, 1.65, 1.6667, 1.6833, 1.7, 1.7167, 1.7333, 1.75, 1.7667, 1.7833, 1.8, 1.8167, 1.8333, 1.9167],
            "transform": [
                [-0.112403, 0.0, 0.993663, -5e-06, 0.993663, 0.0, 0.112403, 0.000946, 0.0, 1.0, 0.0, 0.50203, 0.0, 0.0, 0.0, 1.0],
                [-0.054079, 0.0, 0.998536, -0.014503, 0.998536, 0.0, 0.054079, 0.005448, 0.0, 1.0, 0.0, 0.506179, 0.0, 0.0, 0.0, 1.0],
                [0.106434, 0.0, 0.99432, -0.052725, 0.99432, 0.0, -0.106434, 0.018306, 0.0, 1.0, 0.0, 0.517533, 0.0, 0.0, 0.0, 1.0],
                [0.340399, 0.0, 0.940281, -0.106764, 0.940281, 0.0, -0.340399, 0.03855, 0.0, 1.0, 0.0, 0.534446, 0.0, 0.0, 0.0, 1.0],
                [0.59444, 0.0, 0.80414, -0.16871, 0.80414, 0.0, -0.59444, 0.065209, 0.0, 1.0, 0.0, 0.555274, 0.0, 0.0, 0.0, 1.0],
                [0.802472, 0.0, 0.596689, -0.230657, 0.596689, 0.0, -0.802472, 0.097312, 0.0, 1.0, 0.0, 0.578373, 0.0, 0.0, 0.0, 1.0],
                [0.927748, 0.0, 0.373208, -0.284696, 0.373208, 0.0, -0.927748, 0.133887, 0.0, 1.0, 0.0, 0.602098, 0.0, 0.0, 0.0, 1.0],
                [0.980893, 0.0, 0.194549, -0.322918, 0.194549, 0.0, -0.980893, 0.173966, 0.0, 1.0, 0.0, 0.624805, 0.0, 0.0, 0.0, 1.0],
                [0.994947, 0.0, 0.100403, -0.337416, 0.100403, 0.0, -0.994947, 0.216575, 0.0, 1.0, 0.0, 0.644851, 0.0, 0.0, 0.0, 1.0],
                [0.997647, 0.0, 0.068557, -0.337416, 0.068557, 0.0, -0.997647, 0.261242, 0.0, 1.0, 0.0, 0.660945, 0.0, 0.0, 0.0, 1.0],
                [0.99853, 0.0, 0.054207, -0.337416, 0.054207, 0.0, -0.99853, 0.309479, 0.0, 1.0, 0.0, 0.673222, 0.0, 0.0, 0.0, 1.0],
                [0.99873, 0.0, 0.050392, -0.337416, 0.050392, 0.0, -0.99873, 0.363293, 0.0, 1.0, 0.0, 0.682171, 0.0, 0.0, 0.0, 1.0],
                [0.998745, 0.0, 0.050092, -0.337416, 0.050092, 0.0, -0.998745, 0.424694, 0.0, 1.0, 0.0, 0.68828, 0.0, 0.0, 0.0, 1.0],
                [0.998928, 0.0, 0.046285, -0.337416, 0.046285, 0.0, -0.998928, 0.495691, 0.0, 1.0, 0.0, 0.692038, 0.0, 0.0, 0.0, 1.0],
                [0.99949, 0.0, 0.031939, -0.337416, 0.031939, 0.0, -0.99949, 0.578292, 0.0, 1.0, 0.0, 0.693934, 0.0, 0.0, 0.0, 1.0],
                [1.0, 0.0, 0.0, -0.337416, 0.0, 0.0, -1.0, 0.674507, 0.0, 1.0, 0.0, 0.694458, 0.0, 0.0, 0.0, 1.0],
                [0.99107, 0.0, -0.133343, -0.302325, -0.133343, 0.0, -0.99107, 0.78513, 0.0, 1.0, 0.0, 0.683075, 0.0, 0.0, 0.0, 1.0],
                [0.920313, 0.0, -0.391183, -0.218647, -0.391183, 0.0, -0.920313, 0.906111, 0.0, 1.0, 0.0, 0.654839, 0.0, 0.0, 0.0, 1.0],
                [0.749909, 0.0, -0.661542, -0.118774, -0.661542, 0.0, -0.749909, 1.032183, 0.0, 1.0, 0.0, 0.618618, 0.0, 0.0, 0.0, 1.0],
                [0.536897, 0.0, -0.843648, -0.035095, -0.843648, 0.0, -0.536897, 1.158081, 0.0, 1.0, 0.0, 0.58328, 0.0, 0.0, 0.0, 1.0],
                [0.393044, 0.0, -0.919519, -5e-06, -0.919519, 0.0, -0.393044, 1.278543, 0.0, 1.0, 0.0, 0.557694, 0.0, 0.0, 0.0, 1.0],
                [0.319918, 0.0, -0.947445, -5e-06, -0.947445, 0.0, -0.319918, 1.38926, 0.0, 1.0, 0.0, 0.540813, 0.0, 0.0, 0.0, 1.0],
                [0.251894, 0.0, -0.967755, -5e-06, -0.967755, 0.0, -0.251894, 1.489764, 0.0, 1.0, 0.0, 0.525619, 0.0, 0.0, 0.0, 1.0],
                [0.189662, 0.0, -0.981849, -5e-06, -0.981849, 0.0, -0.189662, 1.580547, 0.0, 1.0, 0.0, 0.512022, 0.0, 0.0, 0.0, 1.0],
                [0.13357, 0.0, -0.991039, -5e-06, -0.991039, 0.0, -0.13357, 1.662097, 0.0, 1.0, 0.0, 0.499934, 0.0, 0.0, 0.0, 1.0],
                [0.083692, 0.0, -0.996492, -5e-06, -0.996492, 0.0, -0.083692, 1.734906, 0.0, 1.0, 0.0, 0.489267, 0.0, 0.0, 0.0, 1.0],
                [0.039906, 0.0, -0.999204, -5e-06, -0.999204, 0.0, -0.039906, 1.799464, 0.0, 1.0, 0.0, 0.479931, 0.0, 0.0, 0.0, 1.0],
                [0.00195, 0.0, -0.999998, -5e-06, -0.999998, 0.0, -0.00195, 1.856261, 0.0, 1.0, 0.0, 0.471838, 0.0, 0.0, 0.0, 1.0],
                [-0.030527, 0.0, -0.999534, -5e-06, -0.999534, 0.0, 0.030527, 1.905788, 0.0, 1.0, 0.0, 0.4649, 0.0, 0.0, 0.0, 1.0],
                [-0.05793, 0.0, -0.998321, -5e-06, -0.998321, 0.0, 0.05793, 1.948534, 0.0, 1.0, 0.0, 0.459026, 0.0, 0.0, 0.0, 1.0],
                [-0.080693, 0.0, -0.996739, -5e-06, -0.996739, 0.0, 0.080693, 1.984991, 0.0, 1.0, 0.0, 0.454129, 0.0, 0.0, 0.0, 1.0],
                [-0.099258, 0.0, -0.995062, -5e-06, -0.995062, 0.0, 0.099258, 2.015648, 0.0, 1.0, 0.0, 0.450119, 0.0, 0.0, 0.0, 1.0],
                [-0.114072, 0.0, -0.993473, -5e-06, -0.993473, 0.0, 0.114072, 2.040997, 0.0, 1.0, 0.0, 0.446909, 0.0, 0.0, 0.0, 1.0],
                [-0.125573, 0.0, -0.992084, -5e-06, -0.992084, 0.0, 0.125573, 2.061527, 0.0, 1.0, 0.0, 0.444408, 0.0, 0.0, 0.0, 1.0],
                [-0.134193, 0.0, -0.990955, -5e-06, -0.990955, 0.0, 0.134193, 2.077729, 0.0, 1.0, 0.0, 0.442529, 0.0, 0.0, 0.0, 1.0],
                [-0.140359, 0.0, -0.990101, -5e-06, -0.990101, 0.0, 0.140359, 2.090092, 0.0, 1.0, 0.0, 0.441183, 0.0, 0.0, 0.0, 1.0],
                [-0.144485, 0.0, -0.989507, -5e-06, -0.989507, 0.0, 0.144485, 2.099108, 0.0, 1.0, 0.0, 0.440281, 0.0, 0.0, 0.0, 1.0],
                [-0.146986, 0.0, -0.989139, -5e-06, -0.989139, 0.0, 0.146986, 2.105267, 0.0, 1.0, 0.0, 0.439733, 0.0, 0.0, 0.0, 1.0],
                [-0.148269, 0.0, -0.988947, -5e-06, -0.988947, 0.0, 0.148269, 2.109059, 0.0, 1.0, 0.0, 0.439452, 0.0, 0.0, 0.0, 1.0],
                [-0.148742, 0.0, -0.988876, -5e-06, -0.988876, 0.0, 0.148742, 2.110975, 0.0, 1.0, 0.0, 0.439348, 0.0, 0.0, 0.0, 1.0],
                [-0.148809, 0.0, -0.988866, -5e-06, -0.988866, 0.0, 0.148809, 2.111505, 0.0, 1.0, 0.0, 0.439334, 0.0, 0.0, 0.0, 1.0],
                [-0.148809, 0.0, -0.988866, -5e-06, -0.988866, 0.0, 0.148809, 2.111505, 0.0, 1.0, 0.0, 0.439334, 0.0, 0.0, 0.0, 1.0],
                [-0.148809, 0.0, -0.988866, -5e-06, -0.988866, 0.0, 0.148809, 2.111505, 0.0, 1.0, 0.0, 0.439334, 0.0, 0.0, 0.0, 1.0],
                [-0.148809, 0.0, -0.988866, -5e-06, -0.988866, 0.0, 0.148809, 2.111505, 0.0, 1.0, 0.0, 0.439334, 0.0, 0.0, 0.0, 1.0],
                [-0.148809, 0.0, -0.988866, -5e-06, -0.988866, 0.0, 0.148809, 2.111505, 0.0, 1.0, 0.0, 0.439334, 0.0, 0.0, 0.0, 1.0],
                [-0.148809, 0.0, -0.988866, -5e-06, -0.988866, 0.0, 0.148809, 2.111505, 0.0, 1.0, 0.0, 0.439334, 0.0, 0.0, 0.0, 1.0],
                [-0.14354, 0.0, -0.989645, -5e-06, -0.989645, 0.0, 0.14354, 2.111223, 0.0, 1.0, 0.0, 0.440826, 0.0, 0.0, 0.0, 1.0],
                [-0.12831, 0.0, -0.991734, -5e-06, -0.991734, 0.0, 0.12831, 2.110413, 0.0, 1.0, 0.0, 0.445111, 0.0, 0.0, 0.0, 1.0],
                [-0.103914, 0.0, -0.994586, -5e-06, -0.994586, 0.0, 0.103914, 2.109132, 0.0, 1.0, 0.0, 0.451897, 0.0, 0.0, 0.0, 1.0],
                [-0.071101, 0.0, -0.997469, -5e-06, -0.997469, 0.0, 0.071101, 2.107435, 0.0, 1.0, 0.0, 0.460896, 0.0, 0.0, 0.0, 1.0],
                [-0.030639, 0.0, -0.99953, -5e-06, -0.99953, 0.0, 0.030639, 2.105376, 0.0, 1.0, 0.0, 0.471818, 0.0, 0.0, 0.0, 1.0],
                [0.016622, 0.0, -0.999862, -5e-06, -0.999862, 0.0, -0.016622, 2.103013, 0.0, 1.0, 0.0, 0.484372, 0.0, 0.0, 0.0, 1.0],
                [0.069712, 0.0, -0.997567, -5e-06, -0.997567, 0.0, -0.069712, 2.1004, 0.0, 1.0, 0.0, 0.498269, 0.0, 0.0, 0.0, 1.0],
                [0.127504, 0.0, -0.991838, -5e-06, -0.991838, 0.0, -0.127504, 2.097592, 0.0, 1.0, 0.0, 0.513219, 0.0, 0.0, 0.0, 1.0],
                [0.188719, 0.0, -0.982031, -5e-06, -0.982031, 0.0, -0.188719, 2.094646, 0.0, 1.0, 0.0, 0.528931, 0.0, 0.0, 0.0, 1.0],
                [0.251947, 0.0, -0.967741, -5e-06, -0.967741, 0.0, -0.251947, 2.091617, 0.0, 1.0, 0.0, 0.545118, 0.0, 0.0, 0.0, 1.0],
                [0.315694, 0.0, -0.948861, -5e-06, -0.948861, 0.0, -0.315694, 2.08856, 0.0, 1.0, 0.0, 0.561487, 0.0, 0.0, 0.0, 1.0],
                [0.378462, 0.0, -0.925617, -5e-06, -0.925617, 0.0, -0.378462, 2.08553, 0.0, 1.0, 0.0, 0.577751, 0.0, 0.0, 0.0, 1.0],
                [0.438821, 0.0, -0.898574, -5e-06, -0.898574, 0.0, -0.438821, 2.082584, 0.0, 1.0, 0.0, 0.593617, 0.0, 0.0, 0.0, 1.0],
                [0.495489, 0.0, -0.868614, -5e-06, -0.868614, 0.0, -0.495489, 2.079777, 0.0, 1.0, 0.0, 0.608798, 0.0, 0.0, 0.0, 1.0],
                [0.547392, 0.0, -0.836877, -5e-06, -0.836877, 0.0, -0.547392, 2.077164, 0.0, 1.0, 0.0, 0.623003, 0.0, 0.0, 0.0, 1.0],
                [0.5937, 0.0, -0.804686, -5e-06, -0.804686, 0.0, -0.5937, 2.0748, 0.0, 1.0, 0.0, 0.635943, 0.0, 0.0, 0.0, 1.0],
                [0.633826, 0.0, -0.773476, -5e-06, -0.773476, 0.0, -0.633826, 2.072742, 0.0, 1.0, 0.0, 0.647327, 0.0, 0.0, 0.0, 1.0],
                [0.667392, 0.0, -0.744706, -5e-06, -0.744706, 0.0, -0.667392, 2.071045, 0.0, 1.0, 0.0, 0.656865, 0.0, 0.0, 0.0, 1.0],
                [0.694179, 0.0, -0.719802, -5e-06, -0.719802, 0.0, -0.694179, 2.069764, 0.0, 1.0, 0.0, 0.664268, 0.0, 0.0, 0.0, 1.0],
                [0.71404, 0.0, -0.700105, -5e-06, -0.700105, 0.0, -0.71404, 2.068954, 0.0, 1.0, 0.0, 0.669246, 0.0, 0.0, 0.0, 1.0],
                [0.726813, 0.0, -0.686835, -5e-06, -0.686835, 0.0, -0.726813, 2.068672, 0.0, 1.0, 0.0, 0.671509, 0.0, 0.0, 0.0, 1.0],
                [0.735682, 0.0, -0.677327, -5e-06, -0.677327, 0.0, -0.735682, 2.069, 0.0, 1.0, 0.0, 0.6723, 0.0, 0.0, 0.0, 1.0],
                [0.744002, 0.0, -0.668178, -5e-06, -0.668178, 0.0, -0.744002, 2.069963, 0.0, 1.0, 0.0, 0.673055, 0.0, 0.0, 0.0, 1.0],
                [0.751802, 0.0, -0.659389, -5e-06, -0.659389, 0.0, -0.751802, 2.071531, 0.0, 1.0, 0.0, 0.673775, 0.0, 0.0, 0.0, 1.0],
                [0.75911, 0.0, -0.650963, -5e-06, -0.650963, 0.0, -0.75911, 2.073674, 0.0, 1.0, 0.0, 0.67446, 0.0, 0.0, 0.0, 1.0],
                [0.765952, 0.0, -0.642898, -5e-06, -0.642898, 0.0, -0.765952, 2.076361, 0.0, 1.0, 0.0, 0.675112, 0.0, 0.0, 0.0, 1.0],
                [0.772352, 0.0, -0.635195, -5e-06, -0.635195, 0.0, -0.772352, 2.079562, 0.0, 1.0, 0.0, 0.675732, 0.0, 0.0, 0.0, 1.0],
                [0.778334, 0.0, -0.62785, -5e-06, -0.62785, 0.0, -0.778334, 2.083248, 0.0, 1.0, 0.0, 0.67632, 0.0, 0.0, 0.0, 1.0],
                [0.783922, 0.0, -0.62086, -5e-06, -0.62086, 0.0, -0.783922, 2.087387, 0.0, 1.0, 0.0, 0.676876, 0.0, 0.0, 0.0, 1.0],
                [0.789135, 0.0, -0.61422, -5e-06, -0.61422, 0.0, -0.789135, 2.09195, 0.0, 1.0, 0.0, 0.677403, 0.0, 0.0, 0.0, 1.0],
                [0.793993, 0.0, -0.607926, -5e-06, -0.607926, 0.0, -0.793993, 2.096906, 0.0, 1.0, 0.0, 0.677901, 0.0, 0.0, 0.0, 1.0],
                [0.798517, 0.0, -0.601972, -5e-06, -0.601972, 0.0, -0.798517, 2.102225, 0.0, 1.0, 0.0, 0.67837, 0.0, 0.0, 0.0, 1.0],
                [0.802724, 0.0, -0.59635, -5e-06, -0.59635, 0.0, -0.802724, 2.107877, 0.0, 1.0, 0.0, 0.678811, 0.0, 0.0, 0.0, 1.0],
                [0.806631, 0.0, -0.591055, -5e-06, -0.591055, 0.0, -0.806631, 2.113831, 0.0, 1.0, 0.0, 0.679226, 0.0, 0.0, 0.0, 1.0],
                [0.810255, 0.0, -0.586078, -5e-06, -0.586078, 0.0, -0.810255, 2.120057, 0.0, 1.0, 0.0, 0.679615, 0.0, 0.0, 0.0, 1.0],
                [0.81361, 0.0, -0.581412, -5e-06, -0.581412, 0.0, -0.81361, 2.126526, 0.0, 1.0, 0.0, 0.679978, 0.0, 0.0, 0.0, 1.0],
                [0.816711, 0.0, -0.577047, -5e-06, -0.577047, 0.0, -0.816711, 2.133206, 0.0, 1.0, 0.0, 0.680318, 0.0, 0.0, 0.0, 1.0],
                [0.819572, 0.0, -0.572976, -5e-06, -0.572976, 0.0, -0.819572, 2.140068, 0.0, 1.0, 0.0, 0.680634, 0.0, 0.0, 0.0, 1.0],
                [0.822206, 0.0, -0.56919, -5e-06, -0.56919, 0.0, -0.822206, 2.147081, 0.0, 1.0, 0.0, 0.680927, 0.0, 0.0, 0.0, 1.0],
                [0.824626, 0.0, -0.565678, -5e-06, -0.565678, 0.0, -0.824626, 2.154215, 0.0, 1.0, 0.0, 0.681199, 0.0, 0.0, 0.0, 1.0],
                [0.826843, 0.0, -0.562433, -5e-06, -0.562433, 0.0, -0.826843, 2.16144, 0.0, 1.0, 0.0, 0.68145, 0.0, 0.0, 0.0, 1.0],
                [0.828869, 0.0, -0.559443, -5e-06, -0.559443, 0.0, -0.828869, 2.168725, 0.0, 1.0, 0.0, 0.681681, 0.0, 0.0, 0.0, 1.0],
                [0.830714, 0.0, -0.556699, -5e-06, -0.556699, 0.0, -0.830714, 2.17604, 0.0, 1.0, 0.0, 0.681893, 0.0, 0.0, 0.0, 1.0],
                [0.832389, 0.0, -0.554191, -5e-06, -0.554191, 0.0, -0.832389, 2.183356, 0.0, 1.0, 0.0, 0.682086, 0.0, 0.0, 0.0, 1.0],
                [0.833904, 0.0, -0.551909, -5e-06, -0.551909, 0.0, -0.833904, 2.190641, 0.0, 1.0, 0.0, 0.682261, 0.0, 0.0, 0.0, 1.0],
                [0.835268, 0.0, -0.549843, -5e-06, -0.549843, 0.0, -0.835268, 2.197866, 0.0, 1.0, 0.0, 0.68242, 0.0, 0.0, 0.0, 1.0],
                [0.83649, 0.0, -0.547982, -5e-06, -0.547982, 0.0, -0.83649, 2.205, 0.0, 1.0, 0.0, 0.682563, 0.0, 0.0, 0.0, 1.0],
                [0.83758, 0.0, -0.546315, -5e-06, -0.546315, 0.0, -0.83758, 2.212013, 0.0, 1.0, 0.0, 0.682691, 0.0, 0.0, 0.0, 1.0],
                [0.838545, 0.0, -0.544833, -5e-06, -0.544833, 0.0, -0.838545, 2.218875, 0.0, 1.0, 0.0, 0.682805, 0.0, 0.0, 0.0, 1.0],
                [0.839393, 0.0, -0.543524, -5e-06, -0.543524, 0.0, -0.839393, 2.225555, 0.0, 1.0, 0.0, 0.682906, 0.0, 0.0, 0.0, 1.0],
                [0.840134, 0.0, -0.542378, -5e-06, -0.542378, 0.0, -0.840134, 2.232024, 0.0, 1.0, 0.0, 0.682994, 0.0, 0.0, 0.0, 1.0],
                [0.840775, 0.0, -0.541385, -5e-06, -0.541385, 0.0, -0.840775, 2.23825, 0.0, 1.0, 0.0, 0.68307, 0.0, 0.0, 0.0, 1.0],
                [0.841323, 0.0, -0.540533, -5e-06, -0.540533, 0.0, -0.841323, 2.244205, 0.0, 1.0, 0.0, 0.683135, 0.0, 0.0, 0.0, 1.0],
                [0.841786, 0.0, -0.539811, -5e-06, -0.539811, 0.0, -0.841786, 2.249856, 0.0, 1.0, 0.0, 0.68319, 0.0, 0.0, 0.0, 1.0],
                [0.842172, 0.0, -0.539209, -5e-06, -0.539209, 0.0, -0.842172, 2.255175, 0.0, 1.0, 0.0, 0.683237, 0.0, 0.0, 0.0, 1.0],
                [0.842487, 0.0, -0.538717, -5e-06, -0.538717, 0.0, -0.842487, 2.260131, 0.0, 1.0, 0.0, 0.683274, 0.0, 0.0, 0.0, 1.0],
                [0.842739, 0.0, -0.538322, -5e-06, -0.538322, 0.0, -0.842739, 2.264694, 0.0, 1.0, 0.0, 0.683304, 0.0, 0.0, 0.0, 1.0],
                [0.842935, 0.0, -0.538015, -5e-06, -0.538015, 0.0, -0.842935, 2.268833, 0.0, 1.0, 0.0, 0.683328, 0.0, 0.0, 0.0, 1.0],
                [0.843083, 0.0, -0.537784, -5e-06, -0.537784, 0.0, -0.843083, 2.272519, 0.0, 1.0, 0.0, 0.683346, 0.0, 0.0, 0.0, 1.0],
                [0.843188, 0.0, -0.537618, -5e-06, -0.537618, 0.0, -0.843188, 2.27572, 0.0, 1.0, 0.0, 0.683358, 0.0, 0.0, 0.0, 1.0],
                [0.843259, 0.0, -0.537507, -5e-06, -0.537507, 0.0, -0.843259, 2.278407, 0.0, 1.0, 0.0, 0.683367, 0.0, 0.0, 0.0, 1.0],
                [0.843302, 0.0, -0.53744, -5e-06, -0.53744, 0.0, -0.843302, 2.28055, 0.0, 1.0, 0.0, 0.683372, 0.0, 0.0, 0.0, 1.0],
                [0.843324, 0.0, -0.537405, -5e-06, -0.537405, 0.0, -0.843324, 2.282118, 0.0, 1.0, 0.0, 0.683375, 0.0, 0.0, 0.0, 1.0],
                [0.843332, 0.0, -0.537393, -5e-06, -0.537393, 0.0, -0.843332, 2.283081, 0.0, 1.0, 0.0, 0.683376, 0.0, 0.0, 0.0, 1.0],
                [0.843333, 0.0, -0.537391, -5e-06, -0.537391, 0.0, -0.843333, 2.283409, 0.0, 1.0, 0.0, 0.683376, 0.0, 0.0, 0.0, 1.0],
                [0.843333, 0.0, -0.537391, -5e-06, -0.537391, 0.0, -0.843333, 2.283409, 0.0, 1.0, 0.0, 0.683376, 0.0, 0.0, 0.0, 1.0]
            ]
        },
        {
            "name": "Thigh_R",
            "time": [0.0, 0.0167, 0.0333, 0.05, 0.0667, 0.0833, 0.1, 0.1167, 0.1333, 0.15, 0.1667, 0.1833, 0.2, 0.2167, 0.2333, 0.25, 0.2667, 0.2833, 0.3, 0.3167, 0.3333, 0.35, 0.3667, 0.3833, 0.4, 0.4167, 0.4333, 0.45, 0.4667, 0.4833, 0.5, 0.5167, 0.5333, 0.55, 0.5667, 0.5833, 0.6, 0.6167, 0.6333, 0.65, 0.6667, 0.6833, 0.7, 0.7167, 0.7333, 0.75, 0.7667, 0.7833, 0.8, 0.8167, 0.8333, 0.85, 0.8667, 0.8833, 0.9, 0.9167, 0.9333, 0.95, 0.9667, 0.9833, 1.0, 1.0167, 1.0333, 1.05, 1.0667, 1.0833, 1.1, 1.1167, 1.1333, 1.15, 1.1667, 1.1833, 1.2, 1.2167, 1.2333, 1.25, 1.2667, 1.2833, 1.3, 1.3167, 1.3333, 1.35, 1.3667, 1.3833, 1.4, 1.4167, 1.4333, 1.45, 1.4667, 1.4833, 1.5, 1.5167, 1.5333, 1.55, 1.5667, 1.5833, 1.6, 1.6167, 1.6333, 1.65, 1.6667, 1.6833, 1.7, 1.7167, 1.7333, 1.75, 1.7667, 1.7833, 1.8, 1.8167, 1.8333, 1.9167],
            "transform": [
                [0.798203, 0.220627, -0.560531, 0.124994, 0.50641, -0.749683, 0.426054, -0.002831, -0.326222, -0.623935, -0.710129, -1.2e-05, 0.0, 0.0, 0.0, 1.0],
                [0.799138, 0.220923, -0.55908, 0.124994, 0.505549, -0.750194, 0.426177, -0.002831, -0.325267, -0.623216, -0.711198, -1.2e-05, 0.0, 0.0, 0.0, 1.0],
                [0.801961, 0.221482, -0.554801, 0.124994, 0.502352, -0.752611, 0.425696, -0.002831, -0.323266, -0.620095, -0.714828, -1.2e-05, 0.0, 0.0, 0.0, 1.0],
                [0.806684, 0.22177, -0.547794, 0.124994, 0.495895, -0.758227, 0.423294, -0.002831, -0.321479, -0.613111, -0.721626, -1.2e-05, 0.0, 0.0, 0.0, 1.0],
                [0.813307, 0.221183, -0.538154, 0.124994, 0.485226, -0.768239, 0.417568, -0.002831, -0.321072, -0.600735, -0.73214, -1.2e-05, 0.0, 0.0, 0.0, 1.0],
                [0.821814, 0.219012, -0.52598, 0.124994, 0.46931, -0.783663, 0.406961, -0.002831, -0.323062, -0.581293, -0.746812, -1.2e-05, 0.0, 0.0, 0.0, 1.0],
                [0.832161, 0.214405, -0.511409, 0.124994, 0.446951, -0.805215, 0.389693, -0.002831, -0.328242, -0.552861, -0.765899, -1.2e-05, 0.0, 0.0, 0.0, 1.0],
                [0.844234, 0.206338, -0.494665, 0.124994, 0.416713, -0.833119, 0.363676, -0.002831, -0.337075, -0.51316, -0.789333, -1.2e-05, 0.0, 0.0, 0.0, 1.0],
                [0.857794, 0.193594, -0.476141, 0.124994, 0.37685, -0.866833, 0.326469, -0.002831, -0.349532, -0.459475, -0.816523, -1.2e-05, 0.0, 0.0, 0.0, 1.0],
                [0.872132, 0.17831, -0.455621, 0.124994, 0.324335, -0.907914, 0.265511, -0.002831, -0.366322, -0.379334, -0.849655, -1.2e-05, 0.0, 0.0, 0.0, 1.0],
                [0.886921, 0.162884, -0.43225, 0.124994, 0.260338, -0.949251, 0.176473, -0.002831, -0.381569, -0.269048, -0.884318, -1.2e-05, 0.0, 0.0, 0.0, 1.0],
                [0.902296, 0.146722, -0.405381, 0.124994, 0.191206, -0.978957, 0.071265, -0.002831, -0.386395, -0.141813, -0.911366, -1.2e-05, 0.0, 0.0, 0.0, 1.0],
                [0.918343, 0.129782, -0.373902, 0.124994, 0.12566, -0.991436, -0.035496, -0.002831, -0.375307, -0.014387, -0.926789, -1.2e-05, 0.0, 0.0, 0.0, 1.0],
                [0.935093, 0.1127, -0.336005, 0.124994, 0.073004, -0.989009, -0.12856, -0.002831, -0.346801, 0.095686, -0.933045, -1.2e-05, 0.0, 0.0, 0.0, 1.0],
                [0.95242, 0.097064, -0.288919, 0.124994, 0.041048, -0.980146, -0.193971, -0.002831, -0.302011, 0.172883, -0.937497, -1.2e-05, 0.0, 0.0, 0.0, 1.0],
                [0.969668, 0.086098, -0.22876, 0.124994, 0.034997, -0.975167, -0.218679, -0.002831, -0.241907, 0.20404, -0.948604, -1.2e-05, 0.0, 0.0, 0.0, 1.0],
                [0.981095, 0.124997, -0.147741, 0.124994, 0.091959, -0.972841, -0.212412, -0.002831, -0.170279, 0.194811, -0.965947, -1.2e-05, 0.0, 0.0, 0.0, 1.0],
                [0.971493, 0.231374, -0.051633, 0.124994, 0.218209, -0.957873, -0.186707, -0.002831, -0.092658, 0.170118, -0.981058, -1.2e-05, 0.0, 0.0, 0.0, 1.0],
                [0.93031, 0.364526, 0.040524, 0.124994, 0.366554, -0.92025, -0.137016, -0.002831, -0.012654, 0.142321, -0.98974, -1.2e-05, 0.0, 0.0, 0.0, 1.0],
                [0.868577, 0.4829, 0.111267, 0.124994, 0.491648, -0.867862, -0.071375, -0.002831, 0.062097, 0.116699, -0.991224, -1.2e-05, 0.0, 0.0, 0.0, 1.0],
                [0.818273, 0.554282, 0.152311, 0.124994, 0.5616, -0.827384, -0.006142, -0.002831, 0.122615, 0.090564, -0.988314, -1.2e-05, 0.0, 0.0, 0.0, 1.0],
                [0.78656, 0.592112, 0.175286, 0.124994, 0.593216, -0.80337, 0.051838, -0.002831, 0.171514, 0.063209, -0.983152, -1.2e-05, 0.0, 0.0, 0.0, 1.0],
                [0.755472, 0.626163, 0.19282, 0.124994, 0.618218, -0.778733, 0.106674, -0.002831, 0.216951, 0.038616, -0.975419, -1.2e-05, 0.0, 0.0, 0.0, 1.0],
                [0.725698, 0.656566, 0.205627, 0.124994, 0.637496, -0.754086, 0.157955, -0.002831, 0.258768, 0.016459, -0.9658, -1.2e-05, 0.0, 0.0, 0.0, 1.0],
                [0.697737, 0.683514, 0.214408, 0.124994, 0.651917, -0.729926, 0.205449, -0.002831, 0.296929, -0.003573, -0.954893, -1.2e-05, 0.0, 0.0, 0.0, 1.0],
                [0.67193, 0.707237, 0.219826, 0.124994, 0.662289, -0.706639, 0.249064, -0.002831, 0.331485, -0.021765, -0.94321, -1.2e-05, 0.0, 0.0, 0.0, 1.0],
                [0.648487, 0.727984, 0.222489, 0.124994, 0.669345, -0.684516, 0.288812, -0.002831, 0.362548, -0.038368, -0.931175, -1.2e-05, 0.0, 0.0, 0.0, 1.0],
                [0.627508, 0.746008, 0.222944, 0.124994, 0.673738, -0.663774, 0.324776, -0.002831, 0.390271, -0.053593, -0.919139, -1.2e-05, 0.0, 0.0, 0.0, 1.0],
                [0.60901, 0.761554, 0.221676, 0.124994, 0.676035, -0.644562, 0.357092, -0.002831, 0.414829, -0.067611, -0.907384, -1.2e-05, 0.0, 0.0, 0.0, 1.0],
                [0.592945, 0.774858, 0.219109, 0.124994, 0.676728, -0.626979, 0.38592, -0.002831, 0.43641, -0.080552, -0.896135, -1.2e-05, 0.0, 0.0, 0.0, 1.0],
                [0.579217, 0.78614, 0.215614, 0.124994, 0.676234, -0.611083, 0.41144, -0.002831, 0.455208, -0.092507, -0.885567, -1.2e-05, 0.0, 0.0, 0.0, 1.0],
                [0.567693, 0.795604, 0.211511, 0.124994, 0.674904, -0.596901, 0.433834, -0.002831, 0.471411, -0.103535, -0.875815, -1.2e-05, 0.0, 0.0, 0.0, 1.0],
                [0.558214, 0.803439, 0.207076, 0.124994, 0.673032, -0.584434, 0.453279, -0.002831, 0.485205, -0.113657, -0.866982, -1.2e-05, 0.0, 0.0, 0.0, 1.0],
                [0.550602, 0.809819, 0.202551, 0.124994, 0.670862, -0.573664, 0.469948, -0.002831, 0.49677, -0.12287, -0.859141, -1.2e-05, 0.0, 0.0, 0.0, 1.0],
                [0.544666, 0.814908, 0.198142, 0.124994, 0.668596, -0.564555, 0.483999, -0.002831, 0.506277, -0.13114, -0.852341, -1.2e-05, 0.0, 0.0, 0.0, 1.0],
                [0.540209, 0.818854, 0.194033, 0.124994, 0.666398, -0.557059, 0.495578, -0.002831, 0.513894, -0.138412, -0.846614, -1.2e-05, 0.0, 0.0, 0.0, 1.0],
                [0.537026, 0.8218, 0.190383, 0.124994, 0.664401, -0.551116, 0.504817, -0.002831, 0.519782, -0.144609, -0.841971, -1.2e-05, 0.0, 0.0, 0.0, 1.0],
                [0.534909, 0.823878, 0.187334, 0.124994, 0.662717, -0.546653, 0.511835, -0.002831, 0.524097, -0.149635, -0.83841, -1.2e-05, 0.0, 0.0, 0.0, 1.0],
                [0.533653, 0.825215, 0.185016, 0.124994, 0.661432, -0.543589, 0.516737, -0.002831, 0.526993, -0.153382, -0.835914, -1.2e-05, 0.0, 0.0, 0.0, 1.0],
                [0.533049, 0.825934, 0.183546, 0.124994, 0.660619, -0.541828, 0.519618, -0.002831, 0.528621, -0.155727, -0.834451, -1.2e-05, 0.0, 0.0, 0.0, 1.0],
                [0.532893, 0.826148, 0.183033, 0.124994, 0.660337, -0.541267, 0.520561, -0.002831, 0.529131, -0.156539, -0.833976, -1.2e-05, 0.0, 0.0, 0.0, 1.0],
                [0.532893, 0.826148, 0.183033, 0.124994, 0.660337, -0.541267, 0.520561, -0.002831, 0.529131, -0.156539, -0.833976, -1.2e-05, 0.0, 0.0, 0.0, 1.0],
                [0.532893, 0.826148, 0.183033, 0.124994, 0.660337, -0.541267, 0.520561, -0.002831, 0.529131, -0.156539, -0.833976, -1.2e-05, 0.0, 0.0, 0.0, 1.0],
                [0.532893, 0.826148, 0.183033, 0.124994, 0.660337, -0.541267, 0.520561, -0.002831, 0.529131, -0.156539, -0.833976, -1.2e-05, 0.0, 0.0, 0.0, 1.0],
                [0.532893, 0.826148, 0.183033, 0.124994, 0.660337, -0.541267, 0.520561, -0.002831, 0.529131, -0.156539, -0.833976, -1.2e-05, 0.0, 0.0, 0.0, 1.0],
                [0.532893, 0.826148, 0.183033, 0.124994, 0.660337, -0.541267, 0.520561, -0.002831, 0.529131, -0.156539, -0.833976, -1.2e-05, 0.0, 0.0, 0.0, 1.0],
                [0.534374, 0.824522, 0.186025, 0.124994, 0.657648, -0.543832, 0.521291, -0.002831, 0.530983, -0.156225, -0.832857, -1.2e-05, 0.0, 0.0, 0.0, 1.0],
                [0.538567, 0.819792, 0.194636, 0.124994, 0.649877, -0.551183, 0.523311, -0.002831, 0.536287, -0.155348, -0.829616, -1.2e-05, 0.0, 0.0, 0.0, 1.0],
                [0.545032, 0.812117, 0.208335, 0.124994, 0.637407, -0.562788, 0.526289, -0.002831, 0.544657, -0.154049, -0.824389, -1.2e-05, 0.0, 0.0, 0.0, 1.0],
                [0.553259, 0.801595, 0.2266, 0.124994, 0.620568, -0.578085, 0.529821, -0.002831, 0.555697, -0.152506, -0.817278, -1.2e-05, 0.0, 0.0, 0.0, 1.0],
                [0.562695, 0.788304, 0.248896, 0.124994, 0.599681, -0.596487, 0.533465, -0.002831, 0.568996, -0.150919, -0.808373, -1.2e-05, 0.0, 0.0, 0.0, 1.0],
                [0.572771, 0.77233, 0.274661, 0.124994, 0.575087, -0.617378, 0.536766, -0.002831, 0.58413, -0.149489, -0.797775, -1.2e-05, 0.0, 0.0, 0.0, 1.0],
                [0.582926, 0.753797, 0.303291, 0.124994, 0.54718, -0.640125, 0.539288, -0.002831, 0.600658, -0.148409, -0.785611, -1.2e-05, 0.0, 0.0, 0.0, 1.0],
                [0.592637, 0.73289, 0.334142, 0.124994, 0.516425, -0.664086, 0.540642, -0.002831, 0.618131, -0.147844, -0.772047, -1.2e-05, 0.0, 0.0, 0.0, 1.0],
                [0.601444, 0.709872, 0.366531, 0.124994, 0.48337, -0.68862, 0.540513, -0.002831, 0.636096, -0.147917, -0.757299, -1.2e-05, 0.0, 0.0, 0.0, 1.0],
                [0.608978, 0.68509, 0.399744, 0.124994, 0.448648, -0.713116, 0.538682, -0.002831, 0.65411, -0.1487, -0.741639, -1.2e-05, 0.0, 0.0, 0.0, 1.0],
                [0.614981, 0.658983, 0.433057, 0.124994, 0.412972, -0.737005, 0.535047, -0.002831, 0.671753, -0.150202, -0.725388, -1.2e-05, 0.0, 0.0, 0.0, 1.0],
                [0.619322, 0.632067, 0.465756, 0.124994, 0.377119, -0.759784, 0.52963, -0.002831, 0.688636, -0.152365, -0.708918, -1.2e-05, 0.0, 0.0, 0.0, 1.0],
                [0.622006, 0.604931, 0.497157, 0.124994, 0.341905, -0.78103, 0.52258, -0.002831, 0.704421, -0.155067, -0.692637, -1.2e-05, 0.0, 0.0, 0.0, 1.0],
                [0.623165, 0.578213, 0.526625, 0.124994, 0.308168, -0.800414, 0.514166, -0.002831, 0.718817, -0.158121, -0.676979, -1.2e-05, 0.0, 0.0, 0.0, 1.0],
                [0.623049, 0.552583, 0.553589, 0.124994, 0.276738, -0.8177, 0.504757, -0.002831, 0.73159, -0.161289, -0.66239, -1.2e-05, 0.0, 0.0, 0.0, 1.0],
                [0.622007, 0.528722, 0.577546, 0.124994, 0.248422, -0.83274, 0.4948, -0.002831, 0.742558, -0.164293, -0.649319, -1.2e-05, 0.0, 0.0, 0.0, 1.0],
                [0.62045, 0.507308, 0.598063, 0.124994, 0.223992, -0.84546, 0.484791, -0.002831, 0.751577, -0.166826, -0.638201, -1.2e-05, 0.0, 0.0, 0.0, 1.0],
                [0.618827, 0.489006, 0.614756, 0.124994, 0.204177, -0.855834, 0.475244, -0.002831, 0.758528, -0.168574, -0.629459, -1.2e-05, 0.0, 0.0, 0.0, 1.0],
                [0.617581, 0.474456, 0.627283, 0.124994, 0.189669, -0.863857, 0.466662, -0.002831, 0.763294, -0.169225, -0.623494, -1.2e-05, 0.0, 0.0, 0.0, 1.0],
                [0.617118, 0.464276, 0.635305, 0.124994, 0.181127, -0.869513, 0.459496, -0.002831, 0.76574, -0.168492, -0.620687, -1.2e-05, 0.0, 0.0, 0.0, 1.0],
                [0.617755, 0.459062, 0.638467, 0.124994, 0.179194, -0.872731, 0.454122, -0.002831, 0.765681, -0.166127, -0.621397, -1.2e-05, 0.0, 0.0, 0.0, 1.0],
                [0.619728, 0.456494, 0.638396, 0.124994, 0.181057, -0.874649, 0.449671, -0.002831, 0.763646, -0.163087, -0.624698, -1.2e-05, 0.0, 0.0, 0.0, 1.0],
                [0.623061, 0.453875, 0.637018, 0.124994, 0.183451, -0.876498, 0.445076, -0.002831, 0.760355, -0.160447, -0.629378, -1.2e-05, 0.0, 0.0, 0.0, 1.0],
                [0.627672, 0.451215, 0.634375, 0.124994, 0.186334, -0.878282, 0.440337, -0.002831, 0.755848, -0.158181, -0.635352, -1.2e-05, 0.0, 0.0, 0.0, 1.0],
                [0.633474, 0.44852, 0.630507, 0.124994, 0.189663, -0.880004, 0.435451, -0.002831, 0.750158, -0.156262, -0.64253, -1.2e-05, 0.0, 0.0, 0.0, 1.0],
                [0.640378, 0.445796, 0.625445, 0.124994, 0.193399, -0.881669, 0.430411, -0.002831, 0.743312, -0.154665, -0.65082, -1.2e-05, 0.0, 0.0, 0.0, 1.0],
                [0.64829, 0.443048, 0.619216, 0.124994, 0.197501, -0.88328, 0.425214, -0.002831, 0.735332, -0.153365, -0.660126, -1.2e-05, 0.0, 0.0, 0.0, 1.0],
                [0.657114, 0.440277, 0.611846, 0.124994, 0.201931, -0.884841, 0.419853, -0.002831, 0.726239, -0.15234, -0.670349, -1.2e-05, 0.0, 0.0, 0.0, 1.0],
                [0.666755, 0.437487, 0.60336, 0.124994, 0.206649, -0.886356, 0.414325, -0.002831, 0.716054, -0.151569, -0.681391, -1.2e-05, 0.0, 0.0, 0.0, 1.0],
                [0.677111, 0.434677, 0.593781, 0.124994, 0.211617, -0.88783, 0.408623, -0.002831, 0.704796, -0.151029, -0.693147, -1.2e-05, 0.0, 0.0, 0.0, 1.0],
                [0.688084, 0.431849, 0.583135, 0.124994, 0.216797, -0.889264, 0.402746, -0.002831, 0.692488, -0.150701, -0.705514, -1.2e-05, 0.0, 0.0, 0.0, 1.0],
                [0.699571, 0.429004, 0.571451, 0.124994, 0.222151, -0.890664, 0.396691, -0.002831, 0.679153, -0.150564, -0.718388, -1.2e-05, 0.0, 0.0, 0.0, 1.0],
                [0.71147, 0.426142, 0.55876, 0.124994, 0.227642, -0.89203, 0.390458, -0.002831, 0.664822, -0.150601, -0.731663, -1.2e-05, 0.0, 0.0, 0.0, 1.0],
                [0.723681, 0.423264, 0.545098, 0.124994, 0.233234, -0.893367, 0.38405, -0.002831, 0.649529, -0.150794, -0.745234, -1.2e-05, 0.0, 0.0, 0.0, 1.0],
                [0.736102, 0.420372, 0.530508, 0.124994, 0.23889, -0.894675, 0.377471, -0.002831, 0.633312, -0.151123, -0.758998, -1.2e-05, 0.0, 0.0, 0.0, 1.0],
                [0.748637, 0.417468, 0.515036, 0.124994, 0.244575, -0.895958, 0.370726, -0.002831, 0.616218, -0.151574, -0.772852, -1.2e-05, 0.0, 0.0, 0.0, 1.0],
                [0.761188, 0.414553, 0.498736, 0.124994, 0.250256, -0.897217, 0.363827, -0.002831, 0.598301, -0.152128, -0.786698, -1.2e-05, 0.0, 0.0, 0.0, 1.0],
                [0.773664, 0.411629, 0.481669, 0.124994, 0.255899, -0.898453, 0.356784, -0.002831, 0.57962, -0.152772, -0.800438, -1.2e-05, 0.0, 0.0, 0.0, 1.0],
                [0.785976, 0.408702, 0.4639, 0.124994, 0.261473, -0.899666, 0.349613, -0.002831, 0.560244, -0.15349, -0.813983, -1.2e-05, 0.0, 0.0, 0.0, 1.0],
                [0.798043, 0.405774, 0.445505, 0.124994, 0.266948, -0.900858, 0.342331, -0.002831, 0.540246, -0.154267, -0.827246, -1.2e-05, 0.0, 0.0, 0.0, 1.0],
                [0.809786, 0.402851, 0.426563, 0.124994, 0.272298, -0.902027, 0.334958, -0.002831, 0.51971, -0.155092, -0.840147, -1.2e-05, 0.0, 0.0, 0.0, 1.0],
                [0.821138, 0.399937, 0.407162, 0.124994, 0.277496, -0.903175, 0.327517, -0.002831, 0.498726, -0.15595, -0.852615, -1.2e-05, 0.0, 0.0, 0.0, 1.0],
                [0.832036, 0.397041, 0.387394, 0.124994, 0.28252, -0.9043, 0.320033, -0.002831, 0.477387, -0.156832, -0.864584, -1.2e-05, 0.0, 0.0, 0.0, 1.0],
                [0.842425, 0.394168, 0.367357, 0.124994, 0.287349, -0.905401, 0.312533, -0.002831, 0.455796, -0.157725, -0.875998, -1.2e-05, 0.0, 0.0, 0.0, 1.0],
                [0.85226, 0.391326, 0.347154, 0.124994, 0.291966, -0.906476, 0.305045, -0.002831, 0.434059, -0.15862, -0.88681, -1.2e-05, 0.0, 0.0, 0.0, 1.0],
                [0.861506, 0.388523, 0.32689, 0.124994, 0.296357, -0.907525, 0.297602, -0.002831, 0.412287, -0.159509, -0.896982, -1.2e-05, 0.0, 0.0, 0.0, 1.0],
                [0.870133, 0.385769, 0.306676, 0.124994, 0.300508, -0.908546, 0.290234, -0.002831, 0.390593, -0.160383, -0.906485, -1.2e-05, 0.0, 0.0, 0.0, 1.0],
                [0.878124, 0.383072, 0.286623, 0.124994, 0.304412, -0.909535, 0.282976, -0.002831, 0.369094, -0.161236, -0.915299, -1.2e-05, 0.0, 0.0, 0.0, 1.0],
                [0.88547, 0.380442, 0.266843, 0.124994, 0.308062, -0.910492, 0.275861, -0.002831, 0.347908, -0.162062, -0.923415, -1.2e-05, 0.0, 0.0, 0.0, 1.0],
                [0.892169, 0.37789, 0.247451, 0.124994, 0.311454, -0.911412, 0.268924, -0.002831, 0.327154, -0.162856, -0.930832, -1.2e-05, 0.0, 0.0, 0.0, 1.0],
                [0.898229, 0.375425, 0.228559, 0.124994, 0.314588, -0.912295, 0.2622, -0.002831, 0.30695, -0.163613, -0.937557, -1.2e-05, 0.0, 0.0, 0.0, 1.0],
                [0.903664, 0.373058, 0.21028, 0.124994, 0.317465, -0.913136, 0.255723, -0.002831, 0.287414, -0.164331, -0.943604, -1.2e-05, 0.0, 0.0, 0.0, 1.0],
                [0.908495, 0.3708, 0.192724, 0.124994, 0.320088, -0.913934, 0.249529, -0.002831, 0.268663, -0.165006, -0.948996, -1.2e-05, 0.0, 0.0, 0.0, 1.0],
                [0.912749, 0.368662, 0.176002, 0.124994, 0.322463, -0.914685, 0.24365, -0.002831, 0.250811, -0.165637, -0.95376, -1.2e-05, 0.0, 0.0, 0.0, 1.0],
                [0.916457, 0.366653, 0.160219, 0.124994, 0.324597, -0.915386, 0.238122, -0.002831, 0.23397, -0.166221, -0.957929, -1.2e-05, 0.0, 0.0, 0.0, 1.0],
                [0.919655, 0.364786, 0.14548, 0.124994, 0.326496, -0.916034, 0.232976, -0.002831, 0.218252, -0.166758, -0.96154, -1.2e-05, 0.0, 0.0, 0.0, 1.0],
                [0.92238, 0.36307, 0.131888, 0.124994, 0.328171, -0.916626, 0.228246, -0.002831, 0.203762, -0.167247, -0.964629, -1.2e-05, 0.0, 0.0, 0.0, 1.0],
                [0.92467, 0.361517, 0.119543, 0.124994, 0.329628, -0.91716, 0.223963, -0.002831, 0.190606, -0.167686, -0.967239, -1.2e-05, 0.0, 0.0, 0.0, 1.0],
                [0.926563, 0.360136, 0.10854, 0.124994, 0.330876, -0.917632, 0.220157, -0.002831, 0.178887, -0.168075, -0.969407, -1.2e-05, 0.0, 0.0, 0.0, 1.0],
                [0.928097, 0.35894, 0.098977, 0.124994, 0.331924, -0.918039, 0.216858, -0.002831, 0.168704, -0.168412, -0.971173, -1.2e-05, 0.0, 0.0, 0.0, 1.0],
                [0.929305, 0.357937, 0.090947, 0.124994, 0.332777, -0.918378, 0.214097, -0.002831, 0.160157, -0.168695, -0.97257, -1.2e-05, 0.0, 0.0, 0.0, 1.0],
                [0.930217, 0.35714, 0.084542, 0.124994, 0.333441, -0.918647, 0.211901, -0.002831, 0.153343, -0.168923, -0.973628, -1.2e-05, 0.0, 0.0, 0.0, 1.0],
                [0.930854, 0.356557, 0.079855, 0.124994, 0.333917, -0.918842, 0.210298, -0.002831, 0.148357, -0.169092, -0.974371, -1.2e-05, 0.0, 0.0, 0.0, 1.0],
                [0.931233, 0.3562, 0.076976, 0.124994, 0.334205, -0.918961, 0.209317, -0.002831, 0.145296, -0.169197, -0.974814, -1.2e-05, 0.0, 0.0, 0.0, 1.0],
                [0.93136, 0.356079, 0.075996, 0.124994, 0.334303, -0.919001, 0.208984, -0.002831, 0.144255, -0.169233, -0.974962, -1.2e-05, 0.0, 0.0, 0.0, 1.0],
                [0.93136, 0.356079, 0.075996, 0.124994, 0.334303, -0.919001, 0.208984, -0.002831, 0.144255, -0.169233, -0.974962, -1.2e-05, 0.0, 0.0, 0.0, 1.0]
            ]
        },
        {
            "name": "Leg_R",
            "time": [0.0, 0.0167, 0.0333, 0.05, 0.0667, 0.0833, 0.1, 0.1167, 0.1333, 0.15, 0.1667, 0.1833, 0.2, 0.2167, 0.2333, 0.25, 0.2667, 0.2833, 0.3, 0.3167, 0.3333, 0.35, 0.3667, 0.3833, 0.4, 0.4167, 0.4333, 0.45, 0.4667, 0.4833, 0.5, 0.5167, 0.5333, 0.55, 0.5667, 0.5833, 0.6, 0.6167, 0.6333, 0.65, 0.6667, 0.6833, 0.7, 0.7167, 0.7333, 0.75, 0.7667, 0.7833, 0.8, 0.8167, 0.8333, 0.85, 0.8667, 0.8833, 0.9, 0.9167, 0.9333, 0.95, 0.9667, 0.9833, 1.0, 1.0167, 1.0333, 1.05, 1.0667, 1.0833, 1.1, 1.1167, 1.1333, 1.15, 1.1667, 1.1833, 1.2, 1.2167, 1.2333, 1.25, 1.2667, 1.2833, 1.3, 1.3167, 1.3333, 1.35, 1.3667, 1.3833, 1.4, 1.4167, 1.4333, 1.45, 1.4667, 1.4833, 1.5, 1.5167, 1.5333, 1.55, 1.5667, 1.5833, 1.6, 1.6167, 1.6333, 1.65, 1.6667, 1.6833, 1.7, 1.7167, 1.7333, 1.75, 1.7667, 1.7833, 1.8, 1.8167, 1.8333, 1.9167],
            "transform": [
                [1.0, -1e-06, 0.0, -0.0, -0.0, 0.312471, 0.949927, 0.37472, -1e-06, -0.949928, 0.312471, 0.0, 0.0, 0.0, 0.0, 1.0],
                [1.0, -1e-06, 0.0, -0.0, -0.0, 0.336178, 0.941798, 0.37472, -1e-06, -0.941799, 0.336177, 0.0, 0.0, 0.0, 0.0, 1.0],
                [1.0, -1e-06, 1e-06, -0.0, -0.0, 0.399112, 0.916902, 0.37472, -1e-06, -0.916903, 0.399111, 0.0, 0.0, 0.0, 0.0, 1.0],
                [1.0, -0.0, 1e-06, 0.0, -0.0, 0.487442, 0.873155, 0.37472, -1e-06, -0.873156, 0.487441, 0.0, 0.0, 0.0, 0.0, 1.0],
                [1.0, -0.0, 1e-06, -0.0, -0.0, 0.586746, 0.809771, 0.37472, -1e-06, -0.809772, 0.586745, 0.0, 0.0, 0.0, 0.0, 1.0],
                [1.0, -0.0, 1e-06, 0.0, -0.0, 0.684151, 0.72934, 0.37472, -1e-06, -0.729342, 0.68415, -0.0, 0.0, 0.0, 0.0, 1.0],
                [1.0, -0.0, 1e-06, 0.0, -0.0, 0.770271, 0.637716, 0.37472, -1e-06, -0.637717, 0.77027, -0.0, 0.0, 0.0, 0.0, 1.0],
                [1.0, -0.0, 1e-06, 0.0, -0.0, 0.840078, 0.542466, 0.37472, -1e-06, -0.542467, 0.840077, 0.0, 0.0, 0.0, 0.0, 1.0],
                [1.0, -0.0, 1e-06, 0.0, -0.0, 0.892449, 0.451149, 0.37472, -1e-06, -0.45115, 0.892447, -0.0, 0.0, 0.0, 0.0, 1.0],
                [1.0, -0.0, 1e-06, 0.0, -0.0, 0.929982, 0.367606, 0.37472, -1e-06, -0.367607, 0.929981, -0.0, 0.0, 0.0, 0.0, 1.0],
                [1.0, 0.0, 1e-06, 0.0, -0.0, 0.956242, 0.292577, 0.37472, -1e-06, -0.292578, 0.956241, 0.0, 0.0, 0.0, 0.0, 1.0],
                [1.0, 0.0, 1e-06, 0.0, -0.0, 0.973665, 0.227986, 0.37472, -1e-06, -0.227986, 0.973664, 0.0, 0.0, 0.0, 0.0, 1.0],
                [1.0, 0.0, 1e-06, 0.0, -0.0, 0.984489, 0.175448, 0.37472, -1e-06, -0.175448, 0.984488, 0.0, 0.0, 0.0, 0.0, 1.0],
                [1.0, 0.0, 1e-06, 0.0, -0.0, 0.990658, 0.136373, 0.37472, -1e-06, -0.136374, 0.990657, 0.0, 0.0, 0.0, 0.0, 1.0],
                [1.0, 0.0, 1e-06, 0.0, -0.0, 0.993704, 0.112046, 0.37472, -1e-06, -0.112046, 0.993702, 0.0, 0.0, 0.0, 0.0, 1.0],
                [1.0, 0.0, 1e-06, 0.0, -0.0, 0.994612, 0.103678, 0.37472, -1e-06, -0.103678, 0.99461, 0.0, 0.0, 0.0, 0.0, 1.0],
                [1.0, 0.0, 1e-06, -0.0, -0.0, 0.994439, 0.105319, 0.37472, -1e-06, -0.10532, 0.994438, 0.0, 0.0, 0.0, 0.0, 1.0],
                [1.0, 0.0, 1e-06, -0.0, -0.0, 0.993925, 0.110064, 0.37472, -1e-06, -0.110065, 0.993924, -0.0, 0.0, 0.0, 0.0, 1.0],
                [1.0, 0.0, 1e-06, -0.0, -0.0, 0.993057, 0.117644, 0.37472, -1e-06, -0.117644, 0.993055, 0.0, 0.0, 0.0, 0.0, 1.0],
                [1.0, 0.0, 1e-06, -0.0, -0.0, 0.991802, 0.127786, 0.37472, -1e-06, -0.127786, 0.991801, -0.0, 0.0, 0.0, 0.0, 1.0],
                [1.0, 0.0, 1e-06, 0.0, -0.0, 0.990121, 0.14022, 0.37472, -1e-06, -0.14022, 0.99012, -0.0, 0.0, 0.0, 0.0, 1.0],
                [1.0, 0.0, 1e-06, -0.0, -0.0, 0.987967, 0.154671, 0.37472, -1e-06, -0.154671, 0.987965, 0.0, 0.0, 0.0, 0.0, 1.0],
                [1.0, 0.0, 1e-06, -0.0, -0.0, 0.985296, 0.170859, 0.37472, -1e-06, -0.170859, 0.985295, -0.0, 0.0, 0.0, 0.0, 1.0],
                [1.0, 0.0, 1e-06, -0.0, -0.0, 0.982073, 0.188504, 0.37472, -1e-06, -0.188504, 0.982071, -0.0, 0.0, 0.0, 0.0, 1.0],
                [1.0, 0.0, 1e-06, -0.0, -0.0, 0.978274, 0.207321, 0.37472, -1e-06, -0.207321, 0.978272, -0.0, 0.0, 0.0, 0.0, 1.0],
                [1.0, 0.0, 1e-06, 0.0, -0.0, 0.97389, 0.227022, 0.37472, -1e-06, -0.227022, 0.973889, -0.0, 0.0, 0.0, 0.0, 1.0],
                [1.0, 0.0, 1e-06, 0.0, -0.0, 0.968934, 0.247321, 0.37472, -1e-06, -0.247321, 0.968933, 0.0, 0.0, 0.0, 0.0, 1.0],
                [1.0, 0.0, 1e-06, 0.0, -0.0, 0.963439, 0.267931, 0.37472, -1e-06, -0.267931, 0.963437, -0.0, 0.0, 0.0, 0.0, 1.0],
                [1.0, 0.0, 1e-06, 0.0, -0.0, 0.95746, 0.288568, 0.37472, -1e-06, -0.288569, 0.957459, -0.0, 0.0, 0.0, 0.0, 1.0],
                [1.0, 0.0, 1e-06, -0.0, -0.0, 0.951077, 0.308954, 0.37472, -1e-06, -0.308954, 0.951076, -0.0, 0.0, 0.0, 0.0, 1.0],
                [1.0, -0.0, 1e-06, 0.0, -0.0, 0.944394, 0.328817, 0.37472, -1e-06, -0.328817, 0.944393, 0.0, 0.0, 0.0, 0.0, 1.0],
                [1.0, -0.0, 1e-06, -0.0, -0.0, 0.937535, 0.347893, 0.37472, -1e-06, -0.347894, 0.937534, -0.0, 0.0, 0.0, 0.0, 1.0],
