{
    "animation": [
        {
            "name": "Root",
            "time": [0.0, 0.0167, 0.0333, 0.05, 0.0667, 0.0833, 0.1, 0.1167, 0.1333, 0.15, 0.1667, 0.1833, 0.2, 0.2167, 0.2333, 0.25, 0.2667, 0.2833, 0.3, 0.3167, 0.3333, 0.35, 0.3667, 0.3833, 0.4, 0.4167, 0.4333, 0.45, 0.4667, 0.4833, 0.5, 0.5167, 0.5333, 0.55, 0.5667, 0.5833, 0.6, 0.6167, 0.6333, 0.65, 0.6667, 0.6833, 0.7, 0.7167, 0.7333, 0.75, 0.7667, 0.7833, 0.8, 0.8167, 0.8333, 0.85, 0.8667, 0.8833, 0.9, 0.9167, 0.9333, 0.95, 0.9667, 0.9833, 1.0, 1.0167, 1.0333, 1.05, 1.0667, 1.0833, 1.1, 1.1167, 1.1333, 1.15, 1.1667, 1.1833, 1.2, 1.2167, 1.2333, 1.25, 1.2667, 1.2833, 1.3, 1.3167, 1.3333, 1.35, 1.3667, 1.3833, 1.4, 1.4167, 1.4333, 1.45, 1.4667, 1.4833, 1.5, 1.5167, 1.5333, 1.55, 1.5667, 1.5833, 1.6, 1.6167, 1.6333, 1.65, 1.6667, 1.6833, 1.7, 1.7167, 1.7333, 1.75, 1.7667, 1.7833, 1.8, 1.8167, 1.8333, 1.85, 1.8667, 1.8833, 1.9, 1.9167, 1.9333, 1.95, 1.9667, 1.9833, 2.0, 2.0167, 2.0333, 2.05, 2.0667, 2.0833, 2.1, 2.1167, 2.1333, 2.15, 2.1667, 2.1833, 2.2, 2.2167, 2.2333, 2.25, 2.2667, 2.2833, 2.3, 2.3167, 2.3333, 3.1833],
            "transform": [
                [0.629149, 0.0, -0.777285, 0.002394, -0.777285, 0.0, -0.629149, 0.000946, 0.0, 1.0, 0.0, 0.508617, 0.0, 0.0, 0.0, 1.0],
                [0.632112, 0.0, -0.774877, 0.001571, -0.774877, 0.0, -0.632112, 0.0023, 0.0, 1.0, 0.0, 0.509119, 0.0, 0.0, 0.0, 1.0],
                [0.640513, 0.0, -0.767947, -0.000744, -0.767947, 0.0, -0.640513, 0.006152, 0.0, 1.0, 0.0, 0.510608, 0.0, 0.0, 0.0, 1.0],
                [0.653568, 0.0, -0.756868, -0.004321, -0.756868, 0.0, -0.653568, 0.012189, 0.0, 1.0, 0.0, 0.513057, 0.0, 0.0, 0.0, 1.0],
                [0.670447, 0.0, -0.741958, -0.008932, -0.741958, 0.0, -0.670447, 0.020101, 0.0, 1.0, 0.0, 0.516442, 0.0, 0.0, 0.0, 1.0],
                [0.690289, 0.0, -0.723534, -0.014346, -0.723534, 0.0, -0.690289, 0.029575, 0.0, 1.0, 0.0, 0.520736, 0.0, 0.0, 0.0, 1.0],
                [0.712229, 0.0, -0.701947, -0.020335, -0.701947, 0.0, -0.712229, 0.040297, 0.0, 1.0, 0.0, 0.525913, 0.0, 0.0, 0.0, 1.0],
                [0.735414, 0.0, -0.677618, -0.026667, -0.677618, 0.0, -0.735414, 0.051957, 0.0, 1.0, 0.0, 0.531949, 0.0, 0.0, 0.0, 1.0],
                [0.759031, 0.0, -0.651055, -0.033115, -0.651055, 0.0, -0.759031, 0.064241, 0.0, 1.0, 0.0, 0.538816, 0.0, 0.0, 0.0, 1.0],
                [0.782328, 0.0, -0.622866, -0.039447, -0.622866, 0.0, -0.782328, 0.076837, 0.0, 1.0, 0.0, 0.54649, 0.0, 0.0, 0.0, 1.0],
                [0.804642, 0.0, -0.59376, -0.045436, -0.59376, 0.0, -0.804642, 0.089433, 0.0, 1.0, 0.0, 0.554945, 0.0, 0.0, 0.0, 1.0],
                [0.825409, 0.0, -0.564535, -0.05085, -0.564535, 0.0, -0.825409, 0.101717, 0.0, 1.0, 0.0, 0.564154, 0.0, 0.0, 0.0, 1.0],
                [0.84418, 0.0, -0.53606, -0.055461, -0.53606, 0.0, -0.84418, 0.113377, 0.0, 1.0, 0.0, 0.574092, 0.0, 0.0, 0.0, 1.0],
                [0.860616, 0.0, -0.509255, -0.059038, -0.509255, 0.0, -0.860616, 0.124099, 0.0, 1.0, 0.0, 0.584733, 0.0, 0.0, 0.0, 1.0],
                [0.874477, 0.0, -0.485066, -0.061353, -0.485066, 0.0, -0.874477, 0.133573, 0.0, 1.0, 0.0, 0.596052, 0.0, 0.0, 0.0, 1.0],
                [0.885603, 0.0, -0.464444, -0.062176, -0.464444, 0.0, -0.885603, 0.141484, 0.0, 1.0, 0.0, 0.608023, 0.0, 0.0, 0.0, 1.0],
                [0.89404, 0.0, -0.447987, -0.062176, -0.447987, 0.0, -0.89404, 0.147676, 0.0, 1.0, 0.0, 0.620591, 0.0, 0.0, 0.0, 1.0],
                [0.900467, 0.0, -0.434925, -0.062176, -0.434925, 0.0, -0.900467, 0.152607, 0.0, 1.0, 0.0, 0.633593, 0.0, 0.0, 0.0, 1.0],
                [0.905618, 0.0, -0.424095, -0.062176, -0.424095, 0.0, -0.905618, 0.15689, 0.0, 1.0, 0.0, 0.646836, 0.0, 0.0, 0.0, 1.0],
                [0.910142, 0.0, -0.414297, -0.062176, -0.414297, 0.0, -0.910142, 0.161137, 0.0, 1.0, 0.0, 0.660127, 0.0, 0.0, 0.0, 1.0],
                [0.914622, 0.0, -0.40431, -0.062176, -0.40431, 0.0, -0.914622, 0.16596, 0.0, 1.0, 0.0, 0.673272, 0.0, 0.0, 0.0, 1.0],
                [0.919586, 0.0, -0.39289, -0.062176, -0.39289, 0.0, -0.919586, 0.171973, 0.0, 1.0, 0.0, 0.686081, 0.0, 0.0, 0.0, 1.0],
                [0.925494, 0.0, -0.378763, -0.062176, -0.378763, 0.0, -0.925494, 0.179789, 0.0, 1.0, 0.0, 0.698359, 0.0, 0.0, 0.0, 1.0],
                [0.932717, 0.0, -0.36061, -0.062176, -0.36061, 0.0, -0.932717, 0.190019, 0.0, 1.0, 0.0, 0.709914, 0.0, 0.0, 0.0, 1.0],
                [0.941491, 0.0, -0.337039, -0.062176, -0.337039, 0.0, -0.941491, 0.203277, 0.0, 1.0, 0.0, 0.720554, 0.0, 0.0, 0.0, 1.0],
                [0.951848, 0.0, -0.306571, -0.062176, -0.306571, 0.0, -0.951848, 0.220175, 0.0, 1.0, 0.0, 0.730085, 0.0, 0.0, 0.0, 1.0],
                [0.963525, 0.0, -0.26762, -0.062176, -0.26762, 0.0, -0.963525, 0.241326, 0.0, 1.0, 0.0, 0.738316, 0.0, 0.0, 0.0, 1.0],
                [0.975836, 0.0, -0.218504, -0.062176, -0.218504, 0.0, -0.975836, 0.267343, 0.0, 1.0, 0.0, 0.745053, 0.0, 0.0, 0.0, 1.0],
                [0.987518, 0.0, -0.157507, -0.062176, -0.157507, 0.0, -0.987518, 0.298838, 0.0, 1.0, 0.0, 0.750104, 0.0, 0.0, 0.0, 1.0],
                [0.996549, 0.0, -0.083007, -0.062176, -0.083007, 0.0, -0.996549, 0.336424, 0.0, 1.0, 0.0, 0.753275, 0.0, 0.0, 0.0, 1.0],
                [0.99998, 0.0, 0.006265, -0.062176, 0.006265, 0.0, -0.99998, 0.380714, 0.0, 1.0, 0.0, 0.754376, 0.0, 0.0, 0.0, 1.0],
                [0.993117, 0.0, 0.11713, -0.062176, 0.11713, 0.0, -0.993117, 0.435376, 0.0, 1.0, 0.0, 0.750131, 0.0, 0.0, 0.0, 1.0],
                [0.967875, 0.0, 0.251432, -0.062176, 0.251432, 0.0, -0.967875, 0.501828, 0.0, 1.0, 0.0, 0.738464, 0.0, 0.0, 0.0, 1.0],
                [0.916387, 0.0, 0.400293, -0.062176, 0.400293, 0.0, -0.916387, 0.577304, 0.0, 1.0, 0.0, 0.720976, 0.0, 0.0, 0.0, 1.0],
                [0.833896, 0.0, 0.551922, -0.062176, 0.551922, 0.0, -0.833896, 0.659038, 0.0, 1.0, 0.0, 0.699269, 0.0, 0.0, 0.0, 1.0],
                [0.720858, 0.0, 0.693083, -0.062176, 0.693083, 0.0, -0.720858, 0.744265, 0.0, 1.0, 0.0, 0.674942, 0.0, 0.0, 0.0, 1.0],
                [0.583703, 0.0, 0.811967, -0.062176, 0.811967, 0.0, -0.583703, 0.83022, 0.0, 1.0, 0.0, 0.649599, 0.0, 0.0, 0.0, 1.0],
                [0.433498, 0.0, 0.901155, -0.062176, 0.901155, 0.0, -0.433498, 0.914135, 0.0, 1.0, 0.0, 0.624839, 0.0, 0.0, 0.0, 1.0],
                [0.283062, 0.0, 0.959102, -0.062176, 0.959102, 0.0, -0.283062, 0.993247, 0.0, 1.0, 0.0, 0.602264, 0.0, 0.0, 0.0, 1.0],
                [0.144039, 0.0, 0.989572, -0.062176, 0.989572, 0.0, -0.144039, 1.064789, 0.0, 1.0, 0.0, 0.583474, 0.0, 0.0, 0.0, 1.0],
                [0.025266, 0.0, 0.999681, -0.062176, 0.999681, 0.0, -0.025266, 1.125995, 0.0, 1.0, 0.0, 0.570072, 0.0, 0.0, 0.0, 1.0],
                [-0.077399, 0.0, 0.997, -0.062176, 0.997, 0.0, 0.077399, 1.178402, 0.0, 1.0, 0.0, 0.560397, 0.0, 0.0, 0.0, 1.0],
                [-0.171977, 0.0, 0.985101, -0.062176, 0.985101, 0.0, 0.171977, 1.225573, 0.0, 1.0, 0.0, 0.551689, 0.0, 0.0, 0.0, 1.0],
                [-0.25805, 0.0, 0.966131, -0.062176, 0.966131, 0.0, 0.25805, 1.267783, 0.0, 1.0, 0.0, 0.543897, 0.0, 0.0, 0.0, 1.0],
                [-0.335597, 0.0, 0.942006, -0.062176, 0.942006, 0.0, 0.335597, 1.305309, 0.0, 1.0, 0.0, 0.536969, 0.0, 0.0, 0.0, 1.0],
                [-0.40487, 0.0, 0.914374, -0.062176, 0.914374, 0.0, 0.40487, 1.338425, 0.0, 1.0, 0.0, 0.530856, 0.0, 0.0, 0.0, 1.0],
                [-0.466301, 0.0, 0.884626, -0.062176, 0.884626, 0.0, 0.466301, 1.367407, 0.0, 1.0, 0.0, 0.525506, 0.0, 0.0, 0.0, 1.0],
                [-0.520428, 0.0, 0.853906, -0.062176, 0.853906, 0.0, 0.520428, 1.392531, 0.0, 1.0, 0.0, 0.520867, 0.0, 0.0, 0.0, 1.0],
                [-0.567831, 0.0, 0.823145, -0.062176, 0.823145, 0.0, 0.567831, 1.414073, 0.0, 1.0, 0.0, 0.516891, 0.0, 0.0, 0.0, 1.0],
                [-0.609103, 0.0, 0.793092, -0.062176, 0.793092, 0.0, 0.609103, 1.432307, 0.0, 1.0, 0.0, 0.513524, 0.0, 0.0, 0.0, 1.0],
                [-0.644811, 0.0, 0.764342, -0.062176, 0.764342, 0.0, 0.644811, 1.44751, 0.0, 1.0, 0.0, 0.510718, 0.0, 0.0, 0.0, 1.0],
                [-0.675492, 0.0, 0.737368, -0.062176, 0.737368, 0.0, 0.675492, 1.459958, 0.0, 1.0, 0.0, 0.50842, 0.0, 0.0, 0.0, 1.0],
                [-0.701631, 0.0, 0.712541, -0.062176, 0.712541, 0.0, 0.701631, 1.469925, 0.0, 1.0, 0.0, 0.50658, 0.0, 0.0, 0.0, 1.0],
                [-0.723664, 0.0, 0.690153, -0.062176, 0.690153, 0.0, 0.723664, 1.477687, 0.0, 1.0, 0.0, 0.505147, 0.0, 0.0, 0.0, 1.0],
                [-0.741974, 0.0, 0.670428, -0.062176, 0.670428, 0.0, 0.741974, 1.48352, 0.0, 1.0, 0.0, 0.50407, 0.0, 0.0, 0.0, 1.0],
                [-0.756891, 0.0, 0.653541, -0.062176, 0.653541, 0.0, 0.756891, 1.4877, 0.0, 1.0, 0.0, 0.503299, 0.0, 0.0, 0.0, 1.0],
                [-0.768694, 0.0, 0.639617, -0.062176, 0.639617, 0.0, 0.768694, 1.490502, 0.0, 1.0, 0.0, 0.502781, 0.0, 0.0, 0.0, 1.0],
                [-0.77761, 0.0, 0.628747, -0.062176, 0.628747, 0.0, 0.77761, 1.492201, 0.0, 1.0, 0.0, 0.502468, 0.0, 0.0, 0.0, 1.0],
                [-0.783825, 0.0, 0.620982, -0.062176, 0.620982, 0.0, 0.783825, 1.493074, 0.0, 1.0, 0.0, 0.502307, 0.0, 0.0, 0.0, 1.0],
                [-0.78748, 0.0, 0.61634, -0.062176, 0.61634, 0.0, 0.78748, 1.493395, 0.0, 1.0, 0.0, 0.502247, 0.0, 0.0, 0.0, 1.0],
                [-0.788681, 0.0, 0.614803, -0.062176, 0.614803, 0.0, 0.788681, 1.493441, 0.0, 1.0, 0.0, 0.502239, 0.0, 0.0, 0.0, 1.0],
                [-0.788681, 0.0, 0.614803, -0.062176, 0.614803, 0.0, 0.788681, 1.493441, 0.0, 1.0, 0.0, 0.502239, 0.0, 0.0, 0.0, 1.0],
                [-0.788681, 0.0, 0.614803, -0.062176, 0.614803, 0.0, 0.788681, 1.493441, 0.0, 1.0, 0.0, 0.502239, 0.0, 0.0, 0.0, 1.0],
                [-0.788681, 0.0, 0.614803, -0.062176, 0.614803, 0.0, 0.788681, 1.493441, 0.0, 1.0, 0.0, 0.502239, 0.0, 0.0, 0.0, 1.0],
                [-0.788681, 0.0, 0.614803, -0.062176, 0.614803, 0.0, 0.788681, 1.493441, 0.0, 1.0, 0.0, 0.502239, 0.0, 0.0, 0.0, 1.0],
                [-0.788681, 0.0, 0.614803, -0.062176, 0.614803, 0.0, 0.788681, 1.493441, 0.0, 1.0, 0.0, 0.502239, 0.0, 0.0, 0.0, 1.0],
                [-0.788681, 0.0, 0.614803, -0.062176, 0.614803, 0.0, 0.788681, 1.493441, 0.0, 1.0, 0.0, 0.502239, 0.0, 0.0, 0.0, 1.0],
                [-0.788681, 0.0, 0.614803, -0.062176, 0.614803, 0.0, 0.788681, 1.493441, 0.0, 1.0, 0.0, 0.502239, 0.0, 0.0, 0.0, 1.0],
                [-0.788681, 0.0, 0.614803, -0.062176, 0.614803, 0.0, 0.788681, 1.493441, 0.0, 1.0, 0.0, 0.502239, 0.0, 0.0, 0.0, 1.0],
                [-0.788681, 0.0, 0.614803, -0.062176, 0.614803, 0.0, 0.788681, 1.493441, 0.0, 1.0, 0.0, 0.502239, 0.0, 0.0, 0.0, 1.0],
                [-0.789405, 0.0, 0.613873, -0.062176, 0.613873, 0.0, 0.789405, 1.493441, 0.0, 1.0, 0.0, 0.502358, 0.0, 0.0, 0.0, 1.0],
                [-0.791548, 0.0, 0.611107, -0.062176, 0.611107, 0.0, 0.791548, 1.493441, 0.0, 1.0, 0.0, 0.502713, 0.0, 0.0, 0.0, 1.0],
                [-0.795066, 0.0, 0.606523, -0.062176, 0.606523, 0.0, 0.795066, 1.493441, 0.0, 1.0, 0.0, 0.503296, 0.0, 0.0, 0.0, 1.0],
                [-0.79991, 0.0, 0.60012, -0.062176, 0.60012, 0.0, 0.79991, 1.493441, 0.0, 1.0, 0.0, 0.504101, 0.0, 0.0, 0.0, 1.0],
                [-0.806029, 0.0, 0.591875, -0.062176, 0.591875, 0.0, 0.806029, 1.493441, 0.0, 1.0, 0.0, 0.50512, 0.0, 0.0, 0.0, 1.0],
                [-0.813368, 0.0, 0.58175, -0.062176, 0.58175, 0.0, 0.813368, 1.493441, 0.0, 1.0, 0.0, 0.506346, 0.0, 0.0, 0.0, 1.0],
                [-0.821862, 0.0, 0.569687, -0.062176, 0.569687, 0.0, 0.821862, 1.493441, 0.0, 1.0, 0.0, 0.507774, 0.0, 0.0, 0.0, 1.0],
                [-0.831442, 0.0, 0.555611, -0.062176, 0.555611, 0.0, 0.831442, 1.493441, 0.0, 1.0, 0.0, 0.509396, 0.0, 0.0, 0.0, 1.0],
                [-0.842027, 0.0, 0.539435, -0.062176, 0.539435, 0.0, 0.842027, 1.493441, 0.0, 1.0, 0.0, 0.511205, 0.0, 0.0, 0.0, 1.0],
                [-0.853524, 0.0, 0.521053, -0.062176, 0.521053, 0.0, 0.853524, 1.493441, 0.0, 1.0, 0.0, 0.513195, 0.0, 0.0, 0.0, 1.0],
                [-0.865825, 0.0, 0.500347, -0.062176, 0.500347, 0.0, 0.865825, 1.493441, 0.0, 1.0, 0.0, 0.515358, 0.0, 0.0, 0.0, 1.0],
                [-0.878802, 0.0, 0.477187, -0.062176, 0.477187, 0.0, 0.878802, 1.493441, 0.0, 1.0, 0.0, 0.517689, 0.0, 0.0, 0.0, 1.0],
                [-0.892305, 0.0, 0.451432, -0.062176, 0.451432, 0.0, 0.892305, 1.493441, 0.0, 1.0, 0.0, 0.520179, 0.0, 0.0, 0.0, 1.0],
                [-0.906162, 0.0, 0.422931, -0.062176, 0.422931, 0.0, 0.906162, 1.493441, 0.0, 1.0, 0.0, 0.522822, 0.0, 0.0, 0.0, 1.0],
                [-0.920165, 0.0, 0.391531, -0.062176, 0.391531, 0.0, 0.920165, 1.493441, 0.0, 1.0, 0.0, 0.525613, 0.0, 0.0, 0.0, 1.0],
                [-0.934076, 0.0, 0.357074, -0.062176, 0.357074, 0.0, 0.934076, 1.493441, 0.0, 1.0, 0.0, 0.528542, 0.0, 0.0, 0.0, 1.0],
                [-0.947617, 0.0, 0.319409, -0.062176, 0.319409, 0.0, 0.947617, 1.493441, 0.0, 1.0, 0.0, 0.531605, 0.0, 0.0, 0.0, 1.0],
                [-0.960466, 0.0, 0.278396, -0.062176, 0.278396, 0.0, 0.960466, 1.493441, 0.0, 1.0, 0.0, 0.534794, 0.0, 0.0, 0.0, 1.0],
                [-0.972258, 0.0, 0.233911, -0.062176, 0.233911, 0.0, 0.972258, 1.493441, 0.0, 1.0, 0.0, 0.538101, 0.0, 0.0, 0.0, 1.0],
                [-0.982576, 0.0, 0.185863, -0.062176, 0.185863, 0.0, 0.982576, 1.493441, 0.0, 1.0, 0.0, 0.541522, 0.0, 0.0, 0.0, 1.0],
                [-0.990954, 0.0, 0.134199, -0.062176, 0.134199, 0.0, 0.990954, 1.493441, 0.0, 1.0, 0.0, 0.545047, 0.0, 0.0, 0.0, 1.0],
                [-0.996881, 0.0, 0.078922, -0.062176, 0.078922, 0.0, 0.996881, 1.493441, 0.0, 1.0, 0.0, 0.548672, 0.0, 0.0, 0.0, 1.0],
                [-0.999798, 0.0, 0.020105, -0.062176, 0.020105, 0.0, 0.999798, 1.493441, 0.0, 1.0, 0.0, 0.552389, 0.0, 0.0, 0.0, 1.0],
                [-0.999114, 0.0, -0.042094, -0.062176, -0.042094, 0.0, 0.999114, 1.493441, 0.0, 1.0, 0.0, 0.55619, 0.0, 0.0, 0.0, 1.0],
                [-0.994214, 0.0, -0.107418, -0.062176, -0.107418, 0.0, 0.994214, 1.493441, 0.0, 1.0, 0.0, 0.56007, 0.0, 0.0, 0.0, 1.0],
                [-0.984481, 0.0, -0.175491, -0.062176, -0.175491, 0.0, 0.984481, 1.493441, 0.0, 1.0, 0.0, 0.564022, 0.0, 0.0, 0.0, 1.0],
                [-0.969318, 0.0, -0.245812, -0.062176, -0.245812, 0.0, 0.969318, 1.493441, 0.0, 1.0, 0.0, 0.568038, 0.0, 0.0, 0.0, 1.0],
                [-0.948175, 0.0, -0.317749, -0.062176, -0.317749, 0.0, 0.948175, 1.493441, 0.0, 1.0, 0.0, 0.572112, 0.0, 0.0, 0.0, 1.0],
                [-0.920588, 0.0, -0.390535, -0.062176, -0.390535, 0.0, 0.920588, 1.493441, 0.0, 1.0, 0.0, 0.576238, 0.0, 0.0, 0.0, 1.0],
                [-0.886209, 0.0, -0.463286, -0.062176, -0.463286, 0.0, 0.886209, 1.493441, 0.0, 1.0, 0.0, 0.580407, 0.0, 0.0, 0.0, 1.0],
                [-0.844842, 0.0, -0.535016, -0.062176, -0.535016, 0.0, 0.844842, 1.493441, 0.0, 1.0, 0.0, 0.584614, 0.0, 0.0, 0.0, 1.0],
                [-0.796475, 0.0, -0.604672, -0.062176, -0.604672, 0.0, 0.796475, 1.493441, 0.0, 1.0, 0.0, 0.588852, 0.0, 0.0, 0.0, 1.0],
                [-0.741299, 0.0, -0.671175, -0.062176, -0.671175, 0.0, 0.741299, 1.493441, 0.0, 1.0, 0.0, 0.593113, 0.0, 0.0, 0.0, 1.0],
                [-0.679719, 0.0, -0.733472, -0.062176, -0.733472, 0.0, 0.679719, 1.493441, 0.0, 1.0, 0.0, 0.597392, 0.0, 0.0, 0.0, 1.0],
                [-0.612353, 0.0, -0.790585, -0.062176, -0.790585, 0.0, 0.612353, 1.493441, 0.0, 1.0, 0.0, 0.601681, 0.0, 0.0, 0.0, 1.0],
                [-0.540005, 0.0, -0.841662, -0.062176, -0.841662, 0.0, 0.540005, 1.493441, 0.0, 1.0, 0.0, 0.605973, 0.0, 0.0, 0.0, 1.0],
                [-0.463637, 0.0, -0.886025, -0.062176, -0.886025, 0.0, 0.463637, 1.493441, 0.0, 1.0, 0.0, 0.610262, 0.0, 0.0, 0.0, 1.0],
                [-0.384322, 0.0, -0.923199, -0.062176, -0.923199, 0.0, 0.384322, 1.493441, 0.0, 1.0, 0.0, 0.61454, 0.0, 0.0, 0.0, 1.0],
                [-0.303185, 0.0, -0.952932, -0.062176, -0.952932, 0.0, 0.303185, 1.493441, 0.0, 1.0, 0.0, 0.618802, 0.0, 0.0, 0.0, 1.0],
                [-0.221357, 0.0, -0.975193, -0.062176, -0.975193, 0.0, 0.221357, 1.493441, 0.0, 1.0, 0.0, 0.623039, 0.0, 0.0, 0.0, 1.0],
                [-0.139919, 0.0, -0.990163, -0.062176, -0.990163, 0.0, 0.139919, 1.493441, 0.0, 1.0, 0.0, 0.627246, 0.0, 0.0, 0.0, 1.0],
                [-0.059857, 0.0, -0.998207, -0.062176, -0.998207, 0.0, 0.059857, 1.493441, 0.0, 1.0, 0.0, 0.631416, 0.0, 0.0, 0.0, 1.0],
                [0.017965, 0.0, -0.999839, -0.062176, -0.999839, 0.0, -0.017965, 1.493441, 0.0, 1.0, 0.0, 0.635541, 0.0, 0.0, 0.0, 1.0],
                [0.092829, 0.0, -0.995682, -0.062176, -0.995682, 0.0, -0.092829, 1.493441, 0.0, 1.0, 0.0, 0.639616, 0.0, 0.0, 0.0, 1.0],
                [0.164169, 0.0, -0.986432, -0.062176, -0.986432, 0.0, -0.164169, 1.493441, 0.0, 1.0, 0.0, 0.643632, 0.0, 0.0, 0.0, 1.0],
                [0.231573, 0.0, -0.972817, -0.062176, -0.972817, 0.0, -0.231573, 1.493441, 0.0, 1.0, 0.0, 0.647583, 0.0, 0.0, 0.0, 1.0],
                [0.294769, 0.0, -0.955569, -0.062176, -0.955569, 0.0, -0.294769, 1.493441, 0.0, 1.0, 0.0, 0.651463, 0.0, 0.0, 0.0, 1.0],
                [0.353609, 0.0, -0.935393, -0.062176, -0.935393, 0.0, -0.353609, 1.493441, 0.0, 1.0, 0.0, 0.655265, 0.0, 0.0, 0.0, 1.0],
                [0.408057, 0.0, -0.912956, -0.062176, -0.912956, 0.0, -0.408057, 1.493441, 0.0, 1.0, 0.0, 0.658982, 0.0, 0.0, 0.0, 1.0],
                [0.458161, 0.0, -0.888869, -0.062176, -0.888869, 0.0, -0.458161, 1.493441, 0.0, 1.0, 0.0, 0.662606, 0.0, 0.0, 0.0, 1.0],
                [0.50404, 0.0, -0.86368, -0.062176, -0.86368, 0.0, -0.50404, 1.493441, 0.0, 1.0, 0.0, 0.666132, 0.0, 0.0, 0.0, 1.0],
                [0.545863, 0.0, -0.837875, -0.062176, -0.837875, 0.0, -0.545863, 1.493441, 0.0, 1.0, 0.0, 0.669552, 0.0, 0.0, 0.0, 1.0],
                [0.583835, 0.0, -0.811873, -0.062176, -0.811873, 0.0, -0.583835, 1.493441, 0.0, 1.0, 0.0, 0.67286, 0.0, 0.0, 0.0, 1.0],
                [0.618181, 0.0, -0.786036, -0.062176, -0.786036, 0.0, -0.618181, 1.493441, 0.0, 1.0, 0.0, 0.676049, 0.0, 0.0, 0.0, 1.0],
                [0.64914, 0.0, -0.760669, -0.062176, -0.760669, 0.0, -0.64914, 1.493441, 0.0, 1.0, 0.0, 0.679111, 0.0, 0.0, 0.0, 1.0],
                [0.676953, 0.0, -0.736026, -0.062176, -0.736026, 0.0, -0.676953, 1.493441, 0.0, 1.0, 0.0, 0.682041, 0.0, 0.0, 0.0, 1.0],
                [0.701855, 0.0, -0.71232, -0.062176, -0.71232, 0.0, -0.701855, 1.493441, 0.0, 1.0, 0.0, 0.684831, 0.0, 0.0, 0.0, 1.0],
                [0.724073, 0.0, -0.689723, -0.062176, -0.689723, 0.0, -0.724073, 1.493441, 0.0, 1.0, 0.0, 0.687475, 0.0, 0.0, 0.0, 1.0],
                [0.743823, 0.0, -0.668377, -0.062176, -0.668377, 0.0, -0.743823, 1.493441, 0.0, 1.0, 0.0, 0.689965, 0.0, 0.0, 0.0, 1.0],
                [0.761303, 0.0, -0.648397, -0.062176, -0.648397, 0.0, -0.761303, 1.493441, 0.0, 1.0, 0.0, 0.692296, 0.0, 0.0, 0.0, 1.0],
                [0.776697, 0.0, -0.629875, -0.062176, -0.629875, 0.0, -0.776697, 1.493441, 0.0, 1.0, 0.0, 0.694459, 0.0, 0.0, 0.0, 1.0],
                [0.79017, 0.0, -0.612888, -0.062176, -0.612888, 0.0, -0.79017, 1.493441, 0.0, 1.0, 0.0, 0.696449, 0.0, 0.0, 0.0, 1.0],
                [0.80187, 0.0, -0.597498, -0.062176, -0.597498, 0.0, -0.80187, 1.493441, 0.0, 1.0, 0.0, 0.698258, 0.0, 0.0, 0.0, 1.0],
                [0.811927, 0.0, -0.58376, -0.062176, -0.58376, 0.0, -0.811927, 1.493441, 0.0, 1.0, 0.0, 0.69988, 0.0, 0.0, 0.0, 1.0],
                [0.820451, 0.0, -0.571717, -0.062176, -0.571717, 0.0, -0.820451, 1.493441, 0.0, 1.0, 0.0, 0.701307, 0.0, 0.0, 0.0, 1.0],
                [0.827536, 0.0, -0.561413, -0.062176, -0.561413, 0.0, -0.827536, 1.493441, 0.0, 1.0, 0.0, 0.702534, 0.0, 0.0, 0.0, 1.0],
                [0.833256, 0.0, -0.552887, -0.062176, -0.552887, 0.0, -0.833256, 1.493441, 0.0, 1.0, 0.0, 0.703553, 0.0, 0.0, 0.0, 1.0],
                [0.837669, 0.0, -0.546179, -0.062176, -0.546179, 0.0, -0.837669, 1.493441, 0.0, 1.0, 0.0, 0.704358, 0.0, 0.0, 0.0, 1.0],
                [0.84081, 0.0, -0.54133, -0.062176, -0.54133, 0.0, -0.84081, 1.493441, 0.0, 1.0, 0.0, 0.70494, 0.0, 0.0, 0.0, 1.0],
                [0.842699, 0.0, -0.538384, -0.062176, -0.538384, 0.0, -0.842699, 1.493441, 0.0, 1.0, 0.0, 0.705295, 0.0, 0.0, 0.0, 1.0],
                [0.843333, 0.0, -0.537391, -0.062176, -0.537391, 0.0, -0.843333, 1.493441, 0.0, 1.0, 0.0, 0.705415, 0.0, 0.0, 0.0, 1.0],
                [0.843333, 0.0, -0.537391, -0.062176, -0.537391, 0.0, -0.843333, 1.493441, 0.0, 1.0, 0.0, 0.705415, 0.0, 0.0, 0.0, 1.0]
            ]
        },
        {
            "name": "Thigh_R",
            "time": [0.0, 0.0167, 0.0333, 0.05, 0.0667, 0.0833, 0.1, 0.1167, 0.1333, 0.15, 0.1667, 0.1833, 0.2, 0.2167, 0.2333, 0.25, 0.2667, 0.2833, 0.3, 0.3167, 0.3333, 0.35, 0.3667, 0.3833, 0.4, 0.4167, 0.4333, 0.45, 0.4667, 0.4833, 0.5, 0.5167, 0.5333, 0.55, 0.5667, 0.5833, 0.6, 0.6167, 0.6333, 0.65, 0.6667, 0.6833, 0.7, 0.7167, 0.7333, 0.75, 0.7667, 0.7833, 0.8, 0.8167, 0.8333, 0.85, 0.8667, 0.8833, 0.9, 0.9167, 0.9333, 0.95, 0.9667, 0.9833, 1.0, 1.0167, 1.0333, 1.05, 1.0667, 1.0833, 1.1, 1.1167, 1.1333, 1.15, 1.1667, 1.1833, 1.2, 1.2167, 1.2333, 1.25, 1.2667, 1.2833, 1.3, 1.3167, 1.3333, 1.35, 1.3667, 1.3833, 1.4, 1.4167, 1.4333, 1.45, 1.4667, 1.4833, 1.5, 1.5167, 1.5333, 1.55, 1.5667, 1.5833, 1.6, 1.6167, 1.6333, 1.65, 1.6667, 1.6833, 1.7, 1.7167, 1.7333, 1.75, 1.7667, 1.7833, 1.8, 1.8167, 1.8333, 1.85, 1.8667, 1.8833, 1.9, 1.9167, 1.9333, 1.95, 1.9667, 1.9833, 2.0, 2.0167, 2.0333, 2.05, 2.0667, 2.0833, 2.1, 2.1167, 2.1333, 2.15, 2.1667, 2.1833, 2.2, 2.2167, 2.2333, 2.25, 2.2667, 2.2833, 2.3, 2.3167, 2.3333, 3.1833],
            "transform": [
                [0.543261, 0.485842, 0.684707, 0.124994, 0.731332, -0.67439, -0.101731, -0.002831, 0.412335, 0.556014, -0.721684, -1.2e-05, 0.0, 0.0, 0.0, 1.0],
                [0.545521, 0.483471, 0.684588, 0.124994, 0.72867, -0.677161, -0.10242, -0.002831, 0.41406, 0.554711, -0.721699, -1.2e-05, 0.0, 0.0, 0.0, 1.0],
                [0.5518, 0.476908, 0.68416, 0.124994, 0.721053, -0.685022, -0.104044, -0.002831, 0.419045, 0.550726, -0.721873, -1.2e-05, 0.0, 0.0, 0.0, 1.0],
                [0.561296, 0.466934, 0.683315, 0.124994, 0.708973, -0.697233, -0.105926, -0.002831, 0.426969, 0.543907, -0.7224, -1.2e-05, 0.0, 0.0, 0.0, 1.0],
                [0.573185, 0.4543, 0.68196, 0.124994, 0.69288, -0.713011, -0.107377, -0.002831, 0.437463, 0.534063, -0.723465, -1.2e-05, 0.0, 0.0, 0.0, 1.0],
                [0.586654, 0.439766, 0.68003, 0.124994, 0.673222, -0.731555, -0.107692, -0.002831, 0.45012, 0.520989, -0.725232, -1.2e-05, 0.0, 0.0, 0.0, 1.0],
                [0.600931, 0.424121, 0.677497, 0.124994, 0.650472, -0.752074, -0.106152, -0.002831, 0.464507, 0.504483, -0.727825, -1.2e-05, 0.0, 0.0, 0.0, 1.0],
                [0.615314, 0.408197, 0.674361, 0.124994, 0.625154, -0.773803, -0.102024, -0.002831, 0.480177, 0.484356, -0.73132, -1.2e-05, 0.0, 0.0, 0.0, 1.0],
                [0.62919, 0.39288, 0.670645, 0.124994, 0.597846, -0.796011, -0.094566, -0.002831, 0.496688, 0.460442, -0.735726, -1.2e-05, 0.0, 0.0, 0.0, 1.0],
                [0.642044, 0.379106, 0.666376, 0.124994, 0.569186, -0.818004, -0.083032, -0.002831, 0.51362, 0.432602, -0.740979, -1.2e-05, 0.0, 0.0, 0.0, 1.0],
                [0.65347, 0.367855, 0.661559, 0.124994, 0.539859, -0.839108, -0.066676, -0.002831, 0.530593, 0.400719, -0.746924, -1.2e-05, 0.0, 0.0, 0.0, 1.0],
                [0.663155, 0.36014, 0.656143, 0.124994, 0.510592, -0.858655, -0.044754, -0.002831, 0.547284, 0.3647, -0.753309, -1.2e-05, 0.0, 0.0, 0.0, 1.0],
                [0.670876, 0.356994, 0.649984, 0.124994, 0.482135, -0.875939, -0.016534, -0.002831, 0.563445, 0.324472, -0.759768, -1.2e-05, 0.0, 0.0, 0.0, 1.0],
                [0.676468, 0.359452, 0.642795, 0.124994, 0.455243, -0.890169, 0.018695, -0.002831, 0.578916, 0.279981, -0.765811, -1.2e-05, 0.0, 0.0, 0.0, 1.0],
                [0.679795, 0.36852, 0.634091, 0.124994, 0.430661, -0.900407, 0.061597, -0.002831, 0.593641, 0.231205, -0.770801, -1.2e-05, 0.0, 0.0, 0.0, 1.0],
                [0.680713, 0.385139, 0.623135, 0.124994, 0.409102, -0.905493, 0.112755, -0.002831, 0.607671, 0.178172, -0.773945, -1.2e-05, 0.0, 0.0, 0.0, 1.0],
                [0.681415, 0.415846, 0.602282, 0.124994, 0.39731, -0.901271, 0.172774, -0.002831, 0.614668, 0.121563, -0.779363, -1.2e-05, 0.0, 0.0, 0.0, 1.0],
                [0.683467, 0.463554, 0.563905, 0.124994, 0.400927, -0.883924, 0.240691, -0.002831, 0.610023, 0.061581, -0.789987, -1.2e-05, 0.0, 0.0, 0.0, 1.0],
                [0.684949, 0.523361, 0.506889, 0.124994, 0.418937, -0.852104, 0.313698, -0.002831, 0.596101, -0.002512, -0.802906, -1.2e-05, 0.0, 0.0, 0.0, 1.0],
                [0.683238, 0.589728, 0.430586, 0.124994, 0.449989, -0.804457, 0.387757, -0.002831, 0.57506, -0.071171, -0.81501, -1.2e-05, 0.0, 0.0, 0.0, 1.0],
                [0.675533, 0.656481, 0.335687, 0.124994, 0.492046, -0.740444, 0.457855, -0.002831, 0.549131, -0.144122, -0.823215, -1.2e-05, 0.0, 0.0, 0.0, 1.0],
                [0.659479, 0.717284, 0.224919, 0.124994, 0.542172, -0.661106, 0.51864, -0.002831, 0.520707, -0.220087, -0.824879, -1.2e-05, 0.0, 0.0, 0.0, 1.0],
                [0.633837, 0.766539, 0.103277, 0.124994, 0.596622, -0.569512, 0.565417, -0.002831, 0.492232, -0.296764, -0.818315, -1.2e-05, 0.0, 0.0, 0.0, 1.0],
                [0.598962, 0.800461, -0.022434, 0.124994, 0.651279, -0.470649, 0.595252, -0.002831, 0.465917, -0.371143, -0.803227, -1.2e-05, 0.0, 0.0, 0.0, 1.0],
                [0.556905, 0.817874, -0.144694, 0.124994, 0.70231, -0.370696, 0.607737, -0.002831, 0.443415, -0.44007, -0.780846, -1.2e-05, 0.0, 0.0, 0.0, 1.0],
                [0.511044, 0.820363, -0.256586, 0.124994, 0.746796, -0.275957, 0.605098, -0.002831, 0.425593, -0.500848, -0.753672, -1.2e-05, 0.0, 0.0, 0.0, 1.0],
                [0.465445, 0.811717, -0.352807, 0.124994, 0.783063, -0.191877, 0.591604, -0.002831, 0.41252, -0.551628, -0.724936, -1.2e-05, 0.0, 0.0, 0.0, 1.0],
                [0.42421, 0.796956, -0.430006, 0.124994, 0.810622, -0.122528, 0.572607, -0.002831, 0.403655, -0.591477, -0.698009, -1.2e-05, 0.0, 0.0, 0.0, 1.0],
                [0.391051, 0.781312, -0.486445, 0.124994, 0.829792, -0.070656, 0.553581, -0.002831, 0.398149, -0.620126, -0.675959, -1.2e-05, 0.0, 0.0, 0.0, 1.0],
                [0.369164, 0.769455, -0.521205, 0.124994, 0.841164, -0.038176, 0.539429, -0.002831, 0.39517, -0.637556, -0.661333, -1.2e-05, 0.0, 0.0, 0.0, 1.0],
                [0.361307, 0.764953, -0.533199, 0.124994, 0.845023, -0.026871, 0.534054, -0.002831, 0.394199, -0.643522, -0.656114, -1.2e-05, 0.0, 0.0, 0.0, 1.0],
                [0.381234, 0.763337, -0.521511, 0.124994, 0.837976, -0.047075, 0.543672, -0.002831, 0.390455, -0.644279, -0.657607, -1.2e-05, 0.0, 0.0, 0.0, 1.0],
                [0.4348, 0.756635, -0.488314, 0.124994, 0.81639, -0.102331, 0.568362, -0.002831, 0.380073, -0.645777, -0.662205, -1.2e-05, 0.0, 0.0, 0.0, 1.0],
                [0.511765, 0.74036, -0.435845, 0.124994, 0.777992, -0.184163, 0.600676, -0.002831, 0.36445, -0.646488, -0.670245, -1.2e-05, 0.0, 0.0, 0.0, 1.0],
                [0.600636, 0.710171, -0.367276, 0.124994, 0.721094, -0.282761, 0.632509, -0.002831, 0.345338, -0.644747, -0.681939, -1.2e-05, 0.0, 0.0, 0.0, 1.0],
                [0.689574, 0.664488, -0.287995, 0.124994, 0.647267, -0.3871, 0.656657, -0.002831, 0.324859, -0.639222, -0.697037, -1.2e-05, 0.0, 0.0, 0.0, 1.0],
                [0.768375, 0.606088, -0.205561, 0.124994, 0.562543, -0.486431, 0.668527, -0.002831, 0.305195, -0.629315, -0.714714, -1.2e-05, 0.0, 0.0, 0.0, 1.0],
                [0.830496, 0.542015, -0.128428, 0.124994, 0.476723, -0.572364, 0.667183, -0.002831, 0.288116, -0.615316, -0.73374, -1.2e-05, 0.0, 0.0, 0.0, 1.0],
                [0.873793, 0.482026, -0.064313, 0.124994, 0.401354, -0.64015, 0.655074, -0.002831, 0.274592, -0.59821, -0.752823, -1.2e-05, 0.0, 0.0, 0.0, 1.0],
                [0.899434, 0.43663, -0.019258, 0.124994, 0.347774, -0.688314, 0.636612, -0.002831, 0.264708, -0.579287, -0.770944, -1.2e-05, 0.0, 0.0, 0.0, 1.0],
                [0.909431, 0.415849, 0.002145, 0.124994, 0.326283, -0.716733, 0.616304, -0.002831, 0.257827, -0.559785, -0.787506, -1.2e-05, 0.0, 0.0, 0.0, 1.0],
                [0.912399, 0.409265, 0.005307, 0.124994, 0.325997, -0.734479, 0.595201, -0.002831, 0.247493, -0.541329, -0.80356, -1.2e-05, 0.0, 0.0, 0.0, 1.0],
                [0.916263, 0.400575, -0.001112, 0.124994, 0.3291, -0.751181, 0.572205, -0.002831, 0.228376, -0.524655, -0.820111, -1.2e-05, 0.0, 0.0, 0.0, 1.0],
                [0.92055, 0.390282, -0.016342, 0.124994, 0.334852, -0.766878, 0.547512, -0.002831, 0.201152, -0.509483, -0.836639, -1.2e-05, 0.0, 0.0, 0.0, 1.0],
                [0.924626, 0.378816, -0.039554, 0.124994, 0.342528, -0.78162, 0.521288, -0.002831, 0.166556, -0.495544, -0.852464, -1.2e-05, 0.0, 0.0, 0.0, 1.0],
                [0.927772, 0.366553, -0.069832, 0.124994, 0.351437, -0.795453, 0.493704, -0.002831, 0.12542, -0.482585, -0.866822, -1.2e-05, 0.0, 0.0, 0.0, 1.0],
                [0.929266, 0.35383, -0.10615, 0.124994, 0.360928, -0.808411, 0.464973, -0.002831, 0.078708, -0.470395, -0.878939, -1.2e-05, 0.0, 0.0, 0.0, 1.0],
                [0.928459, 0.340948, -0.147364, 0.124994, 0.370412, -0.820517, 0.435365, -0.002831, 0.027522, -0.458803, -0.888111, -1.2e-05, 0.0, 0.0, 0.0, 1.0],
                [0.924848, 0.328185, -0.192222, 0.124994, 0.379383, -0.831781, 0.405223, -0.002831, -0.026898, -0.447695, -0.893782, -1.2e-05, 0.0, 0.0, 0.0, 1.0],
                [0.918134, 0.315785, -0.239392, 0.124994, 0.387434, -0.8422, 0.374955, -0.002831, -0.083211, -0.437007, -0.895601, -1.2e-05, 0.0, 0.0, 0.0, 1.0],
                [0.908263, 0.303963, -0.287514, 0.124994, 0.394275, -0.851764, 0.345025, -0.002831, -0.14002, -0.426731, -0.893473, -1.2e-05, 0.0, 0.0, 0.0, 1.0],
                [0.895442, 0.292899, -0.335249, 0.124994, 0.39974, -0.860461, 0.315929, -0.002831, -0.195934, -0.416908, -0.88758, -1.2e-05, 0.0, 0.0, 0.0, 1.0],
                [0.880134, 0.282739, -0.381342, 0.124994, 0.403791, -0.868276, 0.288177, -0.002831, -0.249632, -0.407616, -0.87837, -1.2e-05, 0.0, 0.0, 0.0, 1.0],
                [0.863024, 0.27359, -0.424662, 0.124994, 0.406501, -0.875198, 0.262264, -0.002831, -0.299911, -0.398965, -0.866533, -1.2e-05, 0.0, 0.0, 0.0, 1.0],
                [0.844972, 0.265527, -0.464237, 0.124994, 0.408038, -0.881218, 0.238654, -0.002831, -0.345726, -0.391082, -0.852953, -1.2e-05, 0.0, 0.0, 0.0, 1.0],
                [0.826961, 0.2586, -0.499261, 0.124994, 0.408641, -0.886333, 0.217767, -0.002831, -0.386198, -0.384102, -0.83864, -1.2e-05, 0.0, 0.0, 0.0, 1.0],
                [0.810031, 0.25284, -0.529075, 0.124994, 0.408587, -0.890541, 0.199976, -0.002831, -0.420602, -0.378159, -0.824675, -1.2e-05, 0.0, 0.0, 0.0, 1.0],
                [0.795234, 0.248272, -0.55314, 0.124994, 0.408164, -0.893838, 0.185613, -0.002831, -0.448336, -0.373376, -0.812148, -1.2e-05, 0.0, 0.0, 0.0, 1.0],
                [0.78358, 0.244927, -0.570975, 0.124994, 0.407641, -0.896218, 0.174981, -0.002831, -0.468861, -0.369864, -0.802103, -1.2e-05, 0.0, 0.0, 0.0, 1.0],
                [0.776003, 0.242855, -0.582099, 0.124994, 0.407235, -0.897667, 0.168377, -0.002831, -0.481641, -0.367711, -0.795494, -1.2e-05, 0.0, 0.0, 0.0, 1.0],
                [0.773321, 0.242138, -0.585955, 0.124994, 0.407086, -0.898157, 0.166103, -0.002831, -0.486061, -0.366984, -0.793137, -1.2e-05, 0.0, 0.0, 0.0, 1.0],
                [0.773321, 0.242138, -0.585955, 0.124994, 0.407086, -0.898157, 0.166103, -0.002831, -0.486061, -0.366984, -0.793137, -1.2e-05, 0.0, 0.0, 0.0, 1.0],
                [0.773321, 0.242138, -0.585955, 0.124994, 0.407086, -0.898157, 0.166103, -0.002831, -0.486061, -0.366984, -0.793137, -1.2e-05, 0.0, 0.0, 0.0, 1.0],
                [0.773321, 0.242138, -0.585955, 0.124994, 0.407086, -0.898157, 0.166103, -0.002831, -0.486061, -0.366984, -0.793137, -1.2e-05, 0.0, 0.0, 0.0, 1.0],
                [0.773321, 0.242138, -0.585955, 0.124994, 0.407086, -0.898157, 0.166103, -0.002831, -0.486061, -0.366984, -0.793137, -1.2e-05, 0.0, 0.0, 0.0, 1.0],
                [0.773321, 0.242138, -0.585955, 0.124994, 0.407086, -0.898157, 0.166103, -0.002831, -0.486061, -0.366984, -0.793137, -1.2e-05, 0.0, 0.0, 0.0, 1.0],
                [0.773321, 0.242138, -0.585955, 0.124994, 0.407086, -0.898157, 0.166103, -0.002831, -0.486061, -0.366984, -0.793137, -1.2e-05, 0.0, 0.0, 0.0, 1.0],
                [0.773321, 0.242138, -0.585955, 0.124994, 0.407086, -0.898157, 0.166103, -0.002831, -0.486061, -0.366984, -0.793137, -1.2e-05, 0.0, 0.0, 0.0, 1.0],
                [0.773321, 0.242138, -0.585955, 0.124994, 0.407086, -0.898157, 0.166103, -0.002831, -0.486061, -0.366984, -0.793137, -1.2e-05, 0.0, 0.0, 0.0, 1.0],
                [0.773321, 0.242138, -0.585955, 0.124994, 0.407086, -0.898157, 0.166103, -0.002831, -0.486061, -0.366984, -0.793137, -1.2e-05, 0.0, 0.0, 0.0, 1.0],
                [0.773537, 0.242242, -0.585627, 0.124994, 0.407054, -0.898165, 0.166142, -0.002831, -0.485744, -0.366898, -0.793372, -1.2e-05, 0.0, 0.0, 0.0, 1.0],
                [0.774178, 0.242548, -0.584653, 0.124994, 0.406958, -0.898187, 0.166258, -0.002831, -0.484803, -0.366641, -0.794066, -1.2e-05, 0.0, 0.0, 0.0, 1.0],
                [0.775228, 0.243051, -0.58305, 0.124994, 0.4068, -0.898224, 0.166448, -0.002831, -0.483255, -0.366218, -0.795203, -1.2e-05, 0.0, 0.0, 0.0, 1.0],
                [0.776672, 0.243744, -0.580834, 0.124994, 0.406581, -0.898274, 0.166709, -0.002831, -0.481115, -0.365633, -0.796769, -1.2e-05, 0.0, 0.0, 0.0, 1.0],
                [0.778495, 0.244619, -0.57802, 0.124994, 0.406302, -0.898339, 0.167039, -0.002831, -0.478398, -0.364889, -0.798744, -1.2e-05, 0.0, 0.0, 0.0, 1.0],
                [0.780677, 0.245671, -0.57462, 0.124994, 0.405965, -0.898417, 0.167436, -0.002831, -0.475115, -0.363988, -0.80111, -1.2e-05, 0.0, 0.0, 0.0, 1.0],
                [0.783203, 0.24689, -0.570647, 0.124994, 0.405571, -0.89851, 0.167897, -0.002831, -0.471281, -0.362934, -0.803849, -1.2e-05, 0.0, 0.0, 0.0, 1.0],
                [0.786051, 0.248271, -0.566114, 0.124994, 0.40512, -0.898615, 0.168418, -0.002831, -0.466907, -0.361728, -0.806939, -1.2e-05, 0.0, 0.0, 0.0, 1.0],
                [0.789202, 0.249805, -0.561032, 0.124994, 0.404613, -0.898735, 0.168996, -0.002831, -0.462004, -0.360372, -0.81036, -1.2e-05, 0.0, 0.0, 0.0, 1.0],
                [0.792636, 0.251483, -0.555413, 0.124994, 0.404052, -0.898868, 0.16963, -0.002831, -0.456585, -0.358869, -0.81409, -1.2e-05, 0.0, 0.0, 0.0, 1.0],
                [0.796332, 0.253299, -0.549267, 0.124994, 0.403436, -0.899015, 0.170315, -0.002831, -0.45066, -0.35722, -0.818107, -1.2e-05, 0.0, 0.0, 0.0, 1.0],
                [0.800269, 0.255243, -0.542605, 0.124994, 0.402766, -0.899176, 0.171049, -0.002831, -0.44424, -0.355427, -0.822388, -1.2e-05, 0.0, 0.0, 0.0, 1.0],
                [0.804424, 0.257308, -0.535439, 0.124994, 0.402044, -0.899351, 0.171827, -0.002831, -0.437336, -0.353491, -0.82691, -1.2e-05, 0.0, 0.0, 0.0, 1.0],
                [0.808775, 0.259484, -0.52778, 0.124994, 0.40127, -0.899539, 0.172648, -0.002831, -0.42996, -0.351415, -0.83165, -1.2e-05, 0.0, 0.0, 0.0, 1.0],
                [0.8133, 0.261762, -0.519638, 0.124994, 0.400444, -0.899742, 0.173508, -0.002831, -0.422123, -0.349199, -0.836584, -1.2e-05, 0.0, 0.0, 0.0, 1.0],
                [0.817976, 0.264136, -0.511026, 0.124994, 0.399568, -0.899959, 0.174403, -0.002831, -0.413836, -0.346846, -0.841687, -1.2e-05, 0.0, 0.0, 0.0, 1.0],
                [0.82278, 0.266594, -0.501955, 0.124994, 0.398641, -0.900189, 0.175331, -0.002831, -0.405113, -0.344358, -0.846936, -1.2e-05, 0.0, 0.0, 0.0, 1.0],
                [0.827691, 0.269129, -0.49244, 0.124994, 0.397666, -0.900434, 0.176287, -0.002831, -0.395966, -0.341737, -0.852307, -1.2e-05, 0.0, 0.0, 0.0, 1.0],
                [0.832684, 0.271731, -0.482492, 0.124994, 0.396643, -0.900692, 0.177269, -0.002831, -0.386408, -0.338985, -0.857775, -1.2e-05, 0.0, 0.0, 0.0, 1.0],
                [0.837738, 0.274392, -0.472127, 0.124994, 0.395572, -0.900965, 0.178272, -0.002831, -0.376454, -0.336105, -0.863317, -1.2e-05, 0.0, 0.0, 0.0, 1.0],
                [0.84283, 0.277103, -0.461358, 0.124994, 0.394456, -0.901251, 0.179294, -0.002831, -0.366117, -0.333099, -0.868909, -1.2e-05, 0.0, 0.0, 0.0, 1.0],
                [0.847938, 0.279854, -0.450202, 0.124994, 0.393295, -0.901552, 0.180332, -0.002831, -0.355414, -0.329972, -0.874528, -1.2e-05, 0.0, 0.0, 0.0, 1.0],
                [0.853041, 0.282638, -0.438675, 0.124994, 0.392091, -0.901866, 0.181381, -0.002831, -0.344362, -0.326725, -0.880151, -1.2e-05, 0.0, 0.0, 0.0, 1.0],
                [0.858118, 0.285445, -0.426795, 0.124994, 0.390845, -0.902193, 0.182439, -0.002831, -0.332976, -0.323364, -0.885755, -1.2e-05, 0.0, 0.0, 0.0, 1.0],
                [0.863149, 0.288266, -0.41458, 0.124994, 0.389559, -0.902534, 0.183503, -0.002831, -0.321275, -0.319892, -0.89132, -1.2e-05, 0.0, 0.0, 0.0, 1.0],
                [0.868113, 0.291093, -0.402049, 0.124994, 0.388234, -0.902887, 0.184569, -0.002831, -0.309279, -0.316315, -0.896823, -1.2e-05, 0.0, 0.0, 0.0, 1.0],
                [0.872993, 0.293919, -0.389223, 0.124994, 0.386873, -0.903253, 0.185633, -0.002831, -0.297006, -0.312635, -0.902245, -1.2e-05, 0.0, 0.0, 0.0, 1.0],
                [0.87777, 0.296735, -0.376123, 0.124994, 0.385477, -0.903631, 0.186694, -0.002831, -0.284478, -0.30886, -0.907567, -1.2e-05, 0.0, 0.0, 0.0, 1.0],
                [0.882427, 0.299533, -0.36277, 0.124994, 0.384048, -0.904021, 0.187749, -0.002831, -0.271716, -0.304995, -0.91277, -1.2e-05, 0.0, 0.0, 0.0, 1.0],
                [0.886948, 0.302305, -0.349189, 0.124994, 0.382589, -0.904422, 0.188793, -0.002831, -0.258741, -0.301045, -0.917837, -1.2e-05, 0.0, 0.0, 0.0, 1.0],
                [0.89132, 0.305045, -0.335403, 0.124994, 0.381103, -0.904833, 0.189825, -0.002831, -0.245579, -0.297017, -0.922753, -1.2e-05, 0.0, 0.0, 0.0, 1.0],
                [0.895528, 0.307746, -0.321436, 0.124994, 0.37959, -0.905255, 0.190843, -0.002831, -0.232251, -0.292918, -0.927501, -1.2e-05, 0.0, 0.0, 0.0, 1.0],
                [0.89956, 0.310402, -0.307314, 0.124994, 0.378055, -0.905686, 0.191842, -0.002831, -0.218783, -0.288755, -0.93207, -1.2e-05, 0.0, 0.0, 0.0, 1.0],
                [0.903405, 0.313005, -0.293064, 0.124994, 0.3765, -0.906125, 0.192823, -0.002831, -0.205199, -0.284535, -0.936447, -1.2e-05, 0.0, 0.0, 0.0, 1.0],
                [0.907054, 0.315551, -0.278711, 0.124994, 0.374928, -0.906573, 0.193781, -0.002831, -0.191525, -0.280266, -0.940622, -1.2e-05, 0.0, 0.0, 0.0, 1.0],
                [0.910498, 0.318034, -0.264284, 0.124994, 0.373342, -0.907027, 0.194715, -0.002831, -0.177787, -0.275956, -0.944585, -1.2e-05, 0.0, 0.0, 0.0, 1.0],
                [0.913732, 0.32045, -0.24981, 0.124994, 0.371745, -0.907487, 0.195624, -0.002831, -0.164012, -0.271613, -0.948328, -1.2e-05, 0.0, 0.0, 0.0, 1.0],
                [0.916749, 0.322794, -0.235318, 0.124994, 0.370139, -0.907953, 0.196506, -0.002831, -0.150227, -0.267246, -0.951846, -1.2e-05, 0.0, 0.0, 0.0, 1.0],
                [0.919546, 0.325063, -0.220835, 0.124994, 0.368529, -0.908423, 0.197359, -0.002831, -0.136457, -0.262864, -0.955135, -1.2e-05, 0.0, 0.0, 0.0, 1.0],
                [0.922121, 0.327252, -0.20639, 0.124994, 0.366917, -0.908896, 0.198183, -0.002831, -0.122732, -0.258476, -0.95819, -1.2e-05, 0.0, 0.0, 0.0, 1.0],
                [0.924474, 0.32936, -0.192013, 0.124994, 0.365307, -0.909371, 0.198975, -0.002831, -0.109077, -0.25409, -0.96101, -1.2e-05, 0.0, 0.0, 0.0, 1.0],
                [0.926604, 0.331383, -0.177732, 0.124994, 0.363703, -0.909847, 0.199735, -0.002831, -0.09552, -0.249716, -0.963596, -1.2e-05, 0.0, 0.0, 0.0, 1.0],
                [0.928515, 0.33332, -0.163575, 0.124994, 0.362107, -0.910324, 0.200463, -0.002831, -0.082088, -0.245364, -0.96595, -1.2e-05, 0.0, 0.0, 0.0, 1.0],
