{
    "animation": [
        {
            "name": "Root",
            "time": [0.0, 0.0167, 0.0333, 0.05, 0.0667, 0.0833, 0.1, 0.1167, 0.1333, 0.15, 0.1667, 0.1833, 0.2, 0.2167, 0.2333, 0.25, 0.2667, 0.2833, 0.3, 0.3167, 0.3333, 0.35, 0.3667, 0.3833, 0.4, 0.4167, 0.4333, 0.45, 0.4667, 0.4833, 0.5, 0.5167, 0.5333, 0.55, 0.5667, 0.5833, 0.6, 0.6167, 0.6333, 0.65, 0.6667, 0.6833, 0.7, 0.7167, 0.7333, 0.75, 0.7667, 0.7833, 0.8, 0.8167, 0.8333, 0.85, 0.8667, 0.8833, 0.9, 0.9167, 0.9333, 0.95, 0.9667, 0.9833, 1.0, 1.0167, 1.0333, 1.05, 1.0667, 1.0833, 1.1, 1.1167, 1.1333, 1.15, 1.1667, 1.1833, 1.2, 1.2167, 1.2333, 1.25, 1.2667, 1.2833, 1.3, 1.3167, 1.3333, 1.35, 1.3667, 1.3833, 1.4, 1.4167, 1.4333, 1.45, 1.4667, 1.4833, 1.5, 1.5167, 1.5333, 1.55, 1.5667, 1.5833, 1.6, 1.6167, 1.6333, 1.65, 1.6667, 1.6833, 1.7, 1.7167, 1.7333, 1.75, 1.7667, 1.7833, 1.8, 1.8167, 1.8333, 1.85, 1.8667, 1.8833, 1.9, 1.9167, 1.9333, 1.95, 1.9667, 1.9833, 2.0, 2.0167, 2.0333, 2.05, 2.0667, 2.0833, 2.1, 2.1167, 2.1333, 2.15, 2.1667, 2.1833, 2.2, 2.2167, 2.2333, 2.25, 2.2667, 2.2833, 2.3, 2.3167, 2.3333, 2.35, 2.3667, 2.3833, 2.4, 2.4167, 2.4333, 2.45, 2.4667, 2.4833, 2.5, 2.5167, 2.5333, 2.55, 2.5667, 2.5833, 2.6, 2.6167, 2.6333, 2.65],
            "transform": [
                [-0.788681, 0.0, 0.614803, -0.062176, 0.614803, 0.0, 0.788681, 0.000946, 0.0, 1.0, 0.0, 0.502239, 0.0, 0.0, 0.0, 1.0],
                [-0.776689, 0.0, 0.629884, -0.063862, 0.629884, 0.0, 0.776689, 0.000985, 0.0, 1.0, 0.0, 0.504946, 0.0, 0.0, 0.0, 1.0],
                [-0.740819, 0.0, 0.671705, -0.068801, 0.671705, 0.0, 0.740819, 0.001253, 0.0, 1.0, 0.0, 0.512563, 0.0, 0.0, 0.0, 1.0],
                [-0.679176, 0.0, 0.733976, -0.076811, 0.733976, 0.0, 0.679176, 0.00198, 0.0, 1.0, 0.0, 0.524336, 0.0, 0.0, 0.0, 1.0],
                [-0.588748, 0.0, 0.808317, -0.087714, 0.808317, 0.0, 0.588748, 0.003396, 0.0, 1.0, 0.0, 0.539508, 0.0, 0.0, 0.0, 1.0],
                [-0.46769, 0.0, 0.883893, -0.101329, 0.883893, 0.0, 0.46769, 0.00573, 0.0, 1.0, 0.0, 0.557323, 0.0, 0.0, 0.0, 1.0],
                [-0.317798, 0.0, 0.948159, -0.117476, 0.948159, 0.0, 0.317798, 0.009212, 0.0, 1.0, 0.0, 0.577028, 0.0, 0.0, 0.0, 1.0],
                [-0.14629, 0.0, 0.989242, -0.135975, 0.989242, 0.0, 0.14629, 0.014072, 0.0, 1.0, 0.0, 0.597866, 0.0, 0.0, 0.0, 1.0],
                [0.03441, 0.0, 0.999408, -0.156646, 0.999408, 0.0, -0.03441, 0.020539, 0.0, 1.0, 0.0, 0.619081, 0.0, 0.0, 0.0, 1.0],
                [0.209444, 0.0, 0.977821, -0.179308, 0.977821, 0.0, -0.209444, 0.028844, 0.0, 1.0, 0.0, 0.639919, 0.0, 0.0, 0.0, 1.0],
                [0.365599, 0.0, 0.930773, -0.203782, 0.930773, 0.0, -0.365599, 0.039214, 0.0, 1.0, 0.0, 0.659624, 0.0, 0.0, 0.0, 1.0],
                [0.49437, 0.0, 0.869252, -0.229887, 0.869252, 0.0, -0.49437, 0.051881, 0.0, 1.0, 0.0, 0.67744, 0.0, 0.0, 0.0, 1.0],
                [0.592565, 0.0, 0.805523, -0.257443, 0.805523, 0.0, -0.592565, 0.067073, 0.0, 1.0, 0.0, 0.692612, 0.0, 0.0, 0.0, 1.0],
                [0.660803, 0.0, 0.750559, -0.286271, 0.750559, 0.0, -0.660803, 0.085021, 0.0, 1.0, 0.0, 0.704384, 0.0, 0.0, 0.0, 1.0],
                [0.701138, 0.0, 0.713025, -0.31619, 0.713025, 0.0, -0.701138, 0.105953, 0.0, 1.0, 0.0, 0.712002, 0.0, 0.0, 0.0, 1.0],
                [0.714746, 0.0, 0.699384, -0.34702, 0.699384, 0.0, -0.714746, 0.1301, 0.0, 1.0, 0.0, 0.714709, 0.0, 0.0, 0.0, 1.0],
                [0.664009, 0.0, 0.747725, -0.378145, 0.747725, 0.0, -0.664009, 0.190139, 0.0, 1.0, 0.0, 0.699993, 0.0, 0.0, 0.0, 1.0],
                [0.528306, 0.0, 0.849054, -0.407211, 0.849054, 0.0, -0.528306, 0.295954, 0.0, 1.0, 0.0, 0.6649, 0.0, 0.0, 0.0, 1.0],
                [0.345243, 0.0, 0.938513, -0.431428, 0.938513, 0.0, -0.345243, 0.413583, 0.0, 1.0, 0.0, 0.623016, 0.0, 0.0, 0.0, 1.0],
                [0.181915, 0.0, 0.983314, -0.448004, 0.983314, 0.0, -0.181915, 0.509065, 0.0, 1.0, 0.0, 0.587924, 0.0, 0.0, 0.0, 1.0],
                [0.112601, 0.0, 0.99364, -0.454149, 0.99364, 0.0, -0.112601, 0.548439, 0.0, 1.0, 0.0, 0.573208, 0.0, 0.0, 0.0, 1.0],
                [0.112601, 0.0, 0.99364, -0.454149, 0.99364, 0.0, -0.112601, 0.548439, 0.0, 1.0, 0.0, 0.573208, 0.0, 0.0, 0.0, 1.0],
                [0.112601, 0.0, 0.99364, -0.454149, 0.99364, 0.0, -0.112601, 0.548439, 0.0, 1.0, 0.0, 0.573208, 0.0, 0.0, 0.0, 1.0],
                [0.112601, 0.0, 0.99364, -0.454149, 0.99364, 0.0, -0.112601, 0.548439, 0.0, 1.0, 0.0, 0.573208, 0.0, 0.0, 0.0, 1.0],
                [0.116263, 0.0, 0.993218, -0.453402, 0.993218, 0.0, -0.116263, 0.546401, 0.0, 1.0, 0.0, 0.576012, 0.0, 0.0, 0.0, 1.0],
                [0.126758, 0.0, 0.991934, -0.451337, 0.991934, 0.0, -0.126758, 0.540765, 0.0, 1.0, 0.0, 0.583766, 0.0, 0.0, 0.0, 1.0],
                [0.143366, 0.0, 0.98967, -0.448218, 0.98967, 0.0, -0.143366, 0.53225, 0.0, 1.0, 0.0, 0.595479, 0.0, 0.0, 0.0, 1.0],
                [0.165351, 0.0, 0.986235, -0.444307, 0.986235, 0.0, -0.165351, 0.521578, 0.0, 1.0, 0.0, 0.610161, 0.0, 0.0, 0.0, 1.0],
                [0.191932, 0.0, 0.981408, -0.439869, 0.981408, 0.0, -0.191932, 0.509466, 0.0, 1.0, 0.0, 0.626824, 0.0, 0.0, 0.0, 1.0],
                [0.22225, 0.0, 0.97499, -0.435168, 0.97499, 0.0, -0.22225, 0.496634, 0.0, 1.0, 0.0, 0.644476, 0.0, 0.0, 0.0, 1.0],
                [0.255359, 0.0, 0.966846, -0.430467, 0.966846, 0.0, -0.255359, 0.483803, 0.0, 1.0, 0.0, 0.662127, 0.0, 0.0, 0.0, 1.0],
                [0.290223, 0.0, 0.956959, -0.426029, 0.956959, 0.0, -0.290223, 0.471691, 0.0, 1.0, 0.0, 0.67879, 0.0, 0.0, 0.0, 1.0],
                [0.325738, 0.0, 0.94546, -0.422118, 0.94546, 0.0, -0.325738, 0.461018, 0.0, 1.0, 0.0, 0.693472, 0.0, 0.0, 0.0, 1.0],
                [0.360765, 0.0, 0.932657, -0.418999, 0.932657, 0.0, -0.360765, 0.452504, 0.0, 1.0, 0.0, 0.705185, 0.0, 0.0, 0.0, 1.0],
                [0.394174, 0.0, 0.919036, -0.416934, 0.919036, 0.0, -0.394174, 0.446868, 0.0, 1.0, 0.0, 0.712939, 0.0, 0.0, 0.0, 1.0],
                [0.424895, 0.0, 0.905243, -0.416187, 0.905243, 0.0, -0.424895, 0.444829, 0.0, 1.0, 0.0, 0.715743, 0.0, 0.0, 0.0, 1.0],
                [0.452851, 0.0, 0.891586, -0.420858, 0.891586, 0.0, -0.452851, 0.445103, 0.0, 1.0, 0.0, 0.715743, 0.0, 0.0, 0.0, 1.0],
                [0.481537, 0.0, 0.876426, -0.433537, 0.876426, 0.0, -0.481537, 0.447018, 0.0, 1.0, 0.0, 0.715743, 0.0, 0.0, 0.0, 1.0],
                [0.51511, 0.0, 0.857124, -0.452222, 0.857124, 0.0, -0.51511, 0.452217, 0.0, 1.0, 0.0, 0.715743, 0.0, 0.0, 0.0, 1.0],
                [0.557377, 0.0, 0.830259, -0.474911, 0.830259, 0.0, -0.557377, 0.462341, 0.0, 1.0, 0.0, 0.715743, 0.0, 0.0, 0.0, 1.0],
                [0.61165, 0.0, 0.791129, -0.499602, 0.791129, 0.0, -0.61165, 0.479033, 0.0, 1.0, 0.0, 0.715743, 0.0, 0.0, 0.0, 1.0],
                [0.680289, 0.0, 0.732944, -0.524293, 0.732944, 0.0, -0.680289, 0.503932, 0.0, 1.0, 0.0, 0.715743, 0.0, 0.0, 0.0, 1.0],
                [0.763542, 0.0, 0.645758, -0.546982, 0.645758, 0.0, -0.763542, 0.538683, 0.0, 1.0, 0.0, 0.715743, 0.0, 0.0, 0.0, 1.0],
                [0.856863, 0.0, 0.515545, -0.565667, 0.515545, 0.0, -0.856863, 0.584926, 0.0, 1.0, 0.0, 0.715743, 0.0, 0.0, 0.0, 1.0],
                [0.945727, 0.0, 0.324961, -0.578346, 0.324961, 0.0, -0.945727, 0.644302, 0.0, 1.0, 0.0, 0.715743, 0.0, 0.0, 0.0, 1.0],
                [0.998207, 0.0, 0.05986, -0.583017, 0.05986, 0.0, -0.998207, 0.718455, 0.0, 1.0, 0.0, 0.715743, 0.0, 0.0, 0.0, 1.0],
                [0.952234, 0.0, -0.305369, -0.583017, -0.305369, 0.0, -0.952234, 0.843721, 0.0, 1.0, 0.0, 0.693413, 0.0, 0.0, 0.0, 1.0],
                [0.706174, 0.0, -0.708038, -0.583017, -0.708038, 0.0, -0.706174, 1.027604, 0.0, 1.0, 0.0, 0.640165, 0.0, 0.0, 0.0, 1.0],
                [0.284747, 0.0, -0.958603, -0.583017, -0.958603, 0.0, -0.284747, 1.22849, 0.0, 1.0, 0.0, 0.576611, 0.0, 0.0, 0.0, 1.0],
                [-0.109738, 0.0, -0.993961, -0.583017, -0.993961, 0.0, 0.109738, 1.404768, 0.0, 1.0, 0.0, 0.523363, 0.0, 0.0, 0.0, 1.0],
                [-0.325393, 0.0, -0.945579, -0.583017, -0.945579, 0.0, 0.325393, 1.514827, 0.0, 1.0, 0.0, 0.501033, 0.0, 0.0, 0.0, 1.0],
                [-0.424917, 0.0, -0.905232, -0.583017, -0.905232, 0.0, 0.424917, 1.573793, 0.0, 1.0, 0.0, 0.501033, 0.0, 0.0, 0.0, 1.0],
                [-0.508027, 0.0, -0.861341, -0.583017, -0.861341, 0.0, 0.508027, 1.62491, 0.0, 1.0, 0.0, 0.501033, 0.0, 0.0, 0.0, 1.0],
                [-0.576007, 0.0, -0.817445, -0.583017, -0.817445, 0.0, 0.576007, 1.668737, 0.0, 1.0, 0.0, 0.501033, 0.0, 0.0, 0.0, 1.0],
                [-0.630642, 0.0, -0.776074, -0.583017, -0.776074, 0.0, 0.630642, 1.705837, 0.0, 1.0, 0.0, 0.501033, 0.0, 0.0, 0.0, 1.0],
                [-0.673864, 0.0, -0.738856, -0.583017, -0.738856, 0.0, 0.673864, 1.736768, 0.0, 1.0, 0.0, 0.501033, 0.0, 0.0, 0.0, 1.0],
                [-0.707526, 0.0, -0.706687, -0.583017, -0.706687, 0.0, 0.707526, 1.762093, 0.0, 1.0, 0.0, 0.501033, 0.0, 0.0, 0.0, 1.0],
                [-0.733293, 0.0, -0.679913, -0.583017, -0.679913, 0.0, 0.733293, 1.782372, 0.0, 1.0, 0.0, 0.501033, 0.0, 0.0, 0.0, 1.0],
                [-0.752597, 0.0, -0.658481, -0.583017, -0.658481, 0.0, 0.752597, 1.798164, 0.0, 1.0, 0.0, 0.501033, 0.0, 0.0, 0.0, 1.0],
                [-0.766653, 0.0, -0.642062, -0.583017, -0.642062, 0.0, 0.766653, 1.810032, 0.0, 1.0, 0.0, 0.501033, 0.0, 0.0, 0.0, 1.0],
                [-0.776481, 0.0, -0.630141, -0.583017, -0.630141, 0.0, 0.776481, 1.818536, 0.0, 1.0, 0.0, 0.501033, 0.0, 0.0, 0.0, 1.0],
                [-0.782955, 0.0, -0.622079, -0.583017, -0.622079, 0.0, 0.782955, 1.824236, 0.0, 1.0, 0.0, 0.501033, 0.0, 0.0, 0.0, 1.0],
                [-0.786836, 0.0, -0.617162, -0.583017, -0.617162, 0.0, 0.786836, 1.827694, 0.0, 1.0, 0.0, 0.501033, 0.0, 0.0, 0.0, 1.0],
                [-0.788816, 0.0, -0.614629, -0.583017, -0.614629, 0.0, 0.788816, 1.82947, 0.0, 1.0, 0.0, 0.501033, 0.0, 0.0, 0.0, 1.0],
                [-0.789543, 0.0, -0.613695, -0.583017, -0.613695, 0.0, 0.789543, 1.830124, 0.0, 1.0, 0.0, 0.501033, 0.0, 0.0, 0.0, 1.0],
                [-0.789647, 0.0, -0.613562, -0.583017, -0.613562, 0.0, 0.789647, 1.830217, 0.0, 1.0, 0.0, 0.501033, 0.0, 0.0, 0.0, 1.0],
                [-0.789647, 0.0, -0.613562, -0.583017, -0.613562, 0.0, 0.789647, 1.830217, 0.0, 1.0, 0.0, 0.501033, 0.0, 0.0, 0.0, 1.0],
                [-0.789647, 0.0, -0.613562, -0.583017, -0.613562, 0.0, 0.789647, 1.830217, 0.0, 1.0, 0.0, 0.501033, 0.0, 0.0, 0.0, 1.0],
                [-0.789647, 0.0, -0.613562, -0.583017, -0.613562, 0.0, 0.789647, 1.830217, 0.0, 1.0, 0.0, 0.501033, 0.0, 0.0, 0.0, 1.0],
                [-0.789647, 0.0, -0.613562, -0.583017, -0.613562, 0.0, 0.789647, 1.830217, 0.0, 1.0, 0.0, 0.501033, 0.0, 0.0, 0.0, 1.0],
                [-0.789647, 0.0, -0.613562, -0.583017, -0.613562, 0.0, 0.789647, 1.830217, 0.0, 1.0, 0.0, 0.501033, 0.0, 0.0, 0.0, 1.0],
                [-0.789647, 0.0, -0.613562, -0.583017, -0.613562, 0.0, 0.789647, 1.830217, 0.0, 1.0, 0.0, 0.501033, 0.0, 0.0, 0.0, 1.0],
                [-0.789647, 0.0, -0.613562, -0.583017, -0.613562, 0.0, 0.789647, 1.830217, 0.0, 1.0, 0.0, 0.501033, 0.0, 0.0, 0.0, 1.0],
                [-0.789647, 0.0, -0.613562, -0.583017, -0.613562, 0.0, 0.789647, 1.830217, 0.0, 1.0, 0.0, 0.501033, 0.0, 0.0, 0.0, 1.0],
                [-0.789647, 0.0, -0.613562, -0.583017, -0.613562, 0.0, 0.789647, 1.830217, 0.0, 1.0, 0.0, 0.501033, 0.0, 0.0, 0.0, 1.0],
                [-0.789647, 0.0, -0.613562, -0.583017, -0.613562, 0.0, 0.789647, 1.830217, 0.0, 1.0, 0.0, 0.501033, 0.0, 0.0, 0.0, 1.0],
                [-0.789647, 0.0, -0.613562, -0.583017, -0.613562, 0.0, 0.789647, 1.830217, 0.0, 1.0, 0.0, 0.501033, 0.0, 0.0, 0.0, 1.0],
                [-0.789647, 0.0, -0.613562, -0.583017, -0.613562, 0.0, 0.789647, 1.830217, 0.0, 1.0, 0.0, 0.501033, 0.0, 0.0, 0.0, 1.0],
                [-0.789647, 0.0, -0.613562, -0.583017, -0.613562, 0.0, 0.789647, 1.830217, 0.0, 1.0, 0.0, 0.501033, 0.0, 0.0, 0.0, 1.0],
                [-0.789647, 0.0, -0.613562, -0.583017, -0.613562, 0.0, 0.789647, 1.830217, 0.0, 1.0, 0.0, 0.501033, 0.0, 0.0, 0.0, 1.0],
                [-0.789647, 0.0, -0.613562, -0.583017, -0.613562, 0.0, 0.789647, 1.830217, 0.0, 1.0, 0.0, 0.501033, 0.0, 0.0, 0.0, 1.0],
                [-0.789255, 0.0, -0.614066, -0.583017, -0.614066, 0.0, 0.789255, 1.830436, 0.0, 1.0, 0.0, 0.501131, 0.0, 0.0, 0.0, 1.0],
                [-0.788089, 0.0, -0.615561, -0.583017, -0.615561, 0.0, 0.788089, 1.831084, 0.0, 1.0, 0.0, 0.50142, 0.0, 0.0, 0.0, 1.0],
                [-0.786163, 0.0, -0.618019, -0.583017, -0.618019, 0.0, 0.786163, 1.83215, 0.0, 1.0, 0.0, 0.501895, 0.0, 0.0, 0.0, 1.0],
                [-0.783485, 0.0, -0.621411, -0.583017, -0.621411, 0.0, 0.783485, 1.833622, 0.0, 1.0, 0.0, 0.502552, 0.0, 0.0, 0.0, 1.0],
                [-0.78006, 0.0, -0.625705, -0.583017, -0.625705, 0.0, 0.78006, 1.835491, 0.0, 1.0, 0.0, 0.503386, 0.0, 0.0, 0.0, 1.0],
                [-0.775889, 0.0, -0.63087, -0.583017, -0.63087, 0.0, 0.775889, 1.837745, 0.0, 1.0, 0.0, 0.504391, 0.0, 0.0, 0.0, 1.0],
                [-0.77097, 0.0, -0.636872, -0.583017, -0.636872, 0.0, 0.77097, 1.840372, 0.0, 1.0, 0.0, 0.505563, 0.0, 0.0, 0.0, 1.0],
                [-0.765298, 0.0, -0.643676, -0.583017, -0.643676, 0.0, 0.765298, 1.843362, 0.0, 1.0, 0.0, 0.506896, 0.0, 0.0, 0.0, 1.0],
                [-0.758867, 0.0, -0.651245, -0.583017, -0.651245, 0.0, 0.758867, 1.846702, 0.0, 1.0, 0.0, 0.508387, 0.0, 0.0, 0.0, 1.0],
                [-0.751668, 0.0, -0.659542, -0.583017, -0.659542, 0.0, 0.751668, 1.850384, 0.0, 1.0, 0.0, 0.510029, 0.0, 0.0, 0.0, 1.0],
                [-0.74369, 0.0, -0.668525, -0.583017, -0.668525, 0.0, 0.74369, 1.854393, 0.0, 1.0, 0.0, 0.511817, 0.0, 0.0, 0.0, 1.0],
                [-0.734921, 0.0, -0.678153, -0.583017, -0.678153, 0.0, 0.734921, 1.858721, 0.0, 1.0, 0.0, 0.513748, 0.0, 0.0, 0.0, 1.0],
                [-0.725349, 0.0, -0.688381, -0.583017, -0.688381, 0.0, 0.725349, 1.863356, 0.0, 1.0, 0.0, 0.515815, 0.0, 0.0, 0.0, 1.0],
                [-0.71496, 0.0, -0.699165, -0.583017, -0.699165, 0.0, 0.71496, 1.868286, 0.0, 1.0, 0.0, 0.518014, 0.0, 0.0, 0.0, 1.0],
                [-0.703742, 0.0, -0.710455, -0.583017, -0.710455, 0.0, 0.703742, 1.8735, 0.0, 1.0, 0.0, 0.52034, 0.0, 0.0, 0.0, 1.0],
                [-0.691682, 0.0, -0.722202, -0.583017, -0.722202, 0.0, 0.691682, 1.878988, 0.0, 1.0, 0.0, 0.522788, 0.0, 0.0, 0.0, 1.0],
                [-0.678768, 0.0, -0.734353, -0.583017, -0.734353, 0.0, 0.678768, 1.884737, 0.0, 1.0, 0.0, 0.525353, 0.0, 0.0, 0.0, 1.0],
                [-0.664989, 0.0, -0.746853, -0.583017, -0.746853, 0.0, 0.664989, 1.890738, 0.0, 1.0, 0.0, 0.528029, 0.0, 0.0, 0.0, 1.0],
                [-0.650336, 0.0, -0.759647, -0.583017, -0.759647, 0.0, 0.650336, 1.896978, 0.0, 1.0, 0.0, 0.530813, 0.0, 0.0, 0.0, 1.0],
                [-0.634802, 0.0, -0.772675, -0.583017, -0.772675, 0.0, 0.634802, 1.903447, 0.0, 1.0, 0.0, 0.533699, 0.0, 0.0, 0.0, 1.0],
                [-0.618383, 0.0, -0.785877, -0.583017, -0.785877, 0.0, 0.618383, 1.910134, 0.0, 1.0, 0.0, 0.536681, 0.0, 0.0, 0.0, 1.0],
                [-0.601075, 0.0, -0.799192, -0.583017, -0.799192, 0.0, 0.601075, 1.917026, 0.0, 1.0, 0.0, 0.539756, 0.0, 0.0, 0.0, 1.0],
                [-0.582882, 0.0, -0.812556, -0.583017, -0.812556, 0.0, 0.582882, 1.924114, 0.0, 1.0, 0.0, 0.542917, 0.0, 0.0, 0.0, 1.0],
                [-0.563809, 0.0, -0.825905, -0.583017, -0.825905, 0.0, 0.563809, 1.931386, 0.0, 1.0, 0.0, 0.546161, 0.0, 0.0, 0.0, 1.0],
                [-0.543864, 0.0, -0.839173, -0.583017, -0.839173, 0.0, 0.543864, 1.938831, 0.0, 1.0, 0.0, 0.549482, 0.0, 0.0, 0.0, 1.0],
                [-0.523061, 0.0, -0.852295, -0.583017, -0.852295, 0.0, 0.523061, 1.946437, 0.0, 1.0, 0.0, 0.552875, 0.0, 0.0, 0.0, 1.0],
                [-0.501418, 0.0, -0.865205, -0.583017, -0.865205, 0.0, 0.501418, 1.954194, 0.0, 1.0, 0.0, 0.556335, 0.0, 0.0, 0.0, 1.0],
                [-0.478957, 0.0, -0.877838, -0.583017, -0.877838, 0.0, 0.478957, 1.96209, 0.0, 1.0, 0.0, 0.559857, 0.0, 0.0, 0.0, 1.0],
                [-0.455707, 0.0, -0.89013, -0.583017, -0.89013, 0.0, 0.455707, 1.970115, 0.0, 1.0, 0.0, 0.563437, 0.0, 0.0, 0.0, 1.0],
                [-0.4317, 0.0, -0.902018, -0.583017, -0.902018, 0.0, 0.4317, 1.978257, 0.0, 1.0, 0.0, 0.567069, 0.0, 0.0, 0.0, 1.0],
                [-0.406972, 0.0, -0.91344, -0.583017, -0.91344, 0.0, 0.406972, 1.986504, 0.0, 1.0, 0.0, 0.570748, 0.0, 0.0, 0.0, 1.0],
                [-0.381569, 0.0, -0.924341, -0.583017, -0.924341, 0.0, 0.381569, 1.994846, 0.0, 1.0, 0.0, 0.574469, 0.0, 0.0, 0.0, 1.0],
                [-0.355536, 0.0, -0.934663, -0.583017, -0.934663, 0.0, 0.355536, 2.003273, 0.0, 1.0, 0.0, 0.578228, 0.0, 0.0, 0.0, 1.0],
                [-0.328925, 0.0, -0.944356, -0.583017, -0.944356, 0.0, 0.328925, 2.011771, 0.0, 1.0, 0.0, 0.582018, 0.0, 0.0, 0.0, 1.0],
                [-0.301795, 0.0, -0.953373, -0.583017, -0.953373, 0.0, 0.301795, 2.020331, 0.0, 1.0, 0.0, 0.585837, 0.0, 0.0, 0.0, 1.0],
                [-0.274204, 0.0, -0.961671, -0.583017, -0.961671, 0.0, 0.274204, 2.028941, 0.0, 1.0, 0.0, 0.589677, 0.0, 0.0, 0.0, 1.0],
                [-0.246218, 0.0, -0.969214, -0.583017, -0.969214, 0.0, 0.246218, 2.037591, 0.0, 1.0, 0.0, 0.593535, 0.0, 0.0, 0.0, 1.0],
                [-0.217904, 0.0, -0.97597, -0.583017, -0.97597, 0.0, 0.217904, 2.046267, 0.0, 1.0, 0.0, 0.597406, 0.0, 0.0, 0.0, 1.0],
                [-0.189332, 0.0, -0.981913, -0.583017, -0.981913, 0.0, 0.189332, 2.054961, 0.0, 1.0, 0.0, 0.601284, 0.0, 0.0, 0.0, 1.0],
                [-0.160574, 0.0, -0.987024, -0.583017, -0.987024, 0.0, 0.160574, 2.06366, 0.0, 1.0, 0.0, 0.605164, 0.0, 0.0, 0.0, 1.0],
                [-0.131704, 0.0, -0.991289, -0.583017, -0.991289, 0.0, 0.131704, 2.072354, 0.0, 1.0, 0.0, 0.609042, 0.0, 0.0, 0.0, 1.0],
                [-0.102796, 0.0, -0.994703, -0.583017, -0.994703, 0.0, 0.102796, 2.081031, 0.0, 1.0, 0.0, 0.612913, 0.0, 0.0, 0.0, 1.0],
                [-0.073925, 0.0, -0.997264, -0.583017, -0.997264, 0.0, 0.073925, 2.08968, 0.0, 1.0, 0.0, 0.616771, 0.0, 0.0, 0.0, 1.0],
                [-0.045165, 0.0, -0.99898, -0.583017, -0.99898, 0.0, 0.045165, 2.09829, 0.0, 1.0, 0.0, 0.620612, 0.0, 0.0, 0.0, 1.0],
                [-0.016588, 0.0, -0.999862, -0.583017, -0.999862, 0.0, 0.016588, 2.10685, 0.0, 1.0, 0.0, 0.62443, 0.0, 0.0, 0.0, 1.0],
                [0.011732, 0.0, -0.999931, -0.583017, -0.999931, 0.0, -0.011732, 2.115349, 0.0, 1.0, 0.0, 0.628221, 0.0, 0.0, 0.0, 1.0],
                [0.039728, 0.0, -0.999211, -0.583017, -0.999211, 0.0, -0.039728, 2.123775, 0.0, 1.0, 0.0, 0.631979, 0.0, 0.0, 0.0, 1.0],
                [0.067331, 0.0, -0.997731, -0.583017, -0.997731, 0.0, -0.067331, 2.132117, 0.0, 1.0, 0.0, 0.635701, 0.0, 0.0, 0.0, 1.0],
                [0.09448, 0.0, -0.995527, -0.583017, -0.995527, 0.0, -0.09448, 2.140365, 0.0, 1.0, 0.0, 0.63938, 0.0, 0.0, 0.0, 1.0],
                [0.121114, 0.0, -0.992639, -0.583017, -0.992639, 0.0, -0.121114, 2.148506, 0.0, 1.0, 0.0, 0.643011, 0.0, 0.0, 0.0, 1.0],
                [0.147175, 0.0, -0.98911, -0.583017, -0.98911, 0.0, -0.147175, 2.156531, 0.0, 1.0, 0.0, 0.646591, 0.0, 0.0, 0.0, 1.0],
                [0.172613, 0.0, -0.98499, -0.583017, -0.98499, 0.0, -0.172613, 2.164427, 0.0, 1.0, 0.0, 0.650113, 0.0, 0.0, 0.0, 1.0],
                [0.197379, 0.0, -0.980327, -0.583017, -0.980327, 0.0, -0.197379, 2.172184, 0.0, 1.0, 0.0, 0.653573, 0.0, 0.0, 0.0, 1.0],
                [0.22143, 0.0, -0.975176, -0.583017, -0.975176, 0.0, -0.22143, 2.179791, 0.0, 1.0, 0.0, 0.656966, 0.0, 0.0, 0.0, 1.0],
                [0.244725, 0.0, -0.969593, -0.583017, -0.969593, 0.0, -0.244725, 2.187235, 0.0, 1.0, 0.0, 0.660287, 0.0, 0.0, 0.0, 1.0],
                [0.26723, 0.0, -0.963633, -0.583017, -0.963633, 0.0, -0.26723, 2.194507, 0.0, 1.0, 0.0, 0.663531, 0.0, 0.0, 0.0, 1.0],
                [0.288913, 0.0, -0.957355, -0.583017, -0.957355, 0.0, -0.288913, 2.201595, 0.0, 1.0, 0.0, 0.666693, 0.0, 0.0, 0.0, 1.0],
                [0.309748, 0.0, -0.950819, -0.583017, -0.950819, 0.0, -0.309748, 2.208488, 0.0, 1.0, 0.0, 0.669767, 0.0, 0.0, 0.0, 1.0],
                [0.329712, 0.0, -0.944082, -0.583017, -0.944082, 0.0, -0.329712, 2.215174, 0.0, 1.0, 0.0, 0.67275, 0.0, 0.0, 0.0, 1.0],
                [0.348783, 0.0, -0.937203, -0.583017, -0.937203, 0.0, -0.348783, 2.221643, 0.0, 1.0, 0.0, 0.675635, 0.0, 0.0, 0.0, 1.0],
                [0.366947, 0.0, -0.930242, -0.583017, -0.930242, 0.0, -0.366947, 2.227883, 0.0, 1.0, 0.0, 0.678419, 0.0, 0.0, 0.0, 1.0],
                [0.384189, 0.0, -0.923255, -0.583017, -0.923255, 0.0, -0.384189, 2.233884, 0.0, 1.0, 0.0, 0.681096, 0.0, 0.0, 0.0, 1.0],
                [0.400499, 0.0, -0.916297, -0.583017, -0.916297, 0.0, -0.400499, 2.239633, 0.0, 1.0, 0.0, 0.68366, 0.0, 0.0, 0.0, 1.0],
                [0.415868, 0.0, -0.909425, -0.583017, -0.909425, 0.0, -0.415868, 2.245121, 0.0, 1.0, 0.0, 0.686108, 0.0, 0.0, 0.0, 1.0],
                [0.430289, 0.0, -0.902691, -0.583017, -0.902691, 0.0, -0.430289, 2.250335, 0.0, 1.0, 0.0, 0.688434, 0.0, 0.0, 0.0, 1.0],
                [0.443757, 0.0, -0.896147, -0.583017, -0.896147, 0.0, -0.443757, 2.255265, 0.0, 1.0, 0.0, 0.690633, 0.0, 0.0, 0.0, 1.0],
                [0.456267, 0.0, -0.889843, -0.583017, -0.889843, 0.0, -0.456267, 2.2599, 0.0, 1.0, 0.0, 0.6927, 0.0, 0.0, 0.0, 1.0],
                [0.467816, 0.0, -0.883826, -0.583017, -0.883826, 0.0, -0.467816, 2.264228, 0.0, 1.0, 0.0, 0.694631, 0.0, 0.0, 0.0, 1.0],
                [0.478401, 0.0, -0.878141, -0.583017, -0.878141, 0.0, -0.478401, 2.268238, 0.0, 1.0, 0.0, 0.69642, 0.0, 0.0, 0.0, 1.0],
                [0.488018, 0.0, -0.872834, -0.583017, -0.872834, 0.0, -0.488018, 2.271919, 0.0, 1.0, 0.0, 0.698062, 0.0, 0.0, 0.0, 1.0],
                [0.496663, 0.0, -0.867943, -0.583017, -0.867943, 0.0, -0.496663, 2.275259, 0.0, 1.0, 0.0, 0.699552, 0.0, 0.0, 0.0, 1.0],
                [0.504332, 0.0, -0.86351, -0.583017, -0.86351, 0.0, -0.504332, 2.278249, 0.0, 1.0, 0.0, 0.700885, 0.0, 0.0, 0.0, 1.0],
                [0.511017, 0.0, -0.85957, -0.583017, -0.85957, 0.0, -0.511017, 2.280876, 0.0, 1.0, 0.0, 0.702057, 0.0, 0.0, 0.0, 1.0],
                [0.516713, 0.0, -0.856159, -0.583017, -0.856159, 0.0, -0.516713, 2.28313, 0.0, 1.0, 0.0, 0.703063, 0.0, 0.0, 0.0, 1.0],
                [0.521408, 0.0, -0.853307, -0.583017, -0.853307, 0.0, -0.521408, 2.284999, 0.0, 1.0, 0.0, 0.703896, 0.0, 0.0, 0.0, 1.0],
                [0.52509, 0.0, -0.851046, -0.583017, -0.851046, 0.0, -0.52509, 2.286472, 0.0, 1.0, 0.0, 0.704553, 0.0, 0.0, 0.0, 1.0],
                [0.527745, 0.0, -0.849403, -0.583017, -0.849403, 0.0, -0.527745, 2.287538, 0.0, 1.0, 0.0, 0.705029, 0.0, 0.0, 0.0, 1.0],
                [0.529355, 0.0, -0.848401, -0.583017, -0.848401, 0.0, -0.529355, 2.288185, 0.0, 1.0, 0.0, 0.705318, 0.0, 0.0, 0.0, 1.0],
                [0.529897, 0.0, -0.848062, -0.583017, -0.848062, 0.0, -0.529897, 2.288404, 0.0, 1.0, 0.0, 0.705415, 0.0, 0.0, 0.0, 1.0]
            ]
        },
        {
            "name": "Thigh_R",
            "time": [0.0, 0.0167, 0.0333, 0.05, 0.0667, 0.0833, 0.1, 0.1167, 0.1333, 0.15, 0.1667, 0.1833, 0.2, 0.2167, 0.2333, 0.25, 0.2667, 0.2833, 0.3, 0.3167, 0.3333, 0.35, 0.3667, 0.3833, 0.4, 0.4167, 0.4333, 0.45, 0.4667, 0.4833, 0.5, 0.5167, 0.5333, 0.55, 0.5667, 0.5833, 0.6, 0.6167, 0.6333, 0.65, 0.6667, 0.6833, 0.7, 0.7167, 0.7333, 0.75, 0.7667, 0.7833, 0.8, 0.8167, 0.8333, 0.85, 0.8667, 0.8833, 0.9, 0.9167, 0.9333, 0.95, 0.9667, 0.9833, 1.0, 1.0167, 1.0333, 1.05, 1.0667, 1.0833, 1.1, 1.1167, 1.1333, 1.15, 1.1667, 1.1833, 1.2, 1.2167, 1.2333, 1.25, 1.2667, 1.2833, 1.3, 1.3167, 1.3333, 1.35, 1.3667, 1.3833, 1.4, 1.4167, 1.4333, 1.45, 1.4667, 1.4833, 1.5, 1.5167, 1.5333, 1.55, 1.5667, 1.5833, 1.6, 1.6167, 1.6333, 1.65, 1.6667, 1.6833, 1.7, 1.7167, 1.7333, 1.75, 1.7667, 1.7833, 1.8, 1.8167, 1.8333, 1.85, 1.8667, 1.8833, 1.9, 1.9167, 1.9333, 1.95, 1.9667, 1.9833, 2.0, 2.0167, 2.0333, 2.05, 2.0667, 2.0833, 2.1, 2.1167, 2.1333, 2.15, 2.1667, 2.1833, 2.2, 2.2167, 2.2333, 2.25, 2.2667, 2.2833, 2.3, 2.3167, 2.3333, 2.35, 2.3667, 2.3833, 2.4, 2.4167, 2.4333, 2.45, 2.4667, 2.4833, 2.5, 2.5167, 2.5333, 2.55, 2.5667, 2.5833, 2.6, 2.6167, 2.6333, 2.65],
            "transform": [
                [0.773321, 0.242138, -0.585955, 0.124994, 0.407086, -0.898157, 0.166103, -0.002831, -0.486061, -0.366984, -0.793137, -1.2e-05, 0.0, 0.0, 0.0, 1.0],
                [0.772738, 0.240962, -0.587208, 0.124994, 0.412586, -0.893711, 0.176207, -0.002831, -0.482336, -0.378435, -0.790024, -1.2e-05, 0.0, 0.0, 0.0, 1.0],
                [0.771313, 0.237862, -0.590336, 0.124994, 0.426568, -0.881578, 0.202127, -0.002831, -0.47235, -0.407721, -0.78144, -1.2e-05, 0.0, 0.0, 0.0, 1.0],
                [0.769547, 0.233484, -0.594376, 0.124994, 0.445177, -0.863455, 0.237191, -0.002831, -0.457837, -0.447131, -0.768413, -1.2e-05, 0.0, 0.0, 0.0, 1.0],
                [0.767895, 0.228569, -0.598409, 0.124994, 0.464707, -0.841738, 0.274812, -0.002831, -0.440891, -0.48911, -0.752586, -1.2e-05, 0.0, 0.0, 0.0, 1.0],
                [0.766728, 0.224011, -0.601621, 0.124994, 0.481861, -0.820045, 0.30876, -0.002831, -0.424191, -0.526631, -0.736696, -1.2e-05, 0.0, 0.0, 0.0, 1.0],
                [0.76632, 0.220817, -0.603319, 0.124994, 0.493848, -0.803121, 0.333327, -0.002831, -0.410935, -0.553382, -0.7245, -1.2e-05, 0.0, 0.0, 0.0, 1.0],
                [0.766897, 0.22002, -0.602877, 0.124994, 0.498215, -0.79625, 0.343168, -0.002831, -0.404538, -0.563535, -0.720261, -1.2e-05, 0.0, 0.0, 0.0, 1.0],
                [0.773597, 0.209177, -0.598157, 0.124994, 0.484089, -0.804202, 0.34484, -0.002831, -0.408907, -0.556327, -0.723391, -1.2e-05, 0.0, 0.0, 0.0, 1.0],
                [0.78881, 0.179126, -0.587956, 0.124994, 0.446556, -0.824319, 0.347969, -0.002831, -0.422334, -0.537036, -0.730223, -1.2e-05, 0.0, 0.0, 0.0, 1.0],
                [0.808223, 0.135686, -0.573031, 0.124994, 0.39201, -0.850116, 0.351608, -0.002831, -0.439435, -0.50881, -0.740275, -1.2e-05, 0.0, 0.0, 0.0, 1.0],
                [0.82803, 0.085097, -0.554189, 0.124994, 0.327496, -0.875682, 0.354858, -0.002831, -0.455096, -0.475327, -0.752962, -1.2e-05, 0.0, 0.0, 0.0, 1.0],
                [0.845879, 0.034216, -0.532275, 0.124994, 0.261035, -0.896816, 0.357181, -0.002831, -0.465133, -0.441073, -0.767532, -1.2e-05, 0.0, 0.0, 0.0, 1.0],
                [0.861255, -0.00969, -0.508081, 0.124994, 0.201296, -0.911526, 0.358604, -0.002831, -0.466604, -0.411123, -0.783108, -1.2e-05, 0.0, 0.0, 0.0, 1.0],
                [0.875168, -0.039214, -0.482227, 0.124994, 0.157054, -0.919707, 0.359818, -0.002831, -0.457618, -0.390636, -0.798742, -1.2e-05, 0.0, 0.0, 0.0, 1.0],
                [0.889195, -0.046786, -0.455129, 0.124994, 0.136866, -0.922004, 0.362178, -0.002831, -0.436576, -0.384337, -0.813441, -1.2e-05, 0.0, 0.0, 0.0, 1.0],
                [0.924233, -0.020224, -0.381292, 0.124994, 0.144144, -0.906223, 0.397465, -0.002831, -0.353575, -0.42231, -0.834649, -1.2e-05, 0.0, 0.0, 0.0, 1.0],
                [0.969619, 0.045045, -0.240436, 0.124994, 0.158664, -0.863909, 0.478, -0.002831, -0.186184, -0.501625, -0.844812, -1.2e-05, 0.0, 0.0, 0.0, 1.0],
                [0.987325, 0.135967, -0.081858, 0.124994, 0.158274, -0.805493, 0.571076, -0.002831, 0.011712, -0.576792, -0.816806, -1.2e-05, 0.0, 0.0, 0.0, 1.0],
                [0.974794, 0.219445, 0.040244, 0.124994, 0.142846, -0.752446, 0.642975, -0.002831, 0.171379, -0.621018, -0.764829, -1.2e-05, 0.0, 0.0, 0.0, 1.0],
                [0.962881, 0.255384, 0.087398, 0.124994, 0.132657, -0.729708, 0.670766, -0.002831, 0.235077, -0.634272, -0.736503, -1.2e-05, 0.0, 0.0, 0.0, 1.0],
                [0.962881, 0.255384, 0.087398, 0.124994, 0.132657, -0.729708, 0.670766, -0.002831, 0.235077, -0.634272, -0.736503, -1.2e-05, 0.0, 0.0, 0.0, 1.0],
                [0.962881, 0.255384, 0.087398, 0.124994, 0.132657, -0.729708, 0.670766, -0.002831, 0.235077, -0.634272, -0.736503, -1.2e-05, 0.0, 0.0, 0.0, 1.0],
                [0.962881, 0.255384, 0.087398, 0.124994, 0.132657, -0.729708, 0.670766, -0.002831, 0.235077, -0.634272, -0.736503, -1.2e-05, 0.0, 0.0, 0.0, 1.0],
                [0.963145, 0.254214, 0.087902, 0.124994, 0.131701, -0.73063, 0.66995, -0.002831, 0.234535, -0.63368, -0.737185, -1.2e-05, 0.0, 0.0, 0.0, 1.0],
                [0.963877, 0.250881, 0.089433, 0.124994, 0.128975, -0.733432, 0.667414, -0.002831, 0.233035, -0.631769, -0.739298, -1.2e-05, 0.0, 0.0, 0.0, 1.0],
                [0.964983, 0.245645, 0.092004, 0.124994, 0.124689, -0.738146, 0.663017, -0.002831, 0.230779, -0.628327, -0.74293, -1.2e-05, 0.0, 0.0, 0.0, 1.0],
                [0.966361, 0.238753, 0.095612, 0.124994, 0.119046, -0.744783, 0.656601, -0.002831, 0.227976, -0.62313, -0.748154, -1.2e-05, 0.0, 0.0, 0.0, 1.0],
                [0.967908, 0.230441, 0.100248, 0.124994, 0.112243, -0.753334, 0.647987, -0.002831, 0.224844, -0.615939, -0.755026, -1.2e-05, 0.0, 0.0, 0.0, 1.0],
                [0.969525, 0.220924, 0.105895, 0.124994, 0.104469, -0.763777, 0.636969, -0.002831, 0.221602, -0.606493, -0.763582, -1.2e-05, 0.0, 0.0, 0.0, 1.0],
                [0.971118, 0.210393, 0.112533, 0.124994, 0.09591, -0.776074, 0.623304, -0.002831, 0.218473, -0.594507, -0.773841, -1.2e-05, 0.0, 0.0, 0.0, 1.0],
                [0.972602, 0.199019, 0.120147, 0.124994, 0.086743, -0.790176, 0.606708, -0.002831, 0.215684, -0.579662, -0.785793, -1.2e-05, 0.0, 0.0, 0.0, 1.0],
                [0.9739, 0.186942, 0.128726, 0.124994, 0.07715, -0.806015, 0.586844, -0.002831, 0.213461, -0.561594, -0.799403, -1.2e-05, 0.0, 0.0, 0.0, 1.0],
                [0.974941, 0.174276, 0.138267, 0.124994, 0.067316, -0.823496, 0.563312, -0.002831, 0.212034, -0.539887, -0.814593, -1.2e-05, 0.0, 0.0, 0.0, 1.0],
                [0.975659, 0.161104, 0.148776, 0.124994, 0.057437, -0.842489, 0.535639, -0.002831, 0.211636, -0.514055, -0.831238, -1.2e-05, 0.0, 0.0, 0.0, 1.0],
                [0.975994, 0.147473, 0.160273, 0.124994, 0.047729, -0.862812, 0.503263, -0.002831, 0.212503, -0.483531, -0.849141, -1.2e-05, 0.0, 0.0, 0.0, 1.0],
                [0.974213, 0.135182, 0.180649, 0.124994, 0.036386, -0.884294, 0.465507, -0.002831, 0.222675, -0.446928, -0.866412, -1.2e-05, 0.0, 0.0, 0.0, 1.0],
                [0.968541, 0.124913, 0.215232, 0.124994, 0.022864, -0.9059, 0.422869, -0.002831, 0.247801, -0.404644, -0.88026, -1.2e-05, 0.0, 0.0, 0.0, 1.0],
                [0.95872, 0.115219, 0.25996, 0.124994, 0.009157, -0.92626, 0.37677, -0.002831, 0.284202, -0.358835, -0.889082, -1.2e-05, 0.0, 0.0, 0.0, 1.0],
                [0.944731, 0.105117, 0.310537, 0.124994, -0.0031, -0.944295, 0.32908, -0.002831, 0.327831, -0.311854, -0.891782, -1.2e-05, 0.0, 0.0, 0.0, 1.0],
                [0.927154, 0.094242, 0.362635, 0.124994, -0.01282, -0.959302, 0.282084, -0.002831, 0.374461, -0.266183, -0.888215, -1.2e-05, 0.0, 0.0, 0.0, 1.0],
                [0.907327, 0.082879, 0.412175, 0.124994, -0.019563, -0.97099, 0.23831, -0.002831, 0.41997, -0.224287, -0.879387, -1.2e-05, 0.0, 0.0, 0.0, 1.0],
                [0.887297, 0.071871, 0.455563, 0.124994, -0.023513, -0.979447, 0.200319, -0.002831, 0.460598, -0.188453, -0.867373, -1.2e-05, 0.0, 0.0, 0.0, 1.0],
                [0.869613, 0.062433, 0.489769, 0.124994, -0.025324, -0.985025, 0.170531, -0.002831, 0.493082, -0.160698, -0.855012, -1.2e-05, 0.0, 0.0, 0.0, 1.0],
                [0.857045, 0.055912, 0.512198, 0.124994, -0.025872, -0.988168, 0.151162, -0.002831, 0.51459, -0.142804, -0.845461, -1.2e-05, 0.0, 0.0, 0.0, 1.0],
                [0.852279, 0.053534, 0.52034, 0.124994, -0.025948, -0.989196, 0.144273, -0.002831, 0.522443, -0.136462, -0.841684, -1.2e-05, 0.0, 0.0, 0.0, 1.0],
                [0.880628, 0.114035, 0.45988, 0.124994, 0.031607, -0.98258, 0.183123, -0.002831, 0.472752, -0.146727, -0.868894, -1.2e-05, 0.0, 0.0, 0.0, 1.0],
                [0.921007, 0.255399, 0.294138, 0.124994, 0.179942, -0.948623, 0.260255, -0.002831, 0.345495, -0.186768, -0.919647, -1.2e-05, 0.0, 0.0, 0.0, 1.0],
                [0.911549, 0.405617, 0.067472, 0.124994, 0.366301, -0.875577, 0.314936, -0.002831, 0.186821, -0.262364, -0.946712, -1.2e-05, 0.0, 0.0, 0.0, 1.0],
                [0.853667, 0.502692, -0.136205, 0.124994, 0.517894, -0.791652, 0.324144, -0.002831, 0.055117, -0.34725, -0.936152, -1.2e-05, 0.0, 0.0, 0.0, 1.0],
                [0.814252, 0.528719, -0.239686, 0.124994, 0.580383, -0.750115, 0.316984, -0.002831, -0.012197, -0.397214, -0.917645, -1.2e-05, 0.0, 0.0, 0.0, 1.0],
                [0.809807, 0.51981, -0.272046, 0.124994, 0.5854, -0.746703, 0.315814, -0.002831, -0.038974, -0.415003, -0.908985, -1.2e-05, 0.0, 0.0, 0.0, 1.0],
                [0.805717, 0.510871, -0.299717, 0.124994, 0.589022, -0.744272, 0.314817, -0.002831, -0.06224, -0.430192, -0.900589, -1.2e-05, 0.0, 0.0, 0.0, 1.0],
                [0.802161, 0.50213, -0.323113, 0.124994, 0.591411, -0.742699, 0.314051, -0.002831, -0.082282, -0.443011, -0.892732, -1.2e-05, 0.0, 0.0, 0.0, 1.0],
                [0.799247, 0.493759, -0.342643, 0.124994, 0.592728, -0.741863, 0.313544, -0.002831, -0.099379, -0.453692, -0.8856, -1.2e-05, 0.0, 0.0, 0.0, 1.0],
                [0.797022, 0.485891, -0.358699, 0.124994, 0.593132, -0.741644, 0.313299, -0.002831, -0.113798, -0.462461, -0.879306, -1.2e-05, 0.0, 0.0, 0.0, 1.0],
                [0.795483, 0.478619, -0.371658, 0.124994, 0.592775, -0.741929, 0.313299, -0.002831, -0.125794, -0.469532, -0.873908, -1.2e-05, 0.0, 0.0, 0.0, 1.0],
                [0.794589, 0.472012, -0.38188, 0.124994, 0.59181, -0.74261, 0.313511, -0.002831, -0.135608, -0.475112, -0.869413, -1.2e-05, 0.0, 0.0, 0.0, 1.0],
                [0.794265, 0.466118, -0.389711, 0.124994, 0.590388, -0.743579, 0.313894, -0.002831, -0.14347, -0.479395, -0.865792, -1.2e-05, 0.0, 0.0, 0.0, 1.0],
                [0.794417, 0.46097, -0.395483, 0.124994, 0.58866, -0.744735, 0.314398, -0.002831, -0.149603, -0.482567, -0.862987, -1.2e-05, 0.0, 0.0, 0.0, 1.0],
                [0.794927, 0.456589, -0.399519, 0.124994, 0.586776, -0.745979, 0.314971, -0.002831, -0.15422, -0.484806, -0.860917, -1.2e-05, 0.0, 0.0, 0.0, 1.0],
                [0.795668, 0.45299, -0.402132, 0.124994, 0.584889, -0.747212, 0.315559, -0.002831, -0.157533, -0.486282, -0.859484, -1.2e-05, 0.0, 0.0, 0.0, 1.0],
                [0.796502, 0.450182, -0.403633, 0.124994, 0.583151, -0.748338, 0.316107, -0.002831, -0.159749, -0.487157, -0.858579, -1.2e-05, 0.0, 0.0, 0.0, 1.0],
                [0.797283, 0.448171, -0.404329, 0.124994, 0.581717, -0.749261, 0.316561, -0.002831, -0.161074, -0.487592, -0.858084, -1.2e-05, 0.0, 0.0, 0.0, 1.0],
                [0.797863, 0.446962, -0.404523, 0.124994, 0.580743, -0.749886, 0.31687, -0.002831, -0.161717, -0.487741, -0.857878, -1.2e-05, 0.0, 0.0, 0.0, 1.0],
                [0.79809, 0.446559, -0.40452, 0.124994, 0.580384, -0.750115, 0.316984, -0.002831, -0.161885, -0.487758, -0.857837, -1.2e-05, 0.0, 0.0, 0.0, 1.0],
                [0.79809, 0.446559, -0.40452, 0.124994, 0.580384, -0.750115, 0.316984, -0.002831, -0.161885, -0.487758, -0.857837, -1.2e-05, 0.0, 0.0, 0.0, 1.0],
                [0.79809, 0.446559, -0.40452, 0.124994, 0.580384, -0.750115, 0.316984, -0.002831, -0.161885, -0.487758, -0.857837, -1.2e-05, 0.0, 0.0, 0.0, 1.0],
                [0.79809, 0.446559, -0.40452, 0.124994, 0.580384, -0.750115, 0.316984, -0.002831, -0.161885, -0.487758, -0.857837, -1.2e-05, 0.0, 0.0, 0.0, 1.0],
                [0.79809, 0.446559, -0.40452, 0.124994, 0.580384, -0.750115, 0.316984, -0.002831, -0.161885, -0.487758, -0.857837, -1.2e-05, 0.0, 0.0, 0.0, 1.0],
                [0.79809, 0.446559, -0.40452, 0.124994, 0.580384, -0.750115, 0.316984, -0.002831, -0.161885, -0.487758, -0.857837, -1.2e-05, 0.0, 0.0, 0.0, 1.0],
                [0.79809, 0.446559, -0.40452, 0.124994, 0.580384, -0.750115, 0.316984, -0.002831, -0.161885, -0.487758, -0.857837, -1.2e-05, 0.0, 0.0, 0.0, 1.0],
                [0.79809, 0.446559, -0.40452, 0.124994, 0.580384, -0.750115, 0.316984, -0.002831, -0.161885, -0.487758, -0.857837, -1.2e-05, 0.0, 0.0, 0.0, 1.0],
                [0.79809, 0.446559, -0.40452, 0.124994, 0.580384, -0.750115, 0.316984, -0.002831, -0.161885, -0.487758, -0.857837, -1.2e-05, 0.0, 0.0, 0.0, 1.0],
                [0.79809, 0.446559, -0.40452, 0.124994, 0.580384, -0.750115, 0.316984, -0.002831, -0.161885, -0.487758, -0.857837, -1.2e-05, 0.0, 0.0, 0.0, 1.0],
                [0.79809, 0.446559, -0.40452, 0.124994, 0.580384, -0.750115, 0.316984, -0.002831, -0.161885, -0.487758, -0.857837, -1.2e-05, 0.0, 0.0, 0.0, 1.0],
                [0.79809, 0.446559, -0.40452, 0.124994, 0.580384, -0.750115, 0.316984, -0.002831, -0.161885, -0.487758, -0.857837, -1.2e-05, 0.0, 0.0, 0.0, 1.0],
                [0.79809, 0.446559, -0.40452, 0.124994, 0.580384, -0.750115, 0.316984, -0.002831, -0.161885, -0.487758, -0.857837, -1.2e-05, 0.0, 0.0, 0.0, 1.0],
                [0.79809, 0.446559, -0.40452, 0.124994, 0.580384, -0.750115, 0.316984, -0.002831, -0.161885, -0.487758, -0.857837, -1.2e-05, 0.0, 0.0, 0.0, 1.0],
                [0.79809, 0.446559, -0.40452, 0.124994, 0.580384, -0.750115, 0.316984, -0.002831, -0.161885, -0.487758, -0.857837, -1.2e-05, 0.0, 0.0, 0.0, 1.0],
                [0.79809, 0.446559, -0.40452, 0.124994, 0.580384, -0.750115, 0.316984, -0.002831, -0.161885, -0.487758, -0.857837, -1.2e-05, 0.0, 0.0, 0.0, 1.0],
                [0.798198, 0.44656, -0.404304, 0.124994, 0.580267, -0.750211, 0.31697, -0.002831, -0.161768, -0.487609, -0.857944, -1.2e-05, 0.0, 0.0, 0.0, 1.0],
                [0.798519, 0.446566, -0.403664, 0.124994, 0.579923, -0.750495, 0.316929, -0.002831, -0.161419, -0.487167, -0.858261, -1.2e-05, 0.0, 0.0, 0.0, 1.0],
                [0.799047, 0.446573, -0.402609, 0.124994, 0.579355, -0.750963, 0.31686, -0.002831, -0.160844, -0.486439, -0.858782, -1.2e-05, 0.0, 0.0, 0.0, 1.0],
                [0.799776, 0.446582, -0.401151, 0.124994, 0.57857, -0.751608, 0.316764, -0.002831, -0.160048, -0.485433, -0.859499, -1.2e-05, 0.0, 0.0, 0.0, 1.0],
                [0.800697, 0.44659, -0.399299, 0.124994, 0.577573, -0.752427, 0.316639, -0.002831, -0.159036, -0.484155, -0.860407, -1.2e-05, 0.0, 0.0, 0.0, 1.0],
                [0.801805, 0.446596, -0.397063, 0.124994, 0.576371, -0.753413, 0.316485, -0.002831, -0.157812, -0.482614, -0.861498, -1.2e-05, 0.0, 0.0, 0.0, 1.0],
                [0.803091, 0.446597, -0.394454, 0.124994, 0.574968, -0.754561, 0.3163, -0.002831, -0.156381, -0.480815, -0.862764, -1.2e-05, 0.0, 0.0, 0.0, 1.0],
                [0.804549, 0.446591, -0.391479, 0.124994, 0.573371, -0.755867, 0.316083, -0.002831, -0.154746, -0.478766, -0.864197, -1.2e-05, 0.0, 0.0, 0.0, 1.0],
                [0.80617, 0.446575, -0.388149, 0.124994, 0.571583, -0.757324, 0.315833, -0.002831, -0.152912, -0.476473, -0.865789, -1.2e-05, 0.0, 0.0, 0.0, 1.0],
                [0.807946, 0.446545, -0.384473, 0.124994, 0.569611, -0.758927, 0.315547, -0.002831, -0.150881, -0.473944, -0.867532, -1.2e-05, 0.0, 0.0, 0.0, 1.0],
                [0.809869, 0.446499, -0.38046, 0.124994, 0.567461, -0.76067, 0.315224, -0.002831, -0.148658, -0.471185, -0.869417, -1.2e-05, 0.0, 0.0, 0.0, 1.0],
                [0.811931, 0.446432, -0.376119, 0.124994, 0.565137, -0.762548, 0.314861, -0.002831, -0.146245, -0.468203, -0.871434, -1.2e-05, 0.0, 0.0, 0.0, 1.0],
                [0.814122, 0.446342, -0.37146, 0.124994, 0.562646, -0.764555, 0.314456, -0.002831, -0.143647, -0.465005, -0.873576, -1.2e-05, 0.0, 0.0, 0.0, 1.0],
                [0.816435, 0.446225, -0.366492, 0.124994, 0.559991, -0.766685, 0.314007, -0.002831, -0.140867, -0.461597, -0.875833, -1.2e-05, 0.0, 0.0, 0.0, 1.0],
                [0.81886, 0.446077, -0.361224, 0.124994, 0.55718, -0.768933, 0.313512, -0.002831, -0.137907, -0.457987, -0.878196, -1.2e-05, 0.0, 0.0, 0.0, 1.0],
                [0.821389, 0.445894, -0.355665, 0.124994, 0.554217, -0.771292, 0.312967, -0.002831, -0.134772, -0.454182, -0.880656, -1.2e-05, 0.0, 0.0, 0.0, 1.0],
