{
    "animation": [
        {
            "name": "Root",
            "time": [0.0, 0.0167, 0.0333, 0.05, 0.0667, 0.0833, 0.1, 0.1167, 0.1333, 0.15, 0.1667, 0.1833, 0.2, 0.2167, 0.2333, 0.25, 0.2667, 0.2833, 0.3, 0.3167, 0.3333, 0.35, 0.3667, 0.3833, 0.4, 0.4167, 0.4333, 0.45, 0.4667, 0.4833, 0.5, 0.5167, 0.5333, 0.55, 0.5667, 0.5833, 0.6, 0.6167, 0.6333, 0.65, 0.6667, 0.6833, 0.7, 0.7167, 0.7333, 0.75, 0.7667, 0.7833, 0.8, 0.8167, 0.8333, 0.85, 0.8667, 0.8833, 0.9, 0.9167, 0.9333, 0.95, 0.9667, 0.9833, 1.0, 1.0167, 1.0333, 1.05, 1.0667, 1.0833, 1.1, 1.1167, 1.1333, 1.15, 1.1667, 1.1833, 1.2, 1.2167, 1.2333, 1.25, 1.2667, 1.2833, 1.3, 1.3167, 1.3333, 1.35, 1.3667, 1.3833, 1.4, 1.4167, 1.4333, 1.45, 1.4667, 1.4833, 1.5, 1.5167, 1.5333, 1.55, 1.5667, 1.5833, 1.6, 1.6167, 1.6333, 1.65, 1.6667, 1.9167],
            "transform": [
                [0.843333, 0.0, -0.537391, -5e-06, -0.537391, 0.0, -0.843333, -0.068107, 0.0, 1.0, 0.0, 0.705415, 0.0, 0.0, 0.0, 1.0],
                [0.847935, 0.0, -0.530101, -5e-06, -0.530101, 0.0, -0.847935, -0.045507, 0.0, 1.0, 0.0, 0.705415, 0.0, 0.0, 0.0, 1.0],
                [0.860119, 0.0, -0.510093, -5e-06, -0.510093, 0.0, -0.860119, 0.018572, 0.0, 1.0, 0.0, 0.705415, 0.0, 0.0, 0.0, 1.0],
                [0.877242, 0.0, -0.480049, -5e-06, -0.480049, 0.0, -0.877242, 0.118552, 0.0, 1.0, 0.0, 0.705415, 0.0, 0.0, 0.0, 1.0],
                [0.896652, 0.0, -0.442737, -5e-06, -0.442737, 0.0, -0.896652, 0.248854, 0.0, 1.0, 0.0, 0.705415, 0.0, 0.0, 0.0, 1.0],
                [0.915989, 0.0, -0.401204, -5e-06, -0.401204, 0.0, -0.915989, 0.403899, 0.0, 1.0, 0.0, 0.705415, 0.0, 0.0, 0.0, 1.0],
                [0.933403, 0.0, -0.358829, -5e-06, -0.358829, 0.0, -0.933403, 0.577708, 0.0, 1.0, 0.0, 0.705415, 0.0, 0.0, 0.0, 1.0],
                [0.947666, 0.0, -0.319263, -5e-06, -0.319263, 0.0, -0.947666, 0.762696, 0.0, 1.0, 0.0, 0.705415, 0.0, 0.0, 0.0, 1.0],
                [0.958138, 0.0, -0.286306, -5e-06, -0.286306, 0.0, -0.958138, 0.950878, 0.0, 1.0, 0.0, 0.705415, 0.0, 0.0, 0.0, 1.0],
                [0.964582, 0.0, -0.263783, -5e-06, -0.263783, 0.0, -0.964582, 1.134268, 0.0, 1.0, 0.0, 0.705415, 0.0, 0.0, 0.0, 1.0],
                [0.96682, 0.0, -0.255458, -5e-06, -0.255458, 0.0, -0.96682, 1.304882, 0.0, 1.0, 0.0, 0.705415, 0.0, 0.0, 0.0, 1.0],
                [0.96682, 0.0, -0.255458, -5e-06, -0.255458, 0.0, -0.96682, 1.459213, 0.0, 1.0, 0.0, 0.705415, 0.0, 0.0, 0.0, 1.0],
                [0.96682, 0.0, -0.255458, -5e-06, -0.255458, 0.0, -0.96682, 1.611669, 0.0, 1.0, 0.0, 0.705415, 0.0, 0.0, 0.0, 1.0],
                [0.96682, 0.0, -0.255458, -5e-06, -0.255458, 0.0, -0.96682, 1.781138, 0.0, 1.0, 0.0, 0.705415, 0.0, 0.0, 0.0, 1.0],
                [0.96682, 0.0, -0.255458, -5e-06, -0.255458, 0.0, -0.96682, 1.986508, 0.0, 1.0, 0.0, 0.705415, 0.0, 0.0, 0.0, 1.0],
                [0.96682, 0.0, -0.255458, -5e-06, -0.255458, 0.0, -0.96682, 2.246665, 0.0, 1.0, 0.0, 0.705415, 0.0, 0.0, 0.0, 1.0],
                [0.990539, 0.0, -0.137234, -5e-06, -0.137234, 0.0, -0.990539, 2.569494, 0.0, 1.0, 0.0, 0.684263, 0.0, 0.0, 0.0, 1.0],
                [0.986014, 0.0, 0.166661, -5e-06, 0.166661, 0.0, -0.986014, 2.918858, 0.0, 1.0, 0.0, 0.633823, 0.0, 0.0, 0.0, 1.0],
                [0.85007, 0.0, 0.52667, -5e-06, 0.52667, 0.0, -0.85007, 3.247617, 0.0, 1.0, 0.0, 0.573621, 0.0, 0.0, 0.0, 1.0],
                [0.621048, 0.0, 0.783772, -5e-06, 0.783772, 0.0, -0.621048, 3.508632, 0.0, 1.0, 0.0, 0.523182, 0.0, 0.0, 0.0, 1.0],
                [0.446993, 0.0, 0.894537, -5e-06, 0.894537, 0.0, -0.446993, 3.654763, 0.0, 1.0, 0.0, 0.50203, 0.0, 0.0, 0.0, 1.0],
                [0.349455, 0.0, 0.936953, -5e-06, 0.936953, 0.0, -0.349455, 3.722981, 0.0, 1.0, 0.0, 0.50203, 0.0, 0.0, 0.0, 1.0],
                [0.260811, 0.0, 0.96539, -5e-06, 0.96539, 0.0, -0.260811, 3.782118, 0.0, 1.0, 0.0, 0.50203, 0.0, 0.0, 0.0, 1.0],
                [0.182617, 0.0, 0.983184, -5e-06, 0.983184, 0.0, -0.182617, 3.832823, 0.0, 1.0, 0.0, 0.50203, 0.0, 0.0, 0.0, 1.0],
                [0.115392, 0.0, 0.99332, -5e-06, 0.99332, 0.0, -0.115392, 3.875743, 0.0, 1.0, 0.0, 0.50203, 0.0, 0.0, 0.0, 1.0],
                [0.058943, 0.0, 0.998261, -5e-06, 0.998261, 0.0, -0.058943, 3.911528, 0.0, 1.0, 0.0, 0.50203, 0.0, 0.0, 0.0, 1.0],
                [0.012624, 0.0, 0.99992, -5e-06, 0.99992, 0.0, -0.012624, 3.940826, 0.0, 1.0, 0.0, 0.50203, 0.0, 0.0, 0.0, 1.0],
                [-0.024457, 0.0, 0.999701, -5e-06, 0.999701, 0.0, 0.024457, 3.964286, 0.0, 1.0, 0.0, 0.50203, 0.0, 0.0, 0.0, 1.0],
                [-0.053315, 0.0, 0.998578, -5e-06, 0.998578, 0.0, 0.053315, 3.982557, 0.0, 1.0, 0.0, 0.50203, 0.0, 0.0, 0.0, 1.0],
                [-0.075005, 0.0, 0.997183, -5e-06, 0.997183, 0.0, 0.075005, 3.996288, 0.0, 1.0, 0.0, 0.50203, 0.0, 0.0, 0.0, 1.0],
                [-0.090579, 0.0, 0.995889, -5e-06, 0.995889, 0.0, 0.090579, 4.006125, 0.0, 1.0, 0.0, 0.50203, 0.0, 0.0, 0.0, 1.0],
                [-0.101075, 0.0, 0.994879, -5e-06, 0.994879, 0.0, 0.101075, 4.01272, 0.0, 1.0, 0.0, 0.50203, 0.0, 0.0, 0.0, 1.0],
                [-0.10751, 0.0, 0.994204, -5e-06, 0.994204, 0.0, 0.10751, 4.01672, 0.0, 1.0, 0.0, 0.50203, 0.0, 0.0, 0.0, 1.0],
                [-0.110884, 0.0, 0.993833, -5e-06, 0.993833, 0.0, 0.110884, 4.018775, 0.0, 1.0, 0.0, 0.50203, 0.0, 0.0, 0.0, 1.0],
                [-0.112187, 0.0, 0.993687, -5e-06, 0.993687, 0.0, 0.112187, 4.019532, 0.0, 1.0, 0.0, 0.50203, 0.0, 0.0, 0.0, 1.0],
                [-0.112403, 0.0, 0.993663, -5e-06, 0.993663, 0.0, 0.112403, 4.019639, 0.0, 1.0, 0.0, 0.50203, 0.0, 0.0, 0.0, 1.0],
                [-0.112403, 0.0, 0.993663, -5e-06, 0.993663, 0.0, 0.112403, 4.019639, 0.0, 1.0, 0.0, 0.50203, 0.0, 0.0, 0.0, 1.0],
                [-0.112403, 0.0, 0.993663, -5e-06, 0.993663, 0.0, 0.112403, 4.019639, 0.0, 1.0, 0.0, 0.50203, 0.0, 0.0, 0.0, 1.0],
                [-0.112403, 0.0, 0.993663, -5e-06, 0.993663, 0.0, 0.112403, 4.019639, 0.0, 1.0, 0.0, 0.50203, 0.0, 0.0, 0.0, 1.0],
                [-0.112403, 0.0, 0.993663, -5e-06, 0.993663, 0.0, 0.112403, 4.019639, 0.0, 1.0, 0.0, 0.50203, 0.0, 0.0, 0.0, 1.0],
                [-0.112403, 0.0, 0.993663, -5e-06, 0.993663, 0.0, 0.112403, 4.019639, 0.0, 1.0, 0.0, 0.50203, 0.0, 0.0, 0.0, 1.0],
                [-0.109941, 0.0, 0.993938, -5e-06, 0.993938, 0.0, 0.109941, 4.020082, 0.0, 1.0, 0.0, 0.503916, 0.0, 0.0, 0.0, 1.0],
                [-0.102715, 0.0, 0.994711, -5e-06, 0.994711, 0.0, 0.102715, 4.021389, 0.0, 1.0, 0.0, 0.509301, 0.0, 0.0, 0.0, 1.0],
                [-0.09094, 0.0, 0.995856, -5e-06, 0.995856, 0.0, 0.09094, 4.023532, 0.0, 1.0, 0.0, 0.517773, 0.0, 0.0, 0.0, 1.0],
                [-0.074803, 0.0, 0.997198, -5e-06, 0.997198, 0.0, 0.074803, 4.02648, 0.0, 1.0, 0.0, 0.528921, 0.0, 0.0, 0.0, 1.0],
                [-0.054472, 0.0, 0.998515, -5e-06, 0.998515, 0.0, 0.054472, 4.030204, 0.0, 1.0, 0.0, 0.542332, 0.0, 0.0, 0.0, 1.0],
                [-0.030107, 0.0, 0.999547, -5e-06, 0.999547, 0.0, 0.030107, 4.034673, 0.0, 1.0, 0.0, 0.557596, 0.0, 0.0, 0.0, 1.0],
                [-0.00187, 0.0, 0.999998, -5e-06, 0.999998, 0.0, 0.00187, 4.039858, 0.0, 1.0, 0.0, 0.5743, 0.0, 0.0, 0.0, 1.0],
                [0.030064, 0.0, 0.999548, -5e-06, 0.999548, 0.0, -0.030064, 4.045729, 0.0, 1.0, 0.0, 0.592033, 0.0, 0.0, 0.0, 1.0],
                [0.065498, 0.0, 0.997853, -5e-06, 0.997853, 0.0, -0.065498, 4.052257, 0.0, 1.0, 0.0, 0.610384, 0.0, 0.0, 0.0, 1.0],
                [0.104201, 0.0, 0.994556, -5e-06, 0.994556, 0.0, -0.104201, 4.05941, 0.0, 1.0, 0.0, 0.62894, 0.0, 0.0, 0.0, 1.0],
                [0.145903, 0.0, 0.989299, -5e-06, 0.989299, 0.0, -0.145903, 4.06716, 0.0, 1.0, 0.0, 0.64729, 0.0, 0.0, 0.0, 1.0],
                [0.190287, 0.0, 0.981729, -5e-06, 0.981729, 0.0, -0.190287, 4.075478, 0.0, 1.0, 0.0, 0.665024, 0.0, 0.0, 0.0, 1.0],
                [0.236982, 0.0, 0.971514, -5e-06, 0.971514, 0.0, -0.236982, 4.084332, 0.0, 1.0, 0.0, 0.681728, 0.0, 0.0, 0.0, 1.0],
                [0.285566, 0.0, 0.958359, -5e-06, 0.958359, 0.0, -0.285566, 4.093692, 0.0, 1.0, 0.0, 0.696991, 0.0, 0.0, 0.0, 1.0],
                [0.335565, 0.0, 0.942017, -5e-06, 0.942017, 0.0, -0.335565, 4.103531, 0.0, 1.0, 0.0, 0.710403, 0.0, 0.0, 0.0, 1.0],
                [0.386459, 0.0, 0.922307, -5e-06, 0.922307, 0.0, -0.386459, 4.113816, 0.0, 1.0, 0.0, 0.72155, 0.0, 0.0, 0.0, 1.0],
                [0.437693, 0.0, 0.899125, -5e-06, 0.899125, 0.0, -0.437693, 4.124519, 0.0, 1.0, 0.0, 0.730022, 0.0, 0.0, 0.0, 1.0],
                [0.488689, 0.0, 0.872458, -5e-06, 0.872458, 0.0, -0.488689, 4.135611, 0.0, 1.0, 0.0, 0.735407, 0.0, 0.0, 0.0, 1.0],
                [0.538867, 0.0, 0.842391, -5e-06, 0.842391, 0.0, -0.538867, 4.147059, 0.0, 1.0, 0.0, 0.737294, 0.0, 0.0, 0.0, 1.0],
                [0.587693, 0.0, 0.809084, -5e-06, 0.809084, 0.0, -0.587693, 4.158836, 0.0, 1.0, 0.0, 0.737238, 0.0, 0.0, 0.0, 1.0],
                [0.634804, 0.0, 0.772674, -5e-06, 0.772674, 0.0, -0.634804, 4.170912, 0.0, 1.0, 0.0, 0.737074, 0.0, 0.0, 0.0, 1.0],
                [0.679884, 0.0, 0.73332, -5e-06, 0.73332, 0.0, -0.679884, 4.183256, 0.0, 1.0, 0.0, 0.736807, 0.0, 0.0, 0.0, 1.0],
                [0.722638, 0.0, 0.691227, -5e-06, 0.691227, 0.0, -0.722638, 4.195838, 0.0, 1.0, 0.0, 0.736443, 0.0, 0.0, 0.0, 1.0],
                [0.762796, 0.0, 0.646639, -5e-06, 0.646639, 0.0, -0.762796, 4.208629, 0.0, 1.0, 0.0, 0.735987, 0.0, 0.0, 0.0, 1.0],
                [0.800122, 0.0, 0.599838, -5e-06, 0.599838, 0.0, -0.800122, 4.2216, 0.0, 1.0, 0.0, 0.735446, 0.0, 0.0, 0.0, 1.0],
                [0.834416, 0.0, 0.551135, -5e-06, 0.551135, 0.0, -0.834416, 4.234719, 0.0, 1.0, 0.0, 0.734824, 0.0, 0.0, 0.0, 1.0],
                [0.865524, 0.0, 0.500868, -5e-06, 0.500868, 0.0, -0.865524, 4.247958, 0.0, 1.0, 0.0, 0.734126, 0.0, 0.0, 0.0, 1.0],
                [0.893337, 0.0, 0.449388, -5e-06, 0.449388, 0.0, -0.893337, 4.261286, 0.0, 1.0, 0.0, 0.73336, 0.0, 0.0, 0.0, 1.0],
                [0.917794, 0.0, 0.397057, -5e-06, 0.397057, 0.0, -0.917794, 4.274673, 0.0, 1.0, 0.0, 0.73253, 0.0, 0.0, 0.0, 1.0],
                [0.938882, 0.0, 0.344239, -5e-06, 0.344239, 0.0, -0.938882, 4.288091, 0.0, 1.0, 0.0, 0.731641, 0.0, 0.0, 0.0, 1.0],
                [0.956635, 0.0, 0.29129, -5e-06, 0.29129, 0.0, -0.956635, 4.301508, 0.0, 1.0, 0.0, 0.7307, 0.0, 0.0, 0.0, 1.0],
                [0.97113, 0.0, 0.238552, -5e-06, 0.238552, 0.0, -0.97113, 4.314896, 0.0, 1.0, 0.0, 0.729711, 0.0, 0.0, 0.0, 1.0],
                [0.982483, 0.0, 0.186351, -5e-06, 0.186351, 0.0, -0.982483, 4.328224, 0.0, 1.0, 0.0, 0.728681, 0.0, 0.0, 0.0, 1.0],
                [0.990848, 0.0, 0.134985, -5e-06, 0.134985, 0.0, -0.990848, 4.341463, 0.0, 1.0, 0.0, 0.727615, 0.0, 0.0, 0.0, 1.0],
                [0.996404, 0.0, 0.084725, -5e-06, 0.084725, 0.0, -0.996404, 4.354583, 0.0, 1.0, 0.0, 0.726519, 0.0, 0.0, 0.0, 1.0],
                [0.999358, 0.0, 0.035814, -5e-06, 0.035814, 0.0, -0.999358, 4.367552, 0.0, 1.0, 0.0, 0.725397, 0.0, 0.0, 0.0, 1.0],
                [0.999933, 0.0, -0.011541, -5e-06, -0.011541, 0.0, -0.999933, 4.380344, 0.0, 1.0, 0.0, 0.724256, 0.0, 0.0, 0.0, 1.0],
                [0.998365, 0.0, -0.057162, -5e-06, -0.057162, 0.0, -0.998365, 4.392926, 0.0, 1.0, 0.0, 0.723101, 0.0, 0.0, 0.0, 1.0],
                [0.994896, 0.0, -0.100904, -5e-06, -0.100904, 0.0, -0.994896, 4.40527, 0.0, 1.0, 0.0, 0.721938, 0.0, 0.0, 0.0, 1.0],
                [0.989773, 0.0, -0.142653, -5e-06, -0.142653, 0.0, -0.989773, 4.417346, 0.0, 1.0, 0.0, 0.720771, 0.0, 0.0, 0.0, 1.0],
                [0.983239, 0.0, -0.182321, -5e-06, -0.182321, 0.0, -0.983239, 4.429122, 0.0, 1.0, 0.0, 0.719608, 0.0, 0.0, 0.0, 1.0],
                [0.975534, 0.0, -0.219846, -5e-06, -0.219846, 0.0, -0.975534, 4.440571, 0.0, 1.0, 0.0, 0.718453, 0.0, 0.0, 0.0, 1.0],
                [0.966891, 0.0, -0.255192, -5e-06, -0.255192, 0.0, -0.966891, 4.451662, 0.0, 1.0, 0.0, 0.717312, 0.0, 0.0, 0.0, 1.0],
                [0.957529, 0.0, -0.288337, -5e-06, -0.288337, 0.0, -0.957529, 4.462366, 0.0, 1.0, 0.0, 0.71619, 0.0, 0.0, 0.0, 1.0],
                [0.94766, 0.0, -0.319281, -5e-06, -0.319281, 0.0, -0.94766, 4.472651, 0.0, 1.0, 0.0, 0.715094, 0.0, 0.0, 0.0, 1.0],
                [0.937482, 0.0, -0.348035, -5e-06, -0.348035, 0.0, -0.937482, 4.48249, 0.0, 1.0, 0.0, 0.714028, 0.0, 0.0, 0.0, 1.0],
                [0.927178, 0.0, -0.37462, -5e-06, -0.37462, 0.0, -0.927178, 4.491851, 0.0, 1.0, 0.0, 0.712998, 0.0, 0.0, 0.0, 1.0],
                [0.916922, 0.0, -0.399067, -5e-06, -0.399067, 0.0, -0.916922, 4.500705, 0.0, 1.0, 0.0, 0.712009, 0.0, 0.0, 0.0, 1.0],
                [0.90687, 0.0, -0.421411, -5e-06, -0.421411, 0.0, -0.90687, 4.509021, 0.0, 1.0, 0.0, 0.711068, 0.0, 0.0, 0.0, 1.0],
                [0.897168, 0.0, -0.44169, -5e-06, -0.44169, 0.0, -0.897168, 4.516772, 0.0, 1.0, 0.0, 0.710179, 0.0, 0.0, 0.0, 1.0],
                [0.887949, 0.0, -0.459942, -5e-06, -0.459942, 0.0, -0.887949, 4.523926, 0.0, 1.0, 0.0, 0.709349, 0.0, 0.0, 0.0, 1.0],
                [0.879335, 0.0, -0.476205, -5e-06, -0.476205, 0.0, -0.879335, 4.530453, 0.0, 1.0, 0.0, 0.708583, 0.0, 0.0, 0.0, 1.0],
                [0.871434, 0.0, -0.490512, -5e-06, -0.490512, 0.0, -0.871434, 4.536324, 0.0, 1.0, 0.0, 0.707886, 0.0, 0.0, 0.0, 1.0],
                [0.864348, 0.0, -0.502895, -5e-06, -0.502895, 0.0, -0.864348, 4.541509, 0.0, 1.0, 0.0, 0.707263, 0.0, 0.0, 0.0, 1.0],
                [0.858165, 0.0, -0.513374, -5e-06, -0.513374, 0.0, -0.858165, 4.545978, 0.0, 1.0, 0.0, 0.706722, 0.0, 0.0, 0.0, 1.0],
                [0.852967, 0.0, -0.521964, -5e-06, -0.521964, 0.0, -0.852967, 4.549702, 0.0, 1.0, 0.0, 0.706266, 0.0, 0.0, 0.0, 1.0],
                [0.848826, 0.0, -0.528673, -5e-06, -0.528673, 0.0, -0.848826, 4.55265, 0.0, 1.0, 0.0, 0.705902, 0.0, 0.0, 0.0, 1.0],
                [0.845804, 0.0, -0.533494, -5e-06, -0.533494, 0.0, -0.845804, 4.554792, 0.0, 1.0, 0.0, 0.705635, 0.0, 0.0, 0.0, 1.0],
                [0.843958, 0.0, -0.53641, -5e-06, -0.53641, 0.0, -0.843958, 4.5561, 0.0, 1.0, 0.0, 0.705471, 0.0, 0.0, 0.0, 1.0],
                [0.843333, 0.0, -0.537391, -5e-06, -0.537391, 0.0, -0.843333, 4.556542, 0.0, 1.0, 0.0, 0.705415, 0.0, 0.0, 0.0, 1.0],
                [0.843333, 0.0, -0.537391, -5e-06, -0.537391, 0.0, -0.843333, 4.556542, 0.0, 1.0, 0.0, 0.705415, 0.0, 0.0, 0.0, 1.0]
            ]
        },
        {
            "name": "Thigh_R",
            "time": [0.0, 0.0167, 0.0333, 0.05, 0.0667, 0.0833, 0.1, 0.1167, 0.1333, 0.15, 0.1667, 0.1833, 0.2, 0.2167, 0.2333, 0.25, 0.2667, 0.2833, 0.3, 0.3167, 0.3333, 0.35, 0.3667, 0.3833, 0.4, 0.4167, 0.4333, 0.45, 0.4667, 0.4833, 0.5, 0.5167, 0.5333, 0.55, 0.5667, 0.5833, 0.6, 0.6167, 0.6333, 0.65, 0.6667, 0.6833, 0.7, 0.7167, 0.7333, 0.75, 0.7667, 0.7833, 0.8, 0.8167, 0.8333, 0.85, 0.8667, 0.8833, 0.9, 0.9167, 0.9333, 0.95, 0.9667, 0.9833, 1.0, 1.0167, 1.0333, 1.05, 1.0667, 1.0833, 1.1, 1.1167, 1.1333, 1.15, 1.1667, 1.1833, 1.2, 1.2167, 1.2333, 1.25, 1.2667, 1.2833, 1.3, 1.3167, 1.3333, 1.35, 1.3667, 1.3833, 1.4, 1.4167, 1.4333, 1.45, 1.4667, 1.4833, 1.5, 1.5167, 1.5333, 1.55, 1.5667, 1.5833, 1.6, 1.6167, 1.6333, 1.65, 1.6667, 1.9167],
            "transform": [
                [0.957264, 0.288681, 0.017514, 0.124994, 0.288504, -0.948929, -0.127653, -0.002831, -0.020231, 0.127251, -0.991665, -1.2e-05, 0.0, 0.0, 0.0, 1.0],
                [0.966721, 0.251299, -0.047945, 0.124994, 0.248551, -0.966958, -0.056672, -0.002831, -0.060602, 0.042869, -0.997241, -1.2e-05, 0.0, 0.0, 0.0, 1.0],
                [0.971531, 0.13545, -0.194372, 0.124994, 0.162205, -0.978284, 0.129018, -0.002831, -0.172676, -0.156873, -0.972407, -1.2e-05, 0.0, 0.0, 0.0, 1.0],
                [0.941933, -0.04174, -0.333196, 0.124994, 0.086668, -0.928407, 0.36131, -0.002831, -0.324423, -0.369206, -0.870882, -1.2e-05, 0.0, 0.0, 0.0, 1.0],
                [0.890367, -0.205799, -0.40607, 0.124994, 0.053688, -0.83829, 0.542572, -0.002831, -0.452066, -0.504888, -0.735339, -1.2e-05, 0.0, 0.0, 0.0, 1.0],
                [0.863189, -0.27451, -0.423732, 0.124994, 0.048414, -0.790397, 0.610676, -0.002831, -0.502554, -0.547642, -0.668974, -1.2e-05, 0.0, 0.0, 0.0, 1.0],
                [0.871996, -0.231455, -0.431335, 0.124994, 0.038144, -0.846346, 0.531263, -0.002831, -0.488023, -0.479711, -0.729185, -1.2e-05, 0.0, 0.0, 0.0, 1.0],
                [0.893679, -0.124234, -0.431165, 0.124994, 0.020275, -0.948743, 0.31539, -0.002831, -0.448248, -0.290599, -0.845356, -1.2e-05, 0.0, 0.0, 0.0, 1.0],
                [0.918566, 0.001159, -0.395265, 0.124994, 0.013781, -0.999479, 0.029096, -0.002831, -0.395026, -0.032173, -0.918107, -1.2e-05, 0.0, 0.0, 0.0, 1.0],
                [0.936379, 0.092934, -0.338461, 0.124994, 0.021344, -0.9776, -0.209378, -0.002831, -0.350338, 0.188833, -0.91739, -1.2e-05, 0.0, 0.0, 0.0, 1.0],
                [0.942661, 0.125904, -0.309091, 0.124994, 0.027677, -0.952413, -0.303546, -0.002831, -0.332601, 0.277586, -0.901289, -1.2e-05, 0.0, 0.0, 0.0, 1.0],
                [0.938869, 0.109683, -0.326335, 0.124994, 0.041112, -0.976826, -0.210041, -0.002831, -0.341811, 0.183784, -0.921623, -1.2e-05, 0.0, 0.0, 0.0, 1.0],
                [0.929732, 0.063364, -0.362744, 0.124994, 0.077505, -0.996687, 0.024549, -0.002831, -0.359988, -0.050938, -0.931566, -1.2e-05, 0.0, 0.0, 0.0, 1.0],
                [0.919077, -0.003148, -0.394065, 0.124994, 0.126833, -0.944397, 0.303354, -0.002831, -0.37311, -0.328785, -0.867577, -1.2e-05, 0.0, 0.0, 0.0, 1.0],
                [0.909169, -0.065236, -0.411286, 0.124994, 0.17153, -0.841306, 0.512619, -0.002831, -0.379459, -0.536603, -0.753702, -1.2e-05, 0.0, 0.0, 0.0, 1.0],
                [0.898583, -0.097254, -0.42789, 0.124994, 0.195912, -0.783626, 0.58953, -0.002831, -0.39264, -0.613569, -0.685102, -1.2e-05, 0.0, 0.0, 0.0, 1.0],
                [0.885624, -0.070114, -0.459079, 0.124994, 0.235715, -0.783868, 0.574445, -0.002831, -0.400134, -0.616953, -0.677688, -1.2e-05, 0.0, 0.0, 0.0, 1.0],
                [0.867115, 0.008947, -0.498028, 0.124994, 0.315901, -0.782919, 0.535949, -0.002831, -0.385121, -0.622055, -0.681709, -1.2e-05, 0.0, 0.0, 0.0, 1.0],
                [0.840047, 0.106124, -0.532033, 0.124994, 0.406067, -0.773327, 0.486901, -0.002831, -0.359764, -0.625059, -0.692726, -1.2e-05, 0.0, 0.0, 0.0, 1.0],
                [0.811627, 0.187107, -0.5534, 0.124994, 0.477613, -0.75801, 0.44419, -0.002831, -0.336372, -0.624826, -0.704588, -1.2e-05, 0.0, 0.0, 0.0, 1.0],
                [0.798203, 0.220627, -0.560531, 0.124994, 0.50641, -0.749683, 0.426054, -0.002831, -0.326222, -0.623935, -0.710129, -1.2e-05, 0.0, 0.0, 0.0, 1.0],
                [0.798203, 0.220627, -0.560531, 0.124994, 0.50641, -0.749683, 0.426054, -0.002831, -0.326222, -0.623935, -0.710129, -1.2e-05, 0.0, 0.0, 0.0, 1.0],
                [0.798203, 0.220627, -0.560531, 0.124994, 0.50641, -0.749683, 0.426054, -0.002831, -0.326222, -0.623935, -0.710129, -1.2e-05, 0.0, 0.0, 0.0, 1.0],
                [0.798203, 0.220627, -0.560531, 0.124994, 0.50641, -0.749683, 0.426054, -0.002831, -0.326222, -0.623935, -0.710129, -1.2e-05, 0.0, 0.0, 0.0, 1.0],
                [0.798203, 0.220627, -0.560531, 0.124994, 0.50641, -0.749683, 0.426054, -0.002831, -0.326222, -0.623935, -0.710129, -1.2e-05, 0.0, 0.0, 0.0, 1.0],
                [0.798203, 0.220627, -0.560531, 0.124994, 0.50641, -0.749683, 0.426054, -0.002831, -0.326222, -0.623935, -0.710129, -1.2e-05, 0.0, 0.0, 0.0, 1.0],
                [0.798203, 0.220627, -0.560531, 0.124994, 0.50641, -0.749683, 0.426054, -0.002831, -0.326222, -0.623935, -0.710129, -1.2e-05, 0.0, 0.0, 0.0, 1.0],
                [0.798203, 0.220627, -0.560531, 0.124994, 0.50641, -0.749683, 0.426054, -0.002831, -0.326222, -0.623935, -0.710129, -1.2e-05, 0.0, 0.0, 0.0, 1.0],
                [0.798203, 0.220627, -0.560531, 0.124994, 0.50641, -0.749683, 0.426054, -0.002831, -0.326222, -0.623935, -0.710129, -1.2e-05, 0.0, 0.0, 0.0, 1.0],
                [0.798203, 0.220627, -0.560531, 0.124994, 0.50641, -0.749683, 0.426054, -0.002831, -0.326222, -0.623935, -0.710129, -1.2e-05, 0.0, 0.0, 0.0, 1.0],
                [0.798203, 0.220627, -0.560531, 0.124994, 0.50641, -0.749683, 0.426054, -0.002831, -0.326222, -0.623935, -0.710129, -1.2e-05, 0.0, 0.0, 0.0, 1.0],
                [0.798203, 0.220627, -0.560531, 0.124994, 0.50641, -0.749683, 0.426054, -0.002831, -0.326222, -0.623935, -0.710129, -1.2e-05, 0.0, 0.0, 0.0, 1.0],
                [0.798203, 0.220627, -0.560531, 0.124994, 0.50641, -0.749683, 0.426054, -0.002831, -0.326222, -0.623935, -0.710129, -1.2e-05, 0.0, 0.0, 0.0, 1.0],
                [0.798203, 0.220627, -0.560531, 0.124994, 0.50641, -0.749683, 0.426054, -0.002831, -0.326222, -0.623935, -0.710129, -1.2e-05, 0.0, 0.0, 0.0, 1.0],
                [0.798203, 0.220627, -0.560531, 0.124994, 0.50641, -0.749683, 0.426054, -0.002831, -0.326222, -0.623935, -0.710129, -1.2e-05, 0.0, 0.0, 0.0, 1.0],
                [0.798203, 0.220627, -0.560531, 0.124994, 0.50641, -0.749683, 0.426054, -0.002831, -0.326222, -0.623935, -0.710129, -1.2e-05, 0.0, 0.0, 0.0, 1.0],
                [0.798203, 0.220627, -0.560531, 0.124994, 0.50641, -0.749683, 0.426054, -0.002831, -0.326222, -0.623935, -0.710129, -1.2e-05, 0.0, 0.0, 0.0, 1.0],
                [0.798203, 0.220627, -0.560531, 0.124994, 0.50641, -0.749683, 0.426054, -0.002831, -0.326222, -0.623935, -0.710129, -1.2e-05, 0.0, 0.0, 0.0, 1.0],
                [0.798203, 0.220627, -0.560531, 0.124994, 0.50641, -0.749683, 0.426054, -0.002831, -0.326222, -0.623935, -0.710129, -1.2e-05, 0.0, 0.0, 0.0, 1.0],
                [0.798203, 0.220627, -0.560531, 0.124994, 0.50641, -0.749683, 0.426054, -0.002831, -0.326222, -0.623935, -0.710129, -1.2e-05, 0.0, 0.0, 0.0, 1.0],
                [0.798203, 0.220627, -0.560531, 0.124994, 0.50641, -0.749683, 0.426054, -0.002831, -0.326222, -0.623935, -0.710129, -1.2e-05, 0.0, 0.0, 0.0, 1.0],
                [0.799759, 0.21808, -0.559308, 0.124994, 0.502975, -0.752032, 0.425983, -0.002831, -0.32772, -0.622, -0.711136, -1.2e-05, 0.0, 0.0, 0.0, 1.0],
                [0.804167, 0.210787, -0.555774, 0.124994, 0.493096, -0.758688, 0.42573, -0.002831, -0.331921, -0.616406, -0.714052, -1.2e-05, 0.0, 0.0, 0.0, 1.0],
                [0.810968, 0.199217, -0.550131, 0.124994, 0.477343, -0.768993, 0.425195, -0.002831, -0.338341, -0.607419, -0.718725, -1.2e-05, 0.0, 0.0, 0.0, 1.0],
                [0.819646, 0.183801, -0.542583, 0.124994, 0.456241, -0.782218, 0.424236, -0.002831, -0.346444, -0.595271, -0.725002, -1.2e-05, 0.0, 0.0, 0.0, 1.0],
                [0.829659, 0.164963, -0.533342, 0.124994, 0.430314, -0.797595, 0.422693, -0.002831, -0.355663, -0.580194, -0.73272, -1.2e-05, 0.0, 0.0, 0.0, 1.0],
                [0.840458, 0.143149, -0.522627, 0.124994, 0.400123, -0.814348, 0.4204, -0.002831, -0.365421, -0.562442, -0.741704, -1.2e-05, 0.0, 0.0, 0.0, 1.0],
                [0.851522, 0.118851, -0.510669, 0.124994, 0.366294, -0.831723, 0.417209, -0.002831, -0.375151, -0.542316, -0.751767, -1.2e-05, 0.0, 0.0, 0.0, 1.0],
                [0.862385, 0.092614, -0.497709, 0.124994, 0.329534, -0.849021, 0.412999, -0.002831, -0.384317, -0.520175, -0.762705, -1.2e-05, 0.0, 0.0, 0.0, 1.0],
                [0.872652, 0.065049, -0.483991, 0.124994, 0.290641, -0.865627, 0.407693, -0.002831, -0.392437, -0.496441, -0.774299, -1.2e-05, 0.0, 0.0, 0.0, 1.0],
                [0.882026, 0.036824, -0.469759, 0.124994, 0.250495, -0.881041, 0.401269, -0.002831, -0.399102, -0.4716, -0.786327, -1.2e-05, 0.0, 0.0, 0.0, 1.0],
                [0.890322, 0.008657, -0.455248, 0.124994, 0.210043, -0.894892, 0.39376, -0.002831, -0.40399, -0.446194, -0.798563, -1.2e-05, 0.0, 0.0, 0.0, 1.0],
                [0.897472, -0.018696, -0.440675, 0.124994, 0.170278, -0.906958, 0.385265, -0.002831, -0.406877, -0.420801, -0.810788, -1.2e-05, 0.0, 0.0, 0.0, 1.0],
                [0.90352, -0.044461, -0.426233, 0.124994, 0.132216, -0.917162, 0.375938, -0.002831, -0.40764, -0.396021, -0.822798, -1.2e-05, 0.0, 0.0, 0.0, 1.0],
                [0.908614, -0.067855, -0.412086, 0.124994, 0.096867, -0.925562, 0.365988, -0.002831, -0.406246, -0.372459, -0.834409, -1.2e-05, 0.0, 0.0, 0.0, 1.0],
                [0.912986, -0.088103, -0.398363, 0.124994, 0.065219, -0.932331, 0.35567, -0.002831, -0.402743, -0.350702, -0.845462, -1.2e-05, 0.0, 0.0, 0.0, 1.0],
                [0.91692, -0.104438, -0.385162, 0.124994, 0.038228, -0.937721, 0.345273, -0.002831, -0.397234, -0.331311, -0.855826, -1.2e-05, 0.0, 0.0, 0.0, 1.0],
                [0.920721, -0.116097, -0.37255, 0.124994, 0.016812, -0.942026, 0.335112, -0.002831, -0.389858, -0.314807, -0.865394, -1.2e-05, 0.0, 0.0, 0.0, 1.0],
                [0.924674, -0.122319, -0.360576, 0.124994, 0.001859, -0.94553, 0.325523, -0.002831, -0.380753, -0.301672, -0.874083, -1.2e-05, 0.0, 0.0, 0.0, 1.0],
                [0.929002, -0.122323, -0.349274, 0.124994, -0.005761, -0.948457, 0.316848, -0.002831, -0.370029, -0.292339, -0.881825, -1.2e-05, 0.0, 0.0, 0.0, 1.0],
                [0.933626, -0.118284, -0.338158, 0.124994, -0.008652, -0.951088, 0.308793, -0.002831, -0.358144, -0.285371, -0.888986, -1.2e-05, 0.0, 0.0, 0.0, 1.0],
                [0.938347, -0.112948, -0.32672, 0.124994, -0.010033, -0.953616, 0.300853, -0.002831, -0.345547, -0.279025, -0.895959, -1.2e-05, 0.0, 0.0, 0.0, 1.0],
                [0.943123, -0.106378, -0.314964, 0.124994, -0.009967, -0.956041, 0.293056, -0.002831, -0.332294, -0.273247, -0.902727, -1.2e-05, 0.0, 0.0, 0.0, 1.0],
                [0.947905, -0.098635, -0.302898, 0.124994, -0.008514, -0.958359, 0.285432, -0.002831, -0.318439, -0.267983, -0.909276, -1.2e-05, 0.0, 0.0, 0.0, 1.0],
                [0.952644, -0.08978, -0.290532, 0.124994, -0.00574, -0.960559, 0.278011, -0.002831, -0.304033, -0.263177, -0.915588, -1.2e-05, 0.0, 0.0, 0.0, 1.0],
                [0.957289, -0.079877, -0.27788, 0.124994, -0.00171, -0.962627, 0.27082, -0.002831, -0.289127, -0.258777, -0.921651, -1.2e-05, 0.0, 0.0, 0.0, 1.0],
                [0.961788, -0.06899, -0.26496, 0.124994, 0.003509, -0.964546, 0.263885, -0.002831, -0.273772, -0.25473, -0.927449, -1.2e-05, 0.0, 0.0, 0.0, 1.0],
                [0.96609, -0.057185, -0.251793, 0.124994, 0.009846, -0.966297, 0.257233, -0.002831, -0.258017, -0.250988, -0.932969, -1.2e-05, 0.0, 0.0, 0.0, 1.0],
                [0.970144, -0.044528, -0.238405, 0.124994, 0.01723, -0.967861, 0.250887, -0.002831, -0.241915, -0.247503, -0.9382, -1.2e-05, 0.0, 0.0, 0.0, 1.0],
                [0.973903, -0.03109, -0.224822, 0.124994, 0.025587, -0.969217, 0.244868, -0.002831, -0.225515, -0.24423, -0.943131, -1.2e-05, 0.0, 0.0, 0.0, 1.0],
                [0.977322, -0.016942, -0.211077, 0.124994, 0.03484, -0.970344, 0.239198, -0.002831, -0.20887, -0.241126, -0.947751, -1.2e-05, 0.0, 0.0, 0.0, 1.0],
                [0.98036, -0.002158, -0.197203, 0.124994, 0.04491, -0.971223, 0.233892, -0.002831, -0.192033, -0.238154, -0.952054, -1.2e-05, 0.0, 0.0, 0.0, 1.0],
                [0.98298, 0.013185, -0.183237, 0.124994, 0.055717, -0.971837, 0.228965, -0.002831, -0.175058, -0.235277, -0.956033, -1.2e-05, 0.0, 0.0, 0.0, 1.0],
                [0.985151, 0.029011, -0.16922, 0.124994, 0.06718, -0.97217, 0.22443, -0.002831, -0.158, -0.232465, -0.959686, -1.1e-05, 0.0, 0.0, 0.0, 1.0],
                [0.986847, 0.04524, -0.155192, 0.124994, 0.079213, -0.97221, 0.220294, -0.002831, -0.140914, -0.229689, -0.963009, -1.2e-05, 0.0, 0.0, 0.0, 1.0],
                [0.988051, 0.06179, -0.141198, 0.124994, 0.091732, -0.971947, 0.216564, -0.002831, -0.123856, -0.226927, -0.966004, -1.2e-05, 0.0, 0.0, 0.0, 1.0],
                [0.988748, 0.07858, -0.127282, 0.124994, 0.104651, -0.971377, 0.21324, -0.002831, -0.106883, -0.22416, -0.968674, -1.2e-05, 0.0, 0.0, 0.0, 1.0],
                [0.988936, 0.095528, -0.11349, 0.124994, 0.117884, -0.970497, 0.210321, -0.002831, -0.09005, -0.221371, -0.971023, -1.2e-05, 0.0, 0.0, 0.0, 1.0],
                [0.988614, 0.11255, -0.099868, 0.124994, 0.131345, -0.969311, 0.207802, -0.002831, -0.073415, -0.218552, -0.97306, -1.2e-05, 0.0, 0.0, 0.0, 1.0],
                [0.987794, 0.129564, -0.086463, 0.124994, 0.144948, -0.967824, 0.205674, -0.002831, -0.057033, -0.215695, -0.974794, -1.2e-05, 0.0, 0.0, 0.0, 1.0],
                [0.986491, 0.146488, -0.07332, 0.124994, 0.15861, -0.96605, 0.203925, -0.002831, -0.040959, -0.212799, -0.976237, -1.2e-05, 0.0, 0.0, 0.0, 1.0],
                [0.98473, 0.163241, -0.060486, 0.124994, 0.172247, -0.964004, 0.20254, -0.002831, -0.025246, -0.209865, -0.977405, -1.1e-05, 0.0, 0.0, 0.0, 1.0],
                [0.982541, 0.179743, -0.048005, 0.124994, 0.185777, -0.961707, 0.2015, -0.002831, -0.009949, -0.2069, -0.978312, -1.1e-05, 0.0, 0.0, 0.0, 1.0],
                [0.979962, 0.195917, -0.03592, 0.124994, 0.199123, -0.959183, 0.200784, -0.002831, 0.004883, -0.203912, -0.978977, -1.1e-05, 0.0, 0.0, 0.0, 1.0],
                [0.977036, 0.211687, -0.024272, 0.124994, 0.212208, -0.956461, 0.200366, -0.002831, 0.019199, -0.200915, -0.979421, -1.2e-05, 0.0, 0.0, 0.0, 1.0],
                [0.973811, 0.22698, -0.013101, 0.124994, 0.224957, -0.953573, 0.200221, -0.002831, 0.032953, -0.197924, -0.979663, -1.2e-05, 0.0, 0.0, 0.0, 1.0],
                [0.970341, 0.241725, -0.002445, 0.124994, 0.237302, -0.950556, 0.20032, -0.002831, 0.046098, -0.194958, -0.979728, -1.1e-05, 0.0, 0.0, 0.0, 1.0],
                [0.966685, 0.255854, 0.007661, 0.124994, 0.249173, -0.947447, 0.200631, -0.002831, 0.058591, -0.192037, -0.979637, -1.2e-05, 0.0, 0.0, 0.0, 1.0],
                [0.962902, 0.269302, 0.017184, 0.124994, 0.260508, -0.944289, 0.201123, -0.002831, 0.070389, -0.189185, -0.979416, -1.2e-05, 0.0, 0.0, 0.0, 1.0],
                [0.959058, 0.282005, 0.026091, 0.124994, 0.271244, -0.941124, 0.201763, -0.002831, 0.081453, -0.186424, -0.979087, -1.2e-05, 0.0, 0.0, 0.0, 1.0],
                [0.955217, 0.293903, 0.034354, 0.124994, 0.281323, -0.937998, 0.202516, -0.002831, 0.091744, -0.183782, -0.978676, -1.1e-05, 0.0, 0.0, 0.0, 1.0],
                [0.951448, 0.304937, 0.041945, 0.124994, 0.290688, -0.934958, 0.203349, -0.002831, 0.101226, -0.181282, -0.978208, -1.2e-05, 0.0, 0.0, 0.0, 1.0],
                [0.947817, 0.315049, 0.048838, 0.124994, 0.299286, -0.932049, 0.204227, -0.002831, 0.109861, -0.178952, -0.977705, -1.2e-05, 0.0, 0.0, 0.0, 1.0],
                [0.944392, 0.324185, 0.055008, 0.124994, 0.307065, -0.92932, 0.205115, -0.002831, 0.117615, -0.176817, -0.977191, -1.2e-05, 0.0, 0.0, 0.0, 1.0],
                [0.941239, 0.332288, 0.060432, 0.124994, 0.313973, -0.926817, 0.205981, -0.002831, 0.124454, -0.174903, -0.976689, -1.2e-05, 0.0, 0.0, 0.0, 1.0],
                [0.938422, 0.339304, 0.065085, 0.124994, 0.319961, -0.924586, 0.206791, -0.002831, 0.130342, -0.173232, -0.976218, -1.2e-05, 0.0, 0.0, 0.0, 1.0],
                [0.936001, 0.345178, 0.068946, 0.124994, 0.324978, -0.922672, 0.207515, -0.002831, 0.135244, -0.171827, -0.9758, -1.2e-05, 0.0, 0.0, 0.0, 1.0],
                [0.934034, 0.349852, 0.071992, 0.124994, 0.328974, -0.921118, 0.208123, -0.002831, 0.139125, -0.17071, -0.97545, -1.1e-05, 0.0, 0.0, 0.0, 1.0],
                [0.932575, 0.353268, 0.074199, 0.124994, 0.331896, -0.919963, 0.208587, -0.002831, 0.141947, -0.169896, -0.975186, -1.2e-05, 0.0, 0.0, 0.0, 1.0],
                [0.931669, 0.355365, 0.075542, 0.124994, 0.333691, -0.919247, 0.208881, -0.002831, 0.143671, -0.1694, -0.975019, -1.2e-05, 0.0, 0.0, 0.0, 1.0],
                [0.93136, 0.356079, 0.075996, 0.124994, 0.334303, -0.919001, 0.208984, -0.002831, 0.144255, -0.169233, -0.974962, -1.2e-05, 0.0, 0.0, 0.0, 1.0],
                [0.93136, 0.356079, 0.075996, 0.124994, 0.334303, -0.919001, 0.208984, -0.002831, 0.144255, -0.169233, -0.974962, -1.2e-05, 0.0, 0.0, 0.0, 1.0]
            ]
        },
        {
            "name": "Leg_R",
            "time": [0.0, 0.0167, 0.0333, 0.05, 0.0667, 0.0833, 0.1, 0.1167, 0.1333, 0.15, 0.1667, 0.1833, 0.2, 0.2167, 0.2333, 0.25, 0.2667, 0.2833, 0.3, 0.3167, 0.3333, 0.35, 0.3667, 0.3833, 0.4, 0.4167, 0.4333, 0.45, 0.4667, 0.4833, 0.5, 0.5167, 0.5333, 0.55, 0.5667, 0.5833, 0.6, 0.6167, 0.6333, 0.65, 0.6667, 0.6833, 0.7, 0.7167, 0.7333, 0.75, 0.7667, 0.7833, 0.8, 0.8167, 0.8333, 0.85, 0.8667, 0.8833, 0.9, 0.9167, 0.9333, 0.95, 0.9667, 0.9833, 1.0, 1.0167, 1.0333, 1.05, 1.0667, 1.0833, 1.1, 1.1167, 1.1333, 1.15, 1.1667, 1.1833, 1.2, 1.2167, 1.2333, 1.25, 1.2667, 1.2833, 1.3, 1.3167, 1.3333, 1.35, 1.3667, 1.3833, 1.4, 1.4167, 1.4333, 1.45, 1.4667, 1.4833, 1.5, 1.5167, 1.5333, 1.55, 1.5667, 1.5833, 1.6, 1.6167, 1.6333, 1.65, 1.6667, 1.9167],
            "transform": [
                [1.0, -1e-06, 0.0, -0.0, -0.0, -0.174458, 0.984664, 0.37472, -1e-06, -0.984665, -0.174458, -0.0, 0.0, 0.0, 0.0, 1.0],
                [1.0, -1e-06, 0.0, 0.0, -0.0, -0.083802, 0.996482, 0.37472, -1e-06, -0.996483, -0.083802, 0.0, 0.0, 0.0, 0.0, 1.0],
                [1.0, -1e-06, 0.0, 0.0, -0.0, 0.171218, 0.985232, 0.37472, -1e-06, -0.985234, 0.171217, 0.0, 0.0, 0.0, 0.0, 1.0],
                [1.0, -0.0, 1e-06, -0.0, -0.0, 0.522635, 0.852556, 0.37472, -1e-06, -0.852558, 0.522634, 0.0, 0.0, 0.0, 0.0, 1.0],
                [1.0, -0.0, 1e-06, -0.0, -0.0, 0.807063, 0.590466, 0.37472, -1e-06, -0.590467, 0.807061, 0.0, 0.0, 0.0, 0.0, 1.0],
                [1.0, -0.0, 1e-06, -0.0, -0.0, 0.930482, 0.366339, 0.37472, -1e-06, -0.366339, 0.930481, 0.0, 0.0, 0.0, 0.0, 1.0],
                [1.0, 0.0, 1e-06, 0.0, -0.0, 0.968339, 0.24964, 0.37472, -1e-06, -0.249641, 0.968338, 0.0, 0.0, 0.0, 0.0, 1.0],
                [1.0, 0.0, 1e-06, -0.0, -0.0, 0.983492, 0.180956, 0.37472, -1e-06, -0.180956, 0.983491, -0.0, 0.0, 0.0, 0.0, 1.0],
                [1.0, 0.0, 1e-06, 0.0, -0.0, 0.989374, 0.145397, 0.37472, -1e-06, -0.145397, 0.989373, 0.0, 0.0, 0.0, 0.0, 1.0],
                [1.0, 0.0, 1e-06, 0.0, -0.0, 0.991479, 0.130269, 0.37472, -1e-06, -0.130269, 0.991478, 0.0, 0.0, 0.0, 0.0, 1.0],
                [1.0, 0.0, 1e-06, 0.0, -0.0, 0.991943, 0.126688, 0.37472, -1e-06, -0.126689, 0.991942, 0.0, 0.0, 0.0, 0.0, 1.0],
                [1.0, 0.0, 1e-06, 0.0, -0.0, 0.985958, 0.166995, 0.37472, -1e-06, -0.166995, 0.985957, -0.0, 0.0, 0.0, 0.0, 1.0],
                [1.0, 0.0, 1e-06, 0.0, -0.0, 0.961791, 0.273788, 0.37472, -1e-06, -0.273789, 0.961789, 0.0, 0.0, 0.0, 0.0, 1.0],
                [1.0, -0.0, 1e-06, 0.0, -0.0, 0.905947, 0.423392, 0.37472, -1e-06, -0.423393, 0.905946, -0.0, 0.0, 0.0, 0.0, 1.0],
                [1.0, -0.0, 1e-06, 0.0, -0.0, 0.811011, 0.585032, 0.37472, -1e-06, -0.585033, 0.811009, 0.0, 0.0, 0.0, 0.0, 1.0],
                [1.0, -0.0, 1e-06, -0.0, -0.0, 0.6881, 0.725616, 0.37472, -1e-06, -0.725617, 0.688099, 0.0, 0.0, 0.0, 0.0, 1.0],
                [1.0, -0.0, 1e-06, 0.0, -0.0, 0.564563, 0.82539, 0.37472, -1e-06, -0.825391, 0.564562, -0.0, 0.0, 0.0, 0.0, 1.0],
                [1.0, -1e-06, 0.0, -0.0, -0.0, 0.458257, 0.888819, 0.37472, -1e-06, -0.888821, 0.458256, -0.0, 0.0, 0.0, 0.0, 1.0],
                [1.0, -1e-06, 0.0, 0.0, -0.0, 0.378211, 0.925719, 0.37472, -1e-06, -0.92572, 0.378211, 0.0, 0.0, 0.0, 0.0, 1.0],
                [1.0, -1e-06, 0.0, 0.0, -0.0, 0.328999, 0.94433, 0.37472, -1e-06, -0.944331, 0.328998, -0.0, 0.0, 0.0, 0.0, 1.0],
                [1.0, -1e-06, 0.0, 0.0, -0.0, 0.312471, 0.949927, 0.37472, -1e-06, -0.949928, 0.312471, -0.0, 0.0, 0.0, 0.0, 1.0],
                [1.0, -1e-06, 0.0, 0.0, -0.0, 0.312471, 0.949927, 0.37472, -1e-06, -0.949928, 0.312471, 0.0, 0.0, 0.0, 0.0, 1.0],
                [1.0, -1e-06, 0.0, -0.0, -0.0, 0.312471, 0.949927, 0.37472, -1e-06, -0.949928, 0.312471, -0.0, 0.0, 0.0, 0.0, 1.0],
                [1.0, -1e-06, 0.0, -0.0, -0.0, 0.312471, 0.949927, 0.37472, -1e-06, -0.949928, 0.312471, -0.0, 0.0, 0.0, 0.0, 1.0],
                [1.0, -1e-06, 0.0, -0.0, -0.0, 0.312471, 0.949927, 0.37472, -1e-06, -0.949928, 0.312471, -0.0, 0.0, 0.0, 0.0, 1.0],
                [1.0, -1e-06, 0.0, 0.0, -0.0, 0.312471, 0.949927, 0.37472, -1e-06, -0.949928, 0.312471, 0.0, 0.0, 0.0, 0.0, 1.0],
                [1.0, -1e-06, 0.0, 0.0, -0.0, 0.312471, 0.949927, 0.37472, -1e-06, -0.949928, 0.312471, -0.0, 0.0, 0.0, 0.0, 1.0],
                [1.0, -1e-06, 0.0, 0.0, -0.0, 0.312471, 0.949927, 0.37472, -1e-06, -0.949928, 0.312471, 0.0, 0.0, 0.0, 0.0, 1.0],
                [1.0, -1e-06, 0.0, -0.0, -0.0, 0.312471, 0.949927, 0.37472, -1e-06, -0.949928, 0.312471, -0.0, 0.0, 0.0, 0.0, 1.0],
                [1.0, -1e-06, 0.0, -0.0, -0.0, 0.312471, 0.949927, 0.37472, -1e-06, -0.949928, 0.312471, 0.0, 0.0, 0.0, 0.0, 1.0],
                [1.0, -1e-06, 0.0, 0.0, -0.0, 0.312471, 0.949927, 0.37472, -1e-06, -0.949928, 0.312471, -0.0, 0.0, 0.0, 0.0, 1.0],
                [1.0, -1e-06, 0.0, -0.0, -0.0, 0.312471, 0.949927, 0.37472, -1e-06, -0.949928, 0.312471, 0.0, 0.0, 0.0, 0.0, 1.0],
                [1.0, -1e-06, 0.0, -0.0, -0.0, 0.312471, 0.949927, 0.37472, -1e-06, -0.949928, 0.312471, 0.0, 0.0, 0.0, 0.0, 1.0],
                [1.0, -1e-06, 0.0, -0.0, -0.0, 0.312471, 0.949927, 0.37472, -1e-06, -0.949928, 0.312471, 0.0, 0.0, 0.0, 0.0, 1.0],
                [1.0, -1e-06, 0.0, 0.0, -0.0, 0.312471, 0.949927, 0.37472, -1e-06, -0.949928, 0.312471, 0.0, 0.0, 0.0, 0.0, 1.0],
                [1.0, -1e-06, 0.0, -0.0, -0.0, 0.312471, 0.949927, 0.37472, -1e-06, -0.949928, 0.312471, 0.0, 0.0, 0.0, 0.0, 1.0],
                [1.0, -1e-06, 0.0, -0.0, -0.0, 0.312471, 0.949927, 0.37472, -1e-06, -0.949928, 0.312471, 0.0, 0.0, 0.0, 0.0, 1.0],
                [1.0, -1e-06, 0.0, -0.0, -0.0, 0.312471, 0.949927, 0.37472, -1e-06, -0.949928, 0.312471, 0.0, 0.0, 0.0, 0.0, 1.0],
                [1.0, -1e-06, 0.0, -0.0, -0.0, 0.312471, 0.949927, 0.37472, -1e-06, -0.949928, 0.312471, 0.0, 0.0, 0.0, 0.0, 1.0],
                [1.0, -1e-06, 0.0, -0.0, -0.0, 0.312471, 0.949927, 0.37472, -1e-06, -0.949928, 0.312471, 0.0, 0.0, 0.0, 0.0, 1.0],
                [1.0, -1e-06, 0.0, -0.0, -0.0, 0.312471, 0.949927, 0.37472, -1e-06, -0.949928, 0.312471, 0.0, 0.0, 0.0, 0.0, 1.0],
                [1.0, -1e-06, 0.0, 0.0, -0.0, 0.318835, 0.947809, 0.37472, -1e-06, -0.947811, 0.318835, -0.0, 0.0, 0.0, 0.0, 1.0],
                [1.0, -1e-06, 0.0, -0.0, -0.0, 0.337002, 0.941503, 0.37472, -1e-06, -0.941505, 0.337001, 0.0, 0.0, 0.0, 0.0, 1.0],
                [1.0, -1e-06, 1e-06, -0.0, -0.0, 0.365562, 0.930787, 0.37472, -1e-06, -0.930788, 0.365561, 0.0, 0.0, 0.0, 0.0, 1.0],
                [1.0, -1e-06, 0.0, 0.0, -0.0, 0.403032, 0.915185, 0.37472, -1e-06, -0.915186, 0.403032, 0.0, 0.0, 0.0, 0.0, 1.0],
                [1.0, -1e-06, 1e-06, -0.0, -0.0, 0.44781, 0.894128, 0.37472, -1e-06, -0.89413, 0.447809, -0.0, 0.0, 0.0, 0.0, 1.0],
                [1.0, -0.0, 1e-06, -0.0, -0.0, 0.498133, 0.8671, 0.37472, -1e-06, -0.867101, 0.498133, 0.0, 0.0, 0.0, 0.0, 1.0],
                [1.0, -0.0, 1e-06, -0.0, -0.0, 0.55209, 0.833784, 0.37472, -1e-06, -0.833786, 0.552089, -0.0, 0.0, 0.0, 0.0, 1.0],
                [1.0, -0.0, 1e-06, 0.0, -0.0, 0.607661, 0.794197, 0.37472, -1e-06, -0.794198, 0.60766, 0.0, 0.0, 0.0, 0.0, 1.0],
                [1.0, -0.0, 1e-06, -0.0, -0.0, 0.662815, 0.748783, 0.37472, -1e-06, -0.748784, 0.662814, 0.0, 0.0, 0.0, 0.0, 1.0],
                [1.0, -0.0, 1e-06, -0.0, -0.0, 0.715635, 0.698475, 0.37472, -1e-06, -0.698476, 0.715634, -0.0, 0.0, 0.0, 0.0, 1.0],
                [1.0, -0.0, 1e-06, 0.0, -0.0, 0.764453, 0.644679, 0.37472, -1e-06, -0.64468, 0.764452, 0.0, 0.0, 0.0, 0.0, 1.0],
                [1.0, -0.0, 1e-06, -0.0, -0.0, 0.807978, 0.589213, 0.37472, -1e-06, -0.589214, 0.807977, 0.0, 0.0, 0.0, 0.0, 1.0],
                [1.0, -0.0, 1e-06, -0.0, -0.0, 0.845368, 0.534184, 0.37472, -1e-06, -0.534185, 0.845367, -0.0, 0.0, 0.0, 0.0, 1.0],
                [1.0, -0.0, 1e-06, 0.0, -0.0, 0.876252, 0.481854, 0.37472, -1e-06, -0.481855, 0.876251, -0.0, 0.0, 0.0, 0.0, 1.0],
                [1.0, -0.0, 1e-06, 0.0, -0.0, 0.900671, 0.434503, 0.37472, -1e-06, -0.434503, 0.90067, -0.0, 0.0, 0.0, 0.0, 1.0],
