{
    "animation": [
        {
            "name": "Root",
            "time": [0.0, 0.0167, 0.0333, 0.05, 0.0667, 0.0833, 0.1, 0.1167, 0.1333, 0.15, 0.1667, 0.1833, 0.2, 0.2167, 0.2333, 0.25, 0.2667, 0.2833, 0.3, 0.3167, 0.3333, 0.35, 0.3667, 0.3833, 0.4, 0.4167, 0.4333, 0.45, 0.4667, 0.4833, 0.5, 0.5167, 0.5333, 0.55, 0.5667, 0.5833, 0.6, 0.6167, 0.6333, 0.65, 0.6667, 0.6833, 0.7, 0.7167, 0.7333, 0.75, 0.7667, 0.7833, 0.8, 0.8167, 0.8333, 0.85, 0.8667, 0.8833, 0.9, 0.9167, 0.9333, 0.95, 0.9667, 0.9833, 1.0, 1.0167, 1.0333, 1.05, 1.0667, 1.0833, 1.1, 1.1167, 1.1333, 1.15, 1.1667, 1.1833, 1.2, 1.2167, 1.2333, 1.25, 1.2667, 1.2833, 1.3, 1.3167, 1.3333, 1.35, 1.3667, 1.3833, 1.4, 1.4167, 1.4333, 1.45, 1.4667, 1.4833, 1.5, 1.5167, 1.5333, 1.55, 1.5667, 1.5833, 1.6, 1.6167, 1.6333, 1.65, 1.6667, 1.6833, 1.7, 1.7167, 1.7333, 1.75, 1.7667, 1.7833, 1.8, 1.8167, 1.8333, 1.85, 1.8667, 1.8833, 1.9, 1.9167, 1.9333, 1.95, 1.9667, 1.9833, 2.0, 2.0167, 2.0333, 2.05, 2.0667, 2.0833, 2.1, 2.1167, 2.1333, 2.15, 2.1667],
            "transform": [
                [1.0, 0.0, 0.0, -5e-06, 0.0, 0.0, -1.0, -0.068107, 0.0, 1.0, 0.0, 0.763972, 0.0, 0.0, 0.0, 1.0],
                [0.999928, 0.0, 0.012035, -5e-06, 0.012035, 0.0, -0.999928, -0.07114, 0.0, 1.0, 0.0, 0.762454, 0.0, 0.0, 0.0, 1.0],
                [0.998938, 0.0, 0.046074, -5e-06, 0.046074, 0.0, -0.998938, -0.079675, 0.0, 1.0, 0.0, 0.758183, 0.0, 0.0, 0.0, 1.0],
                [0.99508, 0.0, 0.099072, -5e-06, 0.099072, 0.0, -0.99508, -0.092866, 0.0, 1.0, 0.0, 0.751582, 0.0, 0.0, 0.0, 1.0],
                [0.985829, 0.0, 0.167755, -5e-06, 0.167755, 0.0, -0.985829, -0.109867, 0.0, 1.0, 0.0, 0.743075, 0.0, 0.0, 0.0, 1.0],
                [0.968678, 0.0, 0.24832, -5e-06, 0.24832, 0.0, -0.968678, -0.12983, 0.0, 1.0, 0.0, 0.733086, 0.0, 0.0, 0.0, 1.0],
                [0.941741, 0.0, 0.336338, -5e-06, 0.336338, 0.0, -0.941741, -0.151909, 0.0, 1.0, 0.0, 0.722038, 0.0, 0.0, 0.0, 1.0],
                [0.90429, 0.0, 0.426918, -5e-06, 0.426918, 0.0, -0.90429, -0.175258, 0.0, 1.0, 0.0, 0.710354, 0.0, 0.0, 0.0, 1.0],
                [0.857112, 0.0, 0.51513, -5e-06, 0.51513, 0.0, -0.857112, -0.19903, 0.0, 1.0, 0.0, 0.698459, 0.0, 0.0, 0.0, 1.0],
                [0.802564, 0.0, 0.596566, -5e-06, 0.596566, 0.0, -0.802564, -0.222379, 0.0, 1.0, 0.0, 0.686775, 0.0, 0.0, 0.0, 1.0],
                [0.74431, 0.0, 0.667834, -5e-06, 0.667834, 0.0, -0.74431, -0.244458, 0.0, 1.0, 0.0, 0.675727, 0.0, 0.0, 0.0, 1.0],
                [0.686822, 0.0, 0.726826, -5e-06, 0.726826, 0.0, -0.686822, -0.264421, 0.0, 1.0, 0.0, 0.665738, 0.0, 0.0, 0.0, 1.0],
                [0.634831, 0.0, 0.772651, -5e-06, 0.772651, 0.0, -0.634831, -0.281421, 0.0, 1.0, 0.0, 0.657231, 0.0, 0.0, 0.0, 1.0],
                [0.592892, 0.0, 0.805282, -5e-06, 0.805282, 0.0, -0.592892, -0.294612, 0.0, 1.0, 0.0, 0.650631, 0.0, 0.0, 0.0, 1.0],
                [0.56513, 0.0, 0.825002, -5e-06, 0.825002, 0.0, -0.56513, -0.303147, 0.0, 1.0, 0.0, 0.64636, 0.0, 0.0, 0.0, 1.0],
                [0.55516, 0.0, 0.831744, -5e-06, 0.831744, 0.0, -0.55516, -0.30618, 0.0, 1.0, 0.0, 0.644842, 0.0, 0.0, 0.0, 1.0],
                [0.555992, 0.0, 0.831187, -5e-06, 0.831187, 0.0, -0.555992, -0.306122, 0.0, 1.0, 0.0, 0.646247, 0.0, 0.0, 0.0, 1.0],
                [0.558656, 0.0, 0.8294, -5e-06, 0.8294, 0.0, -0.558656, -0.305714, 0.0, 1.0, 0.0, 0.650202, 0.0, 0.0, 0.0, 1.0],
                [0.563379, 0.0, 0.826198, -5e-06, 0.826198, 0.0, -0.563379, -0.304606, 0.0, 1.0, 0.0, 0.656313, 0.0, 0.0, 0.0, 1.0],
                [0.570371, 0.0, 0.821387, -5e-06, 0.821387, 0.0, -0.570371, -0.302448, 0.0, 1.0, 0.0, 0.66419, 0.0, 0.0, 0.0, 1.0],
                [0.579816, 0.0, 0.814747, -5e-06, 0.814747, 0.0, -0.579816, -0.29889, 0.0, 1.0, 0.0, 0.673439, 0.0, 0.0, 0.0, 1.0],
                [0.591883, 0.0, 0.806024, -5e-06, 0.806024, 0.0, -0.591883, -0.293583, 0.0, 1.0, 0.0, 0.683668, 0.0, 0.0, 0.0, 1.0],
                [0.606719, 0.0, 0.794917, -5e-06, 0.794917, 0.0, -0.606719, -0.286177, 0.0, 1.0, 0.0, 0.694486, 0.0, 0.0, 0.0, 1.0],
                [0.624456, 0.0, 0.78106, -5e-06, 0.78106, 0.0, -0.624456, -0.276321, 0.0, 1.0, 0.0, 0.7055, 0.0, 0.0, 0.0, 1.0],
                [0.645204, 0.0, 0.764011, -5e-06, 0.764011, 0.0, -0.645204, -0.263665, 0.0, 1.0, 0.0, 0.716318, 0.0, 0.0, 0.0, 1.0],
                [0.669044, 0.0, 0.743223, -5e-06, 0.743223, 0.0, -0.669044, -0.247861, 0.0, 1.0, 0.0, 0.726547, 0.0, 0.0, 0.0, 1.0],
                [0.696015, 0.0, 0.718027, -5e-06, 0.718027, 0.0, -0.696015, -0.228557, 0.0, 1.0, 0.0, 0.735796, 0.0, 0.0, 0.0, 1.0],
                [0.726092, 0.0, 0.687598, -5e-06, 0.687598, 0.0, -0.726092, -0.205404, 0.0, 1.0, 0.0, 0.743673, 0.0, 0.0, 0.0, 1.0],
                [0.759142, 0.0, 0.650925, -5e-06, 0.650925, 0.0, -0.759142, -0.178052, 0.0, 1.0, 0.0, 0.749784, 0.0, 0.0, 0.0, 1.0],
                [0.794875, 0.0, 0.606773, -5e-06, 0.606773, 0.0, -0.794875, -0.146151, 0.0, 1.0, 0.0, 0.753739, 0.0, 0.0, 0.0, 1.0],
                [0.832748, 0.0, 0.553652, -5e-06, 0.553652, 0.0, -0.832748, -0.109351, 0.0, 1.0, 0.0, 0.755144, 0.0, 0.0, 0.0, 1.0],
                [0.908331, 0.0, 0.418252, -5e-06, 0.418252, 0.0, -0.908331, -0.007539, 0.0, 1.0, 0.0, 0.734092, 0.0, 0.0, 0.0, 1.0],
                [0.989412, 0.0, 0.145132, -5e-06, 0.145132, 0.0, -0.989412, 0.183605, 0.0, 1.0, 0.0, 0.683889, 0.0, 0.0, 0.0, 1.0],
                [0.981224, 0.0, -0.19287, -5e-06, -0.19287, 0.0, -0.981224, 0.410738, 0.0, 1.0, 0.0, 0.623971, 0.0, 0.0, 0.0, 1.0],
                [0.88011, 0.0, -0.47477, -5e-06, -0.47477, 0.0, -0.88011, 0.620519, 0.0, 1.0, 0.0, 0.573769, 0.0, 0.0, 0.0, 1.0],
                [0.778594, 0.0, -0.627529, -5e-06, -0.627529, 0.0, -0.778594, 0.759605, 0.0, 1.0, 0.0, 0.552716, 0.0, 0.0, 0.0, 1.0],
                [0.713059, 0.0, -0.701104, 0.000647, -0.701104, 0.0, -0.713059, 0.83996, 0.0, 1.0, 0.0, 0.552716, 0.0, 0.0, 0.0, 1.0],
                [0.65032, 0.0, -0.75966, 0.002479, -0.75966, 0.0, -0.65032, 0.909618, 0.0, 1.0, 0.0, 0.552716, 0.0, 0.0, 0.0, 1.0],
                [0.591801, 0.0, -0.806084, 0.005311, -0.806084, 0.0, -0.591801, 0.969343, 0.0, 1.0, 0.0, 0.552716, 0.0, 0.0, 0.0, 1.0],
                [0.538247, 0.0, -0.842787, 0.008961, -0.842787, 0.0, -0.538247, 1.019899, 0.0, 1.0, 0.0, 0.552716, 0.0, 0.0, 0.0, 1.0],
                [0.489983, 0.0, -0.871732, 0.013247, -0.871732, 0.0, -0.489983, 1.06205, 0.0, 1.0, 0.0, 0.552716, 0.0, 0.0, 0.0, 1.0],
                [0.447084, 0.0, -0.894492, 0.017987, -0.894492, 0.0, -0.447084, 1.096561, 0.0, 1.0, 0.0, 0.552716, 0.0, 0.0, 0.0, 1.0],
                [0.409486, 0.0, -0.912317, 0.023, -0.912317, 0.0, -0.409486, 1.124195, 0.0, 1.0, 0.0, 0.552716, 0.0, 0.0, 0.0, 1.0],
                [0.377053, 0.0, -0.926192, 0.028103, -0.926192, 0.0, -0.377053, 1.145716, 0.0, 1.0, 0.0, 0.552716, 0.0, 0.0, 0.0, 1.0],
                [0.349615, 0.0, -0.936893, 0.033116, -0.936893, 0.0, -0.349615, 1.161889, 0.0, 1.0, 0.0, 0.552716, 0.0, 0.0, 0.0, 1.0],
                [0.326986, 0.0, -0.945029, 0.037857, -0.945029, 0.0, -0.326986, 1.173478, 0.0, 1.0, 0.0, 0.552716, 0.0, 0.0, 0.0, 1.0],
                [0.308976, 0.0, -0.95107, 0.042142, -0.95107, 0.0, -0.308976, 1.181246, 0.0, 1.0, 0.0, 0.552716, 0.0, 0.0, 0.0, 1.0],
                [0.295383, 0.0, -0.955379, 0.045792, -0.955379, 0.0, -0.295383, 1.185957, 0.0, 1.0, 0.0, 0.552716, 0.0, 0.0, 0.0, 1.0],
                [0.285994, 0.0, -0.958231, 0.048624, -0.958231, 0.0, -0.285994, 1.188377, 0.0, 1.0, 0.0, 0.552716, 0.0, 0.0, 0.0, 1.0],
                [0.280569, 0.0, -0.959834, 0.050457, -0.959834, 0.0, -0.280569, 1.189268, 0.0, 1.0, 0.0, 0.552716, 0.0, 0.0, 0.0, 1.0],
                [0.278829, 0.0, -0.960341, 0.051108, -0.960341, 0.0, -0.278829, 1.189396, 0.0, 1.0, 0.0, 0.552716, 0.0, 0.0, 0.0, 1.0],
                [0.278829, 0.0, -0.960341, 0.051108, -0.960341, 0.0, -0.278829, 1.189396, 0.0, 1.0, 0.0, 0.552716, 0.0, 0.0, 0.0, 1.0],
                [0.278829, 0.0, -0.960341, 0.051108, -0.960341, 0.0, -0.278829, 1.189396, 0.0, 1.0, 0.0, 0.552716, 0.0, 0.0, 0.0, 1.0],
                [0.278829, 0.0, -0.960341, 0.051108, -0.960341, 0.0, -0.278829, 1.189396, 0.0, 1.0, 0.0, 0.552716, 0.0, 0.0, 0.0, 1.0],
                [0.278829, 0.0, -0.960341, 0.051108, -0.960341, 0.0, -0.278829, 1.189396, 0.0, 1.0, 0.0, 0.552716, 0.0, 0.0, 0.0, 1.0],
                [0.278829, 0.0, -0.960341, 0.051108, -0.960341, 0.0, -0.278829, 1.189396, 0.0, 1.0, 0.0, 0.552716, 0.0, 0.0, 0.0, 1.0],
                [0.278829, 0.0, -0.960341, 0.051108, -0.960341, 0.0, -0.278829, 1.189396, 0.0, 1.0, 0.0, 0.552716, 0.0, 0.0, 0.0, 1.0],
                [0.278829, 0.0, -0.960341, 0.051108, -0.960341, 0.0, -0.278829, 1.189396, 0.0, 1.0, 0.0, 0.552716, 0.0, 0.0, 0.0, 1.0],
                [0.278829, 0.0, -0.960341, 0.051108, -0.960341, 0.0, -0.278829, 1.189396, 0.0, 1.0, 0.0, 0.552716, 0.0, 0.0, 0.0, 1.0],
                [0.278829, 0.0, -0.960341, 0.051108, -0.960341, 0.0, -0.278829, 1.189396, 0.0, 1.0, 0.0, 0.552716, 0.0, 0.0, 0.0, 1.0],
                [0.278829, 0.0, -0.960341, 0.051108, -0.960341, 0.0, -0.278829, 1.189396, 0.0, 1.0, 0.0, 0.552716, 0.0, 0.0, 0.0, 1.0],
                [0.27924, 0.0, -0.960221, 0.051077, -0.960221, 0.0, -0.27924, 1.189396, 0.0, 1.0, 0.0, 0.552809, 0.0, 0.0, 0.0, 1.0],
                [0.280456, 0.0, -0.959867, 0.050985, -0.959867, 0.0, -0.280456, 1.189396, 0.0, 1.0, 0.0, 0.553083, 0.0, 0.0, 0.0, 1.0],
                [0.282454, 0.0, -0.959281, 0.050834, -0.959281, 0.0, -0.282454, 1.189396, 0.0, 1.0, 0.0, 0.553534, 0.0, 0.0, 0.0, 1.0],
                [0.28521, 0.0, -0.958465, 0.050626, -0.958465, 0.0, -0.28521, 1.189396, 0.0, 1.0, 0.0, 0.554155, 0.0, 0.0, 0.0, 1.0],
                [0.288698, 0.0, -0.95742, 0.050363, -0.95742, 0.0, -0.288698, 1.189396, 0.0, 1.0, 0.0, 0.554942, 0.0, 0.0, 0.0, 1.0],
                [0.292895, 0.0, -0.956145, 0.050046, -0.956145, 0.0, -0.292895, 1.189396, 0.0, 1.0, 0.0, 0.55589, 0.0, 0.0, 0.0, 1.0],
                [0.297774, 0.0, -0.954636, 0.049677, -0.954636, 0.0, -0.297774, 1.189396, 0.0, 1.0, 0.0, 0.556992, 0.0, 0.0, 0.0, 1.0],
                [0.303312, 0.0, -0.952891, 0.049258, -0.952891, 0.0, -0.303312, 1.189396, 0.0, 1.0, 0.0, 0.558244, 0.0, 0.0, 0.0, 1.0],
                [0.309482, 0.0, -0.950906, 0.04879, -0.950906, 0.0, -0.309482, 1.189396, 0.0, 1.0, 0.0, 0.55964, 0.0, 0.0, 0.0, 1.0],
                [0.316258, 0.0, -0.948673, 0.048277, -0.948673, 0.0, -0.316258, 1.189396, 0.0, 1.0, 0.0, 0.561175, 0.0, 0.0, 0.0, 1.0],
                [0.323615, 0.0, -0.946189, 0.047718, -0.946189, 0.0, -0.323615, 1.189396, 0.0, 1.0, 0.0, 0.562844, 0.0, 0.0, 0.0, 1.0],
                [0.331524, 0.0, -0.943447, 0.047117, -0.943447, 0.0, -0.331524, 1.189396, 0.0, 1.0, 0.0, 0.56464, 0.0, 0.0, 0.0, 1.0],
                [0.339961, 0.0, -0.94044, 0.046474, -0.94044, 0.0, -0.339961, 1.189396, 0.0, 1.0, 0.0, 0.56656, 0.0, 0.0, 0.0, 1.0],
                [0.348897, 0.0, -0.937161, 0.045792, -0.937161, 0.0, -0.348897, 1.189396, 0.0, 1.0, 0.0, 0.568597, 0.0, 0.0, 0.0, 1.0],
                [0.358303, 0.0, -0.933605, 0.045073, -0.933605, 0.0, -0.358303, 1.189396, 0.0, 1.0, 0.0, 0.570746, 0.0, 0.0, 0.0, 1.0],
                [0.368152, 0.0, -0.929766, 0.044318, -0.929766, 0.0, -0.368152, 1.189396, 0.0, 1.0, 0.0, 0.573003, 0.0, 0.0, 0.0, 1.0],
                [0.378416, 0.0, -0.925636, 0.043528, -0.925636, 0.0, -0.378416, 1.189396, 0.0, 1.0, 0.0, 0.57536, 0.0, 0.0, 0.0, 1.0],
                [0.389063, 0.0, -0.921211, 0.042707, -0.921211, 0.0, -0.389063, 1.189396, 0.0, 1.0, 0.0, 0.577814, 0.0, 0.0, 0.0, 1.0],
                [0.400067, 0.0, -0.916486, 0.041855, -0.916486, 0.0, -0.400067, 1.189396, 0.0, 1.0, 0.0, 0.580359, 0.0, 0.0, 0.0, 1.0],
                [0.411395, 0.0, -0.911457, 0.040975, -0.911457, 0.0, -0.411395, 1.189396, 0.0, 1.0, 0.0, 0.582989, 0.0, 0.0, 0.0, 1.0],
                [0.423018, 0.0, -0.906121, 0.040068, -0.906121, 0.0, -0.423018, 1.189396, 0.0, 1.0, 0.0, 0.585699, 0.0, 0.0, 0.0, 1.0],
                [0.434906, 0.0, -0.900476, 0.039135, -0.900476, 0.0, -0.434906, 1.189396, 0.0, 1.0, 0.0, 0.588484, 0.0, 0.0, 0.0, 1.0],
                [0.447028, 0.0, -0.89452, 0.03818, -0.89452, 0.0, -0.447028, 1.189396, 0.0, 1.0, 0.0, 0.591339, 0.0, 0.0, 0.0, 1.0],
                [0.459353, 0.0, -0.888254, 0.037203, -0.888254, 0.0, -0.459353, 1.189396, 0.0, 1.0, 0.0, 0.594258, 0.0, 0.0, 0.0, 1.0],
                [0.471849, 0.0, -0.881679, 0.036206, -0.881679, 0.0, -0.471849, 1.189396, 0.0, 1.0, 0.0, 0.597235, 0.0, 0.0, 0.0, 1.0],
                [0.484487, 0.0, -0.874798, 0.035192, -0.874798, 0.0, -0.484487, 1.189396, 0.0, 1.0, 0.0, 0.600266, 0.0, 0.0, 0.0, 1.0],
                [0.497236, 0.0, -0.867616, 0.034161, -0.867616, 0.0, -0.497236, 1.189396, 0.0, 1.0, 0.0, 0.603345, 0.0, 0.0, 0.0, 1.0],
                [0.510064, 0.0, -0.860137, 0.033116, -0.860137, 0.0, -0.510064, 1.189396, 0.0, 1.0, 0.0, 0.606466, 0.0, 0.0, 0.0, 1.0],
                [0.522942, 0.0, -0.852369, 0.032059, -0.852369, 0.0, -0.522942, 1.189396, 0.0, 1.0, 0.0, 0.609625, 0.0, 0.0, 0.0, 1.0],
                [0.535839, 0.0, -0.84432, 0.030991, -0.84432, 0.0, -0.535839, 1.189396, 0.0, 1.0, 0.0, 0.612816, 0.0, 0.0, 0.0, 1.0],
                [0.548726, 0.0, -0.836002, 0.029914, -0.836002, 0.0, -0.548726, 1.189396, 0.0, 1.0, 0.0, 0.616034, 0.0, 0.0, 0.0, 1.0],
                [0.561575, 0.0, -0.827426, 0.028829, -0.827426, 0.0, -0.561575, 1.189396, 0.0, 1.0, 0.0, 0.619273, 0.0, 0.0, 0.0, 1.0],
                [0.574357, 0.0, -0.818605, 0.02774, -0.818605, 0.0, -0.574357, 1.189396, 0.0, 1.0, 0.0, 0.622529, 0.0, 0.0, 0.0, 1.0],
                [0.587044, 0.0, -0.809555, 0.026647, -0.809555, 0.0, -0.587044, 1.189396, 0.0, 1.0, 0.0, 0.625795, 0.0, 0.0, 0.0, 1.0],
                [0.599611, 0.0, -0.800291, 0.025552, -0.800291, 0.0, -0.599611, 1.189396, 0.0, 1.0, 0.0, 0.629066, 0.0, 0.0, 0.0, 1.0],
                [0.612032, 0.0, -0.790833, 0.024457, -0.790833, 0.0, -0.612032, 1.189396, 0.0, 1.0, 0.0, 0.632337, 0.0, 0.0, 0.0, 1.0],
                [0.624283, 0.0, -0.781199, 0.023363, -0.781199, 0.0, -0.624283, 1.189396, 0.0, 1.0, 0.0, 0.635603, 0.0, 0.0, 0.0, 1.0],
                [0.636339, 0.0, -0.77141, 0.022274, -0.77141, 0.0, -0.636339, 1.189396, 0.0, 1.0, 0.0, 0.638858, 0.0, 0.0, 0.0, 1.0],
                [0.648179, 0.0, -0.761488, 0.02119, -0.761488, 0.0, -0.648179, 1.189396, 0.0, 1.0, 0.0, 0.642097, 0.0, 0.0, 0.0, 1.0],
                [0.659783, 0.0, -0.751456, 0.020113, -0.751456, 0.0, -0.659783, 1.189396, 0.0, 1.0, 0.0, 0.645315, 0.0, 0.0, 0.0, 1.0],
                [0.67113, 0.0, -0.741339, 0.019044, -0.741339, 0.0, -0.67113, 1.189396, 0.0, 1.0, 0.0, 0.648506, 0.0, 0.0, 0.0, 1.0],
                [0.682203, 0.0, -0.731163, 0.017987, -0.731163, 0.0, -0.682203, 1.189396, 0.0, 1.0, 0.0, 0.651665, 0.0, 0.0, 0.0, 1.0],
                [0.692985, 0.0, -0.720952, 0.016942, -0.720952, 0.0, -0.692985, 1.189396, 0.0, 1.0, 0.0, 0.654787, 0.0, 0.0, 0.0, 1.0],
                [0.70346, 0.0, -0.710735, 0.015911, -0.710735, 0.0, -0.70346, 1.189396, 0.0, 1.0, 0.0, 0.657866, 0.0, 0.0, 0.0, 1.0],
                [0.713614, 0.0, -0.700539, 0.014897, -0.700539, 0.0, -0.713614, 1.189396, 0.0, 1.0, 0.0, 0.660897, 0.0, 0.0, 0.0, 1.0],
                [0.723435, 0.0, -0.690393, 0.0139, -0.690393, 0.0, -0.723435, 1.189396, 0.0, 1.0, 0.0, 0.663874, 0.0, 0.0, 0.0, 1.0],
                [0.732911, 0.0, -0.680324, 0.012923, -0.680324, 0.0, -0.732911, 1.189396, 0.0, 1.0, 0.0, 0.666793, 0.0, 0.0, 0.0, 1.0],
                [0.742032, 0.0, -0.670364, 0.011968, -0.670364, 0.0, -0.742032, 1.189396, 0.0, 1.0, 0.0, 0.669647, 0.0, 0.0, 0.0, 1.0],
                [0.75079, 0.0, -0.660541, 0.011036, -0.660541, 0.0, -0.75079, 1.189396, 0.0, 1.0, 0.0, 0.672432, 0.0, 0.0, 0.0, 1.0],
                [0.759177, 0.0, -0.650885, 0.010128, -0.650885, 0.0, -0.759177, 1.189396, 0.0, 1.0, 0.0, 0.675142, 0.0, 0.0, 0.0, 1.0],
                [0.767185, 0.0, -0.641425, 0.009248, -0.641425, 0.0, -0.767185, 1.189396, 0.0, 1.0, 0.0, 0.677773, 0.0, 0.0, 0.0, 1.0],
                [0.774811, 0.0, -0.632193, 0.008396, -0.632193, 0.0, -0.774811, 1.189396, 0.0, 1.0, 0.0, 0.680317, 0.0, 0.0, 0.0, 1.0],
                [0.782049, 0.0, -0.623217, 0.007575, -0.623217, 0.0, -0.782049, 1.189396, 0.0, 1.0, 0.0, 0.682771, 0.0, 0.0, 0.0, 1.0],
                [0.788896, 0.0, -0.614527, 0.006786, -0.614527, 0.0, -0.788896, 1.189396, 0.0, 1.0, 0.0, 0.685129, 0.0, 0.0, 0.0, 1.0],
                [0.795348, 0.0, -0.606153, 0.006031, -0.606153, 0.0, -0.795348, 1.189396, 0.0, 1.0, 0.0, 0.687385, 0.0, 0.0, 0.0, 1.0],
                [0.801403, 0.0, -0.598125, 0.005311, -0.598125, 0.0, -0.801403, 1.189396, 0.0, 1.0, 0.0, 0.689534, 0.0, 0.0, 0.0, 1.0],
                [0.80706, 0.0, -0.59047, 0.004629, -0.59047, 0.0, -0.80706, 1.189396, 0.0, 1.0, 0.0, 0.691572, 0.0, 0.0, 0.0, 1.0],
                [0.812316, 0.0, -0.583218, 0.003987, -0.583218, 0.0, -0.812316, 1.189396, 0.0, 1.0, 0.0, 0.693491, 0.0, 0.0, 0.0, 1.0],
                [0.81717, 0.0, -0.576397, 0.003385, -0.576397, 0.0, -0.81717, 1.189396, 0.0, 1.0, 0.0, 0.695288, 0.0, 0.0, 0.0, 1.0],
                [0.821621, 0.0, -0.570034, 0.002827, -0.570034, 0.0, -0.821621, 1.189396, 0.0, 1.0, 0.0, 0.696957, 0.0, 0.0, 0.0, 1.0],
                [0.825667, 0.0, -0.564158, 0.002313, -0.564158, 0.0, -0.825667, 1.189396, 0.0, 1.0, 0.0, 0.698492, 0.0, 0.0, 0.0, 1.0],
                [0.829306, 0.0, -0.558794, 0.001846, -0.558794, 0.0, -0.829306, 1.189396, 0.0, 1.0, 0.0, 0.699888, 0.0, 0.0, 0.0, 1.0],
                [0.832536, 0.0, -0.55397, 0.001427, -0.55397, 0.0, -0.832536, 1.189396, 0.0, 1.0, 0.0, 0.70114, 0.0, 0.0, 0.0, 1.0],
                [0.835355, 0.0, -0.549711, 0.001058, -0.549711, 0.0, -0.835355, 1.189396, 0.0, 1.0, 0.0, 0.702242, 0.0, 0.0, 0.0, 1.0],
                [0.837758, 0.0, -0.546042, 0.00074, -0.546042, 0.0, -0.837758, 1.189396, 0.0, 1.0, 0.0, 0.703189, 0.0, 0.0, 0.0, 1.0],
                [0.839741, 0.0, -0.542988, 0.000477, -0.542988, 0.0, -0.839741, 1.189396, 0.0, 1.0, 0.0, 0.703976, 0.0, 0.0, 0.0, 1.0],
                [0.841298, 0.0, -0.540572, 0.000269, -0.540572, 0.0, -0.841298, 1.189396, 0.0, 1.0, 0.0, 0.704598, 0.0, 0.0, 0.0, 1.0],
                [0.842421, 0.0, -0.538819, 0.000118, -0.538819, 0.0, -0.842421, 1.189396, 0.0, 1.0, 0.0, 0.705048, 0.0, 0.0, 0.0, 1.0],
                [0.843103, 0.0, -0.537751, 2.6e-05, -0.537751, 0.0, -0.843103, 1.189396, 0.0, 1.0, 0.0, 0.705323, 0.0, 0.0, 0.0, 1.0],
                [0.843333, 0.0, -0.537391, -5e-06, -0.537391, 0.0, -0.843333, 1.189396, 0.0, 1.0, 0.0, 0.705415, 0.0, 0.0, 0.0, 1.0]
            ]
        },
        {
            "name": "Thigh_R",
            "time": [0.0, 0.0167, 0.0333, 0.05, 0.0667, 0.0833, 0.1, 0.1167, 0.1333, 0.15, 0.1667, 0.1833, 0.2, 0.2167, 0.2333, 0.25, 0.2667, 0.2833, 0.3, 0.3167, 0.3333, 0.35, 0.3667, 0.3833, 0.4, 0.4167, 0.4333, 0.45, 0.4667, 0.4833, 0.5, 0.5167, 0.5333, 0.55, 0.5667, 0.5833, 0.6, 0.6167, 0.6333, 0.65, 0.6667, 0.6833, 0.7, 0.7167, 0.7333, 0.75, 0.7667, 0.7833, 0.8, 0.8167, 0.8333, 0.85, 0.8667, 0.8833, 0.9, 0.9167, 0.9333, 0.95, 0.9667, 0.9833, 1.0, 1.0167, 1.0333, 1.05, 1.0667, 1.0833, 1.1, 1.1167, 1.1333, 1.15, 1.1667, 1.1833, 1.2, 1.2167, 1.2333, 1.25, 1.2667, 1.2833, 1.3, 1.3167, 1.3333, 1.35, 1.3667, 1.3833, 1.4, 1.4167, 1.4333, 1.45, 1.4667, 1.4833, 1.5, 1.5167, 1.5333, 1.55, 1.5667, 1.5833, 1.6, 1.6167, 1.6333, 1.65, 1.6667, 1.6833, 1.7, 1.7167, 1.7333, 1.75, 1.7667, 1.7833, 1.8, 1.8167, 1.8333, 1.85, 1.8667, 1.8833, 1.9, 1.9167, 1.9333, 1.95, 1.9667, 1.9833, 2.0, 2.0167, 2.0333, 2.05, 2.0667, 2.0833, 2.1, 2.1167, 2.1333, 2.15, 2.1667],
            "transform": [
                [0.909529, 0.161118, 0.383142, 0.124994, 0.129687, -0.985796, 0.106688, -0.002831, 0.39489, -0.047347, -0.917508, -1.2e-05, 0.0, 0.0, 0.0, 1.0],
                [0.9092, 0.16468, 0.382408, 0.124994, 0.131822, -0.98506, 0.110792, -0.002831, 0.39494, -0.050322, -0.917328, -1.2e-05, 0.0, 0.0, 0.0, 1.0],
                [0.908232, 0.17469, 0.38026, 0.124994, 0.137829, -0.98287, 0.122333, -0.002831, 0.395117, -0.058695, -0.916754, -1.2e-05, 0.0, 0.0, 0.0, 1.0],
                [0.906613, 0.190119, 0.376704, 0.124994, 0.147101, -0.979142, 0.140138, -0.002831, 0.39549, -0.071637, -0.915672, -1.2e-05, 0.0, 0.0, 0.0, 1.0],
                [0.904309, 0.209912, 0.371702, 0.124994, 0.159022, -0.973722, 0.163013, -0.002831, 0.396153, -0.088304, -0.913929, -1.2e-05, 0.0, 0.0, 0.0, 1.0],
                [0.901288, 0.232999, 0.365226, 0.124994, 0.172965, -0.966477, 0.189741, -0.002831, 0.397192, -0.107839, -0.911378, -1.2e-05, 0.0, 0.0, 0.0, 1.0],
                [0.897557, 0.258298, 0.357314, 0.124994, 0.188291, -0.957362, 0.219089, -0.002831, 0.39867, -0.129365, -0.907925, -1.2e-05, 0.0, 0.0, 0.0, 1.0],
                [0.893169, 0.284732, 0.348104, 0.124994, 0.204361, -0.946478, 0.249824, -0.002831, 0.400606, -0.151996, -0.903555, -1.2e-05, 0.0, 0.0, 0.0, 1.0],
                [0.888243, 0.311253, 0.337852, 0.124994, 0.220543, -0.934101, 0.280736, -0.002831, 0.402969, -0.17485, -0.898356, -1.2e-05, 0.0, 0.0, 0.0, 1.0],
                [0.882965, 0.336866, 0.326945, 0.124994, 0.23623, -0.920696, 0.310662, -0.002831, 0.405668, -0.197069, -0.892523, -1.2e-05, 0.0, 0.0, 0.0, 1.0],
                [0.877583, 0.360642, 0.315888, 0.124994, 0.250847, -0.906908, 0.33851, -0.002831, 0.408563, -0.217831, -0.886356, -1.2e-05, 0.0, 0.0, 0.0, 1.0],
                [0.872398, 0.381732, 0.305287, 0.124994, 0.26386, -0.893537, 0.363272, -0.002831, 0.411458, -0.236364, -0.880247, -1.2e-05, 0.0, 0.0, 0.0, 1.0],
                [0.867752, 0.399366, 0.295823, 0.124994, 0.274776, -0.881489, 0.38402, -0.002831, 0.41413, -0.251949, -0.874653, -1.2e-05, 0.0, 0.0, 0.0, 1.0],
                [0.864005, 0.412831, 0.28821, 0.124994, 0.283133, -0.871734, 0.39989, -0.002831, 0.41633, -0.263905, -0.870071, -1.2e-05, 0.0, 0.0, 0.0, 1.0],
                [0.861515, 0.421437, 0.283162, 0.124994, 0.288485, -0.865236, 0.410048, -0.002831, 0.417812, -0.271574, -0.866995, -1.2e-05, 0.0, 0.0, 0.0, 1.0],
                [0.860618, 0.424476, 0.281345, 0.124994, 0.290377, -0.862892, 0.413636, -0.002831, 0.418349, -0.274286, -0.865882, -1.2e-05, 0.0, 0.0, 0.0, 1.0],
                [0.861867, 0.42088, 0.28292, 0.124994, 0.286546, -0.864444, 0.413066, -0.002831, 0.41842, -0.274938, -0.865641, -1.2e-05, 0.0, 0.0, 0.0, 1.0],
                [0.865287, 0.410693, 0.287415, 0.124994, 0.275819, -0.868843, 0.411136, -0.002831, 0.41857, -0.276475, -0.865079, -1.2e-05, 0.0, 0.0, 0.0, 1.0],
                [0.870311, 0.394777, 0.294463, 0.124994, 0.25932, -0.87562, 0.407479, -0.002831, 0.418702, -0.278272, -0.864438, -1.2e-05, 0.0, 0.0, 0.0, 1.0],
                [0.87632, 0.373971, 0.303658, 0.124994, 0.238163, -0.884256, 0.401704, -0.002831, 0.418738, -0.2797, -0.86396, -1.2e-05, 0.0, 0.0, 0.0, 1.0],
                [0.882706, 0.349118, 0.314557, 0.124994, 0.213479, -0.894228, 0.39342, -0.002831, 0.418636, -0.280122, -0.863872, -1.2e-05, 0.0, 0.0, 0.0, 1.0],
                [0.888925, 0.321077, 0.326682, 0.124994, 0.186427, -0.905055, 0.382252, -0.002831, 0.418398, -0.27889, -0.864386, -1.2e-05, 0.0, 0.0, 0.0, 1.0],
                [0.894532, 0.290737, 0.339534, 0.124994, 0.158195, -0.916324, 0.367859, -0.002831, 0.418074, -0.275349, -0.865677, -1.2e-05, 0.0, 0.0, 0.0, 1.0],
                [0.899213, 0.259011, 0.352602, 0.124994, 0.130001, -0.927706, 0.349939, -0.002831, 0.417749, -0.26883, -0.86788, -1.2e-05, 0.0, 0.0, 0.0, 1.0],
                [0.902795, 0.226837, 0.365385, 0.124994, 0.103083, -0.938956, 0.328224, -0.002831, 0.417535, -0.258653, -0.87107, -1.2e-05, 0.0, 0.0, 0.0, 1.0],
                [0.905245, 0.195168, 0.377412, 0.124994, 0.078688, -0.9499, 0.30248, -0.002831, 0.417539, -0.244119, -0.875252, -1.2e-05, 0.0, 0.0, 0.0, 1.0],
                [0.906663, 0.164969, 0.388261, 0.124994, 0.058061, -0.960404, 0.272487, -0.002831, 0.41784, -0.224511, -0.880344, -1.2e-05, 0.0, 0.0, 0.0, 1.0],
                [0.907251, 0.137216, 0.397576, 0.124994, 0.042446, -0.970327, 0.238031, -0.002831, 0.418442, -0.199078, -0.886157, -1.2e-05, 0.0, 0.0, 0.0, 1.0],
                [0.907277, 0.112897, 0.405096, 0.124994, 0.03308, -0.979463, 0.198881, -0.002831, 0.41923, -0.167039, -0.892381, -1.2e-05, 0.0, 0.0, 0.0, 1.0],
                [0.907027, 0.093025, 0.410667, 0.124994, 0.031194, -0.987453, 0.154786, -0.002831, 0.419915, -0.127584, -0.898551, -1.2e-05, 0.0, 0.0, 0.0, 1.0],
                [0.906747, 0.078651, 0.414274, 0.124994, 0.038006, -0.993694, 0.10547, -0.002831, 0.419957, -0.079889, -0.904021, -1.2e-05, 0.0, 0.0, 0.0, 1.0],
                [0.910461, 0.125294, 0.39416, 0.124994, 0.113516, -0.992111, 0.053161, -0.002831, 0.397712, -0.003657, -0.917503, -1.2e-05, 0.0, 0.0, 0.0, 1.0],
                [0.903927, 0.256694, 0.342086, 0.124994, 0.274532, -0.961568, -0.00388, -0.002831, 0.327943, 0.097421, -0.939661, -1.2e-05, 0.0, 0.0, 0.0, 1.0],
                [0.865655, 0.417665, 0.276037, 0.124994, 0.451074, -0.889882, -0.068108, -0.002831, 0.217194, 0.183472, -0.958731, -1.2e-05, 0.0, 0.0, 0.0, 1.0],
                [0.808861, 0.549677, 0.208801, 0.124994, 0.580058, -0.804095, -0.130233, -0.002831, 0.096309, 0.226457, -0.969248, -1.2e-05, 0.0, 0.0, 0.0, 1.0],
                [0.779381, 0.609959, 0.143225, 0.124994, 0.626536, -0.76023, -0.171756, -0.002831, 0.00412, 0.223599, -0.974673, -1.2e-05, 0.0, 0.0, 0.0, 1.0],
                [0.77894, 0.621862, 0.080858, 0.124994, 0.624374, -0.757077, -0.192323, -0.002831, -0.058383, 0.200294, -0.977995, -1.2e-05, 0.0, 0.0, 0.0, 1.0],
                [0.775255, 0.631135, 0.025423, 0.124994, 0.621749, -0.755388, -0.206914, -0.002831, -0.111387, 0.176218, -0.978029, -1.2e-05, 0.0, 0.0, 0.0, 1.0],
                [0.769638, 0.638055, -0.02326, 0.124994, 0.619259, -0.754843, -0.216165, -0.002831, -0.155483, 0.151965, -0.97608, -1.2e-05, 0.0, 0.0, 0.0, 1.0],
                [0.763107, 0.642939, -0.065528, 0.124994, 0.617272, -0.75514, -0.220762, -0.002831, -0.19142, 0.128017, -0.973124, -1.2e-05, 0.0, 0.0, 0.0, 1.0],
                [0.756415, 0.646119, -0.101806, 0.124994, 0.615975, -0.756009, -0.221408, -0.002831, -0.220023, 0.104767, -0.969853, -1.2e-05, 0.0, 0.0, 0.0, 1.0],
                [0.750088, 0.647916, -0.132553, 0.124994, 0.615416, -0.757223, -0.218801, -0.002831, -0.242137, 0.082545, -0.966725, -1.2e-05, 0.0, 0.0, 0.0, 1.0],
                [0.744465, 0.648637, -0.15824, 0.124994, 0.615544, -0.758595, -0.213629, -0.002831, -0.258608, 0.061636, -0.964014, -1.2e-05, 0.0, 0.0, 0.0, 1.0],
                [0.739733, 0.648564, -0.179326, 0.124994, 0.616243, -0.759981, -0.206568, -0.002831, -0.270258, 0.042298, -0.961859, -1.2e-05, 0.0, 0.0, 0.0, 1.0],
                [0.735965, 0.647948, -0.196258, 0.124994, 0.61736, -0.761278, -0.198289, -0.002831, -0.277889, 0.024772, -0.960294, -1.2e-05, 0.0, 0.0, 0.0, 1.0],
                [0.73314, 0.647014, -0.209467, 0.124994, 0.618726, -0.762419, -0.189455, -0.002831, -0.282282, 0.009294, -0.959287, -1.2e-05, 0.0, 0.0, 0.0, 1.0],
                [0.731176, 0.645953, -0.219372, 0.124994, 0.620169, -0.763364, -0.180728, -0.002831, -0.284203, -0.003904, -0.958756, -1.2e-05, 0.0, 0.0, 0.0, 1.0],
                [0.729943, 0.644928, -0.226381, 0.124994, 0.621527, -0.764101, -0.172774, -0.002831, -0.284406, -0.014587, -0.958593, -1.2e-05, 0.0, 0.0, 0.0, 1.0],
                [0.729282, 0.644075, -0.230896, 0.124994, 0.622654, -0.764628, -0.166261, -0.002831, -0.283635, -0.022517, -0.958668, -1.2e-05, 0.0, 0.0, 0.0, 1.0],
                [0.729018, 0.643502, -0.233315, 0.124994, 0.623419, -0.764949, -0.16186, -0.002831, -0.282632, -0.027454, -0.958836, -1.2e-05, 0.0, 0.0, 0.0, 1.0],
                [0.72897, 0.643295, -0.234034, 0.124994, 0.6237, -0.76506, -0.160244, -0.002831, -0.282135, -0.029154, -0.958932, -1.2e-05, 0.0, 0.0, 0.0, 1.0],
                [0.72897, 0.643295, -0.234034, 0.124994, 0.6237, -0.76506, -0.160244, -0.002831, -0.282135, -0.029154, -0.958932, -1.2e-05, 0.0, 0.0, 0.0, 1.0],
                [0.72897, 0.643295, -0.234034, 0.124994, 0.6237, -0.76506, -0.160244, -0.002831, -0.282135, -0.029154, -0.958932, -1.2e-05, 0.0, 0.0, 0.0, 1.0],
                [0.72897, 0.643295, -0.234034, 0.124994, 0.6237, -0.76506, -0.160244, -0.002831, -0.282135, -0.029154, -0.958932, -1.2e-05, 0.0, 0.0, 0.0, 1.0],
                [0.72897, 0.643295, -0.234034, 0.124994, 0.6237, -0.76506, -0.160244, -0.002831, -0.282135, -0.029154, -0.958932, -1.2e-05, 0.0, 0.0, 0.0, 1.0],
                [0.72897, 0.643295, -0.234034, 0.124994, 0.6237, -0.76506, -0.160244, -0.002831, -0.282135, -0.029154, -0.958932, -1.2e-05, 0.0, 0.0, 0.0, 1.0],
                [0.72897, 0.643295, -0.234034, 0.124994, 0.6237, -0.76506, -0.160244, -0.002831, -0.282135, -0.029154, -0.958932, -1.2e-05, 0.0, 0.0, 0.0, 1.0],
                [0.72897, 0.643295, -0.234034, 0.124994, 0.6237, -0.76506, -0.160244, -0.002831, -0.282135, -0.029154, -0.958932, -1.2e-05, 0.0, 0.0, 0.0, 1.0],
                [0.72897, 0.643295, -0.234034, 0.124994, 0.6237, -0.76506, -0.160244, -0.002831, -0.282135, -0.029154, -0.958932, -1.2e-05, 0.0, 0.0, 0.0, 1.0],
                [0.72897, 0.643295, -0.234034, 0.124994, 0.6237, -0.76506, -0.160244, -0.002831, -0.282135, -0.029154, -0.958932, -1.2e-05, 0.0, 0.0, 0.0, 1.0],
                [0.72897, 0.643295, -0.234034, 0.124994, 0.6237, -0.76506, -0.160244, -0.002831, -0.282135, -0.029154, -0.958932, -1.2e-05, 0.0, 0.0, 0.0, 1.0],
                [0.729158, 0.643132, -0.233896, 0.124994, 0.623598, -0.765195, -0.159997, -0.002831, -0.281876, -0.029193, -0.959007, -1.2e-05, 0.0, 0.0, 0.0, 1.0],
                [0.729714, 0.642651, -0.233486, 0.124994, 0.623294, -0.765596, -0.159266, -0.002831, -0.28111, -0.029311, -0.959228, -1.2e-05, 0.0, 0.0, 0.0, 1.0],
                [0.730625, 0.641859, -0.232812, 0.124994, 0.622792, -0.766252, -0.158066, -0.002831, -0.27985, -0.029506, -0.959591, -1.2e-05, 0.0, 0.0, 0.0, 1.0],
                [0.731881, 0.640765, -0.23188, 0.124994, 0.622097, -0.767156, -0.15641, -0.002831, -0.278111, -0.029778, -0.960088, -1.2e-05, 0.0, 0.0, 0.0, 1.0],
                [0.733467, 0.639379, -0.230693, 0.124994, 0.62121, -0.768299, -0.154313, -0.002831, -0.275906, -0.030125, -0.960713, -1.2e-05, 0.0, 0.0, 0.0, 1.0],
                [0.73537, 0.637707, -0.229258, 0.124994, 0.620133, -0.76967, -0.151789, -0.002831, -0.273251, -0.030549, -0.961458, -1.2e-05, 0.0, 0.0, 0.0, 1.0],
                [0.737576, 0.635757, -0.227579, 0.124994, 0.618866, -0.771261, -0.148853, -0.002831, -0.270158, -0.03105, -0.962315, -1.2e-05, 0.0, 0.0, 0.0, 1.0],
                [0.740071, 0.633538, -0.225659, 0.124994, 0.617411, -0.773062, -0.14552, -0.002831, -0.266641, -0.031629, -0.963277, -1.2e-05, 0.0, 0.0, 0.0, 1.0],
                [0.74284, 0.631057, -0.223502, 0.124994, 0.615767, -0.775061, -0.141803, -0.002831, -0.262714, -0.032288, -0.964333, -1.2e-05, 0.0, 0.0, 0.0, 1.0],
                [0.745869, 0.628322, -0.221111, 0.124994, 0.613933, -0.777249, -0.137719, -0.002831, -0.258391, -0.033027, -0.965476, -1.2e-05, 0.0, 0.0, 0.0, 1.0],
                [0.74914, 0.625339, -0.218489, 0.124994, 0.611909, -0.779616, -0.13328, -0.002831, -0.253684, -0.033849, -0.966695, -1.2e-05, 0.0, 0.0, 0.0, 1.0],
                [0.75264, 0.622118, -0.215639, 0.124994, 0.609694, -0.782149, -0.128504, -0.002831, -0.248607, -0.034756, -0.967981, -1.2e-05, 0.0, 0.0, 0.0, 1.0],
                [0.756352, 0.618664, -0.212564, 0.124994, 0.607286, -0.784839, -0.123405, -0.002831, -0.243175, -0.03575, -0.969324, -1.2e-05, 0.0, 0.0, 0.0, 1.0],
                [0.760261, 0.614987, -0.209267, 0.124994, 0.604685, -0.787674, -0.117997, -0.002831, -0.237401, -0.036831, -0.970713, -1.2e-05, 0.0, 0.0, 0.0, 1.0],
                [0.764349, 0.611093, -0.20575, 0.124994, 0.601889, -0.790643, -0.112298, -0.002831, -0.2313, -0.038004, -0.97214, -1.2e-05, 0.0, 0.0, 0.0, 1.0],
                [0.768602, 0.606991, -0.202018, 0.124994, 0.598897, -0.793735, -0.106321, -0.002831, -0.224885, -0.039269, -0.973594, -1.2e-05, 0.0, 0.0, 0.0, 1.0],
                [0.773002, 0.602689, -0.198072, 0.124994, 0.595709, -0.796938, -0.100084, -0.002831, -0.218171, -0.040628, -0.975065, -1.2e-05, 0.0, 0.0, 0.0, 1.0],
                [0.777533, 0.598195, -0.193917, 0.124994, 0.592324, -0.800242, -0.093602, -0.002831, -0.211173, -0.042083, -0.976543, -1.2e-05, 0.0, 0.0, 0.0, 1.0],
                [0.782179, 0.593517, -0.189556, 0.124994, 0.588742, -0.803635, -0.086892, -0.002831, -0.203906, -0.043635, -0.978018, -1.2e-05, 0.0, 0.0, 0.0, 1.0],
                [0.786924, 0.588664, -0.184995, 0.124994, 0.584964, -0.807106, -0.079969, -0.002831, -0.196385, -0.045285, -0.979481, -1.2e-05, 0.0, 0.0, 0.0, 1.0],
                [0.791752, 0.583645, -0.180236, 0.124994, 0.580989, -0.810643, -0.07285, -0.002831, -0.188626, -0.047035, -0.980922, -1.2e-05, 0.0, 0.0, 0.0, 1.0],
                [0.796647, 0.578469, -0.175286, 0.124994, 0.57682, -0.814235, -0.065552, -0.002831, -0.180644, -0.048886, -0.982333, -1.2e-05, 0.0, 0.0, 0.0, 1.0],
                [0.801593, 0.573146, -0.170149, 0.124994, 0.572457, -0.817872, -0.058092, -0.002831, -0.172456, -0.050837, -0.983705, -1.2e-05, 0.0, 0.0, 0.0, 1.0],
                [0.806575, 0.567684, -0.164832, 0.124994, 0.567904, -0.821543, -0.050485, -0.002831, -0.164077, -0.052888, -0.985029, -1.2e-05, 0.0, 0.0, 0.0, 1.0],
                [0.811578, 0.562094, -0.159341, 0.124994, 0.563163, -0.825237, -0.04275, -0.002831, -0.155524, -0.05504, -0.986298, -1.2e-05, 0.0, 0.0, 0.0, 1.0],
                [0.816587, 0.556386, -0.153683, 0.124994, 0.558239, -0.828944, -0.034903, -0.002831, -0.146815, -0.05729, -0.987504, -1.2e-05, 0.0, 0.0, 0.0, 1.0],
                [0.821588, 0.55057, -0.147866, 0.124994, 0.553135, -0.832653, -0.02696, -0.002831, -0.137965, -0.059639, -0.98864, -1.2e-05, 0.0, 0.0, 0.0, 1.0],
                [0.826566, 0.544657, -0.141898, 0.124994, 0.547858, -0.836355, -0.01894, -0.002831, -0.128993, -0.062084, -0.9897, -1.2e-05, 0.0, 0.0, 0.0, 1.0],
                [0.831509, 0.538658, -0.135787, 0.124994, 0.542413, -0.84004, -0.010858, -0.002831, -0.119915, -0.064624, -0.990679, -1.2e-05, 0.0, 0.0, 0.0, 1.0],
                [0.836405, 0.532583, -0.129543, 0.124994, 0.536806, -0.843699, -0.002731, -0.002831, -0.11075, -0.067255, -0.99157, -1.2e-05, 0.0, 0.0, 0.0, 1.0],
                [0.84124, 0.526443, -0.123175, 0.124994, 0.531047, -0.847323, 0.005425, -0.002831, -0.101514, -0.069975, -0.99237, -1.2e-05, 0.0, 0.0, 0.0, 1.0],
                [0.846003, 0.52025, -0.116694, 0.124994, 0.525142, -0.850904, 0.013592, -0.002831, -0.092225, -0.072779, -0.993075, -1.2e-05, 0.0, 0.0, 0.0, 1.0],
                [0.850683, 0.514016, -0.110111, 0.124994, 0.519101, -0.854434, 0.021754, -0.002831, -0.082901, -0.075664, -0.993682, -1.2e-05, 0.0, 0.0, 0.0, 1.0],
                [0.85527, 0.507751, -0.103438, 0.124994, 0.512934, -0.857905, 0.029897, -0.002831, -0.07356, -0.078626, -0.994187, -1.2e-05, 0.0, 0.0, 0.0, 1.0],
                [0.859756, 0.501469, -0.096685, 0.124994, 0.506652, -0.861311, 0.038004, -0.002831, -0.064219, -0.081659, -0.994589, -1.2e-05, 0.0, 0.0, 0.0, 1.0],
                [0.86413, 0.495179, -0.089867, 0.124994, 0.500266, -0.864644, 0.046059, -0.002831, -0.054895, -0.084758, -0.994888, -1.2e-05, 0.0, 0.0, 0.0, 1.0],
                [0.868385, 0.488895, -0.082995, 0.124994, 0.493789, -0.867899, 0.054049, -0.002831, -0.045607, -0.087916, -0.995083, -1.2e-05, 0.0, 0.0, 0.0, 1.0],
                [0.872514, 0.482627, -0.076083, 0.124994, 0.487233, -0.871069, 0.061958, -0.002831, -0.036371, -0.091128, -0.995175, -1.2e-05, 0.0, 0.0, 0.0, 1.0],
                [0.876511, 0.476389, -0.069145, 0.124994, 0.480612, -0.874151, 0.069772, -0.002831, -0.027205, -0.094387, -0.995164, -1.2e-05, 0.0, 0.0, 0.0, 1.0],
                [0.88037, 0.47019, -0.062194, 0.124994, 0.47394, -0.87714, 0.077477, -0.002831, -0.018124, -0.097685, -0.995053, -1.2e-05, 0.0, 0.0, 0.0, 1.0],
                [0.884087, 0.464044, -0.055247, 0.124994, 0.467233, -0.880031, 0.085061, -0.002831, -0.009147, -0.101014, -0.994843, -1.2e-05, 0.0, 0.0, 0.0, 1.0],
                [0.887657, 0.457962, -0.048316, 0.124994, 0.460504, -0.882822, 0.092511, -0.002831, -0.000288, -0.104367, -0.994539, -1.2e-05, 0.0, 0.0, 0.0, 1.0],
                [0.891078, 0.451955, -0.041418, 0.124994, 0.453771, -0.885508, 0.099814, -0.002831, 0.008435, -0.107735, -0.994144, -1.2e-05, 0.0, 0.0, 0.0, 1.0],
                [0.894347, 0.446035, -0.034567, 0.124994, 0.44705, -0.888089, 0.106958, -0.002831, 0.017009, -0.11111, -0.993663, -1.2e-05, 0.0, 0.0, 0.0, 1.0],
                [0.897463, 0.440213, -0.027779, 0.124994, 0.440357, -0.890563, 0.113933, -0.002831, 0.025416, -0.114483, -0.9931, -1.2e-05, 0.0, 0.0, 0.0, 1.0],
                [0.900425, 0.4345, -0.021069, 0.124994, 0.433709, -0.892927, 0.120728, -0.002831, 0.033643, -0.117844, -0.992462, -1.2e-05, 0.0, 0.0, 0.0, 1.0],
                [0.903232, 0.428908, -0.014454, 0.124994, 0.427124, -0.89518, 0.127333, -0.002831, 0.041675, -0.121184, -0.991755, -1.2e-05, 0.0, 0.0, 0.0, 1.0],
                [0.905886, 0.423446, -0.007949, 0.124994, 0.420619, -0.897324, 0.133737, -0.002831, 0.049498, -0.124493, -0.990985, -1.2e-05, 0.0, 0.0, 0.0, 1.0],
                [0.908387, 0.418126, -0.001569, 0.124994, 0.414213, -0.899357, 0.139932, -0.002831, 0.057098, -0.127762, -0.99016, -1.2e-05, 0.0, 0.0, 0.0, 1.0],
                [0.910738, 0.412958, 0.004668, 0.124994, 0.407923, -0.90128, 0.145909, -0.002831, 0.064462, -0.13098, -0.989287, -1.2e-05, 0.0, 0.0, 0.0, 1.0],
                [0.91294, 0.407952, 0.010748, 0.124994, 0.401768, -0.903093, 0.151661, -0.002831, 0.071577, -0.134138, -0.988375, -1.2e-05, 0.0, 0.0, 0.0, 1.0],
                [0.914996, 0.403118, 0.016655, 0.124994, 0.395766, -0.904799, 0.157178, -0.002831, 0.078431, -0.137225, -0.98743, -1.2e-05, 0.0, 0.0, 0.0, 1.0],
                [0.916909, 0.398466, 0.022373, 0.124994, 0.389935, -0.906397, 0.162454, -0.002831, 0.085011, -0.140231, -0.986463, -1.2e-05, 0.0, 0.0, 0.0, 1.0],
                [0.918684, 0.394006, 0.027886, 0.124994, 0.384294, -0.90789, 0.167481, -0.002831, 0.091306, -0.143145, -0.985481, -1.2e-05, 0.0, 0.0, 0.0, 1.0],
                [0.920324, 0.389746, 0.033179, 0.124994, 0.378861, -0.90928, 0.172254, -0.002831, 0.097304, -0.145958, -0.984494, -1.2e-05, 0.0, 0.0, 0.0, 1.0],
                [0.921832, 0.385697, 0.038235, 0.124994, 0.373654, -0.910568, 0.176765, -0.002831, 0.102994, -0.14866, -0.98351, -1.2e-05, 0.0, 0.0, 0.0, 1.0],
                [0.923213, 0.381868, 0.043041, 0.124994, 0.368691, -0.911756, 0.181008, -0.002831, 0.108364, -0.151239, -0.98254, -1.2e-05, 0.0, 0.0, 0.0, 1.0],
                [0.924472, 0.378267, 0.047581, 0.124994, 0.363991, -0.912847, 0.184977, -0.002831, 0.113405, -0.153686, -0.981591, -1.2e-05, 0.0, 0.0, 0.0, 1.0],
                [0.925613, 0.374903, 0.05184, 0.124994, 0.359571, -0.913844, 0.188666, -0.002831, 0.118105, -0.155991, -0.980672, -1.2e-05, 0.0, 0.0, 0.0, 1.0],
                [0.926639, 0.371785, 0.055802, 0.124994, 0.355449, -0.914747, 0.19207, -0.002831, 0.122453, -0.158144, -0.979794, -1.2e-05, 0.0, 0.0, 0.0, 1.0],
                [0.927556, 0.368923, 0.059454, 0.124994, 0.351642, -0.915559, 0.195181, -0.002831, 0.12644, -0.160135, -0.978964, -1.2e-05, 0.0, 0.0, 0.0, 1.0],
                [0.928366, 0.366324, 0.06278, 0.124994, 0.348168, -0.916282, 0.197996, -0.002831, 0.130055, -0.161954, -0.978191, -1.2e-05, 0.0, 0.0, 0.0, 1.0],
                [0.929075, 0.363997, 0.065767, 0.124994, 0.345043, -0.916918, 0.200506, -0.002831, 0.133287, -0.163592, -0.977483, -1.2e-05, 0.0, 0.0, 0.0, 1.0],
                [0.929684, 0.361951, 0.0684, 0.124994, 0.342284, -0.917469, 0.202706, -0.002831, 0.136125, -0.165039, -0.976848, -1.2e-05, 0.0, 0.0, 0.0, 1.0],
