{
    "animation": [
        {
            "name": "Root",
            "time": [0.0, 0.0167, 0.0333, 0.05, 0.0667, 0.0833, 0.1, 0.1167, 0.1333, 0.15, 0.1667, 0.1833, 0.2, 0.2167, 0.2333, 0.25, 0.2667, 0.2833, 0.3, 0.3167, 0.3333, 0.35, 0.3667, 0.3833, 0.4, 0.4167, 0.4333, 0.45, 0.4667, 0.4833, 0.5, 0.5167, 0.5333, 0.55, 0.5667, 0.5833, 0.6, 0.6167, 0.6333, 0.65, 0.6667, 0.6833, 0.7, 0.7167, 0.7333, 0.75, 0.7667, 0.7833, 0.8, 0.8167, 0.8333, 0.85, 0.8667, 0.8833, 0.9, 0.9167, 0.9333, 0.95, 0.9667, 0.9833, 1.0, 1.0167, 1.0333, 1.05, 1.0667, 1.0833, 1.1, 1.1167, 1.1333, 1.15, 1.1667, 1.1833, 1.2, 1.2167, 1.2333, 1.25, 1.2667],
            "transform": [
                [1.0, 0.0, 0.0, -5e-06, 0.0, -0.086304, -0.996269, 0.022632, 0.0, 0.996269, -0.086304, 0.883055, 0.0, 0.0, 0.0, 1.0],
                [1.0, 0.0, 0.0, -5e-06, 0.0, -0.098054, -0.995181, 0.035094, 0.0, 0.995181, -0.098054, 0.900491, 0.0, 0.0, 0.0, 1.0],
                [1.0, 0.0, 0.0, -5e-06, 0.0, -0.127374, -0.991855, 0.0679, 0.0, 0.991855, -0.127374, 0.946869, 0.0, 0.0, 0.0, 1.0],
                [1.0, 0.0, 0.0, -5e-06, 0.0, -0.165314, -0.986241, 0.114181, 0.0, 0.986241, -0.165314, 1.013299, 0.0, 0.0, 0.0, 1.0],
                [1.0, 0.0, 0.0, -5e-06, 0.0, -0.20298, -0.979183, 0.167069, 0.0, 0.979183, -0.20298, 1.090887, 0.0, 0.0, 0.0, 1.0],
                [1.0, 0.0, 0.0, -5e-06, 0.0, -0.231716, -0.972784, 0.219695, 0.0, 0.972784, -0.231716, 1.170742, 0.0, 0.0, 0.0, 1.0],
                [1.0, 0.0, 0.0, -5e-06, 0.0, -0.243143, -0.96999, 0.265189, 0.0, 0.96999, -0.243143, 1.243972, 0.0, 0.0, 0.0, 1.0],
                [1.0, 0.0, 0.0, -5e-06, 0.0, -0.232916, -0.972497, 0.298556, 0.0, 0.972497, -0.232916, 1.303463, 0.0, 0.0, 0.0, 1.0],
                [1.0, 0.0, 0.0, -5e-06, 0.0, -0.205804, -0.978593, 0.322296, 0.0, 0.978593, -0.205804, 1.349225, 0.0, 0.0, 0.0, 1.0],
                [1.0, 0.0, 0.0, -5e-06, 0.0, -0.167155, -0.985931, 0.340782, 0.0, 0.985931, -0.167155, 1.383044, 0.0, 0.0, 0.0, 1.0],
                [1.0, 0.0, 0.0, -5e-06, 0.0, -0.122494, -0.992469, 0.358389, 0.0, 0.992469, -0.122494, 1.406706, 0.0, 0.0, 0.0, 1.0],
                [1.0, 0.0, 0.0, -5e-06, 0.0, -0.077584, -0.996986, 0.379489, 0.0, 0.996986, -0.077584, 1.421999, 0.0, 0.0, 0.0, 1.0],
                [1.0, 0.0, 0.0, -5e-06, 0.0, -0.03831, -0.999266, 0.408457, 0.0, 0.999266, -0.03831, 1.43071, 0.0, 0.0, 0.0, 1.0],
                [1.0, 0.0, 0.0, -5e-06, 0.0, -0.01053, -0.999945, 0.449665, 0.0, 0.999945, -0.01053, 1.434626, 0.0, 0.0, 0.0, 1.0],
                [1.0, 0.0, 0.0, -5e-06, 0.0, 0.0, -1.0, 0.507487, 0.0, 1.0, 0.0, 1.435534, 0.0, 0.0, 0.0, 1.0],
                [1.0, 0.0, 0.0, -5e-06, 0.0, 0.0, -1.0, 0.584899, 0.0, 1.0, 0.0, 1.416614, 0.0, 0.0, 0.0, 1.0],
                [1.0, 0.0, 0.0, -5e-06, 0.0, 0.0, -1.0, 0.679278, 0.0, 1.0, 0.0, 1.364307, 0.0, 0.0, 0.0, 1.0],
                [1.0, 0.0, 0.0, -5e-06, 0.0, 0.0, -1.0, 0.786604, 0.0, 1.0, 0.0, 1.28529, 0.0, 0.0, 0.0, 1.0],
                [1.0, 0.0, 0.0, -5e-06, 0.0, 0.0, -1.0, 0.902859, 0.0, 1.0, 0.0, 1.18624, 0.0, 0.0, 0.0, 1.0],
                [1.0, 0.0, 0.0, -5e-06, 0.0, 0.0, -1.0, 1.024021, 0.0, 1.0, 0.0, 1.073835, 0.0, 0.0, 0.0, 1.0],
                [1.0, 0.0, 0.0, -5e-06, 0.0, 0.0, -1.0, 1.146071, 0.0, 1.0, 0.0, 0.954753, 0.0, 0.0, 0.0, 1.0],
                [1.0, 0.0, 0.0, -5e-06, 0.0, 0.0, -1.0, 1.264989, 0.0, 1.0, 0.0, 0.83567, 0.0, 0.0, 0.0, 1.0],
                [1.0, 0.0, 0.0, -5e-06, 0.0, 0.0, -1.0, 1.376755, 0.0, 1.0, 0.0, 0.723265, 0.0, 0.0, 0.0, 1.0],
                [1.0, 0.0, 0.0, -5e-06, 0.0, 0.0, -1.0, 1.477348, 0.0, 1.0, 0.0, 0.624216, 0.0, 0.0, 0.0, 1.0],
                [1.0, 0.0, 0.0, -5e-06, 0.0, 0.0, -1.0, 1.562749, 0.0, 1.0, 0.0, 0.545198, 0.0, 0.0, 0.0, 1.0],
                [1.0, 0.0, 0.0, -5e-06, 0.0, 0.0, -1.0, 1.628937, 0.0, 1.0, 0.0, 0.492891, 0.0, 0.0, 0.0, 1.0],
                [1.0, 0.0, 0.0, -5e-06, 0.0, 0.0, -1.0, 1.671893, 0.0, 1.0, 0.0, 0.473972, 0.0, 0.0, 0.0, 1.0],
                [1.0, 0.0, 0.0, -5e-06, 0.0, 0.0, -1.0, 1.699594, 0.0, 1.0, 0.0, 0.473972, 0.0, 0.0, 0.0, 1.0],
                [1.0, 0.0, 0.0, -5e-06, 0.0, 0.0, -1.0, 1.722971, 0.0, 1.0, 0.0, 0.473972, 0.0, 0.0, 0.0, 1.0],
                [1.0, 0.0, 0.0, -5e-06, 0.0, 0.0, -1.0, 1.74244, 0.0, 1.0, 0.0, 0.473972, 0.0, 0.0, 0.0, 1.0],
                [1.0, 0.0, 0.0, -5e-06, 0.0, 0.0, -1.0, 1.758413, 0.0, 1.0, 0.0, 0.473972, 0.0, 0.0, 0.0, 1.0],
                [1.0, 0.0, 0.0, -5e-06, 0.0, 0.0, -1.0, 1.771306, 0.0, 1.0, 0.0, 0.473972, 0.0, 0.0, 0.0, 1.0],
                [1.0, 0.0, 0.0, -5e-06, 0.0, 0.0, -1.0, 1.781532, 0.0, 1.0, 0.0, 0.473972, 0.0, 0.0, 0.0, 1.0],
                [1.0, 0.0, 0.0, -5e-06, 0.0, 0.0, -1.0, 1.789506, 0.0, 1.0, 0.0, 0.473972, 0.0, 0.0, 0.0, 1.0],
                [1.0, 0.0, 0.0, -5e-06, 0.0, 0.0, -1.0, 1.795641, 0.0, 1.0, 0.0, 0.473972, 0.0, 0.0, 0.0, 1.0],
                [1.0, 0.0, 0.0, -5e-06, 0.0, 0.0, -1.0, 1.800352, 0.0, 1.0, 0.0, 0.473972, 0.0, 0.0, 0.0, 1.0],
                [1.0, 0.0, 0.0, -5e-06, 0.0, 0.0, -1.0, 1.804052, 0.0, 1.0, 0.0, 0.473972, 0.0, 0.0, 0.0, 1.0],
                [1.0, 0.0, 0.0, -5e-06, 0.0, 0.0, -1.0, 1.807156, 0.0, 1.0, 0.0, 0.473972, 0.0, 0.0, 0.0, 1.0],
                [1.0, 0.0, 0.0, -5e-06, 0.0, 0.0, -1.0, 1.810078, 0.0, 1.0, 0.0, 0.473972, 0.0, 0.0, 0.0, 1.0],
                [1.0, 0.0, 0.0, -5e-06, 0.0, 0.0, -1.0, 1.813232, 0.0, 1.0, 0.0, 0.473972, 0.0, 0.0, 0.0, 1.0],
                [1.0, 0.0, 0.0, -5e-06, 0.0, 0.0, -1.0, 1.817033, 0.0, 1.0, 0.0, 0.473972, 0.0, 0.0, 0.0, 1.0],
                [1.0, 0.0, 0.0, -5e-06, 0.0, 0.0, -1.0, 1.821893, 0.0, 1.0, 0.0, 0.473972, 0.0, 0.0, 0.0, 1.0],
                [1.0, 0.0, 0.0, -5e-06, 0.0, 0.0, -1.0, 1.828143, 0.0, 1.0, 0.0, 0.474668, 0.0, 0.0, 0.0, 1.0],
                [1.0, 0.0, 0.0, -5e-06, 0.0, 0.0, -1.0, 1.835775, 0.0, 1.0, 0.0, 0.476704, 0.0, 0.0, 0.0, 1.0],
                [1.0, 0.0, 0.0, -5e-06, 0.0, 0.0, -1.0, 1.844693, 0.0, 1.0, 0.0, 0.479998, 0.0, 0.0, 0.0, 1.0],
                [1.0, 0.0, 0.0, -5e-06, 0.0, 0.0, -1.0, 1.854807, 0.0, 1.0, 0.0, 0.484469, 0.0, 0.0, 0.0, 1.0],
                [1.0, 0.0, 0.0, -5e-06, 0.0, 0.0, -1.0, 1.866022, 0.0, 1.0, 0.0, 0.490036, 0.0, 0.0, 0.0, 1.0],
                [1.0, 0.0, 0.0, -5e-06, 0.0, 0.0, -1.0, 1.878244, 0.0, 1.0, 0.0, 0.496617, 0.0, 0.0, 0.0, 1.0],
                [1.0, 0.0, 0.0, -5e-06, 0.0, 0.0, -1.0, 1.891381, 0.0, 1.0, 0.0, 0.504132, 0.0, 0.0, 0.0, 1.0],
                [1.0, 0.0, 0.0, -5e-06, 0.0, 0.0, -1.0, 1.90534, 0.0, 1.0, 0.0, 0.512498, 0.0, 0.0, 0.0, 1.0],
                [1.0, 0.0, 0.0, -5e-06, 0.0, 0.0, -1.0, 1.920027, 0.0, 1.0, 0.0, 0.521636, 0.0, 0.0, 0.0, 1.0],
                [1.0, 0.0, 0.0, -5e-06, 0.0, 0.0, -1.0, 1.935348, 0.0, 1.0, 0.0, 0.531464, 0.0, 0.0, 0.0, 1.0],
                [1.0, 0.0, 0.0, -5e-06, 0.0, 0.0, -1.0, 1.951211, 0.0, 1.0, 0.0, 0.541901, 0.0, 0.0, 0.0, 1.0],
                [1.0, 0.0, 0.0, -5e-06, 0.0, 0.0, -1.0, 1.967523, 0.0, 1.0, 0.0, 0.552865, 0.0, 0.0, 0.0, 1.0],
                [1.0, 0.0, 0.0, -5e-06, 0.0, 0.0, -1.0, 1.984189, 0.0, 1.0, 0.0, 0.564276, 0.0, 0.0, 0.0, 1.0],
                [1.0, 0.0, 0.0, -5e-06, 0.0, 0.0, -1.0, 2.001117, 0.0, 1.0, 0.0, 0.576052, 0.0, 0.0, 0.0, 1.0],
                [1.0, 0.0, 0.0, -5e-06, 0.0, 0.0, -1.0, 2.018214, 0.0, 1.0, 0.0, 0.588112, 0.0, 0.0, 0.0, 1.0],
                [1.0, 0.0, 0.0, -5e-06, 0.0, 0.0, -1.0, 2.035386, 0.0, 1.0, 0.0, 0.600374, 0.0, 0.0, 0.0, 1.0],
                [1.0, 0.0, 0.0, -5e-06, 0.0, 0.0, -1.0, 2.05254, 0.0, 1.0, 0.0, 0.612759, 0.0, 0.0, 0.0, 1.0],
                [1.0, 0.0, 0.0, -5e-06, 0.0, 0.0, -1.0, 2.069582, 0.0, 1.0, 0.0, 0.625184, 0.0, 0.0, 0.0, 1.0],
                [1.0, 0.0, 0.0, -5e-06, 0.0, 0.0, -1.0, 2.08642, 0.0, 1.0, 0.0, 0.637569, 0.0, 0.0, 0.0, 1.0],
                [1.0, 0.0, 0.0, -5e-06, 0.0, 0.0, -1.0, 2.10296, 0.0, 1.0, 0.0, 0.649832, 0.0, 0.0, 0.0, 1.0],
                [1.0, 0.0, 0.0, -5e-06, 0.0, 0.0, -1.0, 2.119109, 0.0, 1.0, 0.0, 0.661892, 0.0, 0.0, 0.0, 1.0],
                [1.0, 0.0, 0.0, -5e-06, 0.0, 0.0, -1.0, 2.134774, 0.0, 1.0, 0.0, 0.673667, 0.0, 0.0, 0.0, 1.0],
                [1.0, 0.0, 0.0, -5e-06, 0.0, 0.0, -1.0, 2.149861, 0.0, 1.0, 0.0, 0.685078, 0.0, 0.0, 0.0, 1.0],
                [1.0, 0.0, 0.0, -5e-06, 0.0, 0.0, -1.0, 2.164277, 0.0, 1.0, 0.0, 0.696042, 0.0, 0.0, 0.0, 1.0],
                [1.0, 0.0, 0.0, -5e-06, 0.0, 0.0, -1.0, 2.177928, 0.0, 1.0, 0.0, 0.706479, 0.0, 0.0, 0.0, 1.0],
                [1.0, 0.0, 0.0, -5e-06, 0.0, 0.0, -1.0, 2.190722, 0.0, 1.0, 0.0, 0.716307, 0.0, 0.0, 0.0, 1.0],
                [1.0, 0.0, 0.0, -5e-06, 0.0, 0.0, -1.0, 2.202566, 0.0, 1.0, 0.0, 0.725445, 0.0, 0.0, 0.0, 1.0],
                [1.0, 0.0, 0.0, -5e-06, 0.0, 0.0, -1.0, 2.213365, 0.0, 1.0, 0.0, 0.733811, 0.0, 0.0, 0.0, 1.0],
                [1.0, 0.0, 0.0, -5e-06, 0.0, 0.0, -1.0, 2.223027, 0.0, 1.0, 0.0, 0.741326, 0.0, 0.0, 0.0, 1.0],
                [1.0, 0.0, 0.0, -5e-06, 0.0, 0.0, -1.0, 2.231459, 0.0, 1.0, 0.0, 0.747907, 0.0, 0.0, 0.0, 1.0],
                [1.0, 0.0, 0.0, -5e-06, 0.0, 0.0, -1.0, 2.238567, 0.0, 1.0, 0.0, 0.753474, 0.0, 0.0, 0.0, 1.0],
                [1.0, 0.0, 0.0, -5e-06, 0.0, 0.0, -1.0, 2.244257, 0.0, 1.0, 0.0, 0.757945, 0.0, 0.0, 0.0, 1.0],
                [1.0, 0.0, 0.0, -5e-06, 0.0, 0.0, -1.0, 2.248437, 0.0, 1.0, 0.0, 0.761239, 0.0, 0.0, 0.0, 1.0],
                [1.0, 0.0, 0.0, -5e-06, 0.0, 0.0, -1.0, 2.251014, 0.0, 1.0, 0.0, 0.763275, 0.0, 0.0, 0.0, 1.0],
                [1.0, 0.0, 0.0, -5e-06, 0.0, 0.0, -1.0, 2.251893, 0.0, 1.0, 0.0, 0.763972, 0.0, 0.0, 0.0, 1.0]
            ]
        },
        {
            "name": "Thigh_R",
            "time": [0.0, 0.0167, 0.0333, 0.05, 0.0667, 0.0833, 0.1, 0.1167, 0.1333, 0.15, 0.1667, 0.1833, 0.2, 0.2167, 0.2333, 0.25, 0.2667, 0.2833, 0.3, 0.3167, 0.3333, 0.35, 0.3667, 0.3833, 0.4, 0.4167, 0.4333, 0.45, 0.4667, 0.4833, 0.5, 0.5167, 0.5333, 0.55, 0.5667, 0.5833, 0.6, 0.6167, 0.6333, 0.65, 0.6667, 0.6833, 0.7, 0.7167, 0.7333, 0.75, 0.7667, 0.7833, 0.8, 0.8167, 0.8333, 0.85, 0.8667, 0.8833, 0.9, 0.9167, 0.9333, 0.95, 0.9667, 0.9833, 1.0, 1.0167, 1.0333, 1.05, 1.0667, 1.0833, 1.1, 1.1167, 1.1333, 1.15, 1.1667, 1.1833, 1.2, 1.2167, 1.2333, 1.25, 1.2667],
            "transform": [
                [0.905472, 0.195275, 0.376812, 0.124994, 0.147825, -0.977372, 0.151286, -0.002831, 0.397828, -0.081283, -0.913852, -1.2e-05, 0.0, 0.0, 0.0, 1.0],
                [0.904846, 0.199905, 0.375887, 0.124994, 0.150273, -0.976042, 0.157343, -0.002831, 0.398335, -0.085885, -0.91321, -1.2e-05, 0.0, 0.0, 0.0, 1.0],
                [0.90334, 0.211437, 0.373191, 0.124994, 0.156396, -0.972524, 0.172432, -0.002831, 0.399396, -0.097398, -0.91159, -1.2e-05, 0.0, 0.0, 0.0, 1.0],
                [0.901514, 0.226324, 0.368849, 0.124994, 0.164378, -0.967544, 0.191921, -0.002831, 0.400315, -0.112388, -0.90946, -1.2e-05, 0.0, 0.0, 0.0, 1.0],
                [0.9, 0.241051, 0.363173, 0.124994, 0.172453, -0.962103, 0.211221, -0.002831, 0.400325, -0.127468, -0.907465, -1.2e-05, 0.0, 0.0, 0.0, 1.0],
                [0.899524, 0.252193, 0.356726, 0.124994, 0.178913, -0.957592, 0.225839, -0.002831, 0.398554, -0.139324, -0.906501, -1.2e-05, 0.0, 0.0, 0.0, 1.0],
                [0.900878, 0.256417, 0.35024, 0.124994, 0.182066, -0.955676, 0.231368, -0.002831, 0.394044, -0.144667, -0.907635, -1.2e-05, 0.0, 0.0, 0.0, 1.0],
                [0.904155, 0.255216, 0.34259, 0.124994, 0.18404, -0.9564, 0.22677, -0.002831, 0.385529, -0.141984, -0.911706, -1.2e-05, 0.0, 0.0, 0.0, 1.0],
                [0.908754, 0.252412, 0.332344, 0.124994, 0.18782, -0.958512, 0.214415, -0.002831, 0.372677, -0.132429, -0.918463, -1.2e-05, 0.0, 0.0, 0.0, 1.0],
                [0.914411, 0.248237, 0.319733, 0.124994, 0.192876, -0.961648, 0.195007, -0.002831, 0.355879, -0.116647, -0.927224, -1.2e-05, 0.0, 0.0, 0.0, 1.0],
                [0.920852, 0.242945, 0.304973, 0.124994, 0.198633, -0.965348, 0.169245, -0.002831, 0.335523, -0.095271, -0.937202, -1.2e-05, 0.0, 0.0, 0.0, 1.0],
                [0.927804, 0.236792, 0.288284, 0.124994, 0.2045, -0.969108, 0.13786, -0.002831, 0.312023, -0.068952, -0.947569, -1.2e-05, 0.0, 0.0, 0.0, 1.0],
                [0.935006, 0.230028, 0.269909, 0.124994, 0.209896, -0.972425, 0.101636, -0.002831, 0.285845, -0.038377, -0.957507, -1.2e-05, 0.0, 0.0, 0.0, 1.0],
                [0.942213, 0.222876, 0.250118, 0.124994, 0.214287, -0.974835, 0.061431, -0.002831, 0.257516, -0.004284, -0.966265, -1.2e-05, 0.0, 0.0, 0.0, 1.0],
                [0.949214, 0.215522, 0.229222, 0.124994, 0.217207, -0.975954, 0.01817, -0.002831, 0.227627, 0.032542, -0.973205, -1.2e-05, 0.0, 0.0, 0.0, 1.0],
                [0.95583, 0.2081, 0.207564, 0.124994, 0.218283, -0.975505, -0.027163, -0.002831, 0.196828, 0.071271, -0.977844, -1.2e-05, 0.0, 0.0, 0.0, 1.0],
                [0.961929, 0.200685, 0.185518, 0.124994, 0.217251, -0.973339, -0.073548, -0.002831, 0.165812, 0.111052, -0.979885, -1.2e-05, 0.0, 0.0, 0.0, 1.0],
                [0.967427, 0.193287, 0.163477, 0.124994, 0.213963, -0.969445, -0.119965, -0.002831, 0.135294, 0.151035, -0.979226, -1.2e-05, 0.0, 0.0, 0.0, 1.0],
                [0.972287, 0.185848, 0.14184, 0.124994, 0.208388, -0.963954, -0.165419, -0.002831, 0.105985, 0.190393, -0.97597, -1.2e-05, 0.0, 0.0, 0.0, 1.0],
                [0.976518, 0.17824, 0.121008, 0.124994, 0.200597, -0.957123, -0.208979, -0.002831, 0.078571, 0.228345, -0.970405, -1.2e-05, 0.0, 0.0, 0.0, 1.0],
                [0.981242, 0.164421, 0.10064, 0.124994, 0.184908, -0.950384, -0.250151, -0.002831, 0.054516, 0.264068, -0.962962, -1.2e-05, 0.0, 0.0, 0.0, 1.0],
                [0.986712, 0.141262, 0.080268, 0.124994, 0.158632, -0.944406, -0.287975, -0.002831, 0.035126, 0.296882, -0.954268, -1.2e-05, 0.0, 0.0, 0.0, 1.0],
                [0.99176, 0.112924, 0.060485, 0.124994, 0.126449, -0.938589, -0.321027, -0.002831, 0.020519, 0.32603, -0.945137, -1.2e-05, 0.0, 0.0, 0.0, 1.0],
                [0.9956, 0.083578, 0.04237, 0.124994, 0.093122, -0.932808, -0.34813, -0.002831, 0.010427, 0.350543, -0.936489, -1.2e-05, 0.0, 0.0, 0.0, 1.0],
                [0.997975, 0.057407, 0.027371, 0.124994, 0.063457, -0.927509, -0.36837, -0.002831, 0.00424, 0.36936, -0.929277, -1.2e-05, 0.0, 0.0, 0.0, 1.0],
                [0.999107, 0.038603, 0.017155, 0.124994, 0.042228, -0.923596, -0.381029, -0.002831, 0.001135, 0.381413, -0.924404, -1.2e-05, 0.0, 0.0, 0.0, 1.0],
                [0.999417, 0.031383, 0.013402, 0.124994, 0.034124, -0.922105, -0.385427, -0.002831, 0.000262, 0.385659, -0.922641, -1.2e-05, 0.0, 0.0, 0.0, 1.0],
                [0.999417, 0.031383, 0.013402, 0.124994, 0.034124, -0.922105, -0.385427, -0.002831, 0.000262, 0.385659, -0.922641, -1.2e-05, 0.0, 0.0, 0.0, 1.0],
                [0.999417, 0.031383, 0.013402, 0.124994, 0.034124, -0.922105, -0.385427, -0.002831, 0.000262, 0.385659, -0.922641, -1.2e-05, 0.0, 0.0, 0.0, 1.0],
                [0.999417, 0.031383, 0.013402, 0.124994, 0.034124, -0.922105, -0.385427, -0.002831, 0.000262, 0.385659, -0.922641, -1.2e-05, 0.0, 0.0, 0.0, 1.0],
                [0.999417, 0.031383, 0.013402, 0.124994, 0.034124, -0.922105, -0.385427, -0.002831, 0.000262, 0.385659, -0.922641, -1.2e-05, 0.0, 0.0, 0.0, 1.0],
                [0.999417, 0.031383, 0.013402, 0.124994, 0.034124, -0.922105, -0.385427, -0.002831, 0.000262, 0.385659, -0.922641, -1.2e-05, 0.0, 0.0, 0.0, 1.0],
                [0.999417, 0.031383, 0.013402, 0.124994, 0.034124, -0.922105, -0.385427, -0.002831, 0.000262, 0.385659, -0.922641, -1.2e-05, 0.0, 0.0, 0.0, 1.0],
                [0.999417, 0.031383, 0.013402, 0.124994, 0.034124, -0.922105, -0.385427, -0.002831, 0.000262, 0.385659, -0.922641, -1.2e-05, 0.0, 0.0, 0.0, 1.0],
                [0.999417, 0.031383, 0.013402, 0.124994, 0.034124, -0.922105, -0.385427, -0.002831, 0.000262, 0.385659, -0.922641, -1.2e-05, 0.0, 0.0, 0.0, 1.0],
                [0.999417, 0.031383, 0.013402, 0.124994, 0.034124, -0.922105, -0.385427, -0.002831, 0.000262, 0.385659, -0.922641, -1.2e-05, 0.0, 0.0, 0.0, 1.0],
                [0.999417, 0.031383, 0.013402, 0.124994, 0.034124, -0.922105, -0.385427, -0.002831, 0.000262, 0.385659, -0.922641, -1.2e-05, 0.0, 0.0, 0.0, 1.0],
                [0.999417, 0.031383, 0.013402, 0.124994, 0.034124, -0.922105, -0.385427, -0.002831, 0.000262, 0.385659, -0.922641, -1.2e-05, 0.0, 0.0, 0.0, 1.0],
                [0.999417, 0.031383, 0.013402, 0.124994, 0.034124, -0.922105, -0.385427, -0.002831, 0.000262, 0.385659, -0.922641, -1.2e-05, 0.0, 0.0, 0.0, 1.0],
                [0.999417, 0.031383, 0.013402, 0.124994, 0.034124, -0.922105, -0.385427, -0.002831, 0.000262, 0.385659, -0.922641, -1.2e-05, 0.0, 0.0, 0.0, 1.0],
                [0.999417, 0.031383, 0.013402, 0.124994, 0.034124, -0.922105, -0.385427, -0.002831, 0.000262, 0.385659, -0.922641, -1.2e-05, 0.0, 0.0, 0.0, 1.0],
                [0.999417, 0.031383, 0.013402, 0.124994, 0.034124, -0.922105, -0.385427, -0.002831, 0.000262, 0.385659, -0.922641, -1.2e-05, 0.0, 0.0, 0.0, 1.0],
                [0.999401, 0.031482, 0.014362, 0.124994, 0.034584, -0.922523, -0.384384, -0.002831, 0.001149, 0.38465, -0.923062, -1.2e-05, 0.0, 0.0, 0.0, 1.0],
                [0.999347, 0.031776, 0.01717, 0.124994, 0.035924, -0.923739, -0.38133, -0.002831, 0.003744, 0.381698, -0.92428, -1.2e-05, 0.0, 0.0, 0.0, 1.0],
                [0.999243, 0.032272, 0.021715, 0.124994, 0.038076, -0.925686, -0.376368, -0.002831, 0.007955, 0.376909, -0.926216, -1.2e-05, 0.0, 0.0, 0.0, 1.0],
                [0.999066, 0.032983, 0.027887, 0.124994, 0.040963, -0.928289, -0.369592, -0.002831, 0.013697, 0.370389, -0.928776, -1.2e-05, 0.0, 0.0, 0.0, 1.0],
                [0.99879, 0.033931, 0.035573, 0.124994, 0.044505, -0.931466, -0.361092, -0.002831, 0.020883, 0.362238, -0.931852, -1.2e-05, 0.0, 0.0, 0.0, 1.0],
                [0.998383, 0.03514, 0.044663, 0.124994, 0.048614, -0.935129, -0.350951, -0.002831, 0.029433, 0.352555, -0.935328, -1.2e-05, 0.0, 0.0, 0.0, 1.0],
                [0.997811, 0.036639, 0.055042, 0.124994, 0.053201, -0.939186, -0.339257, -0.002831, 0.039264, 0.341443, -0.939082, -1.2e-05, 0.0, 0.0, 0.0, 1.0],
                [0.997039, 0.038456, 0.066592, 0.124994, 0.058173, -0.943543, -0.326095, -0.002831, 0.050292, 0.329003, -0.942989, -1.2e-05, 0.0, 0.0, 0.0, 1.0],
                [0.996031, 0.04062, 0.079193, 0.124994, 0.063437, -0.948106, -0.311556, -0.002831, 0.062428, 0.315343, -0.946922, -1.2e-05, 0.0, 0.0, 0.0, 1.0],
                [0.994756, 0.043155, 0.092722, 0.124994, 0.0689, -0.952779, -0.295737, -0.002831, 0.075582, 0.300575, -0.950759, -1.2e-05, 0.0, 0.0, 0.0, 1.0],
                [0.993184, 0.046082, 0.107053, 0.124994, 0.07447, -0.957473, -0.278741, -0.002831, 0.089655, 0.284813, -0.954381, -1.2e-05, 0.0, 0.0, 0.0, 1.0],
                [0.991292, 0.049419, 0.122054, 0.124994, 0.080061, -0.962098, -0.260681, -0.002831, 0.104545, 0.268182, -0.957679, -1.2e-05, 0.0, 0.0, 0.0, 1.0],
                [0.98906, 0.053174, 0.137594, 0.124994, 0.085586, -0.966573, -0.241676, -0.002831, 0.120144, 0.250809, -0.960552, -1.2e-05, 0.0, 0.0, 0.0, 1.0],
                [0.986476, 0.057348, 0.15354, 0.124994, 0.09097, -0.970824, -0.221858, -0.002831, 0.136337, 0.232825, -0.962915, -1.2e-05, 0.0, 0.0, 0.0, 1.0],
                [0.983537, 0.061936, 0.169756, 0.124994, 0.096141, -0.974785, -0.201364, -0.002831, 0.153004, 0.21437, -0.964695, -1.2e-05, 0.0, 0.0, 0.0, 1.0],
                [0.980247, 0.066922, 0.186109, 0.124994, 0.101036, -0.978399, -0.180342, -0.002831, 0.170021, 0.195584, -0.965837, -1.2e-05, 0.0, 0.0, 0.0, 1.0],
                [0.976617, 0.072281, 0.202469, 0.124994, 0.105604, -0.981621, -0.158946, -0.002831, 0.187259, 0.176611, -0.966304, -1.2e-05, 0.0, 0.0, 0.0, 1.0],
                [0.97267, 0.077978, 0.218705, 0.124994, 0.1098, -0.984418, -0.137336, -0.002831, 0.204588, 0.157596, -0.966078, -1.2e-05, 0.0, 0.0, 0.0, 1.0],
                [0.968435, 0.08397, 0.234695, 0.124994, 0.113593, -0.986768, -0.115676, -0.002831, 0.221876, 0.138685, -0.965162, -1.2e-05, 0.0, 0.0, 0.0, 1.0],
                [0.963951, 0.090205, 0.25032, 0.124994, 0.116963, -0.988663, -0.094136, -0.002831, 0.238991, 0.120021, -0.963576, -1.2e-05, 0.0, 0.0, 0.0, 1.0],
                [0.959265, 0.096623, 0.265469, 0.124994, 0.119899, -0.990105, -0.072882, -0.002831, 0.255801, 0.101743, -0.961361, -1.2e-05, 0.0, 0.0, 0.0, 1.0],
                [0.95443, 0.103155, 0.28004, 0.124994, 0.122403, -0.991111, -0.052084, -0.002831, 0.272178, 0.083989, -0.958575, -1.2e-05, 0.0, 0.0, 0.0, 1.0],
                [0.949505, 0.109729, 0.293936, 0.124994, 0.124485, -0.991706, -0.031909, -0.002831, 0.287998, 0.066889, -0.955292, -1.2e-05, 0.0, 0.0, 0.0, 1.0],
                [0.944557, 0.116266, 0.307072, 0.124994, 0.126167, -0.991928, -0.01252, -0.002831, 0.303138, 0.050569, -0.951604, -1.2e-05, 0.0, 0.0, 0.0, 1.0],
                [0.939655, 0.122681, 0.319369, 0.124994, 0.127479, -0.991821, 0.005924, -0.002831, 0.317484, 0.035147, -0.947612, -1.2e-05, 0.0, 0.0, 0.0, 1.0],
                [0.934873, 0.128889, 0.330757, 0.124994, 0.128456, -0.99144, 0.023269, -0.002831, 0.330925, 0.020735, -0.943429, -1.2e-05, 0.0, 0.0, 0.0, 1.0],
                [0.930285, 0.134801, 0.341172, 0.124994, 0.129141, -0.990842, 0.039365, -0.002831, 0.343355, 0.007439, -0.939177, -1.2e-05, 0.0, 0.0, 0.0, 1.0],
                [0.925967, 0.14033, 0.350558, 0.124994, 0.12958, -0.990092, 0.054068, -0.002831, 0.354673, -0.00464, -0.934979, -1.2e-05, 0.0, 0.0, 0.0, 1.0],
                [0.921998, 0.145387, 0.358862, 0.124994, 0.129822, -0.989253, 0.06724, -0.002831, 0.364782, -0.015406, -0.930966, -1.2e-05, 0.0, 0.0, 0.0, 1.0],
                [0.918451, 0.149884, 0.366035, 0.124994, 0.129916, -0.988391, 0.078745, -0.002831, 0.373589, -0.024769, -0.927264, -1.2e-05, 0.0, 0.0, 0.0, 1.0],
                [0.915401, 0.153736, 0.372029, 0.124994, 0.12991, -0.987571, 0.088452, -0.002831, 0.381003, -0.032639, -0.923998, -1.2e-05, 0.0, 0.0, 0.0, 1.0],
                [0.912919, 0.156862, 0.376792, 0.124994, 0.129849, -0.986851, 0.096231, -0.002831, 0.386933, -0.038924, -0.921286, -1.2e-05, 0.0, 0.0, 0.0, 1.0],
                [0.911072, 0.159182, 0.380273, 0.124994, 0.129771, -0.986287, 0.10195, -0.002831, 0.391287, -0.043535, -0.919238, -1.2e-05, 0.0, 0.0, 0.0, 1.0],
                [0.909923, 0.160624, 0.382412, 0.124994, 0.12971, -0.985923, 0.105481, -0.002831, 0.393973, -0.046376, -0.917952, -1.2e-05, 0.0, 0.0, 0.0, 1.0],
                [0.909529, 0.161118, 0.383142, 0.124994, 0.129687, -0.985796, 0.106688, -0.002831, 0.39489, -0.047347, -0.917508, -1.2e-05, 0.0, 0.0, 0.0, 1.0]
            ]
        },
        {
            "name": "Leg_R",
            "time": [0.0, 0.0167, 0.0333, 0.05, 0.0667, 0.0833, 0.1, 0.1167, 0.1333, 0.15, 0.1667, 0.1833, 0.2, 0.2167, 0.2333, 0.25, 0.2667, 0.2833, 0.3, 0.3167, 0.3333, 0.35, 0.3667, 0.3833, 0.4, 0.4167, 0.4333, 0.45, 0.4667, 0.4833, 0.5, 0.5167, 0.5333, 0.55, 0.5667, 0.5833, 0.6, 0.6167, 0.6333, 0.65, 0.6667, 0.6833, 0.7, 0.7167, 0.7333, 0.75, 0.7667, 0.7833, 0.8, 0.8167, 0.8333, 0.85, 0.8667, 0.8833, 0.9, 0.9167, 0.9333, 0.95, 0.9667, 0.9833, 1.0, 1.0167, 1.0333, 1.05, 1.0667, 1.0833, 1.1, 1.1167, 1.1333, 1.15, 1.1667, 1.1833, 1.2, 1.2167, 1.2333, 1.25, 1.2667],
            "transform": [
                [1.0, 0.0, 1e-06, 0.0, -0.0, 0.984787, 0.173769, 0.37472, -1e-06, -0.173769, 0.984786, 0.0, 0.0, 0.0, 0.0, 1.0],
                [1.0, 0.0, 1e-06, -0.0, -0.0, 0.980991, 0.194056, 0.37472, -1e-06, -0.194056, 0.98099, 0.0, 0.0, 0.0, 0.0, 1.0],
                [1.0, 0.0, 1e-06, 0.0, -0.0, 0.968874, 0.247556, 0.37472, -1e-06, -0.247556, 0.968873, 0.0, 0.0, 0.0, 0.0, 1.0],
                [1.0, -0.0, 1e-06, 0.0, -0.0, 0.94649, 0.322735, 0.37472, -1e-06, -0.322735, 0.946489, 0.0, 0.0, 0.0, 0.0, 1.0],
                [1.0, -0.0, 1e-06, 0.0, -0.0, 0.913148, 0.407629, 0.37472, -1e-06, -0.407629, 0.913147, 0.0, 0.0, 0.0, 0.0, 1.0],
                [1.0, -0.0, 1e-06, -0.0, -0.0, 0.871305, 0.490742, 0.37472, -1e-06, -0.490743, 0.871304, 0.0, 0.0, 0.0, 0.0, 1.0],
                [1.0, -0.0, 1e-06, -0.0, -0.0, 0.826938, 0.562293, 0.37472, -1e-06, -0.562294, 0.826937, -0.0, 0.0, 0.0, 0.0, 1.0],
                [1.0, -0.0, 1e-06, 0.0, -0.0, 0.785088, 0.619384, 0.37472, -1e-06, -0.619385, 0.785087, 0.0, 0.0, 0.0, 0.0, 1.0],
                [1.0, -0.0, 1e-06, 0.0, -0.0, 0.746243, 0.665674, 0.37472, -1e-06, -0.665675, 0.746242, -0.0, 0.0, 0.0, 0.0, 1.0],
                [1.0, -0.0, 1e-06, -0.0, -0.0, 0.711289, 0.7029, 0.37472, -1e-06, -0.702901, 0.711288, 0.0, 0.0, 0.0, 0.0, 1.0],
                [1.0, -0.0, 1e-06, 0.0, -0.0, 0.68067, 0.73259, 0.37472, -1e-06, -0.732591, 0.680669, 0.0, 0.0, 0.0, 0.0, 1.0],
                [1.0, -0.0, 1e-06, -0.0, -0.0, 0.654513, 0.756051, 0.37472, -1e-06, -0.756052, 0.654512, 0.0, 0.0, 0.0, 0.0, 1.0],
                [1.0, -0.0, 1e-06, 0.0, -0.0, 0.632724, 0.774377, 0.37472, -1e-06, -0.774378, 0.632723, -0.0, 0.0, 0.0, 0.0, 1.0],
                [1.0, -0.0, 1e-06, 0.0, -0.0, 0.615056, 0.788483, 0.37472, -1e-06, -0.788484, 0.615056, 0.0, 0.0, 0.0, 0.0, 1.0],
                [1.0, -0.0, 1e-06, 0.0, -0.0, 0.601158, 0.79913, 0.37472, -1e-06, -0.799131, 0.601157, -0.0, 0.0, 0.0, 0.0, 1.0],
                [1.0, -0.0, 1e-06, -0.0, -0.0, 0.590601, 0.806963, 0.37472, -1e-06, -0.806965, 0.5906, 0.0, 0.0, 0.0, 0.0, 1.0],
                [1.0, -0.0, 1e-06, 0.0, -0.0, 0.582902, 0.812542, 0.37472, -1e-06, -0.812543, 0.582901, 0.0, 0.0, 0.0, 0.0, 1.0],
                [1.0, -0.0, 1e-06, 0.0, -0.0, 0.577537, 0.816364, 0.37472, -1e-06, -0.816366, 0.577536, -0.0, 0.0, 0.0, 0.0, 1.0],
                [1.0, -0.0, 1e-06, 0.0, -0.0, 0.573951, 0.818889, 0.37472, -1e-06, -0.818891, 0.57395, -0.0, 0.0, 0.0, 0.0, 1.0],
                [1.0, -0.0, 1e-06, 0.0, -0.0, 0.571564, 0.820557, 0.37472, -1e-06, -0.820558, 0.571564, 0.0, 0.0, 0.0, 0.0, 1.0],
                [1.0, -0.0, 1e-06, 0.0, -0.0, 0.570611, 0.82122, 0.37472, -1e-06, -0.821222, 0.57061, 0.0, 0.0, 0.0, 0.0, 1.0],
                [1.0, -0.0, 1e-06, 0.0, -0.0, 0.571351, 0.820705, 0.37472, -1e-06, -0.820706, 0.57135, -0.0, 0.0, 0.0, 0.0, 1.0],
                [1.0, -0.0, 1e-06, -0.0, -0.0, 0.573228, 0.819396, 0.37472, -1e-06, -0.819397, 0.573227, -0.0, 0.0, 0.0, 0.0, 1.0],
                [1.0, -0.0, 1e-06, -0.0, -0.0, 0.575674, 0.817679, 0.37472, -1e-06, -0.81768, 0.575673, 0.0, 0.0, 0.0, 0.0, 1.0],
                [1.0, -0.0, 1e-06, -0.0, -0.0, 0.578122, 0.81595, 0.37472, -1e-06, -0.815951, 0.578121, 0.0, 0.0, 0.0, 0.0, 1.0],
                [1.0, -0.0, 1e-06, 0.0, -0.0, 0.580005, 0.814612, 0.37472, -1e-06, -0.814614, 0.580005, -0.0, 0.0, 0.0, 0.0, 1.0],
                [1.0, -0.0, 1e-06, 0.0, -0.0, 0.580758, 0.814075, 0.37472, -1e-06, -0.814077, 0.580758, -0.0, 0.0, 0.0, 0.0, 1.0],
                [1.0, -0.0, 1e-06, -0.0, -0.0, 0.580758, 0.814075, 0.37472, -1e-06, -0.814077, 0.580758, -0.0, 0.0, 0.0, 0.0, 1.0],
                [1.0, -0.0, 1e-06, -0.0, -0.0, 0.580758, 0.814075, 0.37472, -1e-06, -0.814077, 0.580758, -0.0, 0.0, 0.0, 0.0, 1.0],
                [1.0, -0.0, 1e-06, -0.0, -0.0, 0.580758, 0.814075, 0.37472, -1e-06, -0.814077, 0.580758, -0.0, 0.0, 0.0, 0.0, 1.0],
                [1.0, -0.0, 1e-06, -0.0, -0.0, 0.580758, 0.814075, 0.37472, -1e-06, -0.814077, 0.580758, 0.0, 0.0, 0.0, 0.0, 1.0],
                [1.0, -0.0, 1e-06, 0.0, -0.0, 0.580758, 0.814075, 0.37472, -1e-06, -0.814077, 0.580758, -0.0, 0.0, 0.0, 0.0, 1.0],
                [1.0, -0.0, 1e-06, 0.0, -0.0, 0.580758, 0.814075, 0.37472, -1e-06, -0.814077, 0.580758, -0.0, 0.0, 0.0, 0.0, 1.0],
                [1.0, -0.0, 1e-06, 0.0, -0.0, 0.580758, 0.814075, 0.37472, -1e-06, -0.814077, 0.580758, -0.0, 0.0, 0.0, 0.0, 1.0],
                [1.0, -0.0, 1e-06, -0.0, -0.0, 0.580758, 0.814075, 0.37472, -1e-06, -0.814077, 0.580758, 0.0, 0.0, 0.0, 0.0, 1.0],
                [1.0, -0.0, 1e-06, 0.0, -0.0, 0.580758, 0.814075, 0.37472, -1e-06, -0.814077, 0.580758, 0.0, 0.0, 0.0, 0.0, 1.0],
                [1.0, -0.0, 1e-06, -0.0, -0.0, 0.580758, 0.814075, 0.37472, -1e-06, -0.814077, 0.580758, 0.0, 0.0, 0.0, 0.0, 1.0],
                [1.0, -0.0, 1e-06, 0.0, -0.0, 0.580758, 0.814075, 0.37472, -1e-06, -0.814077, 0.580758, -0.0, 0.0, 0.0, 0.0, 1.0],
                [1.0, -0.0, 1e-06, -0.0, -0.0, 0.580758, 0.814075, 0.37472, -1e-06, -0.814077, 0.580758, 0.0, 0.0, 0.0, 0.0, 1.0],
                [1.0, -0.0, 1e-06, 0.0, -0.0, 0.580758, 0.814075, 0.37472, -1e-06, -0.814077, 0.580758, -0.0, 0.0, 0.0, 0.0, 1.0],
                [1.0, -0.0, 1e-06, -0.0, -0.0, 0.580758, 0.814075, 0.37472, -1e-06, -0.814077, 0.580758, 0.0, 0.0, 0.0, 0.0, 1.0],
                [1.0, -0.0, 1e-06, 0.0, -0.0, 0.580758, 0.814075, 0.37472, -1e-06, -0.814077, 0.580758, 0.0, 0.0, 0.0, 0.0, 1.0],
                [1.0, -0.0, 1e-06, 0.0, -0.0, 0.580759, 0.814076, 0.37472, -1e-06, -0.814077, 0.580758, 0.0, 0.0, 0.0, 0.0, 1.0],
                [1.0, -0.0, 1e-06, -0.0, -0.0, 0.580758, 0.814076, 0.37472, -1e-06, -0.814077, 0.580757, -0.0, 0.0, 0.0, 0.0, 1.0],
                [1.0, -0.0, 1e-06, -0.0, -0.0, 0.580758, 0.814075, 0.37472, -1e-06, -0.814077, 0.580757, -0.0, 0.0, 0.0, 0.0, 1.0],
                [1.0, -0.0, 1e-06, 0.0, -0.0, 0.580759, 0.814076, 0.37472, -1e-06, -0.814077, 0.580758, -0.0, 0.0, 0.0, 0.0, 1.0],
                [1.0, -0.0, 1e-06, -0.0, -0.0, 0.580758, 0.814075, 0.37472, -1e-06, -0.814077, 0.580758, -0.0, 0.0, 0.0, 0.0, 1.0],
                [1.0, -0.0, 1e-06, 0.0, -0.0, 0.580759, 0.814076, 0.37472, -1e-06, -0.814077, 0.580758, -0.0, 0.0, 0.0, 0.0, 1.0],
                [1.0, -0.0, 1e-06, 0.0, -0.0, 0.580758, 0.814076, 0.37472, -1e-06, -0.814077, 0.580757, 0.0, 0.0, 0.0, 0.0, 1.0],
                [1.0, -0.0, 1e-06, 0.0, -0.0, 0.580758, 0.814076, 0.37472, -1e-06, -0.814077, 0.580758, -0.0, 0.0, 0.0, 0.0, 1.0],
                [1.0, -0.0, 1e-06, 0.0, -0.0, 0.580759, 0.814076, 0.37472, -1e-06, -0.814077, 0.580758, 0.0, 0.0, 0.0, 0.0, 1.0],
                [1.0, -0.0, 1e-06, -0.0, -0.0, 0.580759, 0.814076, 0.37472, -1e-06, -0.814077, 0.580758, 0.0, 0.0, 0.0, 0.0, 1.0],
                [1.0, -0.0, 1e-06, -0.0, -0.0, 0.580758, 0.814076, 0.37472, -1e-06, -0.814077, 0.580758, 0.0, 0.0, 0.0, 0.0, 1.0],
                [1.0, -0.0, 1e-06, -0.0, -0.0, 0.580759, 0.814076, 0.37472, -1e-06, -0.814077, 0.580758, 0.0, 0.0, 0.0, 0.0, 1.0],
                [1.0, -0.0, 1e-06, -0.0, -0.0, 0.580758, 0.814076, 0.37472, -1e-06, -0.814077, 0.580757, 0.0, 0.0, 0.0, 0.0, 1.0],
                [1.0, -0.0, 1e-06, -0.0, -0.0, 0.580758, 0.814075, 0.37472, -1e-06, -0.814077, 0.580757, 0.0, 0.0, 0.0, 0.0, 1.0],
                [1.0, -0.0, 1e-06, -0.0, -0.0, 0.580759, 0.814076, 0.37472, -1e-06, -0.814077, 0.580758, 0.0, 0.0, 0.0, 0.0, 1.0],
                [1.0, -0.0, 1e-06, 0.0, -0.0, 0.580758, 0.814076, 0.37472, -1e-06, -0.814077, 0.580758, 0.0, 0.0, 0.0, 0.0, 1.0],
                [1.0, -0.0, 1e-06, -0.0, -0.0, 0.586656, 0.809836, 0.37472, -1e-06, -0.809837, 0.586656, 0.0, 0.0, 0.0, 0.0, 1.0],
                [1.0, -0.0, 1e-06, 0.0, -0.0, 0.603358, 0.79747, 0.37472, -1e-06, -0.797471, 0.603358, 0.0, 0.0, 0.0, 0.0, 1.0],
                [1.0, -0.0, 1e-06, 0.0, -0.0, 0.629206, 0.777239, 0.37472, -1e-06, -0.77724, 0.629205, 0.0, 0.0, 0.0, 0.0, 1.0],
                [1.0, -0.0, 1e-06, -0.0, -0.0, 0.662341, 0.749202, 0.37472, -1e-06, -0.749204, 0.66234, 0.0, 0.0, 0.0, 0.0, 1.0],
                [1.0, -0.0, 1e-06, 0.0, -0.0, 0.700742, 0.713415, 0.37472, -1e-06, -0.713416, 0.700741, -1e-06, 0.0, 0.0, 0.0, 1.0],
                [1.0, -0.0, 1e-06, 0.0, -0.0, 0.742281, 0.670089, 0.37472, -1e-06, -0.67009, 0.74228, 0.0, 0.0, 0.0, 0.0, 1.0],
                [1.0, -0.0, 1e-06, -0.0, -0.0, 0.784809, 0.619738, 0.37472, -1e-06, -0.619739, 0.784808, 0.0, 0.0, 0.0, 0.0, 1.0],
                [1.0, -0.0, 1e-06, -0.0, -0.0, 0.826278, 0.563263, 0.37472, -1e-06, -0.563264, 0.826277, -0.0, 0.0, 0.0, 0.0, 1.0],
                [1.0, -0.0, 1e-06, 0.0, -0.0, 0.864882, 0.501976, 0.37472, -1e-06, -0.501976, 0.864881, -0.0, 0.0, 0.0, 0.0, 1.0],
                [1.0, -0.0, 1e-06, -0.0, -0.0, 0.899189, 0.437562, 0.37472, -1e-06, -0.437563, 0.899187, -0.0, 0.0, 0.0, 0.0, 1.0],
                [1.0, -0.0, 1e-06, 0.0, -0.0, 0.928239, 0.371986, 0.37472, -1e-06, -0.371987, 0.928237, 0.0, 0.0, 0.0, 0.0, 1.0],
                [1.0, 0.0, 1e-06, 0.0, -0.0, 0.951594, 0.307359, 0.37472, -1e-06, -0.307359, 0.951593, 0.0, 0.0, 0.0, 0.0, 1.0],
                [1.0, 0.0, 1e-06, 0.0, -0.0, 0.969322, 0.245799, 0.37472, -1e-06, -0.245799, 0.96932, -0.0, 0.0, 0.0, 0.0, 1.0],
                [1.0, 0.0, 1e-06, -0.0, -0.0, 0.981916, 0.18932, 0.37472, -1e-06, -0.18932, 0.981915, 0.0, 0.0, 0.0, 0.0, 1.0],
                [1.0, 0.0, 1e-06, 0.0, -0.0, 0.990186, 0.13976, 0.37472, -1e-06, -0.13976, 0.990185, 0.0, 0.0, 0.0, 0.0, 1.0],
                [1.0, 0.0, 1e-06, -0.0, -0.0, 0.995112, 0.098756, 0.37472, -1e-06, -0.098756, 0.995111, -0.0, 0.0, 0.0, 0.0, 1.0],
                [1.0, 0.0, 1e-06, -0.0, -0.0, 0.997701, 0.067778, 0.37472, -1e-06, -0.067779, 0.9977, -0.0, 0.0, 0.0, 0.0, 1.0],
                [1.0, 0.0, 1e-06, 0.0, -0.0, 0.998839, 0.048194, 0.37472, -1e-06, -0.048194, 0.998837, -0.0, 0.0, 0.0, 0.0, 1.0],
                [1.0, 0.0, 1e-06, 0.0, -0.0, 0.999145, 0.041355, 0.37472, -1e-06, -0.041355, 0.999144, 0.0, 0.0, 0.0, 0.0, 1.0]
            ]
        },
        {
            "name": "Knee_R",
            "time": [0.0, 0.0167, 0.0333, 0.05, 0.0667, 0.0833, 0.1, 0.1167, 0.1333, 0.15, 0.1667, 0.1833, 0.2, 0.2167, 0.2333, 0.25, 0.2667, 0.2833, 0.3, 0.3167, 0.3333, 0.35, 0.3667, 0.3833, 0.4, 0.4167, 0.4333, 0.45, 0.4667, 0.4833, 0.5, 0.5167, 0.5333, 0.55, 0.5667, 0.5833, 0.6, 0.6167, 0.6333, 0.65, 0.6667, 0.6833, 0.7, 0.7167, 0.7333, 0.75, 0.7667, 0.7833, 0.8, 0.8167, 0.8333, 0.85, 0.8667, 0.8833, 0.9, 0.9167, 0.9333, 0.95, 0.9667, 0.9833, 1.0, 1.0167, 1.0333, 1.05, 1.0667, 1.0833, 1.1, 1.1167, 1.1333, 1.15, 1.1667, 1.1833, 1.2, 1.2167, 1.2333, 1.25, 1.2667],
            "transform": [
                [1.0, 0.0, -0.0, 0.0, -0.0, 1e-06, -1.0, 0.37472, -0.0, 1.0, 1e-06, 0.0, 0.0, 0.0, 0.0, 1.0],
                [1.0, 0.0, -0.0, -0.0, -0.0, 1e-06, -1.0, 0.37472, -0.0, 1.0, 1e-06, 0.0, 0.0, 0.0, 0.0, 1.0],
                [1.0, -0.0, -0.0, 0.0, -0.0, 1e-06, -1.0, 0.37472, -0.0, 1.0, 1e-06, 0.0, 0.0, 0.0, 0.0, 1.0],
                [1.0, 0.0, -0.0, 0.0, -0.0, 1e-06, -1.0, 0.37472, -0.0, 1.0, 1e-06, -0.0, 0.0, 0.0, 0.0, 1.0],
                [1.0, 0.0, -0.0, 0.0, -0.0, 1e-06, -1.0, 0.37472, -0.0, 1.0, 1e-06, 0.0, 0.0, 0.0, 0.0, 1.0],
                [1.0, 0.0, -0.0, -0.0, -0.0, 1e-06, -1.0, 0.37472, -0.0, 1.0, 1e-06, 0.0, 0.0, 0.0, 0.0, 1.0],
                [1.0, 0.0, -0.0, 0.0, -0.0, 1e-06, -1.0, 0.382447, 0.0, 1.0, 1e-06, 0.0, 0.0, 0.0, 0.0, 1.0],
                [1.0, 0.0, -0.0, -0.0, -0.0, 1e-06, -1.0, 0.389884, -0.0, 1.0, 1e-06, 0.0, 0.0, 0.0, 0.0, 1.0],
                [1.0, 0.0, -0.0, 0.0, -0.0, 1e-06, -1.0, 0.396232, -0.0, 1.0, 1e-06, -0.0, 0.0, 0.0, 0.0, 1.0],
                [1.0, 0.0, -0.0, -0.0, -0.0, 1e-06, -1.0, 0.401597, -0.0, 1.0, 1e-06, 0.0, 0.0, 0.0, 0.0, 1.0],
                [1.0, 0.0, -0.0, 0.0, -0.0, 1e-06, -1.0, 0.406078, -0.0, 1.0, 1e-06, 0.0, 0.0, 0.0, 0.0, 1.0],
                [1.0, 0.0, -0.0, 0.0, -0.0, 1e-06, -1.0, 0.409768, -0.0, 1.0, 1e-06, 0.0, 0.0, 0.0, 0.0, 1.0],
                [1.0, 0.0, -0.0, 0.0, -0.0, 1e-06, -1.0, 0.412759, -0.0, 1.0, 1e-06, -0.0, 0.0, 0.0, 0.0, 1.0],
                [1.0, 0.0, -0.0, 0.0, -0.0, 1e-06, -1.0, 0.415134, -0.0, 1.0, 1e-06, 0.0, 0.0, 0.0, 0.0, 1.0],
                [1.0, 0.0, -0.0, 0.0, -0.0, 1e-06, -1.0, 0.416973, -0.0, 1.0, 1e-06, -0.0, 0.0, 0.0, 0.0, 1.0],
                [1.0, 0.0, -0.0, 0.0, -0.0, 1e-06, -1.0, 0.418354, -0.0, 1.0, 1e-06, 0.0, 0.0, 0.0, 0.0, 1.0],
                [1.0, 0.0, -0.0, 0.0, -0.0, 1e-06, -1.0, 0.419353, -0.0, 1.0, 1e-06, -0.0, 0.0, 0.0, 0.0, 1.0],
                [1.0, 0.0, -0.0, 0.0, -0.0, 1e-06, -1.0, 0.420045, -0.0, 1.0, 1e-06, -0.0, 0.0, 0.0, 0.0, 1.0],
                [1.0, 0.0, -0.0, -0.0, -0.0, 1e-06, -1.0, 0.420505, -0.0, 1.0, 1e-06, -0.0, 0.0, 0.0, 0.0, 1.0],
                [1.0, 0.0, -0.0, 0.0, -0.0, 1e-06, -1.0, 0.420811, -0.0, 1.0, 1e-06, -0.0, 0.0, 0.0, 0.0, 1.0],
                [1.0, 0.0, -0.0, 0.0, -0.0, 1e-06, -1.0, 0.420933, -0.0, 1.0, 1e-06, -0.0, 0.0, 0.0, 0.0, 1.0],
                [1.0, 0.0, -0.0, 0.0, -0.0, 1e-06, -1.0, 0.420839, -0.0, 1.0, 1e-06, -0.0, 0.0, 0.0, 0.0, 1.0],
                [1.0, 0.0, -0.0, -0.0, -0.0, 1e-06, -1.0, 0.420598, -0.0, 1.0, 1e-06, -0.0, 0.0, 0.0, 0.0, 1.0],
                [1.0, 0.0, -0.0, -0.0, -0.0, 1e-06, -1.0, 0.420284, -0.0, 1.0, 1e-06, -0.0, 0.0, 0.0, 0.0, 1.0],
                [1.0, 0.0, -0.0, -0.0, -0.0, 1e-06, -1.0, 0.419969, -0.0, 1.0, 1e-06, 0.0, 0.0, 0.0, 0.0, 1.0],
                [1.0, 0.0, -0.0, 0.0, -0.0, 1e-06, -1.0, 0.419727, -0.0, 1.0, 1e-06, -0.0, 0.0, 0.0, 0.0, 1.0],
                [1.0, 0.0, -0.0, 0.0, -0.0, 1e-06, -1.0, 0.41963, -0.0, 1.0, 1e-06, -0.0, 0.0, 0.0, 0.0, 1.0],
                [1.0, 0.0, -0.0, 0.0, -0.0, 1e-06, -1.0, 0.41963, -0.0, 1.0, 1e-06, -0.0, 0.0, 0.0, 0.0, 1.0],
                [1.0, 0.0, -0.0, 0.0, -0.0, 1e-06, -1.0, 0.41963, -0.0, 1.0, 1e-06, -0.0, 0.0, 0.0, 0.0, 1.0],
                [1.0, 0.0, -0.0, 0.0, -0.0, 1e-06, -1.0, 0.41963, -0.0, 1.0, 1e-06, 0.0, 0.0, 0.0, 0.0, 1.0],
                [1.0, 0.0, -0.0, 0.0, -0.0, 1e-06, -1.0, 0.41963, -0.0, 1.0, 1e-06, -0.0, 0.0, 0.0, 0.0, 1.0],
                [1.0, 0.0, -0.0, 0.0, -0.0, 1e-06, -1.0, 0.41963, -0.0, 1.0, 1e-06, -0.0, 0.0, 0.0, 0.0, 1.0],
                [1.0, 0.0, -0.0, 0.0, -0.0, 1e-06, -1.0, 0.41963, -0.0, 1.0, 1e-06, -0.0, 0.0, 0.0, 0.0, 1.0],
                [1.0, 0.0, -0.0, 0.0, -0.0, 1e-06, -1.0, 0.41963, -0.0, 1.0, 1e-06, -0.0, 0.0, 0.0, 0.0, 1.0],
                [1.0, 0.0, -0.0, 0.0, -0.0, 1e-06, -1.0, 0.41963, -0.0, 1.0, 1e-06, 0.0, 0.0, 0.0, 0.0, 1.0],
                [1.0, 0.0, -0.0, 0.0, -0.0, 1e-06, -1.0, 0.41963, -0.0, 1.0, 1e-06, 0.0, 0.0, 0.0, 0.0, 1.0],
                [1.0, 0.0, -0.0, 0.0, -0.0, 1e-06, -1.0, 0.41963, -0.0, 1.0, 1e-06, -0.0, 0.0, 0.0, 0.0, 1.0],
                [1.0, 0.0, -0.0, 0.0, -0.0, 1e-06, -1.0, 0.41963, -0.0, 1.0, 1e-06, -0.0, 0.0, 0.0, 0.0, 1.0],
                [1.0, 0.0, -0.0, 0.0, -0.0, 1e-06, -1.0, 0.41963, -0.0, 1.0, 1e-06, 0.0, 0.0, 0.0, 0.0, 1.0],
                [1.0, 0.0, -0.0, 0.0, -0.0, 1e-06, -1.0, 0.41963, -0.0, 1.0, 1e-06, 0.0, 0.0, 0.0, 0.0, 1.0],
                [1.0, 0.0, -0.0, 0.0, -0.0, 1e-06, -1.0, 0.41963, -0.0, 1.0, 1e-06, 0.0, 0.0, 0.0, 0.0, 1.0],
                [1.0, 0.0, -0.0, 0.0, -0.0, 1e-06, -1.0, 0.41963, -0.0, 1.0, 1e-06, -0.0, 0.0, 0.0, 0.0, 1.0],
                [1.0, 0.0, -0.0, 0.0, -0.0, 1e-06, -1.0, 0.419629, -0.0, 1.0, 1e-06, 0.0, 0.0, 0.0, 0.0, 1.0],
                [1.0, 0.0, -0.0, -0.0, -0.0, 1e-06, -1.0, 0.41963, -0.0, 1.0, 1e-06, -0.0, 0.0, 0.0, 0.0, 1.0],
                [1.0, 0.0, -0.0, -0.0, -0.0, 1e-06, -1.0, 0.41963, -0.0, 1.0, 1e-06, -0.0, 0.0, 0.0, 0.0, 1.0],
                [1.0, 0.0, -0.0, 0.0, -0.0, 1e-06, -1.0, 0.41963, -0.0, 1.0, 1e-06, -0.0, 0.0, 0.0, 0.0, 1.0],
                [1.0, 0.0, -0.0, -0.0, -0.0, 1e-06, -1.0, 0.41963, -0.0, 1.0, 1e-06, -0.0, 0.0, 0.0, 0.0, 1.0],
                [1.0, 0.0, -0.0, 0.0, -0.0, 1e-06, -1.0, 0.41963, -0.0, 1.0, 1e-06, -0.0, 0.0, 0.0, 0.0, 1.0],
                [1.0, 0.0, -0.0, 0.0, -0.0, 1e-06, -1.0, 0.41963, -0.0, 1.0, 1e-06, 0.0, 0.0, 0.0, 0.0, 1.0],
                [1.0, 0.0, -0.0, 0.0, -0.0, 1e-06, -1.0, 0.41963, -0.0, 1.0, 1e-06, 0.0, 0.0, 0.0, 0.0, 1.0],
                [1.0, 0.0, -0.0, 0.0, -0.0, 1e-06, -1.0, 0.41963, -0.0, 1.0, 1e-06, 0.0, 0.0, 0.0, 0.0, 1.0],
                [1.0, 0.0, -0.0, 0.0, -0.0, 1e-06, -1.0, 0.41963, -0.0, 1.0, 1e-06, 0.0, 0.0, 0.0, 0.0, 1.0],
                [1.0, 0.0, -0.0, 0.0, -0.0, 1e-06, -1.0, 0.41963, -0.0, 1.0, 1e-06, -0.0, 0.0, 0.0, 0.0, 1.0],
