{
    "animation": [
        {
            "name": "Root",
            "time": [0.0, 0.0167, 0.0333, 0.05, 0.0667, 0.0833, 0.1, 0.1167, 0.1333, 0.15, 0.1667, 0.1833, 0.2, 0.2167, 0.2333, 0.25, 0.2667, 0.2833, 0.3, 0.3167, 0.3333, 0.35, 0.3667, 0.3833, 0.4, 0.4167, 0.4333, 0.45, 0.4667, 0.4833, 0.5, 0.5167, 0.5333, 0.55, 0.5667, 0.5833, 0.6, 0.6167, 0.6333, 0.65, 0.6667, 0.6833, 0.7, 0.7167, 0.7333, 0.75, 0.7667, 0.7833, 0.8, 0.8167, 0.8333, 0.85, 0.8667, 0.8833, 0.9, 0.9167, 0.9333, 0.95, 0.9667, 0.9833, 1.0, 1.0167, 1.0333, 1.05, 1.0667, 1.0833, 1.1, 1.1167, 1.1333, 1.15, 1.1667, 1.1833, 1.2, 1.2167, 1.2333, 1.25, 1.2667, 1.2833, 1.3, 1.3167, 1.3333, 1.35, 1.3667, 1.3833, 1.4, 1.4167, 1.4333, 1.45, 1.4667, 1.4833, 1.5, 1.5167, 1.5333, 1.55, 1.5667, 1.5833, 1.6, 1.6167, 1.6333, 1.65, 1.6667, 1.6833, 1.7, 1.7167, 1.7333, 1.75, 1.7667, 1.7833, 1.8, 1.8167, 1.8333, 1.85, 1.8667, 1.8833, 1.9, 1.9167, 1.9333, 1.95, 1.9667, 1.9833, 2.0],
            "transform": [
                [0.540053, 0.0, 0.841631, -5e-06, 0.841631, 0.0, -0.540053, 0.000946, 0.0, 1.0, 0.0, 0.534956, 0.0, 0.0, 0.0, 1.0],
                [0.538848, 0.0, 0.842403, -5e-06, 0.842403, 0.0, -0.538848, 0.000988, 0.0, 1.0, 0.0, 0.538494, 0.0, 0.0, 0.0, 1.0],
                [0.535574, 0.0, 0.844489, -5e-06, 0.844489, 0.0, -0.535574, 0.001279, 0.0, 1.0, 0.0, 0.548098, 0.0, 0.0, 0.0, 1.0],
                [0.530733, 0.0, 0.847539, -5e-06, 0.847539, 0.0, -0.530733, 0.002069, 0.0, 1.0, 0.0, 0.562252, 0.0, 0.0, 0.0, 1.0],
                [0.524832, 0.0, 0.851206, -5e-06, 0.851206, 0.0, -0.524832, 0.003608, 0.0, 1.0, 0.0, 0.579438, 0.0, 0.0, 0.0, 1.0],
                [0.518381, 0.0, 0.85515, -5e-06, 0.85515, 0.0, -0.518381, 0.006145, 0.0, 1.0, 0.0, 0.598141, 0.0, 0.0, 0.0, 1.0],
                [0.5119, 0.0, 0.859045, -5e-06, 0.859045, 0.0, -0.5119, 0.00993, 0.0, 1.0, 0.0, 0.616843, 0.0, 0.0, 0.0, 1.0],
                [0.505919, 0.0, 0.862581, -5e-06, 0.862581, 0.0, -0.505919, 0.015211, 0.0, 1.0, 0.0, 0.634029, 0.0, 0.0, 0.0, 1.0],
                [0.500976, 0.0, 0.865461, -5e-06, 0.865461, 0.0, -0.500976, 0.02224, 0.0, 1.0, 0.0, 0.648183, 0.0, 0.0, 0.0, 1.0],
                [0.497612, 0.0, 0.8674, -5e-06, 0.8674, 0.0, -0.497612, 0.031265, 0.0, 1.0, 0.0, 0.657787, 0.0, 0.0, 0.0, 1.0],
                [0.496371, 0.0, 0.868111, -5e-06, 0.868111, 0.0, -0.496371, 0.042535, 0.0, 1.0, 0.0, 0.661325, 0.0, 0.0, 0.0, 1.0],
                [0.518277, 0.0, 0.855213, -5e-06, 0.855213, 0.0, -0.518277, 0.063817, 0.0, 1.0, 0.0, 0.65892, 0.0, 0.0, 0.0, 1.0],
                [0.577917, 0.0, 0.816096, -5e-06, 0.816096, 0.0, -0.577917, 0.101727, 0.0, 1.0, 0.0, 0.65239, 0.0, 0.0, 0.0, 1.0],
                [0.664289, 0.0, 0.747475, -5e-06, 0.747475, 0.0, -0.664289, 0.154792, 0.0, 1.0, 0.0, 0.642769, 0.0, 0.0, 0.0, 1.0],
                [0.763498, 0.0, 0.64581, -5e-06, 0.64581, 0.0, -0.763498, 0.221542, 0.0, 1.0, 0.0, 0.631085, 0.0, 0.0, 0.0, 1.0],
                [0.859437, 0.0, 0.511241, -5e-06, 0.511241, 0.0, -0.859437, 0.300503, 0.0, 1.0, 0.0, 0.61837, 0.0, 0.0, 0.0, 1.0],
                [0.936635, 0.0, 0.350307, -5e-06, 0.350307, 0.0, -0.936635, 0.390204, 0.0, 1.0, 0.0, 0.605655, 0.0, 0.0, 0.0, 1.0],
                [0.984422, 0.0, 0.175821, -5e-06, 0.175821, 0.0, -0.984422, 0.489173, 0.0, 1.0, 0.0, 0.593971, 0.0, 0.0, 0.0, 1.0],
                [0.999994, 0.0, 0.003579, -5e-06, 0.003579, 0.0, -0.999994, 0.595936, 0.0, 1.0, 0.0, 0.58435, 0.0, 0.0, 0.0, 1.0],
                [0.988358, 0.0, -0.152145, -5e-06, -0.152145, 0.0, -0.988358, 0.709023, 0.0, 1.0, 0.0, 0.57782, 0.0, 0.0, 0.0, 1.0],
                [0.95954, 0.0, -0.281571, -5e-06, -0.281571, 0.0, -0.95954, 0.826961, 0.0, 1.0, 0.0, 0.575415, 0.0, 0.0, 0.0, 1.0],
                [0.924437, 0.0, -0.381335, -5e-06, -0.381335, 0.0, -0.924437, 0.947931, 0.0, 1.0, 0.0, 0.590193, 0.0, 0.0, 0.0, 1.0],
                [0.888787, 0.0, -0.458321, -5e-06, -0.458321, 0.0, -0.888787, 1.068727, 0.0, 1.0, 0.0, 0.625432, 0.0, 0.0, 0.0, 1.0],
                [0.853655, 0.0, -0.520839, -5e-06, -0.520839, 0.0, -0.853655, 1.185798, 0.0, 1.0, 0.0, 0.667492, 0.0, 0.0, 0.0, 1.0],
                [0.81759, 0.0, -0.575801, -5e-06, -0.575801, 0.0, -0.81759, 1.295591, 0.0, 1.0, 0.0, 0.702731, 0.0, 0.0, 0.0, 1.0],
                [0.777519, 0.0, -0.628859, -5e-06, -0.628859, 0.0, -0.777519, 1.394553, 0.0, 1.0, 0.0, 0.717509, 0.0, 0.0, 0.0, 1.0],
                [0.73015, 0.0, -0.683286, -5e-06, -0.683286, 0.0, -0.73015, 1.47995, 0.0, 1.0, 0.0, 0.717509, 0.0, 0.0, 0.0, 1.0],
                [0.675719, 0.0, -0.737159, -5e-06, -0.737159, 0.0, -0.675719, 1.552325, 0.0, 1.0, 0.0, 0.717509, 0.0, 0.0, 0.0, 1.0],
                [0.616091, 0.0, -0.787675, -5e-06, -0.787675, 0.0, -0.616091, 1.613037, 0.0, 1.0, 0.0, 0.717509, 0.0, 0.0, 0.0, 1.0],
                [0.553853, 0.0, -0.832614, -5e-06, -0.832614, 0.0, -0.553853, 1.663445, 0.0, 1.0, 0.0, 0.717509, 0.0, 0.0, 0.0, 1.0],
                [0.492135, 0.0, -0.870519, -5e-06, -0.870519, 0.0, -0.492135, 1.704911, 0.0, 1.0, 0.0, 0.717509, 0.0, 0.0, 0.0, 1.0],
                [0.434354, 0.0, -0.900742, -5e-06, -0.900742, 0.0, -0.434354, 1.738793, 0.0, 1.0, 0.0, 0.717509, 0.0, 0.0, 0.0, 1.0],
                [0.383968, 0.0, -0.923347, -5e-06, -0.923347, 0.0, -0.383968, 1.766451, 0.0, 1.0, 0.0, 0.717509, 0.0, 0.0, 0.0, 1.0],
                [0.344293, 0.0, -0.938862, -5e-06, -0.938862, 0.0, -0.344293, 1.789247, 0.0, 1.0, 0.0, 0.717509, 0.0, 0.0, 0.0, 1.0],
                [0.318415, 0.0, -0.947951, -5e-06, -0.947951, 0.0, -0.318415, 1.808539, 0.0, 1.0, 0.0, 0.717509, 0.0, 0.0, 0.0, 1.0],
                [0.309189, 0.0, -0.951001, -5e-06, -0.951001, 0.0, -0.309189, 1.825687, 0.0, 1.0, 0.0, 0.717509, 0.0, 0.0, 0.0, 1.0],
                [0.30965, 0.0, -0.950851, -5e-06, -0.950851, 0.0, -0.30965, 1.84183, 0.0, 1.0, 0.0, 0.717522, 0.0, 0.0, 0.0, 1.0],
                [0.311017, 0.0, -0.950405, -5e-06, -0.950405, 0.0, -0.311017, 1.857216, 0.0, 1.0, 0.0, 0.717562, 0.0, 0.0, 0.0, 1.0],
                [0.313268, 0.0, -0.949665, -5e-06, -0.949665, 0.0, -0.313268, 1.871871, 0.0, 1.0, 0.0, 0.717628, 0.0, 0.0, 0.0, 1.0],
                [0.316382, 0.0, -0.948632, -5e-06, -0.948632, 0.0, -0.316382, 1.885821, 0.0, 1.0, 0.0, 0.717719, 0.0, 0.0, 0.0, 1.0],
                [0.320338, 0.0, -0.947303, -5e-06, -0.947303, 0.0, -0.320338, 1.899095, 0.0, 1.0, 0.0, 0.717835, 0.0, 0.0, 0.0, 1.0],
                [0.325111, 0.0, -0.945676, -5e-06, -0.945676, 0.0, -0.325111, 1.911717, 0.0, 1.0, 0.0, 0.717974, 0.0, 0.0, 0.0, 1.0],
                [0.330681, 0.0, -0.943743, -5e-06, -0.943743, 0.0, -0.330681, 1.923715, 0.0, 1.0, 0.0, 0.718137, 0.0, 0.0, 0.0, 1.0],
                [0.337024, 0.0, -0.941496, -5e-06, -0.941496, 0.0, -0.337024, 1.935114, 0.0, 1.0, 0.0, 0.718323, 0.0, 0.0, 0.0, 1.0],
                [0.344118, 0.0, -0.938926, -5e-06, -0.938926, 0.0, -0.344118, 1.945942, 0.0, 1.0, 0.0, 0.71853, 0.0, 0.0, 0.0, 1.0],
                [0.351939, 0.0, -0.936023, -5e-06, -0.936023, 0.0, -0.351939, 1.956225, 0.0, 1.0, 0.0, 0.71876, 0.0, 0.0, 0.0, 1.0],
                [0.360464, 0.0, -0.932773, -5e-06, -0.932773, 0.0, -0.360464, 1.965989, 0.0, 1.0, 0.0, 0.719009, 0.0, 0.0, 0.0, 1.0],
                [0.369667, 0.0, -0.929165, -5e-06, -0.929165, 0.0, -0.369667, 1.975261, 0.0, 1.0, 0.0, 0.719279, 0.0, 0.0, 0.0, 1.0],
                [0.379523, 0.0, -0.925182, -5e-06, -0.925182, 0.0, -0.379523, 1.984068, 0.0, 1.0, 0.0, 0.719569, 0.0, 0.0, 0.0, 1.0],
                [0.390006, 0.0, -0.920812, -5e-06, -0.920812, 0.0, -0.390006, 1.992436, 0.0, 1.0, 0.0, 0.719877, 0.0, 0.0, 0.0, 1.0],
                [0.401089, 0.0, -0.916039, -5e-06, -0.916039, 0.0, -0.401089, 2.000391, 0.0, 1.0, 0.0, 0.720203, 0.0, 0.0, 0.0, 1.0],
                [0.412745, 0.0, -0.910847, -5e-06, -0.910847, 0.0, -0.412745, 2.007959, 0.0, 1.0, 0.0, 0.720547, 0.0, 0.0, 0.0, 1.0],
                [0.424944, 0.0, -0.90522, -5e-06, -0.90522, 0.0, -0.424944, 2.015168, 0.0, 1.0, 0.0, 0.720908, 0.0, 0.0, 0.0, 1.0],
                [0.437656, 0.0, -0.899143, -5e-06, -0.899143, 0.0, -0.437656, 2.022044, 0.0, 1.0, 0.0, 0.721285, 0.0, 0.0, 0.0, 1.0],
                [0.45085, 0.0, -0.8926, -5e-06, -0.8926, 0.0, -0.45085, 2.028614, 0.0, 1.0, 0.0, 0.721678, 0.0, 0.0, 0.0, 1.0],
                [0.464494, 0.0, -0.885576, -5e-06, -0.885576, 0.0, -0.464494, 2.034903, 0.0, 1.0, 0.0, 0.722086, 0.0, 0.0, 0.0, 1.0],
                [0.478555, 0.0, -0.878058, -5e-06, -0.878058, 0.0, -0.478555, 2.040939, 0.0, 1.0, 0.0, 0.722508, 0.0, 0.0, 0.0, 1.0],
                [0.492998, 0.0, -0.870031, -5e-06, -0.870031, 0.0, -0.492998, 2.046747, 0.0, 1.0, 0.0, 0.722944, 0.0, 0.0, 0.0, 1.0],
                [0.507787, 0.0, -0.861483, -5e-06, -0.861483, 0.0, -0.507787, 2.052355, 0.0, 1.0, 0.0, 0.723394, 0.0, 0.0, 0.0, 1.0],
                [0.522886, 0.0, -0.852403, -5e-06, -0.852403, 0.0, -0.522886, 2.057789, 0.0, 1.0, 0.0, 0.723855, 0.0, 0.0, 0.0, 1.0],
                [0.538257, 0.0, -0.842781, -5e-06, -0.842781, 0.0, -0.538257, 2.063075, 0.0, 1.0, 0.0, 0.724328, 0.0, 0.0, 0.0, 1.0],
                [0.553862, 0.0, -0.832609, -5e-06, -0.832609, 0.0, -0.553862, 2.06824, 0.0, 1.0, 0.0, 0.724813, 0.0, 0.0, 0.0, 1.0],
                [0.569661, 0.0, -0.82188, -5e-06, -0.82188, 0.0, -0.569661, 2.07331, 0.0, 1.0, 0.0, 0.725308, 0.0, 0.0, 0.0, 1.0],
                [0.585613, 0.0, -0.810591, -5e-06, -0.810591, 0.0, -0.585613, 2.078312, 0.0, 1.0, 0.0, 0.725813, 0.0, 0.0, 0.0, 1.0],
                [0.601678, 0.0, -0.798738, -5e-06, -0.798738, 0.0, -0.601678, 2.083273, 0.0, 1.0, 0.0, 0.726327, 0.0, 0.0, 0.0, 1.0],
                [0.617815, 0.0, -0.786323, -5e-06, -0.786323, 0.0, -0.617815, 2.088218, 0.0, 1.0, 0.0, 0.72685, 0.0, 0.0, 0.0, 1.0],
                [0.633983, 0.0, -0.773347, -5e-06, -0.773347, 0.0, -0.633983, 2.093175, 0.0, 1.0, 0.0, 0.727381, 0.0, 0.0, 0.0, 1.0],
                [0.650138, 0.0, -0.759816, -5e-06, -0.759816, 0.0, -0.650138, 2.09817, 0.0, 1.0, 0.0, 0.727919, 0.0, 0.0, 0.0, 1.0],
                [0.666241, 0.0, -0.745736, -5e-06, -0.745736, 0.0, -0.666241, 2.103228, 0.0, 1.0, 0.0, 0.728464, 0.0, 0.0, 0.0, 1.0],
                [0.682249, 0.0, -0.731119, -5e-06, -0.731119, 0.0, -0.682249, 2.108378, 0.0, 1.0, 0.0, 0.729015, 0.0, 0.0, 0.0, 1.0],
                [0.698123, 0.0, -0.715978, -5e-06, -0.715978, 0.0, -0.698123, 2.113639, 0.0, 1.0, 0.0, 0.729571, 0.0, 0.0, 0.0, 1.0],
                [0.713823, 0.0, -0.700327, -5e-06, -0.700327, 0.0, -0.713823, 2.119009, 0.0, 1.0, 0.0, 0.730133, 0.0, 0.0, 0.0, 1.0],
                [0.729308, 0.0, -0.684185, -5e-06, -0.684185, 0.0, -0.729308, 2.12448, 0.0, 1.0, 0.0, 0.730698, 0.0, 0.0, 0.0, 1.0],
                [0.744543, 0.0, -0.667574, -5e-06, -0.667574, 0.0, -0.744543, 2.130041, 0.0, 1.0, 0.0, 0.731267, 0.0, 0.0, 0.0, 1.0],
                [0.759491, 0.0, -0.650518, -5e-06, -0.650518, 0.0, -0.759491, 2.135685, 0.0, 1.0, 0.0, 0.731838, 0.0, 0.0, 0.0, 1.0],
                [0.774118, 0.0, -0.633042, -5e-06, -0.633042, 0.0, -0.774118, 2.141404, 0.0, 1.0, 0.0, 0.732412, 0.0, 0.0, 0.0, 1.0],
                [0.78839, 0.0, -0.615175, -5e-06, -0.615175, 0.0, -0.78839, 2.147189, 0.0, 1.0, 0.0, 0.732988, 0.0, 0.0, 0.0, 1.0],
                [0.802279, 0.0, -0.596949, -5e-06, -0.596949, 0.0, -0.802279, 2.15303, 0.0, 1.0, 0.0, 0.733564, 0.0, 0.0, 0.0, 1.0],
                [0.815755, 0.0, -0.578397, -5e-06, -0.578397, 0.0, -0.815755, 2.158921, 0.0, 1.0, 0.0, 0.734141, 0.0, 0.0, 0.0, 1.0],
                [0.828794, 0.0, -0.559554, -5e-06, -0.559554, 0.0, -0.828794, 2.164851, 0.0, 1.0, 0.0, 0.734718, 0.0, 0.0, 0.0, 1.0],
                [0.841372, 0.0, -0.540457, -5e-06, -0.540457, 0.0, -0.841372, 2.170812, 0.0, 1.0, 0.0, 0.735293, 0.0, 0.0, 0.0, 1.0],
                [0.853469, 0.0, -0.521143, -5e-06, -0.521143, 0.0, -0.853469, 2.176796, 0.0, 1.0, 0.0, 0.735867, 0.0, 0.0, 0.0, 1.0],
                [0.865068, 0.0, -0.501654, -5e-06, -0.501654, 0.0, -0.865068, 2.182795, 0.0, 1.0, 0.0, 0.736439, 0.0, 0.0, 0.0, 1.0],
                [0.876155, 0.0, -0.48203, -5e-06, -0.48203, 0.0, -0.876155, 2.188798, 0.0, 1.0, 0.0, 0.737008, 0.0, 0.0, 0.0, 1.0],
                [0.886717, 0.0, -0.462312, -5e-06, -0.462312, 0.0, -0.886717, 2.194799, 0.0, 1.0, 0.0, 0.737573, 0.0, 0.0, 0.0, 1.0],
                [0.896747, 0.0, -0.442543, -5e-06, -0.442543, 0.0, -0.896747, 2.200788, 0.0, 1.0, 0.0, 0.738134, 0.0, 0.0, 0.0, 1.0],
                [0.906239, 0.0, -0.422765, -5e-06, -0.422765, 0.0, -0.906239, 2.206756, 0.0, 1.0, 0.0, 0.738691, 0.0, 0.0, 0.0, 1.0],
                [0.91519, 0.0, -0.403022, -5e-06, -0.403022, 0.0, -0.91519, 2.212696, 0.0, 1.0, 0.0, 0.739242, 0.0, 0.0, 0.0, 1.0],
                [0.923601, 0.0, -0.383355, -5e-06, -0.383355, 0.0, -0.923601, 2.218598, 0.0, 1.0, 0.0, 0.739787, 0.0, 0.0, 0.0, 1.0],
                [0.931474, 0.0, -0.363807, -5e-06, -0.363807, 0.0, -0.931474, 2.224454, 0.0, 1.0, 0.0, 0.740325, 0.0, 0.0, 0.0, 1.0],
                [0.938816, 0.0, -0.34442, -5e-06, -0.34442, 0.0, -0.938816, 2.230255, 0.0, 1.0, 0.0, 0.740856, 0.0, 0.0, 0.0, 1.0],
                [0.945633, 0.0, -0.325235, -5e-06, -0.325235, 0.0, -0.945633, 2.235993, 0.0, 1.0, 0.0, 0.741378, 0.0, 0.0, 0.0, 1.0],
                [0.951937, 0.0, -0.306292, -5e-06, -0.306292, 0.0, -0.951937, 2.241659, 0.0, 1.0, 0.0, 0.741893, 0.0, 0.0, 0.0, 1.0],
                [0.957741, 0.0, -0.287631, -5e-06, -0.287631, 0.0, -0.957741, 2.247245, 0.0, 1.0, 0.0, 0.742398, 0.0, 0.0, 0.0, 1.0],
                [0.963059, 0.0, -0.269289, -5e-06, -0.269289, 0.0, -0.963059, 2.252742, 0.0, 1.0, 0.0, 0.742893, 0.0, 0.0, 0.0, 1.0],
                [0.967908, 0.0, -0.251304, -5e-06, -0.251304, 0.0, -0.967908, 2.25814, 0.0, 1.0, 0.0, 0.743377, 0.0, 0.0, 0.0, 1.0],
                [0.972306, 0.0, -0.233711, -5e-06, -0.233711, 0.0, -0.972306, 2.263433, 0.0, 1.0, 0.0, 0.743851, 0.0, 0.0, 0.0, 1.0],
                [0.976273, 0.0, -0.216545, -5e-06, -0.216545, 0.0, -0.976273, 2.26861, 0.0, 1.0, 0.0, 0.744312, 0.0, 0.0, 0.0, 1.0],
                [0.979829, 0.0, -0.199837, -5e-06, -0.199837, 0.0, -0.979829, 2.273663, 0.0, 1.0, 0.0, 0.744761, 0.0, 0.0, 0.0, 1.0],
                [0.982997, 0.0, -0.18362, -5e-06, -0.18362, 0.0, -0.982997, 2.278585, 0.0, 1.0, 0.0, 0.745197, 0.0, 0.0, 0.0, 1.0],
                [0.9858, 0.0, -0.167924, -5e-06, -0.167924, 0.0, -0.9858, 2.283366, 0.0, 1.0, 0.0, 0.745619, 0.0, 0.0, 0.0, 1.0],
                [0.988261, 0.0, -0.152776, -5e-06, -0.152776, 0.0, -0.988261, 2.287997, 0.0, 1.0, 0.0, 0.746027, 0.0, 0.0, 0.0, 1.0],
                [0.990404, 0.0, -0.138206, -5e-06, -0.138206, 0.0, -0.990404, 2.292471, 0.0, 1.0, 0.0, 0.74642, 0.0, 0.0, 0.0, 1.0],
                [0.992253, 0.0, -0.124237, -5e-06, -0.124237, 0.0, -0.992253, 2.296778, 0.0, 1.0, 0.0, 0.746797, 0.0, 0.0, 0.0, 1.0],
                [0.993832, 0.0, -0.110897, -5e-06, -0.110897, 0.0, -0.993832, 2.30091, 0.0, 1.0, 0.0, 0.747158, 0.0, 0.0, 0.0, 1.0],
                [0.995166, 0.0, -0.098207, -5e-06, -0.098207, 0.0, -0.995166, 2.304858, 0.0, 1.0, 0.0, 0.747502, 0.0, 0.0, 0.0, 1.0],
                [0.996279, 0.0, -0.08619, -5e-06, -0.08619, 0.0, -0.996279, 2.308614, 0.0, 1.0, 0.0, 0.747829, 0.0, 0.0, 0.0, 1.0],
                [0.997193, 0.0, -0.07487, -5e-06, -0.07487, 0.0, -0.997193, 2.312169, 0.0, 1.0, 0.0, 0.748137, 0.0, 0.0, 0.0, 1.0],
                [0.997933, 0.0, -0.064266, -5e-06, -0.064266, 0.0, -0.997933, 2.315514, 0.0, 1.0, 0.0, 0.748426, 0.0, 0.0, 0.0, 1.0],
                [0.998519, 0.0, -0.054398, -5e-06, -0.054398, 0.0, -0.998519, 2.318641, 0.0, 1.0, 0.0, 0.748696, 0.0, 0.0, 0.0, 1.0],
                [0.998974, 0.0, -0.045286, -5e-06, -0.045286, 0.0, -0.998974, 2.321541, 0.0, 1.0, 0.0, 0.748946, 0.0, 0.0, 0.0, 1.0],
                [0.999317, 0.0, -0.036951, -5e-06, -0.036951, 0.0, -0.999317, 2.324206, 0.0, 1.0, 0.0, 0.749175, 0.0, 0.0, 0.0, 1.0],
                [0.999567, 0.0, -0.02941, -5e-06, -0.02941, 0.0, -0.999567, 2.326627, 0.0, 1.0, 0.0, 0.749383, 0.0, 0.0, 0.0, 1.0],
                [0.999743, 0.0, -0.022683, -5e-06, -0.022683, 0.0, -0.999743, 2.328795, 0.0, 1.0, 0.0, 0.749568, 0.0, 0.0, 0.0, 1.0],
                [0.999859, 0.0, -0.016788, -5e-06, -0.016788, 0.0, -0.999859, 2.330702, 0.0, 1.0, 0.0, 0.749731, 0.0, 0.0, 0.0, 1.0],
                [0.999931, 0.0, -0.011745, -5e-06, -0.011745, 0.0, -0.999931, 2.33234, 0.0, 1.0, 0.0, 0.749871, 0.0, 0.0, 0.0, 1.0],
                [0.999971, 0.0, -0.007573, -5e-06, -0.007573, 0.0, -0.999971, 2.333698, 0.0, 1.0, 0.0, 0.749987, 0.0, 0.0, 0.0, 1.0],
                [0.999991, 0.0, -0.004292, -5e-06, -0.004292, 0.0, -0.999991, 2.33477, 0.0, 1.0, 0.0, 0.750078, 0.0, 0.0, 0.0, 1.0],
                [0.999998, 0.0, -0.001922, -5e-06, -0.001922, 0.0, -0.999998, 2.335546, 0.0, 1.0, 0.0, 0.750144, 0.0, 0.0, 0.0, 1.0],
                [1.0, 0.0, -0.000484, -5e-06, -0.000484, 0.0, -1.0, 2.336019, 0.0, 1.0, 0.0, 0.750184, 0.0, 0.0, 0.0, 1.0],
                [1.0, 0.0, 0.0, -5e-06, 0.0, 0.0, -1.0, 2.336178, 0.0, 1.0, 0.0, 0.750197, 0.0, 0.0, 0.0, 1.0]
            ]
        },
        {
            "name": "Thigh_R",
            "time": [0.0, 0.0167, 0.0333, 0.05, 0.0667, 0.0833, 0.1, 0.1167, 0.1333, 0.15, 0.1667, 0.1833, 0.2, 0.2167, 0.2333, 0.25, 0.2667, 0.2833, 0.3, 0.3167, 0.3333, 0.35, 0.3667, 0.3833, 0.4, 0.4167, 0.4333, 0.45, 0.4667, 0.4833, 0.5, 0.5167, 0.5333, 0.55, 0.5667, 0.5833, 0.6, 0.6167, 0.6333, 0.65, 0.6667, 0.6833, 0.7, 0.7167, 0.7333, 0.75, 0.7667, 0.7833, 0.8, 0.8167, 0.8333, 0.85, 0.8667, 0.8833, 0.9, 0.9167, 0.9333, 0.95, 0.9667, 0.9833, 1.0, 1.0167, 1.0333, 1.05, 1.0667, 1.0833, 1.1, 1.1167, 1.1333, 1.15, 1.1667, 1.1833, 1.2, 1.2167, 1.2333, 1.25, 1.2667, 1.2833, 1.3, 1.3167, 1.3333, 1.35, 1.3667, 1.3833, 1.4, 1.4167, 1.4333, 1.45, 1.4667, 1.4833, 1.5, 1.5167, 1.5333, 1.55, 1.5667, 1.5833, 1.6, 1.6167, 1.6333, 1.65, 1.6667, 1.6833, 1.7, 1.7167, 1.7333, 1.75, 1.7667, 1.7833, 1.8, 1.8167, 1.8333, 1.85, 1.8667, 1.8833, 1.9, 1.9167, 1.9333, 1.95, 1.9667, 1.9833, 2.0],
            "transform": [
                [0.459159, 0.516874, 0.722505, 0.124994, 0.687095, -0.722152, 0.079968, -0.002831, 0.563092, 0.459711, -0.686726, -1.2e-05, 0.0, 0.0, 0.0, 1.0],
                [0.466492, 0.515354, 0.718884, 0.124994, 0.675766, -0.732048, 0.086281, -0.002831, 0.570723, 0.445547, -0.689755, -1.2e-05, 0.0, 0.0, 0.0, 1.0],
                [0.486706, 0.510568, 0.708828, 0.124994, 0.644057, -0.757915, 0.103695, -0.002831, 0.590175, 0.406056, -0.697719, -1.2e-05, 0.0, 0.0, 0.0, 1.0],
                [0.517004, 0.50162, 0.693601, 0.124994, 0.594937, -0.793161, 0.130165, -0.002831, 0.615431, 0.345353, -0.708502, -1.2e-05, 0.0, 0.0, 0.0, 1.0],
                [0.554301, 0.487578, 0.67455, 0.124994, 0.531906, -0.83087, 0.163486, -0.002831, 0.640176, 0.268177, -0.7199, -1.2e-05, 0.0, 0.0, 0.0, 1.0],
                [0.595245, 0.468214, 0.653038, 0.124994, 0.459921, -0.864928, 0.20092, -0.002831, 0.658905, 0.180749, -0.730188, -1.2e-05, 0.0, 0.0, 0.0, 1.0],
                [0.636517, 0.444501, 0.630289, 0.124994, 0.385534, -0.891164, 0.239139, -0.002831, 0.667989, 0.090782, -0.738613, -1.2e-05, 0.0, 0.0, 0.0, 1.0],
                [0.675259, 0.418732, 0.607196, 0.124994, 0.316318, -0.908082, 0.274455, -0.002831, 0.666308, 0.006739, -0.745646, -1.2e-05, 0.0, 0.0, 0.0, 1.0],
                [0.709403, 0.394283, 0.584198, 0.124994, 0.259941, -0.916812, 0.30312, -0.002831, 0.655116, -0.063177, -0.752882, -1.2e-05, 0.0, 0.0, 0.0, 1.0],
                [0.737671, 0.375184, 0.561318, 0.124994, 0.223415, -0.920191, 0.321451, -0.002831, 0.637124, -0.111718, -0.762622, -1.2e-05, 0.0, 0.0, 0.0, 1.0],
                [0.759184, 0.365732, 0.538405, 0.124994, 0.212855, -0.921221, 0.325638, -0.002831, 0.615087, -0.132616, -0.777226, -1.2e-05, 0.0, 0.0, 0.0, 1.0],
                [0.775758, 0.362338, 0.516633, 0.124994, 0.222952, -0.923289, 0.312771, -0.002831, 0.590331, -0.12745, -0.797036, -1.2e-05, 0.0, 0.0, 0.0, 1.0],
                [0.790143, 0.359069, 0.496733, 0.124994, 0.242476, -0.927438, 0.284711, -0.002831, 0.56292, -0.104516, -0.819876, -1.2e-05, 0.0, 0.0, 0.0, 1.0],
                [0.802692, 0.35649, 0.47812, 0.124994, 0.268237, -0.931821, 0.244448, -0.002831, 0.532667, -0.067966, -0.843592, -1.2e-05, 0.0, 0.0, 0.0, 1.0],
                [0.813698, 0.354924, 0.460351, 0.124994, 0.297212, -0.934633, 0.195251, -0.002831, 0.499559, -0.022054, -0.865999, -1.2e-05, 0.0, 0.0, 0.0, 1.0],
                [0.823411, 0.354502, 0.443082, 0.124994, 0.326582, -0.934612, 0.140858, -0.002831, 0.464045, 0.02872, -0.885346, -1.2e-05, 0.0, 0.0, 0.0, 1.0],
                [0.832063, 0.355203, 0.42603, 0.124994, 0.353848, -0.931388, 0.085461, -0.002831, 0.427156, 0.079642, -0.900664, -1.2e-05, 0.0, 0.0, 0.0, 1.0],
                [0.839899, 0.356865, 0.408921, 0.124994, 0.376955, -0.925622, 0.03355, -0.002831, 0.390479, 0.125966, -0.911953, -1.2e-05, 0.0, 0.0, 0.0, 1.0],
                [0.847196, 0.359196, 0.391454, 0.124994, 0.394359, -0.918896, -0.010307, -0.002831, 0.356003, 0.163106, -0.920141, -1.2e-05, 0.0, 0.0, 0.0, 1.0],
                [0.85428, 0.361762, 0.373272, 0.124994, 0.404978, -0.913376, -0.041628, -0.002831, 0.325879, 0.18673, -0.926788, -1.2e-05, 0.0, 0.0, 0.0, 1.0],
                [0.861529, 0.363967, 0.353971, 0.124994, 0.407998, -0.91126, -0.05603, -0.002831, 0.302166, 0.192691, -0.933577, -1.2e-05, 0.0, 0.0, 0.0, 1.0],
                [0.871724, 0.361748, 0.330506, 0.124994, 0.394565, -0.918171, -0.035715, -0.002831, 0.290542, 0.16154, -0.943128, -1.2e-05, 0.0, 0.0, 0.0, 1.0],
                [0.886081, 0.35009, 0.303802, 0.124994, 0.361551, -0.932143, 0.019657, -0.002831, 0.290069, 0.092422, -0.952533, -1.2e-05, 0.0, 0.0, 0.0, 1.0],
                [0.902261, 0.328034, 0.279854, 0.124994, 0.316342, -0.944613, 0.087345, -0.002831, 0.293007, 0.009722, -0.956061, -1.2e-05, 0.0, 0.0, 0.0, 1.0],
                [0.917653, 0.296906, 0.264119, 0.124994, 0.26708, -0.952955, 0.143319, -0.002831, 0.294246, -0.060976, -0.953783, -1.2e-05, 0.0, 0.0, 0.0, 1.0],
                [0.930033, 0.259593, 0.260096, 0.124994, 0.222526, -0.961107, 0.163562, -0.002831, 0.29244, -0.094239, -0.951629, -1.2e-05, 0.0, 0.0, 0.0, 1.0],
                [0.93906, 0.22213, 0.262343, 0.124994, 0.185292, -0.9699, 0.157979, -0.002831, 0.289538, -0.099741, -0.951956, -1.2e-05, 0.0, 0.0, 0.0, 1.0],
                [0.945793, 0.188662, 0.26435, 0.124994, 0.152225, -0.976537, 0.152311, -0.002831, 0.286883, -0.103814, -0.952324, -1.2e-05, 0.0, 0.0, 0.0, 1.0],
                [0.950697, 0.159225, 0.266123, 0.124994, 0.123345, -0.981474, 0.146594, -0.002831, 0.284534, -0.106541, -0.952728, -1.2e-05, 0.0, 0.0, 0.0, 1.0],
                [0.954173, 0.133813, 0.267668, 0.124994, 0.098637, -0.985102, 0.140859, -0.002831, 0.28253, -0.108001, -0.95316, -1.2e-05, 0.0, 0.0, 0.0, 1.0],
                [0.956562, 0.112389, 0.268994, 0.124994, 0.078052, -0.987746, 0.135136, -0.002831, 0.280886, -0.108269, -0.953615, -1.2e-05, 0.0, 0.0, 0.0, 1.0],
                [0.958142, 0.094898, 0.270107, 0.124994, 0.061528, -0.989673, 0.129452, -0.002831, 0.279602, -0.107413, -0.954089, -1.2e-05, 0.0, 0.0, 0.0, 1.0],
                [0.959139, 0.081271, 0.271012, 0.124994, 0.048989, -0.991091, 0.123832, -0.002831, 0.278662, -0.105495, -0.954578, -1.2e-05, 0.0, 0.0, 0.0, 1.0],
                [0.959723, 0.071432, 0.271714, 0.124994, 0.040353, -0.992155, 0.118301, -0.002831, 0.278034, -0.102571, -0.95508, -1.2e-05, 0.0, 0.0, 0.0, 1.0],
                [0.960017, 0.065301, 0.272217, 0.124994, 0.035535, -0.992971, 0.11288, -0.002831, 0.277675, -0.098693, -0.955592, -1.2e-05, 0.0, 0.0, 0.0, 1.0],
                [0.960098, 0.062795, 0.272521, 0.124994, 0.034447, -0.993596, 0.107592, -0.002831, 0.277532, -0.09391, -0.956116, -1.2e-05, 0.0, 0.0, 0.0, 1.0],
                [0.960046, 0.062518, 0.272769, 0.124994, 0.035678, -0.994114, 0.102275, -0.002831, 0.277558, -0.088456, -0.956628, -1.2e-05, 0.0, 0.0, 0.0, 1.0],
                [0.959912, 0.063093, 0.273107, 0.124994, 0.03784, -0.994585, 0.096771, -0.002831, 0.277734, -0.082557, -0.957104, -1.2e-05, 0.0, 0.0, 0.0, 1.0],
                [0.959698, 0.064469, 0.273538, 0.124994, 0.040874, -0.995, 0.091102, -0.002831, 0.278044, -0.076249, -0.957537, -1.2e-05, 0.0, 0.0, 0.0, 1.0],
                [0.959402, 0.066591, 0.274068, 0.124994, 0.044723, -0.99535, 0.085287, -0.002831, 0.278473, -0.069567, -0.957921, -1.2e-05, 0.0, 0.0, 0.0, 1.0],
                [0.959022, 0.069407, 0.274699, 0.124994, 0.049328, -0.995623, 0.079351, -0.002831, 0.279005, -0.062548, -0.958251, -1.2e-05, 0.0, 0.0, 0.0, 1.0],
                [0.958554, 0.072864, 0.275434, 0.124994, 0.05463, -0.995809, 0.073314, -0.002831, 0.279622, -0.055227, -0.958521, -1.2e-05, 0.0, 0.0, 0.0, 1.0],
                [0.957996, 0.076907, 0.276276, 0.124994, 0.060571, -0.995897, 0.067198, -0.002831, 0.28031, -0.047641, -0.958727, -1.2e-05, 0.0, 0.0, 0.0, 1.0],
                [0.957343, 0.081484, 0.277225, 0.124994, 0.067092, -0.995876, 0.061028, -0.002831, 0.281055, -0.039825, -0.958865, -1.2e-05, 0.0, 0.0, 0.0, 1.0],
                [0.956592, 0.08654, 0.278284, 0.124994, 0.074132, -0.995738, 0.054826, -0.002831, 0.281843, -0.031816, -0.958933, -1.2e-05, 0.0, 0.0, 0.0, 1.0],
                [0.955739, 0.092021, 0.279452, 0.124994, 0.081632, -0.995474, 0.048615, -0.002831, 0.282661, -0.023651, -0.958929, -1.2e-05, 0.0, 0.0, 0.0, 1.0],
                [0.954784, 0.097873, 0.280728, 0.124994, 0.089532, -0.995078, 0.042419, -0.002831, 0.283498, -0.015367, -0.95885, -1.2e-05, 0.0, 0.0, 0.0, 1.0],
                [0.953723, 0.104043, 0.28211, 0.124994, 0.097771, -0.994546, 0.036261, -0.002831, 0.284345, -0.007001, -0.958697, -1.2e-05, 0.0, 0.0, 0.0, 1.0],
                [0.952559, 0.110475, 0.283596, 0.124994, 0.106287, -0.993876, 0.030165, -0.002831, 0.285192, 0.001409, -0.95847, -1.2e-05, 0.0, 0.0, 0.0, 1.0],
                [0.951291, 0.117117, 0.285182, 0.124994, 0.11502, -0.993067, 0.024153, -0.002831, 0.286034, 0.009826, -0.95817, -1.2e-05, 0.0, 0.0, 0.0, 1.0],
                [0.949923, 0.123914, 0.286862, 0.124994, 0.123909, -0.992124, 0.01825, -0.002831, 0.286865, 0.01821, -0.957798, -1.2e-05, 0.0, 0.0, 0.0, 1.0],
                [0.948461, 0.130814, 0.288632, 0.124994, 0.132892, -0.99105, 0.012477, -0.002831, 0.287682, 0.026523, -0.957359, -1.2e-05, 0.0, 0.0, 0.0, 1.0],
                [0.94691, 0.137763, 0.290485, 0.124994, 0.141908, -0.989854, 0.006858, -0.002831, 0.288482, 0.034729, -0.956855, -1.2e-05, 0.0, 0.0, 0.0, 1.0],
                [0.94528, 0.144708, 0.292412, 0.124994, 0.150895, -0.988547, 0.001414, -0.002831, 0.289268, 0.042787, -0.956292, -1.2e-05, 0.0, 0.0, 0.0, 1.0],
                [0.94358, 0.151599, 0.294405, 0.124994, 0.159794, -0.987141, -0.003832, -0.002831, 0.290039, 0.05066, -0.955673, -1.2e-05, 0.0, 0.0, 0.0, 1.0],
                [0.941822, 0.158384, 0.296456, 0.124994, 0.168544, -0.985652, -0.008859, -0.002831, 0.2908, 0.05831, -0.955006, -1.2e-05, 0.0, 0.0, 0.0, 1.0],
                [0.940019, 0.165012, 0.298553, 0.124994, 0.177085, -0.984099, -0.013647, -0.002831, 0.291554, 0.065698, -0.954296, -1.2e-05, 0.0, 0.0, 0.0, 1.0],
                [0.938188, 0.171433, 0.300687, 0.124994, 0.185356, -0.982501, -0.018176, -0.002831, 0.29231, 0.072787, -0.95355, -1.2e-05, 0.0, 0.0, 0.0, 1.0],
                [0.936345, 0.177599, 0.302845, 0.124994, 0.1933, -0.980881, -0.022425, -0.002831, 0.293073, 0.079538, -0.952776, -1.2e-05, 0.0, 0.0, 0.0, 1.0],
                [0.934508, 0.183462, 0.305017, 0.124994, 0.200858, -0.979263, -0.026377, -0.002831, 0.293853, 0.085915, -0.951982, -1.2e-05, 0.0, 0.0, 0.0, 1.0],
                [0.932696, 0.188974, 0.30719, 0.124994, 0.207972, -0.977672, -0.030012, -0.002831, 0.29466, 0.091879, -0.951175, -1.2e-05, 0.0, 0.0, 0.0, 1.0],
                [0.93093, 0.194088, 0.309352, 0.124994, 0.214584, -0.976135, -0.033313, -0.002831, 0.295503, 0.097395, -0.950364, -1.2e-05, 0.0, 0.0, 0.0, 1.0],
                [0.92923, 0.198758, 0.31149, 0.124994, 0.220637, -0.97468, -0.036263, -0.002831, 0.296395, 0.102423, -0.949558, -1.2e-05, 0.0, 0.0, 0.0, 1.0],
                [0.927618, 0.20294, 0.313592, 0.124994, 0.226074, -0.973333, -0.038845, -0.002831, 0.297346, 0.106928, -0.948763, -1.2e-05, 0.0, 0.0, 0.0, 1.0],
                [0.926115, 0.206586, 0.315646, 0.124994, 0.230839, -0.972124, -0.041042, -0.002831, 0.298368, 0.110873, -0.947989, -1.2e-05, 0.0, 0.0, 0.0, 1.0],
                [0.924743, 0.209654, 0.317639, 0.124994, 0.234874, -0.971079, -0.042837, -0.002831, 0.299472, 0.114219, -0.947244, -1.2e-05, 0.0, 0.0, 0.0, 1.0],
                [0.923523, 0.212097, 0.319562, 0.124994, 0.238124, -0.970226, -0.044216, -0.002831, 0.300669, 0.11693, -0.946534, -1.2e-05, 0.0, 0.0, 0.0, 1.0],
                [0.922475, 0.213872, 0.321401, 0.124994, 0.240531, -0.969588, -0.045162, -0.002831, 0.301968, 0.118968, -0.945866, -1.2e-05, 0.0, 0.0, 0.0, 1.0],
                [0.921617, 0.214932, 0.323148, 0.124994, 0.242037, -0.96919, -0.04566, -0.002831, 0.303379, 0.120295, -0.945246, -1.2e-05, 0.0, 0.0, 0.0, 1.0],
                [0.920969, 0.215232, 0.324793, 0.124994, 0.242584, -0.969052, -0.045692, -0.002831, 0.304907, 0.120871, -0.944681, -1.2e-05, 0.0, 0.0, 0.0, 1.0],
                [0.920455, 0.215096, 0.326336, 0.124994, 0.242485, -0.9691, -0.045188, -0.002831, 0.306532, 0.120725, -0.944174, -1.2e-05, 0.0, 0.0, 0.0, 1.0],
                [0.919992, 0.21488, 0.327782, 0.124994, 0.242098, -0.969247, -0.0441, -0.002831, 0.308226, 0.119927, -0.943724, -1.2e-05, 0.0, 0.0, 0.0, 1.0],
                [0.919576, 0.21459, 0.329135, 0.124994, 0.241433, -0.969486, -0.042455, -0.002831, 0.309982, 0.118505, -0.943328, -1.2e-05, 0.0, 0.0, 0.0, 1.0],
                [0.919207, 0.214229, 0.330399, 0.124994, 0.2405, -0.969811, -0.040275, -0.002831, 0.311797, 0.116482, -0.942982, -1.2e-05, 0.0, 0.0, 0.0, 1.0],
                [0.918883, 0.213802, 0.331576, 0.124994, 0.239309, -0.970214, -0.037585, -0.002831, 0.313664, 0.113885, -0.94268, -1.2e-05, 0.0, 0.0, 0.0, 1.0],
                [0.918601, 0.213313, 0.33267, 0.124994, 0.23787, -0.970685, -0.034408, -0.002831, 0.315578, 0.11074, -0.942416, -1.2e-05, 0.0, 0.0, 0.0, 1.0],
                [0.91836, 0.212765, 0.333684, 0.124994, 0.236192, -0.971217, -0.030769, -0.002831, 0.317533, 0.107071, -0.942183, -1.2e-05, 0.0, 0.0, 0.0, 1.0],
                [0.918158, 0.212162, 0.334621, 0.124994, 0.234285, -0.971799, -0.026691, -0.002831, 0.319523, 0.102903, -0.941975, -1.2e-05, 0.0, 0.0, 0.0, 1.0],
                [0.917994, 0.211507, 0.335486, 0.124994, 0.23216, -0.972422, -0.022197, -0.002831, 0.321539, 0.098263, -0.941784, -1.2e-05, 0.0, 0.0, 0.0, 1.0],
                [0.917865, 0.210804, 0.33628, 0.124994, 0.229827, -0.973075, -0.017311, -0.002831, 0.323577, 0.093176, -0.941603, -1.2e-05, 0.0, 0.0, 0.0, 1.0],
                [0.91777, 0.210055, 0.337008, 0.124994, 0.227296, -0.973749, -0.012058, -0.002831, 0.325628, 0.087667, -0.941425, -1.2e-05, 0.0, 0.0, 0.0, 1.0],
                [0.917706, 0.209264, 0.337672, 0.124994, 0.224577, -0.974433, -0.00646, -0.002831, 0.327687, 0.081762, -0.941242, -1.2e-05, 0.0, 0.0, 0.0, 1.0],
                [0.917673, 0.208434, 0.338277, 0.124994, 0.221682, -0.975117, -0.000542, -0.002831, 0.329747, 0.075487, -0.941047, -1.2e-05, 0.0, 0.0, 0.0, 1.0],
                [0.917667, 0.207567, 0.338825, 0.124994, 0.21862, -0.975792, 0.005673, -0.002831, 0.3318, 0.068868, -0.940833, -1.2e-05, 0.0, 0.0, 0.0, 1.0],
                [0.917688, 0.206666, 0.339319, 0.124994, 0.215404, -0.976447, 0.01216, -0.002831, 0.333841, 0.061932, -0.940593, -1.2e-05, 0.0, 0.0, 0.0, 1.0],
                [0.917733, 0.205734, 0.339763, 0.124994, 0.212043, -0.977076, 0.018895, -0.002831, 0.335862, 0.054704, -0.940321, -1.2e-05, 0.0, 0.0, 0.0, 1.0],
                [0.9178, 0.204775, 0.34016, 0.124994, 0.208551, -0.977668, 0.025854, -0.002831, 0.337858, 0.047212, -0.940012, -1.2e-05, 0.0, 0.0, 0.0, 1.0],
                [0.917889, 0.20379, 0.340513, 0.124994, 0.204938, -0.978216, 0.033013, -0.002831, 0.339823, 0.039482, -0.939661, -1.2e-05, 0.0, 0.0, 0.0, 1.0],
                [0.917996, 0.202783, 0.340824, 0.124994, 0.201217, -0.978713, 0.040347, -0.002831, 0.341751, 0.031542, -0.939261, -1.2e-05, 0.0, 0.0, 0.0, 1.0],
                [0.918121, 0.201756, 0.341097, 0.124994, 0.197399, -0.979154, 0.047831, -0.002831, 0.343636, 0.023418, -0.938811, -1.2e-05, 0.0, 0.0, 0.0, 1.0],
                [0.918262, 0.200713, 0.341333, 0.124994, 0.193498, -0.979531, 0.05544, -0.002831, 0.345475, 0.015139, -0.938306, -1.2e-05, 0.0, 0.0, 0.0, 1.0],
                [0.918417, 0.199656, 0.341537, 0.124994, 0.189526, -0.979841, 0.063151, -0.002831, 0.347261, 0.006732, -0.937745, -1.2e-05, 0.0, 0.0, 0.0, 1.0],
                [0.918584, 0.198587, 0.341711, 0.124994, 0.185495, -0.980079, 0.070937, -0.002831, 0.348991, -0.001776, -0.937125, -1.2e-05, 0.0, 0.0, 0.0, 1.0],
                [0.918762, 0.197511, 0.341856, 0.124994, 0.181418, -0.980244, 0.078775, -0.002831, 0.350661, -0.010356, -0.936445, -1.2e-05, 0.0, 0.0, 0.0, 1.0],
                [0.918949, 0.19643, 0.341975, 0.124994, 0.17731, -0.980332, 0.086639, -0.002831, 0.352268, -0.018981, -0.935707, -1.2e-05, 0.0, 0.0, 0.0, 1.0],
                [0.919144, 0.195347, 0.342071, 0.124994, 0.173183, -0.980343, 0.094505, -0.002831, 0.353809, -0.027623, -0.93491, -1.2e-05, 0.0, 0.0, 0.0, 1.0],
                [0.919346, 0.194265, 0.342146, 0.124994, 0.16905, -0.980277, 0.102348, -0.002831, 0.355281, -0.036253, -0.934057, -1.2e-05, 0.0, 0.0, 0.0, 1.0],
                [0.919552, 0.193187, 0.342202, 0.124994, 0.164926, -0.980134, 0.110144, -0.002831, 0.356683, -0.044845, -0.933149, -1.2e-05, 0.0, 0.0, 0.0, 1.0],
                [0.919762, 0.192116, 0.34224, 0.124994, 0.160824, -0.979918, 0.117868, -0.002831, 0.358012, -0.053369, -0.932191, -1.2e-05, 0.0, 0.0, 0.0, 1.0],
                [0.919974, 0.191056, 0.342263, 0.124994, 0.156757, -0.97963, 0.125495, -0.002831, 0.359268, -0.061799, -0.931186, -1.2e-05, 0.0, 0.0, 0.0, 1.0],
                [0.920187, 0.19001, 0.342273, 0.124994, 0.15274, -0.979274, 0.133001, -0.002831, 0.360451, -0.070107, -0.93014, -1.2e-05, 0.0, 0.0, 0.0, 1.0],
                [0.9204, 0.188981, 0.34227, 0.124994, 0.148787, -0.978855, 0.140364, -0.002831, 0.361559, -0.078265, -0.929059, -1.2e-05, 0.0, 0.0, 0.0, 1.0],
                [0.920612, 0.187972, 0.342257, 0.124994, 0.14491, -0.978378, 0.147557, -0.002831, 0.362593, -0.086246, -0.927948, -1.2e-05, 0.0, 0.0, 0.0, 1.0],
                [0.920821, 0.186987, 0.342234, 0.124994, 0.141125, -0.97785, 0.154559, -0.002831, 0.363555, -0.094023, -0.926816, -1.2e-05, 0.0, 0.0, 0.0, 1.0],
                [0.921026, 0.186029, 0.342204, 0.124994, 0.137445, -0.977278, 0.161345, -0.002831, 0.364444, -0.101568, -0.92567, -1.2e-05, 0.0, 0.0, 0.0, 1.0],
                [0.921226, 0.185102, 0.342168, 0.124994, 0.133883, -0.976669, 0.167893, -0.002831, 0.365263, -0.108856, -0.924518, -1.2e-05, 0.0, 0.0, 0.0, 1.0],
                [0.921421, 0.184209, 0.342126, 0.124994, 0.130455, -0.976032, 0.17418, -0.002831, 0.366012, -0.11586, -0.92337, -1.2e-05, 0.0, 0.0, 0.0, 1.0],
                [0.921608, 0.183353, 0.34208, 0.124994, 0.127172, -0.975376, 0.180182, -0.002831, 0.366694, -0.122553, -0.922235, -1.2e-05, 0.0, 0.0, 0.0, 1.0],
                [0.921788, 0.182539, 0.342031, 0.124994, 0.12405, -0.974709, 0.185877, -0.002831, 0.367311, -0.12891, -0.921122, -1.2e-05, 0.0, 0.0, 0.0, 1.0],
                [0.921959, 0.181769, 0.34198, 0.124994, 0.121101, -0.974041, 0.191244, -0.002831, 0.367866, -0.134904, -0.920041, -1.2e-05, 0.0, 0.0, 0.0, 1.0],
                [0.92212, 0.181047, 0.341928, 0.124994, 0.118339, -0.973383, 0.196259, -0.002831, 0.36836, -0.140511, -0.919004, -1.2e-05, 0.0, 0.0, 0.0, 1.0],
                [0.922271, 0.180377, 0.341877, 0.124994, 0.115778, -0.972744, 0.200901, -0.002831, 0.368797, -0.145703, -0.91802, -1.2e-05, 0.0, 0.0, 0.0, 1.0],
                [0.92241, 0.179762, 0.341826, 0.124994, 0.11343, -0.972134, 0.205148, -0.002831, 0.369179, -0.150457, -0.917099, -1.2e-05, 0.0, 0.0, 0.0, 1.0],
                [0.922536, 0.179206, 0.341777, 0.124994, 0.11131, -0.971563, 0.208978, -0.002831, 0.369508, -0.154746, -0.916252, -1.2e-05, 0.0, 0.0, 0.0, 1.0],
                [0.922649, 0.178713, 0.34173, 0.124994, 0.10943, -0.971041, 0.212369, -0.002831, 0.369788, -0.158546, -0.915489, -1.2e-05, 0.0, 0.0, 0.0, 1.0],
                [0.922747, 0.178285, 0.341688, 0.124994, 0.107804, -0.970577, 0.215299, -0.002831, 0.37002, -0.16183, -0.91482, -1.2e-05, 0.0, 0.0, 0.0, 1.0],
                [0.92283, 0.177928, 0.341651, 0.124994, 0.106444, -0.970182, 0.217746, -0.002831, 0.370207, -0.164575, -0.914255, -1.2e-05, 0.0, 0.0, 0.0, 1.0],
                [0.922897, 0.177643, 0.341619, 0.124994, 0.105364, -0.969861, 0.219689, -0.002831, 0.37035, -0.166755, -0.913802, -1.2e-05, 0.0, 0.0, 0.0, 1.0],
                [0.922945, 0.177435, 0.341595, 0.124994, 0.104577, -0.969625, 0.221104, -0.002831, 0.370451, -0.168344, -0.913469, -1.2e-05, 0.0, 0.0, 0.0, 1.0],
                [0.922976, 0.177308, 0.34158, 0.124994, 0.104095, -0.969479, 0.22197, -0.002831, 0.370512, -0.169316, -0.913265, -1.2e-05, 0.0, 0.0, 0.0, 1.0],
                [0.922986, 0.177265, 0.341574, 0.124994, 0.103931, -0.969429, 0.222264, -0.002831, 0.370532, -0.169646, -0.913196, -1.2e-05, 0.0, 0.0, 0.0, 1.0]
            ]
        },
        {
            "name": "Leg_R",
            "time": [0.0, 0.0167, 0.0333, 0.05, 0.0667, 0.0833, 0.1, 0.1167, 0.1333, 0.15, 0.1667, 0.1833, 0.2, 0.2167, 0.2333, 0.25, 0.2667, 0.2833, 0.3, 0.3167, 0.3333, 0.35, 0.3667, 0.3833, 0.4, 0.4167, 0.4333, 0.45, 0.4667, 0.4833, 0.5, 0.5167, 0.5333, 0.55, 0.5667, 0.5833, 0.6, 0.6167, 0.6333, 0.65, 0.6667, 0.6833, 0.7, 0.7167, 0.7333, 0.75, 0.7667, 0.7833, 0.8, 0.8167, 0.8333, 0.85, 0.8667, 0.8833, 0.9, 0.9167, 0.9333, 0.95, 0.9667, 0.9833, 1.0, 1.0167, 1.0333, 1.05, 1.0667, 1.0833, 1.1, 1.1167, 1.1333, 1.15, 1.1667, 1.1833, 1.2, 1.2167, 1.2333, 1.25, 1.2667, 1.2833, 1.3, 1.3167, 1.3333, 1.35, 1.3667, 1.3833, 1.4, 1.4167, 1.4333, 1.45, 1.4667, 1.4833, 1.5, 1.5167, 1.5333, 1.55, 1.5667, 1.5833, 1.6, 1.6167, 1.6333, 1.65, 1.6667, 1.6833, 1.7, 1.7167, 1.7333, 1.75, 1.7667, 1.7833, 1.8, 1.8167, 1.8333, 1.85, 1.8667, 1.8833, 1.9, 1.9167, 1.9333, 1.95, 1.9667, 1.9833, 2.0],
            "transform": [
                [1.0, -0.0, 1e-06, 0.0, -0.0, 0.735328, 0.677711, 0.37472, -1e-06, -0.677712, 0.735327, -0.0, 0.0, 0.0, 0.0, 1.0],
                [1.0, -0.0, 1e-06, -0.0, -0.0, 0.738652, 0.674087, 0.37472, -1e-06, -0.674088, 0.73865, 0.0, 0.0, 0.0, 0.0, 1.0],
                [1.0, -0.0, 1e-06, 0.0, -0.0, 0.747472, 0.664293, 0.37472, -1e-06, -0.664294, 0.747471, -0.0, 0.0, 0.0, 0.0, 1.0],
                [1.0, -0.0, 1e-06, -0.0, -0.0, 0.759954, 0.649977, 0.37472, -1e-06, -0.649978, 0.759953, 0.0, 0.0, 0.0, 0.0, 1.0],
                [1.0, -0.0, 1e-06, -0.0, -0.0, 0.77432, 0.632794, 0.37472, -1e-06, -0.632795, 0.774319, -0.0, 0.0, 0.0, 0.0, 1.0],
                [1.0, -0.0, 1e-06, -0.0, -0.0, 0.789022, 0.614365, 0.37472, -1e-06, -0.614366, 0.789021, 0.0, 0.0, 0.0, 0.0, 1.0],
                [1.0, -0.0, 1e-06, -0.0, -0.0, 0.80281, 0.596236, 0.37472, -1e-06, -0.596237, 0.802808, -0.0, 0.0, 0.0, 0.0, 1.0],
                [1.0, -0.0, 1e-06, 0.0, -0.0, 0.814721, 0.579853, 0.37472, -1e-06, -0.579854, 0.81472, 0.0, 0.0, 0.0, 0.0, 1.0],
                [1.0, -0.0, 1e-06, 0.0, -0.0, 0.824016, 0.566567, 0.37472, -1e-06, -0.566568, 0.824015, -0.0, 0.0, 0.0, 0.0, 1.0],
                [1.0, -0.0, 1e-06, -0.0, -0.0, 0.83007, 0.557659, 0.37472, -1e-06, -0.55766, 0.830069, 0.0, 0.0, 0.0, 0.0, 1.0],
                [1.0, -0.0, 1e-06, -0.0, -0.0, 0.832251, 0.554399, 0.37472, -1e-06, -0.5544, 0.83225, 0.0, 0.0, 0.0, 0.0, 1.0],
