{
    "animation": [
        {
            "name": "Root",
            "time": [0.0, 0.0167, 0.0333, 0.05, 0.0667, 0.0833, 0.1, 0.1167, 0.1333, 0.15, 0.1667, 0.1833, 0.2, 0.2167, 0.2333, 0.25, 0.2667, 0.2833, 0.3, 0.3167, 0.3333, 0.35, 0.3667, 0.3833, 0.4, 0.4167, 0.4333, 0.45, 0.4667, 0.4833, 0.5, 0.5167, 0.5333, 0.55, 0.5667, 0.5833, 0.6, 0.6167, 0.6333, 0.65, 0.6667, 0.6833, 0.7, 0.7167, 0.7333, 0.75, 0.7667, 0.7833, 0.8, 0.8167, 0.8333, 0.85, 0.8667, 0.8833, 0.9, 0.9167, 0.9333, 0.95, 0.9667, 0.9833, 1.0, 1.0167, 1.0333, 1.05, 1.0667, 1.0833, 1.1, 1.1167, 1.1333, 1.15, 1.1667, 1.1833, 1.2, 1.2167, 1.2333, 1.25, 1.2667, 1.2833, 1.3, 1.3167, 1.3333, 1.35, 1.3667, 1.3833, 1.4, 1.4167, 1.4333, 1.45, 1.4667, 1.4833, 1.5, 1.5167, 1.5333, 1.55, 1.5667, 1.5833, 1.6, 1.6167, 1.6333, 1.65, 1.6667, 1.6833, 1.7, 1.7167, 1.7333, 1.75, 1.7667, 1.7833, 1.8, 1.8167, 1.8333, 1.85, 1.8667, 1.8833, 1.9, 1.9167, 1.9333, 1.95, 1.9667, 1.9833],
            "transform": [
                [-0.062073, 0.0, -0.998072, -5e-06, -0.998072, 0.0, 0.062073, 0.000946, 0.0, 1.0, 0.0, 0.672943, 0.0, 0.0, 0.0, 1.0],
                [-0.077415, 0.0, -0.996999, -0.001076, -0.996999, 0.0, 0.077415, 0.003639, 0.0, 1.0, 0.0, 0.674209, 0.0, 0.0, 0.0, 1.0],
                [-0.121907, 0.0, -0.992541, -0.004092, -0.992541, 0.0, 0.121907, 0.01128, 0.0, 1.0, 0.0, 0.677772, 0.0, 0.0, 0.0, 1.0],
                [-0.193643, 0.0, -0.981072, -0.008753, -0.981072, 0.0, 0.193643, 0.023217, 0.0, 1.0, 0.0, 0.683277, 0.0, 0.0, 0.0, 1.0],
                [-0.290461, 0.0, -0.956887, -0.01476, -0.956887, 0.0, 0.290461, 0.038795, 0.0, 1.0, 0.0, 0.690373, 0.0, 0.0, 0.0, 1.0],
                [-0.408754, 0.0, -0.912645, -0.021814, -0.912645, 0.0, 0.408754, 0.057361, 0.0, 1.0, 0.0, 0.698705, 0.0, 0.0, 0.0, 1.0],
                [-0.542132, 0.0, -0.840293, -0.029615, -0.840293, 0.0, 0.542132, 0.078262, 0.0, 1.0, 0.0, 0.70792, 0.0, 0.0, 0.0, 1.0],
                [-0.680408, 0.0, -0.732833, -0.037865, -0.732833, 0.0, 0.680408, 0.100843, 0.0, 1.0, 0.0, 0.717665, 0.0, 0.0, 0.0, 1.0],
                [-0.809664, 0.0, -0.586893, -0.046265, -0.586893, 0.0, 0.809664, 0.124452, 0.0, 1.0, 0.0, 0.727587, 0.0, 0.0, 0.0, 1.0],
                [-0.914179, 0.0, -0.40531, -0.054515, -0.40531, 0.0, 0.914179, 0.148434, 0.0, 1.0, 0.0, 0.737332, 0.0, 0.0, 0.0, 1.0],
                [-0.980168, 0.0, -0.198167, -0.062317, -0.198167, 0.0, 0.980168, 0.172136, 0.0, 1.0, 0.0, 0.746547, 0.0, 0.0, 0.0, 1.0],
                [-0.99982, 0.0, 0.01897, -0.069371, 0.01897, 0.0, 0.99982, 0.194904, 0.0, 1.0, 0.0, 0.754879, 0.0, 0.0, 0.0, 1.0],
                [-0.973378, 0.0, 0.229206, -0.075377, 0.229206, 0.0, 0.973378, 0.216085, 0.0, 1.0, 0.0, 0.761975, 0.0, 0.0, 0.0, 1.0],
                [-0.908107, 0.0, 0.418739, -0.080038, 0.418739, 0.0, 0.908107, 0.235025, 0.0, 1.0, 0.0, 0.76748, 0.0, 0.0, 0.0, 1.0],
                [-0.81506, 0.0, 0.579377, -0.083054, 0.579377, 0.0, 0.81506, 0.25107, 0.0, 1.0, 0.0, 0.771042, 0.0, 0.0, 0.0, 1.0],
                [-0.705623, 0.0, 0.708588, -0.084126, 0.708588, 0.0, 0.705623, 0.263567, 0.0, 1.0, 0.0, 0.772308, 0.0, 0.0, 0.0, 1.0],
                [-0.590673, 0.0, 0.806911, -0.084126, 0.806911, 0.0, 0.590673, 0.272306, 0.0, 1.0, 0.0, 0.769385, 0.0, 0.0, 0.0, 1.0],
                [-0.477708, 0.0, 0.878519, -0.084126, 0.878519, 0.0, 0.477708, 0.278857, 0.0, 1.0, 0.0, 0.761449, 0.0, 0.0, 0.0, 1.0],
                [-0.368767, 0.0, 0.929522, -0.084126, 0.929522, 0.0, 0.368767, 0.285233, 0.0, 1.0, 0.0, 0.749755, 0.0, 0.0, 0.0, 1.0],
                [-0.262929, 0.0, 0.964815, -0.084126, 0.964815, 0.0, 0.262929, 0.293448, 0.0, 1.0, 0.0, 0.735554, 0.0, 0.0, 0.0, 1.0],
                [-0.157367, 0.0, 0.98754, -0.084126, 0.98754, 0.0, 0.157367, 0.305515, 0.0, 1.0, 0.0, 0.720101, 0.0, 0.0, 0.0, 1.0],
                [-0.047932, 0.0, 0.998851, -0.084126, 0.998851, 0.0, 0.047932, 0.323448, 0.0, 1.0, 0.0, 0.704648, 0.0, 0.0, 0.0, 1.0],
                [0.070632, 0.0, 0.997503, -0.084126, 0.997503, 0.0, -0.070632, 0.34926, 0.0, 1.0, 0.0, 0.690447, 0.0, 0.0, 0.0, 1.0],
                [0.204626, 0.0, 0.97884, -0.084126, 0.97884, 0.0, -0.204626, 0.384965, 0.0, 1.0, 0.0, 0.678753, 0.0, 0.0, 0.0, 1.0],
                [0.360932, 0.0, 0.932592, -0.084126, 0.932592, 0.0, -0.360932, 0.432576, 0.0, 1.0, 0.0, 0.670817, 0.0, 0.0, 0.0, 1.0],
                [0.544656, 0.0, 0.838659, -0.084126, 0.838659, 0.0, -0.544656, 0.494107, 0.0, 1.0, 0.0, 0.667894, 0.0, 0.0, 0.0, 1.0],
                [0.814132, 0.0, 0.58068, -0.084126, 0.58068, 0.0, -0.814132, 0.623335, 0.0, 1.0, 0.0, 0.674207, 0.0, 0.0, 0.0, 1.0],
                [0.999953, 0.0, -0.009707, -0.084126, -0.009707, 0.0, -0.999953, 0.838409, 0.0, 1.0, 0.0, 0.689262, 0.0, 0.0, 0.0, 1.0],
                [0.756921, 0.0, -0.653506, -0.084126, -0.653506, 0.0, -0.756921, 1.087903, 0.0, 1.0, 0.0, 0.707231, 0.0, 0.0, 0.0, 1.0],
                [0.330732, 0.0, -0.943725, -0.084126, -0.943725, 0.0, -0.330732, 1.320393, 0.0, 1.0, 0.0, 0.722286, 0.0, 0.0, 0.0, 1.0],
                [0.081302, 0.0, -0.99669, -0.084126, -0.99669, 0.0, -0.081302, 1.484452, 0.0, 1.0, 0.0, 0.728599, 0.0, 0.0, 0.0, 1.0],
                [-0.033005, 0.0, -0.999455, -0.084126, -0.999455, 0.0, 0.033005, 1.589756, 0.0, 1.0, 0.0, 0.728029, 0.0, 0.0, 0.0, 1.0],
                [-0.13514, 0.0, -0.990827, -0.084126, -0.990827, 0.0, 0.13514, 1.680951, 0.0, 1.0, 0.0, 0.726424, 0.0, 0.0, 0.0, 1.0],
                [-0.225037, 0.0, -0.97435, -0.084126, -0.97435, 0.0, 0.225037, 1.759059, 0.0, 1.0, 0.0, 0.723945, 0.0, 0.0, 0.0, 1.0],
                [-0.303214, 0.0, -0.952923, -0.084126, -0.952923, 0.0, 0.303214, 1.825103, 0.0, 1.0, 0.0, 0.72075, 0.0, 0.0, 0.0, 1.0],
                [-0.370505, 0.0, -0.92883, -0.084126, -0.92883, 0.0, 0.370505, 1.880105, 0.0, 1.0, 0.0, 0.716998, 0.0, 0.0, 0.0, 1.0],
                [-0.427878, 0.0, -0.903836, -0.084126, -0.903836, 0.0, 0.427878, 1.92509, 0.0, 1.0, 0.0, 0.712848, 0.0, 0.0, 0.0, 1.0],
                [-0.476313, 0.0, -0.879276, -0.084126, -0.879276, 0.0, 0.476313, 1.96108, 0.0, 1.0, 0.0, 0.708459, 0.0, 0.0, 0.0, 1.0],
                [-0.516737, 0.0, -0.856144, -0.084126, -0.856144, 0.0, 0.516737, 1.989099, 0.0, 1.0, 0.0, 0.703991, 0.0, 0.0, 0.0, 1.0],
                [-0.549985, 0.0, -0.835175, -0.084126, -0.835175, 0.0, 0.549985, 2.010169, 0.0, 1.0, 0.0, 0.699602, 0.0, 0.0, 0.0, 1.0],
                [-0.576787, 0.0, -0.816894, -0.084126, -0.816894, 0.0, 0.576787, 2.025313, 0.0, 1.0, 0.0, 0.695453, 0.0, 0.0, 0.0, 1.0],
                [-0.597766, 0.0, -0.801671, -0.084126, -0.801671, 0.0, 0.597766, 2.035554, 0.0, 1.0, 0.0, 0.6917, 0.0, 0.0, 0.0, 1.0],
                [-0.613441, 0.0, -0.789741, -0.084126, -0.789741, 0.0, 0.613441, 2.041917, 0.0, 1.0, 0.0, 0.688505, 0.0, 0.0, 0.0, 1.0],
                [-0.624238, 0.0, -0.781234, -0.084126, -0.781234, 0.0, 0.624238, 2.045422, 0.0, 1.0, 0.0, 0.686026, 0.0, 0.0, 0.0, 1.0],
                [-0.630509, 0.0, -0.776182, -0.084126, -0.776182, 0.0, 0.630509, 2.047094, 0.0, 1.0, 0.0, 0.684421, 0.0, 0.0, 0.0, 1.0],
                [-0.632542, 0.0, -0.774526, -0.084126, -0.774526, 0.0, 0.632542, 2.047956, 0.0, 1.0, 0.0, 0.683851, 0.0, 0.0, 0.0, 1.0],
                [-0.631782, 0.0, -0.775146, -0.08408, -0.775146, 0.0, 0.631782, 2.048859, 0.0, 1.0, 0.0, 0.683887, 0.0, 0.0, 0.0, 1.0],
                [-0.629522, 0.0, -0.776983, -0.083945, -0.776983, 0.0, 0.629522, 2.049969, 0.0, 1.0, 0.0, 0.683994, 0.0, 0.0, 0.0, 1.0],
                [-0.625786, 0.0, -0.779995, -0.083723, -0.779995, 0.0, 0.625786, 2.05128, 0.0, 1.0, 0.0, 0.68417, 0.0, 0.0, 0.0, 1.0],
                [-0.620586, 0.0, -0.784139, -0.083415, -0.784139, 0.0, 0.620586, 2.052785, 0.0, 1.0, 0.0, 0.684412, 0.0, 0.0, 0.0, 1.0],
                [-0.613923, 0.0, -0.789366, -0.083026, -0.789366, 0.0, 0.613923, 2.054478, 0.0, 1.0, 0.0, 0.684719, 0.0, 0.0, 0.0, 1.0],
                [-0.605791, 0.0, -0.795624, -0.082557, -0.795624, 0.0, 0.605791, 2.056355, 0.0, 1.0, 0.0, 0.685089, 0.0, 0.0, 0.0, 1.0],
                [-0.596175, 0.0, -0.802854, -0.08201, -0.802854, 0.0, 0.596175, 2.058407, 0.0, 1.0, 0.0, 0.68552, 0.0, 0.0, 0.0, 1.0],
                [-0.585054, 0.0, -0.810995, -0.081389, -0.810995, 0.0, 0.585054, 2.06063, 0.0, 1.0, 0.0, 0.68601, 0.0, 0.0, 0.0, 1.0],
                [-0.572397, 0.0, -0.819977, -0.080696, -0.819977, 0.0, 0.572397, 2.063018, 0.0, 1.0, 0.0, 0.686557, 0.0, 0.0, 0.0, 1.0],
                [-0.558173, 0.0, -0.829725, -0.079933, -0.829725, 0.0, 0.558173, 2.065564, 0.0, 1.0, 0.0, 0.687159, 0.0, 0.0, 0.0, 1.0],
                [-0.542343, 0.0, -0.840157, -0.079102, -0.840157, 0.0, 0.542343, 2.068262, 0.0, 1.0, 0.0, 0.687813, 0.0, 0.0, 0.0, 1.0],
                [-0.524867, 0.0, -0.851184, -0.078207, -0.851184, 0.0, 0.524867, 2.071107, 0.0, 1.0, 0.0, 0.688519, 0.0, 0.0, 0.0, 1.0],
                [-0.505705, 0.0, -0.862707, -0.07725, -0.862707, 0.0, 0.505705, 2.074091, 0.0, 1.0, 0.0, 0.689275, 0.0, 0.0, 0.0, 1.0],
                [-0.484811, 0.0, -0.874619, -0.076233, -0.874619, 0.0, 0.484811, 2.07721, 0.0, 1.0, 0.0, 0.690077, 0.0, 0.0, 0.0, 1.0],
                [-0.462148, 0.0, -0.886803, -0.075158, -0.886803, 0.0, 0.462148, 2.080457, 0.0, 1.0, 0.0, 0.690924, 0.0, 0.0, 0.0, 1.0],
                [-0.437675, 0.0, -0.899133, -0.074029, -0.899133, 0.0, 0.437675, 2.083827, 0.0, 1.0, 0.0, 0.691815, 0.0, 0.0, 0.0, 1.0],
                [-0.411361, 0.0, -0.911473, -0.072847, -0.911473, 0.0, 0.411361, 2.087312, 0.0, 1.0, 0.0, 0.692747, 0.0, 0.0, 0.0, 1.0],
                [-0.383177, 0.0, -0.923675, -0.071616, -0.923675, 0.0, 0.383177, 2.090908, 0.0, 1.0, 0.0, 0.693718, 0.0, 0.0, 0.0, 1.0],
                [-0.353109, 0.0, -0.935582, -0.070337, -0.935582, 0.0, 0.353109, 2.094607, 0.0, 1.0, 0.0, 0.694727, 0.0, 0.0, 0.0, 1.0],
                [-0.321147, 0.0, -0.947029, -0.069013, -0.947029, 0.0, 0.321147, 2.098404, 0.0, 1.0, 0.0, 0.695771, 0.0, 0.0, 0.0, 1.0],
                [-0.2873, 0.0, -0.957841, -0.067647, -0.957841, 0.0, 0.2873, 2.102293, 0.0, 1.0, 0.0, 0.696848, 0.0, 0.0, 0.0, 1.0],
                [-0.25159, 0.0, -0.967834, -0.066242, -0.967834, 0.0, 0.25159, 2.106268, 0.0, 1.0, 0.0, 0.697957, 0.0, 0.0, 0.0, 1.0],
                [-0.214056, 0.0, -0.976821, -0.064798, -0.976821, 0.0, 0.214056, 2.110323, 0.0, 1.0, 0.0, 0.699095, 0.0, 0.0, 0.0, 1.0],
                [-0.174759, 0.0, -0.984611, -0.06332, -0.984611, 0.0, 0.174759, 2.114452, 0.0, 1.0, 0.0, 0.700261, 0.0, 0.0, 0.0, 1.0],
                [-0.13378, 0.0, -0.991011, -0.06181, -0.991011, 0.0, 0.13378, 2.118649, 0.0, 1.0, 0.0, 0.701452, 0.0, 0.0, 0.0, 1.0],
                [-0.091223, 0.0, -0.99583, -0.06027, -0.99583, 0.0, 0.091223, 2.122907, 0.0, 1.0, 0.0, 0.702667, 0.0, 0.0, 0.0, 1.0],
                [-0.047217, 0.0, -0.998885, -0.058702, -0.998885, 0.0, 0.047217, 2.127221, 0.0, 1.0, 0.0, 0.703903, 0.0, 0.0, 0.0, 1.0],
                [-0.001914, 0.0, -0.999998, -0.057109, -0.999998, 0.0, 0.001914, 2.131584, 0.0, 1.0, 0.0, 0.705159, 0.0, 0.0, 0.0, 1.0],
                [0.044509, 0.0, -0.999009, -0.055494, -0.999009, 0.0, -0.044509, 2.135992, 0.0, 1.0, 0.0, 0.706433, 0.0, 0.0, 0.0, 1.0],
                [0.091851, 0.0, -0.995773, -0.053859, -0.995773, 0.0, -0.091851, 2.140436, 0.0, 1.0, 0.0, 0.707723, 0.0, 0.0, 0.0, 1.0],
                [0.139893, 0.0, -0.990167, -0.052207, -0.990167, 0.0, -0.139893, 2.144912, 0.0, 1.0, 0.0, 0.709026, 0.0, 0.0, 0.0, 1.0],
                [0.188396, 0.0, -0.982093, -0.050539, -0.982093, 0.0, -0.188396, 2.149414, 0.0, 1.0, 0.0, 0.710341, 0.0, 0.0, 0.0, 1.0],
                [0.237104, 0.0, -0.971484, -0.048859, -0.971484, 0.0, -0.237104, 2.153935, 0.0, 1.0, 0.0, 0.711666, 0.0, 0.0, 0.0, 1.0],
                [0.285753, 0.0, -0.958303, -0.04717, -0.958303, 0.0, -0.285753, 2.158469, 0.0, 1.0, 0.0, 0.712998, 0.0, 0.0, 0.0, 1.0],
                [0.334071, 0.0, -0.942548, -0.045472, -0.942548, 0.0, -0.334071, 2.163011, 0.0, 1.0, 0.0, 0.714337, 0.0, 0.0, 0.0, 1.0],
                [0.381788, 0.0, -0.92425, -0.04377, -0.92425, 0.0, -0.381788, 2.167554, 0.0, 1.0, 0.0, 0.71568, 0.0, 0.0, 0.0, 1.0],
                [0.428636, 0.0, -0.903477, -0.042065, -0.903477, 0.0, -0.428636, 2.172093, 0.0, 1.0, 0.0, 0.717024, 0.0, 0.0, 0.0, 1.0],
                [0.474358, 0.0, -0.880332, -0.040361, -0.880332, 0.0, -0.474358, 2.17662, 0.0, 1.0, 0.0, 0.718369, 0.0, 0.0, 0.0, 1.0],
                [0.518713, 0.0, -0.854948, -0.038658, -0.854948, 0.0, -0.518713, 2.181131, 0.0, 1.0, 0.0, 0.719711, 0.0, 0.0, 0.0, 1.0],
                [0.56148, 0.0, -0.82749, -0.036961, -0.82749, 0.0, -0.56148, 2.185619, 0.0, 1.0, 0.0, 0.72105, 0.0, 0.0, 0.0, 1.0],
                [0.602462, 0.0, -0.798148, -0.035271, -0.798148, 0.0, -0.602462, 2.190078, 0.0, 1.0, 0.0, 0.722383, 0.0, 0.0, 0.0, 1.0],
                [0.641489, 0.0, -0.767133, -0.033591, -0.767133, 0.0, -0.641489, 2.194502, 0.0, 1.0, 0.0, 0.723707, 0.0, 0.0, 0.0, 1.0],
                [0.678421, 0.0, -0.734673, -0.031924, -0.734673, 0.0, -0.678421, 2.198885, 0.0, 1.0, 0.0, 0.725022, 0.0, 0.0, 0.0, 1.0],
                [0.713152, 0.0, -0.701009, -0.030272, -0.701009, 0.0, -0.713152, 2.203221, 0.0, 1.0, 0.0, 0.726326, 0.0, 0.0, 0.0, 1.0],
                [0.745605, 0.0, -0.666388, -0.028637, -0.666388, 0.0, -0.745605, 2.207504, 0.0, 1.0, 0.0, 0.727615, 0.0, 0.0, 0.0, 1.0],
                [0.775735, 0.0, -0.631058, -0.027022, -0.631058, 0.0, -0.775735, 2.211727, 0.0, 1.0, 0.0, 0.728889, 0.0, 0.0, 0.0, 1.0],
                [0.803529, 0.0, -0.595266, -0.025429, -0.595266, 0.0, -0.803529, 2.215886, 0.0, 1.0, 0.0, 0.730145, 0.0, 0.0, 0.0, 1.0],
                [0.828999, 0.0, -0.55925, -0.023861, -0.55925, 0.0, -0.828999, 2.219974, 0.0, 1.0, 0.0, 0.731382, 0.0, 0.0, 0.0, 1.0],
                [0.852185, 0.0, -0.523241, -0.022321, -0.523241, 0.0, -0.852185, 2.223984, 0.0, 1.0, 0.0, 0.732596, 0.0, 0.0, 0.0, 1.0],
                [0.873149, 0.0, -0.487453, -0.02081, -0.487453, 0.0, -0.873149, 2.227911, 0.0, 1.0, 0.0, 0.733788, 0.0, 0.0, 0.0, 1.0],
                [0.891973, 0.0, -0.452089, -0.019332, -0.452089, 0.0, -0.891973, 2.231749, 0.0, 1.0, 0.0, 0.734953, 0.0, 0.0, 0.0, 1.0],
                [0.908754, 0.0, -0.417333, -0.017889, -0.417333, 0.0, -0.908754, 2.235491, 0.0, 1.0, 0.0, 0.736092, 0.0, 0.0, 0.0, 1.0],
                [0.923602, 0.0, -0.383353, -0.016483, -0.383353, 0.0, -0.923602, 2.239132, 0.0, 1.0, 0.0, 0.7372, 0.0, 0.0, 0.0, 1.0],
                [0.936638, 0.0, -0.350299, -0.015117, -0.350299, 0.0, -0.936638, 2.242666, 0.0, 1.0, 0.0, 0.738278, 0.0, 0.0, 0.0, 1.0],
                [0.947989, 0.0, -0.318303, -0.013794, -0.318303, 0.0, -0.947989, 2.246085, 0.0, 1.0, 0.0, 0.739322, 0.0, 0.0, 0.0, 1.0],
                [0.957786, 0.0, -0.287482, -0.012515, -0.287482, 0.0, -0.957786, 2.249386, 0.0, 1.0, 0.0, 0.74033, 0.0, 0.0, 0.0, 1.0],
                [0.966162, 0.0, -0.257935, -0.011284, -0.257935, 0.0, -0.966162, 2.252561, 0.0, 1.0, 0.0, 0.741301, 0.0, 0.0, 0.0, 1.0],
                [0.97325, 0.0, -0.229749, -0.010102, -0.229749, 0.0, -0.97325, 2.255604, 0.0, 1.0, 0.0, 0.742233, 0.0, 0.0, 0.0, 1.0],
                [0.97918, 0.0, -0.202995, -0.008973, -0.202995, 0.0, -0.97918, 2.25851, 0.0, 1.0, 0.0, 0.743124, 0.0, 0.0, 0.0, 1.0],
                [0.984079, 0.0, -0.177734, -0.007898, -0.177734, 0.0, -0.984079, 2.261272, 0.0, 1.0, 0.0, 0.743971, 0.0, 0.0, 0.0, 1.0],
                [0.988068, 0.0, -0.154017, -0.006881, -0.154017, 0.0, -0.988068, 2.263884, 0.0, 1.0, 0.0, 0.744774, 0.0, 0.0, 0.0, 1.0],
                [0.991265, 0.0, -0.131886, -0.005923, -0.131886, 0.0, -0.991265, 2.26634, 0.0, 1.0, 0.0, 0.745529, 0.0, 0.0, 0.0, 1.0],
                [0.993778, 0.0, -0.111376, -0.005028, -0.111376, 0.0, -0.993778, 2.268635, 0.0, 1.0, 0.0, 0.746235, 0.0, 0.0, 0.0, 1.0],
                [0.995711, 0.0, -0.092517, -0.004198, -0.092517, 0.0, -0.995711, 2.270762, 0.0, 1.0, 0.0, 0.74689, 0.0, 0.0, 0.0, 1.0],
                [0.997158, 0.0, -0.075334, -0.003435, -0.075334, 0.0, -0.997158, 2.272715, 0.0, 1.0, 0.0, 0.747492, 0.0, 0.0, 0.0, 1.0],
                [0.998207, 0.0, -0.059849, -0.002742, -0.059849, 0.0, -0.998207, 2.274488, 0.0, 1.0, 0.0, 0.748038, 0.0, 0.0, 0.0, 1.0],
                [0.998937, 0.0, -0.046086, -0.00212, -0.046086, 0.0, -0.998937, 2.276075, 0.0, 1.0, 0.0, 0.748528, 0.0, 0.0, 0.0, 1.0],
                [0.99942, 0.0, -0.034065, -0.001574, -0.034065, 0.0, -0.99942, 2.27747, 0.0, 1.0, 0.0, 0.748959, 0.0, 0.0, 0.0, 1.0],
                [0.999717, 0.0, -0.023808, -0.001105, -0.023808, 0.0, -0.999717, 2.278667, 0.0, 1.0, 0.0, 0.749329, 0.0, 0.0, 0.0, 1.0],
                [0.999882, 0.0, -0.015341, -0.000715, -0.015341, 0.0, -0.999882, 2.27966, 0.0, 1.0, 0.0, 0.749636, 0.0, 0.0, 0.0, 1.0],
                [0.999962, 0.0, -0.008692, -0.000408, -0.008692, 0.0, -0.999962, 2.280443, 0.0, 1.0, 0.0, 0.749879, 0.0, 0.0, 0.0, 1.0],
                [0.999992, 0.0, -0.003893, -0.000186, -0.003893, 0.0, -0.999992, 2.28101, 0.0, 1.0, 0.0, 0.750054, 0.0, 0.0, 0.0, 1.0],
                [1.0, 0.0, -0.000981, -5e-05, -0.000981, 0.0, -1.0, 2.281354, 0.0, 1.0, 0.0, 0.750161, 0.0, 0.0, 0.0, 1.0],
                [1.0, 0.0, 0.0, -5e-06, 0.0, 0.0, -1.0, 2.28147, 0.0, 1.0, 0.0, 0.750197, 0.0, 0.0, 0.0, 1.0]
            ]
        },
        {
            "name": "Thigh_R",
            "time": [0.0, 0.0167, 0.0333, 0.05, 0.0667, 0.0833, 0.1, 0.1167, 0.1333, 0.15, 0.1667, 0.1833, 0.2, 0.2167, 0.2333, 0.25, 0.2667, 0.2833, 0.3, 0.3167, 0.3333, 0.35, 0.3667, 0.3833, 0.4, 0.4167, 0.4333, 0.45, 0.4667, 0.4833, 0.5, 0.5167, 0.5333, 0.55, 0.5667, 0.5833, 0.6, 0.6167, 0.6333, 0.65, 0.6667, 0.6833, 0.7, 0.7167, 0.7333, 0.75, 0.7667, 0.7833, 0.8, 0.8167, 0.8333, 0.85, 0.8667, 0.8833, 0.9, 0.9167, 0.9333, 0.95, 0.9667, 0.9833, 1.0, 1.0167, 1.0333, 1.05, 1.0667, 1.0833, 1.1, 1.1167, 1.1333, 1.15, 1.1667, 1.1833, 1.2, 1.2167, 1.2333, 1.25, 1.2667, 1.2833, 1.3, 1.3167, 1.3333, 1.35, 1.3667, 1.3833, 1.4, 1.4167, 1.4333, 1.45, 1.4667, 1.4833, 1.5, 1.5167, 1.5333, 1.55, 1.5667, 1.5833, 1.6, 1.6167, 1.6333, 1.65, 1.6667, 1.6833, 1.7, 1.7167, 1.7333, 1.75, 1.7667, 1.7833, 1.8, 1.8167, 1.8333, 1.85, 1.8667, 1.8833, 1.9, 1.9167, 1.9333, 1.95, 1.9667, 1.9833],
            "transform": [
                [0.878912, 0.373664, 0.296458, 0.124994, 0.183673, -0.838732, 0.51263, -0.002831, 0.440201, -0.396104, -0.805807, -1.2e-05, 0.0, 0.0, 0.0, 1.0],
                [0.878626, 0.373272, 0.297798, 0.124994, 0.184803, -0.840858, 0.508727, -0.002831, 0.440299, -0.391946, -0.807784, -1.2e-05, 0.0, 0.0, 0.0, 1.0],
                [0.87776, 0.372222, 0.301642, 0.124994, 0.188033, -0.846727, 0.497689, -0.002831, 0.44066, -0.380132, -0.813215, -1.2e-05, 0.0, 0.0, 0.0, 1.0],
                [0.876303, 0.370666, 0.307731, 0.124994, 0.193137, -0.855483, 0.480462, -0.002831, 0.44135, -0.361594, -0.821255, -1.2e-05, 0.0, 0.0, 0.0, 1.0],
                [0.874247, 0.368726, 0.315805, 0.124994, 0.199903, -0.8662, 0.457966, -0.002831, 0.442415, -0.337244, -0.830984, -1.2e-05, 0.0, 0.0, 0.0, 1.0],
                [0.871576, 0.366518, 0.325605, 0.124994, 0.20812, -0.87794, 0.431167, -0.002831, 0.443892, -0.308029, -0.841474, -1.2e-05, 0.0, 0.0, 0.0, 1.0],
                [0.868271, 0.36417, 0.336876, 0.124994, 0.217584, -0.889813, 0.401107, -0.002831, 0.445828, -0.27497, -0.851838, -1.2e-05, 0.0, 0.0, 0.0, 1.0],
                [0.8643, 0.361838, 0.349368, 0.124994, 0.228083, -0.901031, 0.368942, -0.002831, 0.448289, -0.239191, -0.861292, -1.2e-05, 0.0, 0.0, 0.0, 1.0],
                [0.859621, 0.359718, 0.362841, 0.124994, 0.239403, -0.91095, 0.335934, -0.002831, 0.451372, -0.20191, -0.869192, -1.2e-05, 0.0, 0.0, 0.0, 1.0],
                [0.854177, 0.358056, 0.377064, 0.124994, 0.251324, -0.919106, 0.303443, -0.002831, 0.455212, -0.164428, -0.875069, -1.2e-05, 0.0, 0.0, 0.0, 1.0],
                [0.847894, 0.357146, 0.391818, 0.124994, 0.263612, -0.92522, 0.272896, -0.002831, 0.459983, -0.128098, -0.878639, -1.2e-05, 0.0, 0.0, 0.0, 1.0],
                [0.840681, 0.35734, 0.406894, 0.124994, 0.276023, -0.929201, 0.245751, -0.002831, 0.465903, -0.094285, -0.879798, -1.2e-05, 0.0, 0.0, 0.0, 1.0],
                [0.832431, 0.359034, 0.422081, 0.124994, 0.288289, -0.931102, 0.22346, -0.002831, 0.473231, -0.064334, -0.878586, -1.2e-05, 0.0, 0.0, 0.0, 1.0],
                [0.823019, 0.362675, 0.437156, 0.124994, 0.300108, -0.931075, 0.20744, -0.002831, 0.482259, -0.039533, -0.875136, -1.2e-05, 0.0, 0.0, 0.0, 1.0],
                [0.812311, 0.368745, 0.451859, 0.124994, 0.311128, -0.929289, 0.199043, -0.002831, 0.493304, -0.021098, -0.869601, -1.2e-05, 0.0, 0.0, 0.0, 1.0],
                [0.800167, 0.377758, 0.465866, 0.124994, 0.320921, -0.925846, 0.199537, -0.002831, 0.506697, -0.010157, -0.862064, -1.2e-05, 0.0, 0.0, 0.0, 1.0],
                [0.785901, 0.392069, 0.478164, 0.124994, 0.327801, -0.919847, 0.215462, -0.002831, 0.524315, -0.012589, -0.851432, -1.2e-05, 0.0, 0.0, 0.0, 1.0],
                [0.769333, 0.412695, 0.487656, 0.124994, 0.330341, -0.91035, 0.249267, -0.002831, 0.546809, -0.030676, -0.836695, -1.2e-05, 0.0, 0.0, 0.0, 1.0],
                [0.751227, 0.438019, 0.493757, 0.124994, 0.328438, -0.896946, 0.295996, -0.002831, 0.572526, -0.06019, -0.817674, -1.2e-05, 0.0, 0.0, 0.0, 1.0],
                [0.732506, 0.466213, 0.496063, 0.124994, 0.322225, -0.879338, 0.350617, -0.002831, 0.59967, -0.096985, -0.794349, -1.2e-05, 0.0, 0.0, 0.0, 1.0],
                [0.714204, 0.495272, 0.494588, 0.124994, 0.312286, -0.857863, 0.4081, -0.002831, 0.62641, -0.137013, -0.767358, -1.2e-05, 0.0, 0.0, 0.0, 1.0],
                [0.697371, 0.523122, 0.489913, 0.124994, 0.299757, -0.833787, 0.463619, -0.002831, 0.651013, -0.176459, -0.738271, -1.2e-05, 0.0, 0.0, 0.0, 1.0],
                [0.682983, 0.547758, 0.483211, 0.124994, 0.286306, -0.809357, 0.512803, -0.002831, 0.671984, -0.211889, -0.709606, -1.2e-05, 0.0, 0.0, 0.0, 1.0],
                [0.671879, 0.567345, 0.476126, 0.124994, 0.273991, -0.787622, 0.551885, -0.002831, 0.688118, -0.240345, -0.684637, -1.2e-05, 0.0, 0.0, 0.0, 1.0],
                [0.664755, 0.580241, 0.470553, 0.124994, 0.265047, -0.772077, 0.577621, -0.002831, 0.698463, -0.259257, -0.667035, -1.2e-05, 0.0, 0.0, 0.0, 1.0],
                [0.662237, 0.584893, 0.468338, 0.124994, 0.261632, -0.766197, 0.586932, -0.002831, 0.702132, -0.266155, -0.660433, -1.2e-05, 0.0, 0.0, 0.0, 1.0],
                [0.712893, 0.541421, 0.445697, 0.124994, 0.328558, -0.81935, 0.4698, -0.002831, 0.619542, -0.188479, -0.762, -1.2e-05, 0.0, 0.0, 0.0, 1.0],
                [0.799317, 0.468782, 0.375946, 0.124994, 0.415, -0.883109, 0.218836, -0.002831, 0.434588, -0.018902, -0.900431, -1.2e-05, 0.0, 0.0, 0.0, 1.0],
                [0.83846, 0.436788, 0.325882, 0.124994, 0.437687, -0.896007, 0.074822, -0.002831, 0.324674, 0.079899, -0.942446, -1.2e-05, 0.0, 0.0, 0.0, 1.0],
                [0.831765, 0.453923, 0.319561, 0.124994, 0.433798, -0.890675, 0.136067, -0.002831, 0.34639, 0.02545, -0.937746, -1.2e-05, 0.0, 0.0, 0.0, 1.0],
                [0.823605, 0.474039, 0.311385, 0.124994, 0.422742, -0.879098, 0.220165, -0.002831, 0.378105, -0.049693, -0.924428, -1.2e-05, 0.0, 0.0, 0.0, 1.0],
                [0.822789, 0.475992, 0.310561, 0.124994, 0.406745, -0.874806, 0.263193, -0.002831, 0.396959, -0.090232, -0.91339, -1.2e-05, 0.0, 0.0, 0.0, 1.0],
                [0.826388, 0.469009, 0.311629, 0.124994, 0.383421, -0.873973, 0.298589, -0.002831, 0.412397, -0.127264, -0.902072, -1.2e-05, 0.0, 0.0, 0.0, 1.0],
                [0.833377, 0.454327, 0.314749, 0.124994, 0.354076, -0.876127, 0.327153, -0.002831, 0.424395, -0.161196, -0.891013, -1.2e-05, 0.0, 0.0, 0.0, 1.0],
                [0.842695, 0.433089, 0.319841, 0.124994, 0.319886, -0.8806, 0.349591, -0.002831, 0.433056, -0.192285, -0.880619, -1.2e-05, 0.0, 0.0, 0.0, 1.0],
                [0.853307, 0.406414, 0.32664, 0.124994, 0.281982, -0.88664, 0.366541, -0.002831, 0.43858, -0.220665, -0.87118, -1.2e-05, 0.0, 0.0, 0.0, 1.0],
                [0.864271, 0.37546, 0.334761, 0.124994, 0.241508, -0.893491, 0.378608, -0.002831, 0.441258, -0.246372, -0.862897, -1.2e-05, 0.0, 0.0, 0.0, 1.0],
                [0.874782, 0.341463, 0.343742, 0.124994, 0.199658, -0.900463, 0.386393, -0.002831, 0.441466, -0.269378, -0.855887, -1.2e-05, 0.0, 0.0, 0.0, 1.0],
                [0.884219, 0.305755, 0.353085, 0.124994, 0.157688, -0.906987, 0.39052, -0.002831, 0.439648, -0.289627, -0.850192, -1.2e-05, 0.0, 0.0, 0.0, 1.0],
                [0.892169, 0.269765, 0.362298, 0.124994, 0.116916, -0.912654, 0.39165, -0.002831, 0.436307, -0.307058, -0.845784, -1.2e-05, 0.0, 0.0, 0.0, 1.0],
                [0.898439, 0.234997, 0.370922, 0.124994, 0.078701, -0.917236, 0.390488, -0.002831, 0.431987, -0.321637, -0.842578, -1.2e-05, 0.0, 0.0, 0.0, 1.0],
                [0.903042, 0.203009, 0.378553, 0.124994, 0.044419, -0.920679, 0.387779, -0.002831, 0.427249, -0.333365, -0.840432, -1.2e-05, 0.0, 0.0, 0.0, 1.0],
                [0.906159, 0.175382, 0.384858, 0.124994, 0.015444, -0.92308, 0.384293, -0.002831, 0.422653, -0.342286, -0.839169, -1.2e-05, 0.0, 0.0, 0.0, 1.0],
                [0.908082, 0.153696, 0.389568, 0.124994, -0.006871, -0.924625, 0.380811, -0.002831, 0.418734, -0.348484, -0.838583, -1.2e-05, 0.0, 0.0, 0.0, 1.0],
                [0.909124, 0.139513, 0.392465, 0.124994, -0.021196, -0.925519, 0.378104, -0.002831, 0.415985, -0.352061, -0.838457, -1.2e-05, 0.0, 0.0, 0.0, 1.0],
                [0.909516, 0.134372, 0.39335, 0.124994, -0.026219, -0.925875, 0.376915, -0.002831, 0.414841, -0.353122, -0.838577, -1.2e-05, 0.0, 0.0, 0.0, 1.0],
                [0.909621, 0.134282, 0.393138, 0.124994, -0.026088, -0.925987, 0.376648, -0.002831, 0.414618, -0.352862, -0.838797, -1.2e-05, 0.0, 0.0, 0.0, 1.0],
                [0.90974, 0.134238, 0.392877, 0.124994, -0.025818, -0.926162, 0.376236, -0.002831, 0.414373, -0.352419, -0.839104, -1.2e-05, 0.0, 0.0, 0.0, 1.0],
                [0.909873, 0.134239, 0.39257, 0.124994, -0.025413, -0.926397, 0.375685, -0.002831, 0.414108, -0.351801, -0.839494, -1.2e-05, 0.0, 0.0, 0.0, 1.0],
                [0.910018, 0.134285, 0.392218, 0.124994, -0.024878, -0.92669, 0.374998, -0.002831, 0.413821, -0.351011, -0.839966, -1.2e-05, 0.0, 0.0, 0.0, 1.0],
                [0.910175, 0.134373, 0.391822, 0.124994, -0.024217, -0.927038, 0.374179, -0.002831, 0.413515, -0.350056, -0.840515, -1.2e-05, 0.0, 0.0, 0.0, 1.0],
                [0.910344, 0.134504, 0.391385, 0.124994, -0.023433, -0.92744, 0.373231, -0.002831, 0.413188, -0.348939, -0.84114, -1.2e-05, 0.0, 0.0, 0.0, 1.0],
                [0.910524, 0.134675, 0.390908, 0.124994, -0.022531, -0.927893, 0.37216, -0.002831, 0.412842, -0.347667, -0.841837, -1.2e-05, 0.0, 0.0, 0.0, 1.0],
                [0.910714, 0.134886, 0.390391, 0.124994, -0.021515, -0.928395, 0.370967, -0.002831, 0.412476, -0.346243, -0.842603, -1.2e-05, 0.0, 0.0, 0.0, 1.0],
                [0.910915, 0.135135, 0.389837, 0.124994, -0.020389, -0.928942, 0.369658, -0.002831, 0.41209, -0.344674, -0.843434, -1.2e-05, 0.0, 0.0, 0.0, 1.0],
                [0.911124, 0.135422, 0.389247, 0.124994, -0.019156, -0.929533, 0.368235, -0.002831, 0.411686, -0.342963, -0.844329, -1.2e-05, 0.0, 0.0, 0.0, 1.0],
                [0.911343, 0.135746, 0.388622, 0.124994, -0.017821, -0.930166, 0.366702, -0.002831, 0.411262, -0.341116, -0.845283, -1.2e-05, 0.0, 0.0, 0.0, 1.0],
                [0.911569, 0.136106, 0.387964, 0.124994, -0.016388, -0.930836, 0.365063, -0.002831, 0.410819, -0.339137, -0.846294, -1.2e-05, 0.0, 0.0, 0.0, 1.0],
                [0.911804, 0.1365, 0.387275, 0.124994, -0.01486, -0.931543, 0.363322, -0.002831, 0.410357, -0.337032, -0.847358, -1.2e-05, 0.0, 0.0, 0.0, 1.0],
                [0.912045, 0.136927, 0.386555, 0.124994, -0.013242, -0.932283, 0.361482, -0.002831, 0.409876, -0.334805, -0.848473, -1.2e-05, 0.0, 0.0, 0.0, 1.0],
                [0.912292, 0.137387, 0.385807, 0.124994, -0.011537, -0.933054, 0.359546, -0.002831, 0.409376, -0.332461, -0.849635, -1.2e-05, 0.0, 0.0, 0.0, 1.0],
                [0.912546, 0.137879, 0.385032, 0.124994, -0.009749, -0.933853, 0.357519, -0.002831, 0.408858, -0.330005, -0.850842, -1.2e-05, 0.0, 0.0, 0.0, 1.0],
                [0.912804, 0.1384, 0.384231, 0.124994, -0.007883, -0.934678, 0.355403, -0.002831, 0.40832, -0.327441, -0.852089, -1.2e-05, 0.0, 0.0, 0.0, 1.0],
                [0.913067, 0.138952, 0.383406, 0.124994, -0.005942, -0.935526, 0.353202, -0.002831, 0.407765, -0.324775, -0.853375, -1.2e-05, 0.0, 0.0, 0.0, 1.0],
                [0.913334, 0.139532, 0.382558, 0.124994, -0.00393, -0.936395, 0.350921, -0.002831, 0.40719, -0.32201, -0.854696, -1.2e-05, 0.0, 0.0, 0.0, 1.0],
                [0.913605, 0.140139, 0.381689, 0.124994, -0.001851, -0.937282, 0.348562, -0.002831, 0.406598, -0.319153, -0.856049, -1.2e-05, 0.0, 0.0, 0.0, 1.0],
                [0.913878, 0.140773, 0.3808, 0.124994, 0.000291, -0.938185, 0.346129, -0.002831, 0.405987, -0.316208, -0.857431, -1.2e-05, 0.0, 0.0, 0.0, 1.0],
                [0.914154, 0.141431, 0.379893, 0.124994, 0.002492, -0.939101, 0.343626, -0.002831, 0.405358, -0.313179, -0.858838, -1.2e-05, 0.0, 0.0, 0.0, 1.0],
                [0.914432, 0.142114, 0.37897, 0.124994, 0.004749, -0.940029, 0.341056, -0.002831, 0.404712, -0.310072, -0.86027, -1.2e-05, 0.0, 0.0, 0.0, 1.0],
                [0.91471, 0.14282, 0.378031, 0.124994, 0.007057, -0.940965, 0.338424, -0.002831, 0.404048, -0.306891, -0.861721, -1.2e-05, 0.0, 0.0, 0.0, 1.0],
                [0.914989, 0.143548, 0.377078, 0.124994, 0.009413, -0.941908, 0.335733, -0.002831, 0.403367, -0.303642, -0.86319, -1.2e-05, 0.0, 0.0, 0.0, 1.0],
                [0.915269, 0.144297, 0.376113, 0.124994, 0.011813, -0.942856, 0.332987, -0.002831, 0.40267, -0.300329, -0.864673, -1.2e-05, 0.0, 0.0, 0.0, 1.0],
                [0.915548, 0.145066, 0.375137, 0.124994, 0.014252, -0.943805, 0.330189, -0.002831, 0.401956, -0.296957, -0.866169, -1.2e-05, 0.0, 0.0, 0.0, 1.0],
                [0.915826, 0.145852, 0.374151, 0.124994, 0.016727, -0.944755, 0.327345, -0.002831, 0.401226, -0.293531, -0.867673, -1.2e-05, 0.0, 0.0, 0.0, 1.0],
                [0.916103, 0.146657, 0.373158, 0.124994, 0.019235, -0.945703, 0.324457, -0.002831, 0.400481, -0.290057, -0.869185, -1.2e-05, 0.0, 0.0, 0.0, 1.0],
                [0.916378, 0.147477, 0.372158, 0.124994, 0.021771, -0.946647, 0.321529, -0.002831, 0.399721, -0.286539, -0.8707, -1.2e-05, 0.0, 0.0, 0.0, 1.0],
                [0.916651, 0.148312, 0.371152, 0.124994, 0.024331, -0.947586, 0.318566, -0.002831, 0.398947, -0.282983, -0.872217, -1.2e-05, 0.0, 0.0, 0.0, 1.0],
                [0.916921, 0.149161, 0.370144, 0.124994, 0.026911, -0.948518, 0.315572, -0.002831, 0.398159, -0.279393, -0.873733, -1.2e-05, 0.0, 0.0, 0.0, 1.0],
                [0.917188, 0.150022, 0.369132, 0.124994, 0.029508, -0.949441, 0.312551, -0.002831, 0.397359, -0.275775, -0.875245, -1.2e-05, 0.0, 0.0, 0.0, 1.0],
                [0.917452, 0.150893, 0.36812, 0.124994, 0.032119, -0.950353, 0.309507, -0.002831, 0.396547, -0.272133, -0.876752, -1.2e-05, 0.0, 0.0, 0.0, 1.0],
                [0.917712, 0.151775, 0.367108, 0.124994, 0.034738, -0.951253, 0.306444, -0.002831, 0.395724, -0.268474, -0.878251, -1.2e-05, 0.0, 0.0, 0.0, 1.0],
                [0.917968, 0.152665, 0.366099, 0.124994, 0.037362, -0.952139, 0.303367, -0.002831, 0.394891, -0.264802, -0.879739, -1.2e-05, 0.0, 0.0, 0.0, 1.0],
                [0.918219, 0.153561, 0.365092, 0.124994, 0.039987, -0.953011, 0.30028, -0.002831, 0.394049, -0.261123, -0.881215, -1.2e-05, 0.0, 0.0, 0.0, 1.0],
                [0.918465, 0.154464, 0.36409, 0.124994, 0.04261, -0.953866, 0.297187, -0.002831, 0.393198, -0.257442, -0.882677, -1.2e-05, 0.0, 0.0, 0.0, 1.0],
                [0.918707, 0.15537, 0.363094, 0.124994, 0.045226, -0.954704, 0.294094, -0.002831, 0.392341, -0.253764, -0.884122, -1.2e-05, 0.0, 0.0, 0.0, 1.0],
                [0.918943, 0.156279, 0.362105, 0.124994, 0.047833, -0.955524, 0.291003, -0.002831, 0.391478, -0.250094, -0.885549, -1.2e-05, 0.0, 0.0, 0.0, 1.0],
                [0.919173, 0.157189, 0.361125, 0.124994, 0.050425, -0.956324, 0.28792, -0.002831, 0.390611, -0.246438, -0.886956, -1.2e-05, 0.0, 0.0, 0.0, 1.0],
                [0.919398, 0.158099, 0.360155, 0.124994, 0.052999, -0.957104, 0.28485, -0.002831, 0.38974, -0.242802, -0.888341, -1.2e-05, 0.0, 0.0, 0.0, 1.0],
                [0.919617, 0.159006, 0.359196, 0.124994, 0.055552, -0.957862, 0.281797, -0.002831, 0.388868, -0.23919, -0.889702, -1.2e-05, 0.0, 0.0, 0.0, 1.0],
                [0.919829, 0.159911, 0.358249, 0.124994, 0.05808, -0.958599, 0.278766, -0.002831, 0.387995, -0.235609, -0.891038, -1.2e-05, 0.0, 0.0, 0.0, 1.0],
                [0.920035, 0.160811, 0.357316, 0.124994, 0.060579, -0.959313, 0.275761, -0.002831, 0.387124, -0.232063, -0.892346, -1.2e-05, 0.0, 0.0, 0.0, 1.0],
                [0.920234, 0.161703, 0.356398, 0.124994, 0.063045, -0.960004, 0.272788, -0.002831, 0.386255, -0.228559, -0.893626, -1.2e-05, 0.0, 0.0, 0.0, 1.0],
                [0.920427, 0.162588, 0.355497, 0.124994, 0.065474, -0.960672, 0.26985, -0.002831, 0.385391, -0.225101, -0.894876, -1.2e-05, 0.0, 0.0, 0.0, 1.0],
                [0.920613, 0.163463, 0.354613, 0.124994, 0.067863, -0.961315, 0.266953, -0.002831, 0.384532, -0.221695, -0.896095, -1.2e-05, 0.0, 0.0, 0.0, 1.0],
                [0.920792, 0.164327, 0.353747, 0.124994, 0.070208, -0.961934, 0.264102, -0.002831, 0.383681, -0.218346, -0.897281, -1.2e-05, 0.0, 0.0, 0.0, 1.0],
                [0.920964, 0.165178, 0.352902, 0.124994, 0.072506, -0.962528, 0.261302, -0.002831, 0.38284, -0.215061, -0.898433, -1.2e-05, 0.0, 0.0, 0.0, 1.0],
                [0.92113, 0.166014, 0.352077, 0.124994, 0.074752, -0.963097, 0.258557, -0.002831, 0.382009, -0.211845, -0.89955, -1.2e-05, 0.0, 0.0, 0.0, 1.0],
                [0.921288, 0.166834, 0.351275, 0.124994, 0.076944, -0.963642, 0.255872, -0.002831, 0.381192, -0.208703, -0.900631, -1.2e-05, 0.0, 0.0, 0.0, 1.0],
                [0.921439, 0.167635, 0.350497, 0.124994, 0.079076, -0.964161, 0.253253, -0.002831, 0.38039, -0.205641, -0.901674, -1.2e-05, 0.0, 0.0, 0.0, 1.0],
                [0.921583, 0.168417, 0.349743, 0.124994, 0.081147, -0.964655, 0.250705, -0.002831, 0.379604, -0.202664, -0.902678, -1.2e-05, 0.0, 0.0, 0.0, 1.0],
                [0.92172, 0.169178, 0.349015, 0.124994, 0.083151, -0.965123, 0.248232, -0.002831, 0.378838, -0.199778, -0.903643, -1.2e-05, 0.0, 0.0, 0.0, 1.0],
                [0.921849, 0.169915, 0.348313, 0.124994, 0.085086, -0.965567, 0.245839, -0.002831, 0.378092, -0.196989, -0.904567, -1.2e-05, 0.0, 0.0, 0.0, 1.0],
                [0.921972, 0.170628, 0.34764, 0.124994, 0.086948, -0.965986, 0.243532, -0.002831, 0.377369, -0.194302, -0.90545, -1.2e-05, 0.0, 0.0, 0.0, 1.0],
                [0.922087, 0.171314, 0.346996, 0.124994, 0.088733, -0.96638, 0.241315, -0.002831, 0.376671, -0.191723, -0.90629, -1.2e-05, 0.0, 0.0, 0.0, 1.0],
                [0.922195, 0.171971, 0.346382, 0.124994, 0.090438, -0.966749, 0.239194, -0.002831, 0.376, -0.189257, -0.907087, -1.2e-05, 0.0, 0.0, 0.0, 1.0],
                [0.922297, 0.172599, 0.3458, 0.124994, 0.092059, -0.967094, 0.237173, -0.002831, 0.375357, -0.18691, -0.907839, -1.2e-05, 0.0, 0.0, 0.0, 1.0],
                [0.922391, 0.173194, 0.34525, 0.124994, 0.093592, -0.967414, 0.235259, -0.002831, 0.374746, -0.184687, -0.908546, -1.2e-05, 0.0, 0.0, 0.0, 1.0],
                [0.922478, 0.173756, 0.344734, 0.124994, 0.095035, -0.96771, 0.233454, -0.002831, 0.374167, -0.182594, -0.909208, -1.2e-05, 0.0, 0.0, 0.0, 1.0],
                [0.922559, 0.174283, 0.344253, 0.124994, 0.096382, -0.967983, 0.231766, -0.002831, 0.373624, -0.180637, -0.909822, -1.2e-05, 0.0, 0.0, 0.0, 1.0],
                [0.922632, 0.174773, 0.343807, 0.124994, 0.097632, -0.968232, 0.230199, -0.002831, 0.373118, -0.178821, -0.910388, -1.2e-05, 0.0, 0.0, 0.0, 1.0],
                [0.922699, 0.175225, 0.343399, 0.124994, 0.098779, -0.968457, 0.228757, -0.002831, 0.372651, -0.177152, -0.910905, -1.2e-05, 0.0, 0.0, 0.0, 1.0],
                [0.922758, 0.175635, 0.343028, 0.124994, 0.099822, -0.968659, 0.227446, -0.002831, 0.372225, -0.175636, -0.911373, -1.2e-05, 0.0, 0.0, 0.0, 1.0],
                [0.922811, 0.176004, 0.342697, 0.124994, 0.100755, -0.968837, 0.226271, -0.002831, 0.371843, -0.174277, -0.91179, -1.2e-05, 0.0, 0.0, 0.0, 1.0],
                [0.922857, 0.176329, 0.342406, 0.124994, 0.101576, -0.968993, 0.225237, -0.002831, 0.371505, -0.173081, -0.912155, -1.2e-05, 0.0, 0.0, 0.0, 1.0],
                [0.922896, 0.176608, 0.342157, 0.124994, 0.10228, -0.969125, 0.224349, -0.002831, 0.371215, -0.172054, -0.912467, -1.2e-05, 0.0, 0.0, 0.0, 1.0],
                [0.922928, 0.17684, 0.34195, 0.124994, 0.102865, -0.969233, 0.223611, -0.002831, 0.370974, -0.171202, -0.912726, -1.2e-05, 0.0, 0.0, 0.0, 1.0],
                [0.922953, 0.177024, 0.341788, 0.124994, 0.103326, -0.969318, 0.223029, -0.002831, 0.370783, -0.170529, -0.912929, -1.2e-05, 0.0, 0.0, 0.0, 1.0],
                [0.922972, 0.177157, 0.34167, 0.124994, 0.10366, -0.96938, 0.222607, -0.002831, 0.370645, -0.170042, -0.913076, -1.2e-05, 0.0, 0.0, 0.0, 1.0],
                [0.922983, 0.177238, 0.341598, 0.124994, 0.103863, -0.969417, 0.222351, -0.002831, 0.37056, -0.169746, -0.913166, -1.2e-05, 0.0, 0.0, 0.0, 1.0],
                [0.922986, 0.177265, 0.341574, 0.124994, 0.103931, -0.969429, 0.222264, -0.002831, 0.370532, -0.169646, -0.913196, -1.2e-05, 0.0, 0.0, 0.0, 1.0]
            ]
        },
        {
            "name": "Leg_R",
            "time": [0.0, 0.0167, 0.0333, 0.05, 0.0667, 0.0833, 0.1, 0.1167, 0.1333, 0.15, 0.1667, 0.1833, 0.2, 0.2167, 0.2333, 0.25, 0.2667, 0.2833, 0.3, 0.3167, 0.3333, 0.35, 0.3667, 0.3833, 0.4, 0.4167, 0.4333, 0.45, 0.4667, 0.4833, 0.5, 0.5167, 0.5333, 0.55, 0.5667, 0.5833, 0.6, 0.6167, 0.6333, 0.65, 0.6667, 0.6833, 0.7, 0.7167, 0.7333, 0.75, 0.7667, 0.7833, 0.8, 0.8167, 0.8333, 0.85, 0.8667, 0.8833, 0.9, 0.9167, 0.9333, 0.95, 0.9667, 0.9833, 1.0, 1.0167, 1.0333, 1.05, 1.0667, 1.0833, 1.1, 1.1167, 1.1333, 1.15, 1.1667, 1.1833, 1.2, 1.2167, 1.2333, 1.25, 1.2667, 1.2833, 1.3, 1.3167, 1.3333, 1.35, 1.3667, 1.3833, 1.4, 1.4167, 1.4333, 1.45, 1.4667, 1.4833, 1.5, 1.5167, 1.5333, 1.55, 1.5667, 1.5833, 1.6, 1.6167, 1.6333, 1.65, 1.6667, 1.6833, 1.7, 1.7167, 1.7333, 1.75, 1.7667, 1.7833, 1.8, 1.8167, 1.8333, 1.85, 1.8667, 1.8833, 1.9, 1.9167, 1.9333, 1.95, 1.9667, 1.9833],
            "transform": [
                [1.0, -0.0, 1e-06, -0.0, -0.0, 0.704847, 0.70936, 0.37472, -1e-06, -0.709361, 0.704846, 0.0, 0.0, 0.0, 0.0, 1.0],
                [1.0, -0.0, 1e-06, -0.0, -0.0, 0.713225, 0.700935, 0.37472, -1e-06, -0.700936, 0.713224, -0.0, 0.0, 0.0, 0.0, 1.0],
                [1.0, -0.0, 1e-06, 0.0, -0.0, 0.735241, 0.677805, 0.37472, -1e-06, -0.677806, 0.73524, 0.0, 0.0, 0.0, 0.0, 1.0],
                [1.0, -0.0, 1e-06, -0.0, -0.0, 0.76523, 0.643756, 0.37472, -1e-06, -0.643757, 0.76523, 0.0, 0.0, 0.0, 0.0, 1.0],
                [1.0, -0.0, 1e-06, -0.0, -0.0, 0.797817, 0.6029, 0.37472, -1e-06, -0.602901, 0.797816, -0.0, 0.0, 0.0, 0.0, 1.0],
                [1.0, -0.0, 1e-06, 0.0, -0.0, 0.829106, 0.559091, 0.37472, -1e-06, -0.559092, 0.829105, 0.0, 0.0, 0.0, 0.0, 1.0],
                [1.0, -0.0, 1e-06, -0.0, -0.0, 0.856907, 0.515471, 0.37472, -1e-06, -0.515472, 0.856906, 0.0, 0.0, 0.0, 0.0, 1.0],
                [1.0, -0.0, 1e-06, 0.0, -0.0, 0.880376, 0.474277, 0.37472, -1e-06, -0.474278, 0.880375, 0.0, 0.0, 0.0, 0.0, 1.0],
                [1.0, -0.0, 1e-06, -0.0, -0.0, 0.899509, 0.436902, 0.37472, -1e-06, -0.436903, 0.899508, 0.0, 0.0, 0.0, 0.0, 1.0],
                [1.0, -0.0, 1e-06, -0.0, -0.0, 0.91472, 0.404089, 0.37472, -1e-06, -0.404089, 0.914719, -0.0, 0.0, 0.0, 0.0, 1.0],
                [1.0, -0.0, 1e-06, -0.0, -0.0, 0.926561, 0.376145, 0.37472, -1e-06, -0.376146, 0.92656, -0.0, 0.0, 0.0, 0.0, 1.0],
