{
    "animation": [
        {
            "name": "Root",
            "time": [0.0, 0.0167, 0.0333, 0.05, 0.0667, 0.0833, 0.1, 0.1167, 0.1333, 0.15, 0.1667, 0.1833, 0.2, 0.2167, 0.2333, 0.25, 0.2667, 0.2833, 0.3, 0.3167, 0.3333, 0.35, 0.3667, 0.3833, 0.4, 0.4167, 0.4333, 0.45, 0.4667, 0.4833, 0.5, 0.5167, 0.5333, 0.55, 0.5667, 0.5833, 0.6, 0.6167, 0.6333, 0.65, 0.6667, 0.6833, 0.7, 0.7167, 0.7333, 0.75, 0.7667, 0.7833, 0.8, 0.8167, 0.8333, 0.85, 0.8667, 0.8833, 0.9, 0.9167, 0.9333, 0.95, 0.9667, 0.9833, 1.0, 1.0167, 1.0333, 1.05, 1.0667, 1.0833, 1.1, 1.1167, 1.1333, 1.15, 1.1667, 1.1833, 1.2, 1.2167, 1.2333, 1.25, 1.2667, 1.2833, 1.3, 1.3167, 1.3333, 1.35, 1.3667, 1.3833, 1.4, 1.4167, 1.4333, 1.45, 1.4667, 1.4833, 1.5, 1.5167, 1.5333, 1.55, 1.5667, 1.5833, 1.6, 1.6167, 1.6333, 1.65, 1.6667, 1.6833, 1.7, 1.7167, 1.7333, 1.75, 1.7667, 1.7833, 1.8, 1.8167, 1.8333, 1.85, 1.8667, 1.8833, 1.9, 1.9167, 1.9333, 1.95, 1.9667, 1.9833, 2.0, 2.0167, 2.0333, 2.05, 2.0667, 2.0833, 2.1, 2.1167, 2.1333, 2.15, 2.1667, 2.1833, 2.2, 2.2167, 2.2333, 2.25, 2.2667, 2.2833, 2.3, 2.3167, 2.3333],
            "transform": [
                [1.0, 0.0, 0.0, -5e-06, 0.0, 0.0, -1.0, -0.068107, 0.0, 1.0, 0.0, 0.750197, 0.0, 0.0, 0.0, 1.0],
                [1.0, 0.0, 0.0, -5e-06, 0.0, 0.0, -1.0, -0.065198, 0.0, 1.0, 0.0, 0.750197, 0.0, 0.0, 0.0, 1.0],
                [1.0, 0.0, 0.0, -5e-06, 0.0, 0.0, -1.0, -0.057346, 0.0, 1.0, 0.0, 0.750197, 0.0, 0.0, 0.0, 1.0],
                [1.0, 0.0, 0.0, -5e-06, 0.0, 0.0, -1.0, -0.045865, 0.0, 1.0, 0.0, 0.750197, 0.0, 0.0, 0.0, 1.0],
                [1.0, 0.0, 0.0, -5e-06, 0.0, 0.0, -1.0, -0.032066, 0.0, 1.0, 0.0, 0.750197, 0.0, 0.0, 0.0, 1.0],
                [1.0, 0.0, 0.0, -5e-06, 0.0, 0.0, -1.0, -0.017263, 0.0, 1.0, 0.0, 0.750197, 0.0, 0.0, 0.0, 1.0],
                [1.0, 0.0, 0.0, -5e-06, 0.0, 0.0, -1.0, -0.002768, 0.0, 1.0, 0.0, 0.750197, 0.0, 0.0, 0.0, 1.0],
                [1.0, 0.0, 0.0, -5e-06, 0.0, 0.0, -1.0, 0.010804, 0.0, 1.0, 0.0, 0.750197, 0.0, 0.0, 0.0, 1.0],
                [1.0, 0.0, 0.0, -5e-06, 0.0, 0.0, -1.0, 0.025627, 0.0, 1.0, 0.0, 0.750197, 0.0, 0.0, 0.0, 1.0],
                [1.0, 0.0, 0.0, -5e-06, 0.0, 0.0, -1.0, 0.044574, 0.0, 1.0, 0.0, 0.750197, 0.0, 0.0, 0.0, 1.0],
                [1.0, 0.0, 0.0, -5e-06, 0.0, 0.0, -1.0, 0.070517, 0.0, 1.0, 0.0, 0.750197, 0.0, 0.0, 0.0, 1.0],
                [0.999633, 0.0, -0.027078, -5e-06, -0.027078, 0.0, -0.999633, 0.105617, 0.0, 1.0, 0.0, 0.743788, 0.0, 0.0, 0.0, 1.0],
                [0.994857, 0.0, -0.101293, -5e-06, -0.101293, 0.0, -0.994857, 0.149193, 0.0, 1.0, 0.0, 0.726391, 0.0, 0.0, 0.0, 1.0],
                [0.977377, 0.0, -0.211506, -5e-06, -0.211506, 0.0, -0.977377, 0.199854, 0.0, 1.0, 0.0, 0.700753, 0.0, 0.0, 0.0, 1.0],
                [0.938993, 0.0, -0.343935, -5e-06, -0.343935, 0.0, -0.938993, 0.256206, 0.0, 1.0, 0.0, 0.669622, 0.0, 0.0, 0.0, 1.0],
                [0.876196, 0.0, -0.481955, -5e-06, -0.481955, 0.0, -0.876196, 0.316859, 0.0, 1.0, 0.0, 0.635744, 0.0, 0.0, 0.0, 1.0],
                [0.793252, 0.0, -0.608894, -5e-06, -0.608894, 0.0, -0.793252, 0.38042, 0.0, 1.0, 0.0, 0.601866, 0.0, 0.0, 0.0, 1.0],
                [0.701957, 0.0, -0.712219, -5e-06, -0.712219, 0.0, -0.701957, 0.445498, 0.0, 1.0, 0.0, 0.570735, 0.0, 0.0, 0.0, 1.0],
                [0.618234, 0.0, -0.785994, -5e-06, -0.785994, 0.0, -0.618234, 0.5107, 0.0, 1.0, 0.0, 0.545097, 0.0, 0.0, 0.0, 1.0],
                [0.558111, 0.0, -0.829766, -5e-06, -0.829766, 0.0, -0.558111, 0.574634, 0.0, 1.0, 0.0, 0.527701, 0.0, 0.0, 0.0, 1.0],
                [0.535438, 0.0, -0.844575, -5e-06, -0.844575, 0.0, -0.535438, 0.635909, 0.0, 1.0, 0.0, 0.521291, 0.0, 0.0, 0.0, 1.0],
                [0.549335, 0.0, -0.835602, -5e-06, -0.835602, 0.0, -0.549335, 0.694138, 0.0, 1.0, 0.0, 0.53806, 0.0, 0.0, 0.0, 1.0],
                [0.586289, 0.0, -0.810102, -5e-06, -0.810102, 0.0, -0.586289, 0.752953, 0.0, 1.0, 0.0, 0.578048, 0.0, 0.0, 0.0, 1.0],
                [0.638565, 0.0, -0.769568, -5e-06, -0.769568, 0.0, -0.638565, 0.816996, 0.0, 1.0, 0.0, 0.625775, 0.0, 0.0, 0.0, 1.0],
                [0.698159, 0.0, -0.715943, -5e-06, -0.715943, 0.0, -0.698159, 0.890903, 0.0, 1.0, 0.0, 0.665763, 0.0, 0.0, 0.0, 1.0],
                [0.757624, 0.0, -0.652691, -5e-06, -0.652691, 0.0, -0.757624, 0.979313, 0.0, 1.0, 0.0, 0.682532, 0.0, 0.0, 0.0, 1.0],
                [0.811873, 0.0, -0.583834, 0.004944, -0.583834, 0.0, -0.811873, 1.08437, 0.0, 1.0, 0.0, 0.667184, 0.0, 0.0, 0.0, 1.0],
                [0.860689, 0.0, -0.509131, 0.016744, -0.509131, 0.0, -0.860689, 1.198225, 0.0, 1.0, 0.0, 0.630585, 0.0, 0.0, 0.0, 1.0],
                [0.904522, 0.0, -0.426427, 0.030828, -0.426427, 0.0, -0.904522, 1.310535, 0.0, 1.0, 0.0, 0.586903, 0.0, 0.0, 0.0, 1.0],
                [0.943015, 0.0, -0.332749, 0.042628, -0.332749, 0.0, -0.943015, 1.410957, 0.0, 1.0, 0.0, 0.550304, 0.0, 0.0, 0.0, 1.0],
                [0.974504, 0.0, -0.224369, 0.047576, -0.224369, 0.0, -0.974504, 1.489145, 0.0, 1.0, 0.0, 0.534956, 0.0, 0.0, 0.0, 1.0],
                [0.995162, 0.0, -0.098245, 0.047576, -0.098245, 0.0, -0.995162, 1.546606, 0.0, 1.0, 0.0, 0.534956, 0.0, 0.0, 0.0, 1.0],
                [0.999108, 0.0, 0.042232, 0.047576, 0.042232, 0.0, -0.999108, 1.592595, 0.0, 1.0, 0.0, 0.534956, 0.0, 0.0, 0.0, 1.0],
                [0.981807, 0.0, 0.189883, 0.047576, 0.189883, 0.0, -0.981807, 1.628394, 0.0, 1.0, 0.0, 0.534956, 0.0, 0.0, 0.0, 1.0],
                [0.941882, 0.0, 0.335943, 0.047576, 0.335943, 0.0, -0.941882, 1.655282, 0.0, 1.0, 0.0, 0.534956, 0.0, 0.0, 0.0, 1.0],
                [0.88182, 0.0, 0.471586, 0.047576, 0.471586, 0.0, -0.88182, 1.674541, 0.0, 1.0, 0.0, 0.534956, 0.0, 0.0, 0.0, 1.0],
                [0.807643, 0.0, 0.589672, 0.047576, 0.589672, 0.0, -0.807643, 1.687451, 0.0, 1.0, 0.0, 0.534956, 0.0, 0.0, 0.0, 1.0],
                [0.72767, 0.0, 0.685928, 0.047576, 0.685928, 0.0, -0.72767, 1.695294, 0.0, 1.0, 0.0, 0.534956, 0.0, 0.0, 0.0, 1.0],
                [0.650931, 0.0, 0.759137, 0.047576, 0.759137, 0.0, -0.650931, 1.69935, 0.0, 1.0, 0.0, 0.534956, 0.0, 0.0, 0.0, 1.0],
                [0.585923, 0.0, 0.810367, 0.047576, 0.810367, 0.0, -0.585923, 1.7009, 0.0, 1.0, 0.0, 0.534956, 0.0, 0.0, 0.0, 1.0],
                [0.540053, 0.0, 0.841631, 0.047576, 0.841631, 0.0, -0.540053, 1.701225, 0.0, 1.0, 0.0, 0.534956, 0.0, 0.0, 0.0, 1.0],
                [0.507716, 0.0, 0.861524, 0.047562, 0.861524, 0.0, -0.507716, 1.701392, 0.0, 1.0, 0.0, 0.53502, 0.0, 0.0, 0.0, 1.0],
                [0.478986, 0.0, 0.877822, 0.04752, 0.877822, 0.0, -0.478986, 1.701614, 0.0, 1.0, 0.0, 0.535211, 0.0, 0.0, 0.0, 1.0],
                [0.45387, 0.0, 0.891068, 0.04745, 0.891068, 0.0, -0.45387, 1.70189, 0.0, 1.0, 0.0, 0.535526, 0.0, 0.0, 0.0, 1.0],
                [0.432281, 0.0, 0.901739, 0.047354, 0.901739, 0.0, -0.432281, 1.702218, 0.0, 1.0, 0.0, 0.535962, 0.0, 0.0, 0.0, 1.0],
                [0.414066, 0.0, 0.910247, 0.047231, 0.910247, 0.0, -0.414066, 1.702597, 0.0, 1.0, 0.0, 0.536517, 0.0, 0.0, 0.0, 1.0],
                [0.399014, 0.0, 0.916945, 0.047083, 0.916945, 0.0, -0.399014, 1.703027, 0.0, 1.0, 0.0, 0.537188, 0.0, 0.0, 0.0, 1.0],
                [0.386876, 0.0, 0.922132, 0.04691, 0.922132, 0.0, -0.386876, 1.703505, 0.0, 1.0, 0.0, 0.537972, 0.0, 0.0, 0.0, 1.0],
                [0.377373, 0.0, 0.926062, 0.046712, 0.926062, 0.0, -0.377373, 1.704031, 0.0, 1.0, 0.0, 0.538868, 0.0, 0.0, 0.0, 1.0],
                [0.370203, 0.0, 0.928951, 0.04649, 0.928951, 0.0, -0.370203, 1.704604, 0.0, 1.0, 0.0, 0.539873, 0.0, 0.0, 0.0, 1.0],
                [0.365051, 0.0, 0.930988, 0.046244, 0.930988, 0.0, -0.365051, 1.705222, 0.0, 1.0, 0.0, 0.540983, 0.0, 0.0, 0.0, 1.0],
                [0.361591, 0.0, 0.932337, 0.045976, 0.932337, 0.0, -0.361591, 1.705885, 0.0, 1.0, 0.0, 0.542196, 0.0, 0.0, 0.0, 1.0],
                [0.359489, 0.0, 0.933149, 0.045685, 0.933149, 0.0, -0.359489, 1.706591, 0.0, 1.0, 0.0, 0.543511, 0.0, 0.0, 0.0, 1.0],
                [0.35841, 0.0, 0.933564, 0.045373, 0.933564, 0.0, -0.35841, 1.70734, 0.0, 1.0, 0.0, 0.544923, 0.0, 0.0, 0.0, 1.0],
                [0.358012, 0.0, 0.933717, 0.04504, 0.933717, 0.0, -0.358012, 1.708129, 0.0, 1.0, 0.0, 0.546431, 0.0, 0.0, 0.0, 1.0],
                [0.357955, 0.0, 0.933739, 0.044686, 0.933739, 0.0, -0.357955, 1.708958, 0.0, 1.0, 0.0, 0.548032, 0.0, 0.0, 0.0, 1.0],
                [0.358394, 0.0, 0.933571, 0.044312, 0.933571, 0.0, -0.358394, 1.709825, 0.0, 1.0, 0.0, 0.549723, 0.0, 0.0, 0.0, 1.0],
                [0.359696, 0.0, 0.93307, 0.043919, 0.93307, 0.0, -0.359696, 1.71073, 0.0, 1.0, 0.0, 0.551503, 0.0, 0.0, 0.0, 1.0],
                [0.361842, 0.0, 0.932239, 0.043506, 0.932239, 0.0, -0.361842, 1.711672, 0.0, 1.0, 0.0, 0.553367, 0.0, 0.0, 0.0, 1.0],
                [0.36481, 0.0, 0.931082, 0.043076, 0.931082, 0.0, -0.36481, 1.712649, 0.0, 1.0, 0.0, 0.555314, 0.0, 0.0, 0.0, 1.0],
                [0.368577, 0.0, 0.929597, 0.042628, 0.929597, 0.0, -0.368577, 1.71366, 0.0, 1.0, 0.0, 0.557341, 0.0, 0.0, 0.0, 1.0],
                [0.373122, 0.0, 0.927782, 0.042163, 0.927782, 0.0, -0.373122, 1.714703, 0.0, 1.0, 0.0, 0.559446, 0.0, 0.0, 0.0, 1.0],
                [0.378422, 0.0, 0.925633, 0.041681, 0.925633, 0.0, -0.378422, 1.715779, 0.0, 1.0, 0.0, 0.561625, 0.0, 0.0, 0.0, 1.0],
                [0.384456, 0.0, 0.923143, 0.041183, 0.923143, 0.0, -0.384456, 1.716885, 0.0, 1.0, 0.0, 0.563877, 0.0, 0.0, 0.0, 1.0],
                [0.391201, 0.0, 0.920305, 0.04067, 0.920305, 0.0, -0.391201, 1.718021, 0.0, 1.0, 0.0, 0.566199, 0.0, 0.0, 0.0, 1.0],
                [0.398631, 0.0, 0.917111, 0.040142, 0.917111, 0.0, -0.398631, 1.719185, 0.0, 1.0, 0.0, 0.568587, 0.0, 0.0, 0.0, 1.0],
                [0.406724, 0.0, 0.913551, 0.0396, 0.913551, 0.0, -0.406724, 1.720376, 0.0, 1.0, 0.0, 0.571041, 0.0, 0.0, 0.0, 1.0],
                [0.415455, 0.0, 0.909614, 0.039043, 0.909614, 0.0, -0.415455, 1.721594, 0.0, 1.0, 0.0, 0.573556, 0.0, 0.0, 0.0, 1.0],
                [0.424798, 0.0, 0.905288, 0.038474, 0.905288, 0.0, -0.424798, 1.722836, 0.0, 1.0, 0.0, 0.576131, 0.0, 0.0, 0.0, 1.0],
                [0.434727, 0.0, 0.900562, 0.037893, 0.900562, 0.0, -0.434727, 1.724102, 0.0, 1.0, 0.0, 0.578762, 0.0, 0.0, 0.0, 1.0],
                [0.445216, 0.0, 0.895423, 0.037299, 0.895423, 0.0, -0.445216, 1.725391, 0.0, 1.0, 0.0, 0.581448, 0.0, 0.0, 0.0, 1.0],
                [0.456235, 0.0, 0.889859, 0.036694, 0.889859, 0.0, -0.456235, 1.726701, 0.0, 1.0, 0.0, 0.584186, 0.0, 0.0, 0.0, 1.0],
                [0.467757, 0.0, 0.883857, 0.036078, 0.883857, 0.0, -0.467757, 1.728032, 0.0, 1.0, 0.0, 0.586972, 0.0, 0.0, 0.0, 1.0],
                [0.479751, 0.0, 0.877405, 0.035451, 0.877405, 0.0, -0.479751, 1.729382, 0.0, 1.0, 0.0, 0.589805, 0.0, 0.0, 0.0, 1.0],
                [0.492187, 0.0, 0.870489, 0.034816, 0.870489, 0.0, -0.492187, 1.73075, 0.0, 1.0, 0.0, 0.592682, 0.0, 0.0, 0.0, 1.0],
                [0.505033, 0.0, 0.8631, 0.03417, 0.8631, 0.0, -0.505033, 1.732135, 0.0, 1.0, 0.0, 0.5956, 0.0, 0.0, 0.0, 1.0],
                [0.518258, 0.0, 0.855225, 0.033517, 0.855225, 0.0, -0.518258, 1.733536, 0.0, 1.0, 0.0, 0.598557, 0.0, 0.0, 0.0, 1.0],
                [0.531826, 0.0, 0.846854, 0.032855, 0.846854, 0.0, -0.531826, 1.734951, 0.0, 1.0, 0.0, 0.60155, 0.0, 0.0, 0.0, 1.0],
                [0.545704, 0.0, 0.837978, 0.032186, 0.837978, 0.0, -0.545704, 1.73638, 0.0, 1.0, 0.0, 0.604577, 0.0, 0.0, 0.0, 1.0],
                [0.559856, 0.0, 0.82859, 0.03151, 0.82859, 0.0, -0.559856, 1.737821, 0.0, 1.0, 0.0, 0.607635, 0.0, 0.0, 0.0, 1.0],
                [0.574246, 0.0, 0.818682, 0.030828, 0.818682, 0.0, -0.574246, 1.739273, 0.0, 1.0, 0.0, 0.610721, 0.0, 0.0, 0.0, 1.0],
                [0.588838, 0.0, 0.808251, 0.03014, 0.808251, 0.0, -0.588838, 1.740736, 0.0, 1.0, 0.0, 0.613833, 0.0, 0.0, 0.0, 1.0],
                [0.603594, 0.0, 0.797292, 0.029447, 0.797292, 0.0, -0.603594, 1.742207, 0.0, 1.0, 0.0, 0.616968, 0.0, 0.0, 0.0, 1.0],
                [0.618476, 0.0, 0.785804, 0.028749, 0.785804, 0.0, -0.618476, 1.743686, 0.0, 1.0, 0.0, 0.620124, 0.0, 0.0, 0.0, 1.0],
                [0.633446, 0.0, 0.773787, 0.028048, 0.773787, 0.0, -0.633446, 1.745171, 0.0, 1.0, 0.0, 0.623298, 0.0, 0.0, 0.0, 1.0],
                [0.648465, 0.0, 0.761244, 0.027343, 0.761244, 0.0, -0.648465, 1.746662, 0.0, 1.0, 0.0, 0.626487, 0.0, 0.0, 0.0, 1.0],
                [0.663495, 0.0, 0.748181, 0.026635, 0.748181, 0.0, -0.663495, 1.748158, 0.0, 1.0, 0.0, 0.62969, 0.0, 0.0, 0.0, 1.0],
                [0.678497, 0.0, 0.734603, 0.025924, 0.734603, 0.0, -0.678497, 1.749656, 0.0, 1.0, 0.0, 0.632902, 0.0, 0.0, 0.0, 1.0],
                [0.693434, 0.0, 0.72052, 0.025213, 0.72052, 0.0, -0.693434, 1.751157, 0.0, 1.0, 0.0, 0.636123, 0.0, 0.0, 0.0, 1.0],
                [0.708266, 0.0, 0.705945, 0.024499, 0.705945, 0.0, -0.708266, 1.752659, 0.0, 1.0, 0.0, 0.639348, 0.0, 0.0, 0.0, 1.0],
                [0.722959, 0.0, 0.690891, 0.023786, 0.690891, 0.0, -0.722959, 1.75416, 0.0, 1.0, 0.0, 0.642577, 0.0, 0.0, 0.0, 1.0],
                [0.737474, 0.0, 0.675375, 0.023072, 0.675375, 0.0, -0.737474, 1.75566, 0.0, 1.0, 0.0, 0.645805, 0.0, 0.0, 0.0, 1.0],
                [0.751778, 0.0, 0.659416, 0.022359, 0.659416, 0.0, -0.751778, 1.757157, 0.0, 1.0, 0.0, 0.64903, 0.0, 0.0, 0.0, 1.0],
                [0.765837, 0.0, 0.643035, 0.021647, 0.643035, 0.0, -0.765837, 1.758651, 0.0, 1.0, 0.0, 0.652251, 0.0, 0.0, 0.0, 1.0],
                [0.779617, 0.0, 0.626256, 0.020937, 0.626256, 0.0, -0.779617, 1.76014, 0.0, 1.0, 0.0, 0.655463, 0.0, 0.0, 0.0, 1.0],
                [0.79309, 0.0, 0.609105, 0.020229, 0.609105, 0.0, -0.79309, 1.761623, 0.0, 1.0, 0.0, 0.658666, 0.0, 0.0, 0.0, 1.0],
                [0.806225, 0.0, 0.591609, 0.019524, 0.591609, 0.0, -0.806225, 1.763098, 0.0, 1.0, 0.0, 0.661855, 0.0, 0.0, 0.0, 1.0],
                [0.818996, 0.0, 0.573799, 0.018823, 0.573799, 0.0, -0.818996, 1.764566, 0.0, 1.0, 0.0, 0.665029, 0.0, 0.0, 0.0, 1.0],
                [0.831379, 0.0, 0.555706, 0.018125, 0.555706, 0.0, -0.831379, 1.766024, 0.0, 1.0, 0.0, 0.668185, 0.0, 0.0, 0.0, 1.0],
                [0.843351, 0.0, 0.537363, 0.017432, 0.537363, 0.0, -0.843351, 1.767471, 0.0, 1.0, 0.0, 0.67132, 0.0, 0.0, 0.0, 1.0],
                [0.854892, 0.0, 0.518805, 0.016744, 0.518805, 0.0, -0.854892, 1.768907, 0.0, 1.0, 0.0, 0.674432, 0.0, 0.0, 0.0, 1.0],
                [0.865986, 0.0, 0.500069, 0.016062, 0.500069, 0.0, -0.865986, 1.77033, 0.0, 1.0, 0.0, 0.677518, 0.0, 0.0, 0.0, 1.0],
                [0.876616, 0.0, 0.48119, 0.015386, 0.48119, 0.0, -0.876616, 1.771739, 0.0, 1.0, 0.0, 0.680576, 0.0, 0.0, 0.0, 1.0],
                [0.886772, 0.0, 0.462208, 0.014717, 0.462208, 0.0, -0.886772, 1.773133, 0.0, 1.0, 0.0, 0.683603, 0.0, 0.0, 0.0, 1.0],
                [0.896442, 0.0, 0.44316, 0.014055, 0.44316, 0.0, -0.896442, 1.774511, 0.0, 1.0, 0.0, 0.686596, 0.0, 0.0, 0.0, 1.0],
                [0.905622, 0.0, 0.424086, 0.013401, 0.424086, 0.0, -0.905622, 1.775871, 0.0, 1.0, 0.0, 0.689553, 0.0, 0.0, 0.0, 1.0],
                [0.914305, 0.0, 0.405026, 0.012756, 0.405026, 0.0, -0.914305, 1.777213, 0.0, 1.0, 0.0, 0.692471, 0.0, 0.0, 0.0, 1.0],
                [0.922491, 0.0, 0.386017, 0.01212, 0.386017, 0.0, -0.922491, 1.778534, 0.0, 1.0, 0.0, 0.695348, 0.0, 0.0, 0.0, 1.0],
                [0.930181, 0.0, 0.367101, 0.011494, 0.367101, 0.0, -0.930181, 1.779835, 0.0, 1.0, 0.0, 0.698181, 0.0, 0.0, 0.0, 1.0],
                [0.937378, 0.0, 0.348314, 0.010878, 0.348314, 0.0, -0.937378, 1.781114, 0.0, 1.0, 0.0, 0.700967, 0.0, 0.0, 0.0, 1.0],
                [0.944087, 0.0, 0.329697, 0.010273, 0.329697, 0.0, -0.944087, 1.78237, 0.0, 1.0, 0.0, 0.703705, 0.0, 0.0, 0.0, 1.0],
                [0.950316, 0.0, 0.311286, 0.009679, 0.311286, 0.0, -0.950316, 1.783602, 0.0, 1.0, 0.0, 0.706391, 0.0, 0.0, 0.0, 1.0],
                [0.956076, 0.0, 0.293118, 0.009097, 0.293118, 0.0, -0.956076, 1.784808, 0.0, 1.0, 0.0, 0.709022, 0.0, 0.0, 0.0, 1.0],
                [0.961378, 0.0, 0.27523, 0.008528, 0.27523, 0.0, -0.961378, 1.785987, 0.0, 1.0, 0.0, 0.711597, 0.0, 0.0, 0.0, 1.0],
                [0.966237, 0.0, 0.257657, 0.007972, 0.257657, 0.0, -0.966237, 1.787139, 0.0, 1.0, 0.0, 0.714112, 0.0, 0.0, 0.0, 1.0],
                [0.970666, 0.0, 0.240432, 0.00743, 0.240432, 0.0, -0.970666, 1.788262, 0.0, 1.0, 0.0, 0.716566, 0.0, 0.0, 0.0, 1.0],
                [0.974684, 0.0, 0.223588, 0.006902, 0.223588, 0.0, -0.974684, 1.789355, 0.0, 1.0, 0.0, 0.718954, 0.0, 0.0, 0.0, 1.0],
                [0.978308, 0.0, 0.207157, 0.006389, 0.207157, 0.0, -0.978308, 1.790417, 0.0, 1.0, 0.0, 0.721276, 0.0, 0.0, 0.0, 1.0],
                [0.981557, 0.0, 0.19117, 0.005891, 0.19117, 0.0, -0.981557, 1.791447, 0.0, 1.0, 0.0, 0.723528, 0.0, 0.0, 0.0, 1.0],
                [0.984452, 0.0, 0.175654, 0.005409, 0.175654, 0.0, -0.984452, 1.792443, 0.0, 1.0, 0.0, 0.725707, 0.0, 0.0, 0.0, 1.0],
                [0.987013, 0.0, 0.160639, 0.004944, 0.160639, 0.0, -0.987013, 1.793404, 0.0, 1.0, 0.0, 0.727812, 0.0, 0.0, 0.0, 1.0],
                [0.989262, 0.0, 0.146151, 0.004496, 0.146151, 0.0, -0.989262, 1.79433, 0.0, 1.0, 0.0, 0.729839, 0.0, 0.0, 0.0, 1.0],
                [0.991221, 0.0, 0.132215, 0.004065, 0.132215, 0.0, -0.991221, 1.795218, 0.0, 1.0, 0.0, 0.731786, 0.0, 0.0, 0.0, 1.0],
                [0.992912, 0.0, 0.118856, 0.003653, 0.118856, 0.0, -0.992912, 1.796069, 0.0, 1.0, 0.0, 0.733651, 0.0, 0.0, 0.0, 1.0],
                [0.994356, 0.0, 0.106097, 0.00326, 0.106097, 0.0, -0.994356, 1.796881, 0.0, 1.0, 0.0, 0.73543, 0.0, 0.0, 0.0, 1.0],
                [0.995576, 0.0, 0.09396, 0.002886, 0.09396, 0.0, -0.995576, 1.797652, 0.0, 1.0, 0.0, 0.737121, 0.0, 0.0, 0.0, 1.0],
                [0.996594, 0.0, 0.082468, 0.002532, 0.082468, 0.0, -0.996594, 1.798382, 0.0, 1.0, 0.0, 0.738722, 0.0, 0.0, 0.0, 1.0],
                [0.997431, 0.0, 0.071639, 0.002199, 0.071639, 0.0, -0.997431, 1.799069, 0.0, 1.0, 0.0, 0.74023, 0.0, 0.0, 0.0, 1.0],
                [0.998107, 0.0, 0.061496, 0.001886, 0.061496, 0.0, -0.998107, 1.799713, 0.0, 1.0, 0.0, 0.741642, 0.0, 0.0, 0.0, 1.0],
                [0.998644, 0.0, 0.052056, 0.001596, 0.052056, 0.0, -0.998644, 1.800311, 0.0, 1.0, 0.0, 0.742957, 0.0, 0.0, 0.0, 1.0],
                [0.99906, 0.0, 0.043339, 0.001328, 0.043339, 0.0, -0.99906, 1.800864, 0.0, 1.0, 0.0, 0.74417, 0.0, 0.0, 0.0, 1.0],
                [0.999375, 0.0, 0.035364, 0.001082, 0.035364, 0.0, -0.999375, 1.801369, 0.0, 1.0, 0.0, 0.74528, 0.0, 0.0, 0.0, 1.0],
                [0.999604, 0.0, 0.028148, 0.00086, 0.028148, 0.0, -0.999604, 1.801826, 0.0, 1.0, 0.0, 0.746285, 0.0, 0.0, 0.0, 1.0],
                [0.999764, 0.0, 0.02171, 0.000662, 0.02171, 0.0, -0.999764, 1.802234, 0.0, 1.0, 0.0, 0.747181, 0.0, 0.0, 0.0, 1.0],
                [0.999871, 0.0, 0.016069, 0.000489, 0.016069, 0.0, -0.999871, 1.80259, 0.0, 1.0, 0.0, 0.747965, 0.0, 0.0, 0.0, 1.0],
                [0.999937, 0.0, 0.011243, 0.00034, 0.011243, 0.0, -0.999937, 1.802896, 0.0, 1.0, 0.0, 0.748636, 0.0, 0.0, 0.0, 1.0],
                [0.999974, 0.0, 0.007249, 0.000218, 0.007249, 0.0, -0.999974, 1.803148, 0.0, 1.0, 0.0, 0.749191, 0.0, 0.0, 0.0, 1.0],
                [0.999992, 0.0, 0.004109, 0.000121, 0.004109, 0.0, -0.999992, 1.803346, 0.0, 1.0, 0.0, 0.749627, 0.0, 0.0, 0.0, 1.0],
                [0.999998, 0.0, 0.00184, 5.2e-05, 0.00184, 0.0, -0.999998, 1.803489, 0.0, 1.0, 0.0, 0.749942, 0.0, 0.0, 0.0, 1.0],
                [1.0, 0.0, 0.000464, 1e-05, 0.000464, 0.0, -1.0, 1.803576, 0.0, 1.0, 0.0, 0.750133, 0.0, 0.0, 0.0, 1.0],
                [1.0, 0.0, 0.0, -5e-06, 0.0, 0.0, -1.0, 1.803605, 0.0, 1.0, 0.0, 0.750197, 0.0, 0.0, 0.0, 1.0]
            ]
        },
        {
            "name": "Thigh_R",
            "time": [0.0, 0.0167, 0.0333, 0.05, 0.0667, 0.0833, 0.1, 0.1167, 0.1333, 0.15, 0.1667, 0.1833, 0.2, 0.2167, 0.2333, 0.25, 0.2667, 0.2833, 0.3, 0.3167, 0.3333, 0.35, 0.3667, 0.3833, 0.4, 0.4167, 0.4333, 0.45, 0.4667, 0.4833, 0.5, 0.5167, 0.5333, 0.55, 0.5667, 0.5833, 0.6, 0.6167, 0.6333, 0.65, 0.6667, 0.6833, 0.7, 0.7167, 0.7333, 0.75, 0.7667, 0.7833, 0.8, 0.8167, 0.8333, 0.85, 0.8667, 0.8833, 0.9, 0.9167, 0.9333, 0.95, 0.9667, 0.9833, 1.0, 1.0167, 1.0333, 1.05, 1.0667, 1.0833, 1.1, 1.1167, 1.1333, 1.15, 1.1667, 1.1833, 1.2, 1.2167, 1.2333, 1.25, 1.2667, 1.2833, 1.3, 1.3167, 1.3333, 1.35, 1.3667, 1.3833, 1.4, 1.4167, 1.4333, 1.45, 1.4667, 1.4833, 1.5, 1.5167, 1.5333, 1.55, 1.5667, 1.5833, 1.6, 1.6167, 1.6333, 1.65, 1.6667, 1.6833, 1.7, 1.7167, 1.7333, 1.75, 1.7667, 1.7833, 1.8, 1.8167, 1.8333, 1.85, 1.8667, 1.8833, 1.9, 1.9167, 1.9333, 1.95, 1.9667, 1.9833, 2.0, 2.0167, 2.0333, 2.05, 2.0667, 2.0833, 2.1, 2.1167, 2.1333, 2.15, 2.1667, 2.1833, 2.2, 2.2167, 2.2333, 2.25, 2.2667, 2.2833, 2.3, 2.3167, 2.3333],
            "transform": [
                [0.922986, 0.177265, 0.341574, 0.124994, 0.103931, -0.969429, 0.222264, -0.002831, 0.370532, -0.169646, -0.913196, -1.2e-05, 0.0, 0.0, 0.0, 1.0],
                [0.925428, 0.174003, 0.336609, 0.124994, 0.104809, -0.971214, 0.213904, -0.002831, 0.36414, -0.162673, -0.917028, -1.2e-05, 0.0, 0.0, 0.0, 1.0],
                [0.931881, 0.165326, 0.322899, 0.124994, 0.106898, -0.975734, 0.191079, -0.002831, 0.346655, -0.143544, -0.926944, -1.2e-05, 0.0, 0.0, 0.0, 1.0],
                [0.940913, 0.153032, 0.302097, 0.124994, 0.109188, -0.981522, 0.157128, -0.002831, 0.32056, -0.114858, -0.940239, -1.2e-05, 0.0, 0.0, 0.0, 1.0],
                [0.951079, 0.13894, 0.275942, 0.124994, 0.11069, -0.987117, 0.115517, -0.002831, 0.288437, -0.079321, -0.954208, -1.2e-05, 0.0, 0.0, 0.0, 1.0],
                [0.961091, 0.124715, 0.246474, 0.124994, 0.110713, -0.991387, 0.069932, -0.002831, 0.253073, -0.039922, -0.966623, -1.2e-05, 0.0, 0.0, 0.0, 1.0],
                [0.969961, 0.111714, 0.216088, 0.124994, 0.109054, -0.993738, 0.024237, -0.002831, 0.217443, 5.7e-05, -0.976073, -1.2e-05, 0.0, 0.0, 0.0, 1.0],
                [0.977072, 0.100897, 0.187481, 0.124994, 0.106056, -0.994201, -0.017666, -0.002831, 0.184611, 0.037144, -0.98211, -1.2e-05, 0.0, 0.0, 0.0, 1.0],
                [0.982164, 0.092827, 0.163513, 0.124994, 0.102542, -0.993367, -0.051992, -0.002831, 0.157602, 0.067832, -0.98517, -1.2e-05, 0.0, 0.0, 0.0, 1.0],
                [0.985221, 0.087791, 0.147076, 0.124994, 0.099629, -0.992181, -0.075142, -0.002831, 0.139329, 0.088685, -0.986267, -1.2e-05, 0.0, 0.0, 0.0, 1.0],
                [0.986266, 0.086026, 0.140989, 0.124994, 0.098449, -0.991619, -0.083636, -0.002831, 0.132613, 0.096367, -0.986472, -1.2e-05, 0.0, 0.0, 0.0, 1.0],
                [0.982773, 0.107247, 0.150514, 0.124994, 0.118796, -0.990451, -0.069931, -0.002831, 0.141577, 0.086607, -0.986132, -1.2e-05, 0.0, 0.0, 0.0, 1.0],
                [0.970525, 0.165655, 0.175039, 0.124994, 0.173657, -0.984306, -0.03132, -0.002831, 0.167104, 0.060794, -0.984064, -1.2e-05, 0.0, 0.0, 0.0, 1.0],
                [0.944986, 0.25315, 0.207162, 0.124994, 0.252728, -0.967102, 0.028957, -0.002831, 0.207677, 0.024992, -0.977878, -1.2e-05, 0.0, 0.0, 0.0, 1.0],
                [0.901996, 0.359765, 0.238688, 0.124994, 0.343943, -0.932937, 0.106432, -0.002831, 0.260972, -0.013906, -0.965247, -1.2e-05, 0.0, 0.0, 0.0, 1.0],
                [0.840977, 0.473176, 0.262414, 0.124994, 0.43436, -0.879591, 0.19403, -0.002831, 0.322627, -0.049192, -0.945247, -1.2e-05, 0.0, 0.0, 0.0, 1.0],
                [0.766754, 0.580411, 0.274242, 0.124994, 0.512705, -0.810769, 0.282461, -0.002831, 0.386291, -0.075972, -0.919243, -1.2e-05, 0.0, 0.0, 0.0, 1.0],
                [0.689012, 0.670771, 0.274456, 0.124994, 0.572146, -0.735873, 0.36213, -0.002831, 0.444871, -0.092482, -0.890807, -1.2e-05, 0.0, 0.0, 0.0, 1.0],
                [0.619812, 0.737844, 0.267239, 0.124994, 0.611296, -0.667495, 0.425164, -0.002831, 0.492086, -0.100159, -0.864766, -1.2e-05, 0.0, 0.0, 0.0, 1.0],
                [0.570955, 0.779128, 0.258779, 0.124994, 0.632685, -0.618443, 0.466086, -0.002831, 0.523181, -0.102389, -0.846049, -1.2e-05, 0.0, 0.0, 0.0, 1.0],
                [0.552674, 0.793433, 0.254978, 0.124994, 0.63951, -0.599941, 0.480724, -0.002831, 0.534394, -0.102622, -0.838982, -1.2e-05, 0.0, 0.0, 0.0, 1.0],
                [0.594851, 0.75958, 0.263033, 0.124994, 0.61101, -0.639888, 0.466056, -0.002831, 0.522319, -0.116517, -0.844752, -1.2e-05, 0.0, 0.0, 0.0, 1.0],
                [0.689735, 0.66893, 0.277121, 0.124994, 0.537682, -0.729524, 0.422718, -0.002831, 0.484936, -0.14256, -0.862852, -1.2e-05, 0.0, 0.0, 0.0, 1.0],
                [0.790776, 0.544058, 0.280484, 0.124994, 0.44189, -0.824497, 0.353461, -0.002831, 0.423562, -0.155565, -0.89241, -1.2e-05, 0.0, 0.0, 0.0, 1.0],
                [0.866319, 0.42583, 0.261072, 0.124994, 0.360215, -0.894716, 0.264055, -0.002831, 0.346028, -0.134713, -0.928503, -1.2e-05, 0.0, 0.0, 0.0, 1.0],
                [0.904651, 0.366547, 0.217367, 0.124994, 0.338117, -0.927841, 0.157432, -0.002831, 0.259389, -0.068925, -0.963311, -1.2e-05, 0.0, 0.0, 0.0, 1.0],
                [0.919386, 0.358997, 0.160775, 0.124994, 0.359728, -0.932705, 0.025567, -0.002831, 0.159134, 0.034329, -0.98666, -1.2e-05, 0.0, 0.0, 0.0, 1.0],
                [0.92616, 0.362585, 0.103719, 0.124994, 0.37351, -0.919908, -0.119399, -0.002831, 0.052119, 0.149323, -0.987414, -1.2e-05, 0.0, 0.0, 0.0, 1.0],
                [0.924286, 0.377554, 0.056089, 0.124994, 0.379103, -0.890926, -0.250057, -0.002831, -0.044439, 0.252387, -0.966605, -1.2e-05, 0.0, 0.0, 0.0, 1.0],
                [0.915902, 0.400538, 0.026289, 0.124994, 0.384659, -0.857099, -0.342659, -0.002831, -0.114716, 0.323954, -0.939092, -1.2e-05, 0.0, 0.0, 0.0, 1.0],
                [0.903859, 0.427375, 0.019687, 0.124994, 0.402355, -0.833497, -0.378668, -0.002831, -0.145425, 0.350184, -0.925323, -1.2e-05, 0.0, 0.0, 0.0, 1.0],
                [0.889809, 0.453802, 0.047984, 0.124994, 0.437486, -0.818422, -0.372544, -0.002831, -0.12979, 0.352485, -0.926773, -1.2e-05, 0.0, 0.0, 0.0, 1.0],
                [0.871483, 0.476934, 0.114238, 0.124994, 0.484578, -0.801538, -0.350311, -0.002831, -0.075509, 0.360647, -0.929641, -1.2e-05, 0.0, 0.0, 0.0, 1.0],
                [0.843131, 0.495714, 0.208317, 0.124994, 0.537634, -0.783599, -0.311319, -0.002831, 0.008912, 0.37448, -0.927192, -1.2e-05, 0.0, 0.0, 0.0, 1.0],
                [0.799723, 0.509032, 0.318322, 0.124994, 0.589592, -0.765896, -0.256479, -0.002831, 0.113245, 0.392792, -0.912628, -1.2e-05, 0.0, 0.0, 0.0, 1.0],
                [0.739985, 0.516392, 0.430999, 0.124994, 0.633745, -0.749963, -0.189525, -0.002831, 0.225365, 0.413388, -0.882225, -1.2e-05, 0.0, 0.0, 0.0, 1.0],
                [0.668016, 0.518428, 0.53384, 0.124994, 0.665552, -0.737124, -0.116987, -0.002831, 0.332857, 0.433447, -0.837454, -1.2e-05, 0.0, 0.0, 0.0, 1.0],
                [0.5927, 0.516951, 0.61763, 0.124994, 0.683869, -0.728097, -0.046853, -0.002831, 0.425474, 0.450148, -0.785072, -1.2e-05, 0.0, 0.0, 0.0, 1.0],
                [0.525411, 0.514512, 0.677657, 0.124994, 0.690828, -0.722896, 0.013238, -0.002831, 0.496688, 0.461188, -0.735259, -1.2e-05, 0.0, 0.0, 0.0, 1.0],
                [0.477557, 0.513756, 0.712736, 0.124994, 0.690499, -0.721074, 0.057111, -0.002831, 0.543277, 0.464869, -0.699104, -1.2e-05, 0.0, 0.0, 0.0, 1.0],
                [0.459159, 0.516874, 0.722505, 0.124994, 0.687095, -0.722152, 0.079968, -0.002831, 0.563092, 0.459711, -0.686726, -1.2e-05, 0.0, 0.0, 0.0, 1.0],
                [0.458602, 0.522303, 0.718946, 0.124994, 0.683141, -0.724634, 0.090674, -0.002831, 0.568332, 0.449558, -0.689127, -1.2e-05, 0.0, 0.0, 0.0, 1.0],
                [0.458472, 0.527429, 0.715277, 0.124994, 0.679003, -0.727157, 0.10097, -0.002831, 0.573374, 0.439383, -0.691508, -1.2e-05, 0.0, 0.0, 0.0, 1.0],
                [0.458759, 0.532253, 0.711509, 0.124994, 0.67469, -0.729726, 0.110863, -0.002831, 0.578215, 0.429188, -0.693876, -1.2e-05, 0.0, 0.0, 0.0, 1.0],
                [0.459454, 0.536777, 0.707652, 0.124994, 0.670212, -0.732343, 0.120362, -0.002831, 0.582852, 0.418976, -0.696235, -1.2e-05, 0.0, 0.0, 0.0, 1.0],
                [0.460549, 0.541001, 0.703713, 0.124994, 0.665577, -0.735011, 0.129474, -0.002831, 0.587283, 0.408746, -0.698588, -1.2e-05, 0.0, 0.0, 0.0, 1.0],
                [0.462032, 0.544925, 0.699702, 0.124994, 0.660793, -0.737733, 0.138207, -0.002831, 0.591505, 0.398502, -0.70094, -1.2e-05, 0.0, 0.0, 0.0, 1.0],
                [0.463893, 0.54855, 0.695625, 0.124994, 0.655866, -0.74051, 0.146569, -0.002831, 0.595518, 0.388244, -0.703295, -1.2e-05, 0.0, 0.0, 0.0, 1.0],
                [0.466123, 0.551878, 0.69149, 0.124994, 0.650803, -0.743344, 0.154569, -0.002831, 0.599319, 0.377976, -0.705656, -1.2e-05, 0.0, 0.0, 0.0, 1.0],
                [0.468711, 0.554908, 0.687303, 0.124994, 0.645611, -0.746237, 0.162214, -0.002831, 0.602906, 0.367699, -0.708027, -1.2e-05, 0.0, 0.0, 0.0, 1.0],
                [0.471646, 0.557643, 0.683069, 0.124994, 0.640295, -0.749189, 0.169514, -0.002831, 0.606277, 0.357415, -0.71041, -1.2e-05, 0.0, 0.0, 0.0, 1.0],
                [0.474916, 0.560082, 0.678794, 0.124994, 0.63486, -0.752201, 0.176476, -0.002831, 0.609431, 0.347128, -0.712808, -1.2e-05, 0.0, 0.0, 0.0, 1.0],
                [0.478511, 0.562227, 0.674482, 0.124994, 0.629312, -0.755272, 0.183108, -0.002831, 0.612366, 0.33684, -0.715225, -1.2e-05, 0.0, 0.0, 0.0, 1.0],
                [0.482421, 0.564079, 0.670137, 0.124994, 0.623654, -0.758402, 0.18942, -0.002831, 0.615082, 0.326553, -0.717661, -1.2e-05, 0.0, 0.0, 0.0, 1.0],
                [0.486632, 0.565639, 0.665763, 0.124994, 0.61789, -0.761591, 0.195418, -0.002831, 0.617576, 0.316271, -0.720119, -1.2e-05, 0.0, 0.0, 0.0, 1.0],
                [0.491134, 0.566907, 0.661364, 0.124994, 0.612024, -0.764838, 0.201112, -0.002831, 0.619849, 0.305998, -0.722601, -1.2e-05, 0.0, 0.0, 0.0, 1.0],
                [0.495915, 0.567886, 0.656942, 0.124994, 0.60606, -0.768142, 0.206509, -0.002831, 0.621899, 0.295735, -0.725108, -1.2e-05, 0.0, 0.0, 0.0, 1.0],
                [0.500964, 0.568576, 0.652499, 0.124994, 0.600001, -0.771501, 0.211617, -0.002831, 0.623725, 0.285488, -0.727642, -1.2e-05, 0.0, 0.0, 0.0, 1.0],
                [0.506268, 0.568979, 0.648039, 0.124994, 0.59385, -0.774914, 0.216445, -0.002831, 0.625327, 0.275259, -0.730204, -1.2e-05, 0.0, 0.0, 0.0, 1.0],
                [0.511816, 0.569096, 0.643562, 0.124994, 0.587609, -0.778378, 0.220999, -0.002831, 0.626705, 0.265052, -0.732795, -1.2e-05, 0.0, 0.0, 0.0, 1.0],
                [0.517596, 0.56893, 0.639071, 0.124994, 0.581281, -0.781892, 0.225288, -0.002831, 0.627858, 0.254871, -0.735414, -1.2e-05, 0.0, 0.0, 0.0, 1.0],
                [0.523596, 0.568482, 0.634567, 0.124994, 0.574869, -0.785452, 0.22932, -0.002831, 0.628787, 0.244722, -0.738064, -1.2e-05, 0.0, 0.0, 0.0, 1.0],
                [0.529803, 0.567753, 0.63005, 0.124994, 0.568374, -0.789058, 0.233102, -0.002831, 0.629491, 0.234606, -0.740743, -1.2e-05, 0.0, 0.0, 0.0, 1.0],
                [0.536207, 0.566747, 0.625523, 0.124994, 0.561799, -0.792704, 0.236641, -0.002831, 0.629971, 0.22453, -0.743453, -1.2e-05, 0.0, 0.0, 0.0, 1.0],
                [0.542794, 0.565465, 0.620986, 0.124994, 0.555147, -0.796389, 0.239945, -0.002831, 0.630227, 0.214497, -0.746193, -1.2e-05, 0.0, 0.0, 0.0, 1.0],
                [0.549552, 0.56391, 0.616438, 0.124994, 0.548418, -0.80011, 0.243021, -0.002831, 0.630261, 0.204513, -0.748963, -1.2e-05, 0.0, 0.0, 0.0, 1.0],
                [0.556471, 0.562085, 0.611882, 0.124994, 0.541615, -0.803862, 0.245877, -0.002831, 0.630073, 0.194581, -0.751762, -1.2e-05, 0.0, 0.0, 0.0, 1.0],
                [0.563536, 0.559992, 0.607317, 0.124994, 0.534741, -0.807643, 0.248519, -0.002831, 0.629665, 0.184708, -0.754589, -1.2e-05, 0.0, 0.0, 0.0, 1.0],
                [0.570737, 0.557636, 0.602743, 0.124994, 0.527797, -0.811449, 0.250955, -0.002831, 0.629038, 0.174896, -0.757445, -1.2e-05, 0.0, 0.0, 0.0, 1.0],
                [0.578062, 0.555019, 0.598161, 0.124994, 0.520784, -0.815276, 0.253192, -0.002831, 0.628193, 0.165153, -0.760327, -1.2e-05, 0.0, 0.0, 0.0, 1.0],
                [0.585498, 0.552145, 0.593572, 0.124994, 0.513707, -0.81912, 0.255235, -0.002831, 0.627134, 0.155482, -0.763236, -1.2e-05, 0.0, 0.0, 0.0, 1.0],
                [0.593034, 0.549018, 0.588973, 0.124994, 0.506565, -0.822977, 0.257093, -0.002831, 0.625861, 0.145888, -0.766169, -1.2e-05, 0.0, 0.0, 0.0, 1.0],
                [0.600657, 0.545642, 0.584367, 0.124994, 0.499362, -0.826845, 0.258772, -0.002831, 0.624378, 0.136378, -0.769125, -1.2e-05, 0.0, 0.0, 0.0, 1.0],
                [0.608356, 0.542022, 0.579753, 0.124994, 0.492099, -0.830717, 0.260277, -0.002831, 0.622687, 0.126955, -0.772103, -1.2e-05, 0.0, 0.0, 0.0, 1.0],
                [0.61612, 0.538162, 0.575132, 0.124994, 0.48478, -0.83459, 0.261617, -0.002831, 0.620792, 0.117625, -0.775101, -1.2e-05, 0.0, 0.0, 0.0, 1.0],
                [0.623937, 0.534068, 0.570502, 0.124994, 0.477407, -0.838461, 0.262796, -0.002831, 0.618696, 0.108394, -0.778117, -1.2e-05, 0.0, 0.0, 0.0, 1.0],
                [0.631795, 0.529746, 0.565865, 0.124994, 0.469982, -0.842325, 0.263822, -0.002831, 0.616402, 0.099265, -0.78115, -1.2e-05, 0.0, 0.0, 0.0, 1.0],
                [0.639683, 0.5252, 0.561221, 0.124994, 0.462508, -0.846178, 0.2647, -0.002831, 0.613914, 0.090245, -0.784197, -1.2e-05, 0.0, 0.0, 0.0, 1.0],
                [0.647592, 0.520436, 0.55657, 0.124994, 0.454988, -0.850015, 0.265437, -0.002831, 0.611237, 0.081338, -0.787257, -1.2e-05, 0.0, 0.0, 0.0, 1.0],
                [0.655508, 0.515462, 0.551912, 0.124994, 0.447425, -0.853833, 0.266039, -0.002831, 0.608374, 0.072549, -0.790328, -1.2e-05, 0.0, 0.0, 0.0, 1.0],
                [0.663423, 0.510283, 0.547248, 0.124994, 0.439822, -0.857628, 0.266511, -0.002831, 0.605331, 0.063882, -0.793406, -1.2e-05, 0.0, 0.0, 0.0, 1.0],
                [0.671325, 0.504907, 0.542578, 0.124994, 0.432182, -0.861395, 0.266859, -0.002831, 0.602113, 0.055344, -0.79649, -1.2e-05, 0.0, 0.0, 0.0, 1.0],
                [0.679205, 0.49934, 0.537902, 0.124994, 0.42451, -0.865131, 0.267089, -0.002831, 0.598725, 0.046937, -0.799578, -1.2e-05, 0.0, 0.0, 0.0, 1.0],
                [0.687052, 0.49359, 0.533223, 0.124994, 0.416808, -0.868832, 0.267206, -0.002831, 0.595172, 0.038667, -0.802667, -1.2e-05, 0.0, 0.0, 0.0, 1.0],
                [0.694858, 0.487666, 0.528539, 0.124994, 0.40908, -0.872494, 0.267217, -0.002831, 0.59146, 0.030538, -0.805756, -1.2e-05, 0.0, 0.0, 0.0, 1.0],
                [0.702612, 0.481574, 0.523853, 0.124994, 0.401331, -0.876113, 0.267126, -0.002831, 0.587596, 0.022553, -0.80884, -1.2e-05, 0.0, 0.0, 0.0, 1.0],
                [0.710305, 0.475323, 0.519166, 0.124994, 0.393565, -0.879686, 0.266939, -0.002831, 0.583586, 0.014718, -0.811918, -1.2e-05, 0.0, 0.0, 0.0, 1.0],
                [0.71793, 0.468922, 0.514478, 0.124994, 0.385786, -0.883209, 0.26666, -0.002831, 0.579436, 0.007035, -0.814988, -1.2e-05, 0.0, 0.0, 0.0, 1.0],
                [0.725477, 0.462379, 0.509791, 0.124994, 0.377998, -0.886679, 0.266296, -0.002831, 0.575152, -0.000491, -0.818046, -1.2e-05, 0.0, 0.0, 0.0, 1.0],
                [0.732939, 0.455704, 0.505107, 0.124994, 0.370206, -0.890094, 0.265851, -0.002831, 0.570743, -0.007859, -0.821091, -1.2e-05, 0.0, 0.0, 0.0, 1.0],
                [0.740307, 0.448906, 0.500427, 0.124994, 0.362415, -0.893449, 0.26533, -0.002831, 0.566216, -0.015063, -0.82412, -1.2e-05, 0.0, 0.0, 0.0, 1.0],
                [0.747575, 0.441994, 0.495753, 0.124994, 0.354629, -0.896743, 0.264738, -0.002831, 0.561577, -0.022102, -0.827129, -1.2e-05, 0.0, 0.0, 0.0, 1.0],
                [0.754736, 0.434978, 0.491087, 0.124994, 0.346855, -0.899972, 0.264079, -0.002831, 0.556834, -0.028973, -0.830118, -1.2e-05, 0.0, 0.0, 0.0, 1.0],
                [0.761783, 0.427868, 0.486431, 0.124994, 0.339097, -0.903134, 0.263358, -0.002831, 0.551996, -0.035674, -0.833083, -1.2e-05, 0.0, 0.0, 0.0, 1.0],
                [0.768709, 0.420673, 0.481787, 0.124994, 0.33136, -0.906228, 0.26258, -0.002831, 0.54707, -0.042202, -0.836022, -1.2e-05, 0.0, 0.0, 0.0, 1.0],
                [0.77551, 0.413405, 0.477158, 0.124994, 0.323651, -0.909249, 0.261749, -0.002831, 0.542064, -0.048556, -0.838933, -1.2e-05, 0.0, 0.0, 0.0, 1.0],
                [0.782179, 0.406073, 0.472546, 0.124994, 0.315974, -0.912198, 0.260869, -0.002831, 0.536987, -0.054734, -0.841813, -1.2e-05, 0.0, 0.0, 0.0, 1.0],
                [0.788712, 0.398688, 0.467953, 0.124994, 0.308335, -0.915071, 0.259944, -0.002831, 0.531847, -0.060734, -0.84466, -1.2e-05, 0.0, 0.0, 0.0, 1.0],
                [0.795105, 0.391259, 0.463383, 0.124994, 0.300741, -0.917868, 0.258978, -0.002831, 0.526653, -0.066556, -0.847471, -1.2e-05, 0.0, 0.0, 0.0, 1.0],
                [0.801352, 0.383799, 0.458838, 0.124994, 0.293196, -0.920587, 0.257976, -0.002831, 0.521412, -0.072199, -0.850245, -1.2e-05, 0.0, 0.0, 0.0, 1.0],
                [0.80745, 0.376318, 0.454321, 0.124994, 0.285708, -0.923227, 0.25694, -0.002831, 0.516134, -0.077663, -0.85298, -1.2e-05, 0.0, 0.0, 0.0, 1.0],
                [0.813397, 0.368825, 0.449836, 0.124994, 0.278282, -0.925788, 0.255876, -0.002831, 0.510827, -0.082947, -0.855673, -1.2e-05, 0.0, 0.0, 0.0, 1.0],
                [0.819188, 0.361333, 0.445386, 0.124994, 0.270924, -0.928268, 0.254786, -0.002831, 0.505501, -0.088051, -0.858322, -1.2e-05, 0.0, 0.0, 0.0, 1.0],
                [0.824821, 0.353852, 0.440974, 0.124994, 0.26364, -0.930666, 0.253674, -0.002831, 0.500163, -0.092976, -0.860925, -1.2e-05, 0.0, 0.0, 0.0, 1.0],
                [0.830294, 0.346393, 0.436604, 0.124994, 0.256438, -0.932983, 0.252543, -0.002831, 0.494824, -0.097723, -0.863481, -1.2e-05, 0.0, 0.0, 0.0, 1.0],
                [0.835605, 0.338966, 0.432279, 0.124994, 0.249322, -0.935219, 0.251397, -0.002831, 0.489491, -0.102291, -0.865988, -1.2e-05, 0.0, 0.0, 0.0, 1.0],
                [0.840753, 0.331582, 0.428003, 0.124994, 0.2423, -0.937373, 0.250238, -0.002831, 0.484173, -0.106683, -0.868444, -1.2e-05, 0.0, 0.0, 0.0, 1.0],
                [0.845737, 0.324252, 0.423779, 0.124994, 0.235378, -0.939445, 0.249071, -0.002831, 0.47888, -0.1109, -0.870848, -1.2e-05, 0.0, 0.0, 0.0, 1.0],
                [0.850555, 0.316987, 0.419612, 0.124994, 0.228561, -0.941437, 0.247897, -0.002831, 0.473619, -0.114942, -0.873197, -1.2e-05, 0.0, 0.0, 0.0, 1.0],
                [0.855207, 0.309798, 0.415506, 0.124994, 0.221858, -0.943347, 0.246721, -0.002831, 0.4684, -0.118813, -0.875491, -1.2e-05, 0.0, 0.0, 0.0, 1.0],
                [0.859694, 0.302694, 0.411464, 0.124994, 0.215273, -0.945178, 0.245544, -0.002831, 0.463232, -0.122515, -0.877728, -1.2e-05, 0.0, 0.0, 0.0, 1.0],
                [0.864014, 0.295686, 0.407491, 0.124994, 0.208813, -0.94693, 0.244369, -0.002831, 0.458122, -0.126048, -0.879907, -1.2e-05, 0.0, 0.0, 0.0, 1.0],
                [0.868169, 0.288786, 0.40359, 0.124994, 0.202486, -0.948604, 0.2432, -0.002831, 0.45308, -0.129416, -0.882026, -1.2e-05, 0.0, 0.0, 0.0, 1.0],
                [0.872159, 0.282002, 0.399766, 0.124994, 0.196296, -0.950201, 0.242038, -0.002831, 0.448114, -0.132622, -0.884085, -1.2e-05, 0.0, 0.0, 0.0, 1.0],
                [0.875985, 0.275345, 0.396024, 0.124994, 0.190251, -0.951722, 0.240886, -0.002831, 0.443232, -0.135668, -0.886081, -1.2e-05, 0.0, 0.0, 0.0, 1.0],
                [0.879648, 0.268826, 0.392367, 0.124994, 0.184356, -0.953168, 0.239747, -0.002831, 0.438442, -0.138557, -0.888015, -1.2e-05, 0.0, 0.0, 0.0, 1.0],
                [0.883149, 0.262453, 0.388799, 0.124994, 0.178619, -0.954542, 0.238624, -0.002831, 0.433754, -0.141293, -0.889884, -1.2e-05, 0.0, 0.0, 0.0, 1.0],
                [0.88649, 0.256238, 0.385326, 0.124994, 0.173045, -0.955843, 0.237518, -0.002831, 0.429173, -0.143878, -0.891689, -1.2e-05, 0.0, 0.0, 0.0, 1.0],
                [0.889673, 0.250189, 0.381952, 0.124994, 0.167641, -0.957075, 0.236431, -0.002831, 0.42471, -0.146315, -0.893428, -1.2e-05, 0.0, 0.0, 0.0, 1.0],
