{
    "animation": [
        {
            "name": "Root",
            "time": [0.0, 0.0167, 0.0333, 0.05, 0.0667, 0.0833, 0.1, 0.1167, 0.1333, 0.15, 0.1667, 0.1833, 0.2, 0.2167, 0.2333, 0.25, 0.2667, 0.2833, 0.3, 0.3167, 0.3333, 0.35, 0.3667, 0.3833, 0.4, 0.4167, 0.4333, 0.45, 0.4667, 0.4833, 0.5, 0.5167, 0.5333, 0.55, 0.5667, 0.5833, 0.6, 0.6167, 0.6333, 0.65, 0.6667, 0.6833, 0.7, 0.7167, 0.7333, 0.75, 0.7667, 0.7833, 0.8, 0.8167, 0.8333, 0.85, 0.8667, 0.8833, 0.9, 0.9167, 0.9333, 0.95, 0.9667, 0.9833, 1.0, 1.0167, 1.0333, 1.05, 1.0667, 1.0833, 1.1, 1.1167, 1.1333, 1.15, 1.1667, 1.1833, 1.2, 1.2167, 1.2333, 1.25, 1.2667, 1.2833, 1.3, 1.3167, 1.3333, 1.35, 1.3667, 1.3833, 1.4, 1.4167, 1.4333, 1.45, 1.4667, 1.4833, 1.5, 1.5167, 1.5333, 1.55, 1.5667, 1.5833, 1.6, 1.6167, 1.6333, 1.65, 1.6667, 1.6833, 1.7, 1.7167, 1.7333, 1.75, 1.7667, 1.7833, 1.8, 1.8167, 1.8333, 1.85, 1.8667, 1.8833, 1.9, 1.9167, 1.9333, 1.95, 1.9667, 1.9833, 2.0, 2.0167, 2.0333, 2.05, 2.0667, 2.0833, 2.1, 2.1167, 2.1333, 2.15, 2.1667, 2.1833, 2.2, 2.2167, 2.2333, 2.25, 2.2667, 2.2833, 2.3, 2.3167, 2.3333, 2.35, 2.3667, 2.3833, 2.4, 2.4167, 2.4333, 2.45, 2.4667, 2.4833, 2.5, 2.5167, 2.5333, 2.55, 2.5667, 2.5833, 2.6, 2.6167, 2.6333, 2.65, 2.6667, 2.6833, 2.7, 2.7167, 2.7333, 2.75, 2.7667, 2.7833, 2.8, 2.8167, 2.8333, 2.85, 2.8667, 2.8833, 2.9, 2.9167, 2.9333, 2.95, 2.9667, 2.9833, 3.0, 3.0167, 3.0333, 3.05, 3.0667, 3.0833, 3.1, 3.1167, 3.1333, 3.15, 3.1667, 3.1833, 3.2, 3.2167, 3.2333, 3.25, 3.2667, 3.2833, 3.3, 3.3167],
            "transform": [
                [-0.632542, 0.0, -0.774526, -5e-06, -0.774526, 0.0, 0.632542, 0.000946, 0.0, 1.0, 0.0, 0.683851, 0.0, 0.0, 0.0, 1.0],
                [-0.638225, 0.0, -0.76985, -0.003117, -0.76985, 0.0, 0.638225, 0.004875, 0.0, 1.0, 0.0, 0.684767, 0.0, 0.0, 0.0, 1.0],
                [-0.654624, 0.0, -0.755955, -0.011721, -0.755955, 0.0, 0.654624, 0.01588, 0.0, 1.0, 0.0, 0.687298, 0.0, 0.0, 0.0, 1.0],
                [-0.680499, 0.0, -0.732749, -0.024719, -0.732749, 0.0, 0.680499, 0.032788, 0.0, 1.0, 0.0, 0.691122, 0.0, 0.0, 0.0, 1.0],
                [-0.714304, 0.0, -0.699836, -0.041012, -0.699836, 0.0, 0.714304, 0.054427, 0.0, 1.0, 0.0, 0.695916, 0.0, 0.0, 0.0, 1.0],
                [-0.754228, 0.0, -0.656613, -0.059501, -0.656613, 0.0, 0.754228, 0.079624, 0.0, 1.0, 0.0, 0.701356, 0.0, 0.0, 0.0, 1.0],
                [-0.798206, 0.0, -0.602385, -0.07909, -0.602385, 0.0, 0.798206, 0.107207, 0.0, 1.0, 0.0, 0.707119, 0.0, 0.0, 0.0, 1.0],
                [-0.843922, 0.0, -0.536466, -0.098678, -0.536466, 0.0, 0.843922, 0.136003, 0.0, 1.0, 0.0, 0.712882, 0.0, 0.0, 0.0, 1.0],
                [-0.888805, 0.0, -0.458285, -0.117167, -0.458285, 0.0, 0.888805, 0.164839, 0.0, 1.0, 0.0, 0.718322, 0.0, 0.0, 0.0, 1.0],
                [-0.93003, 0.0, -0.367483, -0.13346, -0.367483, 0.0, 0.93003, 0.192543, 0.0, 1.0, 0.0, 0.723115, 0.0, 0.0, 0.0, 1.0],
                [-0.964517, 0.0, -0.26402, -0.146458, -0.26402, 0.0, 0.964517, 0.217942, 0.0, 1.0, 0.0, 0.726939, 0.0, 0.0, 0.0, 1.0],
                [-0.988944, 0.0, -0.14829, -0.155062, -0.14829, 0.0, 0.988944, 0.239864, 0.0, 1.0, 0.0, 0.729471, 0.0, 0.0, 0.0, 1.0],
                [-0.999774, 0.0, -0.021249, -0.158174, -0.021249, 0.0, 0.999774, 0.257136, 0.0, 1.0, 0.0, 0.730386, 0.0, 0.0, 0.0, 1.0],
                [-0.993372, 0.0, 0.114943, -0.156101, 0.114943, 0.0, 0.993372, 0.269382, 0.0, 1.0, 0.0, 0.725258, 0.0, 0.0, 0.0, 1.0],
                [-0.96684, 0.0, 0.255383, -0.150473, 0.255383, 0.0, 0.96684, 0.279411, 0.0, 1.0, 0.0, 0.711339, 0.0, 0.0, 0.0, 1.0],
                [-0.918814, 0.0, 0.394691, -0.14218, 0.394691, 0.0, 0.918814, 0.290828, 0.0, 1.0, 0.0, 0.690827, 0.0, 0.0, 0.0, 1.0],
                [-0.84916, 0.0, 0.528136, -0.132109, 0.528136, 0.0, 0.84916, 0.307239, 0.0, 1.0, 0.0, 0.665919, 0.0, 0.0, 0.0, 1.0],
                [-0.758351, 0.0, 0.651845, -0.12115, 0.651845, 0.0, 0.758351, 0.33225, 0.0, 1.0, 0.0, 0.638814, 0.0, 0.0, 0.0, 1.0],
                [-0.646836, 0.0, 0.76263, -0.110191, 0.76263, 0.0, 0.646836, 0.369465, 0.0, 1.0, 0.0, 0.611708, 0.0, 0.0, 0.0, 1.0],
                [-0.514513, 0.0, 0.857482, -0.100121, 0.857482, 0.0, 0.514513, 0.422491, 0.0, 1.0, 0.0, 0.586801, 0.0, 0.0, 0.0, 1.0],
                [-0.360472, 0.0, 0.93277, -0.091827, 0.93277, 0.0, 0.360472, 0.494933, 0.0, 1.0, 0.0, 0.566288, 0.0, 0.0, 0.0, 1.0],
                [-0.183064, 0.0, 0.983101, -0.086199, 0.983101, 0.0, 0.183064, 0.590396, 0.0, 1.0, 0.0, 0.552369, 0.0, 0.0, 0.0, 1.0],
                [0.019371, 0.0, 0.999812, -0.084126, 0.999812, 0.0, -0.019371, 0.712485, 0.0, 1.0, 0.0, 0.547241, 0.0, 0.0, 0.0, 1.0],
                [0.35102, 0.0, 0.936368, -0.084126, 0.936368, 0.0, -0.35102, 0.920093, 0.0, 1.0, 0.0, 0.547241, 0.0, 0.0, 0.0, 1.0],
                [0.807694, 0.0, 0.589602, -0.084126, 0.589602, 0.0, -0.807694, 1.222028, 0.0, 1.0, 0.0, 0.547241, 0.0, 0.0, 0.0, 1.0],
                [0.99755, 0.0, -0.069951, -0.084126, -0.069951, 0.0, -0.99755, 1.546771, 0.0, 1.0, 0.0, 0.547241, 0.0, 0.0, 0.0, 1.0],
                [0.807483, 0.0, -0.589891, -0.084126, -0.589891, 0.0, -0.807483, 1.822803, 0.0, 1.0, 0.0, 0.547241, 0.0, 0.0, 0.0, 1.0],
                [0.612383, 0.0, -0.790561, -0.084126, -0.790561, 0.0, -0.612383, 1.978605, 0.0, 1.0, 0.0, 0.547241, 0.0, 0.0, 0.0, 1.0],
                [0.510095, 0.0, -0.860118, -0.082057, -0.860118, 0.0, -0.510095, 2.047335, 0.0, 1.0, 0.0, 0.547241, 0.0, 0.0, 0.0, 1.0],
                [0.407696, 0.0, -0.913118, -0.076097, -0.913118, 0.0, -0.407696, 2.110015, 0.0, 1.0, 0.0, 0.547241, 0.0, 0.0, 0.0, 1.0],
                [0.305459, 0.0, -0.952205, -0.066617, -0.952205, 0.0, -0.305459, 2.166929, 0.0, 1.0, 0.0, 0.547241, 0.0, 0.0, 0.0, 1.0],
                [0.203424, 0.0, -0.979091, -0.053987, -0.979091, 0.0, -0.203424, 2.218358, 0.0, 1.0, 0.0, 0.547241, 0.0, 0.0, 0.0, 1.0],
                [0.101626, 0.0, -0.994823, -0.038578, -0.994823, 0.0, -0.101626, 2.264587, 0.0, 1.0, 0.0, 0.547241, 0.0, 0.0, 0.0, 1.0],
                [0.000215, 0.0, -1.0, -0.02076, -1.0, 0.0, -0.000215, 2.305897, 0.0, 1.0, 0.0, 0.547241, 0.0, 0.0, 0.0, 1.0],
                [-0.100467, 0.0, -0.99494, -0.000904, -0.99494, 0.0, 0.100467, 2.34257, 0.0, 1.0, 0.0, 0.547241, 0.0, 0.0, 0.0, 1.0],
                [-0.199855, 0.0, -0.979826, 0.020619, -0.979826, 0.0, 0.199855, 2.37489, 0.0, 1.0, 0.0, 0.547241, 0.0, 0.0, 0.0, 1.0],
                [-0.297145, 0.0, -0.954832, 0.043439, -0.954832, 0.0, 0.297145, 2.40314, 0.0, 1.0, 0.0, 0.547241, 0.0, 0.0, 0.0, 1.0],
                [-0.391318, 0.0, -0.920255, 0.067186, -0.920255, 0.0, 0.391318, 2.427601, 0.0, 1.0, 0.0, 0.547241, 0.0, 0.0, 0.0, 1.0],
                [-0.481189, 0.0, -0.876617, 0.091488, -0.876617, 0.0, 0.481189, 2.448556, 0.0, 1.0, 0.0, 0.547241, 0.0, 0.0, 0.0, 1.0],
                [-0.565486, 0.0, -0.824758, 0.115976, -0.824758, 0.0, 0.565486, 2.466288, 0.0, 1.0, 0.0, 0.547241, 0.0, 0.0, 0.0, 1.0],
                [-0.642959, 0.0, -0.7659, 0.140279, -0.7659, 0.0, 0.642959, 2.48108, 0.0, 1.0, 0.0, 0.547241, 0.0, 0.0, 0.0, 1.0],
                [-0.712503, 0.0, -0.70167, 0.164026, -0.70167, 0.0, 0.712503, 2.493213, 0.0, 1.0, 0.0, 0.547241, 0.0, 0.0, 0.0, 1.0],
                [-0.773278, 0.0, -0.634067, 0.186846, -0.634067, 0.0, 0.773278, 2.502972, 0.0, 1.0, 0.0, 0.547241, 0.0, 0.0, 0.0, 1.0],
                [-0.824816, 0.0, -0.565402, 0.208369, -0.565402, 0.0, 0.824816, 2.510638, 0.0, 1.0, 0.0, 0.547241, 0.0, 0.0, 0.0, 1.0],
                [-0.867072, 0.0, -0.498182, 0.228225, -0.498182, 0.0, 0.867072, 2.516494, 0.0, 1.0, 0.0, 0.547241, 0.0, 0.0, 0.0, 1.0],
                [-0.900432, 0.0, -0.434996, 0.246043, -0.434996, 0.0, 0.900432, 2.520821, 0.0, 1.0, 0.0, 0.547241, 0.0, 0.0, 0.0, 1.0],
                [-0.925644, 0.0, -0.378395, 0.261452, -0.378395, 0.0, 0.925644, 2.523905, 0.0, 1.0, 0.0, 0.547241, 0.0, 0.0, 0.0, 1.0],
                [-0.943701, 0.0, -0.3308, 0.274082, -0.3308, 0.0, 0.943701, 2.526025, 0.0, 1.0, 0.0, 0.547241, 0.0, 0.0, 0.0, 1.0],
                [-0.955669, 0.0, -0.294444, 0.283562, -0.294444, 0.0, 0.955669, 2.527466, 0.0, 1.0, 0.0, 0.547241, 0.0, 0.0, 0.0, 1.0],
                [-0.962482, 0.0, -0.271345, 0.289522, -0.271345, 0.0, 0.962482, 2.52851, 0.0, 1.0, 0.0, 0.547241, 0.0, 0.0, 0.0, 1.0],
                [-0.964717, 0.0, -0.26329, 0.291591, -0.26329, 0.0, 0.964717, 2.52944, 0.0, 1.0, 0.0, 0.547241, 0.0, 0.0, 0.0, 1.0],
                [-0.964647, 0.0, -0.263548, 0.291552, -0.263548, 0.0, 0.964647, 2.53049, 0.0, 1.0, 0.0, 0.547268, 0.0, 0.0, 0.0, 1.0],
                [-0.964436, 0.0, -0.264315, 0.291435, -0.264315, 0.0, 0.964436, 2.531706, 0.0, 1.0, 0.0, 0.54735, 0.0, 0.0, 0.0, 1.0],
                [-0.964088, 0.0, -0.265586, 0.291241, -0.265586, 0.0, 0.964088, 2.533085, 0.0, 1.0, 0.0, 0.547485, 0.0, 0.0, 0.0, 1.0],
                [-0.963598, 0.0, -0.267356, 0.290972, -0.267356, 0.0, 0.963598, 2.534625, 0.0, 1.0, 0.0, 0.547672, 0.0, 0.0, 0.0, 1.0],
                [-0.962967, 0.0, -0.269618, 0.290628, -0.269618, 0.0, 0.962967, 2.536323, 0.0, 1.0, 0.0, 0.547911, 0.0, 0.0, 0.0, 1.0],
                [-0.962193, 0.0, -0.272369, 0.29021, -0.272369, 0.0, 0.962193, 2.538178, 0.0, 1.0, 0.0, 0.548202, 0.0, 0.0, 0.0, 1.0],
                [-0.961272, 0.0, -0.275602, 0.289721, -0.275602, 0.0, 0.961272, 2.540188, 0.0, 1.0, 0.0, 0.548543, 0.0, 0.0, 0.0, 1.0],
                [-0.960199, 0.0, -0.279315, 0.289159, -0.279315, 0.0, 0.960199, 2.542348, 0.0, 1.0, 0.0, 0.548934, 0.0, 0.0, 0.0, 1.0],
                [-0.958972, 0.0, -0.283503, 0.288528, -0.283503, 0.0, 0.958972, 2.544659, 0.0, 1.0, 0.0, 0.549373, 0.0, 0.0, 0.0, 1.0],
                [-0.957582, 0.0, -0.288162, 0.287827, -0.288162, 0.0, 0.957582, 2.547116, 0.0, 1.0, 0.0, 0.549861, 0.0, 0.0, 0.0, 1.0],
                [-0.956024, 0.0, -0.29329, 0.287058, -0.29329, 0.0, 0.956024, 2.549717, 0.0, 1.0, 0.0, 0.550396, 0.0, 0.0, 0.0, 1.0],
                [-0.95429, 0.0, -0.298882, 0.286221, -0.298882, 0.0, 0.95429, 2.552461, 0.0, 1.0, 0.0, 0.550978, 0.0, 0.0, 0.0, 1.0],
                [-0.952373, 0.0, -0.304935, 0.285319, -0.304935, 0.0, 0.952373, 2.555345, 0.0, 1.0, 0.0, 0.551606, 0.0, 0.0, 0.0, 1.0],
                [-0.950264, 0.0, -0.311448, 0.284352, -0.311448, 0.0, 0.950264, 2.558367, 0.0, 1.0, 0.0, 0.55228, 0.0, 0.0, 0.0, 1.0],
                [-0.947951, 0.0, -0.318415, 0.28332, -0.318415, 0.0, 0.947951, 2.561523, 0.0, 1.0, 0.0, 0.552998, 0.0, 0.0, 0.0, 1.0],
                [-0.945426, 0.0, -0.325836, 0.282226, -0.325836, 0.0, 0.945426, 2.564813, 0.0, 1.0, 0.0, 0.553759, 0.0, 0.0, 0.0, 1.0],
                [-0.942677, 0.0, -0.333706, 0.28107, -0.333706, 0.0, 0.942677, 2.568233, 0.0, 1.0, 0.0, 0.554564, 0.0, 0.0, 0.0, 1.0],
                [-0.939692, 0.0, -0.342023, 0.279852, -0.342023, 0.0, 0.939692, 2.571782, 0.0, 1.0, 0.0, 0.555411, 0.0, 0.0, 0.0, 1.0],
                [-0.936457, 0.0, -0.350783, 0.278576, -0.350783, 0.0, 0.936457, 2.575456, 0.0, 1.0, 0.0, 0.5563, 0.0, 0.0, 0.0, 1.0],
                [-0.932959, 0.0, -0.359983, 0.27724, -0.359983, 0.0, 0.932959, 2.579254, 0.0, 1.0, 0.0, 0.55723, 0.0, 0.0, 0.0, 1.0],
                [-0.929183, 0.0, -0.369619, 0.275847, -0.369619, 0.0, 0.929183, 2.583173, 0.0, 1.0, 0.0, 0.558199, 0.0, 0.0, 0.0, 1.0],
                [-0.925115, 0.0, -0.379688, 0.274397, -0.379688, 0.0, 0.925115, 2.587211, 0.0, 1.0, 0.0, 0.559208, 0.0, 0.0, 0.0, 1.0],
                [-0.920737, 0.0, -0.390184, 0.272892, -0.390184, 0.0, 0.920737, 2.591365, 0.0, 1.0, 0.0, 0.560256, 0.0, 0.0, 0.0, 1.0],
                [-0.916033, 0.0, -0.401103, 0.271332, -0.401103, 0.0, 0.916033, 2.595634, 0.0, 1.0, 0.0, 0.561342, 0.0, 0.0, 0.0, 1.0],
                [-0.910986, 0.0, -0.412439, 0.269719, -0.412439, 0.0, 0.910986, 2.600015, 0.0, 1.0, 0.0, 0.562465, 0.0, 0.0, 0.0, 1.0],
                [-0.905575, 0.0, -0.424186, 0.268053, -0.424186, 0.0, 0.905575, 2.604505, 0.0, 1.0, 0.0, 0.563624, 0.0, 0.0, 0.0, 1.0],
                [-0.899783, 0.0, -0.436338, 0.266336, -0.436338, 0.0, 0.899783, 2.609102, 0.0, 1.0, 0.0, 0.564819, 0.0, 0.0, 0.0, 1.0],
                [-0.893589, 0.0, -0.448886, 0.264569, -0.448886, 0.0, 0.893589, 2.613804, 0.0, 1.0, 0.0, 0.566049, 0.0, 0.0, 0.0, 1.0],
                [-0.886972, 0.0, -0.461822, 0.262753, -0.461822, 0.0, 0.886972, 2.618608, 0.0, 1.0, 0.0, 0.567313, 0.0, 0.0, 0.0, 1.0],
                [-0.879912, 0.0, -0.475137, 0.260888, -0.475137, 0.0, 0.879912, 2.623513, 0.0, 1.0, 0.0, 0.568611, 0.0, 0.0, 0.0, 1.0],
                [-0.872385, 0.0, -0.488819, 0.258977, -0.488819, 0.0, 0.872385, 2.628515, 0.0, 1.0, 0.0, 0.569941, 0.0, 0.0, 0.0, 1.0],
                [-0.86437, 0.0, -0.502857, 0.257019, -0.502857, 0.0, 0.86437, 2.633613, 0.0, 1.0, 0.0, 0.571304, 0.0, 0.0, 0.0, 1.0],
                [-0.855842, 0.0, -0.517237, 0.255017, -0.517237, 0.0, 0.855842, 2.638803, 0.0, 1.0, 0.0, 0.572697, 0.0, 0.0, 0.0, 1.0],
                [-0.846779, 0.0, -0.531946, 0.25297, -0.531946, 0.0, 0.846779, 2.644085, 0.0, 1.0, 0.0, 0.574122, 0.0, 0.0, 0.0, 1.0],
                [-0.837155, 0.0, -0.546966, 0.250881, -0.546966, 0.0, 0.837155, 2.649455, 0.0, 1.0, 0.0, 0.575576, 0.0, 0.0, 0.0, 1.0],
                [-0.826947, 0.0, -0.56228, 0.24875, -0.56228, 0.0, 0.826947, 2.654911, 0.0, 1.0, 0.0, 0.577059, 0.0, 0.0, 0.0, 1.0],
                [-0.81613, 0.0, -0.577868, 0.246578, -0.577868, 0.0, 0.81613, 2.66045, 0.0, 1.0, 0.0, 0.578571, 0.0, 0.0, 0.0, 1.0],
                [-0.804679, 0.0, -0.59371, 0.244367, -0.59371, 0.0, 0.804679, 2.666071, 0.0, 1.0, 0.0, 0.58011, 0.0, 0.0, 0.0, 1.0],
                [-0.79257, 0.0, -0.609781, 0.242117, -0.609781, 0.0, 0.79257, 2.671771, 0.0, 1.0, 0.0, 0.581676, 0.0, 0.0, 0.0, 1.0],
                [-0.779777, 0.0, -0.626057, 0.239829, -0.626057, 0.0, 0.779777, 2.677548, 0.0, 1.0, 0.0, 0.583268, 0.0, 0.0, 0.0, 1.0],
                [-0.766277, 0.0, -0.64251, 0.237505, -0.64251, 0.0, 0.766277, 2.683399, 0.0, 1.0, 0.0, 0.584886, 0.0, 0.0, 0.0, 1.0],
                [-0.752047, 0.0, -0.65911, 0.235146, -0.65911, 0.0, 0.752047, 2.689322, 0.0, 1.0, 0.0, 0.586528, 0.0, 0.0, 0.0, 1.0],
                [-0.737063, 0.0, -0.675825, 0.232752, -0.675825, 0.0, 0.737063, 2.695315, 0.0, 1.0, 0.0, 0.588194, 0.0, 0.0, 0.0, 1.0],
                [-0.721302, 0.0, -0.69262, 0.230325, -0.69262, 0.0, 0.721302, 2.701375, 0.0, 1.0, 0.0, 0.589884, 0.0, 0.0, 0.0, 1.0],
                [-0.704745, 0.0, -0.70946, 0.227865, -0.70946, 0.0, 0.704745, 2.7075, 0.0, 1.0, 0.0, 0.591595, 0.0, 0.0, 0.0, 1.0],
                [-0.687372, 0.0, -0.726306, 0.225374, -0.726306, 0.0, 0.687372, 2.713688, 0.0, 1.0, 0.0, 0.593329, 0.0, 0.0, 0.0, 1.0],
                [-0.669164, 0.0, -0.743114, 0.222854, -0.743114, 0.0, 0.669164, 2.719936, 0.0, 1.0, 0.0, 0.595084, 0.0, 0.0, 0.0, 1.0],
                [-0.650107, 0.0, -0.759843, 0.220304, -0.759843, 0.0, 0.650107, 2.726242, 0.0, 1.0, 0.0, 0.596858, 0.0, 0.0, 0.0, 1.0],
                [-0.630185, 0.0, -0.776445, 0.217726, -0.776445, 0.0, 0.630185, 2.732603, 0.0, 1.0, 0.0, 0.598653, 0.0, 0.0, 0.0, 1.0],
                [-0.609389, 0.0, -0.792872, 0.215121, -0.792872, 0.0, 0.609389, 2.739018, 0.0, 1.0, 0.0, 0.600466, 0.0, 0.0, 0.0, 1.0],
                [-0.587708, 0.0, -0.809073, 0.21249, -0.809073, 0.0, 0.587708, 2.745484, 0.0, 1.0, 0.0, 0.602297, 0.0, 0.0, 0.0, 1.0],
                [-0.565137, 0.0, -0.824996, 0.209834, -0.824996, 0.0, 0.565137, 2.751998, 0.0, 1.0, 0.0, 0.604145, 0.0, 0.0, 0.0, 1.0],
                [-0.541676, 0.0, -0.840588, 0.207155, -0.840588, 0.0, 0.541676, 2.758558, 0.0, 1.0, 0.0, 0.60601, 0.0, 0.0, 0.0, 1.0],
                [-0.517323, 0.0, -0.85579, 0.204453, -0.85579, 0.0, 0.517323, 2.765163, 0.0, 1.0, 0.0, 0.607891, 0.0, 0.0, 0.0, 1.0],
                [-0.492087, 0.0, -0.870546, 0.201729, -0.870546, 0.0, 0.492087, 2.771809, 0.0, 1.0, 0.0, 0.609787, 0.0, 0.0, 0.0, 1.0],
                [-0.465975, 0.0, -0.884798, 0.198984, -0.884798, 0.0, 0.465975, 2.778494, 0.0, 1.0, 0.0, 0.611697, 0.0, 0.0, 0.0, 1.0],
                [-0.439, 0.0, -0.898487, 0.19622, -0.898487, 0.0, 0.439, 2.785216, 0.0, 1.0, 0.0, 0.613621, 0.0, 0.0, 0.0, 1.0],
                [-0.411181, 0.0, -0.911554, 0.193437, -0.911554, 0.0, 0.411181, 2.791972, 0.0, 1.0, 0.0, 0.615558, 0.0, 0.0, 0.0, 1.0],
                [-0.382543, 0.0, -0.923938, 0.190637, -0.923938, 0.0, 0.382543, 2.798761, 0.0, 1.0, 0.0, 0.617507, 0.0, 0.0, 0.0, 1.0],
                [-0.353111, 0.0, -0.935581, 0.187821, -0.935581, 0.0, 0.353111, 2.805579, 0.0, 1.0, 0.0, 0.619467, 0.0, 0.0, 0.0, 1.0],
                [-0.32292, 0.0, -0.946426, 0.184989, -0.946426, 0.0, 0.32292, 2.812425, 0.0, 1.0, 0.0, 0.621438, 0.0, 0.0, 0.0, 1.0],
                [-0.292007, 0.0, -0.956416, 0.182143, -0.956416, 0.0, 0.292007, 2.819297, 0.0, 1.0, 0.0, 0.623419, 0.0, 0.0, 0.0, 1.0],
                [-0.260414, 0.0, -0.965497, 0.179284, -0.965497, 0.0, 0.260414, 2.82619, 0.0, 1.0, 0.0, 0.625409, 0.0, 0.0, 0.0, 1.0],
                [-0.22819, 0.0, -0.973617, 0.176412, -0.973617, 0.0, 0.22819, 2.833105, 0.0, 1.0, 0.0, 0.627408, 0.0, 0.0, 0.0, 1.0],
                [-0.195386, 0.0, -0.980726, 0.173529, -0.980726, 0.0, 0.195386, 2.840037, 0.0, 1.0, 0.0, 0.629414, 0.0, 0.0, 0.0, 1.0],
                [-0.16206, 0.0, -0.986781, 0.170637, -0.986781, 0.0, 0.16206, 2.846986, 0.0, 1.0, 0.0, 0.631427, 0.0, 0.0, 0.0, 1.0],
                [-0.128272, 0.0, -0.991739, 0.167735, -0.991739, 0.0, 0.128272, 2.853947, 0.0, 1.0, 0.0, 0.633447, 0.0, 0.0, 0.0, 1.0],
                [-0.094087, 0.0, -0.995564, 0.164826, -0.995564, 0.0, 0.094087, 2.86092, 0.0, 1.0, 0.0, 0.635472, 0.0, 0.0, 0.0, 1.0],
                [-0.059574, 0.0, -0.998224, 0.161909, -0.998224, 0.0, 0.059574, 2.867901, 0.0, 1.0, 0.0, 0.637502, 0.0, 0.0, 0.0, 1.0],
                [-0.024804, 0.0, -0.999692, 0.158987, -0.999692, 0.0, 0.024804, 2.874889, 0.0, 1.0, 0.0, 0.639536, 0.0, 0.0, 0.0, 1.0],
                [0.010149, 0.0, -0.999948, 0.15606, -0.999948, 0.0, -0.010149, 2.881881, 0.0, 1.0, 0.0, 0.641573, 0.0, 0.0, 0.0, 1.0],
                [0.04521, 0.0, -0.998978, 0.153129, -0.998978, 0.0, -0.04521, 2.888875, 0.0, 1.0, 0.0, 0.643613, 0.0, 0.0, 0.0, 1.0],
                [0.0803, 0.0, -0.996771, 0.150196, -0.996771, 0.0, -0.0803, 2.895868, 0.0, 1.0, 0.0, 0.645655, 0.0, 0.0, 0.0, 1.0],
                [0.115343, 0.0, -0.993326, 0.147261, -0.993326, 0.0, -0.115343, 2.902858, 0.0, 1.0, 0.0, 0.647698, 0.0, 0.0, 0.0, 1.0],
                [0.150259, 0.0, -0.988647, 0.144325, -0.988647, 0.0, -0.150259, 2.909843, 0.0, 1.0, 0.0, 0.649741, 0.0, 0.0, 0.0, 1.0],
                [0.184973, 0.0, -0.982744, 0.14139, -0.982744, 0.0, -0.184973, 2.91682, 0.0, 1.0, 0.0, 0.651783, 0.0, 0.0, 0.0, 1.0],
                [0.219406, 0.0, -0.975634, 0.138457, -0.975634, 0.0, -0.219406, 2.923787, 0.0, 1.0, 0.0, 0.653825, 0.0, 0.0, 0.0, 1.0],
                [0.253485, 0.0, -0.967339, 0.135526, -0.967339, 0.0, -0.253485, 2.930742, 0.0, 1.0, 0.0, 0.655865, 0.0, 0.0, 0.0, 1.0],
                [0.287138, 0.0, -0.957889, 0.132599, -0.957889, 0.0, -0.287138, 2.937682, 0.0, 1.0, 0.0, 0.657902, 0.0, 0.0, 0.0, 1.0],
                [0.320294, 0.0, -0.947318, 0.129677, -0.947318, 0.0, -0.320294, 2.944605, 0.0, 1.0, 0.0, 0.659936, 0.0, 0.0, 0.0, 1.0],
                [0.352889, 0.0, -0.935665, 0.126761, -0.935665, 0.0, -0.352889, 2.951509, 0.0, 1.0, 0.0, 0.661966, 0.0, 0.0, 0.0, 1.0],
                [0.384861, 0.0, -0.922975, 0.123851, -0.922975, 0.0, -0.384861, 2.958391, 0.0, 1.0, 0.0, 0.663991, 0.0, 0.0, 0.0, 1.0],
                [0.416151, 0.0, -0.909295, 0.120949, -0.909295, 0.0, -0.416151, 2.965249, 0.0, 1.0, 0.0, 0.666011, 0.0, 0.0, 0.0, 1.0],
                [0.446708, 0.0, -0.89468, 0.118057, -0.89468, 0.0, -0.446708, 2.97208, 0.0, 1.0, 0.0, 0.668024, 0.0, 0.0, 0.0, 1.0],
                [0.476482, 0.0, -0.879184, 0.115174, -0.879184, 0.0, -0.476482, 2.978883, 0.0, 1.0, 0.0, 0.67003, 0.0, 0.0, 0.0, 1.0],
                [0.505431, 0.0, -0.862867, 0.112303, -0.862867, 0.0, -0.505431, 2.985655, 0.0, 1.0, 0.0, 0.672029, 0.0, 0.0, 0.0, 1.0],
                [0.533519, 0.0, -0.845788, 0.109443, -0.845788, 0.0, -0.533519, 2.992393, 0.0, 1.0, 0.0, 0.674019, 0.0, 0.0, 0.0, 1.0],
                [0.560711, 0.0, -0.828012, 0.106597, -0.828012, 0.0, -0.560711, 2.999095, 0.0, 1.0, 0.0, 0.676, 0.0, 0.0, 0.0, 1.0],
                [0.586981, 0.0, -0.8096, 0.103765, -0.8096, 0.0, -0.586981, 3.00576, 0.0, 1.0, 0.0, 0.677971, 0.0, 0.0, 0.0, 1.0],
                [0.612309, 0.0, -0.790619, 0.100949, -0.790619, 0.0, -0.612309, 3.012383, 0.0, 1.0, 0.0, 0.679931, 0.0, 0.0, 0.0, 1.0],
                [0.636676, 0.0, -0.771131, 0.098149, -0.771131, 0.0, -0.636676, 3.018965, 0.0, 1.0, 0.0, 0.68188, 0.0, 0.0, 0.0, 1.0],
                [0.660073, 0.0, -0.751202, 0.095366, -0.751202, 0.0, -0.660073, 3.025501, 0.0, 1.0, 0.0, 0.683817, 0.0, 0.0, 0.0, 1.0],
                [0.682491, 0.0, -0.730894, 0.092602, -0.730894, 0.0, -0.682491, 3.031989, 0.0, 1.0, 0.0, 0.685741, 0.0, 0.0, 0.0, 1.0],
                [0.70393, 0.0, -0.710269, 0.089858, -0.710269, 0.0, -0.70393, 3.038428, 0.0, 1.0, 0.0, 0.687651, 0.0, 0.0, 0.0, 1.0],
                [0.724392, 0.0, -0.689388, 0.087134, -0.689388, 0.0, -0.724392, 3.044814, 0.0, 1.0, 0.0, 0.689547, 0.0, 0.0, 0.0, 1.0],
                [0.743882, 0.0, -0.668311, 0.084431, -0.668311, 0.0, -0.743882, 3.051147, 0.0, 1.0, 0.0, 0.691428, 0.0, 0.0, 0.0, 1.0],
                [0.762411, 0.0, -0.647093, 0.081752, -0.647093, 0.0, -0.762411, 3.057422, 0.0, 1.0, 0.0, 0.693293, 0.0, 0.0, 0.0, 1.0],
                [0.779992, 0.0, -0.625789, 0.079096, -0.625789, 0.0, -0.779992, 3.063637, 0.0, 1.0, 0.0, 0.695141, 0.0, 0.0, 0.0, 1.0],
                [0.796642, 0.0, -0.604451, 0.076465, -0.604451, 0.0, -0.796642, 3.069792, 0.0, 1.0, 0.0, 0.696972, 0.0, 0.0, 0.0, 1.0],
                [0.81238, 0.0, -0.583128, 0.073861, -0.583128, 0.0, -0.81238, 3.075882, 0.0, 1.0, 0.0, 0.698785, 0.0, 0.0, 0.0, 1.0],
                [0.827228, 0.0, -0.561867, 0.071283, -0.561867, 0.0, -0.827228, 3.081907, 0.0, 1.0, 0.0, 0.70058, 0.0, 0.0, 0.0, 1.0],
                [0.841209, 0.0, -0.540711, 0.068733, -0.540711, 0.0, -0.841209, 3.087862, 0.0, 1.0, 0.0, 0.702355, 0.0, 0.0, 0.0, 1.0],
                [0.854348, 0.0, -0.519701, 0.066212, -0.519701, 0.0, -0.854348, 3.093747, 0.0, 1.0, 0.0, 0.704109, 0.0, 0.0, 0.0, 1.0],
                [0.866673, 0.0, -0.498876, 0.063721, -0.498876, 0.0, -0.866673, 3.099559, 0.0, 1.0, 0.0, 0.705843, 0.0, 0.0, 0.0, 1.0],
                [0.878212, 0.0, -0.478271, 0.061262, -0.478271, 0.0, -0.878212, 3.105294, 0.0, 1.0, 0.0, 0.707555, 0.0, 0.0, 0.0, 1.0],
                [0.888995, 0.0, -0.457918, 0.058834, -0.457918, 0.0, -0.888995, 3.110952, 0.0, 1.0, 0.0, 0.709244, 0.0, 0.0, 0.0, 1.0],
                [0.899049, 0.0, -0.437848, 0.056441, -0.437848, 0.0, -0.899049, 3.11653, 0.0, 1.0, 0.0, 0.71091, 0.0, 0.0, 0.0, 1.0],
                [0.908407, 0.0, -0.418087, 0.054081, -0.418087, 0.0, -0.908407, 3.122025, 0.0, 1.0, 0.0, 0.712552, 0.0, 0.0, 0.0, 1.0],
                [0.917099, 0.0, -0.39866, 0.051757, -0.39866, 0.0, -0.917099, 3.127436, 0.0, 1.0, 0.0, 0.71417, 0.0, 0.0, 0.0, 1.0],
                [0.925155, 0.0, -0.379591, 0.049469, -0.379591, 0.0, -0.925155, 3.132758, 0.0, 1.0, 0.0, 0.715762, 0.0, 0.0, 0.0, 1.0],
                [0.932605, 0.0, -0.360898, 0.047219, -0.360898, 0.0, -0.932605, 3.137991, 0.0, 1.0, 0.0, 0.717328, 0.0, 0.0, 0.0, 1.0],
                [0.939481, 0.0, -0.3426, 0.045008, -0.3426, 0.0, -0.939481, 3.143132, 0.0, 1.0, 0.0, 0.718867, 0.0, 0.0, 0.0, 1.0],
                [0.945812, 0.0, -0.324714, 0.042836, -0.324714, 0.0, -0.945812, 3.14818, 0.0, 1.0, 0.0, 0.720379, 0.0, 0.0, 0.0, 1.0],
                [0.951628, 0.0, -0.307252, 0.040705, -0.307252, 0.0, -0.951628, 3.153129, 0.0, 1.0, 0.0, 0.721862, 0.0, 0.0, 0.0, 1.0],
                [0.956957, 0.0, -0.290228, 0.038616, -0.290228, 0.0, -0.956957, 3.15798, 0.0, 1.0, 0.0, 0.723316, 0.0, 0.0, 0.0, 1.0],
                [0.961829, 0.0, -0.273653, 0.03657, -0.273653, 0.0, -0.961829, 3.16273, 0.0, 1.0, 0.0, 0.724741, 0.0, 0.0, 0.0, 1.0],
                [0.966269, 0.0, -0.257534, 0.034567, -0.257534, 0.0, -0.966269, 3.167376, 0.0, 1.0, 0.0, 0.726134, 0.0, 0.0, 0.0, 1.0],
                [0.970306, 0.0, -0.241881, 0.03261, -0.241881, 0.0, -0.970306, 3.171916, 0.0, 1.0, 0.0, 0.727497, 0.0, 0.0, 0.0, 1.0],
                [0.973965, 0.0, -0.2267, 0.030698, -0.2267, 0.0, -0.973965, 3.176347, 0.0, 1.0, 0.0, 0.728827, 0.0, 0.0, 0.0, 1.0],
                [0.97727, 0.0, -0.211996, 0.028834, -0.211996, 0.0, -0.97727, 3.180668, 0.0, 1.0, 0.0, 0.730125, 0.0, 0.0, 0.0, 1.0],
                [0.980247, 0.0, -0.197775, 0.027017, -0.197775, 0.0, -0.980247, 3.184876, 0.0, 1.0, 0.0, 0.731389, 0.0, 0.0, 0.0, 1.0],
                [0.982919, 0.0, -0.184039, 0.02525, -0.184039, 0.0, -0.982919, 3.188968, 0.0, 1.0, 0.0, 0.732619, 0.0, 0.0, 0.0, 1.0],
                [0.985307, 0.0, -0.170791, 0.023533, -0.170791, 0.0, -0.985307, 3.192943, 0.0, 1.0, 0.0, 0.733814, 0.0, 0.0, 0.0, 1.0],
                [0.987434, 0.0, -0.158033, 0.021868, -0.158033, 0.0, -0.987434, 3.196797, 0.0, 1.0, 0.0, 0.734974, 0.0, 0.0, 0.0, 1.0],
                [0.989319, 0.0, -0.145768, 0.020254, -0.145768, 0.0, -0.989319, 3.200529, 0.0, 1.0, 0.0, 0.736096, 0.0, 0.0, 0.0, 1.0],
                [0.990982, 0.0, -0.133996, 0.018695, -0.133996, 0.0, -0.990982, 3.204136, 0.0, 1.0, 0.0, 0.737182, 0.0, 0.0, 0.0, 1.0],
                [0.992442, 0.0, -0.122717, 0.017189, -0.122717, 0.0, -0.992442, 3.207616, 0.0, 1.0, 0.0, 0.73823, 0.0, 0.0, 0.0, 1.0],
                [0.993716, 0.0, -0.111933, 0.015739, -0.111933, 0.0, -0.993716, 3.210967, 0.0, 1.0, 0.0, 0.739239, 0.0, 0.0, 0.0, 1.0],
                [0.994821, 0.0, -0.101643, 0.014346, -0.101643, 0.0, -0.994821, 3.214185, 0.0, 1.0, 0.0, 0.740209, 0.0, 0.0, 0.0, 1.0],
                [0.995773, 0.0, -0.091846, 0.013011, -0.091846, 0.0, -0.995773, 3.21727, 0.0, 1.0, 0.0, 0.741138, 0.0, 0.0, 0.0, 1.0],
                [0.996587, 0.0, -0.082543, 0.011734, -0.082543, 0.0, -0.996587, 3.220218, 0.0, 1.0, 0.0, 0.742027, 0.0, 0.0, 0.0, 1.0],
                [0.997278, 0.0, -0.073734, 0.010517, -0.073734, 0.0, -0.997278, 3.223027, 0.0, 1.0, 0.0, 0.742874, 0.0, 0.0, 0.0, 1.0],
                [0.997858, 0.0, -0.065418, 0.00936, -0.065418, 0.0, -0.997858, 3.225695, 0.0, 1.0, 0.0, 0.743679, 0.0, 0.0, 0.0, 1.0],
                [0.99834, 0.0, -0.057594, 0.008266, -0.057594, 0.0, -0.99834, 3.22822, 0.0, 1.0, 0.0, 0.74444, 0.0, 0.0, 0.0, 1.0],
                [0.998736, 0.0, -0.050263, 0.007235, -0.050263, 0.0, -0.998736, 3.230598, 0.0, 1.0, 0.0, 0.745158, 0.0, 0.0, 0.0, 1.0],
                [0.999057, 0.0, -0.043426, 0.006267, -0.043426, 0.0, -0.999057, 3.232828, 0.0, 1.0, 0.0, 0.745832, 0.0, 0.0, 0.0, 1.0],
                [0.999312, 0.0, -0.037081, 0.005365, -0.037081, 0.0, -0.999312, 3.234908, 0.0, 1.0, 0.0, 0.74646, 0.0, 0.0, 0.0, 1.0],
                [0.999512, 0.0, -0.03123, 0.004529, -0.03123, 0.0, -0.999512, 3.236835, 0.0, 1.0, 0.0, 0.747042, 0.0, 0.0, 0.0, 1.0],
                [0.999665, 0.0, -0.025873, 0.003759, -0.025873, 0.0, -0.999665, 3.238606, 0.0, 1.0, 0.0, 0.747577, 0.0, 0.0, 0.0, 1.0],
                [0.999779, 0.0, -0.021012, 0.003059, -0.021012, 0.0, -0.999779, 3.24022, 0.0, 1.0, 0.0, 0.748065, 0.0, 0.0, 0.0, 1.0],
                [0.999861, 0.0, -0.016649, 0.002427, -0.016649, 0.0, -0.999861, 3.241675, 0.0, 1.0, 0.0, 0.748505, 0.0, 0.0, 0.0, 1.0],
                [0.999918, 0.0, -0.012785, 0.001866, -0.012785, 0.0, -0.999918, 3.242966, 0.0, 1.0, 0.0, 0.748895, 0.0, 0.0, 0.0, 1.0],
                [0.999956, 0.0, -0.009423, 0.001376, -0.009423, 0.0, -0.999956, 3.244093, 0.0, 1.0, 0.0, 0.749236, 0.0, 0.0, 0.0, 1.0],
                [0.999978, 0.0, -0.006566, 0.000958, -0.006566, 0.0, -0.999978, 3.245053, 0.0, 1.0, 0.0, 0.749527, 0.0, 0.0, 0.0, 1.0],
                [0.999991, 0.0, -0.004217, 0.000615, -0.004217, 0.0, -0.999991, 3.245844, 0.0, 1.0, 0.0, 0.749766, 0.0, 0.0, 0.0, 1.0],
                [0.999997, 0.0, -0.002381, 0.000345, -0.002381, 0.0, -0.999997, 3.246463, 0.0, 1.0, 0.0, 0.749953, 0.0, 0.0, 0.0, 1.0],
                [0.999999, 0.0, -0.001062, 0.000152, -0.001062, 0.0, -0.999999, 3.246908, 0.0, 1.0, 0.0, 0.750088, 0.0, 0.0, 0.0, 1.0],
                [1.0, 0.0, -0.000267, 3.5e-05, -0.000267, 0.0, -1.0, 3.247177, 0.0, 1.0, 0.0, 0.75017, 0.0, 0.0, 0.0, 1.0],
                [1.0, 0.0, 0.0, -5e-06, 0.0, 0.0, -1.0, 3.247267, 0.0, 1.0, 0.0, 0.750197, 0.0, 0.0, 0.0, 1.0]
            ]
        },
        {
            "name": "Thigh_R",
            "time": [0.0, 0.0167, 0.0333, 0.05, 0.0667, 0.0833, 0.1, 0.1167, 0.1333, 0.15, 0.1667, 0.1833, 0.2, 0.2167, 0.2333, 0.25, 0.2667, 0.2833, 0.3, 0.3167, 0.3333, 0.35, 0.3667, 0.3833, 0.4, 0.4167, 0.4333, 0.45, 0.4667, 0.4833, 0.5, 0.5167, 0.5333, 0.55, 0.5667, 0.5833, 0.6, 0.6167, 0.6333, 0.65, 0.6667, 0.6833, 0.7, 0.7167, 0.7333, 0.75, 0.7667, 0.7833, 0.8, 0.8167, 0.8333, 0.85, 0.8667, 0.8833, 0.9, 0.9167, 0.9333, 0.95, 0.9667, 0.9833, 1.0, 1.0167, 1.0333, 1.05, 1.0667, 1.0833, 1.1, 1.1167, 1.1333, 1.15, 1.1667, 1.1833, 1.2, 1.2167, 1.2333, 1.25, 1.2667, 1.2833, 1.3, 1.3167, 1.3333, 1.35, 1.3667, 1.3833, 1.4, 1.4167, 1.4333, 1.45, 1.4667, 1.4833, 1.5, 1.5167, 1.5333, 1.55, 1.5667, 1.5833, 1.6, 1.6167, 1.6333, 1.65, 1.6667, 1.6833, 1.7, 1.7167, 1.7333, 1.75, 1.7667, 1.7833, 1.8, 1.8167, 1.8333, 1.85, 1.8667, 1.8833, 1.9, 1.9167, 1.9333, 1.95, 1.9667, 1.9833, 2.0, 2.0167, 2.0333, 2.05, 2.0667, 2.0833, 2.1, 2.1167, 2.1333, 2.15, 2.1667, 2.1833, 2.2, 2.2167, 2.2333, 2.25, 2.2667, 2.2833, 2.3, 2.3167, 2.3333, 2.35, 2.3667, 2.3833, 2.4, 2.4167, 2.4333, 2.45, 2.4667, 2.4833, 2.5, 2.5167, 2.5333, 2.55, 2.5667, 2.5833, 2.6, 2.6167, 2.6333, 2.65, 2.6667, 2.6833, 2.7, 2.7167, 2.7333, 2.75, 2.7667, 2.7833, 2.8, 2.8167, 2.8333, 2.85, 2.8667, 2.8833, 2.9, 2.9167, 2.9333, 2.95, 2.9667, 2.9833, 3.0, 3.0167, 3.0333, 3.05, 3.0667, 3.0833, 3.1, 3.1167, 3.1333, 3.15, 3.1667, 3.1833, 3.2, 3.2167, 3.2333, 3.25, 3.2667, 3.2833, 3.3, 3.3167],
            "transform": [
                [0.909516, 0.134372, 0.39335, 0.124994, -0.026219, -0.925875, 0.376915, -0.002831, 0.414841, -0.353122, -0.838577, -1.2e-05, 0.0, 0.0, 0.0, 1.0],
                [0.910771, 0.131074, 0.391555, 0.124994, -0.024318, -0.929603, 0.367753, -0.002831, 0.412194, -0.34446, -0.843471, -1.2e-05, 0.0, 0.0, 0.0, 1.0],
                [0.914229, 0.122031, 0.386385, 0.124994, -0.0192, -0.939452, 0.342137, -0.002831, 0.404742, -0.320209, -0.856534, -1.2e-05, 0.0, 0.0, 0.0, 1.0],
                [0.919409, 0.108609, 0.378008, 0.124994, -0.011871, -0.953012, 0.302694, -0.002831, 0.393122, -0.282786, -0.874921, -1.2e-05, 0.0, 0.0, 0.0, 1.0],
                [0.925807, 0.092248, 0.366567, 0.124994, -0.003407, -0.967685, 0.252129, -0.002831, 0.37798, -0.234671, -0.895578, -1.2e-05, 0.0, 0.0, 0.0, 1.0],
                [0.9329, 0.074407, 0.352364, 0.124994, 0.005164, -0.981085, 0.1935, -0.002831, 0.360097, -0.178696, -0.915641, -1.2e-05, 0.0, 0.0, 0.0, 1.0],
                [0.940173, 0.056471, 0.335983, 0.124994, 0.012978, -0.991386, 0.130313, -0.002831, 0.340448, -0.118156, -0.93281, -1.2e-05, 0.0, 0.0, 0.0, 1.0],
                [0.947148, 0.039652, 0.318336, 0.124994, 0.019434, -0.997599, 0.066442, -0.002831, 0.320207, -0.056743, -0.945647, -1.2e-05, 0.0, 0.0, 0.0, 1.0],
                [0.953416, 0.024903, 0.300629, 0.124994, 0.024245, -0.999686, 0.00592, -0.002831, 0.300683, 0.001645, -0.953723, -1.2e-05, 0.0, 0.0, 0.0, 1.0],
                [0.958656, 0.012876, 0.284276, 0.124994, 0.027437, -0.998502, -0.047298, -0.002831, 0.283242, 0.053143, -0.957575, -1.2e-05, 0.0, 0.0, 0.0, 1.0],
                [0.962631, 0.003965, 0.270787, 0.124994, 0.029278, -0.995554, -0.089503, -0.002831, 0.269228, 0.094087, -0.95847, -1.2e-05, 0.0, 0.0, 0.0, 1.0],
                [0.965157, -0.001589, 0.261665, 0.124994, 0.030154, -0.992642, -0.117254, -0.002831, 0.259926, 0.121059, -0.95801, -1.2e-05, 0.0, 0.0, 0.0, 1.0],
                [0.96605, -0.00353, 0.25833, 0.124994, 0.030404, -0.991403, -0.127247, -0.002831, 0.256559, 0.130781, -0.95764, -1.2e-05, 0.0, 0.0, 0.0, 1.0],
                [0.962021, 0.005, 0.272927, 0.124994, 0.034963, -0.993852, -0.105029, -0.002831, 0.270725, 0.110583, -0.956284, -1.2e-05, 0.0, 0.0, 0.0, 1.0],
                [0.949643, 0.031055, 0.311791, 0.124994, 0.046807, -0.997969, -0.043161, -0.002831, 0.309818, 0.055582, -0.94917, -1.2e-05, 0.0, 0.0, 0.0, 1.0],
                [0.927438, 0.076433, 0.366082, 0.124994, 0.061841, -0.996757, 0.051442, -0.002831, 0.368827, -0.02507, -0.92916, -1.2e-05, 0.0, 0.0, 0.0, 1.0],
                [0.893996, 0.142073, 0.424954, 0.124994, 0.075375, -0.982567, 0.16993, -0.002831, 0.441689, -0.119885, -0.889122, -1.2e-05, 0.0, 0.0, 0.0, 1.0],
                [0.849595, 0.225613, 0.476745, 0.124994, 0.08391, -0.950197, 0.300136, -0.002831, 0.520717, -0.21499, -0.826216, -1.2e-05, 0.0, 0.0, 0.0, 1.0],
                [0.797107, 0.320466, 0.511782, 0.124994, 0.086979, -0.899644, 0.427868, -0.002831, 0.59754, -0.296541, -0.744989, -1.2e-05, 0.0, 0.0, 0.0, 1.0],
                [0.741581, 0.417222, 0.525341, 0.124994, 0.088096, -0.836862, 0.540275, -0.002831, 0.665054, -0.354376, -0.657359, -1.2e-05, 0.0, 0.0, 0.0, 1.0],
                [0.688757, 0.506594, 0.518628, 0.124994, 0.094189, -0.771819, 0.628826, -0.002831, 0.718847, -0.384258, -0.579313, -1.2e-05, 0.0, 0.0, 0.0, 1.0],
                [0.643593, 0.5819, 0.497171, 0.124994, 0.114022, -0.71523, 0.689523, -0.002831, 0.756826, -0.387083, -0.526669, -1.2e-05, 0.0, 0.0, 0.0, 1.0],
                [0.609717, 0.639768, 0.467911, 0.124994, 0.156664, -0.67596, 0.720092, -0.002831, 0.776982, -0.365746, -0.512375, -1.2e-05, 0.0, 0.0, 0.0, 1.0],
                [0.599662, 0.664395, 0.446075, 0.124994, 0.271199, -0.69315, 0.667826, -0.002831, 0.752898, -0.279494, -0.595842, -1.2e-05, 0.0, 0.0, 0.0, 1.0],
                [0.616483, 0.656016, 0.43542, 0.124994, 0.452043, -0.747674, 0.486454, -0.002831, 0.644674, -0.103062, -0.757478, -1.2e-05, 0.0, 0.0, 0.0, 1.0],
                [0.648434, 0.634004, 0.42139, 0.124994, 0.607333, -0.764577, 0.215791, -0.002831, 0.458998, 0.115998, -0.880832, -1.2e-05, 0.0, 0.0, 0.0, 1.0],
                [0.678138, 0.615105, 0.402209, 0.124994, 0.68077, -0.731943, -0.028424, -0.002831, 0.276911, 0.293087, -0.915107, -1.2e-05, 0.0, 0.0, 0.0, 1.0],
                [0.690567, 0.607787, 0.392058, 0.124994, 0.695464, -0.70685, -0.129188, -0.002831, 0.198607, 0.361875, -0.910825, -1.2e-05, 0.0, 0.0, 0.0, 1.0],
                [0.689546, 0.608188, 0.393232, 0.124994, 0.695479, -0.707549, -0.125222, -0.002831, 0.202073, 0.359831, -0.910872, -1.2e-05, 0.0, 0.0, 0.0, 1.0],
                [0.686581, 0.609357, 0.396596, 0.124994, 0.695438, -0.70952, -0.113772, -0.002831, 0.212065, 0.353922, -0.910916, -1.2e-05, 0.0, 0.0, 0.0, 1.0],
                [0.68179, 0.61127, 0.401883, 0.124994, 0.695116, -0.712526, -0.09549, -0.002831, 0.227982, 0.344459, -0.910699, -1.2e-05, 0.0, 0.0, 0.0, 1.0],
                [0.675264, 0.61392, 0.408801, 0.124994, 0.694196, -0.716273, -0.071012, -0.002831, 0.249217, 0.331739, -0.909857, -1.2e-05, 0.0, 0.0, 0.0, 1.0],
                [0.667089, 0.617312, 0.417034, 0.124994, 0.692307, -0.720436, -0.040992, -0.002831, 0.275141, 0.31606, -0.907966, -1.2e-05, 0.0, 0.0, 0.0, 1.0],
                [0.657351, 0.621447, 0.426252, 0.124994, 0.689063, -0.724674, -0.006119, -0.002831, 0.305091, 0.297736, -0.904584, -1.2e-05, 0.0, 0.0, 0.0, 1.0],
                [0.64616, 0.626321, 0.436116, 0.124994, 0.684098, -0.728647, 0.032864, -0.002831, 0.338358, 0.277111, -0.89929, -1.2e-05, 0.0, 0.0, 0.0, 1.0],
                [0.63365, 0.631909, 0.446292, 0.124994, 0.677101, -0.732041, 0.075154, -0.002831, 0.374194, 0.254563, -0.891726, -1.2e-05, 0.0, 0.0, 0.0, 1.0],
                [0.619993, 0.638167, 0.456453, 0.124994, 0.667846, -0.734578, 0.119892, -0.002831, 0.411812, 0.230509, -0.881633, -1.2e-05, 0.0, 0.0, 0.0, 1.0],
                [0.605399, 0.64502, 0.466304, 0.124994, 0.656222, -0.736041, 0.166172, -0.002831, 0.450404, 0.205398, -0.868878, -1.2e-05, 0.0, 0.0, 0.0, 1.0],
                [0.590116, 0.652367, 0.475582, 0.124994, 0.642247, -0.736287, 0.213069, -0.002831, 0.489164, 0.179706, -0.853478, -1.2e-05, 0.0, 0.0, 0.0, 1.0],
                [0.574423, 0.66008, 0.484078, 0.124994, 0.626079, -0.735255, 0.259658, -0.002831, 0.527316, 0.153917, -0.835612, -1.2e-05, 0.0, 0.0, 0.0, 1.0],
                [0.558624, 0.668004, 0.491637, 0.124994, 0.608021, -0.732973, 0.305054, -0.002831, 0.564135, 0.128515, -0.81562, -1.2e-05, 0.0, 0.0, 0.0, 1.0],
                [0.543039, 0.675967, 0.498171, 0.124994, 0.588501, -0.729559, 0.348435, -0.002831, 0.598977, 0.103961, -0.793989, -1.2e-05, 0.0, 0.0, 0.0, 1.0],
                [0.527992, 0.683781, 0.503653, 0.124994, 0.568062, -0.72521, 0.389068, -0.002831, 0.631292, 0.080681, -0.771337, -1.2e-05, 0.0, 0.0, 0.0, 1.0],
                [0.5138, 0.691252, 0.508112, 0.124994, 0.54733, -0.720193, 0.426321, -0.002831, 0.660635, 0.059061, -0.74838, -1.2e-05, 0.0, 0.0, 0.0, 1.0],
                [0.500767, 0.698185, 0.511633, 0.124994, 0.526991, -0.714827, 0.459674, -0.002831, 0.686667, 0.039436, -0.725902, -1.2e-05, 0.0, 0.0, 0.0, 1.0],
                [0.489182, 0.704386, 0.514334, 0.124994, 0.50776, -0.70947, 0.488702, -0.002831, 0.70914, 0.022094, -0.704721, -1.2e-05, 0.0, 0.0, 0.0, 1.0],
                [0.479313, 0.709668, 0.516361, 0.124994, 0.490358, -0.704495, 0.513063, -0.002831, 0.727879, 0.007285, -0.685667, -1.2e-05, 0.0, 0.0, 0.0, 1.0],
                [0.471411, 0.713852, 0.517866, 0.124994, 0.475486, -0.700278, 0.532468, -0.002831, 0.742754, -0.004773, -0.669547, -1.2e-05, 0.0, 0.0, 0.0, 1.0],
                [0.465717, 0.716763, 0.518995, 0.124994, 0.463811, -0.697175, 0.546647, -0.002831, 0.753648, -0.013867, -0.657132, -1.2e-05, 0.0, 0.0, 0.0, 1.0],
                [0.462468, 0.718235, 0.519865, 0.124994, 0.455951, -0.695516, 0.555305, -0.002831, 0.760415, -0.019778, -0.649136, -1.2e-05, 0.0, 0.0, 0.0, 1.0],
                [0.461905, 0.718102, 0.520548, 0.124994, 0.452457, -0.695578, 0.558078, -0.002831, 0.76284, -0.022253, -0.646204, -1.2e-05, 0.0, 0.0, 0.0, 1.0],
                [0.462839, 0.717072, 0.521139, 0.124994, 0.4513, -0.696618, 0.557718, -0.002831, 0.762959, -0.022943, -0.646039, -1.2e-05, 0.0, 0.0, 0.0, 1.0],
                [0.463914, 0.715961, 0.521711, 0.124994, 0.450124, -0.697735, 0.557271, -0.002831, 0.763001, -0.023691, -0.645963, -1.2e-05, 0.0, 0.0, 0.0, 1.0],
                [0.465128, 0.714769, 0.522264, 0.124994, 0.448929, -0.698928, 0.55674, -0.002831, 0.762967, -0.024496, -0.645973, -1.2e-05, 0.0, 0.0, 0.0, 1.0],
                [0.466478, 0.713497, 0.522798, 0.124994, 0.447713, -0.700196, 0.556126, -0.002831, 0.762856, -0.025357, -0.64607, -1.2e-05, 0.0, 0.0, 0.0, 1.0],
                [0.467963, 0.712147, 0.523313, 0.124994, 0.446478, -0.701536, 0.55543, -0.002831, 0.762671, -0.026273, -0.646252, -1.2e-05, 0.0, 0.0, 0.0, 1.0],
                [0.46958, 0.710717, 0.523808, 0.124994, 0.445222, -0.702947, 0.554653, -0.002831, 0.762411, -0.027243, -0.646519, -1.2e-05, 0.0, 0.0, 0.0, 1.0],
                [0.471327, 0.709208, 0.524283, 0.124994, 0.443945, -0.704429, 0.553796, -0.002831, 0.762078, -0.028266, -0.646868, -1.2e-05, 0.0, 0.0, 0.0, 1.0],
                [0.473202, 0.707622, 0.524738, 0.124994, 0.442647, -0.705979, 0.55286, -0.002831, 0.761671, -0.02934, -0.647299, -1.2e-05, 0.0, 0.0, 0.0, 1.0],
                [0.475202, 0.705957, 0.525172, 0.124994, 0.441328, -0.707596, 0.551847, -0.002831, 0.761191, -0.030465, -0.647812, -1.2e-05, 0.0, 0.0, 0.0, 1.0],
                [0.477325, 0.704215, 0.525586, 0.124994, 0.439987, -0.709279, 0.550756, -0.002831, 0.760638, -0.031638, -0.648404, -1.2e-05, 0.0, 0.0, 0.0, 1.0],
