{
    "animation": [
        {
            "name": "Root",
            "time": [0.0, 0.0167, 0.0333, 0.05, 0.0667, 0.0833, 0.1, 0.1167, 0.1333, 0.15, 0.1667, 0.1833, 0.2, 0.2167, 0.2333, 0.25, 0.2667, 0.2833, 0.3, 0.3167, 0.3333, 0.35, 0.3667, 0.3833, 0.4, 0.4167, 0.4333, 0.45, 0.4667, 0.4833, 0.5, 0.5167, 0.5333, 0.55, 0.5667, 0.5833, 0.6, 0.6167, 0.6333, 0.65, 0.6667, 0.6833, 0.7, 0.7167, 0.7333, 0.75, 0.7667, 0.7833, 0.8, 0.8167, 0.8333, 0.85, 0.8667, 0.8833, 0.9, 0.9167, 0.9333, 0.95, 0.9667, 0.9833, 1.0, 1.0167, 1.0333, 1.05, 1.0667, 1.0833, 1.1, 1.1167, 1.1333, 1.15, 1.1667, 1.1833, 1.2, 1.2167, 1.2333, 1.25, 1.2667, 1.2833, 1.3, 1.3167, 1.3333, 1.35, 1.3667, 1.3833, 1.4, 1.4167, 1.4333, 1.45, 1.4667, 1.4833, 1.5, 1.5167, 1.5333, 1.55, 1.5667, 1.5833, 1.6, 1.6167, 1.6333, 1.65, 1.6667, 1.6833, 1.7, 1.7167, 1.7333, 1.75, 1.7667, 1.7833, 1.8, 1.8167, 1.8333, 1.85, 1.8667, 1.8833, 1.9, 1.9167, 1.9333, 1.95, 1.9667, 1.9833, 2.0, 2.0167, 2.0333, 2.05, 2.0667, 2.0833, 2.1, 2.1167, 2.1333, 2.15, 2.1667, 2.1833, 2.2, 2.2167, 2.2333, 2.25, 2.2667, 2.2833, 2.3, 2.3167, 2.3333],
            "transform": [
                [0.309189, 0.0, -0.951001, -5e-06, -0.951001, 0.0, -0.309189, 0.000946, 0.0, 1.0, 0.0, 0.717509, 0.0, 0.0, 0.0, 1.0],
                [0.323129, 0.0, -0.946355, 0.00119, -0.946355, 0.0, -0.323129, -0.001866, 0.0, 1.0, 0.0, 0.717509, 0.0, 0.0, 0.0, 1.0],
                [0.361509, 0.0, -0.932368, 0.004734, -0.932368, 0.0, -0.361509, -0.0095, 0.0, 1.0, 0.0, 0.717509, 0.0, 0.0, 0.0, 1.0],
                [0.418813, 0.0, -0.908073, 0.010566, -0.908073, 0.0, -0.418813, -0.020751, 0.0, 1.0, 0.0, 0.717509, 0.0, 0.0, 0.0, 1.0],
                [0.488994, 0.0, -0.872287, 0.018626, -0.872287, 0.0, -0.488994, -0.034412, 0.0, 1.0, 0.0, 0.717509, 0.0, 0.0, 0.0, 1.0],
                [0.565611, 0.0, -0.824672, 0.028855, -0.824672, 0.0, -0.565611, -0.049279, 0.0, 1.0, 0.0, 0.717509, 0.0, 0.0, 0.0, 1.0],
                [0.642278, 0.0, -0.766472, 0.041191, -0.766472, 0.0, -0.642278, -0.064145, 0.0, 1.0, 0.0, 0.717509, 0.0, 0.0, 0.0, 1.0],
                [0.713363, 0.0, -0.700795, 0.055574, -0.700795, 0.0, -0.713363, -0.077806, 0.0, 1.0, 0.0, 0.717509, 0.0, 0.0, 0.0, 1.0],
                [0.77465, 0.0, -0.63239, 0.071944, -0.63239, 0.0, -0.77465, -0.089057, 0.0, 1.0, 0.0, 0.717509, 0.0, 0.0, 0.0, 1.0],
                [0.823688, 0.0, -0.567043, 0.090241, -0.567043, 0.0, -0.823688, -0.096691, 0.0, 1.0, 0.0, 0.717509, 0.0, 0.0, 0.0, 1.0],
                [0.859658, 0.0, -0.51087, 0.110405, -0.51087, 0.0, -0.859658, -0.099504, 0.0, 1.0, 0.0, 0.717509, 0.0, 0.0, 0.0, 1.0],
                [0.88387, 0.0, -0.467733, 0.132253, -0.467733, 0.0, -0.88387, -0.098739, 0.0, 1.0, 0.0, 0.717207, 0.0, 0.0, 0.0, 1.0],
                [0.900289, 0.0, -0.435293, 0.155125, -0.435293, 0.0, -0.900289, -0.094655, 0.0, 1.0, 0.0, 0.716084, 0.0, 0.0, 0.0, 1.0],
                [0.912208, 0.0, -0.409728, 0.178238, -0.409728, 0.0, -0.912208, -0.084565, 0.0, 1.0, 0.0, 0.71381, 0.0, 0.0, 0.0, 1.0],
                [0.922158, 0.0, -0.386812, 0.200808, -0.386812, 0.0, -0.922158, -0.065785, 0.0, 1.0, 0.0, 0.710056, 0.0, 0.0, 0.0, 1.0],
                [0.932143, 0.0, -0.362092, 0.222053, -0.362092, 0.0, -0.932143, -0.035628, 0.0, 1.0, 0.0, 0.704494, 0.0, 0.0, 0.0, 1.0],
                [0.943667, 0.0, -0.330898, 0.241191, -0.330898, 0.0, -0.943667, 0.008592, 0.0, 1.0, 0.0, 0.696795, 0.0, 0.0, 0.0, 1.0],
                [0.957552, 0.0, -0.288262, 0.257438, -0.288262, 0.0, -0.957552, 0.069559, 0.0, 1.0, 0.0, 0.68663, 0.0, 0.0, 0.0, 1.0],
                [0.973471, 0.0, -0.228812, 0.270013, -0.228812, 0.0, -0.973471, 0.14996, 0.0, 1.0, 0.0, 0.673671, 0.0, 0.0, 0.0, 1.0],
                [0.989162, 0.0, -0.146827, 0.278131, -0.146827, 0.0, -0.989162, 0.25248, 0.0, 1.0, 0.0, 0.657589, 0.0, 0.0, 0.0, 1.0],
                [0.999325, 0.0, -0.036747, 0.281011, -0.036747, 0.0, -0.999325, 0.379805, 0.0, 1.0, 0.0, 0.638054, 0.0, 0.0, 0.0, 1.0],
                [0.994652, 0.0, 0.103287, 0.281011, 0.103287, 0.0, -0.994652, 0.532419, 0.0, 1.0, 0.0, 0.615331, 0.0, 0.0, 0.0, 1.0],
                [0.96455, 0.0, 0.263902, 0.281011, 0.263902, 0.0, -0.96455, 0.702005, 0.0, 1.0, 0.0, 0.592049, 0.0, 0.0, 0.0, 1.0],
                [0.902495, 0.0, 0.430699, 0.281011, 0.430699, 0.0, -0.902495, 0.878042, 0.0, 1.0, 0.0, 0.57143, 0.0, 0.0, 0.0, 1.0],
                [0.808582, 0.0, 0.588383, 0.281011, 0.588383, 0.0, -0.808582, 1.050012, 0.0, 1.0, 0.0, 0.556696, 0.0, 0.0, 0.0, 1.0],
                [0.689558, 0.0, 0.724231, 0.281011, 0.724231, 0.0, -0.689558, 1.207395, 0.0, 1.0, 0.0, 0.551069, 0.0, 0.0, 0.0, 1.0],
                [0.555623, 0.0, 0.831434, 0.281011, 0.831434, 0.0, -0.555623, 1.341814, 0.0, 1.0, 0.0, 0.556276, 0.0, 0.0, 0.0, 1.0],
                [0.414625, 0.0, 0.909992, 0.281011, 0.909992, 0.0, -0.414625, 1.453465, 0.0, 1.0, 0.0, 0.570414, 0.0, 0.0, 0.0, 1.0],
                [0.273233, 0.0, 0.961948, 0.281011, 0.961948, 0.0, -0.273233, 1.544684, 0.0, 1.0, 0.0, 0.59126, 0.0, 0.0, 0.0, 1.0],
                [0.137637, 0.0, 0.990483, 0.281011, 0.990483, 0.0, -0.137637, 1.617809, 0.0, 1.0, 0.0, 0.616589, 0.0, 0.0, 0.0, 1.0],
                [0.013349, 0.0, 0.999911, 0.281011, 0.999911, 0.0, -0.013349, 1.675177, 0.0, 1.0, 0.0, 0.644176, 0.0, 0.0, 0.0, 1.0],
                [-0.095005, 0.0, 0.995477, 0.281011, 0.995477, 0.0, 0.095005, 1.719127, 0.0, 1.0, 0.0, 0.671798, 0.0, 0.0, 0.0, 1.0],
                [-0.183762, 0.0, 0.982971, 0.281011, 0.982971, 0.0, 0.183762, 1.751994, 0.0, 1.0, 0.0, 0.69723, 0.0, 0.0, 0.0, 1.0],
                [-0.250089, 0.0, 0.968223, 0.281011, 0.968223, 0.0, 0.250089, 1.776118, 0.0, 1.0, 0.0, 0.718248, 0.0, 0.0, 0.0, 1.0],
                [-0.291641, 0.0, 0.956528, 0.281011, 0.956528, 0.0, 0.291641, 1.793834, 0.0, 1.0, 0.0, 0.732628, 0.0, 0.0, 0.0, 1.0],
                [-0.306077, 0.0, 0.952007, 0.281011, 0.952007, 0.0, 0.306077, 1.807481, 0.0, 1.0, 0.0, 0.738145, 0.0, 0.0, 0.0, 1.0],
                [-0.305661, 0.0, 0.952141, 0.281011, 0.952141, 0.0, 0.305661, 1.819755, 0.0, 1.0, 0.0, 0.738486, 0.0, 0.0, 0.0, 1.0],
                [-0.304422, 0.0, 0.952537, 0.281011, 0.952537, 0.0, 0.304422, 1.831796, 0.0, 1.0, 0.0, 0.73882, 0.0, 0.0, 0.0, 1.0],
                [-0.302374, 0.0, 0.953189, 0.281011, 0.953189, 0.0, 0.302374, 1.843604, 0.0, 1.0, 0.0, 0.739148, 0.0, 0.0, 0.0, 1.0],
                [-0.299529, 0.0, 0.954087, 0.281011, 0.954087, 0.0, 0.299529, 1.855184, 0.0, 1.0, 0.0, 0.73947, 0.0, 0.0, 0.0, 1.0],
                [-0.295897, 0.0, 0.95522, 0.281011, 0.95522, 0.0, 0.295897, 1.866536, 0.0, 1.0, 0.0, 0.739786, 0.0, 0.0, 0.0, 1.0],
                [-0.291487, 0.0, 0.956575, 0.281011, 0.956575, 0.0, 0.291487, 1.877664, 0.0, 1.0, 0.0, 0.740095, 0.0, 0.0, 0.0, 1.0],
                [-0.286306, 0.0, 0.958138, 0.281011, 0.958138, 0.0, 0.286306, 1.888569, 0.0, 1.0, 0.0, 0.740398, 0.0, 0.0, 0.0, 1.0],
                [-0.280362, 0.0, 0.959894, 0.281011, 0.959894, 0.0, 0.280362, 1.899254, 0.0, 1.0, 0.0, 0.740695, 0.0, 0.0, 0.0, 1.0],
                [-0.27366, 0.0, 0.961827, 0.281011, 0.961827, 0.0, 0.27366, 1.90972, 0.0, 1.0, 0.0, 0.740986, 0.0, 0.0, 0.0, 1.0],
                [-0.266204, 0.0, 0.963917, 0.281011, 0.963917, 0.0, 0.266204, 1.919971, 0.0, 1.0, 0.0, 0.741271, 0.0, 0.0, 0.0, 1.0],
                [-0.258, 0.0, 0.966145, 0.281011, 0.966145, 0.0, 0.258, 1.930009, 0.0, 1.0, 0.0, 0.741549, 0.0, 0.0, 0.0, 1.0],
                [-0.24905, 0.0, 0.968491, 0.281011, 0.968491, 0.0, 0.24905, 1.939835, 0.0, 1.0, 0.0, 0.741823, 0.0, 0.0, 0.0, 1.0],
                [-0.239358, 0.0, 0.970931, 0.281011, 0.970931, 0.0, 0.239358, 1.949452, 0.0, 1.0, 0.0, 0.74209, 0.0, 0.0, 0.0, 1.0],
                [-0.228927, 0.0, 0.973443, 0.281011, 0.973443, 0.0, 0.228927, 1.958862, 0.0, 1.0, 0.0, 0.742351, 0.0, 0.0, 0.0, 1.0],
                [-0.217761, 0.0, 0.976002, 0.281011, 0.976002, 0.0, 0.217761, 1.968067, 0.0, 1.0, 0.0, 0.742607, 0.0, 0.0, 0.0, 1.0],
                [-0.205862, 0.0, 0.978581, 0.281011, 0.978581, 0.0, 0.205862, 1.977071, 0.0, 1.0, 0.0, 0.742857, 0.0, 0.0, 0.0, 1.0],
                [-0.193233, 0.0, 0.981153, 0.281011, 0.981153, 0.0, 0.193233, 1.985874, 0.0, 1.0, 0.0, 0.743102, 0.0, 0.0, 0.0, 1.0],
                [-0.179878, 0.0, 0.983689, 0.281011, 0.983689, 0.0, 0.179878, 1.994479, 0.0, 1.0, 0.0, 0.743341, 0.0, 0.0, 0.0, 1.0],
                [-0.165803, 0.0, 0.986159, 0.281011, 0.986159, 0.0, 0.165803, 2.002889, 0.0, 1.0, 0.0, 0.743575, 0.0, 0.0, 0.0, 1.0],
                [-0.151011, 0.0, 0.988532, 0.281011, 0.988532, 0.0, 0.151011, 2.011106, 0.0, 1.0, 0.0, 0.743803, 0.0, 0.0, 0.0, 1.0],
                [-0.135509, 0.0, 0.990776, 0.281011, 0.990776, 0.0, 0.135509, 2.019131, 0.0, 1.0, 0.0, 0.744026, 0.0, 0.0, 0.0, 1.0],
                [-0.119304, 0.0, 0.992858, 0.281011, 0.992858, 0.0, 0.119304, 2.026968, 0.0, 1.0, 0.0, 0.744244, 0.0, 0.0, 0.0, 1.0],
                [-0.102404, 0.0, 0.994743, 0.281011, 0.994743, 0.0, 0.102404, 2.034618, 0.0, 1.0, 0.0, 0.744456, 0.0, 0.0, 0.0, 1.0],
                [-0.08482, 0.0, 0.996396, 0.281011, 0.996396, 0.0, 0.08482, 2.042084, 0.0, 1.0, 0.0, 0.744664, 0.0, 0.0, 0.0, 1.0],
                [-0.066562, 0.0, 0.997782, 0.281011, 0.997782, 0.0, 0.066562, 2.049367, 0.0, 1.0, 0.0, 0.744866, 0.0, 0.0, 0.0, 1.0],
                [-0.047645, 0.0, 0.998864, 0.281011, 0.998864, 0.0, 0.047645, 2.056471, 0.0, 1.0, 0.0, 0.745064, 0.0, 0.0, 0.0, 1.0],
                [-0.028082, 0.0, 0.999606, 0.281011, 0.999606, 0.0, 0.028082, 2.063397, 0.0, 1.0, 0.0, 0.745256, 0.0, 0.0, 0.0, 1.0],
                [-0.007893, 0.0, 0.999969, 0.281011, 0.999969, 0.0, 0.007893, 2.070148, 0.0, 1.0, 0.0, 0.745444, 0.0, 0.0, 0.0, 1.0],
                [0.012904, 0.0, 0.999917, 0.281011, 0.999917, 0.0, -0.012904, 2.076726, 0.0, 1.0, 0.0, 0.745627, 0.0, 0.0, 0.0, 1.0],
                [0.034287, 0.0, 0.999412, 0.281011, 0.999412, 0.0, -0.034287, 2.083133, 0.0, 1.0, 0.0, 0.745805, 0.0, 0.0, 0.0, 1.0],
                [0.056231, 0.0, 0.998418, 0.281011, 0.998418, 0.0, -0.056231, 2.089371, 0.0, 1.0, 0.0, 0.745978, 0.0, 0.0, 0.0, 1.0],
                [0.078709, 0.0, 0.996898, 0.281011, 0.996898, 0.0, -0.078709, 2.095443, 0.0, 1.0, 0.0, 0.746147, 0.0, 0.0, 0.0, 1.0],
                [0.101691, 0.0, 0.994816, 0.281011, 0.994816, 0.0, -0.101691, 2.101351, 0.0, 1.0, 0.0, 0.746311, 0.0, 0.0, 0.0, 1.0],
                [0.125146, 0.0, 0.992138, 0.281011, 0.992138, 0.0, -0.125146, 2.107097, 0.0, 1.0, 0.0, 0.746471, 0.0, 0.0, 0.0, 1.0],
                [0.149038, 0.0, 0.988831, 0.281011, 0.988831, 0.0, -0.149038, 2.112684, 0.0, 1.0, 0.0, 0.746626, 0.0, 0.0, 0.0, 1.0],
                [0.173329, 0.0, 0.984864, 0.281011, 0.984864, 0.0, -0.173329, 2.118113, 0.0, 1.0, 0.0, 0.746777, 0.0, 0.0, 0.0, 1.0],
                [0.197979, 0.0, 0.980206, 0.281011, 0.980206, 0.0, -0.197979, 2.123387, 0.0, 1.0, 0.0, 0.746923, 0.0, 0.0, 0.0, 1.0],
                [0.222945, 0.0, 0.974831, 0.281011, 0.974831, 0.0, -0.222945, 2.128508, 0.0, 1.0, 0.0, 0.747066, 0.0, 0.0, 0.0, 1.0],
                [0.248182, 0.0, 0.968713, 0.281011, 0.968713, 0.0, -0.248182, 2.133479, 0.0, 1.0, 0.0, 0.747204, 0.0, 0.0, 0.0, 1.0],
                [0.273642, 0.0, 0.961832, 0.281011, 0.961832, 0.0, -0.273642, 2.138301, 0.0, 1.0, 0.0, 0.747338, 0.0, 0.0, 0.0, 1.0],
                [0.299275, 0.0, 0.954167, 0.281011, 0.954167, 0.0, -0.299275, 2.142977, 0.0, 1.0, 0.0, 0.747468, 0.0, 0.0, 0.0, 1.0],
                [0.32503, 0.0, 0.945704, 0.281011, 0.945704, 0.0, -0.32503, 2.147509, 0.0, 1.0, 0.0, 0.747594, 0.0, 0.0, 0.0, 1.0],
                [0.350854, 0.0, 0.93643, 0.281011, 0.93643, 0.0, -0.350854, 2.1519, 0.0, 1.0, 0.0, 0.747716, 0.0, 0.0, 0.0, 1.0],
                [0.376692, 0.0, 0.926338, 0.281011, 0.926338, 0.0, -0.376692, 2.156151, 0.0, 1.0, 0.0, 0.747834, 0.0, 0.0, 0.0, 1.0],
                [0.402489, 0.0, 0.915425, 0.281011, 0.915425, 0.0, -0.402489, 2.160265, 0.0, 1.0, 0.0, 0.747948, 0.0, 0.0, 0.0, 1.0],
                [0.428189, 0.0, 0.903689, 0.281011, 0.903689, 0.0, -0.428189, 2.164244, 0.0, 1.0, 0.0, 0.748059, 0.0, 0.0, 0.0, 1.0],
                [0.453735, 0.0, 0.891137, 0.281011, 0.891137, 0.0, -0.453735, 2.168091, 0.0, 1.0, 0.0, 0.748166, 0.0, 0.0, 0.0, 1.0],
                [0.479072, 0.0, 0.877775, 0.281011, 0.877775, 0.0, -0.479072, 2.171807, 0.0, 1.0, 0.0, 0.748269, 0.0, 0.0, 0.0, 1.0],
                [0.504144, 0.0, 0.86362, 0.281011, 0.86362, 0.0, -0.504144, 2.175395, 0.0, 1.0, 0.0, 0.748369, 0.0, 0.0, 0.0, 1.0],
                [0.528897, 0.0, 0.848686, 0.281011, 0.848686, 0.0, -0.528897, 2.178857, 0.0, 1.0, 0.0, 0.748465, 0.0, 0.0, 0.0, 1.0],
                [0.553276, 0.0, 0.832998, 0.281011, 0.832998, 0.0, -0.553276, 2.182195, 0.0, 1.0, 0.0, 0.748558, 0.0, 0.0, 0.0, 1.0],
                [0.577231, 0.0, 0.816581, 0.281011, 0.816581, 0.0, -0.577231, 2.185413, 0.0, 1.0, 0.0, 0.748647, 0.0, 0.0, 0.0, 1.0],
                [0.600713, 0.0, 0.799465, 0.281011, 0.799465, 0.0, -0.600713, 2.188511, 0.0, 1.0, 0.0, 0.748733, 0.0, 0.0, 0.0, 1.0],
                [0.623675, 0.0, 0.781684, 0.281011, 0.781684, 0.0, -0.623675, 2.191492, 0.0, 1.0, 0.0, 0.748816, 0.0, 0.0, 0.0, 1.0],
                [0.646072, 0.0, 0.763276, 0.281011, 0.763276, 0.0, -0.646072, 2.194358, 0.0, 1.0, 0.0, 0.748896, 0.0, 0.0, 0.0, 1.0],
                [0.667865, 0.0, 0.744283, 0.281011, 0.744283, 0.0, -0.667865, 2.197112, 0.0, 1.0, 0.0, 0.748972, 0.0, 0.0, 0.0, 1.0],
                [0.689015, 0.0, 0.724747, 0.281011, 0.724747, 0.0, -0.689015, 2.199756, 0.0, 1.0, 0.0, 0.749046, 0.0, 0.0, 0.0, 1.0],
                [0.70949, 0.0, 0.704715, 0.281011, 0.704715, 0.0, -0.70949, 2.202292, 0.0, 1.0, 0.0, 0.749116, 0.0, 0.0, 0.0, 1.0],
                [0.72926, 0.0, 0.684237, 0.281011, 0.684237, 0.0, -0.72926, 2.204723, 0.0, 1.0, 0.0, 0.749184, 0.0, 0.0, 0.0, 1.0],
                [0.748298, 0.0, 0.663363, 0.281011, 0.663363, 0.0, -0.748298, 2.20705, 0.0, 1.0, 0.0, 0.749248, 0.0, 0.0, 0.0, 1.0],
                [0.766584, 0.0, 0.642144, 0.281011, 0.642144, 0.0, -0.766584, 2.209275, 0.0, 1.0, 0.0, 0.74931, 0.0, 0.0, 0.0, 1.0],
                [0.7841, 0.0, 0.620635, 0.281011, 0.620635, 0.0, -0.7841, 2.211402, 0.0, 1.0, 0.0, 0.749369, 0.0, 0.0, 0.0, 1.0],
                [0.800832, 0.0, 0.598889, 0.281011, 0.598889, 0.0, -0.800832, 2.213433, 0.0, 1.0, 0.0, 0.749426, 0.0, 0.0, 0.0, 1.0],
                [0.816772, 0.0, 0.57696, 0.281011, 0.57696, 0.0, -0.816772, 2.215368, 0.0, 1.0, 0.0, 0.749479, 0.0, 0.0, 0.0, 1.0],
                [0.831915, 0.0, 0.554903, 0.281011, 0.554903, 0.0, -0.831915, 2.217212, 0.0, 1.0, 0.0, 0.749531, 0.0, 0.0, 0.0, 1.0],
                [0.846259, 0.0, 0.532772, 0.281011, 0.532772, 0.0, -0.846259, 2.218966, 0.0, 1.0, 0.0, 0.749579, 0.0, 0.0, 0.0, 1.0],
                [0.859807, 0.0, 0.510619, 0.281011, 0.510619, 0.0, -0.859807, 2.220632, 0.0, 1.0, 0.0, 0.749626, 0.0, 0.0, 0.0, 1.0],
                [0.872566, 0.0, 0.488496, 0.281011, 0.488496, 0.0, -0.872566, 2.222213, 0.0, 1.0, 0.0, 0.74967, 0.0, 0.0, 0.0, 1.0],
                [0.884545, 0.0, 0.466455, 0.281011, 0.466455, 0.0, -0.884545, 2.22371, 0.0, 1.0, 0.0, 0.749711, 0.0, 0.0, 0.0, 1.0],
                [0.895757, 0.0, 0.444544, 0.281011, 0.444544, 0.0, -0.895757, 2.225127, 0.0, 1.0, 0.0, 0.749751, 0.0, 0.0, 0.0, 1.0],
                [0.906218, 0.0, 0.422811, 0.281011, 0.422811, 0.0, -0.906218, 2.226465, 0.0, 1.0, 0.0, 0.749788, 0.0, 0.0, 0.0, 1.0],
                [0.915946, 0.0, 0.401301, 0.281011, 0.401301, 0.0, -0.915946, 2.227726, 0.0, 1.0, 0.0, 0.749823, 0.0, 0.0, 0.0, 1.0],
                [0.924962, 0.0, 0.380059, 0.281011, 0.380059, 0.0, -0.924962, 2.228913, 0.0, 1.0, 0.0, 0.749856, 0.0, 0.0, 0.0, 1.0],
                [0.93329, 0.0, 0.359125, 0.281011, 0.359125, 0.0, -0.93329, 2.230029, 0.0, 1.0, 0.0, 0.749887, 0.0, 0.0, 0.0, 1.0],
                [0.940953, 0.0, 0.338538, 0.281011, 0.338538, 0.0, -0.940953, 2.231074, 0.0, 1.0, 0.0, 0.749916, 0.0, 0.0, 0.0, 1.0],
                [0.947978, 0.0, 0.318336, 0.281011, 0.318336, 0.0, -0.947978, 2.232053, 0.0, 1.0, 0.0, 0.749943, 0.0, 0.0, 0.0, 1.0],
                [0.954393, 0.0, 0.298553, 0.281011, 0.298553, 0.0, -0.954393, 2.232965, 0.0, 1.0, 0.0, 0.749968, 0.0, 0.0, 0.0, 1.0],
                [0.960227, 0.0, 0.279222, 0.281011, 0.279222, 0.0, -0.960227, 2.233815, 0.0, 1.0, 0.0, 0.749992, 0.0, 0.0, 0.0, 1.0],
                [0.965509, 0.0, 0.260371, 0.281011, 0.260371, 0.0, -0.965509, 2.234605, 0.0, 1.0, 0.0, 0.750014, 0.0, 0.0, 0.0, 1.0],
                [0.970269, 0.0, 0.24203, 0.281011, 0.24203, 0.0, -0.970269, 2.235336, 0.0, 1.0, 0.0, 0.750034, 0.0, 0.0, 0.0, 1.0],
                [0.974537, 0.0, 0.224225, 0.281011, 0.224225, 0.0, -0.974537, 2.236011, 0.0, 1.0, 0.0, 0.750053, 0.0, 0.0, 0.0, 1.0],
                [0.978346, 0.0, 0.206978, 0.281011, 0.206978, 0.0, -0.978346, 2.236631, 0.0, 1.0, 0.0, 0.75007, 0.0, 0.0, 0.0, 1.0],
                [0.981724, 0.0, 0.190313, 0.281011, 0.190313, 0.0, -0.981724, 2.2372, 0.0, 1.0, 0.0, 0.750086, 0.0, 0.0, 0.0, 1.0],
                [0.984702, 0.0, 0.174248, 0.281011, 0.174248, 0.0, -0.984702, 2.23772, 0.0, 1.0, 0.0, 0.750101, 0.0, 0.0, 0.0, 1.0],
                [0.98731, 0.0, 0.158803, 0.281011, 0.158803, 0.0, -0.98731, 2.238193, 0.0, 1.0, 0.0, 0.750114, 0.0, 0.0, 0.0, 1.0],
                [0.989578, 0.0, 0.143995, 0.281011, 0.143995, 0.0, -0.989578, 2.23862, 0.0, 1.0, 0.0, 0.750126, 0.0, 0.0, 0.0, 1.0],
                [0.991535, 0.0, 0.129839, 0.281011, 0.129839, 0.0, -0.991535, 2.239005, 0.0, 1.0, 0.0, 0.750136, 0.0, 0.0, 0.0, 1.0],
                [0.993208, 0.0, 0.116349, 0.281011, 0.116349, 0.0, -0.993208, 2.239349, 0.0, 1.0, 0.0, 0.750146, 0.0, 0.0, 0.0, 1.0],
                [0.994625, 0.0, 0.103539, 0.281011, 0.103539, 0.0, -0.994625, 2.239655, 0.0, 1.0, 0.0, 0.750154, 0.0, 0.0, 0.0, 1.0],
                [0.995812, 0.0, 0.091422, 0.281011, 0.091422, 0.0, -0.995812, 2.239926, 0.0, 1.0, 0.0, 0.750162, 0.0, 0.0, 0.0, 1.0],
                [0.996794, 0.0, 0.080008, 0.281011, 0.080008, 0.0, -0.996794, 2.240162, 0.0, 1.0, 0.0, 0.750168, 0.0, 0.0, 0.0, 1.0],
                [0.997595, 0.0, 0.069309, 0.281011, 0.069309, 0.0, -0.997595, 2.240367, 0.0, 1.0, 0.0, 0.750174, 0.0, 0.0, 0.0, 1.0],
                [0.998238, 0.0, 0.059335, 0.281011, 0.059335, 0.0, -0.998238, 2.240543, 0.0, 1.0, 0.0, 0.750179, 0.0, 0.0, 0.0, 1.0],
                [0.998744, 0.0, 0.050097, 0.281011, 0.050097, 0.0, -0.998744, 2.240691, 0.0, 1.0, 0.0, 0.750183, 0.0, 0.0, 0.0, 1.0],
                [0.999134, 0.0, 0.041604, 0.281011, 0.041604, 0.0, -0.999134, 2.240815, 0.0, 1.0, 0.0, 0.750187, 0.0, 0.0, 0.0, 1.0],
                [0.999426, 0.0, 0.033867, 0.281011, 0.033867, 0.0, -0.999426, 2.240917, 0.0, 1.0, 0.0, 0.750189, 0.0, 0.0, 0.0, 1.0],
                [0.999638, 0.0, 0.026895, 0.281011, 0.026895, 0.0, -0.999638, 2.240998, 0.0, 1.0, 0.0, 0.750192, 0.0, 0.0, 0.0, 1.0],
                [0.999786, 0.0, 0.020698, 0.281011, 0.020698, 0.0, -0.999786, 2.241061, 0.0, 1.0, 0.0, 0.750193, 0.0, 0.0, 0.0, 1.0],
                [0.999883, 0.0, 0.015287, 0.281011, 0.015287, 0.0, -0.999883, 2.241109, 0.0, 1.0, 0.0, 0.750195, 0.0, 0.0, 0.0, 1.0],
                [0.999943, 0.0, 0.010674, 0.281011, 0.010674, 0.0, -0.999943, 2.241143, 0.0, 1.0, 0.0, 0.750196, 0.0, 0.0, 0.0, 1.0],
                [0.999976, 0.0, 0.00687, 0.281011, 0.00687, 0.0, -0.999976, 2.241166, 0.0, 1.0, 0.0, 0.750196, 0.0, 0.0, 0.0, 1.0],
                [0.999992, 0.0, 0.003886, 0.281011, 0.003886, 0.0, -0.999992, 2.24118, 0.0, 1.0, 0.0, 0.750197, 0.0, 0.0, 0.0, 1.0],
                [0.999999, 0.0, 0.001738, 0.281011, 0.001738, 0.0, -0.999999, 2.241187, 0.0, 1.0, 0.0, 0.750197, 0.0, 0.0, 0.0, 1.0],
                [1.0, 0.0, 0.000437, 0.281011, 0.000437, 0.0, -1.0, 2.24119, 0.0, 1.0, 0.0, 0.750197, 0.0, 0.0, 0.0, 1.0],
                [1.0, 0.0, 0.0, 0.281011, 0.0, 0.0, -1.0, 2.24119, 0.0, 1.0, 0.0, 0.750197, 0.0, 0.0, 0.0, 1.0]
            ]
        },
        {
            "name": "Thigh_R",
            "time": [0.0, 0.0167, 0.0333, 0.05, 0.0667, 0.0833, 0.1, 0.1167, 0.1333, 0.15, 0.1667, 0.1833, 0.2, 0.2167, 0.2333, 0.25, 0.2667, 0.2833, 0.3, 0.3167, 0.3333, 0.35, 0.3667, 0.3833, 0.4, 0.4167, 0.4333, 0.45, 0.4667, 0.4833, 0.5, 0.5167, 0.5333, 0.55, 0.5667, 0.5833, 0.6, 0.6167, 0.6333, 0.65, 0.6667, 0.6833, 0.7, 0.7167, 0.7333, 0.75, 0.7667, 0.7833, 0.8, 0.8167, 0.8333, 0.85, 0.8667, 0.8833, 0.9, 0.9167, 0.9333, 0.95, 0.9667, 0.9833, 1.0, 1.0167, 1.0333, 1.05, 1.0667, 1.0833, 1.1, 1.1167, 1.1333, 1.15, 1.1667, 1.1833, 1.2, 1.2167, 1.2333, 1.25, 1.2667, 1.2833, 1.3, 1.3167, 1.3333, 1.35, 1.3667, 1.3833, 1.4, 1.4167, 1.4333, 1.45, 1.4667, 1.4833, 1.5, 1.5167, 1.5333, 1.55, 1.5667, 1.5833, 1.6, 1.6167, 1.6333, 1.65, 1.6667, 1.6833, 1.7, 1.7167, 1.7333, 1.75, 1.7667, 1.7833, 1.8, 1.8167, 1.8333, 1.85, 1.8667, 1.8833, 1.9, 1.9167, 1.9333, 1.95, 1.9667, 1.9833, 2.0, 2.0167, 2.0333, 2.05, 2.0667, 2.0833, 2.1, 2.1167, 2.1333, 2.15, 2.1667, 2.1833, 2.2, 2.2167, 2.2333, 2.25, 2.2667, 2.2833, 2.3, 2.3167, 2.3333],
            "transform": [
                [0.960098, 0.062795, 0.272521, 0.124994, 0.034447, -0.993596, 0.107592, -0.002831, 0.277532, -0.09391, -0.956116, -1.2e-05, 0.0, 0.0, 0.0, 1.0],
                [0.95719, 0.077303, 0.278947, 0.124994, 0.048722, -0.992955, 0.107988, -0.002831, 0.28533, -0.089773, -0.954216, -1.2e-05, 0.0, 0.0, 0.0, 1.0],
                [0.947935, 0.11661, 0.296344, 0.124994, 0.087551, -0.990116, 0.109552, -0.002831, 0.30619, -0.077903, -0.948778, -1.2e-05, 0.0, 0.0, 0.0, 1.0],
                [0.930668, 0.174123, 0.321771, 0.124994, 0.14478, -0.982968, 0.113175, -0.002831, 0.335998, -0.058742, -0.94003, -1.2e-05, 0.0, 0.0, 0.0, 1.0],
                [0.903935, 0.24278, 0.352078, 0.124994, 0.213778, -0.96952, 0.119689, -0.002831, 0.370405, -0.032924, -0.928287, -1.2e-05, 0.0, 0.0, 0.0, 1.0],
                [0.867851, 0.315239, 0.384001, 0.124994, 0.287473, -0.949008, 0.12938, -0.002831, 0.405206, -0.001892, -0.914223, -1.2e-05, 0.0, 0.0, 0.0, 1.0],
                [0.824861, 0.384495, 0.414447, 0.124994, 0.358856, -0.922575, 0.141684, -0.002831, 0.436836, 0.031858, -0.898977, -1.2e-05, 0.0, 0.0, 0.0, 1.0],
                [0.779736, 0.444622, 0.440819, 0.124994, 0.421698, -0.893361, 0.155157, -0.002831, 0.462797, 0.064911, -0.884085, -1.2e-05, 0.0, 0.0, 0.0, 1.0],
                [0.738917, 0.491211, 0.461207, 0.124994, 0.471042, -0.866023, 0.167692, -0.002831, 0.481789, 0.093338, -0.871302, -1.2e-05, 0.0, 0.0, 0.0, 1.0],
                [0.70952, 0.521175, 0.474296, 0.124994, 0.503127, -0.845916, 0.176879, -0.002831, 0.493399, 0.113132, -0.862414, -1.2e-05, 0.0, 0.0, 0.0, 1.0],
                [0.698371, 0.531861, 0.478958, 0.124994, 0.514644, -0.83821, 0.180393, -0.002831, 0.497412, 0.120512, -0.859103, -1.2e-05, 0.0, 0.0, 0.0, 1.0],
                [0.707963, 0.531186, 0.465434, 0.124994, 0.514363, -0.8394, 0.175598, -0.002831, 0.483961, 0.115085, -0.867489, -1.2e-05, 0.0, 0.0, 0.0, 1.0],
                [0.733006, 0.529073, 0.427532, 0.124994, 0.512968, -0.842714, 0.16338, -0.002831, 0.446727, 0.099552, -0.889114, -1.2e-05, 0.0, 0.0, 0.0, 1.0],
                [0.767061, 0.524947, 0.368845, 0.124994, 0.509477, -0.847815, 0.147107, -0.002831, 0.389935, 0.075078, -0.917777, -1.2e-05, 0.0, 0.0, 0.0, 1.0],
                [0.803414, 0.518027, 0.293552, 0.124994, 0.503187, -0.854283, 0.130388, -0.002831, 0.318321, 0.042956, -0.94701, -1.2e-05, 0.0, 0.0, 0.0, 1.0],
                [0.836179, 0.50777, 0.207297, 0.124994, 0.494133, -0.861477, 0.116987, -0.002831, 0.237985, 0.00461, -0.971258, -1.2e-05, 0.0, 0.0, 0.0, 1.0],
                [0.861379, 0.494241, 0.117264, 0.124994, 0.483261, -0.868467, 0.110541, -0.002831, 0.156474, -0.038548, -0.98693, -1.2e-05, 0.0, 0.0, 0.0, 1.0],
                [0.877619, 0.47832, 0.03153, 0.124994, 0.472259, -0.874024, 0.114237, -0.002831, 0.082199, -0.085366, -0.992953, -1.2e-05, 0.0, 0.0, 0.0, 1.0],
                [0.886013, 0.461762, -0.041884, 0.124994, 0.463057, -0.876642, 0.130665, -0.002831, 0.023619, -0.135165, -0.990542, -1.2e-05, 0.0, 0.0, 0.0, 1.0],
                [0.889324, 0.447144, -0.095728, 0.124994, 0.457138, -0.874528, 0.161934, -0.002831, -0.011309, -0.187772, -0.982148, -1.2e-05, 0.0, 0.0, 0.0, 1.0],
                [0.890498, 0.437844, -0.123711, 0.124994, 0.454735, -0.86552, 0.209971, -0.002831, -0.01514, -0.243234, -0.96985, -1.2e-05, 0.0, 0.0, 0.0, 1.0],
                [0.89048, 0.434543, -0.134965, 0.124994, 0.454964, -0.845619, 0.279163, -0.002831, 0.007179, -0.309992, -0.950712, -1.2e-05, 0.0, 0.0, 0.0, 1.0],
                [0.889464, 0.434442, -0.141818, 0.124994, 0.455128, -0.81399, 0.360938, -0.002831, 0.041368, -0.385586, -0.921744, -1.2e-05, 0.0, 0.0, 0.0, 1.0],
                [0.888091, 0.436787, -0.143213, 0.124994, 0.452602, -0.776501, 0.4384, -0.002831, 0.080282, -0.454157, -0.887297, -1.2e-05, 0.0, 0.0, 0.0, 1.0],
                [0.886813, 0.441103, -0.137804, 0.124994, 0.447218, -0.744018, 0.496418, -0.002831, 0.116442, -0.501857, -0.857077, -1.2e-05, 0.0, 0.0, 0.0, 1.0],
                [0.88611, 0.446613, -0.123871, 0.124994, 0.440994, -0.730229, 0.521812, -0.002831, 0.142594, -0.517008, -0.84402, -1.2e-05, 0.0, 0.0, 0.0, 1.0],
                [0.890601, 0.443545, -0.100477, 0.124994, 0.427897, -0.7424, 0.515503, -0.002831, 0.154055, -0.5021, -0.850977, -1.2e-05, 0.0, 0.0, 0.0, 1.0],
                [0.902789, 0.424375, -0.069837, 0.124994, 0.401801, -0.774312, 0.488871, -0.002831, 0.153389, -0.469407, -0.869557, -1.2e-05, 0.0, 0.0, 0.0, 1.0],
                [0.919791, 0.390811, -0.035363, 0.124994, 0.364741, -0.81822, 0.444384, -0.002831, 0.144736, -0.421637, -0.895139, -1.2e-05, 0.0, 0.0, 0.0, 1.0],
                [0.938537, 0.345177, -0.0009, 0.124994, 0.31887, -0.866002, 0.385174, -0.002831, 0.132174, -0.361786, -0.922844, -1.2e-05, 0.0, 0.0, 0.0, 1.0],
                [0.956219, 0.291109, 0.03, 0.124994, 0.26724, -0.910368, 0.315925, -0.002831, 0.11928, -0.294075, -0.94831, -1.2e-05, 0.0, 0.0, 0.0, 1.0],
                [0.97077, 0.23366, 0.054839, 0.124994, 0.214003, -0.946127, 0.242988, -0.002831, 0.108661, -0.224149, -0.968478, -1.2e-05, 0.0, 0.0, 0.0, 1.0],
                [0.981194, 0.178815, 0.072683, 0.124994, 0.164086, -0.971014, 0.173793, -0.002831, 0.101654, -0.158598, -0.982097, -1.2e-05, 0.0, 0.0, 0.0, 1.0],
                [0.987568, 0.132749, 0.08418, 0.124994, 0.12261, -0.985657, 0.115942, -0.002831, 0.098364, -0.104178, -0.989683, -1.2e-05, 0.0, 0.0, 0.0, 1.0],
                [0.990685, 0.101266, 0.091031, 0.124994, 0.094428, -0.992583, 0.076538, -0.002831, 0.098106, -0.067228, -0.992903, -1.2e-05, 0.0, 0.0, 0.0, 1.0],
                [0.991421, 0.089686, 0.095081, 0.124994, 0.084013, -0.994526, 0.06209, -0.002831, 0.100129, -0.053569, -0.993532, -1.2e-05, 0.0, 0.0, 0.0, 1.0],
                [0.991111, 0.08978, 0.09817, 0.124994, 0.083923, -0.994523, 0.062256, -0.002831, 0.103222, -0.053463, -0.993221, -1.2e-05, 0.0, 0.0, 0.0, 1.0],
                [0.990786, 0.089909, 0.101281, 0.124994, 0.083859, -0.994513, 0.0625, -0.002831, 0.106344, -0.053431, -0.992893, -1.2e-05, 0.0, 0.0, 0.0, 1.0],
                [0.990447, 0.090074, 0.104411, 0.124994, 0.08382, -0.994496, 0.062822, -0.002831, 0.109495, -0.05347, -0.992548, -1.2e-05, 0.0, 0.0, 0.0, 1.0],
                [0.990091, 0.090273, 0.10756, 0.124994, 0.083805, -0.994473, 0.063221, -0.002831, 0.112673, -0.053579, -0.992187, -1.2e-05, 0.0, 0.0, 0.0, 1.0],
                [0.989721, 0.090507, 0.110728, 0.124994, 0.083813, -0.994442, 0.063693, -0.002831, 0.115877, -0.053758, -0.991808, -1.2e-05, 0.0, 0.0, 0.0, 1.0],
                [0.989335, 0.090774, 0.113913, 0.124994, 0.083843, -0.994404, 0.064239, -0.002831, 0.119107, -0.054003, -0.991412, -1.2e-05, 0.0, 0.0, 0.0, 1.0],
                [0.988933, 0.091075, 0.117113, 0.124994, 0.083895, -0.99436, 0.064857, -0.002831, 0.12236, -0.054313, -0.990999, -1.2e-05, 0.0, 0.0, 0.0, 1.0],
                [0.988516, 0.091409, 0.120329, 0.124994, 0.083967, -0.994308, 0.065544, -0.002831, 0.125635, -0.054688, -0.990568, -1.2e-05, 0.0, 0.0, 0.0, 1.0],
                [0.988084, 0.091776, 0.123558, 0.124994, 0.084058, -0.99425, 0.066301, -0.002831, 0.128932, -0.055124, -0.99012, -1.2e-05, 0.0, 0.0, 0.0, 1.0],
                [0.987636, 0.092175, 0.1268, 0.124994, 0.084169, -0.994186, 0.067125, -0.002831, 0.13225, -0.055622, -0.989655, -1.2e-05, 0.0, 0.0, 0.0, 1.0],
                [0.987172, 0.092606, 0.130053, 0.124994, 0.084297, -0.994115, 0.068015, -0.002831, 0.135586, -0.056178, -0.989172, -1.2e-05, 0.0, 0.0, 0.0, 1.0],
                [0.986693, 0.093068, 0.133317, 0.124994, 0.084443, -0.994036, 0.068969, -0.002831, 0.138941, -0.056793, -0.988671, -1.2e-05, 0.0, 0.0, 0.0, 1.0],
                [0.986199, 0.093562, 0.136591, 0.124994, 0.084605, -0.993952, 0.069985, -0.002831, 0.142313, -0.057463, -0.988153, -1.2e-05, 0.0, 0.0, 0.0, 1.0],
                [0.985689, 0.094086, 0.139873, 0.124994, 0.084782, -0.99386, 0.071064, -0.002831, 0.1457, -0.058188, -0.987616, -1.2e-05, 0.0, 0.0, 0.0, 1.0],
                [0.985163, 0.09464, 0.143162, 0.124994, 0.084974, -0.993761, 0.072202, -0.002831, 0.149102, -0.058965, -0.987062, -1.2e-05, 0.0, 0.0, 0.0, 1.0],
                [0.984623, 0.095224, 0.146457, 0.124994, 0.085181, -0.993656, 0.073399, -0.002831, 0.152517, -0.059794, -0.986491, -1.2e-05, 0.0, 0.0, 0.0, 1.0],
                [0.984067, 0.095837, 0.149757, 0.124994, 0.0854, -0.993544, 0.074652, -0.002831, 0.155945, -0.060673, -0.985901, -1.2e-05, 0.0, 0.0, 0.0, 1.0],
                [0.983495, 0.096479, 0.153061, 0.124994, 0.085632, -0.993425, 0.075961, -0.002831, 0.159384, -0.0616, -0.985293, -1.2e-05, 0.0, 0.0, 0.0, 1.0],
                [0.982909, 0.097149, 0.156368, 0.124994, 0.085875, -0.993299, 0.077324, -0.002831, 0.162832, -0.062574, -0.984668, -1.2e-05, 0.0, 0.0, 0.0, 1.0],
                [0.982308, 0.097847, 0.159677, 0.124994, 0.08613, -0.993165, 0.07874, -0.002831, 0.16629, -0.063593, -0.984025, -1.2e-05, 0.0, 0.0, 0.0, 1.0],
                [0.981692, 0.098572, 0.162986, 0.124994, 0.086394, -0.993025, 0.080206, -0.002831, 0.169755, -0.064656, -0.983363, -1.2e-05, 0.0, 0.0, 0.0, 1.0],
                [0.981061, 0.099323, 0.166294, 0.124994, 0.086668, -0.992878, 0.081721, -0.002831, 0.173227, -0.065761, -0.982684, -1.2e-05, 0.0, 0.0, 0.0, 1.0],
                [0.980415, 0.100101, 0.169601, 0.124994, 0.086951, -0.992723, 0.083285, -0.002831, 0.176704, -0.066906, -0.981988, -1.2e-05, 0.0, 0.0, 0.0, 1.0],
                [0.979756, 0.100905, 0.172905, 0.124994, 0.087242, -0.992561, 0.084895, -0.002831, 0.180185, -0.068091, -0.981273, -1.2e-05, 0.0, 0.0, 0.0, 1.0],
                [0.979082, 0.101733, 0.176205, 0.124994, 0.087541, -0.992392, 0.086549, -0.002831, 0.183669, -0.069313, -0.980542, -1.2e-05, 0.0, 0.0, 0.0, 1.0],
                [0.978394, 0.102586, 0.1795, 0.124994, 0.087846, -0.992215, 0.088247, -0.002831, 0.187156, -0.070572, -0.979792, -1.2e-05, 0.0, 0.0, 0.0, 1.0],
                [0.977693, 0.103463, 0.182788, 0.124994, 0.088157, -0.992031, 0.089987, -0.002831, 0.190642, -0.071865, -0.979026, -1.2e-05, 0.0, 0.0, 0.0, 1.0],
                [0.976978, 0.104363, 0.18607, 0.124994, 0.088474, -0.99184, 0.091767, -0.002831, 0.194129, -0.073191, -0.978242, -1.2e-05, 0.0, 0.0, 0.0, 1.0],
                [0.97625, 0.105286, 0.189343, 0.124994, 0.088796, -0.991641, 0.093585, -0.002831, 0.197614, -0.074549, -0.977441, -1.2e-05, 0.0, 0.0, 0.0, 1.0],
                [0.975509, 0.106231, 0.192606, 0.124994, 0.089122, -0.991435, 0.095441, -0.002831, 0.201096, -0.075937, -0.976624, -1.2e-05, 0.0, 0.0, 0.0, 1.0],
                [0.974755, 0.107197, 0.195859, 0.124994, 0.089452, -0.991222, 0.097332, -0.002831, 0.204574, -0.077354, -0.97579, -1.2e-05, 0.0, 0.0, 0.0, 1.0],
                [0.973989, 0.108184, 0.1991, 0.124994, 0.089785, -0.991001, 0.099257, -0.002831, 0.208047, -0.078798, -0.97494, -1.2e-05, 0.0, 0.0, 0.0, 1.0],
                [0.973211, 0.109192, 0.202329, 0.124994, 0.09012, -0.990772, 0.101214, -0.002831, 0.211514, -0.080268, -0.974074, -1.2e-05, 0.0, 0.0, 0.0, 1.0],
                [0.972421, 0.110218, 0.205543, 0.124994, 0.090458, -0.990536, 0.103202, -0.002831, 0.214973, -0.081762, -0.973192, -1.2e-05, 0.0, 0.0, 0.0, 1.0],
                [0.97162, 0.111263, 0.208742, 0.124994, 0.090797, -0.990293, 0.105219, -0.002831, 0.218423, -0.083279, -0.972294, -1.2e-05, 0.0, 0.0, 0.0, 1.0],
                [0.970809, 0.112326, 0.211926, 0.124994, 0.091137, -0.990043, 0.107264, -0.002831, 0.221864, -0.084817, -0.971382, -1.2e-05, 0.0, 0.0, 0.0, 1.0],
                [0.969986, 0.113407, 0.215092, 0.124994, 0.091478, -0.989785, 0.109334, -0.002831, 0.225294, -0.086376, -0.970455, -1.2e-05, 0.0, 0.0, 0.0, 1.0],
                [0.969154, 0.114504, 0.21824, 0.124994, 0.091818, -0.989519, 0.111429, -0.002831, 0.228712, -0.087953, -0.969513, -1.2e-05, 0.0, 0.0, 0.0, 1.0],
                [0.968312, 0.115616, 0.221368, 0.124994, 0.092159, -0.989247, 0.113547, -0.002831, 0.232116, -0.089547, -0.968558, -1.2e-05, 0.0, 0.0, 0.0, 1.0],
                [0.967461, 0.116744, 0.224477, 0.124994, 0.092498, -0.988967, 0.115686, -0.002831, 0.235506, -0.091157, -0.967589, -1.2e-05, 0.0, 0.0, 0.0, 1.0],
                [0.966601, 0.117886, 0.227564, 0.124994, 0.092836, -0.988681, 0.117844, -0.002831, 0.238881, -0.092782, -0.966606, -1.2e-05, 0.0, 0.0, 0.0, 1.0],
                [0.965732, 0.119041, 0.230629, 0.124994, 0.093172, -0.988387, 0.120021, -0.002831, 0.242238, -0.094419, -0.965612, -1.2e-05, 0.0, 0.0, 0.0, 1.0],
                [0.964856, 0.120209, 0.23367, 0.124994, 0.093507, -0.988087, 0.122213, -0.002831, 0.245578, -0.096068, -0.964605, -1.2e-05, 0.0, 0.0, 0.0, 1.0],
                [0.963973, 0.121389, 0.236687, 0.124994, 0.093839, -0.98778, 0.124421, -0.002831, 0.248898, -0.097727, -0.963587, -1.2e-05, 0.0, 0.0, 0.0, 1.0],
                [0.963082, 0.12258, 0.239678, 0.124994, 0.094168, -0.987467, 0.126641, -0.002831, 0.252198, -0.099395, -0.962558, -1.2e-05, 0.0, 0.0, 0.0, 1.0],
                [0.962186, 0.123781, 0.242643, 0.124994, 0.094494, -0.987147, 0.128873, -0.002831, 0.255477, -0.101071, -0.961518, -1.2e-05, 0.0, 0.0, 0.0, 1.0],
                [0.961284, 0.124991, 0.245581, 0.124994, 0.094816, -0.98682, 0.131115, -0.002831, 0.258733, -0.102753, -0.960468, -1.2e-05, 0.0, 0.0, 0.0, 1.0],
                [0.960376, 0.12621, 0.248491, 0.124994, 0.095135, -0.986488, 0.133365, -0.002831, 0.261965, -0.104439, -0.95941, -1.2e-05, 0.0, 0.0, 0.0, 1.0],
                [0.959465, 0.127436, 0.251371, 0.124994, 0.09545, -0.98615, 0.135621, -0.002831, 0.265172, -0.106129, -0.958343, -1.2e-05, 0.0, 0.0, 0.0, 1.0],
                [0.958549, 0.128669, 0.254221, 0.124994, 0.09576, -0.985806, 0.137882, -0.002831, 0.268354, -0.107822, -0.957268, -1.2e-05, 0.0, 0.0, 0.0, 1.0],
                [0.957629, 0.129908, 0.257039, 0.124994, 0.096066, -0.985457, 0.140146, -0.002831, 0.271508, -0.109515, -0.956185, -1.2e-05, 0.0, 0.0, 0.0, 1.0],
                [0.956707, 0.131151, 0.259826, 0.124994, 0.096367, -0.985103, 0.142413, -0.002831, 0.274633, -0.111208, -0.955097, -1.2e-05, 0.0, 0.0, 0.0, 1.0],
                [0.955783, 0.132398, 0.26258, 0.124994, 0.096664, -0.984744, 0.144679, -0.002831, 0.277729, -0.112899, -0.954002, -1.2e-05, 0.0, 0.0, 0.0, 1.0],
                [0.954858, 0.133648, 0.265299, 0.124994, 0.096955, -0.98438, 0.146943, -0.002831, 0.280795, -0.114587, -0.952903, -1.2e-05, 0.0, 0.0, 0.0, 1.0],
                [0.953931, 0.134901, 0.267985, 0.124994, 0.09724, -0.984011, 0.149204, -0.002831, 0.283828, -0.116271, -0.9518, -1.2e-05, 0.0, 0.0, 0.0, 1.0],
                [0.953005, 0.136154, 0.270634, 0.124994, 0.09752, -0.983639, 0.15146, -0.002831, 0.286829, -0.117949, -0.950693, -1.2e-05, 0.0, 0.0, 0.0, 1.0],
                [0.952079, 0.137408, 0.273247, 0.124994, 0.097794, -0.983263, 0.15371, -0.002831, 0.289795, -0.119621, -0.949584, -1.2e-05, 0.0, 0.0, 0.0, 1.0],
                [0.951154, 0.13866, 0.275823, 0.124994, 0.098063, -0.982883, 0.155951, -0.002831, 0.292726, -0.121285, -0.948473, -1.2e-05, 0.0, 0.0, 0.0, 1.0],
                [0.950231, 0.139911, 0.27836, 0.124994, 0.098325, -0.9825, 0.158182, -0.002831, 0.295621, -0.122939, -0.947362, -1.2e-05, 0.0, 0.0, 0.0, 1.0],
                [0.949311, 0.141159, 0.280859, 0.124994, 0.098581, -0.982114, 0.160402, -0.002831, 0.298478, -0.124584, -0.946251, -1.2e-05, 0.0, 0.0, 0.0, 1.0],
                [0.948394, 0.142402, 0.283317, 0.124994, 0.098831, -0.981726, 0.162609, -0.002831, 0.301296, -0.126216, -0.94514, -1.2e-05, 0.0, 0.0, 0.0, 1.0],
                [0.947482, 0.143642, 0.285736, 0.124994, 0.099075, -0.981336, 0.164801, -0.002831, 0.304075, -0.127836, -0.944032, -1.2e-05, 0.0, 0.0, 0.0, 1.0],
                [0.946574, 0.144875, 0.288112, 0.124994, 0.099313, -0.980944, 0.166977, -0.002831, 0.306813, -0.129442, -0.942927, -1.2e-05, 0.0, 0.0, 0.0, 1.0],
                [0.945671, 0.146101, 0.290447, 0.124994, 0.099544, -0.980551, 0.169134, -0.002831, 0.30951, -0.131032, -0.941825, -1.2e-05, 0.0, 0.0, 0.0, 1.0],
                [0.944775, 0.147319, 0.292739, 0.124994, 0.099769, -0.980157, 0.171272, -0.002831, 0.312162, -0.132607, -0.940729, -1.2e-05, 0.0, 0.0, 0.0, 1.0],
                [0.943886, 0.148528, 0.294987, 0.124994, 0.099987, -0.979763, 0.173389, -0.002831, 0.314771, -0.134164, -0.939638, -1.2e-05, 0.0, 0.0, 0.0, 1.0],
                [0.943005, 0.149728, 0.297191, 0.124994, 0.100198, -0.979368, 0.175482, -0.002831, 0.317335, -0.135702, -0.938554, -1.2e-05, 0.0, 0.0, 0.0, 1.0],
                [0.942132, 0.150916, 0.29935, 0.124994, 0.100404, -0.978974, 0.177551, -0.002831, 0.319852, -0.13722, -0.937478, -1.2e-05, 0.0, 0.0, 0.0, 1.0],
                [0.941269, 0.152092, 0.301463, 0.124994, 0.100603, -0.978581, 0.179594, -0.002831, 0.322321, -0.138718, -0.936412, -1.2e-05, 0.0, 0.0, 0.0, 1.0],
                [0.940416, 0.153255, 0.30353, 0.124994, 0.100795, -0.978189, 0.18161, -0.002831, 0.324742, -0.140194, -0.935355, -1.2e-05, 0.0, 0.0, 0.0, 1.0],
                [0.939574, 0.154403, 0.305549, 0.124994, 0.100981, -0.977799, 0.183595, -0.002831, 0.327114, -0.141646, -0.934309, -1.2e-05, 0.0, 0.0, 0.0, 1.0],
                [0.938743, 0.155536, 0.307521, 0.124994, 0.10116, -0.977412, 0.18555, -0.002831, 0.329434, -0.143075, -0.933275, -1.2e-05, 0.0, 0.0, 0.0, 1.0],
                [0.937925, 0.156653, 0.309444, 0.124994, 0.101333, -0.977027, 0.187472, -0.002831, 0.331703, -0.144478, -0.932255, -1.2e-05, 0.0, 0.0, 0.0, 1.0],
                [0.937121, 0.157752, 0.311317, 0.124994, 0.1015, -0.976645, 0.18936, -0.002831, 0.333919, -0.145854, -0.931249, -1.2e-05, 0.0, 0.0, 0.0, 1.0],
                [0.93633, 0.158833, 0.313141, 0.124994, 0.10166, -0.976268, 0.191213, -0.002831, 0.336081, -0.147203, -0.930259, -1.2e-05, 0.0, 0.0, 0.0, 1.0],
                [0.935554, 0.159894, 0.314915, 0.124994, 0.101815, -0.975895, 0.193027, -0.002831, 0.338188, -0.148524, -0.929285, -1.2e-05, 0.0, 0.0, 0.0, 1.0],
                [0.934794, 0.160934, 0.316637, 0.124994, 0.101963, -0.975526, 0.194803, -0.002831, 0.340239, -0.149815, -0.928328, -1.2e-05, 0.0, 0.0, 0.0, 1.0],
                [0.934051, 0.161952, 0.318308, 0.124994, 0.102105, -0.975163, 0.196538, -0.002831, 0.342232, -0.151075, -0.927391, -1.2e-05, 0.0, 0.0, 0.0, 1.0],
                [0.933325, 0.162948, 0.319926, 0.124994, 0.102241, -0.974806, 0.198231, -0.002831, 0.344167, -0.152304, -0.926473, -1.2e-05, 0.0, 0.0, 0.0, 1.0],
                [0.932616, 0.163919, 0.321491, 0.124994, 0.102372, -0.974456, 0.19988, -0.002831, 0.346043, -0.153499, -0.925577, -1.2e-05, 0.0, 0.0, 0.0, 1.0],
                [0.931927, 0.164866, 0.323002, 0.124994, 0.102496, -0.974112, 0.201484, -0.002831, 0.347859, -0.154661, -0.924702, -1.2e-05, 0.0, 0.0, 0.0, 1.0],
