{
    "animation": [
        {
            "name": "Root",
            "time": [0.0, 0.0167, 0.0333, 0.05, 0.0667, 0.0833, 0.1, 0.1167, 0.1333, 0.15, 0.1667, 0.1833, 0.2, 0.2167, 0.2333, 0.25, 0.2667, 0.2833, 0.3, 0.3167, 0.3333, 0.35, 0.3667, 0.3833, 0.4, 0.4167, 0.4333, 0.45, 0.4667, 0.4833, 0.5, 0.5167, 0.5333, 0.55, 0.5667, 0.5833, 0.6, 0.6167, 0.6333, 0.65, 0.6667, 0.6833, 0.7, 0.7167, 0.7333, 0.75, 0.7667, 0.7833, 0.8, 0.8167, 0.8333, 0.85, 0.8667, 0.8833, 0.9, 0.9167, 0.9333, 0.95, 0.9667, 0.9833, 1.0, 1.0167, 1.0333, 1.05, 1.0667, 1.0833, 1.1, 1.1167, 1.1333, 1.15, 1.1667, 1.1833, 1.2, 1.2167, 1.2333, 1.25, 1.2667, 1.2833, 1.3, 1.3167, 1.3333, 1.35, 1.3667, 1.3833, 1.4, 1.4167, 1.4333, 1.45, 1.4667, 1.4833, 1.5, 1.5167, 1.5333, 1.55, 1.5667, 1.5833, 1.6, 1.6167, 1.6333, 1.65, 1.6667, 1.6833, 1.7, 1.7167, 1.7333, 1.75, 1.7667, 1.7833, 1.8, 1.8167, 1.8333, 1.85, 1.8667, 1.8833, 1.9, 1.9167, 1.9333, 1.95, 1.9667, 1.9833, 2.0, 2.0167, 2.0333, 2.05, 2.0667, 2.0833, 2.1, 2.1167, 2.1333, 2.15, 2.1667, 2.1833, 2.2, 2.2167, 2.2333, 2.25, 2.2667, 2.2833, 2.3, 2.3167, 2.3333, 2.35, 2.3667, 2.3833, 2.4, 2.4167, 2.4333, 2.45, 2.4667, 2.4833, 2.5],
            "transform": [
                [-0.306077, 0.0, 0.952007, -5e-06, 0.952007, 0.0, 0.306077, 0.000946, 0.0, 1.0, 0.0, 0.738145, 0.0, 0.0, 0.0, 1.0],
                [-0.300341, 0.0, 0.953832, -5e-06, 0.953832, 0.0, 0.300341, 0.001099, 0.0, 1.0, 0.0, 0.733759, 0.0, 0.0, 0.0, 1.0],
                [-0.284205, 0.0, 0.958763, -5e-06, 0.958763, 0.0, 0.284205, 0.002169, 0.0, 1.0, 0.0, 0.721856, 0.0, 0.0, 0.0, 1.0],
                [-0.259225, 0.0, 0.965817, -5e-06, 0.965817, 0.0, 0.259225, 0.005074, 0.0, 1.0, 0.0, 0.704314, 0.0, 0.0, 0.0, 1.0],
                [-0.226955, 0.0, 0.973905, -5e-06, 0.973905, 0.0, 0.226955, 0.01073, 0.0, 1.0, 0.0, 0.683013, 0.0, 0.0, 0.0, 1.0],
                [-0.18902, 0.0, 0.981973, -5e-06, 0.981973, 0.0, 0.18902, 0.020055, 0.0, 1.0, 0.0, 0.659832, 0.0, 0.0, 0.0, 1.0],
                [-0.14715, 0.0, 0.989114, -5e-06, 0.989114, 0.0, 0.14715, 0.033965, 0.0, 1.0, 0.0, 0.636652, 0.0, 0.0, 0.0, 1.0],
                [-0.10318, 0.0, 0.994663, -5e-06, 0.994663, 0.0, 0.10318, 0.053379, 0.0, 1.0, 0.0, 0.615351, 0.0, 0.0, 0.0, 1.0],
                [-0.059025, 0.0, 0.998257, -5e-06, 0.998257, 0.0, 0.059025, 0.079214, 0.0, 1.0, 0.0, 0.597809, 0.0, 0.0, 0.0, 1.0],
                [-0.016624, 0.0, 0.999862, -5e-06, 0.999862, 0.0, 0.016624, 0.112385, 0.0, 1.0, 0.0, 0.585906, 0.0, 0.0, 0.0, 1.0],
                [0.022104, 0.0, 0.999756, -5e-06, 0.999756, 0.0, -0.022104, 0.153812, 0.0, 1.0, 0.0, 0.58152, 0.0, 0.0, 0.0, 1.0],
                [0.057175, 0.0, 0.998364, -5e-06, 0.998364, 0.0, -0.057175, 0.206777, 0.0, 1.0, 0.0, 0.58152, 0.0, 0.0, 0.0, 1.0],
                [0.096123, 0.0, 0.99537, -5e-06, 0.99537, 0.0, -0.096123, 0.271894, 0.0, 1.0, 0.0, 0.58152, 0.0, 0.0, 0.0, 1.0],
                [0.148307, 0.0, 0.988941, -5e-06, 0.988941, 0.0, -0.148307, 0.346076, 0.0, 1.0, 0.0, 0.58152, 0.0, 0.0, 0.0, 1.0],
                [0.222774, 0.0, 0.97487, -5e-06, 0.97487, 0.0, -0.222774, 0.426237, 0.0, 1.0, 0.0, 0.58152, 0.0, 0.0, 0.0, 1.0],
                [0.327345, 0.0, 0.944905, -5e-06, 0.944905, 0.0, -0.327345, 0.509289, 0.0, 1.0, 0.0, 0.58152, 0.0, 0.0, 0.0, 1.0],
                [0.462543, 0.0, 0.886597, -5e-06, 0.886597, 0.0, -0.462543, 0.592621, 0.0, 1.0, 0.0, 0.599037, 0.0, 0.0, 0.0, 1.0],
                [0.610106, 0.0, 0.792319, -5e-06, 0.792319, 0.0, -0.610106, 0.675522, 0.0, 1.0, 0.0, 0.640806, 0.0, 0.0, 0.0, 1.0],
                [0.748965, 0.0, 0.66261, -5e-06, 0.66261, 0.0, -0.748965, 0.75776, 0.0, 1.0, 0.0, 0.690659, 0.0, 0.0, 0.0, 1.0],
                [0.863354, 0.0, 0.504599, -5e-06, 0.504599, 0.0, -0.863354, 0.839099, 0.0, 1.0, 0.0, 0.732429, 0.0, 0.0, 0.0, 1.0],
                [0.944701, 0.0, 0.327934, -5e-06, 0.327934, 0.0, -0.944701, 0.919306, 0.0, 1.0, 0.0, 0.749945, 0.0, 0.0, 0.0, 1.0],
                [0.990451, 0.0, 0.137865, -5e-06, 0.137865, 0.0, -0.990451, 0.998137, 0.0, 1.0, 0.0, 0.741499, 0.0, 0.0, 0.0, 1.0],
                [0.998253, 0.0, -0.059083, -5e-06, -0.059083, 0.0, -0.998253, 1.075313, 0.0, 1.0, 0.0, 0.718575, 0.0, 0.0, 0.0, 1.0],
                [0.9679, 0.0, -0.251335, -5e-06, -0.251335, 0.0, -0.9679, 1.150546, 0.0, 1.0, 0.0, 0.684792, 0.0, 0.0, 0.0, 1.0],
                [0.903885, 0.0, -0.427776, -5e-06, -0.427776, 0.0, -0.903885, 1.223548, 0.0, 1.0, 0.0, 0.64377, 0.0, 0.0, 0.0, 1.0],
                [0.814664, 0.0, -0.579933, -5e-06, -0.579933, 0.0, -0.814664, 1.294032, 0.0, 1.0, 0.0, 0.599129, 0.0, 0.0, 0.0, 1.0],
                [0.710894, 0.0, -0.703299, -5e-06, -0.703299, 0.0, -0.710894, 1.361708, 0.0, 1.0, 0.0, 0.554487, 0.0, 0.0, 0.0, 1.0],
                [0.60342, 0.0, -0.797423, -5e-06, -0.797423, 0.0, -0.60342, 1.426289, 0.0, 1.0, 0.0, 0.513466, 0.0, 0.0, 0.0, 1.0],
                [0.501795, 0.0, -0.864987, -5e-06, -0.864987, 0.0, -0.501795, 1.487487, 0.0, 1.0, 0.0, 0.479683, 0.0, 0.0, 0.0, 1.0],
                [0.413642, 0.0, -0.91044, -5e-06, -0.91044, 0.0, -0.413642, 1.545014, 0.0, 1.0, 0.0, 0.456759, 0.0, 0.0, 0.0, 1.0],
                [0.344793, 0.0, -0.938679, -5e-06, -0.938679, 0.0, -0.344793, 1.598582, 0.0, 1.0, 0.0, 0.448313, 0.0, 0.0, 0.0, 1.0],
                [0.289329, 0.0, -0.95723, -5e-06, -0.95723, 0.0, -0.289329, 1.647978, 0.0, 1.0, 0.0, 0.449832, 0.0, 0.0, 0.0, 1.0],
                [0.238326, 0.0, -0.971185, -5e-06, -0.971185, 0.0, -0.238326, 1.693294, 0.0, 1.0, 0.0, 0.454186, 0.0, 0.0, 0.0, 1.0],
                [0.191982, 0.0, -0.981399, -5e-06, -0.981399, 0.0, -0.191982, 1.734697, 0.0, 1.0, 0.0, 0.461073, 0.0, 0.0, 0.0, 1.0],
                [0.150343, 0.0, -0.988634, -5e-06, -0.988634, 0.0, -0.150343, 1.772354, 0.0, 1.0, 0.0, 0.470191, 0.0, 0.0, 0.0, 1.0],
                [0.113336, 0.0, -0.993557, -5e-06, -0.993557, 0.0, -0.113336, 1.806434, 0.0, 1.0, 0.0, 0.481239, 0.0, 0.0, 0.0, 1.0],
                [0.0808, 0.0, -0.99673, -5e-06, -0.99673, 0.0, -0.0808, 1.837102, 0.0, 1.0, 0.0, 0.493913, 0.0, 0.0, 0.0, 1.0],
                [0.052515, 0.0, -0.99862, -5e-06, -0.99862, 0.0, -0.052515, 1.864527, 0.0, 1.0, 0.0, 0.507912, 0.0, 0.0, 0.0, 1.0],
                [0.028222, 0.0, -0.999602, -5e-06, -0.999602, 0.0, -0.028222, 1.888876, 0.0, 1.0, 0.0, 0.522933, 0.0, 0.0, 0.0, 1.0],
                [0.007632, 0.0, -0.999971, -5e-06, -0.999971, 0.0, -0.007632, 1.910315, 0.0, 1.0, 0.0, 0.538675, 0.0, 0.0, 0.0, 1.0],
                [-0.009554, 0.0, -0.999954, -5e-06, -0.999954, 0.0, 0.009554, 1.929012, 0.0, 1.0, 0.0, 0.554834, 0.0, 0.0, 0.0, 1.0],
                [-0.023645, 0.0, -0.999721, -5e-06, -0.999721, 0.0, 0.023645, 1.945135, 0.0, 1.0, 0.0, 0.57111, 0.0, 0.0, 0.0, 1.0],
                [-0.034952, 0.0, -0.999389, -5e-06, -0.999389, 0.0, 0.034952, 1.95885, 0.0, 1.0, 0.0, 0.587199, 0.0, 0.0, 0.0, 1.0],
                [-0.043785, 0.0, -0.999041, -5e-06, -0.999041, 0.0, 0.043785, 1.970326, 0.0, 1.0, 0.0, 0.6028, 0.0, 0.0, 0.0, 1.0],
                [-0.050452, 0.0, -0.998726, -5e-06, -0.998726, 0.0, 0.050452, 1.979729, 0.0, 1.0, 0.0, 0.61761, 0.0, 0.0, 0.0, 1.0],
                [-0.055262, 0.0, -0.998472, -5e-06, -0.998472, 0.0, 0.055262, 1.987226, 0.0, 1.0, 0.0, 0.631327, 0.0, 0.0, 0.0, 1.0],
                [-0.058519, 0.0, -0.998286, -5e-06, -0.998286, 0.0, 0.058519, 1.992985, 0.0, 1.0, 0.0, 0.643649, 0.0, 0.0, 0.0, 1.0],
                [-0.060526, 0.0, -0.998167, -5e-06, -0.998167, 0.0, 0.060526, 1.997173, 0.0, 1.0, 0.0, 0.654274, 0.0, 0.0, 0.0, 1.0],
                [-0.061586, 0.0, -0.998102, -5e-06, -0.998102, 0.0, 0.061586, 1.999957, 0.0, 1.0, 0.0, 0.662899, 0.0, 0.0, 0.0, 1.0],
                [-0.062002, 0.0, -0.998076, -5e-06, -0.998076, 0.0, 0.062002, 2.001505, 0.0, 1.0, 0.0, 0.669223, 0.0, 0.0, 0.0, 1.0],
                [-0.062073, 0.0, -0.998072, -5e-06, -0.998072, 0.0, 0.062073, 2.001984, 0.0, 1.0, 0.0, 0.672943, 0.0, 0.0, 0.0, 1.0],
                [-0.061639, 0.0, -0.998098, -5e-06, -0.998098, 0.0, 0.061639, 2.001849, 0.0, 1.0, 0.0, 0.675238, 0.0, 0.0, 0.0, 1.0],
                [-0.06035, 0.0, -0.998177, -5e-06, -0.998177, 0.0, 0.06035, 2.001457, 0.0, 1.0, 0.0, 0.677487, 0.0, 0.0, 0.0, 1.0],
                [-0.05822, 0.0, -0.998304, -5e-06, -0.998304, 0.0, 0.05822, 2.000827, 0.0, 1.0, 0.0, 0.67969, 0.0, 0.0, 0.0, 1.0],
                [-0.055265, 0.0, -0.998472, -5e-06, -0.998472, 0.0, 0.055265, 1.999977, 0.0, 1.0, 0.0, 0.681848, 0.0, 0.0, 0.0, 1.0],
                [-0.051499, 0.0, -0.998673, -5e-06, -0.998673, 0.0, 0.051499, 1.998928, 0.0, 1.0, 0.0, 0.683962, 0.0, 0.0, 0.0, 1.0],
                [-0.046935, 0.0, -0.998898, -5e-06, -0.998898, 0.0, 0.046935, 1.997698, 0.0, 1.0, 0.0, 0.686031, 0.0, 0.0, 0.0, 1.0],
                [-0.041586, 0.0, -0.999135, -5e-06, -0.999135, 0.0, 0.041586, 1.996306, 0.0, 1.0, 0.0, 0.688058, 0.0, 0.0, 0.0, 1.0],
                [-0.035464, 0.0, -0.999371, -5e-06, -0.999371, 0.0, 0.035464, 1.994771, 0.0, 1.0, 0.0, 0.690041, 0.0, 0.0, 0.0, 1.0],
                [-0.02858, 0.0, -0.999592, -5e-06, -0.999592, 0.0, 0.02858, 1.993113, 0.0, 1.0, 0.0, 0.691981, 0.0, 0.0, 0.0, 1.0],
                [-0.020945, 0.0, -0.999781, -5e-06, -0.999781, 0.0, 0.020945, 1.991349, 0.0, 1.0, 0.0, 0.693879, 0.0, 0.0, 0.0, 1.0],
                [-0.012572, 0.0, -0.999921, -5e-06, -0.999921, 0.0, 0.012572, 1.9895, 0.0, 1.0, 0.0, 0.695736, 0.0, 0.0, 0.0, 1.0],
                [-0.00347, 0.0, -0.999994, -5e-06, -0.999994, 0.0, 0.00347, 1.987584, 0.0, 1.0, 0.0, 0.697551, 0.0, 0.0, 0.0, 1.0],
                [0.006349, 0.0, -0.99998, -5e-06, -0.99998, 0.0, -0.006349, 1.985621, 0.0, 1.0, 0.0, 0.699325, 0.0, 0.0, 0.0, 1.0],
                [0.016873, 0.0, -0.999857, -5e-06, -0.999857, 0.0, -0.016873, 1.983629, 0.0, 1.0, 0.0, 0.701059, 0.0, 0.0, 0.0, 1.0],
                [0.028091, 0.0, -0.999605, -5e-06, -0.999605, 0.0, -0.028091, 1.981627, 0.0, 1.0, 0.0, 0.702754, 0.0, 0.0, 0.0, 1.0],
                [0.03999, 0.0, -0.9992, -5e-06, -0.9992, 0.0, -0.03999, 1.979636, 0.0, 1.0, 0.0, 0.704408, 0.0, 0.0, 0.0, 1.0],
                [0.052559, 0.0, -0.998618, -5e-06, -0.998618, 0.0, -0.052559, 1.977672, 0.0, 1.0, 0.0, 0.706024, 0.0, 0.0, 0.0, 1.0],
                [0.065783, 0.0, -0.997834, -5e-06, -0.997834, 0.0, -0.065783, 1.975756, 0.0, 1.0, 0.0, 0.707602, 0.0, 0.0, 0.0, 1.0],
                [0.079648, 0.0, -0.996823, -5e-06, -0.996823, 0.0, -0.079648, 1.973907, 0.0, 1.0, 0.0, 0.709141, 0.0, 0.0, 0.0, 1.0],
                [0.094139, 0.0, -0.995559, -5e-06, -0.995559, 0.0, -0.094139, 1.972144, 0.0, 1.0, 0.0, 0.710643, 0.0, 0.0, 0.0, 1.0],
                [0.10924, 0.0, -0.994015, -5e-06, -0.994015, 0.0, -0.10924, 1.970485, 0.0, 1.0, 0.0, 0.712108, 0.0, 0.0, 0.0, 1.0],
                [0.124932, 0.0, -0.992165, -5e-06, -0.992165, 0.0, -0.124932, 1.96895, 0.0, 1.0, 0.0, 0.713536, 0.0, 0.0, 0.0, 1.0],
                [0.141197, 0.0, -0.989982, -5e-06, -0.989982, 0.0, -0.141197, 1.967559, 0.0, 1.0, 0.0, 0.714928, 0.0, 0.0, 0.0, 1.0],
                [0.158015, 0.0, -0.987437, -5e-06, -0.987437, 0.0, -0.158015, 1.966328, 0.0, 1.0, 0.0, 0.716285, 0.0, 0.0, 0.0, 1.0],
                [0.175362, 0.0, -0.984504, -5e-06, -0.984504, 0.0, -0.175362, 1.965279, 0.0, 1.0, 0.0, 0.717606, 0.0, 0.0, 0.0, 1.0],
                [0.193217, 0.0, -0.981156, -5e-06, -0.981156, 0.0, -0.193217, 1.96443, 0.0, 1.0, 0.0, 0.718892, 0.0, 0.0, 0.0, 1.0],
                [0.211554, 0.0, -0.977366, -5e-06, -0.977366, 0.0, -0.211554, 1.9638, 0.0, 1.0, 0.0, 0.720144, 0.0, 0.0, 0.0, 1.0],
                [0.230344, 0.0, -0.973109, -5e-06, -0.973109, 0.0, -0.230344, 1.963408, 0.0, 1.0, 0.0, 0.721362, 0.0, 0.0, 0.0, 1.0],
                [0.249561, 0.0, -0.968359, -5e-06, -0.968359, 0.0, -0.249561, 1.963273, 0.0, 1.0, 0.0, 0.722547, 0.0, 0.0, 0.0, 1.0],
                [0.269174, 0.0, -0.963091, -5e-06, -0.963091, 0.0, -0.269174, 1.963401, 0.0, 1.0, 0.0, 0.723699, 0.0, 0.0, 0.0, 1.0],
                [0.28915, 0.0, -0.957284, -5e-06, -0.957284, 0.0, -0.28915, 1.963782, 0.0, 1.0, 0.0, 0.724818, 0.0, 0.0, 0.0, 1.0],
                [0.309455, 0.0, -0.950914, -5e-06, -0.950914, 0.0, -0.309455, 1.964406, 0.0, 1.0, 0.0, 0.725906, 0.0, 0.0, 0.0, 1.0],
                [0.330053, 0.0, -0.943962, -5e-06, -0.943962, 0.0, -0.330053, 1.965269, 0.0, 1.0, 0.0, 0.726962, 0.0, 0.0, 0.0, 1.0],
                [0.350908, 0.0, -0.93641, -5e-06, -0.93641, 0.0, -0.350908, 1.966361, 0.0, 1.0, 0.0, 0.727987, 0.0, 0.0, 0.0, 1.0],
                [0.371979, 0.0, -0.928241, -5e-06, -0.928241, 0.0, -0.371979, 1.967676, 0.0, 1.0, 0.0, 0.728981, 0.0, 0.0, 0.0, 1.0],
                [0.393227, 0.0, -0.919441, -5e-06, -0.919441, 0.0, -0.393227, 1.969206, 0.0, 1.0, 0.0, 0.729945, 0.0, 0.0, 0.0, 1.0],
                [0.414611, 0.0, -0.909999, -5e-06, -0.909999, 0.0, -0.414611, 1.970945, 0.0, 1.0, 0.0, 0.73088, 0.0, 0.0, 0.0, 1.0],
                [0.436086, 0.0, -0.899905, -5e-06, -0.899905, 0.0, -0.436086, 1.972884, 0.0, 1.0, 0.0, 0.731785, 0.0, 0.0, 0.0, 1.0],
                [0.45761, 0.0, -0.889153, -5e-06, -0.889153, 0.0, -0.45761, 1.975017, 0.0, 1.0, 0.0, 0.732662, 0.0, 0.0, 0.0, 1.0],
                [0.479138, 0.0, -0.87774, -5e-06, -0.87774, 0.0, -0.479138, 1.977336, 0.0, 1.0, 0.0, 0.73351, 0.0, 0.0, 0.0, 1.0],
                [0.500625, 0.0, -0.865664, -5e-06, -0.865664, 0.0, -0.500625, 1.979833, 0.0, 1.0, 0.0, 0.734331, 0.0, 0.0, 0.0, 1.0],
                [0.522025, 0.0, -0.85293, -5e-06, -0.85293, 0.0, -0.522025, 1.982503, 0.0, 1.0, 0.0, 0.735124, 0.0, 0.0, 0.0, 1.0],
                [0.543294, 0.0, -0.839543, -5e-06, -0.839543, 0.0, -0.543294, 1.985337, 0.0, 1.0, 0.0, 0.73589, 0.0, 0.0, 0.0, 1.0],
                [0.564386, 0.0, -0.825511, -5e-06, -0.825511, 0.0, -0.564386, 1.988327, 0.0, 1.0, 0.0, 0.73663, 0.0, 0.0, 0.0, 1.0],
                [0.585257, 0.0, -0.810848, -5e-06, -0.810848, 0.0, -0.585257, 1.991468, 0.0, 1.0, 0.0, 0.737344, 0.0, 0.0, 0.0, 1.0],
                [0.605863, 0.0, -0.795569, -5e-06, -0.795569, 0.0, -0.605863, 1.994751, 0.0, 1.0, 0.0, 0.738032, 0.0, 0.0, 0.0, 1.0],
                [0.626161, 0.0, -0.779694, -5e-06, -0.779694, 0.0, -0.626161, 1.998168, 0.0, 1.0, 0.0, 0.738696, 0.0, 0.0, 0.0, 1.0],
                [0.646111, 0.0, -0.763243, -5e-06, -0.763243, 0.0, -0.646111, 2.001714, 0.0, 1.0, 0.0, 0.739335, 0.0, 0.0, 0.0, 1.0],
                [0.665673, 0.0, -0.746244, -5e-06, -0.746244, 0.0, -0.665673, 2.00538, 0.0, 1.0, 0.0, 0.739949, 0.0, 0.0, 0.0, 1.0],
                [0.684809, 0.0, -0.728723, -5e-06, -0.728723, 0.0, -0.684809, 2.00916, 0.0, 1.0, 0.0, 0.74054, 0.0, 0.0, 0.0, 1.0],
                [0.703484, 0.0, -0.710711, -5e-06, -0.710711, 0.0, -0.703484, 2.013045, 0.0, 1.0, 0.0, 0.741108, 0.0, 0.0, 0.0, 1.0],
                [0.721666, 0.0, -0.692242, -5e-06, -0.692242, 0.0, -0.721666, 2.017029, 0.0, 1.0, 0.0, 0.741653, 0.0, 0.0, 0.0, 1.0],
                [0.739323, 0.0, -0.673351, -5e-06, -0.673351, 0.0, -0.739323, 2.021104, 0.0, 1.0, 0.0, 0.742176, 0.0, 0.0, 0.0, 1.0],
                [0.756428, 0.0, -0.654077, -5e-06, -0.654077, 0.0, -0.756428, 2.025263, 0.0, 1.0, 0.0, 0.742677, 0.0, 0.0, 0.0, 1.0],
                [0.772956, 0.0, -0.63446, -5e-06, -0.63446, 0.0, -0.772956, 2.029498, 0.0, 1.0, 0.0, 0.743157, 0.0, 0.0, 0.0, 1.0],
                [0.788886, 0.0, -0.614539, -5e-06, -0.614539, 0.0, -0.788886, 2.033803, 0.0, 1.0, 0.0, 0.743616, 0.0, 0.0, 0.0, 1.0],
                [0.8042, 0.0, -0.594359, -5e-06, -0.594359, 0.0, -0.8042, 2.038171, 0.0, 1.0, 0.0, 0.744055, 0.0, 0.0, 0.0, 1.0],
                [0.818882, 0.0, -0.573962, -5e-06, -0.573962, 0.0, -0.818882, 2.042593, 0.0, 1.0, 0.0, 0.744473, 0.0, 0.0, 0.0, 1.0],
                [0.83292, 0.0, -0.553394, -5e-06, -0.553394, 0.0, -0.83292, 2.047062, 0.0, 1.0, 0.0, 0.744873, 0.0, 0.0, 0.0, 1.0],
                [0.846305, 0.0, -0.532698, -5e-06, -0.532698, 0.0, -0.846305, 2.051571, 0.0, 1.0, 0.0, 0.745253, 0.0, 0.0, 0.0, 1.0],
                [0.859033, 0.0, -0.51192, -5e-06, -0.51192, 0.0, -0.859033, 2.056113, 0.0, 1.0, 0.0, 0.745614, 0.0, 0.0, 0.0, 1.0],
                [0.871101, 0.0, -0.491105, -5e-06, -0.491105, 0.0, -0.871101, 2.060682, 0.0, 1.0, 0.0, 0.745958, 0.0, 0.0, 0.0, 1.0],
                [0.882508, 0.0, -0.470297, -5e-06, -0.470297, 0.0, -0.882508, 2.065268, 0.0, 1.0, 0.0, 0.746284, 0.0, 0.0, 0.0, 1.0],
                [0.89326, 0.0, -0.449541, -5e-06, -0.449541, 0.0, -0.89326, 2.069865, 0.0, 1.0, 0.0, 0.746593, 0.0, 0.0, 0.0, 1.0],
                [0.903361, 0.0, -0.42888, -5e-06, -0.42888, 0.0, -0.903361, 2.074466, 0.0, 1.0, 0.0, 0.746885, 0.0, 0.0, 0.0, 1.0],
                [0.912823, 0.0, -0.408356, -5e-06, -0.408356, 0.0, -0.912823, 2.079063, 0.0, 1.0, 0.0, 0.747161, 0.0, 0.0, 0.0, 1.0],
                [0.921655, 0.0, -0.388011, -5e-06, -0.388011, 0.0, -0.921655, 2.083649, 0.0, 1.0, 0.0, 0.747421, 0.0, 0.0, 0.0, 1.0],
                [0.929872, 0.0, -0.367884, -5e-06, -0.367884, 0.0, -0.929872, 2.088217, 0.0, 1.0, 0.0, 0.747666, 0.0, 0.0, 0.0, 1.0],
                [0.93749, 0.0, -0.348013, -5e-06, -0.348013, 0.0, -0.93749, 2.092759, 0.0, 1.0, 0.0, 0.747895, 0.0, 0.0, 0.0, 1.0],
                [0.944526, 0.0, -0.328437, -5e-06, -0.328437, 0.0, -0.944526, 2.097269, 0.0, 1.0, 0.0, 0.748111, 0.0, 0.0, 0.0, 1.0],
                [0.951001, 0.0, -0.309189, -5e-06, -0.309189, 0.0, -0.951001, 2.101738, 0.0, 1.0, 0.0, 0.748313, 0.0, 0.0, 0.0, 1.0],
                [0.956935, 0.0, -0.290304, -5e-06, -0.290304, 0.0, -0.956935, 2.10616, 0.0, 1.0, 0.0, 0.748501, 0.0, 0.0, 0.0, 1.0],
                [0.96235, 0.0, -0.271813, -5e-06, -0.271813, 0.0, -0.96235, 2.110527, 0.0, 1.0, 0.0, 0.748676, 0.0, 0.0, 0.0, 1.0],
                [0.96727, 0.0, -0.253748, -5e-06, -0.253748, 0.0, -0.96727, 2.114832, 0.0, 1.0, 0.0, 0.748839, 0.0, 0.0, 0.0, 1.0],
                [0.97172, 0.0, -0.236135, -5e-06, -0.236135, 0.0, -0.97172, 2.119067, 0.0, 1.0, 0.0, 0.74899, 0.0, 0.0, 0.0, 1.0],
                [0.975724, 0.0, -0.219003, -5e-06, -0.219003, 0.0, -0.975724, 2.123227, 0.0, 1.0, 0.0, 0.749129, 0.0, 0.0, 0.0, 1.0],
                [0.979308, 0.0, -0.202376, -5e-06, -0.202376, 0.0, -0.979308, 2.127302, 0.0, 1.0, 0.0, 0.749257, 0.0, 0.0, 0.0, 1.0],
                [0.982497, 0.0, -0.186278, -5e-06, -0.186278, 0.0, -0.982497, 2.131285, 0.0, 1.0, 0.0, 0.749374, 0.0, 0.0, 0.0, 1.0],
                [0.985318, 0.0, -0.170731, -5e-06, -0.170731, 0.0, -0.985318, 2.13517, 0.0, 1.0, 0.0, 0.749481, 0.0, 0.0, 0.0, 1.0],
                [0.987796, 0.0, -0.155755, -5e-06, -0.155755, 0.0, -0.987796, 2.13895, 0.0, 1.0, 0.0, 0.749579, 0.0, 0.0, 0.0, 1.0],
                [0.989957, 0.0, -0.14137, -5e-06, -0.14137, 0.0, -0.989957, 2.142616, 0.0, 1.0, 0.0, 0.749667, 0.0, 0.0, 0.0, 1.0],
                [0.991826, 0.0, -0.127595, -5e-06, -0.127595, 0.0, -0.991826, 2.146162, 0.0, 1.0, 0.0, 0.749746, 0.0, 0.0, 0.0, 1.0],
                [0.99343, 0.0, -0.114445, -5e-06, -0.114445, 0.0, -0.99343, 2.14958, 0.0, 1.0, 0.0, 0.749817, 0.0, 0.0, 0.0, 1.0],
                [0.994791, 0.0, -0.101936, -5e-06, -0.101936, 0.0, -0.994791, 2.152862, 0.0, 1.0, 0.0, 0.749881, 0.0, 0.0, 0.0, 1.0],
                [0.995934, 0.0, -0.090085, -5e-06, -0.090085, 0.0, -0.995934, 2.156003, 0.0, 1.0, 0.0, 0.749936, 0.0, 0.0, 0.0, 1.0],
                [0.996882, 0.0, -0.078904, -5e-06, -0.078904, 0.0, -0.996882, 2.158993, 0.0, 1.0, 0.0, 0.749985, 0.0, 0.0, 0.0, 1.0],
                [0.997657, 0.0, -0.068408, -5e-06, -0.068408, 0.0, -0.997657, 2.161827, 0.0, 1.0, 0.0, 0.750027, 0.0, 0.0, 0.0, 1.0],
                [0.998281, 0.0, -0.058609, -5e-06, -0.058609, 0.0, -0.998281, 2.164497, 0.0, 1.0, 0.0, 0.750063, 0.0, 0.0, 0.0, 1.0],
                [0.998773, 0.0, -0.04952, -5e-06, -0.04952, 0.0, -0.998773, 2.166995, 0.0, 1.0, 0.0, 0.750094, 0.0, 0.0, 0.0, 1.0],
                [0.999153, 0.0, -0.041154, -5e-06, -0.041154, 0.0, -0.999153, 2.169313, 0.0, 1.0, 0.0, 0.75012, 0.0, 0.0, 0.0, 1.0],
                [0.999438, 0.0, -0.033523, -5e-06, -0.033523, 0.0, -0.999438, 2.171446, 0.0, 1.0, 0.0, 0.750141, 0.0, 0.0, 0.0, 1.0],
                [0.999645, 0.0, -0.026638, -5e-06, -0.026638, 0.0, -0.999645, 2.173385, 0.0, 1.0, 0.0, 0.750157, 0.0, 0.0, 0.0, 1.0],
                [0.99979, 0.0, -0.020513, -5e-06, -0.020513, 0.0, -0.99979, 2.175124, 0.0, 1.0, 0.0, 0.75017, 0.0, 0.0, 0.0, 1.0],
                [0.999885, 0.0, -0.015159, -5e-06, -0.015159, 0.0, -0.999885, 2.176654, 0.0, 1.0, 0.0, 0.75018, 0.0, 0.0, 0.0, 1.0],
                [0.999944, 0.0, -0.01059, -5e-06, -0.01059, 0.0, -0.999944, 2.177969, 0.0, 1.0, 0.0, 0.750187, 0.0, 0.0, 0.0, 1.0],
                [0.999977, 0.0, -0.006819, -5e-06, -0.006819, 0.0, -0.999977, 2.179061, 0.0, 1.0, 0.0, 0.750192, 0.0, 0.0, 0.0, 1.0],
                [0.999993, 0.0, -0.00386, -5e-06, -0.00386, 0.0, -0.999993, 2.179924, 0.0, 1.0, 0.0, 0.750195, 0.0, 0.0, 0.0, 1.0],
                [0.999999, 0.0, -0.001726, -5e-06, -0.001726, 0.0, -0.999999, 2.180549, 0.0, 1.0, 0.0, 0.750196, 0.0, 0.0, 0.0, 1.0],
                [1.0, 0.0, -0.000434, -5e-06, -0.000434, 0.0, -1.0, 2.180929, 0.0, 1.0, 0.0, 0.750197, 0.0, 0.0, 0.0, 1.0],
                [1.0, 0.0, 0.0, -5e-06, 0.0, 0.0, -1.0, 2.181057, 0.0, 1.0, 0.0, 0.750197, 0.0, 0.0, 0.0, 1.0]
            ]
        },
        {
            "name": "Thigh_R",
            "time": [0.0, 0.0167, 0.0333, 0.05, 0.0667, 0.0833, 0.1, 0.1167, 0.1333, 0.15, 0.1667, 0.1833, 0.2, 0.2167, 0.2333, 0.25, 0.2667, 0.2833, 0.3, 0.3167, 0.3333, 0.35, 0.3667, 0.3833, 0.4, 0.4167, 0.4333, 0.45, 0.4667, 0.4833, 0.5, 0.5167, 0.5333, 0.55, 0.5667, 0.5833, 0.6, 0.6167, 0.6333, 0.65, 0.6667, 0.6833, 0.7, 0.7167, 0.7333, 0.75, 0.7667, 0.7833, 0.8, 0.8167, 0.8333, 0.85, 0.8667, 0.8833, 0.9, 0.9167, 0.9333, 0.95, 0.9667, 0.9833, 1.0, 1.0167, 1.0333, 1.05, 1.0667, 1.0833, 1.1, 1.1167, 1.1333, 1.15, 1.1667, 1.1833, 1.2, 1.2167, 1.2333, 1.25, 1.2667, 1.2833, 1.3, 1.3167, 1.3333, 1.35, 1.3667, 1.3833, 1.4, 1.4167, 1.4333, 1.45, 1.4667, 1.4833, 1.5, 1.5167, 1.5333, 1.55, 1.5667, 1.5833, 1.6, 1.6167, 1.6333, 1.65, 1.6667, 1.6833, 1.7, 1.7167, 1.7333, 1.75, 1.7667, 1.7833, 1.8, 1.8167, 1.8333, 1.85, 1.8667, 1.8833, 1.9, 1.9167, 1.9333, 1.95, 1.9667, 1.9833, 2.0, 2.0167, 2.0333, 2.05, 2.0667, 2.0833, 2.1, 2.1167, 2.1333, 2.15, 2.1667, 2.1833, 2.2, 2.2167, 2.2333, 2.25, 2.2667, 2.2833, 2.3, 2.3167, 2.3333, 2.35, 2.3667, 2.3833, 2.4, 2.4167, 2.4333, 2.45, 2.4667, 2.4833, 2.5],
            "transform": [
                [0.991421, 0.089686, 0.095081, 0.124994, 0.084013, -0.994526, 0.06209, -0.002831, 0.100129, -0.053569, -0.993532, -1.2e-05, 0.0, 0.0, 0.0, 1.0],
                [0.990341, 0.101514, 0.094439, 0.124994, 0.095409, -0.993174, 0.067069, -0.002831, 0.100603, -0.057411, -0.993269, -1.2e-05, 0.0, 0.0, 0.0, 1.0],
                [0.986718, 0.133606, 0.092392, 0.124994, 0.126333, -0.988708, 0.080568, -0.002831, 0.102113, -0.067826, -0.992458, -1.2e-05, 0.0, 0.0, 0.0, 1.0],
                [0.979529, 0.180771, 0.088566, 0.124994, 0.171784, -0.980005, 0.100379, -0.002831, 0.104941, -0.083109, -0.991, -1.2e-05, 0.0, 0.0, 0.0, 1.0],
                [0.967842, 0.237597, 0.08263, 0.124994, 0.226554, -0.966045, 0.124201, -0.002831, 0.109334, -0.101486, -0.988811, -1.2e-05, 0.0, 0.0, 0.0, 1.0],
                [0.951483, 0.298523, 0.074586, 0.124994, 0.285284, -0.94668, 0.149684, -0.002831, 0.115293, -0.121143, -0.985917, -1.2e-05, 0.0, 0.0, 0.0, 1.0],
                [0.931423, 0.358096, 0.064938, 0.124994, 0.342721, -0.923079, 0.174538, -0.002831, 0.122445, -0.140313, -0.982507, -1.2e-05, 0.0, 0.0, 0.0, 1.0],
                [0.909853, 0.411306, 0.054719, 0.124994, 0.394032, -0.897803, 0.196682, -0.002831, 0.130023, -0.157391, -0.97894, -1.2e-05, 0.0, 0.0, 0.0, 1.0],
                [0.889939, 0.453815, 0.045378, 0.124994, 0.435031, -0.874532, 0.214332, -0.002831, 0.136952, -0.171001, -0.975707, -1.2e-05, 0.0, 0.0, 0.0, 1.0],
                [0.875373, 0.481904, 0.038589, 0.124994, 0.462126, -0.857538, 0.225973, -0.002831, 0.141989, -0.179977, -0.973369, -1.2e-05, 0.0, 0.0, 0.0, 1.0],
                [0.8698, 0.492088, 0.035999, 0.124994, 0.471951, -0.851042, 0.23019, -0.002831, 0.143911, -0.183228, -0.97248, -1.2e-05, 0.0, 0.0, 0.0, 1.0],
                [0.8698, 0.492088, 0.036, 0.124994, 0.471951, -0.851042, 0.23019, -0.002831, 0.143911, -0.183228, -0.97248, -1.2e-05, 0.0, 0.0, 0.0, 1.0],
                [0.8698, 0.492088, 0.036, 0.124994, 0.471951, -0.851042, 0.23019, -0.002831, 0.143911, -0.183228, -0.97248, -1.2e-05, 0.0, 0.0, 0.0, 1.0],
                [0.8698, 0.492088, 0.036, 0.124994, 0.471951, -0.851042, 0.23019, -0.002831, 0.143911, -0.183228, -0.97248, -1.2e-05, 0.0, 0.0, 0.0, 1.0],
                [0.8698, 0.492088, 0.036, 0.124994, 0.471951, -0.851042, 0.23019, -0.002831, 0.143911, -0.183228, -0.97248, -1.2e-05, 0.0, 0.0, 0.0, 1.0],
                [0.8698, 0.492088, 0.036, 0.124994, 0.471951, -0.851042, 0.23019, -0.002831, 0.143911, -0.183228, -0.97248, -1.2e-05, 0.0, 0.0, 0.0, 1.0],
                [0.886249, 0.46085, 0.04668, 0.124994, 0.44298, -0.872684, 0.205396, -0.002831, 0.135393, -0.161353, -0.977565, -1.2e-05, 0.0, 0.0, 0.0, 1.0],
                [0.921182, 0.382742, 0.07022, 0.124994, 0.370271, -0.917641, 0.144328, -0.002831, 0.119678, -0.106951, -0.987036, -1.2e-05, 0.0, 0.0, 0.0, 1.0],
                [0.954082, 0.284046, 0.095101, 0.124994, 0.278362, -0.958009, 0.068767, -0.002831, 0.110641, -0.039137, -0.99309, -1.2e-05, 0.0, 0.0, 0.0, 1.0],
                [0.97315, 0.198025, 0.117324, 0.124994, 0.198881, -0.980011, 0.004492, -0.002831, 0.115868, 0.018962, -0.993084, -1.2e-05, 0.0, 0.0, 0.0, 1.0],
                [0.976803, 0.160886, 0.141317, 0.124994, 0.165498, -0.985975, -0.021435, -0.002831, 0.135886, 0.044326, -0.989733, -1.2e-05, 0.0, 0.0, 0.0, 1.0],
                [0.966366, 0.182344, 0.181345, 0.124994, 0.186919, -0.982338, -0.008316, -0.002831, 0.176626, 0.041933, -0.983385, -1.2e-05, 0.0, 0.0, 0.0, 1.0],
                [0.939377, 0.242722, 0.242189, 0.124994, 0.243634, -0.969499, 0.026653, -0.002831, 0.241271, 0.033969, -0.969863, -1.2e-05, 0.0, 0.0, 0.0, 1.0],
                [0.889015, 0.333068, 0.314193, 0.124994, 0.323347, -0.942522, 0.08423, -0.002831, 0.324189, 0.026712, -0.945615, -1.2e-05, 0.0, 0.0, 0.0, 1.0],
                [0.810118, 0.441785, 0.3854, 0.124994, 0.411397, -0.89673, 0.163165, -0.002831, 0.417684, 0.02637, -0.90821, -1.2e-05, 0.0, 0.0, 0.0, 1.0],
                [0.704034, 0.554491, 0.443705, 0.124994, 0.492281, -0.831369, 0.257843, -0.002831, 0.511854, 0.036898, -0.85828, -1.2e-05, 0.0, 0.0, 0.0, 1.0],
                [0.580929, 0.656866, 0.480674, 0.124994, 0.553616, -0.751771, 0.358255, -0.002831, 0.596683, 0.057988, -0.800379, -1.2e-05, 0.0, 0.0, 0.0, 1.0],
                [0.457689, 0.738837, 0.494609, 0.124994, 0.590035, -0.668542, 0.452668, -0.002831, 0.665115, 0.084655, -0.741926, -1.2e-05, 0.0, 0.0, 0.0, 1.0],
                [0.352814, 0.796838, 0.490478, 0.124994, 0.6039, -0.594311, 0.531128, -0.002831, 0.71472, 0.10881, -0.690894, -1.2e-05, 0.0, 0.0, 0.0, 1.0],
                [0.282187, 0.83243, 0.476895, 0.124994, 0.602373, -0.54063, 0.587252, -0.002831, 0.74667, 0.121554, -0.653994, -1.2e-05, 0.0, 0.0, 0.0, 1.0],
                [0.258192, 0.848293, 0.462312, 0.124994, 0.592891, -0.516955, 0.617444, -0.002831, 0.762768, 0.114682, -0.636422, -1.2e-05, 0.0, 0.0, 0.0, 1.0],
                [0.266253, 0.852394, 0.450035, 0.124994, 0.580595, -0.51451, 0.631022, -0.002831, 0.769427, 0.093276, -0.631887, -1.2e-05, 0.0, 0.0, 0.0, 1.0],
                [0.283861, 0.852399, 0.439132, 0.124994, 0.567369, -0.518506, 0.639721, -0.002831, 0.772991, 0.067558, -0.63081, -1.2e-05, 0.0, 0.0, 0.0, 1.0],
                [0.309823, 0.848263, 0.429484, 0.124994, 0.553156, -0.528207, 0.644216, -0.002831, 0.773322, 0.037979, -0.632875, -1.2e-05, 0.0, 0.0, 0.0, 1.0],
                [0.342931, 0.839808, 0.420854, 0.124994, 0.537758, -0.542855, 0.645076, -0.002831, 0.770204, 0.005101, -0.637777, -1.2e-05, 0.0, 0.0, 0.0, 1.0],
                [0.381933, 0.826806, 0.412936, 0.124994, 0.520905, -0.561661, 0.642802, -0.002831, 0.763403, -0.030407, -0.645206, -1.2e-05, 0.0, 0.0, 0.0, 1.0],
                [0.425521, 0.809063, 0.405395, 0.124994, 0.502325, -0.583797, 0.637848, -0.002831, 0.752729, -0.067777, -0.654832, -1.2e-05, 0.0, 0.0, 0.0, 1.0],
                [0.472328, 0.786496, 0.397904, 0.124994, 0.481802, -0.608398, 0.630648, -0.002831, 0.738087, -0.106161, -0.666301, -1.2e-05, 0.0, 0.0, 0.0, 1.0],
                [0.520947, 0.759195, 0.390172, 0.124994, 0.459223, -0.63458, 0.621627, -0.002831, 0.719532, -0.144658, -0.679225, -1.2e-05, 0.0, 0.0, 0.0, 1.0],
                [0.569976, 0.727472, 0.38198, 0.124994, 0.43462, -0.661457, 0.61121, -0.002831, 0.697303, -0.182358, -0.693191, -1.2e-05, 0.0, 0.0, 0.0, 1.0],
                [0.618068, 0.691889, 0.373202, 0.124994, 0.408191, -0.688178, 0.599824, -0.002831, 0.671842, -0.218394, -0.707766, -1.2e-05, 0.0, 0.0, 0.0, 1.0],
                [0.663994, 0.653259, 0.363817, 0.124994, 0.38031, -0.713967, 0.587889, -0.002831, 0.643798, -0.25199, -0.722513, -1.2e-05, 0.0, 0.0, 0.0, 1.0],
                [0.706704, 0.612623, 0.353923, 0.124994, 0.35152, -0.738155, 0.575811, -0.002831, 0.614005, -0.282516, -0.737009, -1.2e-05, 0.0, 0.0, 0.0, 1.0],
                [0.745371, 0.571202, 0.343726, 0.124994, 0.322504, -0.760213, 0.563972, -0.002831, 0.583448, -0.309514, -0.750859, -1.2e-05, 0.0, 0.0, 0.0, 1.0],
                [0.779416, 0.530343, 0.333535, 0.124994, 0.294057, -0.779763, 0.552719, -0.002831, 0.553209, -0.332719, -0.763713, -1.2e-05, 0.0, 0.0, 0.0, 1.0],
                [0.808501, 0.491448, 0.323733, 0.124994, 0.267035, -0.796577, 0.542361, -0.002831, 0.524421, -0.352051, -0.77527, -1.2e-05, 0.0, 0.0, 0.0, 1.0],
                [0.832502, 0.455924, 0.314759, 0.124994, 0.242325, -0.810561, 0.533167, -0.002831, 0.498216, -0.367587, -0.785277, -1.2e-05, 0.0, 0.0, 0.0, 1.0],
                [0.851447, 0.425133, 0.307083, 0.124994, 0.220809, -0.821718, 0.525376, -0.002831, 0.475691, -0.379522, -0.793524, -1.2e-05, 0.0, 0.0, 0.0, 1.0],
                [0.865447, 0.400366, 0.301177, 0.124994, 0.203334, -0.830106, 0.519207, -0.002831, 0.457883, -0.388106, -0.799823, -1.2e-05, 0.0, 0.0, 0.0, 1.0],
                [0.874604, 0.382834, 0.297497, 0.124994, 0.190706, -0.83578, 0.514878, -0.002831, 0.445756, -0.393579, -0.803988, -1.2e-05, 0.0, 0.0, 0.0, 1.0],
                [0.878912, 0.373664, 0.296458, 0.124994, 0.183673, -0.838732, 0.51263, -0.002831, 0.440201, -0.396104, -0.805807, -1.2e-05, 0.0, 0.0, 0.0, 1.0],
                [0.880712, 0.369066, 0.296875, 0.124994, 0.179731, -0.840303, 0.511453, -0.002831, 0.438226, -0.397085, -0.806401, -1.2e-05, 0.0, 0.0, 0.0, 1.0],
                [0.882448, 0.364539, 0.297313, 0.124994, 0.175905, -0.841895, 0.510163, -0.002831, 0.436281, -0.397893, -0.807056, -1.2e-05, 0.0, 0.0, 0.0, 1.0],
                [0.884123, 0.360082, 0.29777, 0.124994, 0.172193, -0.84351, 0.508761, -0.002831, 0.434368, -0.398532, -0.807772, -1.2e-05, 0.0, 0.0, 0.0, 1.0],
                [0.885737, 0.355694, 0.298246, 0.124994, 0.168593, -0.845145, 0.50725, -0.002831, 0.432488, -0.399007, -0.808546, -1.2e-05, 0.0, 0.0, 0.0, 1.0],
                [0.887293, 0.351375, 0.298739, 0.124994, 0.165103, -0.846802, 0.505633, -0.002831, 0.43064, -0.39932, -0.809377, -1.2e-05, 0.0, 0.0, 0.0, 1.0],
                [0.888794, 0.347125, 0.299248, 0.124994, 0.161721, -0.84848, 0.50391, -0.002831, 0.428826, -0.399476, -0.810263, -1.2e-05, 0.0, 0.0, 0.0, 1.0],
                [0.89024, 0.342943, 0.299771, 0.124994, 0.158445, -0.850178, 0.502085, -0.002831, 0.427046, -0.399478, -0.811202, -1.2e-05, 0.0, 0.0, 0.0, 1.0],
                [0.891633, 0.338828, 0.300307, 0.124994, 0.155273, -0.851896, 0.50016, -0.002831, 0.4253, -0.399328, -0.812192, -1.2e-05, 0.0, 0.0, 0.0, 1.0],
                [0.892976, 0.33478, 0.300857, 0.124994, 0.152203, -0.853634, 0.498137, -0.002831, 0.423588, -0.399032, -0.813232, -1.2e-05, 0.0, 0.0, 0.0, 1.0],
                [0.89427, 0.330798, 0.301417, 0.124994, 0.149233, -0.85539, 0.496018, -0.002831, 0.421912, -0.398591, -0.814319, -1.2e-05, 0.0, 0.0, 0.0, 1.0],
                [0.895517, 0.326882, 0.301988, 0.124994, 0.146362, -0.857165, 0.493805, -0.002831, 0.42027, -0.39801, -0.815451, -1.2e-05, 0.0, 0.0, 0.0, 1.0],
                [0.896718, 0.32303, 0.302569, 0.124994, 0.143588, -0.858956, 0.491502, -0.002831, 0.418664, -0.397292, -0.816627, -1.2e-05, 0.0, 0.0, 0.0, 1.0],
                [0.897874, 0.319243, 0.303158, 0.124994, 0.140908, -0.860764, 0.489108, -0.002831, 0.417092, -0.396439, -0.817844, -1.2e-05, 0.0, 0.0, 0.0, 1.0],
                [0.898988, 0.31552, 0.303755, 0.124994, 0.138321, -0.862588, 0.486628, -0.002831, 0.415556, -0.395456, -0.819102, -1.2e-05, 0.0, 0.0, 0.0, 1.0],
                [0.900061, 0.311859, 0.304358, 0.124994, 0.135826, -0.864425, 0.484063, -0.002831, 0.414055, -0.394345, -0.820396, -1.2e-05, 0.0, 0.0, 0.0, 1.0],
                [0.901093, 0.308261, 0.304968, 0.124994, 0.133421, -0.866277, 0.481415, -0.002831, 0.412589, -0.393109, -0.821727, -1.2e-05, 0.0, 0.0, 0.0, 1.0],
                [0.902087, 0.304725, 0.305584, 0.124994, 0.131103, -0.868141, 0.478686, -0.002831, 0.411158, -0.391752, -0.823092, -1.2e-05, 0.0, 0.0, 0.0, 1.0],
                [0.903043, 0.301249, 0.306204, 0.124994, 0.128872, -0.870016, 0.475879, -0.002831, 0.409761, -0.390276, -0.824488, -1.2e-05, 0.0, 0.0, 0.0, 1.0],
                [0.903964, 0.297835, 0.306828, 0.124994, 0.126726, -0.871902, 0.472995, -0.002831, 0.408399, -0.388686, -0.825914, -1.2e-05, 0.0, 0.0, 0.0, 1.0],
                [0.904849, 0.29448, 0.307456, 0.124994, 0.124663, -0.873797, 0.470037, -0.002831, 0.407071, -0.386983, -0.827368, -1.2e-05, 0.0, 0.0, 0.0, 1.0],
                [0.9057, 0.291185, 0.308087, 0.124994, 0.122682, -0.8757, 0.467007, -0.002831, 0.405777, -0.38517, -0.828848, -1.2e-05, 0.0, 0.0, 0.0, 1.0],
                [0.906519, 0.287948, 0.308719, 0.124994, 0.120781, -0.87761, 0.463907, -0.002831, 0.404517, -0.383252, -0.830352, -1.2e-05, 0.0, 0.0, 0.0, 1.0],
                [0.907307, 0.284769, 0.309354, 0.124994, 0.118958, -0.879526, 0.460739, -0.002831, 0.403289, -0.38123, -0.831878, -1.2e-05, 0.0, 0.0, 0.0, 1.0],
                [0.908064, 0.281648, 0.30999, 0.124994, 0.117213, -0.881446, 0.457506, -0.002831, 0.402095, -0.379108, -0.833424, -1.2e-05, 0.0, 0.0, 0.0, 1.0],
                [0.908791, 0.278584, 0.310626, 0.124994, 0.115543, -0.883369, 0.454209, -0.002831, 0.400933, -0.376889, -0.834989, -1.2e-05, 0.0, 0.0, 0.0, 1.0],
                [0.90949, 0.275576, 0.311263, 0.124994, 0.113947, -0.885294, 0.450852, -0.002831, 0.399803, -0.374577, -0.83657, -1.2e-05, 0.0, 0.0, 0.0, 1.0],
                [0.910162, 0.272623, 0.311899, 0.124994, 0.112423, -0.88722, 0.447435, -0.002831, 0.398705, -0.372172, -0.838166, -1.2e-05, 0.0, 0.0, 0.0, 1.0],
                [0.910807, 0.269726, 0.312535, 0.124994, 0.110971, -0.889146, 0.443962, -0.002831, 0.397638, -0.36968, -0.839774, -1.2e-05, 0.0, 0.0, 0.0, 1.0],
                [0.911426, 0.266883, 0.31317, 0.124994, 0.109589, -0.891069, 0.440435, -0.002831, 0.396601, -0.367103, -0.841393, -1.2e-05, 0.0, 0.0, 0.0, 1.0],
                [0.91202, 0.264095, 0.313803, 0.124994, 0.108274, -0.89299, 0.436856, -0.002831, 0.395595, -0.364443, -0.843022, -1.2e-05, 0.0, 0.0, 0.0, 1.0],
                [0.91259, 0.26136, 0.314435, 0.124994, 0.107027, -0.894906, 0.433227, -0.002831, 0.394618, -0.361704, -0.844657, -1.2e-05, 0.0, 0.0, 0.0, 1.0],
                [0.913137, 0.258677, 0.315065, 0.124994, 0.105845, -0.896816, 0.429551, -0.002831, 0.39367, -0.35889, -0.846299, -1.2e-05, 0.0, 0.0, 0.0, 1.0],
                [0.913662, 0.256047, 0.315691, 0.124994, 0.104727, -0.89872, 0.42583, -0.002831, 0.392751, -0.356002, -0.847944, -1.2e-05, 0.0, 0.0, 0.0, 1.0],
                [0.914165, 0.253469, 0.316316, 0.124994, 0.103672, -0.900616, 0.422066, -0.002831, 0.39186, -0.353044, -0.849591, -1.2e-05, 0.0, 0.0, 0.0, 1.0],
                [0.914647, 0.250942, 0.316937, 0.124994, 0.102678, -0.902502, 0.418263, -0.002831, 0.390996, -0.350019, -0.851239, -1.2e-05, 0.0, 0.0, 0.0, 1.0],
                [0.915108, 0.248466, 0.317554, 0.124994, 0.101744, -0.904378, 0.414422, -0.002831, 0.390159, -0.34693, -0.852886, -1.2e-05, 0.0, 0.0, 0.0, 1.0],
                [0.91555, 0.24604, 0.318168, 0.124994, 0.100869, -0.906242, 0.410546, -0.002831, 0.389349, -0.343781, -0.854531, -1.2e-05, 0.0, 0.0, 0.0, 1.0],
                [0.915973, 0.243664, 0.318778, 0.124994, 0.100051, -0.908093, 0.406637, -0.002831, 0.388564, -0.340573, -0.85617, -1.2e-05, 0.0, 0.0, 0.0, 1.0],
                [0.916378, 0.241338, 0.319384, 0.124994, 0.099289, -0.90993, 0.402698, -0.002831, 0.387804, -0.337311, -0.857805, -1.2e-05, 0.0, 0.0, 0.0, 1.0],
                [0.916765, 0.23906, 0.319986, 0.124994, 0.098581, -0.911752, 0.398732, -0.002831, 0.387069, -0.333998, -0.859432, -1.2e-05, 0.0, 0.0, 0.0, 1.0],
                [0.917135, 0.23683, 0.320583, 0.124994, 0.097927, -0.913557, 0.394741, -0.002831, 0.386358, -0.330636, -0.86105, -1.2e-05, 0.0, 0.0, 0.0, 1.0],
                [0.917489, 0.234649, 0.321175, 0.124994, 0.097324, -0.915345, 0.390728, -0.002831, 0.38567, -0.327229, -0.862658, -1.2e-05, 0.0, 0.0, 0.0, 1.0],
                [0.917826, 0.232514, 0.321762, 0.124994, 0.096772, -0.917114, 0.386695, -0.002831, 0.385005, -0.323781, -0.864255, -1.2e-05, 0.0, 0.0, 0.0, 1.0],
                [0.918149, 0.230427, 0.322344, 0.124994, 0.096269, -0.918864, 0.382646, -0.002831, 0.384362, -0.320293, -0.865839, -1.2e-05, 0.0, 0.0, 0.0, 1.0],
                [0.918456, 0.228386, 0.32292, 0.124994, 0.095814, -0.920593, 0.378582, -0.002831, 0.383741, -0.31677, -0.86741, -1.2e-05, 0.0, 0.0, 0.0, 1.0],
                [0.918749, 0.226392, 0.323491, 0.124994, 0.095405, -0.922301, 0.374507, -0.002831, 0.383142, -0.313214, -0.868964, -1.2e-05, 0.0, 0.0, 0.0, 1.0],
                [0.919028, 0.224443, 0.324056, 0.124994, 0.095041, -0.923986, 0.370423, -0.002831, 0.382562, -0.30963, -0.870503, -1.2e-05, 0.0, 0.0, 0.0, 1.0],
                [0.919294, 0.222539, 0.324615, 0.124994, 0.094721, -0.925648, 0.366334, -0.002831, 0.382003, -0.30602, -0.872024, -1.2e-05, 0.0, 0.0, 0.0, 1.0],
                [0.919546, 0.22068, 0.325168, 0.124994, 0.094444, -0.927285, 0.362242, -0.002831, 0.381463, -0.302387, -0.873526, -1.2e-05, 0.0, 0.0, 0.0, 1.0],
                [0.919786, 0.218866, 0.325714, 0.124994, 0.094207, -0.928897, 0.358149, -0.002831, 0.380942, -0.298735, -0.875009, -1.2e-05, 0.0, 0.0, 0.0, 1.0],
                [0.920015, 0.217095, 0.326254, 0.124994, 0.094011, -0.930484, 0.35406, -0.002831, 0.38044, -0.295068, -0.87647, -1.2e-05, 0.0, 0.0, 0.0, 1.0],
                [0.920231, 0.215369, 0.326788, 0.124994, 0.093853, -0.932043, 0.349976, -0.002831, 0.379955, -0.291388, -0.877911, -1.2e-05, 0.0, 0.0, 0.0, 1.0],
                [0.920436, 0.213685, 0.327315, 0.124994, 0.093731, -0.933576, 0.345901, -0.002831, 0.379488, -0.287699, -0.879328, -1.2e-05, 0.0, 0.0, 0.0, 1.0],
                [0.92063, 0.212044, 0.327835, 0.124994, 0.093646, -0.93508, 0.341838, -0.002831, 0.379037, -0.284005, -0.880722, -1.2e-05, 0.0, 0.0, 0.0, 1.0],
                [0.920814, 0.210446, 0.328348, 0.124994, 0.093595, -0.936555, 0.337789, -0.002831, 0.378603, -0.280308, -0.882092, -1.2e-05, 0.0, 0.0, 0.0, 1.0],
                [0.920988, 0.20889, 0.328854, 0.124994, 0.093576, -0.938001, 0.333758, -0.002831, 0.378185, -0.276613, -0.883437, -1.2e-05, 0.0, 0.0, 0.0, 1.0],
                [0.921152, 0.207376, 0.329353, 0.124994, 0.09359, -0.939417, 0.329747, -0.002831, 0.377782, -0.272922, -0.884757, -1.2e-05, 0.0, 0.0, 0.0, 1.0],
                [0.921307, 0.205903, 0.329844, 0.124994, 0.093633, -0.940802, 0.32576, -0.002831, 0.377394, -0.26924, -0.88605, -1.2e-05, 0.0, 0.0, 0.0, 1.0],
