{
    "animation": [
        {
            "name": "Root",
            "time": [0.0, 0.0167, 0.0333, 0.05, 0.0667, 0.0833, 0.1, 0.1167, 0.1333, 0.15, 0.1667, 0.1833, 0.2, 0.2167, 0.2333, 0.25, 0.2667, 0.2833, 0.3, 0.3167, 0.3333, 0.35, 0.3667, 0.3833, 0.4, 0.4167, 0.4333, 0.45, 0.4667, 0.4833, 0.5, 0.5167, 0.5333, 0.55, 0.5667, 0.5833, 0.6, 0.6167, 0.6333, 0.65, 0.6667, 0.6833, 0.7, 0.7167, 0.7333, 0.75, 0.7667, 0.7833, 0.8, 0.8167, 0.8333, 0.85, 0.8667, 0.8833, 0.9, 0.9167, 0.9333, 0.95, 0.9667, 0.9833, 1.0, 1.0167, 1.0333, 1.05, 1.0667, 1.0833, 1.1, 1.1167, 1.1333, 1.15, 1.1667, 1.1833, 1.2, 1.2167, 1.2333, 1.25, 1.2667, 1.2833, 1.3, 1.3167, 1.3333, 1.35, 1.3667, 1.3833, 1.4, 1.4167, 1.4333, 1.45, 1.4667, 1.4833, 1.5, 1.5167, 1.5333, 1.55, 1.5667, 1.5833, 1.6, 1.6167, 1.6333, 1.65, 1.6667, 1.6833, 1.7, 1.7167, 1.7333, 1.75, 1.7667, 1.7833, 1.8, 1.8167, 1.8333, 1.85, 1.8667, 1.8833, 1.9, 1.9167, 1.9333, 1.95, 1.9667, 1.9833, 2.0, 2.0167, 2.0333, 2.05, 2.0667, 2.0833, 2.1, 2.1167, 2.1333, 2.15, 2.1667, 2.1833, 2.2, 2.2167, 2.2333, 2.25, 2.2667, 2.2833, 2.3, 2.3167, 2.3333],
            "transform": [
                [1.0, 0.0, 0.0, -5e-06, 0.0, 0.0, -1.0, 0.000946, 0.0, 1.0, 0.0, 0.763972, 0.0, 0.0, 0.0, 1.0],
                [0.990562, 0.0, -0.137068, -0.012841, -0.137068, 0.0, -0.990562, -0.011005, 0.0, 1.0, 0.0, 0.762673, 0.0, 0.0, 0.0, 1.0],
                [0.913786, 0.0, -0.406196, -0.043503, -0.406196, 0.0, -0.913786, -0.040494, 0.0, 1.0, 0.0, 0.759229, 0.0, 0.0, 0.0, 1.0],
                [0.802592, 0.0, -0.596528, -0.080217, -0.596528, 0.0, -0.802592, -0.077969, 0.0, 1.0, 0.0, 0.754315, 0.0, 0.0, 0.0, 1.0],
                [0.728976, 0.0, -0.684539, -0.11326, -0.684539, 0.0, -0.728976, -0.115395, 0.0, 1.0, 0.0, 0.748529, 0.0, 0.0, 0.0, 1.0],
                [0.662586, 0.0, -0.748986, -0.141104, -0.748986, 0.0, -0.662586, -0.150805, 0.0, 1.0, 0.0, 0.742141, 0.0, 0.0, 0.0, 1.0],
                [0.606526, 0.0, -0.795063, -0.16427, -0.795063, 0.0, -0.606526, -0.183745, 0.0, 1.0, 0.0, 0.735347, 0.0, 0.0, 0.0, 1.0],
                [0.561831, 0.0, -0.827252, -0.18328, -0.827252, 0.0, -0.561831, -0.213762, 0.0, 1.0, 0.0, 0.728337, 0.0, 0.0, 0.0, 1.0],
                [0.528218, 0.0, -0.849109, -0.198655, -0.849109, 0.0, -0.528218, -0.240403, 0.0, 1.0, 0.0, 0.721304, 0.0, 0.0, 0.0, 1.0],
                [0.504622, 0.0, -0.863341, -0.210917, -0.863341, 0.0, -0.504622, -0.263217, 0.0, 1.0, 0.0, 0.714442, 0.0, 0.0, 0.0, 1.0],
                [0.489524, 0.0, -0.87199, -0.220587, -0.87199, 0.0, -0.489524, -0.281748, 0.0, 1.0, 0.0, 0.707942, 0.0, 0.0, 0.0, 1.0],
                [0.481154, 0.0, -0.876636, -0.228186, -0.876636, 0.0, -0.481154, -0.295546, 0.0, 1.0, 0.0, 0.701997, 0.0, 0.0, 0.0, 1.0],
                [0.477597, 0.0, -0.878579, -0.234237, -0.878579, 0.0, -0.477597, -0.304157, 0.0, 1.0, 0.0, 0.6968, 0.0, 0.0, 0.0, 1.0],
                [0.47686, 0.0, -0.878979, -0.239259, -0.878979, 0.0, -0.47686, -0.307127, 0.0, 1.0, 0.0, 0.692542, 0.0, 0.0, 0.0, 1.0],
                [0.47686, 0.0, -0.878979, -0.243696, -0.878979, 0.0, -0.47686, -0.307127, 0.0, 1.0, 0.0, 0.689017, 0.0, 0.0, 0.0, 1.0],
                [0.47686, 0.0, -0.878979, -0.24767, -0.878979, 0.0, -0.47686, -0.307127, 0.0, 1.0, 0.0, 0.685873, 0.0, 0.0, 0.0, 1.0],
                [0.47686, 0.0, -0.878979, -0.251225, -0.878979, 0.0, -0.47686, -0.307127, 0.0, 1.0, 0.0, 0.683087, 0.0, 0.0, 0.0, 1.0],
                [0.47686, 0.0, -0.878979, -0.254403, -0.878979, 0.0, -0.47686, -0.307127, 0.0, 1.0, 0.0, 0.680639, 0.0, 0.0, 0.0, 1.0],
                [0.47686, 0.0, -0.878979, -0.257248, -0.878979, 0.0, -0.47686, -0.307127, 0.0, 1.0, 0.0, 0.678506, 0.0, 0.0, 0.0, 1.0],
                [0.47686, 0.0, -0.878979, -0.259805, -0.878979, 0.0, -0.47686, -0.307127, 0.0, 1.0, 0.0, 0.676667, 0.0, 0.0, 0.0, 1.0],
                [0.47686, 0.0, -0.878979, -0.262115, -0.878979, 0.0, -0.47686, -0.307127, 0.0, 1.0, 0.0, 0.6751, 0.0, 0.0, 0.0, 1.0],
                [0.47686, 0.0, -0.878979, -0.264222, -0.878979, 0.0, -0.47686, -0.307127, 0.0, 1.0, 0.0, 0.673782, 0.0, 0.0, 0.0, 1.0],
                [0.47686, 0.0, -0.878979, -0.266171, -0.878979, 0.0, -0.47686, -0.307127, 0.0, 1.0, 0.0, 0.672694, 0.0, 0.0, 0.0, 1.0],
                [0.47686, 0.0, -0.878979, -0.268003, -0.878979, 0.0, -0.47686, -0.307127, 0.0, 1.0, 0.0, 0.671812, 0.0, 0.0, 0.0, 1.0],
                [0.47686, 0.0, -0.878979, -0.269763, -0.878979, 0.0, -0.47686, -0.307127, 0.0, 1.0, 0.0, 0.671115, 0.0, 0.0, 0.0, 1.0],
                [0.47686, 0.0, -0.878979, -0.271494, -0.878979, 0.0, -0.47686, -0.307127, 0.0, 1.0, 0.0, 0.670581, 0.0, 0.0, 0.0, 1.0],
                [0.47686, 0.0, -0.878979, -0.273239, -0.878979, 0.0, -0.47686, -0.307127, 0.0, 1.0, 0.0, 0.670188, 0.0, 0.0, 0.0, 1.0],
                [0.47686, 0.0, -0.878979, -0.275041, -0.878979, 0.0, -0.47686, -0.307127, 0.0, 1.0, 0.0, 0.669915, 0.0, 0.0, 0.0, 1.0],
                [0.47686, 0.0, -0.878979, -0.276945, -0.878979, 0.0, -0.47686, -0.307127, 0.0, 1.0, 0.0, 0.669741, 0.0, 0.0, 0.0, 1.0],
                [0.47686, 0.0, -0.878979, -0.278993, -0.878979, 0.0, -0.47686, -0.307127, 0.0, 1.0, 0.0, 0.669642, 0.0, 0.0, 0.0, 1.0],
                [0.47686, 0.0, -0.878979, -0.281228, -0.878979, 0.0, -0.47686, -0.307127, 0.0, 1.0, 0.0, 0.669597, 0.0, 0.0, 0.0, 1.0],
                [0.47686, 0.0, -0.878979, -0.283695, -0.878979, 0.0, -0.47686, -0.307127, 0.0, 1.0, 0.0, 0.669586, 0.0, 0.0, 0.0, 1.0],
                [0.47686, 0.0, -0.878979, -0.286436, -0.878979, 0.0, -0.47686, -0.307127, 0.0, 1.0, 0.0, 0.669585, 0.0, 0.0, 0.0, 1.0],
                [0.47686, 0.0, -0.878979, -0.289495, -0.878979, 0.0, -0.47686, -0.307127, 0.0, 1.0, 0.0, 0.669573, 0.0, 0.0, 0.0, 1.0],
                [0.47686, 0.0, -0.878979, -0.292915, -0.878979, 0.0, -0.47686, -0.307127, 0.0, 1.0, 0.0, 0.669528, 0.0, 0.0, 0.0, 1.0],
                [0.47686, 0.0, -0.878979, -0.29674, -0.878979, 0.0, -0.47686, -0.307127, 0.0, 1.0, 0.0, 0.66943, 0.0, 0.0, 0.0, 1.0],
                [0.47686, 0.0, -0.878979, -0.301013, -0.878979, 0.0, -0.47686, -0.307127, 0.0, 1.0, 0.0, 0.669255, 0.0, 0.0, 0.0, 1.0],
                [0.47686, 0.0, -0.878979, -0.305777, -0.878979, 0.0, -0.47686, -0.307127, 0.0, 1.0, 0.0, 0.668982, 0.0, 0.0, 0.0, 1.0],
                [0.47686, 0.0, -0.878979, -0.311075, -0.878979, 0.0, -0.47686, -0.307127, 0.0, 1.0, 0.0, 0.668589, 0.0, 0.0, 0.0, 1.0],
                [0.47686, 0.0, -0.878979, -0.316952, -0.878979, 0.0, -0.47686, -0.307127, 0.0, 1.0, 0.0, 0.668055, 0.0, 0.0, 0.0, 1.0],
                [0.47686, 0.0, -0.878979, -0.32345, -0.878979, 0.0, -0.47686, -0.307127, 0.0, 1.0, 0.0, 0.667358, 0.0, 0.0, 0.0, 1.0],
                [0.47686, 0.0, -0.878979, -0.330613, -0.878979, 0.0, -0.47686, -0.307127, 0.0, 1.0, 0.0, 0.666476, 0.0, 0.0, 0.0, 1.0],
                [0.47686, 0.0, -0.878979, -0.338485, -0.878979, 0.0, -0.47686, -0.307127, 0.0, 1.0, 0.0, 0.665388, 0.0, 0.0, 0.0, 1.0],
                [0.47686, 0.0, -0.878979, -0.347107, -0.878979, 0.0, -0.47686, -0.307127, 0.0, 1.0, 0.0, 0.664071, 0.0, 0.0, 0.0, 1.0],
                [0.47686, 0.0, -0.878979, -0.356525, -0.878979, 0.0, -0.47686, -0.307127, 0.0, 1.0, 0.0, 0.662503, 0.0, 0.0, 0.0, 1.0],
                [0.47686, 0.0, -0.878979, -0.366781, -0.878979, 0.0, -0.47686, -0.307127, 0.0, 1.0, 0.0, 0.660664, 0.0, 0.0, 0.0, 1.0],
                [0.47686, 0.0, -0.878979, -0.377919, -0.878979, 0.0, -0.47686, -0.307127, 0.0, 1.0, 0.0, 0.658531, 0.0, 0.0, 0.0, 1.0],
                [0.47686, 0.0, -0.878979, -0.389981, -0.878979, 0.0, -0.47686, -0.307127, 0.0, 1.0, 0.0, 0.656083, 0.0, 0.0, 0.0, 1.0],
                [0.47686, 0.0, -0.878979, -0.403012, -0.878979, 0.0, -0.47686, -0.307127, 0.0, 1.0, 0.0, 0.653297, 0.0, 0.0, 0.0, 1.0],
                [0.47686, 0.0, -0.878979, -0.417055, -0.878979, 0.0, -0.47686, -0.307127, 0.0, 1.0, 0.0, 0.650153, 0.0, 0.0, 0.0, 1.0],
                [0.47686, 0.0, -0.878979, -0.432153, -0.878979, 0.0, -0.47686, -0.307127, 0.0, 1.0, 0.0, 0.646628, 0.0, 0.0, 0.0, 1.0],
                [0.456466, -0.033414, -0.889113, -0.459463, -0.888791, 0.029026, -0.457392, -0.275068, 0.04109, 0.99902, -0.016448, 0.618307, 0.0, 0.0, 0.0, 1.0],
                [0.394201, -0.119046, -0.911281, -0.506892, -0.907031, 0.109276, -0.406638, -0.192388, 0.147989, 0.986857, -0.064901, 0.551258, 0.0, 0.0, 0.0, 1.0],
                [0.286726, -0.230539, -0.92986, -0.56961, -0.912585, 0.229615, -0.338327, -0.079335, 0.291507, 0.945584, -0.14455, 0.461185, 0.0, 0.0, 0.0, 1.0],
                [0.140104, -0.338093, -0.930626, -0.642786, -0.888678, 0.371512, -0.268757, 0.043841, 0.436604, 0.86468, -0.248406, 0.363792, 0.0, 0.0, 0.0, 1.0],
                [-0.02497, -0.418087, -0.908064, -0.721588, -0.833436, 0.510317, -0.21204, 0.156894, 0.552052, 0.751518, -0.361192, 0.274783, 0.0, 0.0, 0.0, 1.0],
                [-0.181159, -0.462768, -0.867772, -0.801188, -0.761129, 0.624749, -0.174272, 0.239574, 0.622787, 0.628915, -0.465405, 0.209862, 0.0, 0.0, 0.0, 1.0],
                [-0.306171, -0.480119, -0.822037, -0.876753, -0.693852, 0.703761, -0.152611, 0.271634, 0.651789, 0.523647, -0.548603, 0.184731, 0.0, 0.0, 0.0, 1.0],
                [-0.404834, -0.484443, -0.775516, -0.944373, -0.637633, 0.757456, -0.140305, 0.271634, 0.655388, 0.437694, -0.615541, 0.184731, 0.0, 0.0, 0.0, 1.0],
                [-0.491685, -0.481928, -0.725253, -1.003819, -0.585366, 0.799544, -0.134446, 0.271634, 0.644665, 0.358433, -0.675228, 0.184731, 0.0, 0.0, 0.0, 1.0],
                [-0.566619, -0.475274, -0.673096, -1.055778, -0.539079, 0.831623, -0.133408, 0.271634, 0.623167, 0.28726, -0.727423, 0.184731, 0.0, 0.0, 0.0, 1.0],
                [-0.630208, -0.466736, -0.62048, -1.10094, -0.499917, 0.85538, -0.135678, 0.271634, 0.594072, 0.224683, -0.772396, 0.184731, 0.0, 0.0, 0.0, 1.0],
                [-0.683399, -0.458067, -0.568455, -1.139996, -0.468335, 0.872397, -0.139952, 0.271634, 0.560025, 0.170584, -0.810724, 0.184731, 0.0, 0.0, 0.0, 1.0],
                [-0.727296, -0.450533, -0.517746, -1.173635, -0.444287, 0.884044, -0.145174, 0.271634, 0.523116, 0.124444, -0.843127, 0.184731, 0.0, 0.0, 0.0, 1.0],
                [-0.76301, -0.444983, -0.468834, -1.202546, -0.427393, 0.891446, -0.150529, 0.271634, 0.484923, 0.085521, -0.870365, 0.184731, 0.0, 0.0, 0.0, 1.0],
                [-0.791584, -0.441918, -0.422022, -1.227418, -0.417063, 0.89549, -0.155425, 0.271634, 0.446602, 0.052978, -0.893163, 0.184731, 0.0, 0.0, 0.0, 1.0],
                [-0.813953, -0.441562, -0.377497, -1.248942, -0.412583, 0.896855, -0.159456, 0.271634, 0.408969, 0.025959, -0.912179, 0.184731, 0.0, 0.0, 0.0, 1.0],
                [-0.83094, -0.443923, -0.335366, -1.267806, -0.413176, 0.896057, -0.162378, 0.271634, 0.37259, 0.003639, -0.927989, 0.184731, 0.0, 0.0, 0.0, 1.0],
                [-0.84327, -0.448844, -0.295694, -1.2847, -0.418038, 0.893489, -0.164079, 0.271634, 0.337845, -0.014752, -0.941086, 0.184731, 0.0, 0.0, 0.0, 1.0],
                [-0.851588, -0.456034, -0.258514, -1.300314, -0.426358, 0.889459, -0.164564, 0.271634, 0.304985, -0.029921, -0.951887, 0.184731, 0.0, 0.0, 0.0, 1.0],
                [-0.856486, -0.465108, -0.223844, -1.315338, -0.437333, 0.884232, -0.16393, 0.271634, 0.274175, -0.04251, -0.96074, 0.184731, 0.0, 0.0, 0.0, 1.0],
                [-0.858521, -0.475603, -0.191685, -1.33046, -0.450175, 0.878056, -0.162359, 0.271634, 0.245529, -0.053097, -0.967934, 0.184731, 0.0, 0.0, 0.0, 1.0],
                [-0.858242, -0.487, -0.162026, -1.34637, -0.464119, 0.871184, -0.1601, 0.271634, 0.219123, -0.062205, -0.973712, 0.184731, 0.0, 0.0, 0.0, 1.0],
                [-0.856197, -0.498744, -0.134838, -1.363758, -0.478429, 0.863893, -0.157462, 0.271634, 0.195019, -0.070308, -0.978276, 0.184731, 0.0, 0.0, 0.0, 1.0],
                [-0.852951, -0.510252, -0.110077, -1.383313, -0.492395, 0.856495, -0.1548, 0.271634, 0.173267, -0.077835, -0.981794, 0.184731, 0.0, 0.0, 0.0, 1.0],
                [-0.84904, -0.52099, -0.087746, -1.405332, -0.505403, 0.849312, -0.152435, 0.271634, 0.153941, -0.085077, -0.984411, 0.184731, 0.0, 0.0, 0.0, 1.0],
                [-0.844849, -0.530654, -0.068093, -1.42854, -0.517113, 0.842594, -0.150432, 0.271634, 0.137203, -0.091881, -0.986273, 0.184731, 0.0, 0.0, 0.0, 1.0],
                [-0.840722, -0.539021, -0.051413, -1.451268, -0.527262, 0.836573, -0.148798, 0.271634, 0.123216, -0.097989, -0.98753, 0.184731, 0.0, 0.0, 0.0, 1.0],
                [-0.836998, -0.545886, -0.037982, -1.47185, -0.535596, 0.831486, -0.14754, 0.271634, 0.112122, -0.103148, -0.988327, 0.184731, 0.0, 0.0, 0.0, 1.0],
                [-0.834, -0.551051, -0.028064, -1.488616, -0.541867, 0.827569, -0.146664, 0.271634, 0.104044, -0.107111, -0.988788, 0.184731, 0.0, 0.0, 0.0, 1.0],
                [-0.832019, -0.554314, -0.021918, -1.499899, -0.545823, 0.825054, -0.146163, 0.271634, 0.099104, -0.109647, -0.989018, 0.184731, 0.0, 0.0, 0.0, 1.0],
                [-0.83131, -0.555455, -0.01981, -1.50403, -0.547203, 0.824167, -0.146007, 0.271634, 0.097427, -0.110537, -0.989085, 0.184731, 0.0, 0.0, 0.0, 1.0],
                [-0.83131, -0.555455, -0.01981, -1.50403, -0.547203, 0.824167, -0.146007, 0.271634, 0.097427, -0.110537, -0.989085, 0.184731, 0.0, 0.0, 0.0, 1.0],
                [-0.83131, -0.555455, -0.01981, -1.50403, -0.547203, 0.824167, -0.146007, 0.271634, 0.097427, -0.110537, -0.989085, 0.184731, 0.0, 0.0, 0.0, 1.0],
                [-0.83131, -0.555455, -0.01981, -1.50403, -0.547203, 0.824167, -0.146007, 0.271634, 0.097427, -0.110537, -0.989085, 0.184731, 0.0, 0.0, 0.0, 1.0],
                [-0.83131, -0.555455, -0.01981, -1.50403, -0.547203, 0.824167, -0.146007, 0.271634, 0.097427, -0.110537, -0.989085, 0.184731, 0.0, 0.0, 0.0, 1.0],
                [-0.83131, -0.555455, -0.01981, -1.50403, -0.547203, 0.824167, -0.146007, 0.271634, 0.097427, -0.110537, -0.989085, 0.184731, 0.0, 0.0, 0.0, 1.0],
                [-0.83131, -0.555455, -0.01981, -1.50403, -0.547203, 0.824167, -0.146007, 0.271634, 0.097427, -0.110537, -0.989085, 0.184731, 0.0, 0.0, 0.0, 1.0],
                [-0.83131, -0.555455, -0.01981, -1.50403, -0.547203, 0.824167, -0.146007, 0.271634, 0.097427, -0.110537, -0.989085, 0.184731, 0.0, 0.0, 0.0, 1.0],
                [-0.83131, -0.555455, -0.01981, -1.50403, -0.547203, 0.824167, -0.146007, 0.271634, 0.097427, -0.110537, -0.989085, 0.184731, 0.0, 0.0, 0.0, 1.0],
                [-0.83131, -0.555455, -0.01981, -1.50403, -0.547203, 0.824167, -0.146007, 0.271634, 0.097427, -0.110537, -0.989085, 0.184731, 0.0, 0.0, 0.0, 1.0],
                [-0.83131, -0.555455, -0.01981, -1.50403, -0.547203, 0.824167, -0.146007, 0.271634, 0.097427, -0.110537, -0.989085, 0.184731, 0.0, 0.0, 0.0, 1.0],
                [-0.83131, -0.555455, -0.01981, -1.50403, -0.547203, 0.824167, -0.146007, 0.271634, 0.097427, -0.110537, -0.989085, 0.184731, 0.0, 0.0, 0.0, 1.0],
                [-0.83131, -0.555455, -0.01981, -1.50403, -0.547203, 0.824167, -0.146007, 0.271634, 0.097427, -0.110537, -0.989085, 0.184731, 0.0, 0.0, 0.0, 1.0],
                [-0.83131, -0.555455, -0.01981, -1.50403, -0.547203, 0.824167, -0.146007, 0.271634, 0.097427, -0.110537, -0.989085, 0.184731, 0.0, 0.0, 0.0, 1.0],
                [-0.83131, -0.555455, -0.01981, -1.50403, -0.547203, 0.824167, -0.146007, 0.271634, 0.097427, -0.110537, -0.989085, 0.184731, 0.0, 0.0, 0.0, 1.0],
                [-0.83131, -0.555455, -0.01981, -1.50403, -0.547203, 0.824167, -0.146007, 0.271634, 0.097427, -0.110537, -0.989085, 0.184731, 0.0, 0.0, 0.0, 1.0],
                [-0.83131, -0.555455, -0.01981, -1.50403, -0.547203, 0.824167, -0.146007, 0.271634, 0.097427, -0.110537, -0.989085, 0.184731, 0.0, 0.0, 0.0, 1.0],
                [-0.83131, -0.555455, -0.01981, -1.50403, -0.547203, 0.824167, -0.146007, 0.271634, 0.097427, -0.110537, -0.989085, 0.184731, 0.0, 0.0, 0.0, 1.0],
                [-0.83131, -0.555455, -0.01981, -1.50403, -0.547203, 0.824167, -0.146007, 0.271634, 0.097427, -0.110537, -0.989085, 0.184731, 0.0, 0.0, 0.0, 1.0],
                [-0.83131, -0.555455, -0.01981, -1.50403, -0.547203, 0.824167, -0.146007, 0.271634, 0.097427, -0.110537, -0.989085, 0.184731, 0.0, 0.0, 0.0, 1.0],
                [-0.83131, -0.555455, -0.01981, -1.50403, -0.547203, 0.824167, -0.146007, 0.271634, 0.097427, -0.110537, -0.989085, 0.184731, 0.0, 0.0, 0.0, 1.0],
                [-0.83131, -0.555455, -0.01981, -1.50403, -0.547203, 0.824167, -0.146007, 0.271634, 0.097427, -0.110537, -0.989085, 0.184731, 0.0, 0.0, 0.0, 1.0],
                [-0.83131, -0.555455, -0.01981, -1.50403, -0.547203, 0.824167, -0.146007, 0.271634, 0.097427, -0.110537, -0.989085, 0.184731, 0.0, 0.0, 0.0, 1.0],
                [-0.83131, -0.555455, -0.01981, -1.50403, -0.547203, 0.824167, -0.146007, 0.271634, 0.097427, -0.110537, -0.989085, 0.184731, 0.0, 0.0, 0.0, 1.0],
                [-0.83131, -0.555455, -0.01981, -1.50403, -0.547203, 0.824167, -0.146007, 0.271634, 0.097427, -0.110537, -0.989085, 0.184731, 0.0, 0.0, 0.0, 1.0],
                [-0.83131, -0.555455, -0.01981, -1.50403, -0.547203, 0.824167, -0.146007, 0.271634, 0.097427, -0.110537, -0.989085, 0.184731, 0.0, 0.0, 0.0, 1.0],
                [-0.83131, -0.555455, -0.01981, -1.50403, -0.547203, 0.824167, -0.146007, 0.271634, 0.097427, -0.110537, -0.989085, 0.184731, 0.0, 0.0, 0.0, 1.0],
                [-0.83131, -0.555455, -0.01981, -1.50403, -0.547203, 0.824167, -0.146007, 0.271634, 0.097427, -0.110537, -0.989085, 0.184731, 0.0, 0.0, 0.0, 1.0],
                [-0.83131, -0.555455, -0.01981, -1.50403, -0.547203, 0.824167, -0.146007, 0.271634, 0.097427, -0.110537, -0.989085, 0.184731, 0.0, 0.0, 0.0, 1.0],
                [-0.83131, -0.555455, -0.01981, -1.50403, -0.547203, 0.824167, -0.146007, 0.271634, 0.097427, -0.110537, -0.989085, 0.184731, 0.0, 0.0, 0.0, 1.0],
                [-0.83131, -0.555455, -0.01981, -1.50403, -0.547203, 0.824167, -0.146007, 0.271634, 0.097427, -0.110537, -0.989085, 0.184731, 0.0, 0.0, 0.0, 1.0],
                [-0.83131, -0.555455, -0.01981, -1.50403, -0.547203, 0.824167, -0.146007, 0.271634, 0.097427, -0.110537, -0.989085, 0.184731, 0.0, 0.0, 0.0, 1.0],
                [-0.83131, -0.555455, -0.01981, -1.50403, -0.547203, 0.824167, -0.146007, 0.271634, 0.097427, -0.110537, -0.989085, 0.184731, 0.0, 0.0, 0.0, 1.0],
                [-0.83131, -0.555455, -0.01981, -1.50403, -0.547203, 0.824167, -0.146007, 0.271634, 0.097427, -0.110537, -0.989085, 0.184731, 0.0, 0.0, 0.0, 1.0],
                [-0.83131, -0.555455, -0.01981, -1.50403, -0.547203, 0.824167, -0.146007, 0.271634, 0.097427, -0.110537, -0.989085, 0.184731, 0.0, 0.0, 0.0, 1.0],
                [-0.83131, -0.555455, -0.01981, -1.50403, -0.547203, 0.824167, -0.146007, 0.271634, 0.097427, -0.110537, -0.989085, 0.184731, 0.0, 0.0, 0.0, 1.0],
                [-0.83131, -0.555455, -0.01981, -1.50403, -0.547203, 0.824167, -0.146007, 0.271634, 0.097427, -0.110537, -0.989085, 0.184731, 0.0, 0.0, 0.0, 1.0],
                [-0.83131, -0.555455, -0.01981, -1.50403, -0.547203, 0.824167, -0.146007, 0.271634, 0.097427, -0.110537, -0.989085, 0.184731, 0.0, 0.0, 0.0, 1.0],
                [-0.83131, -0.555455, -0.01981, -1.50403, -0.547203, 0.824167, -0.146007, 0.271634, 0.097427, -0.110537, -0.989085, 0.184731, 0.0, 0.0, 0.0, 1.0],
                [-0.83131, -0.555455, -0.01981, -1.50403, -0.547203, 0.824167, -0.146007, 0.271634, 0.097427, -0.110537, -0.989085, 0.184731, 0.0, 0.0, 0.0, 1.0],
                [-0.83131, -0.555455, -0.01981, -1.50403, -0.547203, 0.824167, -0.146007, 0.271634, 0.097427, -0.110537, -0.989085, 0.184731, 0.0, 0.0, 0.0, 1.0],
                [-0.83131, -0.555455, -0.01981, -1.50403, -0.547203, 0.824167, -0.146007, 0.271634, 0.097427, -0.110537, -0.989085, 0.184731, 0.0, 0.0, 0.0, 1.0],
                [-0.83131, -0.555455, -0.01981, -1.50403, -0.547203, 0.824167, -0.146007, 0.271634, 0.097427, -0.110537, -0.989085, 0.184731, 0.0, 0.0, 0.0, 1.0],
                [-0.83131, -0.555455, -0.01981, -1.50403, -0.547203, 0.824167, -0.146007, 0.271634, 0.097427, -0.110537, -0.989085, 0.184731, 0.0, 0.0, 0.0, 1.0],
                [-0.83131, -0.555455, -0.01981, -1.50403, -0.547203, 0.824167, -0.146007, 0.271634, 0.097427, -0.110537, -0.989085, 0.184731, 0.0, 0.0, 0.0, 1.0],
                [-0.83131, -0.555455, -0.01981, -1.50403, -0.547203, 0.824167, -0.146007, 0.271634, 0.097427, -0.110537, -0.989085, 0.184731, 0.0, 0.0, 0.0, 1.0],
                [-0.83131, -0.555455, -0.01981, -1.50403, -0.547203, 0.824167, -0.146007, 0.271634, 0.097427, -0.110537, -0.989085, 0.184731, 0.0, 0.0, 0.0, 1.0],
                [-0.83131, -0.555455, -0.01981, -1.50403, -0.547203, 0.824167, -0.146007, 0.271634, 0.097427, -0.110537, -0.989085, 0.184731, 0.0, 0.0, 0.0, 1.0],
                [-0.83131, -0.555455, -0.01981, -1.50403, -0.547203, 0.824167, -0.146007, 0.271634, 0.097427, -0.110537, -0.989085, 0.184731, 0.0, 0.0, 0.0, 1.0],
                [-0.83131, -0.555455, -0.01981, -1.50403, -0.547203, 0.824167, -0.146007, 0.271634, 0.097427, -0.110537, -0.989085, 0.184731, 0.0, 0.0, 0.0, 1.0],
                [-0.83131, -0.555455, -0.01981, -1.50403, -0.547203, 0.824167, -0.146007, 0.271634, 0.097427, -0.110537, -0.989085, 0.184731, 0.0, 0.0, 0.0, 1.0],
                [-0.83131, -0.555455, -0.01981, -1.50403, -0.547203, 0.824167, -0.146007, 0.271634, 0.097427, -0.110537, -0.989085, 0.184731, 0.0, 0.0, 0.0, 1.0],
                [-0.83131, -0.555455, -0.01981, -1.50403, -0.547203, 0.824167, -0.146007, 0.271634, 0.097427, -0.110537, -0.989085, 0.184731, 0.0, 0.0, 0.0, 1.0],
                [-0.83131, -0.555455, -0.01981, -1.50403, -0.547203, 0.824167, -0.146007, 0.271634, 0.097427, -0.110537, -0.989085, 0.184731, 0.0, 0.0, 0.0, 1.0],
                [-0.83131, -0.555455, -0.01981, -1.50403, -0.547203, 0.824167, -0.146007, 0.271634, 0.097427, -0.110537, -0.989085, 0.184731, 0.0, 0.0, 0.0, 1.0],
                [-0.83131, -0.555455, -0.01981, -1.50403, -0.547203, 0.824167, -0.146007, 0.271634, 0.097427, -0.110537, -0.989085, 0.184731, 0.0, 0.0, 0.0, 1.0],
                [-0.83131, -0.555455, -0.01981, -1.50403, -0.547203, 0.824167, -0.146007, 0.271634, 0.097427, -0.110537, -0.989085, 0.184731, 0.0, 0.0, 0.0, 1.0],
                [-0.83131, -0.555455, -0.01981, -1.50403, -0.547203, 0.824167, -0.146007, 0.271634, 0.097427, -0.110537, -0.989085, 0.184731, 0.0, 0.0, 0.0, 1.0],
                [-0.83131, -0.555455, -0.01981, -1.50403, -0.547203, 0.824167, -0.146007, 0.271634, 0.097427, -0.110537, -0.989085, 0.184731, 0.0, 0.0, 0.0, 1.0],
                [-0.83131, -0.555455, -0.01981, -1.50403, -0.547203, 0.824167, -0.146007, 0.271634, 0.097427, -0.110537, -0.989085, 0.184731, 0.0, 0.0, 0.0, 1.0]
            ]
        },
        {
            "name": "Thigh_R",
            "time": [0.0, 0.0167, 0.0333, 0.05, 0.0667, 0.0833, 0.1, 0.1167, 0.1333, 0.15, 0.1667, 0.1833, 0.2, 0.2167, 0.2333, 0.25, 0.2667, 0.2833, 0.3, 0.3167, 0.3333, 0.35, 0.3667, 0.3833, 0.4, 0.4167, 0.4333, 0.45, 0.4667, 0.4833, 0.5, 0.5167, 0.5333, 0.55, 0.5667, 0.5833, 0.6, 0.6167, 0.6333, 0.65, 0.6667, 0.6833, 0.7, 0.7167, 0.7333, 0.75, 0.7667, 0.7833, 0.8, 0.8167, 0.8333, 0.85, 0.8667, 0.8833, 0.9, 0.9167, 0.9333, 0.95, 0.9667, 0.9833, 1.0, 1.0167, 1.0333, 1.05, 1.0667, 1.0833, 1.1, 1.1167, 1.1333, 1.15, 1.1667, 1.1833, 1.2, 1.2167, 1.2333, 1.25, 1.2667, 1.2833, 1.3, 1.3167, 1.3333, 1.35, 1.3667, 1.3833, 1.4, 1.4167, 1.4333, 1.45, 1.4667, 1.4833, 1.5, 1.5167, 1.5333, 1.55, 1.5667, 1.5833, 1.6, 1.6167, 1.6333, 1.65, 1.6667, 1.6833, 1.7, 1.7167, 1.7333, 1.75, 1.7667, 1.7833, 1.8, 1.8167, 1.8333, 1.85, 1.8667, 1.8833, 1.9, 1.9167, 1.9333, 1.95, 1.9667, 1.9833, 2.0, 2.0167, 2.0333, 2.05, 2.0667, 2.0833, 2.1, 2.1167, 2.1333, 2.15, 2.1667, 2.1833, 2.2, 2.2167, 2.2333, 2.25, 2.2667, 2.2833, 2.3, 2.3167, 2.3333],
            "transform": [
                [0.983269, 0.099714, 0.152442, 0.124994, 0.073846, -0.983216, 0.166822, -0.002831, 0.166518, -0.152774, -0.974132, -1.2e-05, 0.0, 0.0, 0.0, 1.0],
                [0.986623, 0.152548, 0.057472, 0.124994, 0.142522, -0.978337, 0.150131, -0.002831, 0.079129, -0.139931, -0.986995, -1.2e-05, 0.0, 0.0, 0.0, 1.0],
                [0.960455, 0.252726, -0.116856, 0.124994, 0.264351, -0.959465, 0.097684, -0.002831, -0.087432, -0.124712, -0.988334, -1.2e-05, 0.0, 0.0, 0.0, 1.0],
                [0.928835, 0.308783, -0.204741, 0.124994, 0.324796, -0.944512, 0.049, -0.002831, -0.17825, -0.112012, -0.977589, -1.2e-05, 0.0, 0.0, 0.0, 1.0],
                [0.929986, 0.314302, -0.190627, 0.124994, 0.325838, -0.944892, 0.031697, -0.002831, -0.17016, -0.091591, -0.981151, -1.2e-05, 0.0, 0.0, 0.0, 1.0],
                [0.93436, 0.319631, -0.157498, 0.124994, 0.326844, -0.944831, 0.021534, -0.002831, -0.141926, -0.071598, -0.987285, -1.2e-05, 0.0, 0.0, 0.0, 1.0],
                [0.939622, 0.324133, -0.109762, 0.124994, 0.327862, -0.944565, 0.017317, -0.002831, -0.098064, -0.052258, -0.993807, -1.2e-05, 0.0, 0.0, 0.0, 1.0],
                [0.943449, 0.327408, -0.052031, 0.124994, 0.328678, -0.944271, 0.017835, -0.002831, -0.043292, -0.033927, -0.998487, -1.2e-05, 0.0, 0.0, 0.0, 1.0],
                [0.944163, 0.329301, 0.010757, 0.124994, 0.32902, -0.944068, 0.021832, -0.002831, 0.017345, -0.017073, -0.999704, -1.2e-05, 0.0, 0.0, 0.0, 1.0],
                [0.941152, 0.329906, 0.073442, 0.124994, 0.328723, -0.944009, 0.028006, -0.002831, 0.07857, -0.002216, -0.996907, -1.2e-05, 0.0, 0.0, 0.0, 1.0],
                [0.935027, 0.329531, 0.130891, 0.124994, 0.327819, -0.944088, 0.035049, -0.002831, 0.135123, 0.010137, -0.990777, -1.2e-05, 0.0, 0.0, 0.0, 1.0],
                [0.927485, 0.328633, 0.178243, 0.124994, 0.326563, -0.944253, 0.041689, -0.002831, 0.182007, 0.019542, -0.983103, -1.2e-05, 0.0, 0.0, 0.0, 1.0],
                [0.920909, 0.327723, 0.211006, 0.124994, 0.325387, -0.944424, 0.046723, -0.002831, 0.214591, 0.025631, -0.976368, -1.2e-05, 0.0, 0.0, 0.0, 1.0],
                [0.917772, 0.327269, 0.224918, 0.124994, 0.324796, -0.944512, 0.049, -0.002831, 0.228474, 0.028082, -0.973145, -1.2e-05, 0.0, 0.0, 0.0, 1.0],
                [0.917073, 0.327179, 0.227881, 0.124994, 0.324656, -0.94453, 0.049575, -0.002831, 0.231461, 0.028519, -0.972427, -1.2e-05, 0.0, 0.0, 0.0, 1.0],
                [0.916396, 0.327132, 0.230656, 0.124994, 0.324526, -0.944538, 0.050267, -0.002831, 0.234307, 0.028789, -0.971737, -1.2e-05, 0.0, 0.0, 0.0, 1.0],
                [0.915733, 0.327149, 0.233248, 0.124994, 0.324429, -0.944528, 0.05107, -0.002831, 0.237017, 0.028906, -0.971076, -1.2e-05, 0.0, 0.0, 0.0, 1.0],
                [0.915077, 0.327253, 0.235664, 0.124994, 0.324387, -0.944493, 0.05198, -0.002831, 0.239594, 0.02888, -0.970444, -1.2e-05, 0.0, 0.0, 0.0, 1.0],
                [0.914421, 0.327465, 0.237909, 0.124994, 0.324423, -0.944424, 0.052993, -0.002831, 0.242041, 0.028725, -0.969841, -1.2e-05, 0.0, 0.0, 0.0, 1.0],
                [0.913755, 0.327805, 0.239988, 0.124994, 0.324559, -0.944315, 0.054105, -0.002831, 0.244361, 0.028451, -0.969267, -1.2e-05, 0.0, 0.0, 0.0, 1.0],
                [0.913073, 0.328294, 0.241908, 0.124994, 0.324817, -0.944156, 0.055312, -0.002831, 0.246558, 0.028072, -0.968722, -1.2e-05, 0.0, 0.0, 0.0, 1.0],
                [0.912366, 0.328955, 0.243673, 0.124994, 0.325221, -0.94394, 0.056609, -0.002831, 0.248635, 0.027599, -0.968204, -1.2e-05, 0.0, 0.0, 0.0, 1.0],
                [0.911625, 0.329806, 0.245289, 0.124994, 0.325792, -0.943659, 0.057993, -0.002831, 0.250596, 0.027045, -0.967714, -1.2e-05, 0.0, 0.0, 0.0, 1.0],
                [0.910843, 0.330869, 0.24676, 0.124994, 0.326554, -0.943304, 0.059459, -0.002831, 0.252444, 0.026422, -0.967251, -1.2e-05, 0.0, 0.0, 0.0, 1.0],
                [0.910009, 0.332164, 0.248093, 0.124994, 0.327528, -0.942868, 0.061005, -0.002831, 0.254183, 0.025743, -0.966814, -1.2e-05, 0.0, 0.0, 0.0, 1.0],
                [0.909114, 0.333713, 0.249291, 0.124994, 0.328738, -0.942341, 0.062624, -0.002831, 0.255816, 0.025018, -0.966402, -1.2e-05, 0.0, 0.0, 0.0, 1.0],
                [0.90815, 0.335534, 0.250359, 0.124994, 0.330205, -0.941713, 0.064315, -0.002831, 0.257347, 0.024262, -0.966015, -1.2e-05, 0.0, 0.0, 0.0, 1.0],
                [0.907106, 0.337647, 0.251302, 0.124994, 0.331952, -0.940977, 0.066072, -0.002831, 0.258779, 0.023486, -0.965651, -1.2e-05, 0.0, 0.0, 0.0, 1.0],
                [0.90597, 0.340074, 0.252124, 0.124994, 0.334001, -0.940122, 0.067892, -0.002831, 0.260116, 0.022702, -0.965311, -1.2e-05, 0.0, 0.0, 0.0, 1.0],
                [0.904733, 0.342834, 0.25283, 0.124994, 0.336375, -0.939138, 0.06977, -0.002831, 0.261362, 0.021922, -0.964992, -1.2e-05, 0.0, 0.0, 0.0, 1.0],
                [0.903381, 0.345946, 0.253423, 0.124994, 0.339094, -0.938014, 0.071703, -0.002831, 0.26252, 0.021159, -0.964695, -1.2e-05, 0.0, 0.0, 0.0, 1.0],
                [0.901903, 0.349429, 0.253908, 0.124994, 0.342182, -0.936738, 0.073686, -0.002831, 0.263593, 0.020425, -0.964418, -1.2e-05, 0.0, 0.0, 0.0, 1.0],
                [0.900286, 0.353302, 0.254287, 0.124994, 0.345658, -0.935299, 0.075714, -0.002831, 0.264585, 0.019732, -0.964161, -1.2e-05, 0.0, 0.0, 0.0, 1.0],
                [0.898514, 0.357585, 0.254566, 0.124994, 0.349545, -0.933683, 0.077784, -0.002831, 0.265499, 0.019092, -0.963923, -1.2e-05, 0.0, 0.0, 0.0, 1.0],
                [0.896574, 0.362295, 0.254747, 0.124994, 0.353862, -0.931877, 0.079891, -0.002831, 0.266337, 0.018517, -0.963702, -1.2e-05, 0.0, 0.0, 0.0, 1.0],
                [0.894449, 0.367451, 0.254834, 0.124994, 0.358632, -0.929866, 0.082031, -0.002831, 0.267104, 0.018019, -0.963499, -1.2e-05, 0.0, 0.0, 0.0, 1.0],
                [0.892121, 0.37307, 0.25483, 0.124994, 0.363872, -0.927634, 0.084198, -0.002831, 0.267801, 0.017611, -0.963314, -1.2e-05, 0.0, 0.0, 0.0, 1.0],
                [0.889572, 0.379169, 0.254738, 0.124994, 0.369603, -0.925163, 0.086389, -0.002831, 0.268431, 0.017303, -0.963144, -1.2e-05, 0.0, 0.0, 0.0, 1.0],
                [0.886782, 0.385765, 0.254562, 0.124994, 0.375843, -0.922436, 0.088597, -0.002831, 0.268996, 0.017109, -0.96299, -1.2e-05, 0.0, 0.0, 0.0, 1.0],
                [0.883731, 0.392872, 0.254305, 0.124994, 0.38261, -0.919433, 0.09082, -0.002831, 0.269497, 0.01704, -0.962851, -1.2e-05, 0.0, 0.0, 0.0, 1.0],
                [0.880394, 0.400505, 0.253969, 0.124994, 0.389922, -0.916132, 0.09305, -0.002831, 0.269937, 0.017107, -0.962726, -1.2e-05, 0.0, 0.0, 0.0, 1.0],
                [0.876749, 0.408679, 0.253558, 0.124994, 0.397794, -0.912511, 0.095284, -0.002831, 0.270315, 0.017324, -0.962616, -1.2e-05, 0.0, 0.0, 0.0, 1.0],
                [0.872768, 0.417407, 0.253074, 0.124994, 0.406242, -0.908545, 0.097516, -0.002831, 0.270633, 0.017701, -0.96252, -1.2e-05, 0.0, 0.0, 0.0, 1.0],
                [0.868424, 0.426698, 0.252521, 0.124994, 0.415279, -0.904208, 0.09974, -0.002831, 0.270891, 0.01825, -0.962437, -1.2e-05, 0.0, 0.0, 0.0, 1.0],
                [0.863688, 0.436564, 0.251901, 0.124994, 0.424917, -0.899471, 0.101951, -0.002831, 0.271086, 0.018983, -0.962368, -1.2e-05, 0.0, 0.0, 0.0, 1.0],
                [0.858527, 0.447012, 0.251218, 0.124994, 0.435168, -0.894304, 0.104144, -0.002831, 0.271219, 0.019911, -0.962312, -1.2e-05, 0.0, 0.0, 0.0, 1.0],
                [0.852908, 0.45805, 0.250474, 0.124994, 0.446039, -0.888675, 0.106313, -0.002831, 0.271287, 0.021046, -0.962269, -1.2e-05, 0.0, 0.0, 0.0, 1.0],
                [0.846795, 0.469681, 0.249673, 0.124994, 0.457537, -0.88255, 0.108452, -0.002831, 0.271287, 0.022398, -0.962238, -1.2e-05, 0.0, 0.0, 0.0, 1.0],
                [0.840151, 0.481907, 0.248817, 0.124994, 0.469668, -0.875892, 0.110555, -0.002831, 0.271215, 0.023979, -0.96222, -1.2e-05, 0.0, 0.0, 0.0, 1.0],
                [0.832936, 0.494729, 0.247911, 0.124994, 0.482432, -0.868662, 0.112616, -0.002831, 0.271066, 0.025798, -0.962215, -1.2e-05, 0.0, 0.0, 0.0, 1.0],
                [0.825107, 0.508142, 0.246959, 0.124994, 0.495828, -0.86082, 0.11463, -0.002831, 0.270835, 0.027867, -0.962223, -1.2e-05, 0.0, 0.0, 0.0, 1.0],
                [0.825756, 0.5376, 0.17062, 0.124994, 0.546032, -0.837757, -0.002989, -0.002831, 0.141331, 0.095632, -0.985333, -1.2e-05, 0.0, 0.0, 0.0, 1.0],
                [0.797435, 0.603395, 0.003148, 0.124994, 0.578993, -0.763694, -0.285546, -0.002831, -0.169893, 0.229526, -0.95836, -1.2e-05, 0.0, 0.0, 0.0, 1.0],
                [0.715272, 0.6844, -0.141354, 0.124994, 0.514128, -0.652336, -0.556892, -0.002831, -0.473347, 0.325655, -0.818469, -1.2e-05, 0.0, 0.0, 0.0, 1.0],
                [0.663417, 0.723069, -0.192475, 0.124994, 0.455313, -0.594234, -0.663004, -0.002831, -0.593774, 0.352211, -0.72345, -1.2e-05, 0.0, 0.0, 0.0, 1.0],
                [0.71068, 0.682562, -0.170412, 0.124994, 0.460826, -0.634684, -0.620334, -0.002831, -0.531575, 0.362328, -0.765602, -1.2e-05, 0.0, 0.0, 0.0, 1.0],
                [0.789784, 0.601091, -0.122182, 0.124994, 0.457199, -0.709676, -0.536028, -0.002831, -0.408912, 0.367484, -0.835312, -1.2e-05, 0.0, 0.0, 0.0, 1.0],
                [0.830707, 0.54821, -0.096898, 0.124994, 0.44288, -0.756228, -0.481636, -0.002831, -0.337316, 0.357184, -0.870998, -1.2e-05, 0.0, 0.0, 0.0, 1.0],
                [0.838127, 0.534946, -0.106649, 0.124994, 0.432709, -0.771073, -0.467126, -0.002831, -0.332122, 0.345362, -0.877736, -1.2e-05, 0.0, 0.0, 0.0, 1.0],
                [0.84436, 0.522819, -0.117112, 0.124994, 0.42271, -0.784367, -0.453961, -0.002831, -0.329199, 0.333802, -0.883292, -1.2e-05, 0.0, 0.0, 0.0, 1.0],
                [0.849481, 0.511801, -0.128221, 0.124994, 0.412989, -0.79623, -0.442104, -0.002831, -0.328363, 0.322604, -0.887752, -1.2e-05, 0.0, 0.0, 0.0, 1.0],
                [0.853561, 0.501857, -0.139898, 0.124994, 0.403626, -0.806774, -0.431507, -0.002831, -0.329421, 0.31185, -0.891197, -1.2e-05, 0.0, 0.0, 0.0, 1.0],
                [0.85667, 0.492945, -0.152052, 0.124994, 0.394686, -0.816112, -0.422116, -0.002831, -0.332172, 0.301601, -0.8937, -1.2e-05, 0.0, 0.0, 0.0, 1.0],
                [0.858875, 0.48502, -0.164585, 0.124994, 0.386212, -0.824345, -0.413874, -0.002831, -0.336413, 0.2919, -0.895333, -1.2e-05, 0.0, 0.0, 0.0, 1.0],
                [0.860241, 0.478035, -0.177388, 0.124994, 0.378237, -0.831573, -0.406718, -0.002831, -0.341938, 0.28278, -0.896166, -1.2e-05, 0.0, 0.0, 0.0, 1.0],
                [0.860837, 0.471939, -0.190347, 0.124994, 0.370781, -0.837885, -0.400584, -0.002831, -0.348541, 0.27426, -0.896271, -1.2e-05, 0.0, 0.0, 0.0, 1.0],
                [0.860733, 0.466678, -0.203343, 0.124994, 0.363852, -0.843366, -0.395401, -0.002831, -0.356019, 0.266348, -0.895717, -1.2e-05, 0.0, 0.0, 0.0, 1.0],
                [0.860004, 0.462198, -0.216253, 0.124994, 0.357454, -0.848094, -0.391101, -0.002831, -0.36417, 0.259047, -0.894581, -1.2e-05, 0.0, 0.0, 0.0, 1.0],
                [0.858726, 0.458442, -0.228953, 0.124994, 0.351584, -0.852141, -0.38761, -0.002831, -0.372798, 0.252354, -0.892938, -1.2e-05, 0.0, 0.0, 0.0, 1.0],
                [0.856982, 0.455352, -0.241319, 0.124994, 0.346233, -0.855573, -0.384855, -0.002831, -0.381711, 0.246261, -0.890872, -1.2e-05, 0.0, 0.0, 0.0, 1.0],
                [0.854861, 0.452868, -0.253224, 0.124994, 0.341394, -0.858453, -0.382759, -0.002831, -0.390721, 0.240756, -0.888467, -1.2e-05, 0.0, 0.0, 0.0, 1.0],
                [0.852452, 0.450931, -0.264547, 0.124994, 0.337054, -0.860838, -0.381247, -0.002831, -0.399649, 0.235828, -0.885814, -1.2e-05, 0.0, 0.0, 0.0, 1.0],
                [0.849855, 0.449478, -0.275165, 0.124994, 0.333202, -0.86278, -0.380241, -0.002831, -0.408317, 0.231463, -0.883008, -1.2e-05, 0.0, 0.0, 0.0, 1.0],
                [0.847168, 0.448447, -0.284959, 0.124994, 0.329829, -0.864331, -0.37966, -0.002831, -0.416557, 0.227648, -0.880146, -1.2e-05, 0.0, 0.0, 0.0, 1.0],
                [0.844495, 0.447773, -0.293813, 0.124994, 0.326922, -0.865537, -0.379427, -0.002831, -0.424203, 0.22437, -0.877331, -1.2e-05, 0.0, 0.0, 0.0, 1.0],
                [0.841944, 0.447391, -0.301612, 0.124994, 0.324476, -0.866443, -0.379459, -0.002831, -0.431097, 0.221617, -0.874666, -1.2e-05, 0.0, 0.0, 0.0, 1.0],
                [0.839622, 0.447235, -0.308245, 0.124994, 0.322482, -0.867092, -0.379676, -0.002831, -0.437082, 0.219381, -0.872257, -1.2e-05, 0.0, 0.0, 0.0, 1.0],
                [0.837635, 0.447238, -0.313599, 0.124994, 0.320935, -0.867526, -0.379994, -0.002831, -0.442003, 0.217651, -0.870208, -1.2e-05, 0.0, 0.0, 0.0, 1.0],
                [0.836092, 0.447329, -0.317563, 0.124994, 0.319832, -0.867787, -0.380328, -0.002831, -0.44571, 0.216422, -0.868622, -1.2e-05, 0.0, 0.0, 0.0, 1.0],
                [0.835094, 0.447438, -0.320027, 0.124994, 0.319172, -0.867914, -0.380594, -0.002831, -0.448048, 0.215688, -0.867601, -1.2e-05, 0.0, 0.0, 0.0, 1.0],
                [0.83474, 0.447491, -0.320874, 0.124994, 0.318952, -0.867947, -0.380702, -0.002831, -0.448863, 0.215444, -0.867241, -1.2e-05, 0.0, 0.0, 0.0, 1.0],
                [0.83474, 0.447491, -0.320874, 0.124994, 0.318952, -0.867947, -0.380702, -0.002831, -0.448863, 0.215444, -0.867241, -1.2e-05, 0.0, 0.0, 0.0, 1.0],
                [0.83474, 0.447491, -0.320874, 0.124994, 0.318952, -0.867947, -0.380702, -0.002831, -0.448863, 0.215444, -0.867241, -1.2e-05, 0.0, 0.0, 0.0, 1.0],
                [0.83474, 0.447491, -0.320874, 0.124994, 0.318952, -0.867947, -0.380702, -0.002831, -0.448863, 0.215444, -0.867241, -1.2e-05, 0.0, 0.0, 0.0, 1.0],
                [0.83474, 0.447491, -0.320874, 0.124994, 0.318952, -0.867947, -0.380702, -0.002831, -0.448863, 0.215444, -0.867241, -1.2e-05, 0.0, 0.0, 0.0, 1.0],
                [0.83474, 0.447491, -0.320874, 0.124994, 0.318952, -0.867947, -0.380702, -0.002831, -0.448863, 0.215444, -0.867241, -1.2e-05, 0.0, 0.0, 0.0, 1.0],
                [0.83474, 0.447491, -0.320874, 0.124994, 0.318952, -0.867947, -0.380702, -0.002831, -0.448863, 0.215444, -0.867241, -1.2e-05, 0.0, 0.0, 0.0, 1.0],
                [0.83474, 0.447491, -0.320874, 0.124994, 0.318952, -0.867947, -0.380702, -0.002831, -0.448863, 0.215444, -0.867241, -1.2e-05, 0.0, 0.0, 0.0, 1.0],
                [0.83474, 0.447491, -0.320874, 0.124994, 0.318952, -0.867947, -0.380702, -0.002831, -0.448863, 0.215444, -0.867241, -1.2e-05, 0.0, 0.0, 0.0, 1.0],
                [0.83474, 0.447491, -0.320874, 0.124994, 0.318952, -0.867947, -0.380702, -0.002831, -0.448863, 0.215444, -0.867241, -1.2e-05, 0.0, 0.0, 0.0, 1.0],
                [0.83474, 0.447491, -0.320874, 0.124994, 0.318952, -0.867947, -0.380702, -0.002831, -0.448863, 0.215444, -0.867241, -1.2e-05, 0.0, 0.0, 0.0, 1.0],
                [0.83474, 0.447491, -0.320874, 0.124994, 0.318952, -0.867947, -0.380702, -0.002831, -0.448863, 0.215444, -0.867241, -1.2e-05, 0.0, 0.0, 0.0, 1.0],
                [0.83474, 0.447491, -0.320874, 0.124994, 0.318952, -0.867947, -0.380702, -0.002831, -0.448863, 0.215444, -0.867241, -1.2e-05, 0.0, 0.0, 0.0, 1.0],
                [0.83474, 0.447491, -0.320874, 0.124994, 0.318952, -0.867947, -0.380702, -0.002831, -0.448863, 0.215444, -0.867241, -1.2e-05, 0.0, 0.0, 0.0, 1.0],
                [0.83474, 0.447491, -0.320874, 0.124994, 0.318952, -0.867947, -0.380702, -0.002831, -0.448863, 0.215444, -0.867241, -1.2e-05, 0.0, 0.0, 0.0, 1.0],
                [0.83474, 0.447491, -0.320874, 0.124994, 0.318952, -0.867947, -0.380702, -0.002831, -0.448863, 0.215444, -0.867241, -1.2e-05, 0.0, 0.0, 0.0, 1.0],
                [0.83474, 0.447491, -0.320874, 0.124994, 0.318952, -0.867947, -0.380702, -0.002831, -0.448863, 0.215444, -0.867241, -1.2e-05, 0.0, 0.0, 0.0, 1.0],
                [0.83474, 0.447491, -0.320874, 0.124994, 0.318952, -0.867947, -0.380702, -0.002831, -0.448863, 0.215444, -0.867241, -1.2e-05, 0.0, 0.0, 0.0, 1.0],
                [0.83474, 0.447491, -0.320874, 0.124994, 0.318952, -0.867947, -0.380702, -0.002831, -0.448863, 0.215444, -0.867241, -1.2e-05, 0.0, 0.0, 0.0, 1.0],
