{
    "animation": [
        {
            "name": "Root",
            "time": [0.0, 0.0167, 0.0333, 0.05, 0.0667, 0.0833, 0.1, 0.1167, 0.1333, 0.15, 0.1667, 0.1833, 0.2, 0.2167, 0.2333, 0.25, 0.2667, 0.2833, 0.3, 0.3167, 0.3333, 0.35, 0.3667, 0.3833, 0.4, 0.4167, 0.4333, 0.45, 0.4667, 0.4833, 0.5, 0.5167, 0.5333, 0.55, 0.5667, 0.5833, 0.6, 0.6167, 0.6333, 0.65, 0.6667, 0.6833, 0.7, 0.7167, 0.7333, 0.75, 0.7667, 0.7833, 0.8, 0.8167, 0.8333, 0.85, 0.8667, 0.8833, 0.9, 0.9167, 0.9333, 0.95, 0.9667, 0.9833, 1.0, 1.0167, 1.0333, 1.05],
            "transform": [
                [0.999791, -0.015068, -0.013807, 0.021751, -0.01404, -0.015517, -0.999781, -0.900969, 0.01485, 0.999766, -0.015725, 0.876595, 0.0, 0.0, 0.0, 1.0],
                [0.99979, -0.015137, -0.013787, 0.024783, -0.014111, -0.021542, -0.999668, -1.209376, 0.014835, 0.999653, -0.021751, 1.070102, 0.0, 0.0, 0.0, 1.0],
                [0.999785, -0.015485, -0.013798, 0.033569, -0.014457, -0.043278, -0.998958, -1.759874, 0.014872, 0.998943, -0.043493, 1.263609, 0.0, 0.0, 0.0, 1.0],
                [0.99977, -0.016326, -0.013929, 0.047651, -0.015287, -0.086244, -0.996157, -2.12654, 0.015062, 0.99614, -0.086473, 1.160809, 0.0, 0.0, 0.0, 1.0],
                [0.999739, -0.017893, -0.014212, 0.066568, -0.01683, -0.155856, -0.987636, -2.311132, 0.015457, 0.987618, -0.156116, 0.911385, 0.0, 0.0, 0.0, 1.0],
                [0.999685, -0.020443, -0.014584, 0.089859, -0.019346, -0.256717, -0.966293, -2.393087, 0.01601, 0.96627, -0.257031, 0.603804, 0.0, 0.0, 0.0, 1.0],
                [0.999597, -0.024227, -0.014812, 0.117063, -0.023104, -0.390664, -0.920243, -2.451846, 0.016509, 0.920215, -0.391066, 0.326534, 0.0, 0.0, 0.0, 1.0],
                [0.999463, -0.029405, -0.014436, 0.147721, -0.028295, -0.552909, -0.832761, -2.566847, 0.016505, 0.832723, -0.553444, 0.16804, 0.0, 0.0, 0.0, 1.0],
                [0.999249, -0.036551, -0.012857, 0.181372, -0.035536, -0.732286, -0.68007, -2.798012, 0.015442, 0.680016, -0.733035, 0.111419, 0.0, 0.0, 0.0, 1.0],
                [0.998906, -0.045804, -0.009405, 0.217555, -0.045013, -0.887476, -0.458651, -3.12718, 0.012661, 0.458573, -0.888567, 0.077075, 0.0, 0.0, 0.0, 1.0],
                [0.9984, -0.056395, -0.004051, 0.25581, -0.05596, -0.975375, -0.213334, -3.516673, 0.008079, 0.21322, -0.976971, 0.059439, 0.0, 0.0, 0.0, 1.0],
                [0.997672, -0.068169, 0.001921, 0.295677, -0.068132, -0.997558, -0.015386, -3.928812, 0.002965, 0.015219, -0.99988, 0.052941, 0.0, 0.0, 0.0, 1.0],
                [0.996592, -0.082283, 0.005907, 0.336694, -0.082495, -0.994033, 0.071364, -4.325919, 0.0, -0.071609, -0.997433, 0.052013, 0.0, 0.0, 0.0, 1.0],
                [0.995004, -0.099531, 0.007746, 0.378403, -0.09983, -0.991522, 0.083177, -4.677271, -0.000599, -0.083535, -0.996505, 0.052013, 0.0, 0.0, 0.0, 1.0],
                [0.992779, -0.119557, 0.009828, 0.420341, -0.119954, -0.98854, 0.091648, -4.979976, -0.001242, -0.092165, -0.995743, 0.052013, 0.0, 0.0, 0.0, 1.0],
                [0.989715, -0.142535, 0.012129, 0.46205, -0.143038, -0.984944, 0.097078, -5.238096, -0.001891, -0.097815, -0.995203, 0.052013, 0.0, 0.0, 0.0, 1.0],
                [0.985572, -0.168624, 0.014613, 0.503068, -0.169238, -0.980509, 0.099805, -5.455696, -0.002501, -0.100838, -0.9949, 0.052013, 0.0, 0.0, 0.0, 1.0],
                [0.980056, -0.197971, 0.017243, 0.542934, -0.198697, -0.974928, 0.10018, -5.636837, -0.003022, -0.101608, -0.99482, 0.052013, 0.0, 0.0, 0.0, 1.0],
                [0.972819, -0.230702, 0.019977, 0.58119, -0.23154, -0.967819, 0.098565, -5.785583, -0.003405, -0.100511, -0.99493, 0.052013, 0.0, 0.0, 0.0, 1.0],
                [0.963448, -0.266925, 0.022779, 0.617373, -0.267871, -0.958727, 0.095326, -5.905998, -0.003606, -0.097944, -0.995185, 0.052013, 0.0, 0.0, 0.0, 1.0],
                [0.951457, -0.306714, 0.025621, 0.651023, -0.307762, -0.947118, 0.09083, -6.002145, -0.003592, -0.094306, -0.995537, 0.052013, 0.0, 0.0, 0.0, 1.0],
                [0.936277, -0.350104, 0.02849, 0.681681, -0.351245, -0.932378, 0.085433, -6.078088, -0.003347, -0.089996, -0.995937, 0.052013, 0.0, 0.0, 0.0, 1.0],
                [0.917251, -0.39707, 0.03139, 0.708886, -0.398299, -0.913805, 0.079484, -6.137889, -0.002876, -0.08541, -0.996342, 0.052013, 0.0, 0.0, 0.0, 1.0],
                [0.893619, -0.447509, 0.034352, 0.732177, -0.448821, -0.890609, 0.073321, -6.185612, -0.002218, -0.080938, -0.996716, 0.052013, 0.0, 0.0, 0.0, 1.0],
                [0.864516, -0.501209, 0.037435, 0.751093, -0.502603, -0.861897, 0.067262, -6.22532, -0.001448, -0.076964, -0.997033, 0.052013, 0.0, 0.0, 0.0, 1.0],
                [0.828969, -0.557809, 0.040737, 0.765175, -0.559294, -0.826677, 0.061609, -6.261077, -0.000689, -0.073856, -0.997269, 0.052013, 0.0, 0.0, 0.0, 1.0],
                [0.785907, -0.616749, 0.044402, 0.773962, -0.618345, -0.783864, 0.056633, -6.296947, -0.000123, -0.071964, -0.997407, 0.052013, 0.0, 0.0, 0.0, 1.0],
                [0.73418, -0.677212, 0.048619, 0.776993, -0.678955, -0.732295, 0.052574, -6.33699, -0.0, -0.071609, -0.997433, 0.052013, 0.0, 0.0, 0.0, 1.0],
                [0.670802, -0.739517, 0.056029, 0.776993, -0.741632, -0.668617, 0.054158, -6.384128, -0.002588, -0.077882, -0.996959, 0.05151, 0.0, 0.0, 0.0, 1.0],
                [0.594342, -0.801234, 0.069147, 0.776993, -0.804146, -0.590985, 0.063921, -6.436701, -0.010351, -0.093595, -0.995557, 0.050145, 0.0, 0.0, 0.0, 1.0],
                [0.507133, -0.857389, 0.087744, 0.776993, -0.861544, -0.50152, 0.078859, -6.491905, -0.023608, -0.115588, -0.993016, 0.048132, 0.0, 0.0, 0.0, 1.0],
                [0.413203, -0.903846, 0.111019, 0.776993, -0.909668, -0.404056, 0.096138, -6.546937, -0.042036, -0.140715, -0.989157, 0.045689, 0.0, 0.0, 0.0, 1.0],
                [0.318015, -0.938068, 0.137462, 0.776993, -0.94589, -0.304065, 0.1133, -6.599127, -0.064486, -0.166055, -0.984006, 0.04303, 0.0, 0.0, 0.0, 1.0],
                [0.227824, -0.959633, 0.164928, 0.776993, -0.969627, -0.208112, 0.1285, -6.646332, -0.088989, -0.189194, -0.977899, 0.040371, 0.0, 0.0, 0.0, 1.0],
                [0.148871, -0.970262, 0.190861, 0.776993, -0.982382, -0.123064, 0.140643, -6.686544, -0.112973, -0.208436, -0.971489, 0.037927, 0.0, 0.0, 0.0, 1.0],
                [0.086776, -0.973286, 0.212564, 0.776993, -0.987234, -0.055406, 0.14933, -6.717754, -0.133564, -0.222808, -0.965669, 0.035915, 0.0, 0.0, 0.0, 1.0],
                [0.046359, -0.972697, 0.227399, 0.776993, -0.987918, -0.010945, 0.154586, -6.737954, -0.147877, -0.231818, -0.961453, 0.03455, 0.0, 0.0, 0.0, 1.0],
                [0.031937, -0.971982, 0.232875, 0.776993, -0.987679, 0.005022, 0.156416, -6.745133, -0.153203, -0.235001, -0.959846, 0.034047, 0.0, 0.0, 0.0, 1.0],
                [0.031937, -0.971982, 0.232875, 0.776993, -0.987679, 0.005022, 0.156416, -6.745133, -0.153203, -0.235001, -0.959846, 0.034047, 0.0, 0.0, 0.0, 1.0],
                [0.031937, -0.971982, 0.232875, 0.776993, -0.987679, 0.005022, 0.156416, -6.745133, -0.153203, -0.235001, -0.959846, 0.034047, 0.0, 0.0, 0.0, 1.0],
                [0.031937, -0.971982, 0.232875, 0.776993, -0.987679, 0.005022, 0.156416, -6.745133, -0.153203, -0.235001, -0.959846, 0.034047, 0.0, 0.0, 0.0, 1.0],
                [0.031937, -0.971982, 0.232875, 0.776993, -0.987679, 0.005022, 0.156416, -6.745133, -0.153203, -0.235001, -0.959846, 0.034047, 0.0, 0.0, 0.0, 1.0],
                [0.031937, -0.971982, 0.232875, 0.776993, -0.987679, 0.005022, 0.156416, -6.745133, -0.153203, -0.235001, -0.959846, 0.034047, 0.0, 0.0, 0.0, 1.0],
                [0.031937, -0.971982, 0.232875, 0.776993, -0.987679, 0.005022, 0.156416, -6.745133, -0.153203, -0.235001, -0.959846, 0.034047, 0.0, 0.0, 0.0, 1.0],
                [0.031937, -0.971982, 0.232875, 0.776993, -0.987679, 0.005022, 0.156416, -6.745133, -0.153203, -0.235001, -0.959846, 0.034047, 0.0, 0.0, 0.0, 1.0],
                [0.031937, -0.971982, 0.232875, 0.776993, -0.987679, 0.005022, 0.156416, -6.745133, -0.153203, -0.235001, -0.959846, 0.034047, 0.0, 0.0, 0.0, 1.0],
                [0.031937, -0.971982, 0.232875, 0.776993, -0.987679, 0.005022, 0.156416, -6.745133, -0.153203, -0.235001, -0.959846, 0.034047, 0.0, 0.0, 0.0, 1.0],
                [0.031937, -0.971982, 0.232875, 0.776993, -0.987679, 0.005022, 0.156416, -6.745133, -0.153203, -0.235001, -0.959846, 0.034047, 0.0, 0.0, 0.0, 1.0],
                [0.031937, -0.971982, 0.232875, 0.776993, -0.987679, 0.005022, 0.156416, -6.745133, -0.153203, -0.235001, -0.959846, 0.034047, 0.0, 0.0, 0.0, 1.0],
                [0.031937, -0.971982, 0.232875, 0.776993, -0.987679, 0.005022, 0.156416, -6.745133, -0.153203, -0.235001, -0.959846, 0.034047, 0.0, 0.0, 0.0, 1.0],
                [0.031937, -0.971982, 0.232875, 0.776993, -0.987679, 0.005022, 0.156416, -6.745133, -0.153203, -0.235001, -0.959846, 0.034047, 0.0, 0.0, 0.0, 1.0],
                [0.031937, -0.971982, 0.232875, 0.776993, -0.987679, 0.005022, 0.156416, -6.745133, -0.153203, -0.235001, -0.959846, 0.034047, 0.0, 0.0, 0.0, 1.0],
                [0.031937, -0.971982, 0.232875, 0.776993, -0.987679, 0.005022, 0.156416, -6.745133, -0.153203, -0.235001, -0.959846, 0.034047, 0.0, 0.0, 0.0, 1.0],
                [0.031937, -0.971982, 0.232875, 0.776993, -0.987679, 0.005022, 0.156416, -6.745133, -0.153203, -0.235001, -0.959846, 0.034047, 0.0, 0.0, 0.0, 1.0],
                [0.031937, -0.971982, 0.232875, 0.776993, -0.987679, 0.005022, 0.156416, -6.745133, -0.153203, -0.235001, -0.959846, 0.034047, 0.0, 0.0, 0.0, 1.0],
                [0.031937, -0.971982, 0.232875, 0.776993, -0.987679, 0.005022, 0.156416, -6.745133, -0.153203, -0.235001, -0.959846, 0.034047, 0.0, 0.0, 0.0, 1.0],
                [0.031937, -0.971982, 0.232875, 0.776993, -0.987679, 0.005022, 0.156416, -6.745133, -0.153203, -0.235001, -0.959846, 0.034047, 0.0, 0.0, 0.0, 1.0],
                [0.031937, -0.971982, 0.232875, 0.776993, -0.987679, 0.005022, 0.156416, -6.745133, -0.153203, -0.235001, -0.959846, 0.034047, 0.0, 0.0, 0.0, 1.0],
                [0.031937, -0.971982, 0.232875, 0.776993, -0.987679, 0.005022, 0.156416, -6.745133, -0.153203, -0.235001, -0.959846, 0.034047, 0.0, 0.0, 0.0, 1.0],
                [0.031937, -0.971982, 0.232875, 0.776993, -0.987679, 0.005022, 0.156416, -6.745133, -0.153203, -0.235001, -0.959846, 0.034047, 0.0, 0.0, 0.0, 1.0],
                [0.031937, -0.971982, 0.232875, 0.776993, -0.987679, 0.005022, 0.156416, -6.745133, -0.153203, -0.235001, -0.959846, 0.034047, 0.0, 0.0, 0.0, 1.0],
                [0.031937, -0.971982, 0.232875, 0.776993, -0.987679, 0.005022, 0.156416, -6.745133, -0.153203, -0.235001, -0.959846, 0.034047, 0.0, 0.0, 0.0, 1.0],
                [0.031937, -0.971982, 0.232875, 0.776993, -0.987679, 0.005022, 0.156416, -6.745133, -0.153203, -0.235001, -0.959846, 0.034047, 0.0, 0.0, 0.0, 1.0],
                [0.031937, -0.971982, 0.232875, 0.776993, -0.987679, 0.005022, 0.156416, -6.745133, -0.153203, -0.235001, -0.959846, 0.034047, 0.0, 0.0, 0.0, 1.0]
            ]
        },
        {
            "name": "Thigh_R",
            "time": [0.0, 0.0167, 0.0333, 0.05, 0.0667, 0.0833, 0.1, 0.1167, 0.1333, 0.15, 0.1667, 0.1833, 0.2, 0.2167, 0.2333, 0.25, 0.2667, 0.2833, 0.3, 0.3167, 0.3333, 0.35, 0.3667, 0.3833, 0.4, 0.4167, 0.4333, 0.45, 0.4667, 0.4833, 0.5, 0.5167, 0.5333, 0.55, 0.5667, 0.5833, 0.6, 0.6167, 0.6333, 0.65, 0.6667, 0.6833, 0.7, 0.7167, 0.7333, 0.75, 0.7667, 0.7833, 0.8, 0.8167, 0.8333, 0.85, 0.8667, 0.8833, 0.9, 0.9167, 0.9333, 0.95, 0.9667, 0.9833, 1.0, 1.0167, 1.0333, 1.05],
            "transform": [
                [0.916978, 0.169642, -0.361071, 0.124994, 0.258266, -0.942255, 0.213191, -0.002831, -0.304055, -0.288743, -0.907843, -1.2e-05, 0.0, 0.0, 0.0, 1.0],
                [0.844759, 0.198533, -0.496958, 0.124994, 0.346062, -0.911, 0.224314, -0.002831, -0.408195, -0.361469, -0.838282, -1.2e-05, 0.0, 0.0, 0.0, 1.0],
                [0.720495, 0.262142, -0.642004, 0.124994, 0.519159, -0.817673, 0.24876, -0.002831, -0.45974, -0.512531, -0.725224, -1.2e-05, 0.0, 0.0, 0.0, 1.0],
                [0.646759, 0.346162, -0.679613, 0.124994, 0.67572, -0.673302, 0.300106, -0.002831, -0.3537, -0.653324, -0.669375, -1.2e-05, 0.0, 0.0, 0.0, 1.0],
                [0.574956, 0.412349, -0.706678, 0.124994, 0.791825, -0.497899, 0.353706, -0.002831, -0.206004, -0.762929, -0.61278, -1.2e-05, 0.0, 0.0, 0.0, 1.0],
                [0.511343, 0.457026, -0.727774, 0.124994, 0.858679, -0.305819, 0.411271, -0.002831, -0.034606, -0.835223, -0.548819, -1.2e-05, 0.0, 0.0, 0.0, 1.0],
                [0.462954, 0.478553, -0.746097, 0.124994, 0.874683, -0.110344, 0.471967, -0.002831, 0.143534, -0.871096, -0.469668, -1.2e-05, 0.0, 0.0, 0.0, 1.0],
                [0.437194, 0.476382, -0.762838, 0.124994, 0.842604, 0.079599, 0.532619, -0.00283, 0.314451, -0.875626, -0.366602, -1.2e-05, 0.0, 0.0, 0.0, 1.0],
                [0.429758, 0.458044, -0.778141, 0.124994, 0.770066, 0.264074, 0.580743, -0.002831, 0.471493, -0.848797, -0.239237, -1.2e-05, 0.0, 0.0, 0.0, 1.0],
                [0.430839, 0.438412, -0.788779, 0.124994, 0.668742, 0.431784, 0.605265, -0.002831, 0.605938, -0.78826, -0.107156, -1.2e-05, 0.0, 0.0, 0.0, 1.0],
                [0.436856, 0.4286, -0.790859, 0.124994, 0.555463, 0.563008, 0.611948, -0.002831, 0.707542, -0.706625, 0.007882, -1.2e-05, 0.0, 0.0, 0.0, 1.0],
                [0.441279, 0.438676, -0.782838, 0.124994, 0.451665, 0.645237, 0.61617, -0.002831, 0.775417, -0.625482, 0.086595, -1.2e-05, 0.0, 0.0, 0.0, 1.0],
                [0.437194, 0.476382, -0.762838, 0.124994, 0.378011, 0.6723, 0.636489, -0.002831, 0.816069, -0.566629, 0.113849, -1.2e-05, 0.0, 0.0, 0.0, 1.0],
                [0.423543, 0.527601, -0.736374, 0.124994, 0.330128, 0.667085, 0.66784, -0.002832, 0.843579, -0.525956, 0.108364, -1.2e-05, 0.0, 0.0, 0.0, 1.0],
                [0.403818, 0.574189, -0.712206, 0.124994, 0.291669, 0.657071, 0.695116, -0.002831, 0.867098, -0.488428, 0.097865, -1.2e-05, 0.0, 0.0, 0.0, 1.0],
                [0.379256, 0.616326, -0.690149, 0.124994, 0.262914, 0.643347, 0.719012, -0.002831, 0.887153, -0.454139, 0.081952, -1.2e-05, 0.0, 0.0, 0.0, 1.0],
                [0.350831, 0.654476, -0.669759, 0.124994, 0.243744, 0.626743, 0.740122, -0.002831, 0.90416, -0.422907, 0.060356, -1.2e-05, 0.0, 0.0, 0.0, 1.0],
                [0.31924, 0.689259, -0.65039, 0.124994, 0.233811, 0.607798, 0.758889, -0.002831, 0.918378, -0.394335, 0.032877, -1.2e-05, 0.0, 0.0, 0.0, 1.0],
                [0.284921, 0.721362, -0.631233, 0.124994, 0.232679, 0.586783, 0.775593, -0.002831, 0.929882, -0.367856, -0.000659, -1.2e-05, 0.0, 0.0, 0.0, 1.0],
                [0.248095, 0.751474, -0.611338, 0.124994, 0.239933, 0.563737, 0.790336, -0.002831, 0.938552, -0.342758, -0.040443, -1.2e-05, 0.0, 0.0, 0.0, 1.0],
                [0.208823, 0.780238, -0.589593, 0.124994, 0.25525, 0.538501, 0.803033, -0.002831, 0.944055, -0.318185, -0.086705, -1.2e-05, 0.0, 0.0, 0.0, 1.0],
                [0.167053, 0.808212, -0.564699, 0.124994, 0.278451, 0.510756, 0.813383, -0.002831, 0.94581, -0.293119, -0.139725, -1.2e-05, 0.0, 0.0, 0.0, 1.0],
                [0.122689, 0.83583, -0.535101, 0.124994, 0.309528, 0.480053, 0.820817, -0.00283, 0.942942, -0.266334, -0.199815, -1.2e-05, 0.0, 0.0, 0.0, 1.0],
                [0.075668, 0.863343, -0.498909, 0.124994, 0.348655, 0.445852, 0.824412, -0.002831, 0.934191, -0.236328, -0.267273, -1.2e-05, 0.0, 0.0, 0.0, 1.0],
                [0.026072, 0.890726, -0.45379, 0.124994, 0.39618, 0.407565, 0.822759, -0.00283, 0.917802, -0.201233, -0.342263, -1.2e-05, 0.0, 0.0, 0.0, 1.0],
                [-0.025684, 0.917521, -0.396853, 0.124994, 0.452563, 0.364644, 0.813769, -0.00283, 0.891362, -0.1587, -0.424603, -1.2e-05, 0.0, 0.0, 0.0, 1.0],
                [-0.078561, 0.942592, -0.324569, 0.124994, 0.51824, 0.31674, 0.79442, -0.002831, 0.851619, -0.105794, -0.513373, -1.2e-05, 0.0, 0.0, 0.0, 1.0],
                [-0.130432, 0.963736, -0.232803, 0.124993, 0.593324, 0.263994, 0.760443, -0.002831, 0.794326, -0.038942, -0.606243, -1.2e-05, 0.0, 0.0, 0.0, 1.0],
                [-0.154427, 0.977215, -0.1456, 0.124994, 0.699346, 0.212212, 0.682554, -0.002831, 0.697902, 0.00358, -0.716185, -1.2e-05, 0.0, 0.0, 0.0, 1.0],
                [-0.128185, 0.987498, -0.091721, 0.124994, 0.839116, 0.157288, 0.520715, -0.002831, 0.528632, -0.010217, -0.84879, -1.2e-05, 0.0, 0.0, 0.0, 1.0],
                [-0.059039, 0.994724, -0.083872, 0.124994, 0.964114, 0.078603, 0.253583, -0.002831, 0.258838, -0.065891, -0.963671, -1.2e-05, 0.0, 0.0, 0.0, 1.0],
                [0.02884, 0.989771, -0.139706, 0.124995, 0.993437, -0.043857, -0.105637, -0.002831, -0.110683, -0.135742, -0.984542, -1.2e-05, 0.0, 0.0, 0.0, 1.0],
                [0.090789, 0.962511, -0.255592, 0.124994, 0.859309, -0.205432, -0.468385, -0.002831, -0.503333, -0.177108, -0.845747, -1.2e-05, 0.0, 0.0, 0.0, 1.0],
                [0.094143, 0.915897, -0.390214, 0.124994, 0.592666, -0.366493, -0.717237, -0.002831, -0.799927, -0.163743, -0.577325, -1.2e-05, 0.0, 0.0, 0.0, 1.0],
                [0.05015, 0.865678, -0.498079, 0.124994, 0.305123, -0.488142, -0.817689, -0.002831, -0.950991, -0.110968, -0.28862, -1.2e-05, 0.0, 0.0, 0.0, 1.0],
                [-0.006952, 0.82523, -0.564753, 0.124994, 0.081584, -0.562414, -0.82282, -0.002831, -0.996642, -0.051795, -0.063416, -1.2e-05, 0.0, 0.0, 0.0, 1.0],
                [-0.050859, 0.799732, -0.598197, 0.124994, -0.052682, -0.600285, -0.798048, -0.002831, -0.997315, -0.009073, 0.072662, -1.2e-05, 0.0, 0.0, 0.0, 1.0],
                [-0.067567, 0.790754, -0.608392, 0.124994, -0.097864, -0.612096, -0.784703, -0.002831, -0.992903, 0.006519, 0.118744, -1.2e-05, 0.0, 0.0, 0.0, 1.0],
                [-0.067567, 0.790754, -0.608392, 0.124994, -0.097864, -0.612096, -0.784703, -0.002831, -0.992903, 0.006519, 0.118744, -1.2e-05, 0.0, 0.0, 0.0, 1.0],
                [-0.067567, 0.790754, -0.608392, 0.124994, -0.097864, -0.612096, -0.784703, -0.002831, -0.992903, 0.006519, 0.118744, -1.2e-05, 0.0, 0.0, 0.0, 1.0],
                [-0.067567, 0.790754, -0.608392, 0.124994, -0.097864, -0.612096, -0.784703, -0.002831, -0.992903, 0.006519, 0.118744, -1.2e-05, 0.0, 0.0, 0.0, 1.0],
                [-0.067567, 0.790754, -0.608392, 0.124994, -0.097864, -0.612096, -0.784703, -0.002831, -0.992903, 0.006519, 0.118744, -1.2e-05, 0.0, 0.0, 0.0, 1.0],
                [-0.067567, 0.790754, -0.608392, 0.124994, -0.097864, -0.612096, -0.784703, -0.002831, -0.992903, 0.006519, 0.118744, -1.2e-05, 0.0, 0.0, 0.0, 1.0],
                [-0.067567, 0.790754, -0.608392, 0.124994, -0.097864, -0.612096, -0.784703, -0.002831, -0.992903, 0.006519, 0.118744, -1.2e-05, 0.0, 0.0, 0.0, 1.0],
                [-0.067567, 0.790754, -0.608392, 0.124994, -0.097864, -0.612096, -0.784703, -0.002831, -0.992903, 0.006519, 0.118744, -1.2e-05, 0.0, 0.0, 0.0, 1.0],
                [-0.067567, 0.790754, -0.608392, 0.124994, -0.097864, -0.612096, -0.784703, -0.002831, -0.992903, 0.006519, 0.118744, -1.2e-05, 0.0, 0.0, 0.0, 1.0],
                [-0.067567, 0.790754, -0.608392, 0.124994, -0.097864, -0.612096, -0.784703, -0.002831, -0.992903, 0.006519, 0.118744, -1.2e-05, 0.0, 0.0, 0.0, 1.0],
                [-0.067567, 0.790754, -0.608392, 0.124994, -0.097864, -0.612096, -0.784703, -0.002831, -0.992903, 0.006519, 0.118744, -1.2e-05, 0.0, 0.0, 0.0, 1.0],
                [-0.067567, 0.790754, -0.608392, 0.124994, -0.097864, -0.612096, -0.784703, -0.002831, -0.992903, 0.006519, 0.118744, -1.2e-05, 0.0, 0.0, 0.0, 1.0],
                [-0.067567, 0.790754, -0.608392, 0.124994, -0.097864, -0.612096, -0.784703, -0.002831, -0.992903, 0.006519, 0.118744, -1.2e-05, 0.0, 0.0, 0.0, 1.0],
                [-0.067567, 0.790754, -0.608392, 0.124994, -0.097864, -0.612096, -0.784703, -0.002831, -0.992903, 0.006519, 0.118744, -1.2e-05, 0.0, 0.0, 0.0, 1.0],
                [-0.067567, 0.790754, -0.608392, 0.124994, -0.097864, -0.612096, -0.784703, -0.002831, -0.992903, 0.006519, 0.118744, -1.2e-05, 0.0, 0.0, 0.0, 1.0],
                [-0.067567, 0.790754, -0.608392, 0.124994, -0.097864, -0.612096, -0.784703, -0.002831, -0.992903, 0.006519, 0.118744, -1.2e-05, 0.0, 0.0, 0.0, 1.0],
                [-0.067567, 0.790754, -0.608392, 0.124994, -0.097864, -0.612096, -0.784703, -0.002831, -0.992903, 0.006519, 0.118744, -1.2e-05, 0.0, 0.0, 0.0, 1.0],
                [-0.067567, 0.790754, -0.608392, 0.124994, -0.097864, -0.612096, -0.784703, -0.002831, -0.992903, 0.006519, 0.118744, -1.2e-05, 0.0, 0.0, 0.0, 1.0],
                [-0.067567, 0.790754, -0.608392, 0.124994, -0.097864, -0.612096, -0.784703, -0.002831, -0.992903, 0.006519, 0.118744, -1.2e-05, 0.0, 0.0, 0.0, 1.0],
                [-0.067567, 0.790754, -0.608392, 0.124994, -0.097864, -0.612096, -0.784703, -0.002831, -0.992903, 0.006519, 0.118744, -1.2e-05, 0.0, 0.0, 0.0, 1.0],
                [-0.067567, 0.790754, -0.608392, 0.124994, -0.097864, -0.612096, -0.784703, -0.002831, -0.992903, 0.006519, 0.118744, -1.2e-05, 0.0, 0.0, 0.0, 1.0],
                [-0.067567, 0.790754, -0.608392, 0.124994, -0.097864, -0.612096, -0.784703, -0.002831, -0.992903, 0.006519, 0.118744, -1.2e-05, 0.0, 0.0, 0.0, 1.0],
                [-0.067567, 0.790754, -0.608392, 0.124994, -0.097864, -0.612096, -0.784703, -0.002831, -0.992903, 0.006519, 0.118744, -1.2e-05, 0.0, 0.0, 0.0, 1.0],
                [-0.067567, 0.790754, -0.608392, 0.124994, -0.097864, -0.612096, -0.784703, -0.002831, -0.992903, 0.006519, 0.118744, -1.2e-05, 0.0, 0.0, 0.0, 1.0],
                [-0.067567, 0.790754, -0.608392, 0.124994, -0.097864, -0.612096, -0.784703, -0.002831, -0.992903, 0.006519, 0.118744, -1.2e-05, 0.0, 0.0, 0.0, 1.0],
                [-0.067567, 0.790754, -0.608392, 0.124994, -0.097864, -0.612096, -0.784703, -0.002831, -0.992903, 0.006519, 0.118744, -1.2e-05, 0.0, 0.0, 0.0, 1.0],
                [-0.067567, 0.790754, -0.608392, 0.124994, -0.097864, -0.612096, -0.784703, -0.002831, -0.992903, 0.006519, 0.118744, -1.2e-05, 0.0, 0.0, 0.0, 1.0]
            ]
        },
        {
            "name": "Leg_R",
            "time": [0.0, 0.0167, 0.0333, 0.05, 0.0667, 0.0833, 0.1, 0.1167, 0.1333, 0.15, 0.1667, 0.1833, 0.2, 0.2167, 0.2333, 0.25, 0.2667, 0.2833, 0.3, 0.3167, 0.3333, 0.35, 0.3667, 0.3833, 0.4, 0.4167, 0.4333, 0.45, 0.4667, 0.4833, 0.5, 0.5167, 0.5333, 0.55, 0.5667, 0.5833, 0.6, 0.6167, 0.6333, 0.65, 0.6667, 0.6833, 0.7, 0.7167, 0.7333, 0.75, 0.7667, 0.7833, 0.8, 0.8167, 0.8333, 0.85, 0.8667, 0.8833, 0.9, 0.9167, 0.9333, 0.95, 0.9667, 0.9833, 1.0, 1.0167, 1.0333, 1.05],
            "transform": [
                [1.0, 0.0, 1e-06, 0.0, -0.0, 0.990944, 0.134282, 0.37472, -1e-06, -0.134282, 0.990942, -0.0, 0.0, 0.0, 0.0, 1.0],
                [1.0, 0.0, 1e-06, 0.0, -0.0, 0.990944, 0.134282, 0.37472, -1e-06, -0.134282, 0.990942, -0.0, 0.0, 0.0, 0.0, 1.0],
                [1.0, 0.0, 1e-06, 0.0, -0.0, 0.990944, 0.134282, 0.37472, -1e-06, -0.134282, 0.990942, -0.0, 0.0, 0.0, 0.0, 1.0],
                [1.0, 0.0, 1e-06, 0.0, -1e-06, 0.990944, 0.134282, 0.37472, -1e-06, -0.134282, 0.990942, 0.0, 0.0, 0.0, 0.0, 1.0],
                [1.0, 0.0, 1e-06, 0.0, -1e-06, 0.990944, 0.134282, 0.37472, -1e-06, -0.134282, 0.990942, -0.0, 0.0, 0.0, 0.0, 1.0],
                [1.0, 0.0, 1e-06, 0.0, -0.0, 0.990944, 0.134282, 0.37472, -1e-06, -0.134282, 0.990942, 0.0, 0.0, 0.0, 0.0, 1.0],
                [1.0, 0.0, 1e-06, 0.0, -0.0, 0.990944, 0.134282, 0.37472, -1e-06, -0.134282, 0.990942, 0.0, 0.0, 0.0, 0.0, 1.0],
                [1.0, 0.0, 1e-06, -0.0, -0.0, 0.990944, 0.134282, 0.37472, -1e-06, -0.134282, 0.990942, -0.0, 0.0, 0.0, 0.0, 1.0],
                [1.0, 0.0, 1e-06, 0.0, -1e-06, 0.990944, 0.134282, 0.37472, -1e-06, -0.134282, 0.990942, 0.0, 0.0, 0.0, 0.0, 1.0],
                [1.0, 0.0, 1e-06, 0.0, -0.0, 0.990944, 0.134282, 0.37472, -1e-06, -0.134282, 0.990942, -0.0, 0.0, 0.0, 0.0, 1.0],
                [1.0, 0.0, 1e-06, 0.0, -0.0, 0.990944, 0.134282, 0.37472, -1e-06, -0.134282, 0.990942, 0.0, 0.0, 0.0, 0.0, 1.0],
                [1.0, 0.0, 1e-06, 0.0, -0.0, 0.990944, 0.134282, 0.37472, -1e-06, -0.134282, 0.990942, 0.0, 0.0, 0.0, 0.0, 1.0],
                [1.0, 0.0, 1e-06, -0.0, -0.0, 0.990944, 0.134282, 0.37472, -1e-06, -0.134282, 0.990942, 0.0, 0.0, 0.0, 0.0, 1.0],
                [1.0, 0.0, 1e-06, 0.0, -0.0, 0.990944, 0.134282, 0.37472, -1e-06, -0.134282, 0.990942, 0.0, 0.0, 0.0, 0.0, 1.0],
                [1.0, 0.0, 1e-06, 0.0, -0.0, 0.990944, 0.134282, 0.37472, -1e-06, -0.134282, 0.990942, -0.0, 0.0, 0.0, 0.0, 1.0],
                [1.0, 0.0, 1e-06, 0.0, -1e-06, 0.990944, 0.134282, 0.37472, -1e-06, -0.134282, 0.990942, 0.0, 0.0, 0.0, 0.0, 1.0],
                [1.0, 0.0, 1e-06, 0.0, -0.0, 0.990944, 0.134282, 0.37472, -1e-06, -0.134282, 0.990942, -0.0, 0.0, 0.0, 0.0, 1.0],
                [1.0, 0.0, 1e-06, 0.0, -1e-06, 0.990944, 0.134282, 0.37472, -1e-06, -0.134282, 0.990942, 0.0, 0.0, 0.0, 0.0, 1.0],
                [1.0, 0.0, 1e-06, 0.0, -0.0, 0.990944, 0.134282, 0.374721, -1e-06, -0.134282, 0.990942, 0.0, 0.0, 0.0, 0.0, 1.0],
                [1.0, 0.0, 1e-06, 0.0, -0.0, 0.990944, 0.134282, 0.374719, -1e-06, -0.134282, 0.990942, -0.0, 0.0, 0.0, 0.0, 1.0],
                [1.0, 0.0, 1e-06, 0.0, -0.0, 0.990944, 0.134282, 0.37472, -1e-06, -0.134282, 0.990942, -0.0, 0.0, 0.0, 0.0, 1.0],
                [1.0, 0.0, 1e-06, -0.0, -0.0, 0.990944, 0.134282, 0.37472, -1e-06, -0.134282, 0.990942, 0.0, 0.0, 0.0, 0.0, 1.0],
                [1.0, 0.0, 1e-06, 0.0, -0.0, 0.990944, 0.134282, 0.37472, -1e-06, -0.134282, 0.990942, -0.0, 0.0, 0.0, 0.0, 1.0],
                [1.0, 0.0, 1e-06, 0.0, -1e-06, 0.990944, 0.134282, 0.37472, -1e-06, -0.134282, 0.990942, -0.0, 0.0, 0.0, 0.0, 1.0],
                [1.0, 0.0, 1e-06, 0.0, -0.0, 0.990944, 0.134282, 0.37472, -1e-06, -0.134282, 0.990942, -0.0, 0.0, 0.0, 0.0, 1.0],
                [1.0, 0.0, 1e-06, -0.0, -0.0, 0.990944, 0.134282, 0.37472, -1e-06, -0.134282, 0.990942, 0.0, 0.0, 0.0, 0.0, 1.0],
                [1.0, 0.0, 1e-06, 0.0, -0.0, 0.990944, 0.134282, 0.374721, -1e-06, -0.134282, 0.990942, -0.0, 0.0, 0.0, 0.0, 1.0],
                [1.0, 0.0, 1e-06, -0.0, -1e-06, 0.990944, 0.134282, 0.37472, -1e-06, -0.134282, 0.990942, -0.0, 0.0, 0.0, 0.0, 1.0],
                [1.0, 0.0, 1e-06, -0.0, -0.0, 0.98964, 0.143579, 0.37472, -1e-06, -0.14358, 0.989638, 0.0, 0.0, 0.0, 0.0, 1.0],
                [1.0, 0.0, 1e-06, -0.0, -0.0, 0.985585, 0.169183, 0.37472, -1e-06, -0.169183, 0.985584, -0.0, 0.0, 0.0, 0.0, 1.0],
                [1.0, 0.0, 1e-06, -0.0, -0.0, 0.978156, 0.207874, 0.374721, -1e-06, -0.207874, 0.978155, 0.0, 0.0, 0.0, 0.0, 1.0],
                [1.0, 0.0, 1e-06, 0.0, -1e-06, 0.966589, 0.256334, 0.37472, -1e-06, -0.256334, 0.966587, 0.0, 0.0, 0.0, 0.0, 1.0],
                [1.0, 0.0, 1e-06, 0.0, -0.0, 0.950482, 0.310782, 0.37472, -1e-06, -0.310782, 0.950481, -0.0, 0.0, 0.0, 0.0, 1.0],
                [1.0, 0.0, 1e-06, -0.0, -0.0, 0.930296, 0.36681, 0.37472, -1e-06, -0.36681, 0.930295, -0.0, 0.0, 0.0, 0.0, 1.0],
                [1.0, 0.0, 1e-06, 0.0, -1e-06, 0.907779, 0.419449, 0.37472, -1e-06, -0.41945, 0.907778, -0.0, 0.0, 0.0, 0.0, 1.0],
                [1.0, 0.0, 1e-06, 0.0, -0.0, 0.886135, 0.463428, 0.374719, -1e-06, -0.463428, 0.886134, 1e-06, 0.0, 0.0, 0.0, 1.0],
                [1.0, 0.0, 1e-06, 0.0, -0.0, 0.869751, 0.493492, 0.37472, -1e-06, -0.493492, 0.86975, 0.0, 0.0, 0.0, 0.0, 1.0],
                [1.0, 0.0, 1e-06, 0.0, -0.0, 0.863355, 0.504597, 0.37472, -1e-06, -0.504598, 0.863354, -1e-06, 0.0, 0.0, 0.0, 1.0],
                [1.0, 0.0, 1e-06, 0.0, -0.0, 0.863355, 0.504597, 0.37472, -1e-06, -0.504598, 0.863354, -1e-06, 0.0, 0.0, 0.0, 1.0],
                [1.0, 0.0, 1e-06, 0.0, -0.0, 0.863355, 0.504597, 0.37472, -1e-06, -0.504598, 0.863354, -1e-06, 0.0, 0.0, 0.0, 1.0],
                [1.0, 0.0, 1e-06, 0.0, -0.0, 0.863355, 0.504597, 0.37472, -1e-06, -0.504598, 0.863354, -1e-06, 0.0, 0.0, 0.0, 1.0],
                [1.0, 0.0, 1e-06, 0.0, -0.0, 0.863355, 0.504597, 0.37472, -1e-06, -0.504598, 0.863354, -1e-06, 0.0, 0.0, 0.0, 1.0],
                [1.0, 0.0, 1e-06, 0.0, -0.0, 0.863355, 0.504597, 0.37472, -1e-06, -0.504598, 0.863354, -1e-06, 0.0, 0.0, 0.0, 1.0],
                [1.0, 0.0, 1e-06, 0.0, -0.0, 0.863355, 0.504597, 0.37472, -1e-06, -0.504598, 0.863354, -1e-06, 0.0, 0.0, 0.0, 1.0],
                [1.0, 0.0, 1e-06, 0.0, -0.0, 0.863355, 0.504597, 0.37472, -1e-06, -0.504598, 0.863354, -1e-06, 0.0, 0.0, 0.0, 1.0],
                [1.0, 0.0, 1e-06, 0.0, -0.0, 0.863355, 0.504597, 0.37472, -1e-06, -0.504598, 0.863354, -1e-06, 0.0, 0.0, 0.0, 1.0],
                [1.0, 0.0, 1e-06, 0.0, -0.0, 0.863355, 0.504597, 0.37472, -1e-06, -0.504598, 0.863354, -1e-06, 0.0, 0.0, 0.0, 1.0],
                [1.0, 0.0, 1e-06, 0.0, -0.0, 0.863355, 0.504597, 0.37472, -1e-06, -0.504598, 0.863354, -1e-06, 0.0, 0.0, 0.0, 1.0],
                [1.0, 0.0, 1e-06, 0.0, -0.0, 0.863355, 0.504597, 0.37472, -1e-06, -0.504598, 0.863354, -1e-06, 0.0, 0.0, 0.0, 1.0],
                [1.0, 0.0, 1e-06, 0.0, -0.0, 0.863355, 0.504597, 0.37472, -1e-06, -0.504598, 0.863354, -1e-06, 0.0, 0.0, 0.0, 1.0],
                [1.0, 0.0, 1e-06, 0.0, -0.0, 0.863355, 0.504597, 0.37472, -1e-06, -0.504598, 0.863354, -1e-06, 0.0, 0.0, 0.0, 1.0],
                [1.0, 0.0, 1e-06, 0.0, -0.0, 0.863355, 0.504597, 0.37472, -1e-06, -0.504598, 0.863354, -1e-06, 0.0, 0.0, 0.0, 1.0],
                [1.0, 0.0, 1e-06, 0.0, -0.0, 0.863355, 0.504597, 0.37472, -1e-06, -0.504598, 0.863354, -1e-06, 0.0, 0.0, 0.0, 1.0],
                [1.0, 0.0, 1e-06, 0.0, -0.0, 0.863355, 0.504597, 0.37472, -1e-06, -0.504598, 0.863354, -1e-06, 0.0, 0.0, 0.0, 1.0],
                [1.0, 0.0, 1e-06, 0.0, -0.0, 0.863355, 0.504597, 0.37472, -1e-06, -0.504598, 0.863354, -1e-06, 0.0, 0.0, 0.0, 1.0],
                [1.0, 0.0, 1e-06, 0.0, -0.0, 0.863355, 0.504597, 0.37472, -1e-06, -0.504598, 0.863354, -1e-06, 0.0, 0.0, 0.0, 1.0],
                [1.0, 0.0, 1e-06, 0.0, -0.0, 0.863355, 0.504597, 0.37472, -1e-06, -0.504598, 0.863354, -1e-06, 0.0, 0.0, 0.0, 1.0],
                [1.0, 0.0, 1e-06, 0.0, -0.0, 0.863355, 0.504597, 0.37472, -1e-06, -0.504598, 0.863354, -1e-06, 0.0, 0.0, 0.0, 1.0],
                [1.0, 0.0, 1e-06, 0.0, -0.0, 0.863355, 0.504597, 0.37472, -1e-06, -0.504598, 0.863354, -1e-06, 0.0, 0.0, 0.0, 1.0],
                [1.0, 0.0, 1e-06, 0.0, -0.0, 0.863355, 0.504597, 0.37472, -1e-06, -0.504598, 0.863354, -1e-06, 0.0, 0.0, 0.0, 1.0],
                [1.0, 0.0, 1e-06, 0.0, -0.0, 0.863355, 0.504597, 0.37472, -1e-06, -0.504598, 0.863354, -1e-06, 0.0, 0.0, 0.0, 1.0],
                [1.0, 0.0, 1e-06, 0.0, -0.0, 0.863355, 0.504597, 0.37472, -1e-06, -0.504598, 0.863354, -1e-06, 0.0, 0.0, 0.0, 1.0],
                [1.0, 0.0, 1e-06, 0.0, -0.0, 0.863355, 0.504597, 0.37472, -1e-06, -0.504598, 0.863354, -1e-06, 0.0, 0.0, 0.0, 1.0],
                [1.0, 0.0, 1e-06, 0.0, -0.0, 0.863355, 0.504597, 0.37472, -1e-06, -0.504598, 0.863354, -1e-06, 0.0, 0.0, 0.0, 1.0]
            ]
        },
        {
            "name": "Knee_R",
            "time": [0.0, 0.0167, 0.0333, 0.05, 0.0667, 0.0833, 0.1, 0.1167, 0.1333, 0.15, 0.1667, 0.1833, 0.2, 0.2167, 0.2333, 0.25, 0.2667, 0.2833, 0.3, 0.3167, 0.3333, 0.35, 0.3667, 0.3833, 0.4, 0.4167, 0.4333, 0.45, 0.4667, 0.4833, 0.5, 0.5167, 0.5333, 0.55, 0.5667, 0.5833, 0.6, 0.6167, 0.6333, 0.65, 0.6667, 0.6833, 0.7, 0.7167, 0.7333, 0.75, 0.7667, 0.7833, 0.8, 0.8167, 0.8333, 0.85, 0.8667, 0.8833, 0.9, 0.9167, 0.9333, 0.95, 0.9667, 0.9833, 1.0, 1.0167, 1.0333, 1.05],
            "transform": [
                [1.0, 0.0, -0.0, 0.0, -1e-06, 0.0, -1.0, 0.37472, -0.0, 1.0, 0.0, -0.0, 0.0, 0.0, 0.0, 1.0],
                [1.0, 0.0, -0.0, -0.0, -0.0, 0.0, -1.0, 0.37472, -0.0, 1.0, 0.0, -0.0, 0.0, 0.0, 0.0, 1.0],
                [1.0, 0.0, -0.0, 0.0, -1e-06, 0.0, -1.0, 0.37472, -0.0, 1.0, 0.0, -0.0, 0.0, 0.0, 0.0, 1.0],
                [1.0, 0.0, -0.0, 0.0, -1e-06, 0.0, -1.0, 0.37472, -0.0, 1.0, 0.0, 0.0, 0.0, 0.0, 0.0, 1.0],
                [1.0, 0.0, -0.0, 0.0, -1e-06, 0.0, -1.0, 0.37472, -0.0, 1.0, 0.0, -0.0, 0.0, 0.0, 0.0, 1.0],
                [1.0, 0.0, -1e-06, 0.0, -0.0, 0.0, -1.0, 0.37472, -0.0, 1.0, 0.0, 0.0, 0.0, 0.0, 0.0, 1.0],
                [1.0, 0.0, -1e-06, 0.0, -0.0, 0.0, -1.0, 0.37472, -0.0, 1.0, 0.0, 0.0, 0.0, 0.0, 0.0, 1.0],
                [1.0, 0.0, -0.0, -0.0, -0.0, 0.0, -1.0, 0.37472, -0.0, 1.0, 0.0, -0.0, 0.0, 0.0, 0.0, 1.0],
                [1.0, 0.0, -0.0, 0.0, -0.0, 0.0, -1.0, 0.37472, -0.0, 1.0, 0.0, 0.0, 0.0, 0.0, 0.0, 1.0],
                [1.0, 0.0, -0.0, 0.0, -0.0, 0.0, -1.0, 0.37472, -0.0, 1.0, 0.0, 0.0, 0.0, 0.0, 0.0, 1.0],
                [1.0, 0.0, -0.0, 0.0, -1e-06, 0.0, -1.0, 0.37472, -0.0, 1.0, 0.0, -0.0, 0.0, 0.0, 0.0, 1.0],
                [1.0, 0.0, -1e-06, 0.0, -1e-06, 0.0, -1.0, 0.374721, -0.0, 1.0, 0.0, 0.0, 0.0, 0.0, 0.0, 1.0],
                [1.0, 0.0, -0.0, -0.0, -0.0, 0.0, -1.0, 0.374721, -0.0, 1.0, 0.0, 1e-06, 0.0, 0.0, 0.0, 1.0],
                [1.0, 0.0, -0.0, -0.0, -0.0, 0.0, -1.0, 0.37472, -0.0, 1.0, 0.0, 0.0, 0.0, 0.0, 0.0, 1.0],
                [1.0, 0.0, -0.0, -0.0, -0.0, 0.0, -1.0, 0.374719, -0.0, 1.0, 0.0, -0.0, 0.0, 0.0, 0.0, 1.0],
                [1.0, 0.0, -0.0, 0.0, -0.0, 0.0, -1.0, 0.37472, -0.0, 1.0, 0.0, 1e-06, 0.0, 0.0, 0.0, 1.0],
                [1.0, 0.0, -1e-06, -0.0, -0.0, 0.0, -1.0, 0.37472, -0.0, 1.0, 0.0, -0.0, 0.0, 0.0, 0.0, 1.0],
                [1.0, 0.0, -0.0, 0.0, -1e-06, 0.0, -1.0, 0.374721, -0.0, 1.0, 0.0, -0.0, 0.0, 0.0, 0.0, 1.0],
                [1.0, 0.0, -0.0, -0.0, -0.0, 0.0, -1.0, 0.374721, -0.0, 1.0, 0.0, 0.0, 0.0, 0.0, 0.0, 1.0],
                [1.0, 0.0, -0.0, 0.0, -0.0, 0.0, -1.0, 0.37472, -0.0, 1.0, 0.0, 0.0, 0.0, 0.0, 0.0, 1.0],
                [1.0, 0.0, -0.0, 0.0, -0.0, 0.0, -1.0, 0.37472, -0.0, 1.0, 0.0, 1e-06, 0.0, 0.0, 0.0, 1.0],
                [1.0, 0.0, -0.0, -0.0, -0.0, 0.0, -1.0, 0.374719, -0.0, 1.0, 0.0, -0.0, 0.0, 0.0, 0.0, 1.0],
                [1.0, 0.0, -0.0, 0.0, -0.0, 0.0, -1.0, 0.374721, -0.0, 1.0, 0.0, -0.0, 0.0, 0.0, 0.0, 1.0],
                [1.0, 0.0, -1e-06, 0.0, -0.0, 0.0, -1.0, 0.37472, -0.0, 1.0, 0.0, -0.0, 0.0, 0.0, 0.0, 1.0],
                [1.0, 0.0, -0.0, 0.0, -1e-06, 0.0, -1.0, 0.374721, -0.0, 1.0, 0.0, -0.0, 0.0, 0.0, 0.0, 1.0],
                [1.0, 0.0, -0.0, -0.0, -0.0, 0.0, -1.0, 0.37472, -0.0, 1.0, 0.0, 1e-06, 0.0, 0.0, 0.0, 1.0],
                [1.0, 0.0, -0.0, -0.0, -0.0, 0.0, -1.0, 0.37472, -0.0, 1.0, 0.0, -0.0, 0.0, 0.0, 0.0, 1.0],
                [1.0, 0.0, -0.0, -1e-06, -0.0, 0.0, -1.0, 0.37472, -0.0, 1.0, 0.0, 0.0, 0.0, 0.0, 0.0, 1.0],
                [1.0, 0.0, -0.0, -0.0, -0.0, 0.0, -1.0, 0.37472, -0.0, 1.0, 0.0, 0.0, 0.0, 0.0, 0.0, 1.0],
                [1.0, 0.0, -0.0, 0.0, -1e-06, 0.0, -1.0, 0.37472, -0.0, 1.0, 0.0, -0.0, 0.0, 0.0, 0.0, 1.0],
                [1.0, 0.0, -0.0, 0.0, -1e-06, 0.0, -1.0, 0.374721, -0.0, 1.0, 0.0, -0.0, 0.0, 0.0, 0.0, 1.0],
                [1.0, 0.0, -1e-06, 0.0, -1e-06, 0.0, -1.0, 0.37472, -0.0, 1.0, 0.0, 0.0, 0.0, 0.0, 0.0, 1.0],
                [1.0, 0.0, -0.0, 0.0, -0.0, 0.0, -1.0, 0.37472, -0.0, 1.0, 0.0, 0.0, 0.0, 0.0, 0.0, 1.0],
                [1.0, 0.0, -0.0, 0.0, -0.0, 0.0, -1.0, 0.37472, -0.0, 1.0, 0.0, 0.0, 0.0, 0.0, 0.0, 1.0],
                [1.0, 0.0, -1e-06, 0.0, -1e-06, 0.0, -1.0, 0.37472, -0.0, 1.0, 0.0, 0.0, 0.0, 0.0, 0.0, 1.0],
                [1.0, 0.0, -0.0, 0.0, -0.0, 0.0, -1.0, 0.37472, -0.0, 1.0, 0.0, 1e-06, 0.0, 0.0, 0.0, 1.0],
                [1.0, 0.0, -0.0, 0.0, -0.0, 0.0, -1.0, 0.374721, -0.0, 1.0, 0.0, -0.0, 0.0, 0.0, 0.0, 1.0],
                [1.0, 0.0, -0.0, 0.0, -0.0, 0.0, -1.0, 0.375279, -0.0, 1.0, 0.0, -1e-06, 0.0, 0.0, 0.0, 1.0],
                [1.0, 0.0, -0.0, 0.0, -0.0, 0.0, -1.0, 0.375279, -0.0, 1.0, 0.0, -1e-06, 0.0, 0.0, 0.0, 1.0],
                [1.0, 0.0, -0.0, 0.0, -0.0, 0.0, -1.0, 0.375279, -0.0, 1.0, 0.0, -1e-06, 0.0, 0.0, 0.0, 1.0],
                [1.0, 0.0, -0.0, 0.0, -0.0, 0.0, -1.0, 0.375279, -0.0, 1.0, 0.0, -1e-06, 0.0, 0.0, 0.0, 1.0],
                [1.0, 0.0, -0.0, 0.0, -0.0, 0.0, -1.0, 0.375279, -0.0, 1.0, 0.0, -1e-06, 0.0, 0.0, 0.0, 1.0],
                [1.0, 0.0, -0.0, 0.0, -0.0, 0.0, -1.0, 0.375279, -0.0, 1.0, 0.0, -1e-06, 0.0, 0.0, 0.0, 1.0],
                [1.0, 0.0, -0.0, 0.0, -0.0, 0.0, -1.0, 0.375279, -0.0, 1.0, 0.0, -1e-06, 0.0, 0.0, 0.0, 1.0],
                [1.0, 0.0, -0.0, 0.0, -0.0, 0.0, -1.0, 0.375279, -0.0, 1.0, 0.0, -1e-06, 0.0, 0.0, 0.0, 1.0],
                [1.0, 0.0, -0.0, 0.0, -0.0, 0.0, -1.0, 0.375279, -0.0, 1.0, 0.0, -1e-06, 0.0, 0.0, 0.0, 1.0],
                [1.0, 0.0, -0.0, 0.0, -0.0, 0.0, -1.0, 0.375279, -0.0, 1.0, 0.0, -1e-06, 0.0, 0.0, 0.0, 1.0],
                [1.0, 0.0, -0.0, 0.0, -0.0, 0.0, -1.0, 0.375279, -0.0, 1.0, 0.0, -1e-06, 0.0, 0.0, 0.0, 1.0],
                [1.0, 0.0, -0.0, 0.0, -0.0, 0.0, -1.0, 0.375279, -0.0, 1.0, 0.0, -1e-06, 0.0, 0.0, 0.0, 1.0],
                [1.0, 0.0, -0.0, 0.0, -0.0, 0.0, -1.0, 0.375279, -0.0, 1.0, 0.0, -1e-06, 0.0, 0.0, 0.0, 1.0],
                [1.0, 0.0, -0.0, 0.0, -0.0, 0.0, -1.0, 0.375279, -0.0, 1.0, 0.0, -1e-06, 0.0, 0.0, 0.0, 1.0],
                [1.0, 0.0, -0.0, 0.0, -0.0, 0.0, -1.0, 0.375279, -0.0, 1.0, 0.0, -1e-06, 0.0, 0.0, 0.0, 1.0],
                [1.0, 0.0, -0.0, 0.0, -0.0, 0.0, -1.0, 0.375279, -0.0, 1.0, 0.0, -1e-06, 0.0, 0.0, 0.0, 1.0],
                [1.0, 0.0, -0.0, 0.0, -0.0, 0.0, -1.0, 0.375279, -0.0, 1.0, 0.0, -1e-06, 0.0, 0.0, 0.0, 1.0],
                [1.0, 0.0, -0.0, 0.0, -0.0, 0.0, -1.0, 0.375279, -0.0, 1.0, 0.0, -1e-06, 0.0, 0.0, 0.0, 1.0],
                [1.0, 0.0, -0.0, 0.0, -0.0, 0.0, -1.0, 0.375279, -0.0, 1.0, 0.0, -1e-06, 0.0, 0.0, 0.0, 1.0],
                [1.0, 0.0, -0.0, 0.0, -0.0, 0.0, -1.0, 0.375279, -0.0, 1.0, 0.0, -1e-06, 0.0, 0.0, 0.0, 1.0],
                [1.0, 0.0, -0.0, 0.0, -0.0, 0.0, -1.0, 0.375279, -0.0, 1.0, 0.0, -1e-06, 0.0, 0.0, 0.0, 1.0],
                [1.0, 0.0, -0.0, 0.0, -0.0, 0.0, -1.0, 0.375279, -0.0, 1.0, 0.0, -1e-06, 0.0, 0.0, 0.0, 1.0],
                [1.0, 0.0, -0.0, 0.0, -0.0, 0.0, -1.0, 0.375279, -0.0, 1.0, 0.0, -1e-06, 0.0, 0.0, 0.0, 1.0],
                [1.0, 0.0, -0.0, 0.0, -0.0, 0.0, -1.0, 0.375279, -0.0, 1.0, 0.0, -1e-06, 0.0, 0.0, 0.0, 1.0],
                [1.0, 0.0, -0.0, 0.0, -0.0, 0.0, -1.0, 0.375279, -0.0, 1.0, 0.0, -1e-06, 0.0, 0.0, 0.0, 1.0],
                [1.0, 0.0, -0.0, 0.0, -0.0, 0.0, -1.0, 0.375279, -0.0, 1.0, 0.0, -1e-06, 0.0, 0.0, 0.0, 1.0],
                [1.0, 0.0, -0.0, 0.0, -0.0, 0.0, -1.0, 0.375279, -0.0, 1.0, 0.0, -1e-06, 0.0, 0.0, 0.0, 1.0]
            ]
        },
        {
            "name": "Thigh_L",
            "time": [0.0, 0.0167, 0.0333, 0.05, 0.0667, 0.0833, 0.1, 0.1167, 0.1333, 0.15, 0.1667, 0.1833, 0.2, 0.2167, 0.2333, 0.25, 0.2667, 0.2833, 0.3, 0.3167, 0.3333, 0.35, 0.3667, 0.3833, 0.4, 0.4167, 0.4333, 0.45, 0.4667, 0.4833, 0.5, 0.5167, 0.5333, 0.55, 0.5667, 0.5833, 0.6, 0.6167, 0.6333, 0.65, 0.6667, 0.6833, 0.7, 0.7167, 0.7333, 0.75, 0.7667, 0.7833, 0.8, 0.8167, 0.8333, 0.85, 0.8667, 0.8833, 0.9, 0.9167, 0.9333, 0.95, 0.9667, 0.9833, 1.0, 1.0167, 1.0333, 1.05],
            "transform": [
                [0.937659, -0.329335, -0.111056, -0.125006, -0.29412, -0.922138, 0.251302, -0.002831, -0.185172, -0.202971, -0.961516, -1.2e-05, 0.0, 0.0, 0.0, 1.0],
                [0.912764, -0.406608, -0.039131, -0.125006, -0.377141, -0.875648, 0.301668, -0.002831, -0.156925, -0.260594, -0.95261, -1.2e-05, 0.0, 0.0, 0.0, 1.0],
                [0.834811, -0.537552, 0.11886, -0.125006, -0.536857, -0.747043, 0.392058, -0.002831, -0.121958, -0.391105, -0.912229, -1.2e-05, 0.0, 0.0, 0.0, 1.0],
                [0.736806, -0.617155, 0.276107, -0.125006, -0.663898, -0.583179, 0.468124, -0.002831, -0.127885, -0.528224, -0.839419, -1.2e-05, 0.0, 0.0, 0.0, 1.0],
                [0.646445, -0.642647, 0.411233, -0.125006, -0.743744, -0.410588, 0.527504, -0.002831, -0.170152, -0.646855, -0.743389, -1.2e-05, 0.0, 0.0, 0.0, 1.0],
