{
    "animation": [
        {
            "name": "Root",
            "time": [0.0, 0.0167, 0.0333, 0.05, 0.0667, 0.0833, 0.1, 0.1167, 0.1333, 0.15, 0.1667, 0.1833, 0.2, 0.2167, 0.2333, 0.25, 0.2667, 0.2833, 0.3, 0.3167, 0.3333, 0.35, 0.3667, 0.3833, 0.4, 0.4167, 0.4333, 0.45, 0.4667, 0.4833, 0.5, 0.5167, 0.5333, 0.55, 0.5667, 0.5833, 0.6, 0.6167, 0.6333, 0.65, 0.6667, 0.6833, 0.7, 0.7167, 0.7333, 0.75, 0.7667, 0.7833, 0.8, 0.8167, 0.8333, 0.85, 0.8667, 0.8833, 0.9, 0.9167, 0.9333, 0.95, 0.9667, 0.9833, 1.0, 1.0167, 1.0333, 1.05, 1.0667, 1.0833, 1.1, 1.1167, 1.1333, 1.15, 1.1667, 1.1833, 1.2, 1.2167, 1.2333, 1.25, 1.2667, 1.2833, 1.3, 1.3167, 1.3333],
            "transform": [
                [0.999522, -0.020523, -0.023108, -5e-06, -0.007052, 0.576517, -0.817055, 0.001313, 0.03009, 0.816828, 0.576097, 0.443105, 0.0, 0.0, 0.0, 1.0],
                [0.999354, -0.022436, -0.028091, -5e-06, -0.006363, 0.658651, -0.752422, 0.001313, 0.035384, 0.752114, 0.658083, 0.376968, 0.0, 0.0, 0.0, 1.0],
                [0.998992, -0.024547, -0.037583, -5e-06, -0.003702, 0.789335, -0.613951, 0.001313, 0.044736, 0.613472, 0.788449, 0.233371, 0.0, 0.0, 0.0, 1.0],
                [0.998779, -0.02492, -0.042667, -5e-06, -0.001611, 0.846621, -0.532194, 0.001313, 0.049385, 0.531613, 0.845547, 0.094534, 0.0, 0.0, 0.0, 1.0],
                [0.998779, -0.02492, -0.042667, -5e-06, -0.001611, 0.846621, -0.532194, 0.001313, 0.049385, 0.531613, 0.845547, 0.010474, 0.0, 0.0, 0.0, 1.0],
                [0.998779, -0.02492, -0.042667, -5e-06, -0.001611, 0.846621, -0.532194, 0.001313, 0.049385, 0.531613, 0.845547, -0.032693, 0.0, 0.0, 0.0, 1.0],
                [0.998779, -0.02492, -0.042667, -5e-06, -0.001611, 0.846621, -0.532194, 0.001313, 0.049385, 0.531613, 0.845547, -0.048596, 0.0, 0.0, 0.0, 1.0],
                [0.998779, -0.02492, -0.042667, -5e-06, -0.001611, 0.846621, -0.532194, 0.001313, 0.049385, 0.531613, 0.845547, -0.050868, 0.0, 0.0, 0.0, 1.0],
                [0.99481, -0.05342, -0.086601, -5e-06, -0.001007, 0.845891, -0.533354, 0.001313, 0.101747, 0.530673, 0.841447, 0.012665, 0.0, 0.0, 0.0, 1.0],
                [0.97132, -0.127758, -0.200539, -5e-06, 0.000229, 0.843893, -0.536512, 0.001313, 0.237778, 0.521078, 0.819719, 0.176511, 0.0, 0.0, 0.0, 1.0],
                [0.907506, -0.228099, -0.352709, -5e-06, 0.001073, 0.840961, -0.541095, 0.001313, 0.420037, 0.490669, 0.763422, 0.400547, 0.0, 0.0, 0.0, 1.0],
                [0.79827, -0.329478, -0.504192, -5e-06, 0.000774, 0.837671, -0.546174, 0.001313, 0.6023, 0.435604, 0.668942, 0.644645, 0.0, 0.0, 0.0, 1.0],
                [0.667622, -0.40961, -0.621691, -5e-06, -0.000602, 0.834748, -0.550632, 0.001313, 0.7445, 0.367989, 0.55705, 0.868681, 0.0, 0.0, 0.0, 1.0],
                [0.558734, -0.458127, -0.691329, -5e-06, -0.002201, 0.83276, -0.55363, 0.001313, 0.829344, 0.310854, 0.464283, 1.032528, 0.0, 0.0, 0.0, 1.0],
                [0.514429, -0.47443, -0.714338, -5e-06, -0.002937, 0.832036, -0.554714, 0.001313, 0.857528, 0.287459, 0.42663, 1.09606, 0.0, 0.0, 0.0, 1.0],
                [0.514429, -0.47443, -0.714338, -5e-06, -0.002937, 0.832036, -0.554714, 0.001313, 0.857528, 0.287459, 0.42663, 1.092864, 0.0, 0.0, 0.0, 1.0],
                [0.514429, -0.47443, -0.714338, -5e-06, -0.002937, 0.832036, -0.554714, 0.001313, 0.857528, 0.287459, 0.42663, 1.070489, 0.0, 0.0, 0.0, 1.0],
                [0.514429, -0.47443, -0.714338, -5e-06, -0.002937, 0.832036, -0.554714, 0.001313, 0.857528, 0.287459, 0.42663, 1.009759, 0.0, 0.0, 0.0, 1.0],
                [0.514429, -0.47443, -0.714338, -5e-06, -0.002937, 0.832036, -0.554714, 0.001313, 0.857528, 0.287459, 0.42663, 0.798128, 0.0, 0.0, 0.0, 1.0],
                [0.514429, -0.47443, -0.714338, -5e-06, -0.002937, 0.832036, -0.554714, 0.001313, 0.857528, 0.287459, 0.42663, 0.444732, 0.0, 0.0, 0.0, 1.0],
                [0.514429, -0.47443, -0.714338, -5e-06, -0.002937, 0.832036, -0.554714, 0.001313, 0.857528, 0.287459, 0.42663, 0.11291, 0.0, 0.0, 0.0, 1.0],
                [0.514429, -0.47443, -0.714338, -5e-06, -0.002937, 0.832036, -0.554714, 0.001313, 0.857528, 0.287459, 0.42663, -0.033994, 0.0, 0.0, 0.0, 1.0],
                [0.526007, -0.47049, -0.708489, -5e-06, -0.002937, 0.832036, -0.554714, 0.001313, 0.850475, 0.293864, 0.436275, -0.028531, 0.0, 0.0, 0.0, 1.0],
                [0.556621, -0.459479, -0.692136, -5e-06, -0.002937, 0.832036, -0.554714, 0.001313, 0.830762, 0.310798, 0.461779, -0.01389, 0.0, 0.0, 0.0, 1.0],
                [0.59976, -0.442407, -0.666757, -5e-06, -0.002937, 0.832036, -0.554714, 0.001313, 0.800175, 0.334653, 0.497722, 0.007307, 0.0, 0.0, 0.0, 1.0],
                [0.64885, -0.420506, -0.634168, -5e-06, -0.002937, 0.832036, -0.554714, 0.001313, 0.760911, 0.361788, 0.538631, 0.032437, 0.0, 0.0, 0.0, 1.0],
                [0.697778, -0.395644, -0.597135, -5e-06, -0.002937, 0.832036, -0.554714, 0.001313, 0.716308, 0.388821, 0.579415, 0.058878, 0.0, 0.0, 0.0, 1.0],
                [0.741405, -0.370433, -0.559551, -5e-06, -0.002937, 0.832036, -0.554714, 0.001313, 0.671051, 0.412911, 0.615788, 0.084008, 0.0, 0.0, 0.0, 1.0],
                [0.775843, -0.348087, -0.526216, -5e-06, -0.002937, 0.832036, -0.554714, 0.001313, 0.630919, 0.431916, 0.644507, 0.105205, 0.0, 0.0, 0.0, 1.0],
                [0.798298, -0.332132, -0.502403, -5e-06, -0.002937, 0.832036, -0.554714, 0.001313, 0.602255, 0.444303, 0.663237, 0.119846, 0.0, 0.0, 0.0, 1.0],
                [0.80639, -0.326078, -0.493365, -5e-06, -0.002937, 0.832036, -0.554714, 0.001313, 0.591377, 0.448765, 0.669987, 0.125309, 0.0, 0.0, 0.0, 1.0],
                [0.80639, -0.326078, -0.493365, -5e-06, -0.002937, 0.832036, -0.554714, 0.001313, 0.591377, 0.448765, 0.669987, 0.125309, 0.0, 0.0, 0.0, 1.0],
                [0.80639, -0.326078, -0.493365, -5e-06, -0.002937, 0.832036, -0.554714, 0.001313, 0.591377, 0.448765, 0.669987, 0.125309, 0.0, 0.0, 0.0, 1.0],
                [0.80639, -0.326078, -0.493365, -5e-06, -0.002937, 0.832036, -0.554714, 0.001313, 0.591377, 0.448765, 0.669987, 0.125309, 0.0, 0.0, 0.0, 1.0],
                [0.80639, -0.326078, -0.493365, -5e-06, -0.002937, 0.832036, -0.554714, 0.001313, 0.591377, 0.448765, 0.669987, 0.125309, 0.0, 0.0, 0.0, 1.0],
                [0.80639, -0.326078, -0.493365, -5e-06, -0.002937, 0.832036, -0.554714, 0.001313, 0.591377, 0.448765, 0.669987, 0.125309, 0.0, 0.0, 0.0, 1.0],
                [0.80639, -0.326078, -0.493365, -5e-06, -0.002937, 0.832036, -0.554714, 0.001313, 0.591377, 0.448765, 0.669987, 0.125309, 0.0, 0.0, 0.0, 1.0],
                [0.80639, -0.326078, -0.493365, -5e-06, -0.002937, 0.832036, -0.554714, 0.001313, 0.591377, 0.448765, 0.669987, 0.125309, 0.0, 0.0, 0.0, 1.0],
                [0.80639, -0.326078, -0.493365, -5e-06, -0.002937, 0.832036, -0.554714, 0.001313, 0.591377, 0.448765, 0.669987, 0.125309, 0.0, 0.0, 0.0, 1.0],
                [0.80639, -0.326078, -0.493365, -5e-06, -0.002937, 0.832036, -0.554714, 0.001313, 0.591377, 0.448765, 0.669987, 0.125309, 0.0, 0.0, 0.0, 1.0],
                [0.80639, -0.326078, -0.493365, -5e-06, -0.002937, 0.832036, -0.554714, 0.001313, 0.591377, 0.448765, 0.669987, 0.125309, 0.0, 0.0, 0.0, 1.0],
                [0.80639, -0.326078, -0.493365, -5e-06, -0.002937, 0.832036, -0.554714, 0.001313, 0.591377, 0.448765, 0.669987, 0.125309, 0.0, 0.0, 0.0, 1.0],
                [0.80639, -0.326078, -0.493365, -5e-06, -0.002937, 0.832036, -0.554714, 0.001313, 0.591377, 0.448765, 0.669987, 0.125309, 0.0, 0.0, 0.0, 1.0],
                [0.80639, -0.326078, -0.493365, -5e-06, -0.002937, 0.832036, -0.554714, 0.001313, 0.591377, 0.448765, 0.669987, 0.125309, 0.0, 0.0, 0.0, 1.0],
                [0.80639, -0.326078, -0.493365, -5e-06, -0.002937, 0.832036, -0.554714, 0.001313, 0.591377, 0.448765, 0.669987, 0.125309, 0.0, 0.0, 0.0, 1.0],
                [0.80639, -0.326078, -0.493365, -5e-06, -0.002937, 0.832036, -0.554714, 0.001313, 0.591377, 0.448765, 0.669987, 0.125309, 0.0, 0.0, 0.0, 1.0],
                [0.80639, -0.326078, -0.493365, -5e-06, -0.002937, 0.832036, -0.554714, 0.001313, 0.591377, 0.448765, 0.669987, 0.125309, 0.0, 0.0, 0.0, 1.0],
                [0.80639, -0.326078, -0.493365, -5e-06, -0.002937, 0.832036, -0.554714, 0.001313, 0.591377, 0.448765, 0.669987, 0.125309, 0.0, 0.0, 0.0, 1.0],
                [0.80639, -0.326078, -0.493365, -5e-06, -0.002937, 0.832036, -0.554714, 0.001313, 0.591377, 0.448765, 0.669987, 0.125309, 0.0, 0.0, 0.0, 1.0],
                [0.80639, -0.326078, -0.493365, -5e-06, -0.002937, 0.832036, -0.554714, 0.001313, 0.591377, 0.448765, 0.669987, 0.125309, 0.0, 0.0, 0.0, 1.0],
                [0.80639, -0.326078, -0.493365, -5e-06, -0.002937, 0.832036, -0.554714, 0.001313, 0.591377, 0.448765, 0.669987, 0.125309, 0.0, 0.0, 0.0, 1.0],
                [0.80639, -0.326078, -0.493365, -5e-06, -0.002937, 0.832036, -0.554714, 0.001313, 0.591377, 0.448765, 0.669987, 0.125309, 0.0, 0.0, 0.0, 1.0],
                [0.80639, -0.326078, -0.493365, -5e-06, -0.002937, 0.832036, -0.554714, 0.001313, 0.591377, 0.448765, 0.669987, 0.125309, 0.0, 0.0, 0.0, 1.0],
                [0.80639, -0.326078, -0.493365, -5e-06, -0.002937, 0.832036, -0.554714, 0.001313, 0.591377, 0.448765, 0.669987, 0.125309, 0.0, 0.0, 0.0, 1.0],
                [0.80639, -0.326078, -0.493365, -5e-06, -0.002937, 0.832036, -0.554714, 0.001313, 0.591377, 0.448765, 0.669987, 0.125309, 0.0, 0.0, 0.0, 1.0],
                [0.80639, -0.326078, -0.493365, -5e-06, -0.002937, 0.832036, -0.554714, 0.001313, 0.591377, 0.448765, 0.669987, 0.125309, 0.0, 0.0, 0.0, 1.0],
                [0.80639, -0.326078, -0.493365, -5e-06, -0.002937, 0.832036, -0.554714, 0.001313, 0.591377, 0.448765, 0.669987, 0.125309, 0.0, 0.0, 0.0, 1.0],
                [0.80639, -0.326078, -0.493365, -5e-06, -0.002937, 0.832036, -0.554714, 0.001313, 0.591377, 0.448765, 0.669987, 0.125309, 0.0, 0.0, 0.0, 1.0],
                [0.80639, -0.326078, -0.493365, -5e-06, -0.002937, 0.832036, -0.554714, 0.001313, 0.591377, 0.448765, 0.669987, 0.125309, 0.0, 0.0, 0.0, 1.0],
                [0.80639, -0.326078, -0.493365, -5e-06, -0.002937, 0.832036, -0.554714, 0.001313, 0.591377, 0.448765, 0.669987, 0.125309, 0.0, 0.0, 0.0, 1.0],
                [0.80639, -0.326078, -0.493365, -5e-06, -0.002937, 0.832036, -0.554714, 0.001313, 0.591377, 0.448765, 0.669987, 0.125309, 0.0, 0.0, 0.0, 1.0],
                [0.80639, -0.326078, -0.493365, -5e-06, -0.002937, 0.832036, -0.554714, 0.001313, 0.591377, 0.448765, 0.669987, 0.125309, 0.0, 0.0, 0.0, 1.0],
                [0.80639, -0.326078, -0.493365, -5e-06, -0.002937, 0.832036, -0.554714, 0.001313, 0.591377, 0.448765, 0.669987, 0.125309, 0.0, 0.0, 0.0, 1.0],
                [0.80639, -0.326078, -0.493365, -5e-06, -0.002937, 0.832036, -0.554714, 0.001313, 0.591377, 0.448765, 0.669987, 0.125309, 0.0, 0.0, 0.0, 1.0],
                [0.80639, -0.326078, -0.493365, -5e-06, -0.002937, 0.832036, -0.554714, 0.001313, 0.591377, 0.448765, 0.669987, 0.125309, 0.0, 0.0, 0.0, 1.0],
                [0.80639, -0.326078, -0.493365, -5e-06, -0.002937, 0.832036, -0.554714, 0.001313, 0.591377, 0.448765, 0.669987, 0.125309, 0.0, 0.0, 0.0, 1.0],
                [0.80639, -0.326078, -0.493365, -5e-06, -0.002937, 0.832036, -0.554714, 0.001313, 0.591377, 0.448765, 0.669987, 0.125309, 0.0, 0.0, 0.0, 1.0],
                [0.80639, -0.326078, -0.493365, -5e-06, -0.002937, 0.832036, -0.554714, 0.001313, 0.591377, 0.448765, 0.669987, 0.125309, 0.0, 0.0, 0.0, 1.0],
                [0.80639, -0.326078, -0.493365, -5e-06, -0.002937, 0.832036, -0.554714, 0.001313, 0.591377, 0.448765, 0.669987, 0.125309, 0.0, 0.0, 0.0, 1.0],
                [0.80639, -0.326078, -0.493365, -5e-06, -0.002937, 0.832036, -0.554714, 0.001313, 0.591377, 0.448765, 0.669987, 0.125309, 0.0, 0.0, 0.0, 1.0],
                [0.80639, -0.326078, -0.493365, -5e-06, -0.002937, 0.832036, -0.554714, 0.001313, 0.591377, 0.448765, 0.669987, 0.125309, 0.0, 0.0, 0.0, 1.0],
                [0.80639, -0.326078, -0.493365, -5e-06, -0.002937, 0.832036, -0.554714, 0.001313, 0.591377, 0.448765, 0.669987, 0.125309, 0.0, 0.0, 0.0, 1.0],
                [0.80639, -0.326078, -0.493365, -5e-06, -0.002937, 0.832036, -0.554714, 0.001313, 0.591377, 0.448765, 0.669987, 0.125309, 0.0, 0.0, 0.0, 1.0],
                [0.80639, -0.326078, -0.493365, -5e-06, -0.002937, 0.832036, -0.554714, 0.001313, 0.591377, 0.448765, 0.669987, 0.125309, 0.0, 0.0, 0.0, 1.0],
                [0.80639, -0.326078, -0.493365, -5e-06, -0.002937, 0.832036, -0.554714, 0.001313, 0.591377, 0.448765, 0.669987, 0.125309, 0.0, 0.0, 0.0, 1.0],
                [0.80639, -0.326078, -0.493365, -5e-06, -0.002937, 0.832036, -0.554714, 0.001313, 0.591377, 0.448765, 0.669987, 0.125309, 0.0, 0.0, 0.0, 1.0],
                [0.80639, -0.326078, -0.493365, -5e-06, -0.002937, 0.832036, -0.554714, 0.001313, 0.591377, 0.448765, 0.669987, 0.125309, 0.0, 0.0, 0.0, 1.0],
                [0.80639, -0.326078, -0.493365, -5e-06, -0.002937, 0.832036, -0.554714, 0.001313, 0.591377, 0.448765, 0.669987, 0.125309, 0.0, 0.0, 0.0, 1.0],
                [0.80639, -0.326078, -0.493365, -5e-06, -0.002937, 0.832036, -0.554714, 0.001313, 0.591377, 0.448765, 0.669987, 0.125309, 0.0, 0.0, 0.0, 1.0],
                [0.80639, -0.326078, -0.493365, -5e-06, -0.002937, 0.832036, -0.554714, 0.001313, 0.591377, 0.448765, 0.669987, 0.125309, 0.0, 0.0, 0.0, 1.0],
                [0.80639, -0.326078, -0.493365, -5e-06, -0.002937, 0.832036, -0.554714, 0.001313, 0.591377, 0.448765, 0.669987, 0.125309, 0.0, 0.0, 0.0, 1.0]
            ]
        },
        {
            "name": "Thigh_R",
            "time": [0.0, 0.0167, 0.0333, 0.05, 0.0667, 0.0833, 0.1, 0.1167, 0.1333, 0.15, 0.1667, 0.1833, 0.2, 0.2167, 0.2333, 0.25, 0.2667, 0.2833, 0.3, 0.3167, 0.3333, 0.35, 0.3667, 0.3833, 0.4, 0.4167, 0.4333, 0.45, 0.4667, 0.4833, 0.5, 0.5167, 0.5333, 0.55, 0.5667, 0.5833, 0.6, 0.6167, 0.6333, 0.65, 0.6667, 0.6833, 0.7, 0.7167, 0.7333, 0.75, 0.7667, 0.7833, 0.8, 0.8167, 0.8333, 0.85, 0.8667, 0.8833, 0.9, 0.9167, 0.9333, 0.95, 0.9667, 0.9833, 1.0, 1.0167, 1.0333, 1.05, 1.0667, 1.0833, 1.1, 1.1167, 1.1333, 1.15, 1.1667, 1.1833, 1.2, 1.2167, 1.2333, 1.25, 1.2667, 1.2833, 1.3, 1.3167, 1.3333],
            "transform": [
                [0.709789, 0.586141, 0.390687, 0.124994, 0.620733, -0.782642, 0.046456, -0.002831, 0.332999, 0.209538, -0.919351, -1.2e-05, 0.0, 0.0, 0.0, 1.0],
                [0.645734, 0.635375, 0.423467, 0.124994, 0.710884, -0.70268, -0.029697, -0.002831, 0.278693, 0.320211, -0.905425, -1.2e-05, 0.0, 0.0, 0.0, 1.0],
                [0.506511, 0.706616, 0.494104, 0.124994, 0.849935, -0.505614, -0.148199, -0.002831, 0.145107, 0.49502, -0.856679, -1.2e-05, 0.0, 0.0, 0.0, 1.0],
                [0.391114, 0.750508, 0.532696, 0.124994, 0.919092, -0.348655, -0.183594, -0.002831, 0.047938, 0.561402, -0.826153, -1.2e-05, 0.0, 0.0, 0.0, 1.0],
                [0.34198, 0.797639, 0.496809, 0.124994, 0.939644, -0.296363, -0.170987, -0.002831, 0.01085, 0.525297, -0.850849, -1.2e-05, 0.0, 0.0, 0.0, 1.0],
                [0.323595, 0.854711, 0.405897, 0.124994, 0.945525, -0.275959, -0.172705, -0.002831, -0.035602, 0.439672, -0.897452, -1.2e-05, 0.0, 0.0, 0.0, 1.0],
                [0.316962, 0.91105, 0.263666, 0.124994, 0.945382, -0.281189, -0.164876, -0.002831, -0.07607, 0.301524, -0.950419, -1.2e-05, 0.0, 0.0, 0.0, 1.0],
                [0.309496, 0.94785, 0.076086, 0.124994, 0.946409, -0.299279, -0.121408, -0.002831, -0.092306, 0.109583, -0.989683, -1.2e-05, 0.0, 0.0, 0.0, 1.0],
                [0.351639, 0.924916, -0.144488, 0.124994, 0.933306, -0.358365, -0.022644, -0.002831, -0.072724, -0.126889, -0.989248, -1.2e-05, 0.0, 0.0, 0.0, 1.0],
                [0.482901, 0.793079, -0.371253, 0.124994, 0.873989, -0.462801, 0.148177, -0.002831, -0.0543, -0.396025, -0.916633, -1.2e-05, 0.0, 0.0, 0.0, 1.0],
                [0.656144, 0.528848, -0.538324, 0.124994, 0.749596, -0.539052, 0.384091, -0.002831, -0.087059, -0.655544, -0.750121, -1.2e-05, 0.0, 0.0, 0.0, 1.0],
                [0.79308, 0.181706, -0.581383, 0.124994, 0.578154, -0.524994, 0.624594, -0.002831, -0.19173, -0.831481, -0.521418, -1.2e-05, 0.0, 0.0, 0.0, 1.0],
                [0.844565, -0.135298, -0.518077, 0.124994, 0.419838, -0.433189, 0.797548, -0.002831, -0.332332, -0.891088, -0.309054, -1.2e-05, 0.0, 0.0, 0.0, 1.0],
                [0.830073, -0.345616, -0.437639, 0.124994, 0.325532, -0.336878, 0.883483, -0.002831, -0.452778, -0.875819, -0.167124, -1.2e-05, 0.0, 0.0, 0.0, 1.0],
                [0.793614, -0.436637, -0.423702, 0.124994, 0.314265, -0.30212, 0.899978, -0.002831, -0.520973, -0.847389, -0.102547, -1.2e-05, 0.0, 0.0, 0.0, 1.0],
                [0.744401, -0.418982, -0.519923, 0.124994, 0.368502, -0.391557, 0.843142, -0.002831, -0.556842, -0.819227, -0.13708, -1.2e-05, 0.0, 0.0, 0.0, 1.0],
                [0.661049, -0.281496, -0.695539, 0.124994, 0.445803, -0.598273, 0.665829, -0.002831, -0.603551, -0.750217, -0.269996, -1.2e-05, 0.0, 0.0, 0.0, 1.0],
                [0.534644, 0.010659, -0.84501, 0.124994, 0.502654, -0.807817, 0.307844, -0.002831, -0.679333, -0.589334, -0.437254, -1.2e-05, 0.0, 0.0, 0.0, 1.0],
                [0.397939, 0.388357, -0.831158, 0.124994, 0.489837, -0.855973, -0.165431, -0.002831, -0.775696, -0.3413, -0.530858, -1.2e-05, 0.0, 0.0, 0.0, 1.0],
                [0.305958, 0.68476, -0.661432, 0.124994, 0.418385, -0.720773, -0.552665, -0.002831, -0.855186, -0.10764, -0.507021, -1.2e-05, 0.0, 0.0, 0.0, 1.0],
                [0.267853, 0.832929, -0.484233, 0.124994, 0.348521, -0.552327, -0.757276, -0.002831, -0.898213, 0.034073, -0.438237, -1.2e-05, 0.0, 0.0, 0.0, 1.0],
                [0.259394, 0.873721, -0.411489, 0.124994, 0.320724, -0.479823, -0.816643, -0.002831, -0.910961, 0.079858, -0.404688, -1.2e-05, 0.0, 0.0, 0.0, 1.0],
                [0.280262, 0.829759, -0.482649, 0.124994, 0.345943, -0.556319, -0.755534, -0.002831, -0.895419, 0.044778, -0.442966, -1.2e-05, 0.0, 0.0, 0.0, 1.0],
                [0.345704, 0.695158, -0.630272, 0.124994, 0.38913, -0.717413, -0.577836, -0.002831, -0.853854, -0.045498, -0.518521, -1.2e-05, 0.0, 0.0, 0.0, 1.0],
                [0.444648, 0.493693, -0.747365, 0.124994, 0.398488, -0.856298, -0.328571, -0.002831, -0.802181, -0.151717, -0.577483, -1.2e-05, 0.0, 0.0, 0.0, 1.0],
                [0.540279, 0.311114, -0.781861, 0.124994, 0.350568, -0.927888, -0.126973, -0.002831, -0.764984, -0.205494, -0.610387, -1.2e-05, 0.0, 0.0, 0.0, 1.0],
                [0.630881, 0.198402, -0.750084, 0.124994, 0.287521, -0.957703, -0.011492, -0.002831, -0.720639, -0.208414, -0.661244, -1.2e-05, 0.0, 0.0, 0.0, 1.0],
                [0.729806, 0.132155, -0.670759, 0.124994, 0.240095, -0.968186, 0.070475, -0.002831, -0.640107, -0.212479, -0.73832, -1.2e-05, 0.0, 0.0, 0.0, 1.0],
                [0.820923, 0.100258, -0.562168, 0.124994, 0.204011, -0.970986, 0.124746, -0.002831, -0.533351, -0.217095, -0.817561, -1.2e-05, 0.0, 0.0, 0.0, 1.0],
                [0.889878, 0.091403, -0.446947, 0.124994, 0.178645, -0.971297, 0.15705, -0.002831, -0.419764, -0.2196, -0.880667, -1.2e-05, 0.0, 0.0, 0.0, 1.0],
                [0.930303, 0.09422, -0.354483, 0.124994, 0.164265, -0.97113, 0.172975, -0.002831, -0.327952, -0.219148, -0.918925, -1.2e-05, 0.0, 0.0, 0.0, 1.0],
                [0.943449, 0.097558, -0.316839, 0.124994, 0.159999, -0.971037, 0.177433, -0.002831, -0.290352, -0.218093, -0.931736, -1.2e-05, 0.0, 0.0, 0.0, 1.0],
                [0.943449, 0.097558, -0.316839, 0.124994, 0.159999, -0.971037, 0.177433, -0.002831, -0.290352, -0.218093, -0.931736, -1.2e-05, 0.0, 0.0, 0.0, 1.0],
                [0.943449, 0.097558, -0.316839, 0.124994, 0.159999, -0.971037, 0.177433, -0.002831, -0.290352, -0.218093, -0.931736, -1.2e-05, 0.0, 0.0, 0.0, 1.0],
                [0.943449, 0.097558, -0.316839, 0.124994, 0.159999, -0.971037, 0.177433, -0.002831, -0.290352, -0.218093, -0.931736, -1.2e-05, 0.0, 0.0, 0.0, 1.0],
                [0.943449, 0.097558, -0.316839, 0.124994, 0.159999, -0.971037, 0.177433, -0.002831, -0.290352, -0.218093, -0.931736, -1.2e-05, 0.0, 0.0, 0.0, 1.0],
                [0.943449, 0.097558, -0.316839, 0.124994, 0.159999, -0.971037, 0.177433, -0.002831, -0.290352, -0.218093, -0.931736, -1.2e-05, 0.0, 0.0, 0.0, 1.0],
                [0.943449, 0.097558, -0.316839, 0.124994, 0.159999, -0.971037, 0.177433, -0.002831, -0.290352, -0.218093, -0.931736, -1.2e-05, 0.0, 0.0, 0.0, 1.0],
                [0.943449, 0.097558, -0.316839, 0.124994, 0.159999, -0.971037, 0.177433, -0.002831, -0.290352, -0.218093, -0.931736, -1.2e-05, 0.0, 0.0, 0.0, 1.0],
                [0.943449, 0.097558, -0.316839, 0.124994, 0.159999, -0.971037, 0.177433, -0.002831, -0.290352, -0.218093, -0.931736, -1.2e-05, 0.0, 0.0, 0.0, 1.0],
                [0.943449, 0.097558, -0.316839, 0.124994, 0.159999, -0.971037, 0.177433, -0.002831, -0.290352, -0.218093, -0.931736, -1.2e-05, 0.0, 0.0, 0.0, 1.0],
                [0.943449, 0.097558, -0.316839, 0.124994, 0.159999, -0.971037, 0.177433, -0.002831, -0.290352, -0.218093, -0.931736, -1.2e-05, 0.0, 0.0, 0.0, 1.0],
                [0.943449, 0.097558, -0.316839, 0.124994, 0.159999, -0.971037, 0.177433, -0.002831, -0.290352, -0.218093, -0.931736, -1.2e-05, 0.0, 0.0, 0.0, 1.0],
                [0.943449, 0.097558, -0.316839, 0.124994, 0.159999, -0.971037, 0.177433, -0.002831, -0.290352, -0.218093, -0.931736, -1.2e-05, 0.0, 0.0, 0.0, 1.0],
                [0.943449, 0.097558, -0.316839, 0.124994, 0.159999, -0.971037, 0.177433, -0.002831, -0.290352, -0.218093, -0.931736, -1.2e-05, 0.0, 0.0, 0.0, 1.0],
                [0.943449, 0.097558, -0.316839, 0.124994, 0.159999, -0.971037, 0.177433, -0.002831, -0.290352, -0.218093, -0.931736, -1.2e-05, 0.0, 0.0, 0.0, 1.0],
                [0.943449, 0.097558, -0.316839, 0.124994, 0.159999, -0.971037, 0.177433, -0.002831, -0.290352, -0.218093, -0.931736, -1.2e-05, 0.0, 0.0, 0.0, 1.0],
                [0.943449, 0.097558, -0.316839, 0.124994, 0.159999, -0.971037, 0.177433, -0.002831, -0.290352, -0.218093, -0.931736, -1.2e-05, 0.0, 0.0, 0.0, 1.0],
                [0.943449, 0.097558, -0.316839, 0.124994, 0.159999, -0.971037, 0.177433, -0.002831, -0.290352, -0.218093, -0.931736, -1.2e-05, 0.0, 0.0, 0.0, 1.0],
                [0.943449, 0.097558, -0.316839, 0.124994, 0.159999, -0.971037, 0.177433, -0.002831, -0.290352, -0.218093, -0.931736, -1.2e-05, 0.0, 0.0, 0.0, 1.0],
                [0.943449, 0.097558, -0.316839, 0.124994, 0.159999, -0.971037, 0.177433, -0.002831, -0.290352, -0.218093, -0.931736, -1.2e-05, 0.0, 0.0, 0.0, 1.0],
                [0.943449, 0.097558, -0.316839, 0.124994, 0.159999, -0.971037, 0.177433, -0.002831, -0.290352, -0.218093, -0.931736, -1.2e-05, 0.0, 0.0, 0.0, 1.0],
                [0.943449, 0.097558, -0.316839, 0.124994, 0.159999, -0.971037, 0.177433, -0.002831, -0.290352, -0.218093, -0.931736, -1.2e-05, 0.0, 0.0, 0.0, 1.0],
                [0.943449, 0.097558, -0.316839, 0.124994, 0.159999, -0.971037, 0.177433, -0.002831, -0.290352, -0.218093, -0.931736, -1.2e-05, 0.0, 0.0, 0.0, 1.0],
                [0.943449, 0.097558, -0.316839, 0.124994, 0.159999, -0.971037, 0.177433, -0.002831, -0.290352, -0.218093, -0.931736, -1.2e-05, 0.0, 0.0, 0.0, 1.0],
                [0.943449, 0.097558, -0.316839, 0.124994, 0.159999, -0.971037, 0.177433, -0.002831, -0.290352, -0.218093, -0.931736, -1.2e-05, 0.0, 0.0, 0.0, 1.0],
                [0.943449, 0.097558, -0.316839, 0.124994, 0.159999, -0.971037, 0.177433, -0.002831, -0.290352, -0.218093, -0.931736, -1.2e-05, 0.0, 0.0, 0.0, 1.0],
                [0.943449, 0.097558, -0.316839, 0.124994, 0.159999, -0.971037, 0.177433, -0.002831, -0.290352, -0.218093, -0.931736, -1.2e-05, 0.0, 0.0, 0.0, 1.0],
                [0.943449, 0.097558, -0.316839, 0.124994, 0.159999, -0.971037, 0.177433, -0.002831, -0.290352, -0.218093, -0.931736, -1.2e-05, 0.0, 0.0, 0.0, 1.0],
                [0.943449, 0.097558, -0.316839, 0.124994, 0.159999, -0.971037, 0.177433, -0.002831, -0.290352, -0.218093, -0.931736, -1.2e-05, 0.0, 0.0, 0.0, 1.0],
                [0.943449, 0.097558, -0.316839, 0.124994, 0.159999, -0.971037, 0.177433, -0.002831, -0.290352, -0.218093, -0.931736, -1.2e-05, 0.0, 0.0, 0.0, 1.0],
                [0.943449, 0.097558, -0.316839, 0.124994, 0.159999, -0.971037, 0.177433, -0.002831, -0.290352, -0.218093, -0.931736, -1.2e-05, 0.0, 0.0, 0.0, 1.0],
                [0.943449, 0.097558, -0.316839, 0.124994, 0.159999, -0.971037, 0.177433, -0.002831, -0.290352, -0.218093, -0.931736, -1.2e-05, 0.0, 0.0, 0.0, 1.0],
                [0.943449, 0.097558, -0.316839, 0.124994, 0.159999, -0.971037, 0.177433, -0.002831, -0.290352, -0.218093, -0.931736, -1.2e-05, 0.0, 0.0, 0.0, 1.0],
                [0.943449, 0.097558, -0.316839, 0.124994, 0.159999, -0.971037, 0.177433, -0.002831, -0.290352, -0.218093, -0.931736, -1.2e-05, 0.0, 0.0, 0.0, 1.0],
                [0.943449, 0.097558, -0.316839, 0.124994, 0.159999, -0.971037, 0.177433, -0.002831, -0.290352, -0.218093, -0.931736, -1.2e-05, 0.0, 0.0, 0.0, 1.0],
                [0.943449, 0.097558, -0.316839, 0.124994, 0.159999, -0.971037, 0.177433, -0.002831, -0.290352, -0.218093, -0.931736, -1.2e-05, 0.0, 0.0, 0.0, 1.0],
                [0.943449, 0.097558, -0.316839, 0.124994, 0.159999, -0.971037, 0.177433, -0.002831, -0.290352, -0.218093, -0.931736, -1.2e-05, 0.0, 0.0, 0.0, 1.0],
                [0.943449, 0.097558, -0.316839, 0.124994, 0.159999, -0.971037, 0.177433, -0.002831, -0.290352, -0.218093, -0.931736, -1.2e-05, 0.0, 0.0, 0.0, 1.0],
                [0.943449, 0.097558, -0.316839, 0.124994, 0.159999, -0.971037, 0.177433, -0.002831, -0.290352, -0.218093, -0.931736, -1.2e-05, 0.0, 0.0, 0.0, 1.0],
                [0.943449, 0.097558, -0.316839, 0.124994, 0.159999, -0.971037, 0.177433, -0.002831, -0.290352, -0.218093, -0.931736, -1.2e-05, 0.0, 0.0, 0.0, 1.0],
                [0.943449, 0.097558, -0.316839, 0.124994, 0.159999, -0.971037, 0.177433, -0.002831, -0.290352, -0.218093, -0.931736, -1.2e-05, 0.0, 0.0, 0.0, 1.0],
                [0.943449, 0.097558, -0.316839, 0.124994, 0.159999, -0.971037, 0.177433, -0.002831, -0.290352, -0.218093, -0.931736, -1.2e-05, 0.0, 0.0, 0.0, 1.0],
                [0.943449, 0.097558, -0.316839, 0.124994, 0.159999, -0.971037, 0.177433, -0.002831, -0.290352, -0.218093, -0.931736, -1.2e-05, 0.0, 0.0, 0.0, 1.0],
                [0.943449, 0.097558, -0.316839, 0.124994, 0.159999, -0.971037, 0.177433, -0.002831, -0.290352, -0.218093, -0.931736, -1.2e-05, 0.0, 0.0, 0.0, 1.0],
                [0.943449, 0.097558, -0.316839, 0.124994, 0.159999, -0.971037, 0.177433, -0.002831, -0.290352, -0.218093, -0.931736, -1.2e-05, 0.0, 0.0, 0.0, 1.0],
                [0.943449, 0.097558, -0.316839, 0.124994, 0.159999, -0.971037, 0.177433, -0.002831, -0.290352, -0.218093, -0.931736, -1.2e-05, 0.0, 0.0, 0.0, 1.0],
                [0.943449, 0.097558, -0.316839, 0.124994, 0.159999, -0.971037, 0.177433, -0.002831, -0.290352, -0.218093, -0.931736, -1.2e-05, 0.0, 0.0, 0.0, 1.0],
                [0.943449, 0.097558, -0.316839, 0.124994, 0.159999, -0.971037, 0.177433, -0.002831, -0.290352, -0.218093, -0.931736, -1.2e-05, 0.0, 0.0, 0.0, 1.0],
                [0.943449, 0.097558, -0.316839, 0.124994, 0.159999, -0.971037, 0.177433, -0.002831, -0.290352, -0.218093, -0.931736, -1.2e-05, 0.0, 0.0, 0.0, 1.0],
                [0.943449, 0.097558, -0.316839, 0.124994, 0.159999, -0.971037, 0.177433, -0.002831, -0.290352, -0.218093, -0.931736, -1.2e-05, 0.0, 0.0, 0.0, 1.0]
            ]
        },
        {
            "name": "Leg_R",
            "time": [0.0, 0.0167, 0.0333, 0.05, 0.0667, 0.0833, 0.1, 0.1167, 0.1333, 0.15, 0.1667, 0.1833, 0.2, 0.2167, 0.2333, 0.25, 0.2667, 0.2833, 0.3, 0.3167, 0.3333, 0.35, 0.3667, 0.3833, 0.4, 0.4167, 0.4333, 0.45, 0.4667, 0.4833, 0.5, 0.5167, 0.5333, 0.55, 0.5667, 0.5833, 0.6, 0.6167, 0.6333, 0.65, 0.6667, 0.6833, 0.7, 0.7167, 0.7333, 0.75, 0.7667, 0.7833, 0.8, 0.8167, 0.8333, 0.85, 0.8667, 0.8833, 0.9, 0.9167, 0.9333, 0.95, 0.9667, 0.9833, 1.0, 1.0167, 1.0333, 1.05, 1.0667, 1.0833, 1.1, 1.1167, 1.1333, 1.15, 1.1667, 1.1833, 1.2, 1.2167, 1.2333, 1.25, 1.2667, 1.2833, 1.3, 1.3167, 1.3333],
            "transform": [
                [1.0, -0.0, 1e-06, 0.0, -0.0, 0.612454, 0.790506, 0.37472, -1e-06, -0.790507, 0.612453, 0.0, 0.0, 0.0, 0.0, 1.0],
                [1.0, -0.0, 1e-06, 0.0, -0.0, 0.612454, 0.790506, 0.37472, -1e-06, -0.790507, 0.612453, 0.0, 0.0, 0.0, 0.0, 1.0],
                [1.0, -0.0, 1e-06, 0.0, -1e-06, 0.612454, 0.790506, 0.37472, -1e-06, -0.790507, 0.612453, 0.0, 0.0, 0.0, 0.0, 1.0],
                [1.0, -0.0, 1e-06, 0.0, -1e-06, 0.612454, 0.790506, 0.37472, -1e-06, -0.790507, 0.612453, -0.0, 0.0, 0.0, 0.0, 1.0],
                [1.0, -0.0, 1e-06, -0.0, -0.0, 0.612454, 0.790506, 0.37472, -1e-06, -0.790507, 0.612453, -0.0, 0.0, 0.0, 0.0, 1.0],
                [1.0, -0.0, 1e-06, -0.0, -1e-06, 0.612454, 0.790506, 0.37472, -1e-06, -0.790507, 0.612453, -0.0, 0.0, 0.0, 0.0, 1.0],
                [1.0, -0.0, 1e-06, -0.0, -0.0, 0.612454, 0.790506, 0.37472, -1e-06, -0.790507, 0.612454, 0.0, 0.0, 0.0, 0.0, 1.0],
                [1.0, -0.0, 1e-06, 0.0, -0.0, 0.612454, 0.790506, 0.37472, -1e-06, -0.790507, 0.612453, -0.0, 0.0, 0.0, 0.0, 1.0],
                [1.0, -0.0, 1e-06, 0.0, -0.0, 0.612454, 0.790506, 0.37472, -1e-06, -0.790507, 0.612453, 0.0, 0.0, 0.0, 0.0, 1.0],
                [1.0, -0.0, 1e-06, 0.0, -0.0, 0.612454, 0.790506, 0.37472, -1e-06, -0.790507, 0.612453, -0.0, 0.0, 0.0, 0.0, 1.0],
                [1.0, -0.0, 1e-06, 0.0, -0.0, 0.612454, 0.790506, 0.37472, -1e-06, -0.790507, 0.612453, 0.0, 0.0, 0.0, 0.0, 1.0],
                [1.0, -0.0, 1e-06, -0.0, -0.0, 0.612454, 0.790506, 0.37472, -1e-06, -0.790507, 0.612453, -0.0, 0.0, 0.0, 0.0, 1.0],
                [1.0, -0.0, 1e-06, 0.0, -0.0, 0.612454, 0.790506, 0.37472, -1e-06, -0.790507, 0.612453, 0.0, 0.0, 0.0, 0.0, 1.0],
                [1.0, -0.0, 1e-06, 0.0, -0.0, 0.612454, 0.790506, 0.37472, -1e-06, -0.790507, 0.612453, -0.0, 0.0, 0.0, 0.0, 1.0],
                [1.0, -0.0, 1e-06, -0.0, -0.0, 0.612454, 0.790506, 0.37472, -1e-06, -0.790507, 0.612454, -0.0, 0.0, 0.0, 0.0, 1.0],
                [1.0, -0.0, 1e-06, -0.0, -0.0, 0.612454, 0.790506, 0.37472, -1e-06, -0.790507, 0.612453, -0.0, 0.0, 0.0, 0.0, 1.0],
                [1.0, -0.0, 1e-06, -0.0, -1e-06, 0.612454, 0.790506, 0.37472, -1e-06, -0.790507, 0.612453, -0.0, 0.0, 0.0, 0.0, 1.0],
                [1.0, -0.0, 1e-06, 0.0, -0.0, 0.612454, 0.790506, 0.37472, -1e-06, -0.790507, 0.612453, 0.0, 0.0, 0.0, 0.0, 1.0],
                [1.0, -0.0, 1e-06, 0.0, -0.0, 0.612454, 0.790506, 0.37472, -1e-06, -0.790507, 0.612453, 0.0, 0.0, 0.0, 0.0, 1.0],
                [1.0, -0.0, 1e-06, -0.0, -0.0, 0.612454, 0.790506, 0.37472, -1e-06, -0.790507, 0.612453, 0.0, 0.0, 0.0, 0.0, 1.0],
                [1.0, -0.0, 1e-06, -0.0, -1e-06, 0.612454, 0.790506, 0.37472, -1e-06, -0.790507, 0.612453, -0.0, 0.0, 0.0, 0.0, 1.0],
                [1.0, -0.0, 1e-06, -0.0, -0.0, 0.612454, 0.790506, 0.37472, -1e-06, -0.790507, 0.612453, -0.0, 0.0, 0.0, 0.0, 1.0],
                [1.0, -0.0, 1e-06, -0.0, -1e-06, 0.612454, 0.790506, 0.37472, -1e-06, -0.790507, 0.612453, -0.0, 0.0, 0.0, 0.0, 1.0],
                [1.0, -0.0, 1e-06, 0.0, -1e-06, 0.612454, 0.790506, 0.37472, -1e-06, -0.790507, 0.612453, 0.0, 0.0, 0.0, 0.0, 1.0],
                [1.0, -0.0, 1e-06, 0.0, -1e-06, 0.612454, 0.790506, 0.37472, -1e-06, -0.790507, 0.612453, -0.0, 0.0, 0.0, 0.0, 1.0],
                [1.0, -0.0, 1e-06, -0.0, -1e-06, 0.612454, 0.790506, 0.37472, -1e-06, -0.790507, 0.612453, 0.0, 0.0, 0.0, 0.0, 1.0],
                [1.0, -0.0, 1e-06, -0.0, -0.0, 0.612454, 0.790506, 0.37472, -1e-06, -0.790507, 0.612453, 0.0, 0.0, 0.0, 0.0, 1.0],
                [1.0, -0.0, 1e-06, 0.0, -1e-06, 0.612454, 0.790506, 0.37472, -1e-06, -0.790507, 0.612453, -0.0, 0.0, 0.0, 0.0, 1.0],
                [1.0, -0.0, 1e-06, 0.0, -0.0, 0.612454, 0.790506, 0.37472, -1e-06, -0.790507, 0.612453, -0.0, 0.0, 0.0, 0.0, 1.0],
                [1.0, -0.0, 1e-06, 0.0, -0.0, 0.612454, 0.790506, 0.37472, -1e-06, -0.790507, 0.612453, 0.0, 0.0, 0.0, 0.0, 1.0],
                [1.0, -0.0, 1e-06, 0.0, -0.0, 0.612454, 0.790506, 0.37472, -1e-06, -0.790507, 0.612453, -0.0, 0.0, 0.0, 0.0, 1.0],
                [1.0, -0.0, 1e-06, 0.0, -0.0, 0.612454, 0.790506, 0.37472, -1e-06, -0.790507, 0.612454, -0.0, 0.0, 0.0, 0.0, 1.0],
                [1.0, -0.0, 1e-06, 0.0, -0.0, 0.612454, 0.790506, 0.37472, -1e-06, -0.790507, 0.612454, -0.0, 0.0, 0.0, 0.0, 1.0],
                [1.0, -0.0, 1e-06, 0.0, -0.0, 0.612454, 0.790506, 0.37472, -1e-06, -0.790507, 0.612454, -0.0, 0.0, 0.0, 0.0, 1.0],
                [1.0, -0.0, 1e-06, 0.0, -0.0, 0.612454, 0.790506, 0.37472, -1e-06, -0.790507, 0.612454, -0.0, 0.0, 0.0, 0.0, 1.0],
                [1.0, -0.0, 1e-06, 0.0, -0.0, 0.612454, 0.790506, 0.37472, -1e-06, -0.790507, 0.612454, -0.0, 0.0, 0.0, 0.0, 1.0],
                [1.0, -0.0, 1e-06, 0.0, -0.0, 0.612454, 0.790506, 0.37472, -1e-06, -0.790507, 0.612454, -0.0, 0.0, 0.0, 0.0, 1.0],
                [1.0, -0.0, 1e-06, 0.0, -0.0, 0.612454, 0.790506, 0.37472, -1e-06, -0.790507, 0.612454, -0.0, 0.0, 0.0, 0.0, 1.0],
                [1.0, -0.0, 1e-06, 0.0, -0.0, 0.612454, 0.790506, 0.37472, -1e-06, -0.790507, 0.612454, -0.0, 0.0, 0.0, 0.0, 1.0],
                [1.0, -0.0, 1e-06, 0.0, -0.0, 0.612454, 0.790506, 0.37472, -1e-06, -0.790507, 0.612454, -0.0, 0.0, 0.0, 0.0, 1.0],
                [1.0, -0.0, 1e-06, 0.0, -0.0, 0.612454, 0.790506, 0.37472, -1e-06, -0.790507, 0.612454, -0.0, 0.0, 0.0, 0.0, 1.0],
                [1.0, -0.0, 1e-06, 0.0, -0.0, 0.612454, 0.790506, 0.37472, -1e-06, -0.790507, 0.612454, -0.0, 0.0, 0.0, 0.0, 1.0],
                [1.0, -0.0, 1e-06, 0.0, -0.0, 0.612454, 0.790506, 0.37472, -1e-06, -0.790507, 0.612454, -0.0, 0.0, 0.0, 0.0, 1.0],
                [1.0, -0.0, 1e-06, 0.0, -0.0, 0.612454, 0.790506, 0.37472, -1e-06, -0.790507, 0.612454, -0.0, 0.0, 0.0, 0.0, 1.0],
                [1.0, -0.0, 1e-06, 0.0, -0.0, 0.612454, 0.790506, 0.37472, -1e-06, -0.790507, 0.612454, -0.0, 0.0, 0.0, 0.0, 1.0],
                [1.0, -0.0, 1e-06, 0.0, -0.0, 0.612454, 0.790506, 0.37472, -1e-06, -0.790507, 0.612454, -0.0, 0.0, 0.0, 0.0, 1.0],
                [1.0, -0.0, 1e-06, 0.0, -0.0, 0.612454, 0.790506, 0.37472, -1e-06, -0.790507, 0.612454, -0.0, 0.0, 0.0, 0.0, 1.0],
                [1.0, -0.0, 1e-06, 0.0, -0.0, 0.612454, 0.790506, 0.37472, -1e-06, -0.790507, 0.612454, -0.0, 0.0, 0.0, 0.0, 1.0],
                [1.0, -0.0, 1e-06, 0.0, -0.0, 0.612454, 0.790506, 0.37472, -1e-06, -0.790507, 0.612454, -0.0, 0.0, 0.0, 0.0, 1.0],
                [1.0, -0.0, 1e-06, 0.0, -0.0, 0.612454, 0.790506, 0.37472, -1e-06, -0.790507, 0.612454, -0.0, 0.0, 0.0, 0.0, 1.0],
                [1.0, -0.0, 1e-06, 0.0, -0.0, 0.612454, 0.790506, 0.37472, -1e-06, -0.790507, 0.612454, -0.0, 0.0, 0.0, 0.0, 1.0],
                [1.0, -0.0, 1e-06, 0.0, -0.0, 0.612454, 0.790506, 0.37472, -1e-06, -0.790507, 0.612454, -0.0, 0.0, 0.0, 0.0, 1.0],
                [1.0, -0.0, 1e-06, 0.0, -0.0, 0.612454, 0.790506, 0.37472, -1e-06, -0.790507, 0.612454, -0.0, 0.0, 0.0, 0.0, 1.0],
                [1.0, -0.0, 1e-06, 0.0, -0.0, 0.612454, 0.790506, 0.37472, -1e-06, -0.790507, 0.612454, -0.0, 0.0, 0.0, 0.0, 1.0],
                [1.0, -0.0, 1e-06, 0.0, -0.0, 0.612454, 0.790506, 0.37472, -1e-06, -0.790507, 0.612454, -0.0, 0.0, 0.0, 0.0, 1.0],
                [1.0, -0.0, 1e-06, 0.0, -0.0, 0.612454, 0.790506, 0.37472, -1e-06, -0.790507, 0.612454, -0.0, 0.0, 0.0, 0.0, 1.0],
                [1.0, -0.0, 1e-06, 0.0, -0.0, 0.612454, 0.790506, 0.37472, -1e-06, -0.790507, 0.612454, -0.0, 0.0, 0.0, 0.0, 1.0],
                [1.0, -0.0, 1e-06, 0.0, -0.0, 0.612454, 0.790506, 0.37472, -1e-06, -0.790507, 0.612454, -0.0, 0.0, 0.0, 0.0, 1.0],
                [1.0, -0.0, 1e-06, 0.0, -0.0, 0.612454, 0.790506, 0.37472, -1e-06, -0.790507, 0.612454, -0.0, 0.0, 0.0, 0.0, 1.0],
                [1.0, -0.0, 1e-06, 0.0, -0.0, 0.612454, 0.790506, 0.37472, -1e-06, -0.790507, 0.612454, -0.0, 0.0, 0.0, 0.0, 1.0],
                [1.0, -0.0, 1e-06, 0.0, -0.0, 0.612454, 0.790506, 0.37472, -1e-06, -0.790507, 0.612454, -0.0, 0.0, 0.0, 0.0, 1.0],
                [1.0, -0.0, 1e-06, 0.0, -0.0, 0.612454, 0.790506, 0.37472, -1e-06, -0.790507, 0.612454, -0.0, 0.0, 0.0, 0.0, 1.0],
                [1.0, -0.0, 1e-06, 0.0, -0.0, 0.612454, 0.790506, 0.37472, -1e-06, -0.790507, 0.612454, -0.0, 0.0, 0.0, 0.0, 1.0],
                [1.0, -0.0, 1e-06, 0.0, -0.0, 0.612454, 0.790506, 0.37472, -1e-06, -0.790507, 0.612454, -0.0, 0.0, 0.0, 0.0, 1.0],
                [1.0, -0.0, 1e-06, 0.0, -0.0, 0.612454, 0.790506, 0.37472, -1e-06, -0.790507, 0.612454, -0.0, 0.0, 0.0, 0.0, 1.0],
                [1.0, -0.0, 1e-06, 0.0, -0.0, 0.612454, 0.790506, 0.37472, -1e-06, -0.790507, 0.612454, -0.0, 0.0, 0.0, 0.0, 1.0],
                [1.0, -0.0, 1e-06, 0.0, -0.0, 0.612454, 0.790506, 0.37472, -1e-06, -0.790507, 0.612454, -0.0, 0.0, 0.0, 0.0, 1.0],
                [1.0, -0.0, 1e-06, 0.0, -0.0, 0.612454, 0.790506, 0.37472, -1e-06, -0.790507, 0.612454, -0.0, 0.0, 0.0, 0.0, 1.0],
                [1.0, -0.0, 1e-06, 0.0, -0.0, 0.612454, 0.790506, 0.37472, -1e-06, -0.790507, 0.612454, -0.0, 0.0, 0.0, 0.0, 1.0],
                [1.0, -0.0, 1e-06, 0.0, -0.0, 0.612454, 0.790506, 0.37472, -1e-06, -0.790507, 0.612454, -0.0, 0.0, 0.0, 0.0, 1.0],
                [1.0, -0.0, 1e-06, 0.0, -0.0, 0.612454, 0.790506, 0.37472, -1e-06, -0.790507, 0.612454, -0.0, 0.0, 0.0, 0.0, 1.0],
                [1.0, -0.0, 1e-06, 0.0, -0.0, 0.612454, 0.790506, 0.37472, -1e-06, -0.790507, 0.612454, -0.0, 0.0, 0.0, 0.0, 1.0],
                [1.0, -0.0, 1e-06, 0.0, -0.0, 0.612454, 0.790506, 0.37472, -1e-06, -0.790507, 0.612454, -0.0, 0.0, 0.0, 0.0, 1.0],
                [1.0, -0.0, 1e-06, 0.0, -0.0, 0.612454, 0.790506, 0.37472, -1e-06, -0.790507, 0.612454, -0.0, 0.0, 0.0, 0.0, 1.0],
                [1.0, -0.0, 1e-06, 0.0, -0.0, 0.612454, 0.790506, 0.37472, -1e-06, -0.790507, 0.612454, -0.0, 0.0, 0.0, 0.0, 1.0],
                [1.0, -0.0, 1e-06, 0.0, -0.0, 0.612454, 0.790506, 0.37472, -1e-06, -0.790507, 0.612454, -0.0, 0.0, 0.0, 0.0, 1.0],
                [1.0, -0.0, 1e-06, 0.0, -0.0, 0.612454, 0.790506, 0.37472, -1e-06, -0.790507, 0.612454, -0.0, 0.0, 0.0, 0.0, 1.0],
                [1.0, -0.0, 1e-06, 0.0, -0.0, 0.612454, 0.790506, 0.37472, -1e-06, -0.790507, 0.612454, -0.0, 0.0, 0.0, 0.0, 1.0],
                [1.0, -0.0, 1e-06, 0.0, -0.0, 0.612454, 0.790506, 0.37472, -1e-06, -0.790507, 0.612454, -0.0, 0.0, 0.0, 0.0, 1.0],
                [1.0, -0.0, 1e-06, 0.0, -0.0, 0.612454, 0.790506, 0.37472, -1e-06, -0.790507, 0.612454, -0.0, 0.0, 0.0, 0.0, 1.0],
                [1.0, -0.0, 1e-06, 0.0, -0.0, 0.612454, 0.790506, 0.37472, -1e-06, -0.790507, 0.612454, -0.0, 0.0, 0.0, 0.0, 1.0]
            ]
        },
        {
            "name": "Knee_R",
            "time": [0.0, 0.0167, 0.0333, 0.05, 0.0667, 0.0833, 0.1, 0.1167, 0.1333, 0.15, 0.1667, 0.1833, 0.2, 0.2167, 0.2333, 0.25, 0.2667, 0.2833, 0.3, 0.3167, 0.3333, 0.35, 0.3667, 0.3833, 0.4, 0.4167, 0.4333, 0.45, 0.4667, 0.4833, 0.5, 0.5167, 0.5333, 0.55, 0.5667, 0.5833, 0.6, 0.6167, 0.6333, 0.65, 0.6667, 0.6833, 0.7, 0.7167, 0.7333, 0.75, 0.7667, 0.7833, 0.8, 0.8167, 0.8333, 0.85, 0.8667, 0.8833, 0.9, 0.9167, 0.9333, 0.95, 0.9667, 0.9833, 1.0, 1.0167, 1.0333, 1.05, 1.0667, 1.0833, 1.1, 1.1167, 1.1333, 1.15, 1.1667, 1.1833, 1.2, 1.2167, 1.2333, 1.25, 1.2667, 1.2833, 1.3, 1.3167, 1.3333],
            "transform": [
                [1.0, 0.0, -1e-06, 0.0, -0.0, 0.0, -1.0, 0.41548, -0.0, 1.0, 0.0, -0.0, 0.0, 0.0, 0.0, 1.0],
                [1.0, 0.0, -0.0, -0.0, -0.0, 0.0, -1.0, 0.41548, -0.0, 1.0, 0.0, -0.0, 0.0, 0.0, 0.0, 1.0],
                [1.0, -0.0, -0.0, 0.0, -1e-06, 0.0, -1.0, 0.41548, -0.0, 1.0, 0.0, 0.0, 0.0, 0.0, 0.0, 1.0],
                [1.0, 0.0, -0.0, 0.0, -1e-06, 0.0, -1.0, 0.41548, -0.0, 1.0, 0.0, -0.0, 0.0, 0.0, 0.0, 1.0],
