{
    "animation": [
        {
            "name": "Root",
            "time": [0.0, 0.0167, 0.0333, 0.05, 0.0667, 0.0833, 0.1, 0.1167, 0.1333, 0.15, 0.1667, 0.1833, 0.2, 0.2167, 0.2333, 0.25, 0.2667, 0.2833, 0.3, 0.3167, 0.3333, 0.35, 0.3667, 0.3833, 0.4, 0.4167, 0.4333, 0.45, 0.4667, 0.4833, 0.5, 0.5167, 0.5333, 0.55, 0.5667, 0.5833, 0.6, 0.6167, 0.6333, 0.65, 0.6667],
            "transform": [
                [1.0, 0.0, 0.0, -5e-06, 0.0, 0.0, -1.0, 0.000946, 0.0, 1.0, 0.0, 0.706577, 0.0, 0.0, 0.0, 1.0],
                [1.0, 0.0, 0.0, -5e-06, 0.0, 0.0, -1.0, 0.000946, 0.0, 1.0, 0.0, 0.6864, 0.0, 0.0, 0.0, 1.0],
                [1.0, 0.0, 0.0, -5e-06, 0.0, 0.0, -1.0, 0.000946, 0.0, 1.0, 0.0, 0.666223, 0.0, 0.0, 0.0, 1.0],
                [1.0, 0.0, 0.0, -5e-06, 0.0, 0.0, -1.0, 0.000946, 0.0, 1.0, 0.0, 0.646045, 0.0, 0.0, 0.0, 1.0],
                [1.0, 0.0, 0.0, -5e-06, 0.0, 0.0, -1.0, 0.000946, 0.0, 1.0, 0.0, 0.625868, 0.0, 0.0, 0.0, 1.0],
                [1.0, 0.0, 0.0, -5e-06, 0.0, 0.0, -1.0, 0.000946, 0.0, 1.0, 0.0, 0.605691, 0.0, 0.0, 0.0, 1.0],
                [1.0, 0.0, 0.0, -5e-06, 0.0, 0.0, -1.0, 0.000946, 0.0, 1.0, 0.0, 0.624975, 0.0, 0.0, 0.0, 1.0],
                [1.0, 0.0, 0.0, -5e-06, 0.0, 0.0, -1.0, 0.000946, 0.0, 1.0, 0.0, 0.644258, 0.0, 0.0, 0.0, 1.0],
                [1.0, 0.0, 0.0, -5e-06, 0.0, 0.0, -1.0, 0.000946, 0.0, 1.0, 0.0, 0.663542, 0.0, 0.0, 0.0, 1.0],
                [1.0, 0.0, 0.0, -5e-06, 0.0, 0.0, -1.0, 0.000946, 0.0, 1.0, 0.0, 0.682825, 0.0, 0.0, 0.0, 1.0],
                [1.0, 0.0, 0.0, -5e-06, 0.0, 0.0, -1.0, 0.000946, 0.0, 1.0, 0.0, 0.702109, 0.0, 0.0, 0.0, 1.0],
                [1.0, 0.0, 0.0, -5e-06, 0.0, 0.0, -1.0, 0.000946, 0.0, 1.0, 0.0, 0.715905, 0.0, 0.0, 0.0, 1.0],
                [1.0, 0.0, 0.0, -5e-06, 0.0, 0.0, -1.0, 0.000946, 0.0, 1.0, 0.0, 0.729701, 0.0, 0.0, 0.0, 1.0],
                [1.0, 0.0, 0.0, -5e-06, 0.0, 0.0, -1.0, 0.000946, 0.0, 1.0, 0.0, 0.743497, 0.0, 0.0, 0.0, 1.0],
                [1.0, 0.0, 0.0, -5e-06, 0.0, 0.0, -1.0, 0.000946, 0.0, 1.0, 0.0, 0.757293, 0.0, 0.0, 0.0, 1.0],
                [1.0, 0.0, 0.0, -5e-06, 0.0, 0.0, -1.0, 0.000946, 0.0, 1.0, 0.0, 0.77109, 0.0, 0.0, 0.0, 1.0],
                [1.0, 0.0, 0.0, -5e-06, 0.0, 0.0, -1.0, 0.000946, 0.0, 1.0, 0.0, 0.747936, 0.0, 0.0, 0.0, 1.0],
                [1.0, 0.0, 0.0, -5e-06, 0.0, 0.0, -1.0, 0.000946, 0.0, 1.0, 0.0, 0.724783, 0.0, 0.0, 0.0, 1.0],
                [1.0, 0.0, 0.0, -5e-06, 0.0, 0.0, -1.0, 0.000946, 0.0, 1.0, 0.0, 0.70163, 0.0, 0.0, 0.0, 1.0],
                [1.0, 0.0, 0.0, -5e-06, 0.0, 0.0, -1.0, 0.000946, 0.0, 1.0, 0.0, 0.678477, 0.0, 0.0, 0.0, 1.0],
                [1.0, 0.0, 0.0, -5e-06, 0.0, 0.0, -1.0, 0.000946, 0.0, 1.0, 0.0, 0.655323, 0.0, 0.0, 0.0, 1.0],
                [1.0, 0.0, 0.0, -5e-06, 0.0, 0.0, -1.0, 0.000946, 0.0, 1.0, 0.0, 0.658199, 0.0, 0.0, 0.0, 1.0],
                [1.0, 0.0, 0.0, -5e-06, 0.0, 0.0, -1.0, 0.000946, 0.0, 1.0, 0.0, 0.661075, 0.0, 0.0, 0.0, 1.0],
                [1.0, 0.0, 0.0, -5e-06, 0.0, 0.0, -1.0, 0.000946, 0.0, 1.0, 0.0, 0.663951, 0.0, 0.0, 0.0, 1.0],
                [1.0, 0.0, 0.0, -5e-06, 0.0, 0.0, -1.0, 0.000946, 0.0, 1.0, 0.0, 0.666827, 0.0, 0.0, 0.0, 1.0],
                [1.0, 0.0, 0.0, -5e-06, 0.0, 0.0, -1.0, 0.000946, 0.0, 1.0, 0.0, 0.669703, 0.0, 0.0, 0.0, 1.0],
                [1.0, 0.0, 0.0, -5e-06, 0.0, 0.0, -1.0, 0.000946, 0.0, 1.0, 0.0, 0.687768, 0.0, 0.0, 0.0, 1.0],
                [1.0, 0.0, 0.0, -5e-06, 0.0, 0.0, -1.0, 0.000946, 0.0, 1.0, 0.0, 0.705834, 0.0, 0.0, 0.0, 1.0],
                [1.0, 0.0, 0.0, -5e-06, 0.0, 0.0, -1.0, 0.000946, 0.0, 1.0, 0.0, 0.723899, 0.0, 0.0, 0.0, 1.0],
                [1.0, 0.0, 0.0, -5e-06, 0.0, 0.0, -1.0, 0.000946, 0.0, 1.0, 0.0, 0.741965, 0.0, 0.0, 0.0, 1.0],
                [1.0, 0.0, 0.0, -5e-06, 0.0, 0.0, -1.0, 0.000946, 0.0, 1.0, 0.0, 0.76003, 0.0, 0.0, 0.0, 1.0],
                [1.0, 0.0, 0.0, -5e-06, 0.0, 0.0, -1.0, 0.000946, 0.0, 1.0, 0.0, 0.754685, 0.0, 0.0, 0.0, 1.0],
                [1.0, 0.0, 0.0, -5e-06, 0.0, 0.0, -1.0, 0.000946, 0.0, 1.0, 0.0, 0.749339, 0.0, 0.0, 0.0, 1.0],
                [1.0, 0.0, 0.0, -5e-06, 0.0, 0.0, -1.0, 0.000946, 0.0, 1.0, 0.0, 0.743994, 0.0, 0.0, 0.0, 1.0],
                [1.0, 0.0, 0.0, -5e-06, 0.0, 0.0, -1.0, 0.000946, 0.0, 1.0, 0.0, 0.738649, 0.0, 0.0, 0.0, 1.0],
                [1.0, 0.0, 0.0, -5e-06, 0.0, 0.0, -1.0, 0.000946, 0.0, 1.0, 0.0, 0.733303, 0.0, 0.0, 0.0, 1.0],
                [1.0, 0.0, 0.0, -5e-06, 0.0, 0.0, -1.0, 0.000946, 0.0, 1.0, 0.0, 0.727958, 0.0, 0.0, 0.0, 1.0],
                [1.0, 0.0, 0.0, -5e-06, 0.0, 0.0, -1.0, 0.000946, 0.0, 1.0, 0.0, 0.722613, 0.0, 0.0, 0.0, 1.0],
                [1.0, 0.0, 0.0, -5e-06, 0.0, 0.0, -1.0, 0.000946, 0.0, 1.0, 0.0, 0.717267, 0.0, 0.0, 0.0, 1.0],
                [1.0, 0.0, 0.0, -5e-06, 0.0, 0.0, -1.0, 0.000946, 0.0, 1.0, 0.0, 0.711922, 0.0, 0.0, 0.0, 1.0],
                [1.0, 0.0, 0.0, -5e-06, 0.0, 0.0, -1.0, 0.000946, 0.0, 1.0, 0.0, 0.706577, 0.0, 0.0, 0.0, 1.0]
            ]
        },
        {
            "name": "Thigh_R",
            "time": [0.0, 0.0167, 0.0333, 0.05, 0.0667, 0.0833, 0.1, 0.1167, 0.1333, 0.15, 0.1667, 0.1833, 0.2, 0.2167, 0.2333, 0.25, 0.2667, 0.2833, 0.3, 0.3167, 0.3333, 0.35, 0.3667, 0.3833, 0.4, 0.4167, 0.4333, 0.45, 0.4667, 0.4833, 0.5, 0.5167, 0.5333, 0.55, 0.5667, 0.5833, 0.6, 0.6167, 0.6333, 0.65, 0.6667],
            "transform": [
                [0.999866, 0.015793, -0.004212, 0.124994, 0.006715, -0.631846, -0.775064, -0.002831, -0.014902, 0.774933, -0.631868, -1.2e-05, 0.0, 0.0, 0.0, 1.0],
                [0.999864, 0.015819, -0.004637, 0.124994, 0.008108, -0.716867, -0.697162, 0.001169, -0.014352, 0.69703, -0.716898, -0.004012, 0.0, 0.0, 0.0, 1.0],
                [0.999862, 0.015795, -0.005067, 0.124994, 0.009442, -0.793072, -0.609054, 0.005169, -0.013638, 0.608923, -0.793112, -0.008012, 0.0, 0.0, 0.0, 1.0],
                [0.999861, 0.015721, -0.005492, 0.124994, 0.010688, -0.858717, -0.512338, 0.009169, -0.012771, 0.512208, -0.858766, -0.012012, 0.0, 0.0, 0.0, 1.0],
                [0.999861, 0.015599, -0.005905, 0.124994, 0.011821, -0.912465, -0.408984, 0.013169, -0.011768, 0.408858, -0.912522, -0.016012, 0.0, 0.0, 0.0, 1.0],
                [0.999861, 0.015431, -0.006297, 0.124994, 0.012819, -0.953473, -0.301204, 0.017169, -0.010652, 0.301082, -0.953538, -0.020012, 0.0, 0.0, 0.0, 1.0],
                [0.999858, 0.015486, -0.006647, 0.124994, 0.0147, -0.994314, -0.105464, 0.019085, -0.008243, 0.105351, -0.994401, -0.017012, 0.0, 0.0, 0.0, 1.0],
                [0.999856, 0.015469, -0.007014, 0.124994, 0.016098, -0.994762, 0.100939, 0.021001, -0.005415, -0.101037, -0.994868, -0.014012, 0.0, 0.0, 0.0, 1.0],
                [0.999855, 0.015375, -0.007372, 0.124994, 0.016892, -0.952143, 0.305187, 0.022917, -0.002327, -0.305266, -0.952264, -0.011012, 0.0, 0.0, 0.0, 1.0],
                [0.999855, 0.015211, -0.0077, 0.124994, 0.017029, -0.869187, 0.494191, 0.024834, 0.000824, -0.49425, -0.869319, -0.008012, 0.0, 0.0, 0.0, 1.0],
                [0.999856, 0.014991, -0.007979, 0.124994, 0.016542, -0.753471, 0.657273, 0.02675, 0.003841, -0.65731, -0.753611, -0.005012, 0.0, 0.0, 0.0, 1.0],
                [0.999875, 0.014526, -0.006287, 0.124994, 0.014788, -0.715729, 0.698222, 0.020833, 0.005643, -0.698227, -0.715854, -0.004012, 0.0, 0.0, 0.0, 1.0],
                [0.999889, 0.014155, -0.004567, 0.124994, 0.012933, -0.67567, 0.73709, 0.014917, 0.007348, -0.737067, -0.675779, -0.003012, 0.0, 0.0, 0.0, 1.0],
                [0.999899, 0.013881, -0.002828, 0.124994, 0.010983, -0.633471, 0.773687, 0.009001, 0.008948, -0.77364, -0.633562, -0.002012, 0.0, 0.0, 0.0, 1.0],
                [0.999905, 0.013704, -0.001078, 0.124994, 0.008949, -0.589331, 0.807841, 0.003085, 0.010436, -0.807773, -0.5894, -0.001012, 0.0, 0.0, 0.0, 1.0],
                [0.999907, 0.013626, 0.000675, 0.124994, 0.006839, -0.543465, 0.839404, -0.002831, 0.011804, -0.839319, -0.543509, -1.2e-05, 0.0, 0.0, 0.0, 1.0],
                [0.99985, 0.016951, 0.003359, 0.124994, 0.007745, -0.613317, 0.789798, -0.002831, 0.015448, -0.789652, -0.613358, 0.003988, 0.0, 0.0, 0.0, 1.0],
                [0.999779, 0.020051, 0.006334, 0.124994, 0.008967, -0.679013, 0.734071, -0.002831, 0.01902, -0.73385, -0.679044, 0.007988, 0.0, 0.0, 0.0, 1.0],
                [0.999692, 0.022888, 0.009572, 0.124994, 0.010496, -0.73977, 0.672776, -0.002831, 0.02248, -0.672467, -0.739785, 0.011988, 0.0, 0.0, 0.0, 1.0],
                [0.999591, 0.02543, 0.013036, 0.124994, 0.012313, -0.794911, 0.6066, -0.002831, 0.025788, -0.60619, -0.794901, 0.015988, 0.0, 0.0, 0.0, 1.0],
                [0.999478, 0.027653, 0.016684, 0.124994, 0.014395, -0.843885, 0.536329, -0.002831, 0.02891, -0.535808, -0.843844, 0.019988, 0.0, 0.0, 0.0, 1.0],
                [0.999478, 0.027653, 0.016684, 0.124994, 0.015072, -0.856258, 0.516326, -0.002831, 0.028564, -0.515804, -0.85623, 0.019988, 0.0, 0.0, 0.0, 1.0],
                [0.999478, 0.027653, 0.016684, 0.124994, 0.01574, -0.868162, 0.496029, -0.002831, 0.028201, -0.495506, -0.868146, 0.019988, 0.0, 0.0, 0.0, 1.0],
                [0.999478, 0.027653, 0.016684, 0.124994, 0.016399, -0.879586, 0.475454, -0.002831, 0.027823, -0.474931, -0.879583, 0.019988, 0.0, 0.0, 0.0, 1.0],
                [0.999478, 0.027653, 0.016684, 0.124994, 0.01705, -0.890522, 0.454618, -0.002831, 0.027429, -0.454095, -0.89053, 0.019988, 0.0, 0.0, 0.0, 1.0],
                [0.999478, 0.027653, 0.016684, 0.124994, 0.01769, -0.900959, 0.433539, -0.002831, 0.02702, -0.433017, -0.90098, 0.019988, 0.0, 0.0, 0.0, 1.0],
                [0.999478, 0.027653, 0.016684, 0.124994, 0.021062, -0.949725, 0.312373, -0.002831, 0.024483, -0.311857, -0.949813, 0.019988, 0.0, 0.0, 0.0, 1.0],
                [0.999478, 0.027653, 0.016684, 0.124994, 0.024112, -0.982596, 0.184177, -0.002831, 0.021487, -0.183678, -0.982752, 0.019988, 0.0, 0.0, 0.0, 1.0],
                [0.999478, 0.027653, 0.016684, 0.124994, 0.026749, -0.998278, 0.052169, -0.002831, 0.018098, -0.051695, -0.998499, 0.019988, 0.0, 0.0, 0.0, 1.0],
                [0.999478, 0.027653, 0.016684, 0.124994, 0.028905, -0.99636, -0.080178, -0.002831, 0.014406, 0.080618, -0.996641, 0.019988, 0.0, 0.0, 0.0, 1.0],
                [0.999478, 0.027653, 0.016684, 0.124994, 0.030537, -0.977345, -0.209431, -0.002831, 0.010515, 0.209832, -0.977681, 0.019988, 0.0, 0.0, 0.0, 1.0],
                [0.999572, 0.024442, 0.016072, 0.124994, 0.027673, -0.968202, -0.24863, -0.002831, 0.009484, 0.248968, -0.968465, 0.017988, 0.0, 0.0, 0.0, 1.0],
                [0.999656, 0.021254, 0.01533, 0.124994, 0.024766, -0.957468, -0.287471, -0.002831, 0.008568, 0.287752, -0.957667, 0.015988, 0.0, 0.0, 0.0, 1.0],
                [0.999731, 0.018097, 0.014459, 0.124994, 0.021823, -0.945165, -0.325859, -0.002831, 0.007769, 0.326087, -0.945308, 0.013988, 0.0, 0.0, 0.0, 1.0],
                [0.999797, 0.014979, 0.013463, 0.124994, 0.018851, -0.931325, -0.363699, -0.002831, 0.00709, 0.363879, -0.931419, 0.011988, 0.0, 0.0, 0.0, 1.0],
                [0.999853, 0.011907, 0.012343, 0.124994, 0.015858, -0.915983, -0.400901, -0.002831, 0.006532, 0.401038, -0.916038, 0.009988, 0.0, 0.0, 0.0, 1.0],
                [0.999888, 0.012046, 0.00893, 0.124994, 0.014867, -0.874106, -0.485506, -0.002831, 0.001957, 0.485584, -0.874188, 0.007988, 0.0, 0.0, 0.0, 1.0],
                [0.999906, 0.012511, 0.005522, 0.124994, 0.013438, -0.824081, -0.566311, -0.002831, -0.002535, 0.566333, -0.824173, 0.005988, 0.0, 0.0, 0.0, 1.0],
                [0.999909, 0.013298, 0.002165, 0.124994, 0.011585, -0.766479, -0.642164, -0.002831, -0.00688, 0.642131, -0.766564, 0.003988, 0.0, 0.0, 0.0, 1.0],
                [0.999896, 0.014398, -0.001093, 0.124994, 0.009332, -0.702082, -0.712035, -0.002831, -0.01102, 0.711951, -0.702143, 0.001988, 0.0, 0.0, 0.0, 1.0],
                [0.999866, 0.015793, -0.004212, 0.124994, 0.006715, -0.631846, -0.775064, -0.002831, -0.014902, 0.774933, -0.631868, -1.2e-05, 0.0, 0.0, 0.0, 1.0]
            ]
        },
        {
            "name": "Leg_R",
            "time": [0.0, 0.0167, 0.0333, 0.05, 0.0667, 0.0833, 0.1, 0.1167, 0.1333, 0.15, 0.1667, 0.1833, 0.2, 0.2167, 0.2333, 0.25, 0.2667, 0.2833, 0.3, 0.3167, 0.3333, 0.35, 0.3667, 0.3833, 0.4, 0.4167, 0.4333, 0.45, 0.4667, 0.4833, 0.5, 0.5167, 0.5333, 0.55, 0.5667, 0.5833, 0.6, 0.6167, 0.6333, 0.65, 0.6667],
            "transform": [
                [1.0, -1e-06, 0.0, -0.0, -0.0, 0.350853, 0.93643, 0.37472, -1e-06, -0.936431, 0.350853, 0.0, 0.0, 0.0, 0.0, 1.0],
                [1.0, -1e-06, 0.0, -0.0, -0.0, 0.365499, 0.930812, 0.37472, -1e-06, -0.930812, 0.365499, 0.0, 0.0, 0.0, 0.0, 1.0],
                [1.0, -1e-06, 0.0, -0.0, -0.0, 0.379853, 0.925047, 0.37472, -1e-06, -0.925047, 0.379853, -0.0, 0.0, 0.0, 0.0, 1.0],
                [1.0, -1e-06, 1e-06, 0.0, -0.0, 0.393917, 0.919146, 0.37472, -1e-06, -0.919146, 0.393917, 0.0, 0.0, 0.0, 0.0, 1.0],
                [1.0, -1e-06, 1e-06, 0.0, -0.0, 0.407695, 0.913118, 0.37472, -1e-06, -0.913118, 0.407695, 0.0, 0.0, 0.0, 0.0, 1.0],
                [1.0, -1e-06, 1e-06, 0.0, -0.0, 0.421189, 0.906973, 0.37472, -1e-06, -0.906973, 0.421189, -0.0, 0.0, 0.0, 0.0, 1.0],
                [1.0, -1e-06, 0.0, -0.0, -0.0, 0.295725, 0.955273, 0.37472, -1e-06, -0.955273, 0.295725, 0.0, 0.0, 0.0, 0.0, 1.0],
                [1.0, -1e-06, 0.0, 0.0, -0.0, 0.162635, 0.986686, 0.37472, -1e-06, -0.986686, 0.162635, 0.0, 0.0, 0.0, 0.0, 1.0],
                [1.0, -1e-06, 0.0, 0.0, -0.0, 0.025434, 0.999676, 0.37472, -1e-06, -0.999676, 0.025434, -0.0, 0.0, 0.0, 0.0, 1.0],
                [1.0, -1e-06, 0.0, 0.0, -0.0, -0.112018, 0.993706, 0.37472, -1e-06, -0.993706, -0.112018, 0.0, 0.0, 0.0, 0.0, 1.0],
                [1.0, -1e-06, 0.0, -0.0, -0.0, -0.245876, 0.969302, 0.37472, -1e-06, -0.969302, -0.245876, -0.0, 0.0, 0.0, 0.0, 1.0],
                [1.0, -1e-06, 0.0, -0.0, -0.0, -0.068649, 0.997641, 0.37472, -1e-06, -0.997641, -0.068649, -0.0, 0.0, 0.0, 0.0, 1.0],
                [1.0, -1e-06, 0.0, -0.0, -0.0, 0.113579, 0.993529, 0.37472, -1e-06, -0.993529, 0.113579, 0.0, 0.0, 0.0, 0.0, 1.0],
                [1.0, -1e-06, 0.0, 0.0, -0.0, 0.291855, 0.956462, 0.37472, -1e-06, -0.956463, 0.291855, 0.0, 0.0, 0.0, 0.0, 1.0],
                [1.0, -1e-06, 1e-06, 0.0, -0.0, 0.457642, 0.889136, 0.37472, -1e-06, -0.889137, 0.457642, -0.0, 0.0, 0.0, 0.0, 1.0],
                [1.0, -0.0, 1e-06, -0.0, -0.0, 0.604132, 0.796884, 0.37472, -1e-06, -0.796886, 0.604131, -0.0, 0.0, 0.0, 0.0, 1.0],
                [1.0, -0.0, 1e-06, 0.0, -0.0, 0.730787, 0.682606, 0.37472, -1e-06, -0.682606, 0.730786, 0.0, 0.0, 0.0, 0.0, 1.0],
                [1.0, -0.0, 1e-06, 0.0, -0.0, 0.837894, 0.545833, 0.37472, -1e-06, -0.545834, 0.837893, 0.0, 0.0, 0.0, 0.0, 1.0],
                [1.0, -0.0, 1e-06, -0.0, -0.0, 0.919936, 0.39207, 0.37472, -1e-06, -0.39207, 0.919935, -0.0, 0.0, 0.0, 0.0, 1.0],
                [1.0, 0.0, 1e-06, -0.0, -0.0, 0.973566, 0.228406, 0.37472, -1e-06, -0.228406, 0.973566, 0.0, 0.0, 0.0, 0.0, 1.0],
                [1.0, 0.0, 1e-06, 0.0, -0.0, 0.998047, 0.062469, 0.37472, -1e-06, -0.062469, 0.998047, -0.0, 0.0, 0.0, 0.0, 1.0],
                [1.0, 0.0, 1e-06, -0.0, -0.0, 0.972566, 0.232628, 0.37472, -1e-06, -0.232628, 0.972566, 0.0, 0.0, 0.0, 0.0, 1.0],
                [1.0, -0.0, 1e-06, -0.0, -0.0, 0.91642, 0.400218, 0.37472, -1e-06, -0.400218, 0.91642, 0.0, 0.0, 0.0, 0.0, 1.0],
                [1.0, -0.0, 1e-06, -0.0, -0.0, 0.830502, 0.557015, 0.37472, -1e-06, -0.557015, 0.830502, -0.0, 0.0, 0.0, 0.0, 1.0],
                [1.0, -0.0, 1e-06, -0.0, -0.0, 0.718578, 0.695447, 0.37472, -1e-06, -0.695447, 0.718578, -0.0, 0.0, 0.0, 0.0, 1.0],
                [1.0, -0.0, 1e-06, -0.0, -0.0, 0.586755, 0.809765, 0.37472, -1e-06, -0.809765, 0.586755, -0.0, 0.0, 0.0, 0.0, 1.0],
                [1.0, -0.0, 1e-06, 0.0, -0.0, 0.717149, 0.69692, 0.37472, -1e-06, -0.69692, 0.717149, -0.0, 0.0, 0.0, 0.0, 1.0],
                [1.0, -0.0, 1e-06, -0.0, -0.0, 0.828132, 0.560533, 0.37472, -1e-06, -0.560533, 0.828132, -0.0, 0.0, 0.0, 0.0, 1.0],
                [1.0, -0.0, 1e-06, -0.0, -0.0, 0.913812, 0.406138, 0.37472, -1e-06, -0.406138, 0.913812, 0.0, 0.0, 0.0, 0.0, 1.0],
                [1.0, 0.0, 1e-06, 0.0, -0.0, 0.970522, 0.241015, 0.37472, -1e-06, -0.241015, 0.970521, -0.0, 0.0, 0.0, 0.0, 1.0],
                [1.0, 0.0, 1e-06, -0.0, -0.0, 0.997326, 0.073081, 0.37472, -1e-06, -0.073081, 0.997326, 0.0, 0.0, 0.0, 0.0, 1.0],
                [1.0, 0.0, 1e-06, -0.0, -0.0, 0.98144, 0.191772, 0.37472, -1e-06, -0.191772, 0.981439, -0.0, 0.0, 0.0, 0.0, 1.0],
                [1.0, 0.0, 1e-06, -0.0, -0.0, 0.95035, 0.311185, 0.37472, -1e-06, -0.311185, 0.950349, -0.0, 0.0, 0.0, 0.0, 1.0],
                [1.0, -0.0, 1e-06, -0.0, -0.0, 0.903575, 0.428429, 0.37472, -1e-06, -0.428429, 0.903575, -0.0, 0.0, 0.0, 0.0, 1.0],
                [1.0, -0.0, 1e-06, 0.0, -0.0, 0.841375, 0.540452, 0.37472, -1e-06, -0.540452, 0.841374, 0.0, 0.0, 0.0, 0.0, 1.0],
                [1.0, -0.0, 1e-06, 0.0, -0.0, 0.764793, 0.644276, 0.37472, -1e-06, -0.644276, 0.764793, -0.0, 0.0, 0.0, 0.0, 1.0],
                [1.0, -0.0, 1e-06, -0.0, -0.0, 0.696109, 0.717936, 0.37472, -1e-06, -0.717936, 0.696109, -0.0, 0.0, 0.0, 0.0, 1.0],
                [1.0, -0.0, 1e-06, 0.0, -0.0, 0.619289, 0.785163, 0.37472, -1e-06, -0.785163, 0.619289, 0.0, 0.0, 0.0, 0.0, 1.0],
                [1.0, -0.0, 1e-06, 0.0, -0.0, 0.535292, 0.844667, 0.37472, -1e-06, -0.844667, 0.535291, -0.0, 0.0, 0.0, 0.0, 1.0],
                [1.0, -1e-06, 1e-06, 0.0, -0.0, 0.445338, 0.895362, 0.37472, -1e-06, -0.895363, 0.445338, -0.0, 0.0, 0.0, 0.0, 1.0],
                [1.0, -1e-06, 0.0, -0.0, -0.0, 0.350853, 0.93643, 0.37472, -1e-06, -0.936431, 0.350853, 0.0, 0.0, 0.0, 0.0, 1.0]
            ]
        },
        {
            "name": "Knee_R",
            "time": [0.0, 0.0167, 0.0333, 0.05, 0.0667, 0.0833, 0.1, 0.1167, 0.1333, 0.15, 0.1667, 0.1833, 0.2, 0.2167, 0.2333, 0.25, 0.2667, 0.2833, 0.3, 0.3167, 0.3333, 0.35, 0.3667, 0.3833, 0.4, 0.4167, 0.4333, 0.45, 0.4667, 0.4833, 0.5, 0.5167, 0.5333, 0.55, 0.5667, 0.5833, 0.6, 0.6167, 0.6333, 0.65, 0.6667],
            "transform": [
                [1.0, 0.0, -0.0, 0.0, -0.0, 1e-06, -1.0, 0.447064, -0.0, 1.0, 1e-06, 0.0, 0.0, 0.0, 0.0, 1.0],
                [1.0, 0.0, -0.0, 0.0, -0.0, 1e-06, -1.0, 0.445417, -0.0, 1.0, 1e-06, -0.0, 0.0, 0.0, 0.0, 1.0],
                [1.0, 0.0, -0.0, -0.0, -0.0, 1e-06, -1.0, 0.443792, -0.0, 1.0, 1e-06, -0.0, 0.0, 0.0, 0.0, 1.0],
                [1.0, 0.0, -0.0, 0.0, -0.0, 1e-06, -1.0, 0.44219, -0.0, 1.0, 1e-06, 0.0, 0.0, 0.0, 0.0, 1.0],
                [1.0, 0.0, -0.0, 0.0, -0.0, 1e-06, -1.0, 0.44061, -0.0, 1.0, 1e-06, -0.0, 0.0, 0.0, 0.0, 1.0],
                [1.0, 0.0, -0.0, 0.0, -0.0, 1e-06, -1.0, 0.439052, -0.0, 1.0, 1e-06, -0.0, 0.0, 0.0, 0.0, 1.0],
                [1.0, 0.0, -0.0, 0.0, -0.0, 1e-06, -1.0, 0.453185, -0.0, 1.0, 1e-06, -0.0, 0.0, 0.0, 0.0, 1.0],
                [1.0, 0.0, -0.0, 0.0, -0.0, 1e-06, -1.0, 0.46756, -0.0, 1.0, 1e-06, -0.0, 0.0, 0.0, 0.0, 1.0],
                [1.0, 0.0, -0.0, 0.0, -0.0, 1e-06, -1.0, 0.482048, -0.0, 1.0, 1e-06, -0.0, 0.0, 0.0, 0.0, 1.0],
                [1.0, 0.0, -0.0, 0.0, -0.0, 1e-06, -1.0, 0.48472, -0.0, 1.0, 1e-06, -0.0, 0.0, 0.0, 0.0, 1.0],
                [1.0, 0.0, -0.0, 0.0, -0.0, 1e-06, -1.0, 0.48472, -0.0, 1.0, 1e-06, -0.0, 0.0, 0.0, 0.0, 1.0],
                [1.0, 0.0, -0.0, 0.0, -0.0, 1e-06, -1.0, 0.48472, -0.0, 1.0, 1e-06, -0.0, 0.0, 0.0, 0.0, 1.0],
                [1.0, 0.0, -0.0, 0.0, -0.0, 1e-06, -1.0, 0.472764, -0.0, 1.0, 1e-06, 0.0, 0.0, 0.0, 0.0, 1.0],
                [1.0, 0.0, -0.0, 0.0, -0.0, 1e-06, -1.0, 0.45361, -0.0, 1.0, 1e-06, 0.0, 0.0, 0.0, 0.0, 1.0],
                [1.0, 0.0, -0.0, 0.0, -0.0, 1e-06, -1.0, 0.434789, -0.0, 1.0, 1e-06, -0.0, 0.0, 0.0, 0.0, 1.0],
                [1.0, 0.0, -0.0, 0.0, -0.0, 1e-06, -1.0, 0.416582, -0.0, 1.0, 1e-06, -0.0, 0.0, 0.0, 0.0, 1.0],
                [1.0, 0.0, -0.0, 0.0, -0.0, 1e-06, -1.0, 0.398641, -0.0, 1.0, 1e-06, 0.0, 0.0, 0.0, 0.0, 1.0],
                [1.0, 0.0, -0.0, 0.0, -0.0, 1e-06, -1.0, 0.38037, -0.0, 1.0, 1e-06, 0.0, 0.0, 0.0, 0.0, 1.0],
                [1.0, 0.0, -0.0, 0.0, -0.0, 1e-06, -1.0, 0.37472, -0.0, 1.0, 1e-06, -0.0, 0.0, 0.0, 0.0, 1.0],
                [1.0, 0.0, -0.0, -0.0, -0.0, 1e-06, -1.0, 0.37472, -0.0, 1.0, 1e-06, 0.0, 0.0, 0.0, 0.0, 1.0],
                [1.0, 0.0, -0.0, 0.0, -0.0, 1e-06, -1.0, 0.37472, -0.0, 1.0, 1e-06, -0.0, 0.0, 0.0, 0.0, 1.0],
                [1.0, 0.0, -0.0, 0.0, -0.0, 1e-06, -1.0, 0.37472, -0.0, 1.0, 1e-06, 0.0, 0.0, 0.0, 0.0, 1.0],
                [1.0, 0.0, -0.0, 0.0, -0.0, 1e-06, -1.0, 0.37472, -0.0, 1.0, 1e-06, 0.0, 0.0, 0.0, 0.0, 1.0],
                [1.0, 0.0, -0.0, -0.0, -0.0, 1e-06, -1.0, 0.381778, -0.0, 1.0, 1e-06, 0.0, 0.0, 0.0, 0.0, 1.0],
                [1.0, 0.0, -0.0, 0.0, -0.0, 1e-06, -1.0, 0.400502, -0.0, 1.0, 1e-06, -0.0, 0.0, 0.0, 0.0, 1.0],
                [1.0, 0.0, -0.0, -0.0, -0.0, 1e-06, -1.0, 0.418854, -0.0, 1.0, 1e-06, -0.0, 0.0, 0.0, 0.0, 1.0],
                [1.0, 0.0, -0.0, 0.0, -0.0, 1e-06, -1.0, 0.400718, -0.0, 1.0, 1e-06, -0.0, 0.0, 0.0, 0.0, 1.0],
                [1.0, 0.0, -0.0, -0.0, -0.0, 1e-06, -1.0, 0.382223, -0.0, 1.0, 1e-06, -0.0, 0.0, 0.0, 0.0, 1.0],
                [1.0, 0.0, -0.0, 0.0, -0.0, 1e-06, -1.0, 0.37472, -0.0, 1.0, 1e-06, 0.0, 0.0, 0.0, 0.0, 1.0],
                [1.0, 0.0, -0.0, 0.0, -0.0, 1e-06, -1.0, 0.37472, -0.0, 1.0, 1e-06, -0.0, 0.0, 0.0, 0.0, 1.0],
                [1.0, 0.0, -0.0, -0.0, -0.0, 1e-06, -1.0, 0.37472, -0.0, 1.0, 1e-06, -0.0, 0.0, 0.0, 0.0, 1.0],
                [1.0, 0.0, -0.0, -0.0, -0.0, 1e-06, -1.0, 0.37472, -0.0, 1.0, 1e-06, -0.0, 0.0, 0.0, 0.0, 1.0],
                [1.0, 0.0, -0.0, -0.0, -0.0, 1e-06, -1.0, 0.37472, -0.0, 1.0, 1e-06, -0.0, 0.0, 0.0, 0.0, 1.0],
                [1.0, 0.0, -0.0, 0.0, -0.0, 1e-06, -1.0, 0.37472, -0.0, 1.0, 1e-06, -0.0, 0.0, 0.0, 0.0, 1.0],
                [1.0, 0.0, -0.0, -0.0, -0.0, 1e-06, -1.0, 0.379697, -0.0, 1.0, 1e-06, -0.0, 0.0, 0.0, 0.0, 1.0],
                [1.0, 0.0, -0.0, -0.0, -0.0, 1e-06, -1.0, 0.393258, -0.0, 1.0, 1e-06, -0.0, 0.0, 0.0, 0.0, 1.0],
                [1.0, 0.0, -0.0, 0.0, -0.0, 1e-06, -1.0, 0.403842, -0.0, 1.0, 1e-06, -0.0, 0.0, 0.0, 0.0, 1.0],
                [1.0, 0.0, -0.0, 0.0, -0.0, 1e-06, -1.0, 0.414569, -0.0, 1.0, 1e-06, -0.0, 0.0, 0.0, 0.0, 1.0],
                [1.0, 0.0, -0.0, 0.0, -0.0, 1e-06, -1.0, 0.425387, -0.0, 1.0, 1e-06, -0.0, 0.0, 0.0, 0.0, 1.0],
                [1.0, 0.0, -0.0, 0.0, -0.0, 1e-06, -1.0, 0.436238, -0.0, 1.0, 1e-06, -0.0, 0.0, 0.0, 0.0, 1.0],
                [1.0, 0.0, -0.0, 0.0, -0.0, 1e-06, -1.0, 0.447064, -0.0, 1.0, 1e-06, 0.0, 0.0, 0.0, 0.0, 1.0]
            ]
        },
        {
            "name": "Thigh_L",
            "time": [0.0, 0.0167, 0.0333, 0.05, 0.0667, 0.0833, 0.1, 0.1167, 0.1333, 0.15, 0.1667, 0.1833, 0.2, 0.2167, 0.2333, 0.25, 0.2667, 0.2833, 0.3, 0.3167, 0.3333, 0.35, 0.3667, 0.3833, 0.4, 0.4167, 0.4333, 0.45, 0.4667, 0.4833, 0.5, 0.5167, 0.5333, 0.55, 0.5667, 0.5833, 0.6, 0.6167, 0.6333, 0.65, 0.6667],
            "transform": [
                [0.999907, -0.013626, -0.000675, -0.125006, -0.01145, -0.865048, 0.501555, -0.002831, -0.007418, -0.501499, -0.865126, -1.2e-05, 0.0, 0.0, 0.0, 1.0],
                [0.999861, -0.016097, -0.004149, -0.125006, -0.01124, -0.838564, 0.544684, -0.002831, -0.012247, -0.544561, -0.838631, 0.003988, 0.0, 0.0, 0.0, 1.0],
                [0.999796, -0.018745, -0.0075, -0.125006, -0.010785, -0.809877, 0.586498, -0.002831, -0.017068, -0.586296, -0.809916, 0.007988, 0.0, 0.0, 0.0, 1.0],
                [0.99971, -0.021562, -0.010714, -0.125006, -0.010085, -0.77909, 0.626829, -0.002831, -0.021863, -0.626538, -0.779084, 0.011988, 0.0, 0.0, 0.0, 1.0],
                [0.999604, -0.024535, -0.013779, -0.125006, -0.009144, -0.746323, 0.66552, -0.002831, -0.026612, -0.665129, -0.746253, 0.015988, 0.0, 0.0, 0.0, 1.0],
                [0.999478, -0.027653, -0.016684, -0.125006, -0.007966, -0.71171, 0.702427, -0.002831, -0.031299, -0.701926, -0.711561, 0.019988, 0.0, 0.0, 0.0, 1.0],
                [0.999628, -0.023165, -0.014354, -0.125006, -0.010372, -0.810478, 0.585676, 0.007085, -0.025201, -0.585308, -0.810419, 0.016988, 0.0, 0.0, 0.0, 1.0],
                [0.999755, -0.019014, -0.011305, -0.125006, -0.011837, -0.891572, 0.452721, 0.017001, -0.018688, -0.452475, -0.891581, 0.013988, 0.0, 0.0, 0.0, 1.0],
                [0.999853, -0.015366, -0.007625, -0.125006, -0.012272, -0.951346, 0.307874, 0.026917, -0.011985, -0.307734, -0.951397, 0.010988, 0.0, 0.0, 0.0, 1.0],
                [0.999917, -0.012353, -0.003446, -0.125006, -0.011662, -0.98762, 0.156417, 0.036833, -0.005336, -0.156363, -0.987686, 0.007988, 0.0, 0.0, 0.0, 1.0],
                [0.999948, -0.010061, 0.001064, -0.125006, -0.010065, -0.999939, 0.003978, 0.04675, 0.001024, -0.003988, -0.999992, 0.004988, 0.0, 0.0, 0.0, 1.0],
                [0.999936, -0.011125, 0.001829, -0.125006, -0.011003, -0.99833, -0.056678, 0.036833, 0.002457, 0.056655, -0.998391, 0.003988, 0.0, 0.0, 0.0, 1.0],
                [0.999922, -0.012236, 0.002531, -0.125006, -0.011854, -0.993025, -0.117294, 0.026917, 0.003948, 0.117255, -0.993094, 0.002988, 0.0, 0.0, 0.0, 1.0],
                [0.999905, -0.013389, 0.003164, -0.125006, -0.012614, -0.984033, -0.177531, 0.017001, 0.00549, 0.177475, -0.98411, 0.001988, 0.0, 0.0, 0.0, 1.0],
                [0.999887, -0.014577, 0.003725, -0.125006, -0.013278, -0.971405, -0.237056, 0.007085, 0.007074, 0.23698, -0.971489, 0.000988, 0.0, 0.0, 0.0, 1.0],
                [0.999866, -0.015793, 0.004212, -0.125006, -0.013843, -0.955229, -0.295543, -0.002831, 0.008691, 0.295445, -0.95532, -1.2e-05, 0.0, 0.0, 0.0, 1.0],
                [0.999866, -0.015689, 0.004622, -0.125006, -0.013265, -0.943202, -0.331953, 0.001169, 0.009568, 0.331848, -0.943284, -0.004012, 0.0, 0.0, 0.0, 1.0],
                [0.999866, -0.015601, 0.005037, -0.125006, -0.012653, -0.929773, -0.367914, 0.005169, 0.010423, 0.367802, -0.929846, -0.008012, 0.0, 0.0, 0.0, 1.0],
                [0.999865, -0.015528, 0.005455, -0.125006, -0.012009, -0.914968, -0.403346, 0.009169, 0.011254, 0.403227, -0.915031, -0.012012, 0.0, 0.0, 0.0, 1.0],
                [0.999863, -0.015472, 0.005875, -0.125006, -0.011334, -0.89882, -0.43817, 0.013169, 0.01206, 0.438044, -0.898872, -0.016012, 0.0, 0.0, 0.0, 1.0],
                [0.999861, -0.015432, 0.006296, -0.125006, -0.010629, -0.881368, -0.472311, 0.017169, 0.012838, 0.472179, -0.881409, -0.020012, 0.0, 0.0, 0.0, 1.0],
                [0.999861, -0.015432, 0.006296, -0.125006, -0.011674, -0.918062, -0.396265, 0.017169, 0.011896, 0.396137, -0.918114, -0.020012, 0.0, 0.0, 0.0, 1.0],
                [0.999861, -0.015432, 0.006297, -0.125006, -0.012641, -0.948355, -0.31696, 0.017169, 0.010863, 0.316836, -0.948418, -0.020012, 0.0, 0.0, 0.0, 1.0],
                [0.999861, -0.015432, 0.006297, -0.125006, -0.013518, -0.971848, -0.23522, 0.017169, 0.009749, 0.235103, -0.971921, -0.020012, 0.0, 0.0, 0.0, 1.0],
                [0.999861, -0.015432, 0.006297, -0.125006, -0.014296, -0.988288, -0.151931, 0.017169, 0.008567, 0.15182, -0.988371, -0.020012, 0.0, 0.0, 0.0, 1.0],
                [0.999861, -0.015432, 0.006297, -0.125006, -0.014968, -0.997573, -0.068003, 0.017169, 0.007331, 0.0679, -0.997665, -0.020012, 0.0, 0.0, 0.0, 1.0],
                [0.999861, -0.015432, 0.006297, -0.125006, -0.01526, -0.999531, -0.026534, 0.017169, 0.006703, 0.026435, -0.999628, -0.020012, 0.0, 0.0, 0.0, 1.0],
                [0.999861, -0.015432, 0.006297, -0.125006, -0.015525, -0.999766, 0.015034, 0.017169, 0.006063, -0.01513, -0.999867, -0.020012, 0.0, 0.0, 0.0, 1.0],
                [0.999861, -0.015432, 0.006297, -0.125006, -0.015764, -0.998273, 0.056595, 0.017169, 0.005412, -0.056686, -0.998377, -0.020012, 0.0, 0.0, 0.0, 1.0],
                [0.999861, -0.015432, 0.006297, -0.125006, -0.015975, -0.995054, 0.098039, 0.017169, 0.004752, -0.098126, -0.995162, -0.020012, 0.0, 0.0, 0.0, 1.0],
                [0.999861, -0.015432, 0.006297, -0.125006, -0.016159, -0.990124, 0.139261, 0.017169, 0.004085, -0.139343, -0.990236, -0.020012, 0.0, 0.0, 0.0, 1.0],
                [0.999861, -0.015432, 0.006297, -0.125006, -0.01661, -0.9539, 0.299664, 0.015169, 0.001382, -0.299726, -0.954024, -0.018012, 0.0, 0.0, 0.0, 1.0],
                [0.999861, -0.015432, 0.006297, -0.125006, -0.016607, -0.89029, 0.455091, 0.013169, -0.001417, -0.455132, -0.890423, -0.016012, 0.0, 0.0, 0.0, 1.0],
                [0.999861, -0.015432, 0.006297, -0.125006, -0.01613, -0.80085, 0.598647, 0.011169, -0.004196, -0.598665, -0.800988, -0.014012, 0.0, 0.0, 0.0, 1.0],
                [0.999861, -0.015432, 0.006297, -0.125006, -0.015201, -0.689372, 0.724248, 0.009169, -0.006836, -0.724242, -0.689511, -0.012012, 0.0, 0.0, 0.0, 1.0],
                [0.999861, -0.015432, 0.006297, -0.125006, -0.013875, -0.561358, 0.827456, 0.007169, -0.009235, -0.827428, -0.561495, -0.010012, 0.0, 0.0, 0.0, 1.0],
                [0.999871, -0.015326, 0.004854, -0.125006, -0.013461, -0.633067, 0.773979, 0.005169, -0.008789, -0.773943, -0.633193, -0.008012, 0.0, 0.0, 0.0, 1.0],
                [0.99988, -0.015089, 0.003419, -0.125006, -0.013006, -0.700099, 0.713926, 0.003169, -0.008379, -0.713884, -0.700213, -0.006012, 0.0, 0.0, 0.0, 1.0],
                [0.999889, -0.014724, 0.002007, -0.125006, -0.012515, -0.761578, 0.647951, 0.001169, -0.008011, -0.647903, -0.76168, -0.004012, 0.0, 0.0, 0.0, 1.0],
                [0.999898, -0.014234, 0.000638, -0.125006, -0.011994, -0.816758, 0.576854, -0.000831, -0.00769, -0.576801, -0.816848, -0.002012, 0.0, 0.0, 0.0, 1.0],
                [0.999907, -0.013626, -0.000675, -0.125006, -0.01145, -0.865048, 0.501555, -0.002831, -0.007418, -0.501499, -0.865126, -1.2e-05, 0.0, 0.0, 0.0, 1.0]
            ]
        },
        {
            "name": "Leg_L",
            "time": [0.0, 0.0167, 0.0333, 0.05, 0.0667, 0.0833, 0.1, 0.1167, 0.1333, 0.15, 0.1667, 0.1833, 0.2, 0.2167, 0.2333, 0.25, 0.2667, 0.2833, 0.3, 0.3167, 0.3333, 0.35, 0.3667, 0.3833, 0.4, 0.4167, 0.4333, 0.45, 0.4667, 0.4833, 0.5, 0.5167, 0.5333, 0.55, 0.5667, 0.5833, 0.6, 0.6167, 0.6333, 0.65, 0.6667],
            "transform": [
                [1.0, 0.0, 1e-06, -0.0, -0.0, 0.998424, 0.056136, 0.37472, -1e-06, -0.056136, 0.998422, 0.0, 0.0, 0.0, 0.0, 1.0],
                [1.0, 0.0, 1e-06, 0.0, -0.0, 0.963826, 0.266534, 0.37472, -1e-06, -0.266534, 0.963825, -0.0, 0.0, 0.0, 0.0, 1.0],
                [1.0, -0.0, 1e-06, -0.0, -0.0, 0.88276, 0.469824, 0.37472, -1e-06, -0.469824, 0.882759, -0.0, 0.0, 0.0, 0.0, 1.0],
                [1.0, -0.0, 1e-06, -0.0, -0.0, 0.759062, 0.651018, 0.37472, -1e-06, -0.651018, 0.759062, 0.0, 0.0, 0.0, 0.0, 1.0],
                [1.0, -0.0, 1e-06, 0.0, -0.0, 0.602559, 0.798074, 0.37472, -1e-06, -0.798074, 0.602559, -0.0, 0.0, 0.0, 0.0, 1.0],
                [1.0, -1e-06, 1e-06, -0.0, -0.0, 0.426642, 0.90442, 0.37472, -1e-06, -0.90442, 0.426642, -0.0, 0.0, 0.0, 0.0, 1.0],
                [1.0, -0.0, 1e-06, 0.0, -0.0, 0.557931, 0.829887, 0.37472, -1e-06, -0.829887, 0.557931, 0.0, 0.0, 0.0, 0.0, 1.0],
                [1.0, -0.0, 1e-06, -0.0, -0.0, 0.677862, 0.73519, 0.37472, -1e-06, -0.735189, 0.677862, 0.0, 0.0, 0.0, 0.0, 1.0],
                [1.0, -0.0, 1e-06, -0.0, -0.0, 0.782012, 0.623263, 0.37472, -1e-06, -0.623262, 0.782013, 0.0, 0.0, 0.0, 0.0, 1.0],
                [1.0, -0.0, 1e-06, -0.0, -0.0, 0.867041, 0.498236, 0.37472, -1e-06, -0.498235, 0.867042, 0.0, 0.0, 0.0, 0.0, 1.0],
                [1.0, -0.0, 1e-06, -0.0, -0.0, 0.931029, 0.364942, 0.37472, -1e-06, -0.364942, 0.931031, -0.0, 0.0, 0.0, 0.0, 1.0],
                [1.0, -0.0, 1e-06, -0.0, -0.0, 0.88155, 0.47209, 0.37472, -1e-06, -0.472089, 0.881551, 0.0, 0.0, 0.0, 0.0, 1.0],
                [1.0, -0.0, 1e-06, -0.0, -0.0, 0.818437, 0.574596, 0.37472, -1e-06, -0.574596, 0.818438, 0.0, 0.0, 0.0, 0.0, 1.0],
                [1.0, -0.0, 1e-06, 0.0, -0.0, 0.742434, 0.669919, 0.37472, -1e-06, -0.669919, 0.742434, 0.0, 0.0, 0.0, 0.0, 1.0],
                [1.0, -0.0, 1e-06, 0.0, -0.0, 0.654904, 0.755712, 0.37472, -1e-06, -0.755712, 0.654904, 0.0, 0.0, 0.0, 0.0, 1.0],
                [1.0, -0.0, 1e-06, -0.0, -0.0, 0.557759, 0.830003, 0.37472, -1e-06, -0.830003, 0.557759, -0.0, 0.0, 0.0, 0.0, 1.0],
                [1.0, -1e-06, 1e-06, -0.0, -0.0, 0.458892, 0.888492, 0.37472, -1e-06, -0.888492, 0.458892, 0.0, 0.0, 0.0, 0.0, 1.0],
                [1.0, -1e-06, 0.0, 0.0, -0.0, 0.354009, 0.935242, 0.37472, -1e-06, -0.935242, 0.354009, -0.0, 0.0, 0.0, 0.0, 1.0],
                [1.0, -1e-06, 0.0, 0.0, -0.0, 0.245229, 0.969465, 0.37472, -1e-06, -0.969465, 0.245229, -0.0, 0.0, 0.0, 0.0, 1.0],
                [1.0, -1e-06, 0.0, 0.0, -0.0, 0.134764, 0.990878, 0.37472, -1e-06, -0.990878, 0.134764, 0.0, 0.0, 0.0, 0.0, 1.0],
                [1.0, -1e-06, 0.0, 0.0, -0.0, 0.024774, 0.999693, 0.37472, -1e-06, -0.999693, 0.024774, -0.0, 0.0, 0.0, 0.0, 1.0],
                [1.0, -1e-06, 0.0, -0.0, -0.0, 0.088214, 0.996102, 0.37472, -1e-06, -0.996102, 0.088214, -0.0, 0.0, 0.0, 0.0, 1.0],
                [1.0, -1e-06, 0.0, 0.0, -0.0, 0.151534, 0.988452, 0.37472, -1e-06, -0.988452, 0.151534, 0.0, 0.0, 0.0, 0.0, 1.0],
                [1.0, -1e-06, 0.0, -0.0, -0.0, 0.214346, 0.976758, 0.37472, -1e-06, -0.976758, 0.214346, -0.0, 0.0, 0.0, 0.0, 1.0],
                [1.0, -1e-06, 0.0, 0.0, -0.0, 0.276265, 0.961082, 0.37472, -1e-06, -0.961082, 0.276265, -0.0, 0.0, 0.0, 0.0, 1.0],
                [1.0, -1e-06, 0.0, 0.0, -0.0, 0.336915, 0.941535, 0.37472, -1e-06, -0.941535, 0.336915, -0.0, 0.0, 0.0, 0.0, 1.0],
                [1.0, -1e-06, 0.0, -0.0, -0.0, 0.376858, 0.926271, 0.37472, -1e-06, -0.926271, 0.376858, -0.0, 0.0, 0.0, 0.0, 1.0],
                [1.0, -1e-06, 1e-06, -0.0, -0.0, 0.416399, 0.909182, 0.37472, -1e-06, -0.909182, 0.416399, 0.0, 0.0, 0.0, 0.0, 1.0],
                [1.0, -1e-06, 1e-06, -0.0, -0.0, 0.455418, 0.890278, 0.37472, -1e-06, -0.890278, 0.455418, 0.0, 0.0, 0.0, 0.0, 1.0],
                [1.0, -0.0, 1e-06, -0.0, -0.0, 0.49379, 0.869581, 0.37472, -1e-06, -0.869582, 0.493789, -0.0, 0.0, 0.0, 0.0, 1.0],
                [1.0, -0.0, 1e-06, -0.0, -0.0, 0.531394, 0.847124, 0.37472, -1e-06, -0.847125, 0.531394, 0.0, 0.0, 0.0, 0.0, 1.0],
                [1.0, -0.0, 1e-06, 0.0, -0.0, 0.568112, 0.822951, 0.37472, -1e-06, -0.822952, 0.568112, -0.0, 0.0, 0.0, 0.0, 1.0],
                [1.0, -0.0, 1e-06, -0.0, -0.0, 0.603827, 0.797116, 0.37472, -1e-06, -0.797116, 0.603826, -0.0, 0.0, 0.0, 0.0, 1.0],
                [1.0, -0.0, 1e-06, -0.0, -0.0, 0.638427, 0.769682, 0.37472, -1e-06, -0.769683, 0.638427, -0.0, 0.0, 0.0, 0.0, 1.0],
                [1.0, -0.0, 1e-06, -0.0, -0.0, 0.671808, 0.740725, 0.37472, -1e-06, -0.740726, 0.671807, 0.0, 0.0, 0.0, 0.0, 1.0],
                [1.0, -0.0, 1e-06, -0.0, -0.0, 0.70387, 0.710328, 0.37472, -1e-06, -0.710329, 0.70387, 0.0, 0.0, 0.0, 0.0, 1.0],
                [1.0, -0.0, 1e-06, -0.0, -0.0, 0.797933, 0.602746, 0.37472, -1e-06, -0.602747, 0.797932, 0.0, 0.0, 0.0, 0.0, 1.0],
                [1.0, -0.0, 1e-06, -0.0, -0.0, 0.877339, 0.479871, 0.37472, -1e-06, -0.479872, 0.877338, -0.0, 0.0, 0.0, 0.0, 1.0],
                [1.0, -0.0, 1e-06, 0.0, -0.0, 0.93863, 0.344926, 0.37472, -1e-06, -0.344926, 0.938629, 0.0, 0.0, 0.0, 0.0, 1.0],
                [1.0, 0.0, 1e-06, 0.0, -0.0, 0.979365, 0.202101, 0.37472, -1e-06, -0.202101, 0.979364, -0.0, 0.0, 0.0, 0.0, 1.0],
                [1.0, 0.0, 1e-06, -0.0, -0.0, 0.998424, 0.056136, 0.37472, -1e-06, -0.056136, 0.998422, 0.0, 0.0, 0.0, 0.0, 1.0]
            ]
        },
        {
            "name": "Knee_L",
            "time": [0.0, 0.0167, 0.0333, 0.05, 0.0667, 0.0833, 0.1, 0.1167, 0.1333, 0.15, 0.1667, 0.1833, 0.2, 0.2167, 0.2333, 0.25, 0.2667, 0.2833, 0.3, 0.3167, 0.3333, 0.35, 0.3667, 0.3833, 0.4, 0.4167, 0.4333, 0.45, 0.4667, 0.4833, 0.5, 0.5167, 0.5333, 0.55, 0.5667, 0.5833, 0.6, 0.6167, 0.6333, 0.65, 0.6667],
            "transform": [
                [1.0, 0.0, -0.0, -0.0, -0.0, 1e-06, -1.0, 0.37472, -0.0, 1.0, 1e-06, -0.0, 0.0, 0.0, 0.0, 1.0],
                [1.0, 0.0, -0.0, -0.0, -0.0, 1e-06, -1.0, 0.37472, -0.0, 1.0, 1e-06, -0.0, 0.0, 0.0, 0.0, 1.0],
                [1.0, 0.0, -0.0, -0.0, -0.0, 1e-06, -1.0, 0.37472, -0.0, 1.0, 1e-06, -0.0, 0.0, 0.0, 0.0, 1.0],
                [1.0, 0.0, -0.0, -0.0, -0.0, 1e-06, -1.0, 0.394187, -0.0, 1.0, 1e-06, 0.0, 0.0, 0.0, 0.0, 1.0],
                [1.0, 0.0, -0.0, 0.0, -0.0, 1e-06, -1.0, 0.416789, -0.0, 1.0, 1e-06, -0.0, 0.0, 0.0, 0.0, 1.0],
                [1.0, 0.0, -0.0, 0.0, -0.0, 1e-06, -1.0, 0.43842, -0.0, 1.0, 0.0, -0.0, 0.0, 0.0, 0.0, 1.0],
                [1.0, 0.0, -0.0, 0.0, -0.0, 1e-06, -1.0, 0.422547, -0.0, 1.0, 1e-06, -0.0, 0.0, 0.0, 0.0, 1.0],
                [1.0, 0.0, -0.0, -0.0, -0.0, 1e-06, -1.0, 0.406479, -0.0, 1.0, 1e-06, 0.0, 0.0, 0.0, 0.0, 1.0],
                [1.0, 0.0, -0.0, 0.0, -0.0, 1e-06, -1.0, 0.390404, -0.0, 1.0, 1e-06, -0.0, 0.0, 0.0, 0.0, 1.0],
                [1.0, 0.0, -0.0, -0.0, -0.0, 1e-06, -1.0, 0.37472, -0.0, 1.0, 1e-06, 0.0, 0.0, 0.0, 0.0, 1.0],
                [1.0, 0.0, -0.0, -0.0, -0.0, 1e-06, -1.0, 0.37472, -0.0, 1.0, 1e-06, -0.0, 0.0, 0.0, 0.0, 1.0],
                [1.0, 0.0, -0.0, -0.0, -0.0, 1e-06, -1.0, 0.37472, -0.0, 1.0, 1e-06, -0.0, 0.0, 0.0, 0.0, 1.0],
                [1.0, 0.0, -0.0, -0.0, -0.0, 1e-06, -1.0, 0.384018, -0.0, 1.0, 1e-06, -0.0, 0.0, 0.0, 0.0, 1.0],
                [1.0, 0.0, -0.0, 0.0, -0.0, 1e-06, -1.0, 0.396832, -0.0, 1.0, 1e-06, 0.0, 0.0, 0.0, 0.0, 1.0],
                [1.0, 0.0, -0.0, 0.0, -0.0, 1e-06, -1.0, 0.409714, -0.0, 1.0, 1e-06, -0.0, 0.0, 0.0, 0.0, 1.0],
                [1.0, 0.0, -0.0, -0.0, -0.0, 1e-06, -1.0, 0.422568, -0.0, 1.0, 1e-06, -0.0, 0.0, 0.0, 0.0, 1.0],
                [1.0, 0.0, -0.0, -0.0, -0.0, 1e-06, -1.0, 0.434641, -0.0, 1.0, 1e-06, -0.0, 0.0, 0.0, 0.0, 1.0],
                [1.0, 0.0, -0.0, 0.0, -0.0, 1e-06, -1.0, 0.44671, -0.0, 1.0, 1e-06, -0.0, 0.0, 0.0, 0.0, 1.0],
                [1.0, 0.0, -0.0, 0.0, -0.0, 1e-06, -1.0, 0.458695, -0.0, 1.0, 1e-06, -0.0, 0.0, 0.0, 0.0, 1.0],
                [1.0, 0.0, -0.0, 0.0, -0.0, 1e-06, -1.0, 0.470521, -0.0, 1.0, 1e-06, 0.0, 0.0, 0.0, 0.0, 1.0],
                [1.0, 0.0, -0.0, 0.0, -0.0, 1e-06, -1.0, 0.482118, -0.0, 1.0, 1e-06, -0.0, 0.0, 0.0, 0.0, 1.0],
                [1.0, 0.0, -0.0, 0.0, -0.0, 1e-06, -1.0, 0.475442, -0.0, 1.0, 1e-06, -0.0, 0.0, 0.0, 0.0, 1.0],
                [1.0, 0.0, -0.0, 0.0, -0.0, 1e-06, -1.0, 0.468741, -0.0, 1.0, 1e-06, -0.0, 0.0, 0.0, 0.0, 1.0],
                [1.0, 0.0, -0.0, -0.0, -0.0, 1e-06, -1.0, 0.462029, -0.0, 1.0, 1e-06, -0.0, 0.0, 0.0, 0.0, 1.0],
                [1.0, 0.0, -0.0, 0.0, -0.0, 1e-06, -1.0, 0.455318, -0.0, 1.0, 1e-06, -0.0, 0.0, 0.0, 0.0, 1.0],
                [1.0, 0.0, -0.0, 0.0, -0.0, 1e-06, -1.0, 0.448624, -0.0, 1.0, 1e-06, -0.0, 0.0, 0.0, 0.0, 1.0],
                [1.0, 0.0, -0.0, 0.0, -0.0, 1e-06, -1.0, 0.444132, -0.0, 1.0, 1e-06, -0.0, 0.0, 0.0, 0.0, 1.0],
                [1.0, 0.0, -0.0, 0.0, -0.0, 1e-06, -1.0, 0.439606, -0.0, 1.0, 1e-06, -0.0, 0.0, 0.0, 0.0, 1.0],
                [1.0, 0.0, -0.0, -0.0, -0.0, 1e-06, -1.0, 0.435052, -0.0, 1.0, 1e-06, -0.0, 0.0, 0.0, 0.0, 1.0],
                [1.0, 0.0, -0.0, -0.0, -0.0, 1e-06, -1.0, 0.430472, -0.0, 1.0, 1e-06, -0.0, 0.0, 0.0, 0.0, 1.0],
                [1.0, 0.0, -0.0, -0.0, -0.0, 1e-06, -1.0, 0.425871, -0.0, 1.0, 1e-06, -0.0, 0.0, 0.0, 0.0, 1.0],
                [1.0, 0.0, -0.0, 0.0, -0.0, 1e-06, -1.0, 0.421253, -0.0, 1.0, 1e-06, -0.0, 0.0, 0.0, 0.0, 1.0],
                [1.0, 0.0, -0.0, 0.0, -0.0, 1e-06, -1.0, 0.416622, -0.0, 1.0, 1e-06, -0.0, 0.0, 0.0, 0.0, 1.0],
                [1.0, 0.0, -0.0, 0.0, -0.0, 1e-06, -1.0, 0.411983, -0.0, 1.0, 1e-06, -0.0, 0.0, 0.0, 0.0, 1.0],
