{
    "animation": [
        {
            "name": "Root",
            "time": [0.0, 0.0167, 0.0333, 0.05, 0.0667, 0.0833, 0.1, 0.1167, 0.1333, 0.15, 0.1667, 0.1833, 0.2, 0.2167, 0.2333, 0.25, 0.2667, 0.2833, 0.3, 0.3167, 0.3333, 0.35, 0.3667, 0.3833, 0.4, 0.4167, 0.4333, 0.45, 0.4667, 0.4833, 0.5, 0.5167, 0.5333, 0.55, 0.5667, 0.5833, 0.6, 0.6167, 0.6333, 0.65, 0.6667, 0.6833, 0.7, 0.7167, 0.7333, 0.75, 0.7667, 0.7833, 0.8],
            "transform": [
                [1.0, 0.0, 0.0, -5e-06, 0.0, 0.0, -1.0, 0.000946, 0.0, 1.0, 0.0, 0.745228, 0.0, 0.0, 0.0, 1.0],
                [1.0, 0.0, 0.0, -5e-06, 0.0, 0.0, -1.0, 0.000946, 0.0, 1.0, 0.0, 0.727793, 0.0, 0.0, 0.0, 1.0],
                [1.0, 0.0, 0.0, -5e-06, 0.0, 0.0, -1.0, 0.000946, 0.0, 1.0, 0.0, 0.710357, 0.0, 0.0, 0.0, 1.0],
                [1.0, 0.0, 0.0, -5e-06, 0.0, 0.0, -1.0, 0.000946, 0.0, 1.0, 0.0, 0.692922, 0.0, 0.0, 0.0, 1.0],
                [1.0, 0.0, 0.0, -5e-06, 0.0, 0.0, -1.0, 0.000946, 0.0, 1.0, 0.0, 0.675487, 0.0, 0.0, 0.0, 1.0],
                [1.0, 0.0, 0.0, -5e-06, 0.0, 0.0, -1.0, 0.000946, 0.0, 1.0, 0.0, 0.658052, 0.0, 0.0, 0.0, 1.0],
                [1.0, 0.0, 0.0, -5e-06, 0.0, 0.0, -1.0, 0.000946, 0.0, 1.0, 0.0, 0.640617, 0.0, 0.0, 0.0, 1.0],
                [1.0, 0.0, 0.0, -5e-06, 0.0, 0.0, -1.0, 0.000946, 0.0, 1.0, 0.0, 0.623182, 0.0, 0.0, 0.0, 1.0],
                [1.0, 0.0, 0.0, -5e-06, 0.0, 0.0, -1.0, 0.000946, 0.0, 1.0, 0.0, 0.605747, 0.0, 0.0, 0.0, 1.0],
                [1.0, 0.0, 0.0, -5e-06, 0.0, 0.0, -1.0, 0.000946, 0.0, 1.0, 0.0, 0.614494, 0.0, 0.0, 0.0, 1.0],
                [1.0, 0.0, 0.0, -5e-06, 0.0, 0.0, -1.0, 0.000946, 0.0, 1.0, 0.0, 0.623242, 0.0, 0.0, 0.0, 1.0],
                [1.0, 0.0, 0.0, -5e-06, 0.0, 0.0, -1.0, 0.000946, 0.0, 1.0, 0.0, 0.631989, 0.0, 0.0, 0.0, 1.0],
                [1.0, 0.0, 0.0, -5e-06, 0.0, 0.0, -1.0, 0.000946, 0.0, 1.0, 0.0, 0.640737, 0.0, 0.0, 0.0, 1.0],
                [1.0, 0.0, 0.0, -5e-06, 0.0, 0.0, -1.0, 0.000946, 0.0, 1.0, 0.0, 0.649485, 0.0, 0.0, 0.0, 1.0],
                [1.0, 0.0, 0.0, -5e-06, 0.0, 0.0, -1.0, 0.000946, 0.0, 1.0, 0.0, 0.658232, 0.0, 0.0, 0.0, 1.0],
                [1.0, 0.0, 0.0, -5e-06, 0.0, 0.0, -1.0, 0.000946, 0.0, 1.0, 0.0, 0.66698, 0.0, 0.0, 0.0, 1.0],
                [1.0, 0.0, 0.0, -5e-06, 0.0, 0.0, -1.0, 0.000946, 0.0, 1.0, 0.0, 0.675728, 0.0, 0.0, 0.0, 1.0],
                [1.0, 0.0, 0.0, -5e-06, 0.0, 0.0, -1.0, 0.000946, 0.0, 1.0, 0.0, 0.684415, 0.0, 0.0, 0.0, 1.0],
                [1.0, 0.0, 0.0, -5e-06, 0.0, 0.0, -1.0, 0.000946, 0.0, 1.0, 0.0, 0.693103, 0.0, 0.0, 0.0, 1.0],
                [1.0, 0.0, 0.0, -5e-06, 0.0, 0.0, -1.0, 0.000946, 0.0, 1.0, 0.0, 0.70179, 0.0, 0.0, 0.0, 1.0],
                [1.0, 0.0, 0.0, -5e-06, 0.0, 0.0, -1.0, 0.000946, 0.0, 1.0, 0.0, 0.710478, 0.0, 0.0, 0.0, 1.0],
                [1.0, 0.0, 0.0, -5e-06, 0.0, 0.0, -1.0, 0.000946, 0.0, 1.0, 0.0, 0.719165, 0.0, 0.0, 0.0, 1.0],
                [1.0, 0.0, 0.0, -5e-06, 0.0, 0.0, -1.0, 0.000946, 0.0, 1.0, 0.0, 0.727853, 0.0, 0.0, 0.0, 1.0],
                [1.0, 0.0, 0.0, -5e-06, 0.0, 0.0, -1.0, 0.000946, 0.0, 1.0, 0.0, 0.73654, 0.0, 0.0, 0.0, 1.0],
                [1.0, 0.0, 0.0, -5e-06, 0.0, 0.0, -1.0, 0.000946, 0.0, 1.0, 0.0, 0.745228, 0.0, 0.0, 0.0, 1.0],
                [1.0, 0.0, 0.0, -5e-06, 0.0, 0.0, -1.0, 0.000946, 0.0, 1.0, 0.0, 0.727793, 0.0, 0.0, 0.0, 1.0],
                [1.0, 0.0, 0.0, -5e-06, 0.0, 0.0, -1.0, 0.000946, 0.0, 1.0, 0.0, 0.710357, 0.0, 0.0, 0.0, 1.0],
                [1.0, 0.0, 0.0, -5e-06, 0.0, 0.0, -1.0, 0.000946, 0.0, 1.0, 0.0, 0.692922, 0.0, 0.0, 0.0, 1.0],
                [1.0, 0.0, 0.0, -5e-06, 0.0, 0.0, -1.0, 0.000946, 0.0, 1.0, 0.0, 0.675487, 0.0, 0.0, 0.0, 1.0],
                [1.0, 0.0, 0.0, -5e-06, 0.0, 0.0, -1.0, 0.000946, 0.0, 1.0, 0.0, 0.658052, 0.0, 0.0, 0.0, 1.0],
                [1.0, 0.0, 0.0, -5e-06, 0.0, 0.0, -1.0, 0.000946, 0.0, 1.0, 0.0, 0.640617, 0.0, 0.0, 0.0, 1.0],
                [1.0, 0.0, 0.0, -5e-06, 0.0, 0.0, -1.0, 0.000946, 0.0, 1.0, 0.0, 0.623182, 0.0, 0.0, 0.0, 1.0],
                [1.0, 0.0, 0.0, -5e-06, 0.0, 0.0, -1.0, 0.000946, 0.0, 1.0, 0.0, 0.605747, 0.0, 0.0, 0.0, 1.0],
                [1.0, 0.0, 0.0, -5e-06, 0.0, 0.0, -1.0, 0.000946, 0.0, 1.0, 0.0, 0.614494, 0.0, 0.0, 0.0, 1.0],
                [1.0, 0.0, 0.0, -5e-06, 0.0, 0.0, -1.0, 0.000946, 0.0, 1.0, 0.0, 0.623242, 0.0, 0.0, 0.0, 1.0],
                [1.0, 0.0, 0.0, -5e-06, 0.0, 0.0, -1.0, 0.000946, 0.0, 1.0, 0.0, 0.631989, 0.0, 0.0, 0.0, 1.0],
                [1.0, 0.0, 0.0, -5e-06, 0.0, 0.0, -1.0, 0.000946, 0.0, 1.0, 0.0, 0.640737, 0.0, 0.0, 0.0, 1.0],
                [1.0, 0.0, 0.0, -5e-06, 0.0, 0.0, -1.0, 0.000946, 0.0, 1.0, 0.0, 0.649485, 0.0, 0.0, 0.0, 1.0],
                [1.0, 0.0, 0.0, -5e-06, 0.0, 0.0, -1.0, 0.000946, 0.0, 1.0, 0.0, 0.658232, 0.0, 0.0, 0.0, 1.0],
                [1.0, 0.0, 0.0, -5e-06, 0.0, 0.0, -1.0, 0.000946, 0.0, 1.0, 0.0, 0.66698, 0.0, 0.0, 0.0, 1.0],
                [1.0, 0.0, 0.0, -5e-06, 0.0, 0.0, -1.0, 0.000946, 0.0, 1.0, 0.0, 0.675728, 0.0, 0.0, 0.0, 1.0],
                [1.0, 0.0, 0.0, -5e-06, 0.0, 0.0, -1.0, 0.000946, 0.0, 1.0, 0.0, 0.684415, 0.0, 0.0, 0.0, 1.0],
                [1.0, 0.0, 0.0, -5e-06, 0.0, 0.0, -1.0, 0.000946, 0.0, 1.0, 0.0, 0.693103, 0.0, 0.0, 0.0, 1.0],
                [1.0, 0.0, 0.0, -5e-06, 0.0, 0.0, -1.0, 0.000946, 0.0, 1.0, 0.0, 0.70179, 0.0, 0.0, 0.0, 1.0],
                [1.0, 0.0, 0.0, -5e-06, 0.0, 0.0, -1.0, 0.000946, 0.0, 1.0, 0.0, 0.710478, 0.0, 0.0, 0.0, 1.0],
                [1.0, 0.0, 0.0, -5e-06, 0.0, 0.0, -1.0, 0.000946, 0.0, 1.0, 0.0, 0.719165, 0.0, 0.0, 0.0, 1.0],
                [1.0, 0.0, 0.0, -5e-06, 0.0, 0.0, -1.0, 0.000946, 0.0, 1.0, 0.0, 0.727853, 0.0, 0.0, 0.0, 1.0],
                [1.0, 0.0, 0.0, -5e-06, 0.0, 0.0, -1.0, 0.000946, 0.0, 1.0, 0.0, 0.73654, 0.0, 0.0, 0.0, 1.0],
                [1.0, 0.0, 0.0, -5e-06, 0.0, 0.0, -1.0, 0.000946, 0.0, 1.0, 0.0, 0.745228, 0.0, 0.0, 0.0, 1.0]
            ]
        },
        {
            "name": "Thigh_R",
            "time": [0.0, 0.0167, 0.0333, 0.05, 0.0667, 0.0833, 0.1, 0.1167, 0.1333, 0.15, 0.1667, 0.1833, 0.2, 0.2167, 0.2333, 0.25, 0.2667, 0.2833, 0.3, 0.3167, 0.3333, 0.35, 0.3667, 0.3833, 0.4, 0.4167, 0.4333, 0.45, 0.4667, 0.4833, 0.5, 0.5167, 0.5333, 0.55, 0.5667, 0.5833, 0.6, 0.6167, 0.6333, 0.65, 0.6667, 0.6833, 0.7, 0.7167, 0.7333, 0.75, 0.7667, 0.7833, 0.8],
            "transform": [
                [0.999866, 0.015793, -0.004212, 0.124994, 0.015793, -0.867069, 0.497937, -0.002831, 0.004212, -0.497936, -0.867203, -1.2e-05, 0.0, 0.0, 0.0, 1.0],
                [0.999866, 0.015745, -0.004467, 0.124994, 0.015745, -0.850884, 0.525117, -0.000331, 0.004467, -0.525117, -0.851018, -0.002512, 0.0, 0.0, 0.0, 1.0],
                [0.999866, 0.015689, -0.004721, 0.124994, 0.015689, -0.83382, 0.551813, 0.002169, 0.004721, -0.551812, -0.833955, -0.005012, 0.0, 0.0, 0.0, 1.0],
                [0.999866, 0.015625, -0.004973, 0.124994, 0.015626, -0.815901, 0.57798, 0.004669, 0.004973, -0.577979, -0.816036, -0.007512, 0.0, 0.0, 0.0, 1.0],
                [0.999865, 0.015553, -0.005224, 0.124994, 0.015554, -0.797152, 0.603578, 0.007169, 0.005224, -0.603578, -0.797287, -0.010012, 0.0, 0.0, 0.0, 1.0],
                [0.999865, 0.015473, -0.005471, 0.124994, 0.015474, -0.7776, 0.628569, 0.009669, 0.005472, -0.628569, -0.777735, -0.012512, 0.0, 0.0, 0.0, 1.0],
                [0.999865, 0.015386, -0.005717, 0.124994, 0.015386, -0.757275, 0.652915, 0.012169, 0.005717, -0.652914, -0.75741, -0.015012, 0.0, 0.0, 0.0, 1.0],
                [0.999865, 0.015291, -0.005959, 0.124994, 0.015291, -0.73621, 0.67658, 0.014669, 0.005959, -0.67658, -0.736345, -0.017512, 0.0, 0.0, 0.0, 1.0],
                [0.999866, 0.015188, -0.006197, 0.124994, 0.015188, -0.714439, 0.699532, 0.017169, 0.006197, -0.699532, -0.714574, -0.020012, 0.0, 0.0, 0.0, 1.0],
                [0.999865, 0.015135, -0.006415, 0.124994, 0.015512, -0.739476, 0.673004, 0.018367, 0.005442, -0.673012, -0.739611, -0.018137, 0.0, 0.0, 0.0, 1.0],
                [0.999864, 0.01509, -0.006635, 0.124994, 0.015808, -0.763576, 0.645524, 0.019564, 0.004674, -0.645541, -0.763712, -0.016262, 0.0, 0.0, 0.0, 1.0],
                [0.999863, 0.015053, -0.006857, 0.124994, 0.016076, -0.786687, 0.617143, 0.020762, 0.003895, -0.617168, -0.786821, -0.014387, 0.0, 0.0, 0.0, 1.0],
                [0.999862, 0.015024, -0.007081, 0.124994, 0.016316, -0.808758, 0.587915, 0.021959, 0.003106, -0.587949, -0.808892, -0.012512, 0.0, 0.0, 0.0, 1.0],
                [0.999861, 0.015003, -0.007305, 0.124994, 0.016527, -0.829744, 0.557899, 0.023157, 0.002309, -0.557942, -0.829877, -0.010637, 0.0, 0.0, 0.0, 1.0],
                [0.999859, 0.014991, -0.00753, 0.124994, 0.016708, -0.849604, 0.527156, 0.024354, 0.001505, -0.527207, -0.849735, -0.008762, 0.0, 0.0, 0.0, 1.0],
                [0.999858, 0.014987, -0.007755, 0.124994, 0.01686, -0.868302, 0.495748, 0.025552, 0.000696, -0.495808, -0.868432, -0.006887, 0.0, 0.0, 0.0, 1.0],
                [0.999856, 0.014991, -0.007979, 0.124994, 0.016982, -0.885806, 0.463744, 0.02675, -0.000116, -0.463812, -0.885934, -0.005012, 0.0, 0.0, 0.0, 1.0],
                [0.999863, 0.015072, -0.006883, 0.124994, 0.016568, -0.914153, 0.405029, 0.023052, -0.000187, -0.405087, -0.914278, -0.004387, 0.0, 0.0, 0.0, 1.0],
                [0.99987, 0.015081, -0.005776, 0.124994, 0.016148, -0.93876, 0.344194, 0.019354, -0.000232, -0.344242, -0.938881, -0.003762, 0.0, 0.0, 0.0, 1.0],
                [0.999876, 0.015017, -0.004667, 0.124994, 0.015724, -0.959403, 0.281601, 0.015657, -0.000249, -0.281639, -0.95952, -0.003137, 0.0, 0.0, 0.0, 1.0],
                [0.999883, 0.01488, -0.003562, 0.124994, 0.015299, -0.975908, 0.217643, 0.011959, -0.000237, -0.217672, -0.976022, -0.002512, 0.0, 0.0, 0.0, 1.0],
                [0.999889, 0.01467, -0.002468, 0.124994, 0.014876, -0.988155, 0.152735, 0.008262, -0.000198, -0.152755, -0.988264, -0.001887, 0.0, 0.0, 0.0, 1.0],
                [0.999896, 0.01439, -0.001393, 0.124994, 0.014457, -0.996077, 0.087304, 0.004564, -0.000131, -0.087314, -0.996181, -0.001262, 0.0, 0.0, 0.0, 1.0],
                [0.999901, 0.01404, -0.000343, 0.124994, 0.014045, -0.999664, 0.021778, 0.000867, -3.7e-05, -0.021781, -0.999763, -0.000637, 0.0, 0.0, 0.0, 1.0],
                [0.999907, 0.013626, 0.000675, 0.124994, 0.013643, -0.998964, -0.043417, -0.002831, 8.3e-05, 0.043423, -0.999057, -1.2e-05, 0.0, 0.0, 0.0, 1.0],
                [0.999874, 0.015681, 0.002372, 0.124994, 0.015831, -0.995898, -0.089089, -0.002831, 0.000966, 0.089116, -0.996021, 0.002488, 0.0, 0.0, 0.0, 1.0],
                [0.999835, 0.017663, 0.004168, 0.124994, 0.018064, -0.99072, -0.134714, -0.002831, 0.00175, 0.134768, -0.990876, 0.004988, 0.0, 0.0, 0.0, 1.0],
                [0.99979, 0.019564, 0.006057, 0.124994, 0.020336, -0.983429, -0.180148, -0.002831, 0.002432, 0.180233, -0.983621, 0.007488, 0.0, 0.0, 0.0, 1.0],
                [0.999739, 0.021378, 0.008033, 0.124994, 0.022639, -0.974039, -0.225242, -0.002831, 0.003009, 0.225366, -0.97427, 0.009988, 0.0, 0.0, 0.0, 1.0],
                [0.999682, 0.023099, 0.010091, 0.124994, 0.024966, -0.962577, -0.269854, -0.002831, 0.00348, 0.270021, -0.962848, 0.012488, 0.0, 0.0, 0.0, 1.0],
                [0.99962, 0.024721, 0.012224, 0.124994, 0.02731, -0.949082, -0.313841, -0.002831, 0.003843, 0.314056, -0.949397, 0.014988, 0.0, 0.0, 0.0, 1.0],
                [0.999552, 0.026241, 0.014424, 0.124994, 0.029662, -0.933607, -0.357067, -0.002831, 0.004096, 0.357335, -0.933967, 0.017488, 0.0, 0.0, 0.0, 1.0],
                [0.999478, 0.027653, 0.016684, 0.124994, 0.032017, -0.916217, -0.399401, -0.002831, 0.004241, 0.399727, -0.916624, 0.019988, 0.0, 0.0, 0.0, 1.0],
                [0.999565, 0.025936, 0.014064, 0.124994, 0.029204, -0.937555, -0.346607, 0.003367, 0.004196, 0.346867, -0.937905, 0.018113, 0.0, 0.0, 0.0, 1.0],
                [0.999644, 0.024063, 0.011534, 0.124994, 0.026385, -0.955928, -0.292412, 0.009564, 0.00399, 0.292612, -0.956223, 0.016238, 0.0, 0.0, 0.0, 1.0],
                [0.999716, 0.022041, 0.009108, 0.124994, 0.023573, -0.971207, -0.237066, 0.015762, 0.00362, 0.237214, -0.971451, 0.014363, 0.0, 0.0, 0.0, 1.0],
                [0.999779, 0.01988, 0.006798, 0.124994, 0.020782, -0.983293, -0.180838, 0.021959, 0.003089, 0.18094, -0.983489, 0.012488, 0.0, 0.0, 0.0, 1.0],
                [0.999835, 0.017588, 0.004616, 0.124994, 0.018025, -0.992118, -0.124006, 0.028157, 0.002398, 0.124069, -0.992271, 0.010613, 0.0, 0.0, 0.0, 1.0],
                [0.999882, 0.01518, 0.002572, 0.124994, 0.015318, -0.997645, -0.066852, 0.034354, 0.001551, 0.066884, -0.99776, 0.008738, 0.0, 0.0, 0.0, 1.0],
                [0.99992, 0.012666, 0.000677, 0.124994, 0.012672, -0.999873, -0.009661, 0.040552, 0.000554, 0.00967, -0.999953, 0.006863, 0.0, 0.0, 0.0, 1.0],
                [0.999949, 0.010061, -0.001064, 0.124994, 0.0101, -0.99883, 0.047283, 0.04675, -0.000587, -0.047291, -0.998881, 0.004988, 0.0, 0.0, 0.0, 1.0],
                [0.99994, 0.01084, -0.001406, 0.124994, 0.010928, -0.994308, 0.105977, 0.040552, -0.000249, -0.105986, -0.994368, 0.004363, 0.0, 0.0, 0.0, 1.0],
                [0.999931, 0.011601, -0.001794, 0.124994, 0.011739, -0.986288, 0.164611, 0.034354, 0.00014, -0.16462, -0.986357, 0.003738, 0.0, 0.0, 0.0, 1.0],
                [0.999921, 0.012341, -0.002229, 0.124994, 0.012528, -0.974767, 0.222872, 0.028157, 0.000577, -0.222882, -0.974845, 0.003113, 0.0, 0.0, 0.0, 1.0],
                [0.999911, 0.013055, -0.002708, 0.124994, 0.013291, -0.959777, 0.280447, 0.021959, 0.001062, -0.280458, -0.959866, 0.002488, 0.0, 0.0, 0.0, 1.0],
                [0.9999, 0.013739, -0.003229, 0.124994, 0.014024, -0.94139, 0.337029, 0.015762, 0.001591, -0.337041, -0.941489, 0.001863, 0.0, 0.0, 0.0, 1.0],
                [0.999889, 0.01439, -0.003788, 0.124994, 0.014723, -0.91971, 0.392321, 0.009564, 0.002162, -0.392333, -0.919821, 0.001238, 0.0, 0.0, 0.0, 1.0],
                [0.999878, 0.015005, -0.004383, 0.124994, 0.015385, -0.89488, 0.446042, 0.003367, 0.00277, -0.446054, -0.895002, 0.000613, 0.0, 0.0, 0.0, 1.0],
                [0.999866, 0.01558, -0.00501, 0.124994, 0.016006, -0.867069, 0.49793, -0.002831, 0.003414, -0.497943, -0.867203, -1.2e-05, 0.0, 0.0, 0.0, 1.0]
            ]
        },
        {
            "name": "Leg_R",
            "time": [0.0, 0.0167, 0.0333, 0.05, 0.0667, 0.0833, 0.1, 0.1167, 0.1333, 0.15, 0.1667, 0.1833, 0.2, 0.2167, 0.2333, 0.25, 0.2667, 0.2833, 0.3, 0.3167, 0.3333, 0.35, 0.3667, 0.3833, 0.4, 0.4167, 0.4333, 0.45, 0.4667, 0.4833, 0.5, 0.5167, 0.5333, 0.55, 0.5667, 0.5833, 0.6, 0.6167, 0.6333, 0.65, 0.6667, 0.6833, 0.7, 0.7167, 0.7333, 0.75, 0.7667, 0.7833, 0.8],
            "transform": [
                [1.0, -1e-06, 0.0, -0.0, -0.0, 0.375292, 0.926906, 0.37472, -1e-06, -0.926907, 0.375291, 0.0, 0.0, 0.0, 0.0, 1.0],
                [1.0, -1e-06, 1e-06, -0.0, -0.0, 0.451121, 0.892462, 0.37472, -1e-06, -0.892463, 0.451121, -0.0, 0.0, 0.0, 0.0, 1.0],
                [1.0, -0.0, 1e-06, 0.0, -0.0, 0.524585, 0.851358, 0.37472, -1e-06, -0.851358, 0.524585, -0.0, 0.0, 0.0, 0.0, 1.0],
                [1.0, -0.0, 1e-06, -0.0, -0.0, 0.594819, 0.803859, 0.37472, -1e-06, -0.80386, 0.594819, 0.0, 0.0, 0.0, 0.0, 1.0],
                [1.0, -0.0, 1e-06, 0.0, -0.0, 0.661009, 0.750378, 0.37472, -1e-06, -0.750379, 0.661008, -0.0, 0.0, 0.0, 0.0, 1.0],
                [1.0, -0.0, 1e-06, 0.0, -0.0, 0.722411, 0.691464, 0.37472, -1e-06, -0.691464, 0.722411, 0.0, 0.0, 0.0, 0.0, 1.0],
                [1.0, -0.0, 1e-06, -0.0, -0.0, 0.77839, 0.627782, 0.37472, -1e-06, -0.627782, 0.778389, -0.0, 0.0, 0.0, 0.0, 1.0],
                [1.0, -0.0, 1e-06, 0.0, -0.0, 0.828432, 0.56009, 0.37472, -1e-06, -0.56009, 0.828431, -0.0, 0.0, 0.0, 0.0, 1.0],
                [1.0, -0.0, 1e-06, 0.0, -0.0, 0.872166, 0.48921, 0.37472, -1e-06, -0.489211, 0.872166, -0.0, 0.0, 0.0, 0.0, 1.0],
                [1.0, -0.0, 1e-06, 0.0, -0.0, 0.868923, 0.494947, 0.37472, -1e-06, -0.494948, 0.868923, -0.0, 0.0, 0.0, 0.0, 1.0],
                [1.0, -0.0, 1e-06, -0.0, -0.0, 0.865643, 0.500663, 0.37472, -1e-06, -0.500663, 0.865642, -0.0, 0.0, 0.0, 0.0, 1.0],
                [1.0, -0.0, 1e-06, 0.0, -0.0, 0.862324, 0.506357, 0.37472, -1e-06, -0.506358, 0.862323, 0.0, 0.0, 0.0, 0.0, 1.0],
                [1.0, -0.0, 1e-06, 0.0, -0.0, 0.858968, 0.51203, 0.37472, -1e-06, -0.51203, 0.858967, 0.0, 0.0, 0.0, 0.0, 1.0],
                [1.0, -0.0, 1e-06, -0.0, -0.0, 0.855574, 0.51768, 0.37472, -1e-06, -0.51768, 0.855574, 0.0, 0.0, 0.0, 0.0, 1.0],
                [1.0, -0.0, 1e-06, 0.0, -0.0, 0.852144, 0.523308, 0.37472, -1e-06, -0.523308, 0.852144, -0.0, 0.0, 0.0, 0.0, 1.0],
                [1.0, -0.0, 1e-06, 0.0, -0.0, 0.848677, 0.528912, 0.37472, -1e-06, -0.528912, 0.848676, -0.0, 0.0, 0.0, 0.0, 1.0],
                [1.0, -0.0, 1e-06, 0.0, -0.0, 0.845173, 0.534494, 0.37472, -1e-06, -0.534494, 0.845172, -0.0, 0.0, 0.0, 0.0, 1.0],
                [1.0, -0.0, 1e-06, 0.0, -0.0, 0.87532, 0.483543, 0.37472, -1e-06, -0.483544, 0.87532, -0.0, 0.0, 0.0, 0.0, 1.0],
                [1.0, -0.0, 1e-06, 0.0, -0.0, 0.902537, 0.430614, 0.37472, -1e-06, -0.430614, 0.902536, 0.0, 0.0, 0.0, 0.0, 1.0],
                [1.0, -0.0, 1e-06, 0.0, -0.0, 0.926636, 0.375961, 0.37472, -1e-06, -0.375961, 0.926635, 0.0, 0.0, 0.0, 0.0, 1.0],
                [1.0, -0.0, 1e-06, 0.0, -0.0, 0.947463, 0.319866, 0.37472, -1e-06, -0.319866, 0.947462, -0.0, 0.0, 0.0, 0.0, 1.0],
                [1.0, 0.0, 1e-06, -0.0, -0.0, 0.964898, 0.262626, 0.37472, -1e-06, -0.262626, 0.964898, -0.0, 0.0, 0.0, 0.0, 1.0],
                [1.0, 0.0, 1e-06, -0.0, -0.0, 0.978857, 0.204549, 0.37472, -1e-06, -0.20455, 0.978856, -0.0, 0.0, 0.0, 0.0, 1.0],
                [1.0, 0.0, 1e-06, 0.0, -0.0, 0.989291, 0.145954, 0.37472, -1e-06, -0.145954, 0.989291, -0.0, 0.0, 0.0, 0.0, 1.0],
                [1.0, 0.0, 1e-06, -0.0, -0.0, 0.996195, 0.087157, 0.37472, -1e-06, -0.087157, 0.996194, -0.0, 0.0, 0.0, 0.0, 1.0],
                [1.0, 0.0, 1e-06, -0.0, -0.0, 0.9872, 0.159489, 0.37472, -1e-06, -0.159489, 0.987199, 0.0, 0.0, 0.0, 0.0, 1.0],
                [1.0, 0.0, 1e-06, 0.0, -0.0, 0.972822, 0.231553, 0.37472, -1e-06, -0.231554, 0.972822, -0.0, 0.0, 0.0, 0.0, 1.0],
                [1.0, 0.0, 1e-06, 0.0, -0.0, 0.95307, 0.302751, 0.37472, -1e-06, -0.302751, 0.953069, -0.0, 0.0, 0.0, 0.0, 1.0],
                [1.0, -0.0, 1e-06, -0.0, -0.0, 0.928039, 0.372484, 0.37472, -1e-06, -0.372484, 0.928038, -0.0, 0.0, 0.0, 0.0, 1.0],
                [1.0, -0.0, 1e-06, 0.0, -0.0, 0.897913, 0.440172, 0.37472, -1e-06, -0.440173, 0.897913, -0.0, 0.0, 0.0, 0.0, 1.0],
                [1.0, -0.0, 1e-06, -0.0, -0.0, 0.862962, 0.505269, 0.37472, -1e-06, -0.50527, 0.862961, -0.0, 0.0, 0.0, 0.0, 1.0],
                [1.0, -0.0, 1e-06, 0.0, -0.0, 0.823527, 0.567277, 0.37472, -1e-06, -0.567277, 0.823527, -0.0, 0.0, 0.0, 0.0, 1.0],
                [1.0, -0.0, 1e-06, 0.0, -0.0, 0.780019, 0.625756, 0.37472, -1e-06, -0.625756, 0.780018, 0.0, 0.0, 0.0, 0.0, 1.0],
                [1.0, -0.0, 1e-06, 0.0, -0.0, 0.760528, 0.649305, 0.37472, -1e-06, -0.649305, 0.760528, -0.0, 0.0, 0.0, 0.0, 1.0],
                [1.0, -0.0, 1e-06, 0.0, -0.0, 0.740297, 0.672279, 0.37472, -1e-06, -0.67228, 0.740297, 0.0, 0.0, 0.0, 0.0, 1.0],
                [1.0, -0.0, 1e-06, -0.0, -0.0, 0.719353, 0.694644, 0.37472, -1e-06, -0.694645, 0.719353, -0.0, 0.0, 0.0, 0.0, 1.0],
                [1.0, -0.0, 1e-06, 0.0, -0.0, 0.697723, 0.716367, 0.37472, -1e-06, -0.716368, 0.697723, -0.0, 0.0, 0.0, 0.0, 1.0],
                [1.0, -0.0, 1e-06, -0.0, -0.0, 0.675438, 0.737417, 0.37472, -1e-06, -0.737417, 0.675438, 0.0, 0.0, 0.0, 0.0, 1.0],
                [1.0, -0.0, 1e-06, 0.0, -0.0, 0.652529, 0.757764, 0.37472, -1e-06, -0.757764, 0.652528, -0.0, 0.0, 0.0, 0.0, 1.0],
                [1.0, -0.0, 1e-06, -0.0, -0.0, 0.629029, 0.777382, 0.37472, -1e-06, -0.777382, 0.629029, 0.0, 0.0, 0.0, 0.0, 1.0],
                [1.0, -0.0, 1e-06, -0.0, -0.0, 0.604974, 0.796245, 0.37472, -1e-06, -0.796245, 0.604974, -0.0, 0.0, 0.0, 0.0, 1.0],
                [1.0, -0.0, 1e-06, -0.0, -0.0, 0.578321, 0.815809, 0.37472, -1e-06, -0.815809, 0.578321, -0.0, 0.0, 0.0, 0.0, 1.0],
                [1.0, -0.0, 1e-06, -0.0, -0.0, 0.550991, 0.834511, 0.37472, -1e-06, -0.834512, 0.55099, -0.0, 0.0, 0.0, 0.0, 1.0],
                [1.0, -0.0, 1e-06, -0.0, -0.0, 0.523025, 0.852318, 0.37472, -1e-06, -0.852318, 0.523024, 0.0, 0.0, 0.0, 0.0, 1.0],
                [1.0, -1e-06, 1e-06, -0.0, -0.0, 0.494468, 0.869196, 0.37472, -1e-06, -0.869196, 0.494468, -0.0, 0.0, 0.0, 0.0, 1.0],
                [1.0, -1e-06, 1e-06, 0.0, -0.0, 0.465367, 0.885118, 0.37472, -1e-06, -0.885118, 0.465367, -0.0, 0.0, 0.0, 0.0, 1.0],
                [1.0, -1e-06, 1e-06, -0.0, -0.0, 0.43577, 0.900057, 0.37472, -1e-06, -0.900058, 0.43577, 0.0, 0.0, 0.0, 0.0, 1.0],
                [1.0, -1e-06, 1e-06, -0.0, -0.0, 0.405728, 0.913993, 0.37472, -1e-06, -0.913994, 0.405728, 0.0, 0.0, 0.0, 0.0, 1.0],
                [1.0, -1e-06, 0.0, 0.0, -0.0, 0.375292, 0.926906, 0.37472, -1e-06, -0.926907, 0.375291, -0.0, 0.0, 0.0, 0.0, 1.0]
            ]
        },
        {
            "name": "Knee_R",
            "time": [0.0, 0.8],
            "transform": [
                [1.0, 0.0, -0.0, 0.0, -0.0, 1e-06, -1.0, 0.444309, -0.0, 1.0, 1e-06, 0.0, 0.0, 0.0, 0.0, 1.0],
                [1.0, 0.0, -0.0, 0.0, -0.0, 1e-06, -1.0, 0.444309, -0.0, 1.0, 1e-06, -0.0, 0.0, 0.0, 0.0, 1.0]
            ]
        },
        {
            "name": "Thigh_L",
            "time": [0.0, 0.0167, 0.0333, 0.05, 0.0667, 0.0833, 0.1, 0.1167, 0.1333, 0.15, 0.1667, 0.1833, 0.2, 0.2167, 0.2333, 0.25, 0.2667, 0.2833, 0.3, 0.3167, 0.3333, 0.35, 0.3667, 0.3833, 0.4, 0.4167, 0.4333, 0.45, 0.4667, 0.4833, 0.5, 0.5167, 0.5333, 0.55, 0.5667, 0.5833, 0.6, 0.6167, 0.6333, 0.65, 0.6667, 0.6833, 0.7, 0.7167, 0.7333, 0.75, 0.7667, 0.7833, 0.8],
            "transform": [
                [0.999907, -0.013626, -0.000675, -0.125006, -0.013642, -0.998962, -0.043417, -0.002831, -8.3e-05, 0.043423, -0.999057, -1.2e-05, 0.0, 0.0, 0.0, 1.0],
                [0.999874, -0.015682, -0.002373, -0.125006, -0.01583, -0.995896, -0.089089, -0.002831, -0.000966, 0.089116, -0.996021, 0.002488, 0.0, 0.0, 0.0, 1.0],
                [0.999835, -0.017664, -0.004168, -0.125006, -0.018064, -0.990718, -0.134714, -0.002831, -0.00175, 0.134768, -0.990876, 0.004988, 0.0, 0.0, 0.0, 1.0],
                [0.99979, -0.019565, -0.006057, -0.125006, -0.020336, -0.983427, -0.180148, -0.002831, -0.002432, 0.180233, -0.983621, 0.007488, 0.0, 0.0, 0.0, 1.0],
                [0.999739, -0.021379, -0.008034, -0.125006, -0.022639, -0.974038, -0.225242, -0.002831, -0.00301, 0.225366, -0.97427, 0.009988, 0.0, 0.0, 0.0, 1.0],
                [0.999682, -0.023099, -0.010091, -0.125006, -0.024966, -0.962575, -0.269854, -0.002831, -0.00348, 0.27002, -0.962849, 0.012488, 0.0, 0.0, 0.0, 1.0],
                [0.999619, -0.024722, -0.012224, -0.125006, -0.02731, -0.949081, -0.313841, -0.002831, -0.003843, 0.314056, -0.949397, 0.014988, 0.0, 0.0, 0.0, 1.0],
                [0.999551, -0.026241, -0.014424, -0.125006, -0.029662, -0.933606, -0.357067, -0.002831, -0.004096, 0.357335, -0.933967, 0.017488, 0.0, 0.0, 0.0, 1.0],
                [0.999478, -0.027653, -0.016684, -0.125006, -0.032016, -0.916215, -0.399401, -0.002831, -0.004242, 0.399726, -0.916625, 0.019988, 0.0, 0.0, 0.0, 1.0],
                [0.999564, -0.025936, -0.014065, -0.125006, -0.029204, -0.937554, -0.346607, 0.003367, -0.004197, 0.346867, -0.937905, 0.018113, 0.0, 0.0, 0.0, 1.0],
                [0.999644, -0.024063, -0.011535, -0.125006, -0.026385, -0.955926, -0.292412, 0.009564, -0.00399, 0.292612, -0.956223, 0.016238, 0.0, 0.0, 0.0, 1.0],
                [0.999715, -0.022042, -0.009108, -0.125006, -0.023573, -0.971205, -0.237066, 0.015762, -0.003621, 0.237213, -0.971451, 0.014363, 0.0, 0.0, 0.0, 1.0],
                [0.999779, -0.01988, -0.006798, -0.125006, -0.020781, -0.983291, -0.180838, 0.021959, -0.003089, 0.18094, -0.98349, 0.012488, 0.0, 0.0, 0.0, 1.0],
                [0.999834, -0.017589, -0.004616, -0.125006, -0.018025, -0.992116, -0.124006, 0.028157, -0.002398, 0.124068, -0.992271, 0.010613, 0.0, 0.0, 0.0, 1.0],
                [0.999881, -0.01518, -0.002572, -0.125006, -0.015318, -0.997643, -0.066852, 0.034354, -0.001552, 0.066883, -0.99776, 0.008738, 0.0, 0.0, 0.0, 1.0],
                [0.999919, -0.012666, -0.000677, -0.125006, -0.012672, -0.999871, -0.009662, 0.040552, -0.000554, 0.00967, -0.999953, 0.006863, 0.0, 0.0, 0.0, 1.0],
                [0.999948, -0.010061, 0.001064, -0.125006, -0.0101, -0.998828, 0.047283, 0.04675, 0.000587, -0.047291, -0.998881, 0.004988, 0.0, 0.0, 0.0, 1.0],
                [0.99994, -0.010843, 0.001354, -0.125006, -0.010925, -0.994306, 0.105978, 0.040552, 0.000197, -0.105986, -0.994368, 0.004363, 0.0, 0.0, 0.0, 1.0],
                [0.999931, -0.01161, 0.001691, -0.125006, -0.01173, -0.986287, 0.164612, 0.034354, -0.000243, -0.16462, -0.986357, 0.003738, 0.0, 0.0, 0.0, 1.0],
                [0.999921, -0.012359, 0.002074, -0.125006, -0.01251, -0.974765, 0.222873, 0.028157, -0.000732, -0.222881, -0.974846, 0.003113, 0.0, 0.0, 0.0, 1.0],
                [0.999911, -0.013085, 0.002503, -0.125006, -0.013261, -0.959775, 0.280449, 0.021959, -0.001268, -0.280456, -0.959866, 0.002488, 0.0, 0.0, 0.0, 1.0],
                [0.9999, -0.013784, 0.002973, -0.125006, -0.013979, -0.941388, 0.337031, 0.015762, -0.001847, -0.337038, -0.941489, 0.001863, 0.0, 0.0, 0.0, 1.0],
                [0.999889, -0.014453, 0.003483, -0.125006, -0.01466, -0.919708, 0.392324, 0.009564, -0.002467, -0.39233, -0.919821, 0.001238, 0.0, 0.0, 0.0, 1.0],
                [0.999878, -0.015088, 0.00403, -0.125006, -0.015301, -0.894878, 0.446045, 0.003367, -0.003123, -0.446051, -0.895002, 0.000613, 0.0, 0.0, 0.0, 1.0],
                [0.999866, -0.015687, 0.004611, -0.125006, -0.015899, -0.867068, 0.497934, -0.002831, -0.003813, -0.497939, -0.867204, -1.2e-05, 0.0, 0.0, 0.0, 1.0],
                [0.999866, -0.015647, 0.004815, -0.125006, -0.015844, -0.850882, 0.525115, -0.000331, -0.004119, -0.525119, -0.851018, -0.002512, 0.0, 0.0, 0.0, 1.0],
                [0.999865, -0.0156, 0.005018, -0.125006, -0.015779, -0.833819, 0.55181, 0.002169, -0.004424, -0.551814, -0.833955, -0.005012, 0.0, 0.0, 0.0, 1.0],
                [0.999865, -0.015547, 0.00522, -0.125006, -0.015704, -0.8159, 0.577978, 0.004669, -0.004727, -0.57798, -0.816036, -0.007512, 0.0, 0.0, 0.0, 1.0],
                [0.999865, -0.015488, 0.00542, -0.125006, -0.015619, -0.79715, 0.603577, 0.007169, -0.005028, -0.603578, -0.797287, -0.010012, 0.0, 0.0, 0.0, 1.0],
                [0.999865, -0.015422, 0.005618, -0.125006, -0.015525, -0.777598, 0.628568, 0.009669, -0.005325, -0.628569, -0.777735, -0.012512, 0.0, 0.0, 0.0, 1.0],
                [0.999865, -0.01535, 0.005814, -0.125006, -0.015422, -0.757274, 0.652914, 0.012169, -0.00562, -0.652914, -0.75741, -0.015012, 0.0, 0.0, 0.0, 1.0],
                [0.999865, -0.015272, 0.006007, -0.125006, -0.015309, -0.736209, 0.67658, 0.014669, -0.005911, -0.676579, -0.736345, -0.017512, 0.0, 0.0, 0.0, 1.0],
                [0.999865, -0.015188, 0.006197, -0.125006, -0.015188, -0.714438, 0.699533, 0.017169, -0.006197, -0.699531, -0.714575, -0.020012, 0.0, 0.0, 0.0, 1.0],
                [0.999865, -0.015135, 0.006415, -0.125006, -0.015512, -0.739475, 0.673004, 0.018367, -0.005442, -0.673011, -0.739612, -0.018137, 0.0, 0.0, 0.0, 1.0],
                [0.999864, -0.01509, 0.006635, -0.125006, -0.015808, -0.763575, 0.645524, 0.019564, -0.004675, -0.645539, -0.763712, -0.016262, 0.0, 0.0, 0.0, 1.0],
                [0.999863, -0.015053, 0.006858, -0.125006, -0.016076, -0.786685, 0.617143, 0.020762, -0.003895, -0.617167, -0.786822, -0.014387, 0.0, 0.0, 0.0, 1.0],
                [0.999862, -0.015025, 0.007081, -0.125006, -0.016316, -0.808756, 0.587916, 0.021959, -0.003106, -0.587948, -0.808892, -0.012512, 0.0, 0.0, 0.0, 1.0],
                [0.99986, -0.015004, 0.007305, -0.125006, -0.016527, -0.829742, 0.557899, 0.023157, -0.002309, -0.557941, -0.829877, -0.010637, 0.0, 0.0, 0.0, 1.0],
                [0.999859, -0.014991, 0.00753, -0.125006, -0.016708, -0.849603, 0.527156, 0.024354, -0.001505, -0.527206, -0.849736, -0.008762, 0.0, 0.0, 0.0, 1.0],
                [0.999857, -0.014987, 0.007755, -0.125006, -0.01686, -0.868301, 0.495749, 0.025552, -0.000696, -0.495807, -0.868432, -0.006887, 0.0, 0.0, 0.0, 1.0],
                [0.999855, -0.014991, 0.007979, -0.125006, -0.016982, -0.885805, 0.463744, 0.02675, 0.000116, -0.463811, -0.885934, -0.005012, 0.0, 0.0, 0.0, 1.0],
                [0.999862, -0.015072, 0.006883, -0.125006, -0.016568, -0.914152, 0.405029, 0.023052, 0.000187, -0.405086, -0.914278, -0.004387, 0.0, 0.0, 0.0, 1.0],
                [0.999869, -0.015082, 0.005776, -0.125006, -0.016148, -0.938758, 0.344194, 0.019354, 0.000232, -0.344241, -0.938881, -0.003762, 0.0, 0.0, 0.0, 1.0],
                [0.999876, -0.015018, 0.004667, -0.125006, -0.015724, -0.959401, 0.281601, 0.015657, 0.000248, -0.281638, -0.959521, -0.003137, 0.0, 0.0, 0.0, 1.0],
                [0.999883, -0.014881, 0.003562, -0.125006, -0.015299, -0.975906, 0.217643, 0.011959, 0.000237, -0.217671, -0.976022, -0.002512, 0.0, 0.0, 0.0, 1.0],
                [0.999889, -0.014671, 0.002468, -0.125006, -0.014875, -0.988153, 0.152735, 0.008262, 0.000198, -0.152754, -0.988264, -0.001887, 0.0, 0.0, 0.0, 1.0],
                [0.999895, -0.01439, 0.001393, -0.125006, -0.014456, -0.996075, 0.087304, 0.004564, 0.000131, -0.087314, -0.996181, -0.001262, 0.0, 0.0, 0.0, 1.0],
                [0.999901, -0.014041, 0.000343, -0.125006, -0.014045, -0.999662, 0.021778, 0.000867, 3.7e-05, -0.021781, -0.999763, -0.000637, 0.0, 0.0, 0.0, 1.0],
                [0.999907, -0.013626, -0.000675, -0.125006, -0.013642, -0.998962, -0.043417, -0.002831, -8.3e-05, 0.043423, -0.999057, -1.2e-05, 0.0, 0.0, 0.0, 1.0]
            ]
        },
        {
            "name": "Leg_L",
            "time": [0.0, 0.0167, 0.0333, 0.05, 0.0667, 0.0833, 0.1, 0.1167, 0.1333, 0.15, 0.1667, 0.1833, 0.2, 0.2167, 0.2333, 0.25, 0.2667, 0.2833, 0.3, 0.3167, 0.3333, 0.35, 0.3667, 0.3833, 0.4, 0.4167, 0.4333, 0.45, 0.4667, 0.4833, 0.5, 0.5167, 0.5333, 0.55, 0.5667, 0.5833, 0.6, 0.6167, 0.6333, 0.65, 0.6667, 0.6833, 0.7, 0.7167, 0.7333, 0.75, 0.7667, 0.7833, 0.8],
            "transform": [
                [1.0, 0.0, 1e-06, 0.0, -0.0, 0.996195, 0.087157, 0.37472, -1e-06, -0.087157, 0.996194, -0.0, 0.0, 0.0, 0.0, 1.0],
                [1.0, 0.0, 1e-06, 0.0, -0.0, 0.9872, 0.159489, 0.37472, -1e-06, -0.159489, 0.987199, -0.0, 0.0, 0.0, 0.0, 1.0],
                [1.0, 0.0, 1e-06, 0.0, -0.0, 0.972823, 0.231553, 0.37472, -1e-06, -0.231554, 0.972822, -0.0, 0.0, 0.0, 0.0, 1.0],
                [1.0, 0.0, 1e-06, 0.0, -0.0, 0.95307, 0.302751, 0.37472, -1e-06, -0.302751, 0.953069, 0.0, 0.0, 0.0, 0.0, 1.0],
                [1.0, -0.0, 1e-06, -0.0, -0.0, 0.928039, 0.372484, 0.37472, -1e-06, -0.372484, 0.928038, -0.0, 0.0, 0.0, 0.0, 1.0],
                [1.0, -0.0, 1e-06, -0.0, -0.0, 0.897914, 0.440172, 0.37472, -1e-06, -0.440173, 0.897913, -0.0, 0.0, 0.0, 0.0, 1.0],
                [1.0, -0.0, 1e-06, 0.0, -0.0, 0.862962, 0.505269, 0.37472, -1e-06, -0.50527, 0.862961, 0.0, 0.0, 0.0, 0.0, 1.0],
                [1.0, -0.0, 1e-06, -0.0, -0.0, 0.823528, 0.567277, 0.37472, -1e-06, -0.567278, 0.823527, 0.0, 0.0, 0.0, 0.0, 1.0],
                [1.0, -0.0, 1e-06, 0.0, -0.0, 0.780019, 0.625756, 0.37472, -1e-06, -0.625757, 0.780018, -0.0, 0.0, 0.0, 0.0, 1.0],
                [1.0, -0.0, 1e-06, -0.0, -0.0, 0.760529, 0.649305, 0.37472, -1e-06, -0.649306, 0.760527, -0.0, 0.0, 0.0, 0.0, 1.0],
                [1.0, -0.0, 1e-06, 0.0, -0.0, 0.740298, 0.672279, 0.37472, -1e-06, -0.67228, 0.740297, 0.0, 0.0, 0.0, 0.0, 1.0],
                [1.0, -0.0, 1e-06, 0.0, -0.0, 0.719354, 0.694644, 0.37472, -1e-06, -0.694645, 0.719353, -0.0, 0.0, 0.0, 0.0, 1.0],
                [1.0, -0.0, 1e-06, -0.0, -0.0, 0.697724, 0.716367, 0.37472, -1e-06, -0.716368, 0.697723, 0.0, 0.0, 0.0, 0.0, 1.0],
                [1.0, -0.0, 1e-06, 0.0, -0.0, 0.675438, 0.737416, 0.37472, -1e-06, -0.737417, 0.675437, -0.0, 0.0, 0.0, 0.0, 1.0],
                [1.0, -0.0, 1e-06, 0.0, -0.0, 0.652529, 0.757764, 0.37472, -1e-06, -0.757765, 0.652528, -0.0, 0.0, 0.0, 0.0, 1.0],
                [1.0, -0.0, 1e-06, 0.0, -0.0, 0.629029, 0.777381, 0.37472, -1e-06, -0.777383, 0.629028, -0.0, 0.0, 0.0, 0.0, 1.0],
                [1.0, -0.0, 1e-06, 0.0, -0.0, 0.604975, 0.796245, 0.37472, -1e-06, -0.796246, 0.604974, -0.0, 0.0, 0.0, 0.0, 1.0],
                [1.0, -0.0, 1e-06, -0.0, -0.0, 0.578322, 0.815809, 0.37472, -1e-06, -0.81581, 0.578321, 0.0, 0.0, 0.0, 0.0, 1.0],
                [1.0, -0.0, 1e-06, -0.0, -0.0, 0.550991, 0.834511, 0.37472, -1e-06, -0.834512, 0.55099, 0.0, 0.0, 0.0, 0.0, 1.0],
                [1.0, -0.0, 1e-06, 0.0, -0.0, 0.523025, 0.852317, 0.37472, -1e-06, -0.852318, 0.523024, -0.0, 0.0, 0.0, 0.0, 1.0],
                [1.0, -0.0, 1e-06, -0.0, -0.0, 0.494468, 0.869195, 0.37472, -1e-06, -0.869196, 0.494468, 0.0, 0.0, 0.0, 0.0, 1.0],
                [1.0, -1e-06, 1e-06, -0.0, -0.0, 0.465367, 0.885117, 0.37472, -1e-06, -0.885118, 0.465367, 0.0, 0.0, 0.0, 0.0, 1.0],
                [1.0, -1e-06, 1e-06, 0.0, -0.0, 0.435771, 0.900057, 0.37472, -1e-06, -0.900058, 0.43577, 0.0, 0.0, 0.0, 0.0, 1.0],
                [1.0, -1e-06, 1e-06, -0.0, -0.0, 0.405729, 0.913993, 0.37472, -1e-06, -0.913994, 0.405728, 0.0, 0.0, 0.0, 0.0, 1.0],
                [1.0, -1e-06, 0.0, 0.0, -0.0, 0.375292, 0.926906, 0.37472, -1e-06, -0.926907, 0.375291, -0.0, 0.0, 0.0, 0.0, 1.0],
                [1.0, -1e-06, 1e-06, -0.0, -0.0, 0.451122, 0.892462, 0.37472, -1e-06, -0.892463, 0.451121, -0.0, 0.0, 0.0, 0.0, 1.0],
                [1.0, -0.0, 1e-06, 0.0, -0.0, 0.524585, 0.851358, 0.37472, -1e-06, -0.851359, 0.524584, -0.0, 0.0, 0.0, 0.0, 1.0],
                [1.0, -0.0, 1e-06, 0.0, -0.0, 0.59482, 0.803859, 0.37472, -1e-06, -0.80386, 0.594819, 0.0, 0.0, 0.0, 0.0, 1.0],
                [1.0, -0.0, 1e-06, 0.0, -0.0, 0.661009, 0.750378, 0.37472, -1e-06, -0.750379, 0.661008, 0.0, 0.0, 0.0, 0.0, 1.0],
                [1.0, -0.0, 1e-06, -0.0, -0.0, 0.722411, 0.691464, 0.37472, -1e-06, -0.691465, 0.722411, 0.0, 0.0, 0.0, 0.0, 1.0],
                [1.0, -0.0, 1e-06, -0.0, -0.0, 0.77839, 0.627781, 0.37472, -1e-06, -0.627782, 0.778389, -0.0, 0.0, 0.0, 0.0, 1.0],
                [1.0, -0.0, 1e-06, -0.0, -0.0, 0.828433, 0.56009, 0.37472, -1e-06, -0.56009, 0.828431, -0.0, 0.0, 0.0, 0.0, 1.0],
                [1.0, -0.0, 1e-06, 0.0, -0.0, 0.872167, 0.48921, 0.37472, -1e-06, -0.489211, 0.872165, 0.0, 0.0, 0.0, 0.0, 1.0],
                [1.0, -0.0, 1e-06, -0.0, -0.0, 0.868923, 0.494947, 0.37472, -1e-06, -0.494948, 0.868922, -0.0, 0.0, 0.0, 0.0, 1.0],
                [1.0, -0.0, 1e-06, 0.0, -0.0, 0.865643, 0.500663, 0.37472, -1e-06, -0.500664, 0.865642, -0.0, 0.0, 0.0, 0.0, 1.0],
                [1.0, -0.0, 1e-06, 0.0, -0.0, 0.862324, 0.506357, 0.37472, -1e-06, -0.506358, 0.862323, -0.0, 0.0, 0.0, 0.0, 1.0],
                [1.0, -0.0, 1e-06, -0.0, -0.0, 0.858968, 0.51203, 0.37472, -1e-06, -0.51203, 0.858967, -0.0, 0.0, 0.0, 0.0, 1.0],
                [1.0, -0.0, 1e-06, -0.0, -0.0, 0.855575, 0.51768, 0.37472, -1e-06, -0.517681, 0.855574, 0.0, 0.0, 0.0, 0.0, 1.0],
                [1.0, -0.0, 1e-06, 0.0, -0.0, 0.852144, 0.523307, 0.37472, -1e-06, -0.523308, 0.852143, 0.0, 0.0, 0.0, 0.0, 1.0],
                [1.0, -0.0, 1e-06, 0.0, -0.0, 0.848677, 0.528912, 0.37472, -1e-06, -0.528913, 0.848676, -0.0, 0.0, 0.0, 0.0, 1.0],
                [1.0, -0.0, 1e-06, 0.0, -0.0, 0.845173, 0.534493, 0.37472, -1e-06, -0.534494, 0.845172, -0.0, 0.0, 0.0, 0.0, 1.0],
                [1.0, -0.0, 1e-06, -0.0, -0.0, 0.875321, 0.483543, 0.37472, -1e-06, -0.483544, 0.875319, -0.0, 0.0, 0.0, 0.0, 1.0],
                [1.0, -0.0, 1e-06, -0.0, -0.0, 0.902537, 0.430614, 0.37472, -1e-06, -0.430614, 0.902536, 0.0, 0.0, 0.0, 0.0, 1.0],
                [1.0, -0.0, 1e-06, -0.0, -0.0, 0.926636, 0.375961, 0.37472, -1e-06, -0.375962, 0.926635, 0.0, 0.0, 0.0, 0.0, 1.0],
                [1.0, -0.0, 1e-06, 0.0, -0.0, 0.947463, 0.319866, 0.37472, -1e-06, -0.319866, 0.947462, -0.0, 0.0, 0.0, 0.0, 1.0],
                [1.0, 0.0, 1e-06, -0.0, -0.0, 0.964898, 0.262625, 0.37472, -1e-06, -0.262626, 0.964897, -0.0, 0.0, 0.0, 0.0, 1.0],
                [1.0, 0.0, 1e-06, 0.0, -0.0, 0.978857, 0.204549, 0.37472, -1e-06, -0.20455, 0.978855, -0.0, 0.0, 0.0, 0.0, 1.0],
                [1.0, 0.0, 1e-06, 0.0, -0.0, 0.989292, 0.145954, 0.37472, -1e-06, -0.145954, 0.989291, 0.0, 0.0, 0.0, 0.0, 1.0],
                [1.0, 0.0, 1e-06, 0.0, -0.0, 0.996195, 0.087157, 0.37472, -1e-06, -0.087157, 0.996194, 0.0, 0.0, 0.0, 0.0, 1.0]
            ]
        },
        {
            "name": "Knee_L",
            "time": [0.0, 0.8],
            "transform": [
                [1.0, 0.0, -0.0, 0.0, -0.0, 1e-06, -1.0, 0.37472, -0.0, 1.0, 1e-06, -0.0, 0.0, 0.0, 0.0, 1.0],
                [1.0, 0.0, -0.0, 0.0, -0.0, 1e-06, -1.0, 0.37472, -0.0, 1.0, 1e-06, 0.0, 0.0, 0.0, 0.0, 1.0]
            ]
        },
        {
            "name": "Torso",
            "time": [0.0, 0.8],
            "transform": [
                [1.0, 0.0, 0.0, 0.0, 0.0, 1.0, 0.0, 0.05, 0.0, 0.0, 1.0, 0.0, 0.0, 0.0, 0.0, 1.0],
                [1.0, 0.0, 0.0, 0.0, 0.0, 1.0, 0.0, 0.05, 0.0, 0.0, 1.0, 0.0, 0.0, 0.0, 0.0, 1.0]
            ]
        },
        {
            "name": "Chest",
            "time": [0.0, 0.8],
            "transform": [
                [1.0, 0.0, 0.0, 0.0, 0.0, 1.0, 0.0, 0.3, 0.0, 0.0, 1.0, 0.0, 0.0, 0.0, 0.0, 1.0],
                [1.0, 0.0, 0.0, 0.0, 0.0, 1.0, 0.0, 0.3, 0.0, 0.0, 1.0, 0.0, 0.0, 0.0, 0.0, 1.0]
            ]
        },
        {
            "name": "Head",
            "time": [0.0, 0.8],
            "transform": [
                [1.0, 0.0, 0.0, 0.0, 0.0, 1.0, 0.0, 0.4, 0.0, 0.0, 1.0, 0.0, 0.0, 0.0, 0.0, 1.0],
                [1.0, 0.0, 0.0, 0.0, 0.0, 1.0, 0.0, 0.4, 0.0, 0.0, 1.0, 0.0, 0.0, 0.0, 0.0, 1.0]
            ]
        },
        {
            "name": "Shoulder_R",
            "time": [0.0, 0.8],
            "transform": [
                [0.056878, 0.948401, 0.311929, 0.0, 0.017218, -0.31332, 0.949491, 0.4, 0.998232, -0.048634, -0.03415, 0.0, 0.0, 0.0, 0.0, 1.0],
                [0.056878, 0.948401, 0.311929, 0.0, 0.017218, -0.31332, 0.949491, 0.4, 0.998232, -0.048634, -0.03415, 0.0, 0.0, 0.0, 0.0, 1.0]
            ]
        },
        {
            "name": "Arm_R",
            "time": [0.0, 0.0167, 0.0333, 0.05, 0.0667, 0.0833, 0.1, 0.1167, 0.1333, 0.15, 0.1667, 0.1833, 0.2, 0.2167, 0.2333, 0.25, 0.2667, 0.2833, 0.3, 0.3167, 0.3333, 0.35, 0.3667, 0.3833, 0.4, 0.4167, 0.4333, 0.45, 0.4667, 0.4833, 0.5, 0.5167, 0.5333, 0.55, 0.5667, 0.5833, 0.6, 0.6167, 0.6333, 0.65, 0.6667, 0.6833, 0.7, 0.7167, 0.7333, 0.75, 0.7667, 0.7833, 0.8],
            "transform": [
                [0.257728, 0.439235, -0.860609, -0.0, 0.667807, 0.562737, 0.487197, 0.393861, 0.698291, -0.700285, -0.148291, 0.0, 0.0, 0.0, 0.0, 1.0],
                [0.257434, 0.439767, -0.860426, -0.0, 0.66805, 0.562359, 0.487301, 0.393861, 0.698167, -0.700255, -0.149016, -0.0, 0.0, 0.0, 0.0, 1.0],
                [0.256588, 0.441302, -0.859893, -0.0, 0.668751, 0.561267, 0.487598, 0.393861, 0.697807, -0.700166, -0.151106, -0.0, 0.0, 0.0, 0.0, 1.0],
                [0.255241, 0.443746, -0.859035, -0.0, 0.669868, 0.559525, 0.488065, 0.393861, 0.697229, -0.700015, -0.154438, -0.0, 0.0, 0.0, 0.0, 1.0],
                [0.253446, 0.447009, -0.857874, -0.0, 0.671362, 0.557195, 0.488679, 0.393861, 0.696447, -0.699798, -0.158886, -0.0, 0.0, 0.0, 0.0, 1.0],
