{
  "constructor": {
    "invocation_command": "(0.2#F,epicfight_dd:biped/onehanded_auto5#java.lang.String,epicfight:entity/biped#yesman.epicfight.api.model.Armature,[(0.0#F,0.0#F,10.0#F,17.0#F,70.0#F,70.0#F,MAIN_HAND#net.minecraft.world.InteractionHand,epicfight:entity/biped.Tool_R#yesman.epicfight.api.animation.Joint,(3#IMeshRenderBoost,0.2d#D,0.2d#D,0.8d#D,0.0d#D,0.0d#D,-0.75d#D)#yesman.epicfight.api.collider.MultiOBBCollider)]#yesman.epicfight.api.animation.types.AttackAnimation$Phase)#yesman.epicfight.api.animation.types.AttackAnimation"
  },
  "animation": [
    {
      "name": "Root",
      "time": [
        0.0,
        0.0167,
        0.0333,
        0.05,
        0.0667,
        0.0833,
        0.1,
        0.1167,
        0.1333,
        0.15,
        0.1667,
        0.1833,
        0.2,
        0.2167,
        0.2333,
        0.25,
        0.2667,
        0.2833,
        0.3,
        0.3167,
        0.3333,
        0.35,
        0.3667,
        0.3833,
        0.4,
        0.4167,
        0.4333,
        0.45,
        0.4667,
        0.4833,
        0.5,
        0.5167,
        0.5333,
        0.55,
        0.5667,
        0.5833,
        0.6,
        0.6167,
        0.6333,
        0.65,
        0.6667,
        0.6833,
        0.7,
        0.7167,
        0.7333,
        0.75,
        0.7667,
        0.7833,
        0.8,
        0.8167,
        0.8333,
        0.85,
        0.8667,
        0.8833,
        0.9,
        0.9167,
        0.9333,
        0.95,
        0.9667,
        0.9833,
        1.0,
        1.0167,
        1.0333,
        1.05,
        1.0667,
        1.0833,
        1.1,
        1.1167,
        1.1333,
        1.15,
        1.1667,
        1.1833,
        1.2,
        1.2167,
        1.2333,
        1.25,
        1.2667,
        1.2833,
        1.3,
        1.3167,
        1.3333,
        1.35,
        1.3667,
        1.3833,
        1.4,
        1.4167,
        1.4333,
        1.45,
        1.4667,
        1.4833,
        1.5,
        1.5167,
        1.5333,
        1.55,
        1.5667,
        1.5833,
        1.6,
        1.6167,
        1.6333,
        1.65,
        1.6667,
        1.6833,
        1.7,
        1.7167,
        1.7333,
        1.75,
        1.7667,
        1.7833,
        1.8,
        1.8167,
        1.8333,
        2.0
      ],
      "transform": [
        [
          0.714421,
          0.0,
          -0.699716,
          -5e-06,
          -0.699716,
          0.0,
          -0.714421,
          0.000946,
          0.0,
          1.0,
          0.0,
          0.681483,
          0.0,
          0.0,
          0.0,
          1.0
        ],
        [
          0.714567,
          0.0,
          -0.699567,
          -5e-06,
          -0.699567,
          0.0,
          -0.714567,
          0.003035,
          0.0,
          1.0,
          0.0,
          0.676885,
          0.0,
          0.0,
          0.0,
          1.0
        ],
        [
          0.715563,
          0.0,
          -0.698549,
          -5e-06,
          -0.698549,
          0.0,
          -0.715563,
          0.009484,
          0.0,
          1.0,
          0.0,
          0.664403,
          0.0,
          0.0,
          0.0,
          1.0
        ],
        [
          0.718238,
          0.0,
          -0.695798,
          -5e-06,
          -0.695798,
          0.0,
          -0.718238,
          0.020565,
          0.0,
          1.0,
          0.0,
          0.64601,
          0.0,
          0.0,
          0.0,
          1.0
        ],
        [
          0.723401,
          0.0,
          -0.690428,
          -5e-06,
          -0.690428,
          0.0,
          -0.723401,
          0.036554,
          0.0,
          1.0,
          0.0,
          0.623675,
          0.0,
          0.0,
          0.0,
          1.0
        ],
        [
          0.731814,
          0.0,
          -0.681504,
          -5e-06,
          -0.681504,
          0.0,
          -0.731814,
          0.057722,
          0.0,
          1.0,
          0.0,
          0.59937,
          0.0,
          0.0,
          0.0,
          1.0
        ],
        [
          0.744151,
          0.0,
          -0.668011,
          -5e-06,
          -0.668011,
          0.0,
          -0.744151,
          0.084345,
          0.0,
          1.0,
          0.0,
          0.575064,
          0.0,
          0.0,
          0.0,
          1.0
        ],
        [
          0.760949,
          0.0,
          -0.648812,
          -5e-06,
          -0.648812,
          0.0,
          -0.760949,
          0.116695,
          0.0,
          1.0,
          0.0,
          0.55273,
          0.0,
          0.0,
          0.0,
          1.0
        ],
        [
          0.78253,
          0.0,
          -0.622613,
          -5e-06,
          -0.622613,
          0.0,
          -0.78253,
          0.155045,
          0.0,
          1.0,
          0.0,
          0.534336,
          0.0,
          0.0,
          0.0,
          1.0
        ],
        [
          0.808903,
          0.0,
          -0.587941,
          -5e-06,
          -0.587941,
          0.0,
          -0.808903,
          0.199669,
          0.0,
          1.0,
          0.0,
          0.521855,
          0.0,
          0.0,
          0.0,
          1.0
        ],
        [
          0.839638,
          0.0,
          -0.543146,
          -5e-06,
          -0.543146,
          0.0,
          -0.839638,
          0.250841,
          0.0,
          1.0,
          0.0,
          0.517257,
          0.0,
          0.0,
          0.0,
          1.0
        ],
        [
          0.875311,
          0.0,
          -0.48356,
          -5e-06,
          -0.48356,
          0.0,
          -0.875311,
          0.308949,
          0.0,
          1.0,
          0.0,
          0.527093,
          0.0,
          0.0,
          0.0,
          1.0
        ],
        [
          0.915052,
          0.0,
          -0.403336,
          -5e-06,
          -0.403336,
          0.0,
          -0.915052,
          0.374835,
          0.0,
          1.0,
          0.0,
          0.552635,
          0.0,
          0.0,
          0.0,
          1.0
        ],
        [
          0.9544,
          0.0,
          -0.298531,
          -5e-06,
          -0.298531,
          0.0,
          -0.9544,
          0.449459,
          0.0,
          1.0,
          0.0,
          0.587934,
          0.0,
          0.0,
          0.0,
          1.0
        ],
        [
          0.986279,
          0.0,
          -0.165084,
          -5e-06,
          -0.165084,
          0.0,
          -0.986279,
          0.533777,
          0.0,
          1.0,
          0.0,
          0.627043,
          0.0,
          0.0,
          0.0,
          1.0
        ],
        [
          1.0,
          0.0,
          0.0,
          -5e-06,
          0.0,
          0.0,
          -1.0,
          0.628749,
          0.0,
          1.0,
          0.0,
          0.664013,
          0.0,
          0.0,
          0.0,
          1.0
        ],
        [
          0.980882,
          0.0,
          0.194603,
          -5e-06,
          0.194603,
          0.0,
          -0.980882,
          0.733464,
          0.0,
          1.0,
          0.0,
          0.693974,
          0.0,
          0.0,
          0.0,
          1.0
        ],
        [
          0.915154,
          0.0,
          0.403104,
          -5e-06,
          0.403104,
          0.0,
          -0.915154,
          0.839543,
          0.0,
          1.0,
          0.0,
          0.716369,
          0.0,
          0.0,
          0.0,
          1.0
        ],
        [
          0.798894,
          0.0,
          0.601471,
          -5e-06,
          0.601471,
          0.0,
          -0.798894,
          0.936736,
          0.0,
          1.0,
          0.0,
          0.73172,
          0.0,
          0.0,
          0.0,
          1.0
        ],
        [
          0.642919,
          0.0,
          0.765934,
          -5e-06,
          0.765934,
          0.0,
          -0.642919,
          1.014797,
          0.0,
          1.0,
          0.0,
          0.740548,
          0.0,
          0.0,
          0.0,
          1.0
        ],
        [
          0.470482,
          0.0,
          0.88241,
          -5e-06,
          0.88241,
          0.0,
          -0.470482,
          1.063478,
          0.0,
          1.0,
          0.0,
          0.743375,
          0.0,
          0.0,
          0.0,
          1.0
        ],
        [
          0.306224,
          0.0,
          0.95196,
          -5e-06,
          0.95196,
          0.0,
          -0.306224,
          1.091097,
          0.0,
          1.0,
          0.0,
          0.738224,
          0.0,
          0.0,
          0.0,
          1.0
        ],
        [
          0.160456,
          0.0,
          0.987043,
          -5e-06,
          0.987043,
          0.0,
          -0.160456,
          1.113213,
          0.0,
          1.0,
          0.0,
          0.724244,
          0.0,
          0.0,
          0.0,
          1.0
        ],
        [
          0.035695,
          0.0,
          0.999363,
          -5e-06,
          0.999363,
          0.0,
          -0.035695,
          1.130437,
          0.0,
          1.0,
          0.0,
          0.703642,
          0.0,
          0.0,
          0.0,
          1.0
        ],
        [
          -0.068316,
          0.0,
          0.997664,
          -5e-06,
          0.997664,
          0.0,
          0.068316,
          1.14338,
          0.0,
          1.0,
          0.0,
          0.678625,
          0.0,
          0.0,
          0.0,
          1.0
        ],
        [
          -0.152929,
          0.0,
          0.988237,
          -5e-06,
          0.988237,
          0.0,
          0.152929,
          1.152654,
          0.0,
          1.0,
          0.0,
          0.651401,
          0.0,
          0.0,
          0.0,
          1.0
        ],
        [
          -0.219725,
          0.0,
          0.975562,
          -5e-06,
          0.975562,
          0.0,
          0.219725,
          1.158871,
          0.0,
          1.0,
          0.0,
          0.624177,
          0.0,
          0.0,
          0.0,
          1.0
        ],
        [
          -0.270123,
          0.0,
          0.962826,
          -5e-06,
          0.962826,
          0.0,
          0.270123,
          1.162642,
          0.0,
          1.0,
          0.0,
          0.599161,
          0.0,
          0.0,
          0.0,
          1.0
        ],
        [
          -0.305238,
          0.0,
          0.952276,
          -5e-06,
          0.952276,
          0.0,
          0.305238,
          1.164578,
          0.0,
          1.0,
          0.0,
          0.578559,
          0.0,
          0.0,
          0.0,
          1.0
        ],
        [
          -0.325881,
          0.0,
          0.945411,
          -5e-06,
          0.945411,
          0.0,
          0.325881,
          1.165292,
          0.0,
          1.0,
          0.0,
          0.564579,
          0.0,
          0.0,
          0.0,
          1.0
        ],
        [
          -0.332646,
          0.0,
          0.943052,
          -5e-06,
          0.943052,
          0.0,
          0.332646,
          1.165394,
          0.0,
          1.0,
          0.0,
          0.559428,
          0.0,
          0.0,
          0.0,
          1.0
        ],
        [
          -0.327048,
          0.0,
          0.945008,
          -5e-06,
          0.945008,
          0.0,
          0.327048,
          1.165405,
          0.0,
          1.0,
          0.0,
          0.560859,
          0.0,
          0.0,
          0.0,
          1.0
        ],
        [
          -0.311021,
          0.0,
          0.950403,
          -5e-06,
          0.950403,
          0.0,
          0.311021,
          1.16548,
          0.0,
          1.0,
          0.0,
          0.564929,
          0.0,
          0.0,
          0.0,
          1.0
        ],
        [
          -0.285632,
          0.0,
          0.958339,
          -5e-06,
          0.958339,
          0.0,
          0.285632,
          1.165686,
          0.0,
          1.0,
          0.0,
          0.571311,
          0.0,
          0.0,
          0.0,
          1.0
        ],
        [
          -0.251911,
          0.0,
          0.96775,
          -5e-06,
          0.96775,
          0.0,
          0.251911,
          1.166085,
          0.0,
          1.0,
          0.0,
          0.579673,
          0.0,
          0.0,
          0.0,
          1.0
        ],
        [
          -0.210931,
          0.0,
          0.977501,
          -5e-06,
          0.977501,
          0.0,
          0.210931,
          1.166744,
          0.0,
          1.0,
          0.0,
          0.589685,
          0.0,
          0.0,
          0.0,
          1.0
        ],
        [
          -0.163876,
          0.0,
          0.986481,
          -5e-06,
          0.986481,
          0.0,
          0.163876,
          1.167728,
          0.0,
          1.0,
          0.0,
          0.601018,
          0.0,
          0.0,
          0.0,
          1.0
        ],
        [
          -0.112074,
          0.0,
          0.9937,
          -5e-06,
          0.9937,
          0.0,
          0.112074,
          1.1691,
          0.0,
          1.0,
          0.0,
          0.613341,
          0.0,
          0.0,
          0.0,
          1.0
        ],
        [
          -0.057003,
          0.0,
          0.998374,
          -5e-06,
          0.998374,
          0.0,
          0.057003,
          1.170927,
          0.0,
          1.0,
          0.0,
          0.626324,
          0.0,
          0.0,
          0.0,
          1.0
        ],
        [
          -0.000262,
          0.0,
          1.0,
          -5e-06,
          1.0,
          0.0,
          0.000262,
          1.173272,
          0.0,
          1.0,
          0.0,
          0.639637,
          0.0,
          0.0,
          0.0,
          1.0
        ],
        [
          0.056478,
          0.0,
          0.998404,
          -5e-06,
          0.998404,
          0.0,
          -0.056478,
          1.1762,
          0.0,
          1.0,
          0.0,
          0.65295,
          0.0,
          0.0,
          0.0,
          1.0
        ],
        [
          0.111552,
          0.0,
          0.993758,
          -5e-06,
          0.993758,
          0.0,
          -0.111552,
          1.179777,
          0.0,
          1.0,
          0.0,
          0.665933,
          0.0,
          0.0,
          0.0,
          1.0
        ],
        [
          0.163358,
          0.0,
          0.986567,
          -5e-06,
          0.986567,
          0.0,
          -0.163358,
          1.184067,
          0.0,
          1.0,
          0.0,
          0.678256,
          0.0,
          0.0,
          0.0,
          1.0
        ],
        [
          0.210418,
          0.0,
          0.977611,
          -5e-06,
          0.977611,
          0.0,
          -0.210418,
          1.189135,
          0.0,
          1.0,
          0.0,
          0.689589,
          0.0,
          0.0,
          0.0,
          1.0
        ],
        [
          0.251403,
          0.0,
          0.967883,
          -5e-06,
          0.967883,
          0.0,
          -0.251403,
          1.195046,
          0.0,
          1.0,
          0.0,
          0.699601,
          0.0,
          0.0,
          0.0,
          1.0
        ],
        [
          0.285129,
          0.0,
          0.958489,
          -5e-06,
          0.958489,
          0.0,
          -0.285129,
          1.201865,
          0.0,
          1.0,
          0.0,
          0.707963,
          0.0,
          0.0,
          0.0,
          1.0
        ],
        [
          0.310521,
          0.0,
          0.950566,
          -5e-06,
          0.950566,
          0.0,
          -0.310521,
          1.209657,
          0.0,
          1.0,
          0.0,
          0.714345,
          0.0,
          0.0,
          0.0,
          1.0
        ],
        [
          0.326552,
          0.0,
          0.945179,
          -5e-06,
          0.945179,
          0.0,
          -0.326552,
          1.218485,
          0.0,
          1.0,
          0.0,
          0.718416,
          0.0,
          0.0,
          0.0,
          1.0
        ],
        [
          0.332151,
          0.0,
          0.943226,
          -5e-06,
          0.943226,
          0.0,
          -0.332151,
          1.228416,
          0.0,
          1.0,
          0.0,
          0.719846,
          0.0,
          0.0,
          0.0,
          1.0
        ],
        [
          0.332151,
          0.0,
          0.943226,
          -5e-06,
          0.943226,
          0.0,
          -0.332151,
          1.255285,
          0.0,
          1.0,
          0.0,
          0.70771,
          0.0,
          0.0,
          0.0,
          1.0
        ],
        [
          0.332151,
          0.0,
          0.943226,
          -5e-06,
          0.943226,
          0.0,
          -0.332151,
          1.308694,
          0.0,
          1.0,
          0.0,
          0.675717,
          0.0,
          0.0,
          0.0,
          1.0
        ],
        [
          0.332151,
          0.0,
          0.943226,
          -5e-06,
          0.943226,
          0.0,
          -0.332151,
          1.37936,
          0.0,
          1.0,
          0.0,
          0.630485,
          0.0,
          0.0,
          0.0,
          1.0
        ],
        [
          0.332151,
          0.0,
          0.943226,
          -5e-06,
          0.943226,
          0.0,
          -0.332151,
          1.457996,
          0.0,
          1.0,
          0.0,
          0.578633,
          0.0,
          0.0,
          0.0,
          1.0
        ],
        [
          0.332151,
          0.0,
          0.943226,
          -5e-06,
          0.943226,
          0.0,
          -0.332151,
          1.53532,
          0.0,
          1.0,
          0.0,
          0.526782,
          0.0,
          0.0,
          0.0,
          1.0
        ],
        [
          0.332151,
          0.0,
          0.943226,
          -5e-06,
          0.943226,
          0.0,
          -0.332151,
          1.602046,
          0.0,
          1.0,
          0.0,
          0.481549,
          0.0,
          0.0,
          0.0,
          1.0
        ],
        [
          0.332151,
          0.0,
          0.943226,
          -5e-06,
          0.943226,
          0.0,
          -0.332151,
          1.648891,
          0.0,
          1.0,
          0.0,
          0.449556,
          0.0,
          0.0,
          0.0,
          1.0
        ],
        [
          0.332151,
          0.0,
          0.943226,
          -5e-06,
          0.943226,
          0.0,
          -0.332151,
          1.666569,
          0.0,
          1.0,
          0.0,
          0.437421,
          0.0,
          0.0,
          0.0,
          1.0
        ],
        [
          0.332151,
          0.0,
          0.943226,
          -5e-06,
          0.943226,
          0.0,
          -0.332151,
          1.666569,
          0.0,
          1.0,
          0.0,
          0.439302,
          0.0,
          0.0,
          0.0,
          1.0
        ],
        [
          0.332151,
          0.0,
          0.943226,
          -5e-06,
          0.943226,
          0.0,
          -0.332151,
          1.666569,
          0.0,
          1.0,
          0.0,
          0.444569,
          0.0,
          0.0,
          0.0,
          1.0
        ],
        [
          0.332151,
          0.0,
          0.943226,
          -5e-06,
          0.943226,
          0.0,
          -0.332151,
          1.666569,
          0.0,
          1.0,
          0.0,
          0.452659,
          0.0,
          0.0,
          0.0,
          1.0
        ],
        [
          0.332151,
          0.0,
          0.943226,
          -5e-06,
          0.943226,
          0.0,
          -0.332151,
          1.666569,
          0.0,
          1.0,
          0.0,
          0.463006,
          0.0,
          0.0,
          0.0,
          1.0
        ],
        [
          0.332151,
          0.0,
          0.943226,
          -5e-06,
          0.943226,
          0.0,
          -0.332151,
          1.666569,
          0.0,
          1.0,
          0.0,
          0.475046,
          0.0,
          0.0,
          0.0,
          1.0
        ],
        [
          0.332151,
          0.0,
          0.943226,
          -5e-06,
          0.943226,
          0.0,
          -0.332151,
          1.666569,
          0.0,
          1.0,
          0.0,
          0.488215,
          0.0,
          0.0,
          0.0,
          1.0
        ],
        [
          0.332151,
          0.0,
          0.943226,
          -5e-06,
          0.943226,
          0.0,
          -0.332151,
          1.666569,
          0.0,
          1.0,
          0.0,
          0.501949,
          0.0,
          0.0,
          0.0,
          1.0
        ],
        [
          0.332151,
          0.0,
          0.943226,
          -5e-06,
          0.943226,
          0.0,
          -0.332151,
          1.666569,
          0.0,
          1.0,
          0.0,
          0.515682,
          0.0,
          0.0,
          0.0,
          1.0
        ],
        [
          0.332151,
          0.0,
          0.943226,
          -5e-06,
          0.943226,
          0.0,
          -0.332151,
          1.666569,
          0.0,
          1.0,
          0.0,
          0.528851,
          0.0,
          0.0,
          0.0,
          1.0
        ],
        [
          0.332151,
          0.0,
          0.943226,
          -5e-06,
          0.943226,
          0.0,
          -0.332151,
          1.666569,
          0.0,
          1.0,
          0.0,
          0.540891,
          0.0,
          0.0,
          0.0,
          1.0
        ],
        [
          0.332151,
          0.0,
          0.943226,
          -5e-06,
          0.943226,
          0.0,
          -0.332151,
          1.666569,
          0.0,
          1.0,
          0.0,
          0.551238,
          0.0,
          0.0,
          0.0,
          1.0
        ],
        [
          0.332151,
          0.0,
          0.943226,
          -5e-06,
          0.943226,
          0.0,
          -0.332151,
          1.666569,
          0.0,
          1.0,
          0.0,
          0.559328,
          0.0,
          0.0,
          0.0,
          1.0
        ],
        [
          0.332151,
          0.0,
          0.943226,
          -5e-06,
          0.943226,
          0.0,
          -0.332151,
          1.666569,
          0.0,
          1.0,
          0.0,
          0.564595,
          0.0,
          0.0,
          0.0,
          1.0
        ],
        [
          0.332151,
          0.0,
          0.943226,
          -5e-06,
          0.943226,
          0.0,
          -0.332151,
          1.666569,
          0.0,
          1.0,
          0.0,
          0.566477,
          0.0,
          0.0,
          0.0,
          1.0
        ],
        [
          0.332151,
          0.0,
          0.943226,
          -5e-06,
          0.943226,
          0.0,
          -0.332151,
          1.666569,
          0.0,
          1.0,
          0.0,
          0.566477,
          0.0,
          0.0,
          0.0,
          1.0
        ],
        [
          0.332151,
          0.0,
          0.943226,
          -5e-06,
          0.943226,
          0.0,
          -0.332151,
          1.666569,
          0.0,
          1.0,
          0.0,
          0.566477,
          0.0,
          0.0,
          0.0,
          1.0
        ],
        [
          0.332151,
          0.0,
          0.943226,
          -5e-06,
          0.943226,
          0.0,
          -0.332151,
          1.666569,
          0.0,
          1.0,
          0.0,
          0.566477,
          0.0,
          0.0,
          0.0,
          1.0
        ],
        [
          0.332151,
          0.0,
          0.943226,
          -5e-06,
          0.943226,
          0.0,
          -0.332151,
          1.666569,
          0.0,
          1.0,
          0.0,
          0.566477,
          0.0,
          0.0,
          0.0,
          1.0
        ],
        [
          0.332151,
          0.0,
          0.943226,
          -5e-06,
          0.943226,
          0.0,
          -0.332151,
          1.666569,
          0.0,
          1.0,
          0.0,
          0.566477,
          0.0,
          0.0,
          0.0,
          1.0
        ],
        [
          0.332542,
          0.0,
          0.943088,
          -5e-06,
          0.943088,
          0.0,
          -0.332542,
          1.666577,
          0.0,
          1.0,
          0.0,
          0.567344,
          0.0,
          0.0,
          0.0,
          1.0
        ],
        [
          0.333796,
          0.0,
          0.942645,
          -5e-06,
          0.942645,
          0.0,
          -0.333796,
          1.666638,
          0.0,
          1.0,
          0.0,
          0.569851,
          0.0,
          0.0,
          0.0,
          1.0
        ],
        [
          0.336033,
          0.0,
          0.94185,
          -5e-06,
          0.94185,
          0.0,
          -0.336033,
          1.666801,
          0.0,
          1.0,
          0.0,
          0.573856,
          0.0,
          0.0,
          0.0,
          1.0
        ],
        [
          0.339369,
          0.0,
          0.940653,
          -5e-06,
          0.940653,
          0.0,
          -0.339369,
          1.667119,
          0.0,
          1.0,
          0.0,
          0.579215,
          0.0,
          0.0,
          0.0,
          1.0
        ],
        [
          0.343918,
          0.0,
          0.939,
          -5e-06,
          0.939,
          0.0,
          -0.343918,
          1.667643,
          0.0,
          1.0,
          0.0,
          0.585786,
          0.0,
          0.0,
          0.0,
          1.0
        ],
        [
          0.349788,
          0.0,
          0.936829,
          -5e-06,
          0.936829,
          0.0,
          -0.349788,
          1.668426,
          0.0,
          1.0,
          0.0,
          0.593426,
          0.0,
          0.0,
          0.0,
          1.0
        ],
        [
          0.357086,
          0.0,
          0.934071,
          -5e-06,
          0.934071,
          0.0,
          -0.357086,
          1.669517,
          0.0,
          1.0,
          0.0,
          0.601993,
          0.0,
          0.0,
          0.0,
          1.0
        ],
        [
          0.365913,
          0.0,
          0.930649,
          -5e-06,
          0.930649,
          0.0,
          -0.365913,
          1.67097,
          0.0,
          1.0,
          0.0,
          0.611345,
          0.0,
          0.0,
          0.0,
          1.0
        ],
        [
          0.376367,
          0.0,
          0.926471,
          -5e-06,
          0.926471,
          0.0,
          -0.376367,
          1.672835,
          0.0,
          1.0,
          0.0,
          0.621338,
          0.0,
          0.0,
          0.0,
          1.0
        ],
        [
          0.388544,
          0.0,
          0.92143,
          -5e-06,
          0.92143,
          0.0,
          -0.388544,
          1.675165,
          0.0,
          1.0,
          0.0,
          0.63183,
          0.0,
          0.0,
          0.0,
          1.0
        ],
        [
          0.402533,
          0.0,
          0.915406,
          -5e-06,
          0.915406,
          0.0,
          -0.402533,
          1.67801,
          0.0,
          1.0,
          0.0,
          0.642679,
          0.0,
          0.0,
          0.0,
          1.0
        ],
        [
          0.41842,
          0.0,
          0.908254,
          -5e-06,
          0.908254,
          0.0,
          -0.41842,
          1.681423,
          0.0,
          1.0,
          0.0,
          0.653741,
          0.0,
          0.0,
          0.0,
          1.0
        ],
        [
          0.436282,
          0.0,
          0.89981,
          -5e-06,
          0.89981,
          0.0,
          -0.436282,
          1.685455,
          0.0,
          1.0,
          0.0,
          0.664875,
          0.0,
          0.0,
          0.0,
          1.0
        ],
        [
          0.456191,
          0.0,
          0.889882,
          -5e-06,
          0.889882,
          0.0,
          -0.456191,
          1.690157,
          0.0,
          1.0,
          0.0,
          0.675938,
          0.0,
          0.0,
          0.0,
          1.0
        ],
        [
          0.478206,
          0.0,
          0.878248,
          -5e-06,
          0.878248,
          0.0,
          -0.478206,
          1.695581,
          0.0,
          1.0,
          0.0,
          0.686786,
          0.0,
          0.0,
          0.0,
          1.0
        ],
        [
          0.502369,
          0.0,
          0.864653,
          -5e-06,
          0.864653,
          0.0,
          -0.502369,
          1.701779,
          0.0,
          1.0,
          0.0,
          0.697278,
          0.0,
          0.0,
          0.0,
          1.0
        ],
        [
          0.528705,
          0.0,
          0.848806,
          -5e-06,
          0.848806,
          0.0,
          -0.528705,
          1.708802,
          0.0,
          1.0,
          0.0,
          0.707272,
          0.0,
          0.0,
          0.0,
          1.0
        ],
        [
          0.557209,
          0.0,
          0.830372,
          -5e-06,
          0.830372,
          0.0,
          -0.557209,
          1.716702,
          0.0,
          1.0,
          0.0,
          0.716623,
          0.0,
          0.0,
          0.0,
          1.0
        ],
        [
          0.587843,
          0.0,
          0.808975,
          -5e-06,
          0.808975,
          0.0,
          -0.587843,
          1.725531,
          0.0,
          1.0,
          0.0,
          0.72519,
          0.0,
          0.0,
          0.0,
          1.0
        ],
        [
          0.620521,
          0.0,
          0.78419,
          -5e-06,
          0.78419,
          0.0,
          -0.620521,
          1.735339,
          0.0,
          1.0,
          0.0,
          0.732831,
          0.0,
          0.0,
          0.0,
          1.0
        ],
        [
          0.655096,
          0.0,
          0.755545,
          -5e-06,
          0.755545,
          0.0,
          -0.655096,
          1.746179,
          0.0,
          1.0,
          0.0,
          0.739402,
          0.0,
          0.0,
          0.0,
          1.0
        ],
        [
          0.691345,
          0.0,
          0.722525,
          -5e-06,
          0.722525,
          0.0,
          -0.691345,
          1.758102,
          0.0,
          1.0,
          0.0,
          0.744761,
          0.0,
          0.0,
          0.0,
          1.0
        ],
        [
          0.728948,
          0.0,
          0.684569,
          -5e-06,
          0.684569,
          0.0,
          -0.728948,
          1.77116,
          0.0,
          1.0,
          0.0,
          0.748765,
          0.0,
          0.0,
          0.0,
          1.0
        ],
        [
          0.767465,
          0.0,
          0.64109,
          -5e-06,
          0.64109,
          0.0,
          -0.767465,
          1.785404,
          0.0,
          1.0,
          0.0,
          0.751272,
          0.0,
          0.0,
          0.0,
          1.0
        ],
        [
          0.806315,
          0.0,
          0.591486,
          -5e-06,
          0.591486,
          0.0,
          -0.806315,
          1.800886,
          0.0,
          1.0,
          0.0,
          0.75214,
          0.0,
          0.0,
          0.0,
          1.0
        ],
        [
          0.846116,
          0.0,
          0.532999,
          -5e-06,
          0.532999,
          0.0,
          -0.846116,
          1.823794,
          0.0,
          1.0,
          0.0,
          0.750918,
          0.0,
          0.0,
          0.0,
          1.0
        ],
        [
          0.885498,
          0.0,
          0.464644,
          -5e-06,
          0.464644,
          0.0,
          -0.885498,
          1.858114,
          0.0,
          1.0,
          0.0,
          0.747601,
          0.0,
          0.0,
          0.0,
          1.0
        ],
        [
          0.921179,
          0.0,
          0.38914,
          -5e-06,
          0.38914,
          0.0,
          -0.921179,
          1.900588,
          0.0,
          1.0,
          0.0,
          0.742714,
          0.0,
          0.0,
          0.0,
          1.0
        ],
        [
          0.950719,
          0.0,
          0.310055,
          -5e-06,
          0.310055,
          0.0,
          -0.950719,
          1.947961,
          0.0,
          1.0,
          0.0,
          0.736779,
          0.0,
          0.0,
          0.0,
          1.0
        ],
        [
          0.972812,
          0.0,
          0.231596,
          -5e-06,
          0.231596,
          0.0,
          -0.972812,
          1.996978,
          0.0,
          1.0,
          0.0,
          0.73032,
          0.0,
          0.0,
          0.0,
          1.0
        ],
        [
          0.987398,
          0.0,
          0.158256,
          -5e-06,
          0.158256,
          0.0,
          -0.987398,
          2.044384,
          0.0,
          1.0,
          0.0,
          0.723861,
          0.0,
          0.0,
          0.0,
          1.0
        ],
        [
          0.995528,
          0.0,
          0.094465,
          -5e-06,
          0.094465,
          0.0,
          -0.995528,
          2.086922,
          0.0,
          1.0,
          0.0,
          0.717926,
          0.0,
          0.0,
          0.0,
          1.0
        ],
        [
          0.999016,
          0.0,
          0.044348,
          -5e-06,
          0.044348,
          0.0,
          -0.999016,
          2.121337,
          0.0,
          1.0,
          0.0,
          0.713039,
          0.0,
          0.0,
          0.0,
          1.0
        ],
        [
          0.999932,
          0.0,
          0.011675,
          -5e-06,
          0.011675,
          0.0,
          -0.999932,
          2.144373,
          0.0,
          1.0,
          0.0,
          0.709722,
          0.0,
          0.0,
          0.0,
          1.0
        ],
        [
          1.0,
          0.0,
          0.0,
          -5e-06,
          0.0,
          0.0,
          -1.0,
          2.152776,
          0.0,
          1.0,
          0.0,
          0.7085,
          0.0,
          0.0,
          0.0,
          1.0
        ],
        [
          1.0,
          0.0,
          0.0,
          -5e-06,
          0.0,
          0.0,
          -1.0,
          2.152776,
          0.0,
          1.0,
          0.0,
          0.7085,
          0.0,
          0.0,
          0.0,
          1.0
        ]
      ]
    },
    {
      "name": "Thigh_R",
      "time": [
        0.0,
        0.0167,
        0.0333,
        0.05,
        0.0667,
        0.0833,
        0.1,
        0.1167,
        0.1333,
        0.15,
        0.1667,
        0.1833,
        0.2,
        0.2167,
        0.2333,
        0.25,
        0.2667,
        0.2833,
        0.3,
        0.3167,
        0.3333,
        0.35,
        0.3667,
        0.3833,
        0.4,
        0.4167,
        0.4333,
        0.45,
        0.4667,
        0.4833,
        0.5,
        0.5167,
        0.5333,
        0.55,
        0.5667,
        0.5833,
        0.6,
        0.6167,
        0.6333,
        0.65,
        0.6667,
        0.6833,
        0.7,
        0.7167,
        0.7333,
        0.75,
        0.7667,
        0.7833,
        0.8,
        0.8167,
        0.8333,
        0.85,
        0.8667,
        0.8833,
        0.9,
        0.9167,
        0.9333,
        0.95,
        0.9667,
        0.9833,
        1.0,
        1.0167,
        1.0333,
        1.05,
        1.0667,
        1.0833,
        1.1,
        1.1167,
        1.1333,
        1.15,
        1.1667,
        1.1833,
        1.2,
        1.2167,
        1.2333,
        1.25,
        1.2667,
        1.2833,
        1.3,
        1.3167,
        1.3333,
        1.35,
        1.3667,
        1.3833,
        1.4,
        1.4167,
        1.4333,
        1.45,
        1.4667,
        1.4833,
        1.5,
        1.5167,
        1.5333,
        1.55,
        1.5667,
        1.5833,
        1.6,
        1.6167,
        1.6333,
        1.65,
        1.6667,
        1.6833,
        1.7,
        1.7167,
        1.7333,
        1.75,
        1.7667,
        1.7833,
        1.8,
        1.8167,
        1.8333,
        2.0
      ],
      "transform": [
        [
          0.512882,
          0.294327,
          0.806426,
          0.124994,
          0.297447,
          -0.942123,
          0.15468,
          -0.002831,
          0.80528,
          0.160536,
          -0.570747,
          -1.2e-05,
          0.0,
          0.0,
          0.0,
          1.0
        ],
        [
          0.515158,
          0.301281,
          0.802398,
          0.124994,
          0.313093,
          -0.937632,
          0.151047,
          -0.002831,
          0.797863,
          0.173412,
          -0.577359,
          -1.2e-05,
          0.0,
          0.0,
          0.0,
          1.0
        ],
        [
          0.520645,
          0.320435,
          0.79136,
          0.124994,
          0.355232,
          -0.924157,
          0.140497,
          -0.002831,
          0.776362,
          0.207967,
          -0.594988,
          -1.2e-05,
          0.0,
          0.0,
          0.0,
          1.0
        ],
        [
          0.526836,
          0.349297,
          0.774878,
          0.124994,
          0.416185,
          -0.9009,
          0.123145,
          -0.002831,
          0.741102,
          0.257616,
          -0.620001,
          -1.2e-05,
          0.0,
          0.0,
          0.0,
          1.0
        ],
        [
          0.531191,
          0.385096,
          0.754677,
          0.124994,
          0.487718,
          -0.867334,
          0.099296,
          -0.002831,
          0.692796,
          0.315324,
          -0.64854,
          -1.2e-05,
          0.0,
          0.0,
          0.0,
          1.0
        ],
        [
          0.531874,
          0.424555,
          0.732709,
          0.124994,
          0.561522,
          -0.824483,
          0.070125,
          -0.002831,
          0.633879,
          0.374134,
          -0.67692,
          -1.2e-05,
          0.0,
          0.0,
          0.0,
          1.0
        ],
        [
          0.528293,
          0.464026,
          0.711045,
          0.124994,
          0.630126,
          -0.775563,
          0.037961,
          -0.002831,
          0.569075,
          0.427993,
          -0.702121,
          -1.2e-05,
          0.0,
          0.0,
          0.0,
          1.0
        ],
        [
          0.521307,
          0.499855,
          0.691652,
          0.124994,
          0.687824,
          -0.72585,
          0.00615,
          -0.002831,
          0.50511,
          0.472528,
          -0.722205,
          -1.2e-05,
          0.0,
          0.0,
          0.0,
          1.0
        ],
        [
          0.512995,
          0.528756,
          0.676204,
          0.124994,
          0.731088,
          -0.681947,
          -0.021383,
          -0.002831,
          0.449829,
          0.505333,
          -0.736405,
          -1.2e-05,
          0.0,
          0.0,
          0.0,
          1.0
        ],
        [
          0.5061,
          0.547943,
          0.666048,
          0.124994,
          0.758123,
          -0.650844,
          -0.040626,
