{
  "constructor": {
    "invocation_command": "(0.2#F,epicfight_dd:biped/onehanded_auto3#java.lang.String,epicfight:entity/biped#yesman.epicfight.api.model.Armature,[(0.0#F,0.0#F,10.0#F,17.0#F,36.0#F,36.0#F,MAIN_HAND#net.minecraft.world.InteractionHand,epicfight:entity/biped.Tool_R#yesman.epicfight.api.animation.Joint,(3#IMeshRenderBoost,0.2d#D,0.2d#D,0.8d#D,0.0d#D,0.0d#D,-0.75d#D)#yesman.epicfight.api.collider.MultiOBBCollider)]#yesman.epicfight.api.animation.types.AttackAnimation$Phase)#yesman.epicfight.api.animation.types.BasicAttackAnimation"
  },
  "animation": [
    {
      "name": "Root",
      "time": [
        0.0,
        0.0167,
        0.0333,
        0.05,
        0.0667,
        0.0833,
        0.1,
        0.1167,
        0.1333,
        0.15,
        0.1667,
        0.1833,
        0.2,
        0.2167,
        0.2333,
        0.25,
        0.2667,
        0.2833,
        0.3,
        0.3167,
        0.3333,
        0.35,
        0.3667,
        0.3833,
        0.4,
        0.4167,
        0.4333,
        0.45,
        0.4667,
        0.4833,
        0.5,
        0.5167,
        0.5333,
        0.55,
        0.5667,
        0.5833,
        0.6,
        0.6167,
        0.6333,
        0.65,
        0.6667,
        0.6833,
        0.7,
        0.7167,
        0.7333,
        0.75,
        0.7667,
        0.7833,
        0.8,
        0.8167,
        0.8333,
        0.85,
        0.8667,
        0.8833,
        0.9,
        0.9167,
        0.9333,
        0.95,
        0.9667,
        0.9833,
        1.0,
        1.0167,
        1.0333,
        1.05,
        1.0667,
        1.0833,
        1.1,
        1.1167,
        1.1333,
        1.15,
        1.1667,
        1.1833,
        1.2,
        1.2167,
        1.2333,
        1.25,
        1.2667,
        1.2833,
        1.3,
        1.3167,
        1.3333
      ],
      "transform": [
        [
          -0.382047,
          0.0,
          0.924143,
          -5e-06,
          0.924143,
          0.0,
          0.382047,
          0.000946,
          0.0,
          1.0,
          0.0,
          0.690668,
          0.0,
          0.0,
          0.0,
          1.0
        ],
        [
          -0.363739,
          0.0,
          0.931501,
          -5e-06,
          0.931501,
          0.0,
          0.363739,
          0.000946,
          0.0,
          1.0,
          0.0,
          0.685948,
          0.0,
          0.0,
          0.0,
          1.0
        ],
        [
          -0.312694,
          0.0,
          0.949854,
          -5e-06,
          0.949854,
          0.0,
          0.312694,
          0.000946,
          0.0,
          1.0,
          0.0,
          0.673138,
          0.0,
          0.0,
          0.0,
          1.0
        ],
        [
          -0.234359,
          0.0,
          0.97215,
          -5e-06,
          0.97215,
          0.0,
          0.234359,
          0.000946,
          0.0,
          1.0,
          0.0,
          0.654259,
          0.0,
          0.0,
          0.0,
          1.0
        ],
        [
          -0.135047,
          0.0,
          0.990839,
          -5e-06,
          0.990839,
          0.0,
          0.135047,
          0.000946,
          0.0,
          1.0,
          0.0,
          0.631335,
          0.0,
          0.0,
          0.0,
          1.0
        ],
        [
          -0.022888,
          0.0,
          0.999738,
          -5e-06,
          0.999738,
          0.0,
          0.022888,
          0.000946,
          0.0,
          1.0,
          0.0,
          0.606388,
          0.0,
          0.0,
          0.0,
          1.0
        ],
        [
          0.092406,
          0.0,
          0.995721,
          -5e-06,
          0.995721,
          0.0,
          -0.092406,
          0.000946,
          0.0,
          1.0,
          0.0,
          0.581441,
          0.0,
          0.0,
          0.0,
          1.0
        ],
        [
          0.200782,
          0.0,
          0.979636,
          -5e-06,
          0.979636,
          0.0,
          -0.200782,
          0.000946,
          0.0,
          1.0,
          0.0,
          0.558516,
          0.0,
          0.0,
          0.0,
          1.0
        ],
        [
          0.293323,
          0.0,
          0.956013,
          -5e-06,
          0.956013,
          0.0,
          -0.293323,
          0.000946,
          0.0,
          1.0,
          0.0,
          0.539637,
          0.0,
          0.0,
          0.0,
          1.0
        ],
        [
          0.363073,
          0.0,
          0.931761,
          -5e-06,
          0.931761,
          0.0,
          -0.363073,
          0.000946,
          0.0,
          1.0,
          0.0,
          0.526827,
          0.0,
          0.0,
          0.0,
          1.0
        ],
        [
          0.404691,
          0.0,
          0.914453,
          -5e-06,
          0.914453,
          0.0,
          -0.404691,
          0.000946,
          0.0,
          1.0,
          0.0,
          0.522107,
          0.0,
          0.0,
          0.0,
          1.0
        ],
        [
          0.421557,
          0.0,
          0.906802,
          -0.016496,
          0.906802,
          0.0,
          -0.421557,
          0.045832,
          0.0,
          1.0,
          0.0,
          0.522107,
          0.0,
          0.0,
          0.0,
          1.0
        ],
        [
          0.426007,
          0.0,
          0.90472,
          -0.055823,
          0.90472,
          0.0,
          -0.426007,
          0.16282,
          0.0,
          1.0,
          0.0,
          0.522107,
          0.0,
          0.0,
          0.0,
          1.0
        ],
        [
          0.426349,
          0.0,
          0.904559,
          -0.102761,
          0.904559,
          0.0,
          -0.426349,
          0.325408,
          0.0,
          1.0,
          0.0,
          0.522107,
          0.0,
          0.0,
          0.0,
          1.0
        ],
        [
          0.430789,
          0.0,
          0.902453,
          -0.142088,
          0.902453,
          0.0,
          -0.430789,
          0.507096,
          0.0,
          1.0,
          0.0,
          0.522107,
          0.0,
          0.0,
          0.0,
          1.0
        ],
        [
          0.447427,
          0.0,
          0.89432,
          -0.15858,
          0.89432,
          0.0,
          -0.447427,
          0.68138,
          0.0,
          1.0,
          0.0,
          0.522107,
          0.0,
          0.0,
          0.0,
          1.0
        ],
        [
          0.587638,
          0.0,
          0.809124,
          -0.140911,
          0.809124,
          0.0,
          -0.587638,
          0.827459,
          0.0,
          1.0,
          0.0,
          0.537615,
          0.0,
          0.0,
          0.0,
          1.0
        ],
        [
          0.852328,
          0.0,
          0.523008,
          -0.098776,
          0.523008,
          0.0,
          -0.852328,
          0.947332,
          0.0,
          1.0,
          0.0,
          0.574597,
          0.0,
          0.0,
          0.0,
          1.0
        ],
        [
          0.999387,
          0.0,
          0.034999,
          -0.048486,
          0.034999,
          0.0,
          -0.999387,
          1.048698,
          0.0,
          1.0,
          0.0,
          0.618736,
          0.0,
          0.0,
          0.0,
          1.0
        ],
        [
          0.909994,
          0.0,
          -0.41462,
          -0.006351,
          -0.41462,
          0.0,
          -0.909994,
          1.139255,
          0.0,
          1.0,
          0.0,
          0.655717,
          0.0,
          0.0,
          0.0,
          1.0
        ],
        [
          0.764722,
          0.0,
          -0.64436,
          0.011318,
          -0.64436,
          0.0,
          -0.764722,
          1.226702,
          0.0,
          1.0,
          0.0,
          0.671226,
          0.0,
          0.0,
          0.0,
          1.0
        ],
        [
          0.668337,
          0.0,
          -0.743859,
          0.011318,
          -0.743859,
          0.0,
          -0.668337,
          1.317008,
          0.0,
          1.0,
          0.0,
          0.671226,
          0.0,
          0.0,
          0.0,
          1.0
        ],
        [
          0.580056,
          0.0,
          -0.814577,
          0.011318,
          -0.814577,
          0.0,
          -0.580056,
          1.409217,
          0.0,
          1.0,
          0.0,
          0.671226,
          0.0,
          0.0,
          0.0,
          1.0
        ],
        [
          0.501693,
          0.0,
          -0.865046,
          0.011318,
          -0.865046,
          0.0,
          -0.501693,
          1.50064,
          0.0,
          1.0,
          0.0,
          0.671226,
          0.0,
          0.0,
          0.0,
          1.0
        ],
        [
          0.433611,
          0.0,
          -0.9011,
          0.011318,
          -0.9011,
          0.0,
          -0.433611,
          1.588592,
          0.0,
          1.0,
          0.0,
          0.671226,
          0.0,
          0.0,
          0.0,
          1.0
        ],
        [
          0.375737,
          0.0,
          -0.926726,
          0.011318,
          -0.926726,
          0.0,
          -0.375737,
          1.670384,
          0.0,
          1.0,
          0.0,
          0.671226,
          0.0,
          0.0,
          0.0,
          1.0
        ],
        [
          0.32799,
          0.0,
          -0.944681,
          0.011318,
          -0.944681,
          0.0,
          -0.32799,
          1.743331,
          0.0,
          1.0,
          0.0,
          0.671226,
          0.0,
          0.0,
          0.0,
          1.0
        ],
        [
          0.290441,
          0.0,
          -0.956893,
          0.011318,
          -0.956893,
          0.0,
          -0.290441,
          1.804745,
          0.0,
          1.0,
          0.0,
          0.671226,
          0.0,
          0.0,
          0.0,
          1.0
        ],
        [
          0.26332,
          0.0,
          -0.964709,
          0.011318,
          -0.964709,
          0.0,
          -0.26332,
          1.851939,
          0.0,
          1.0,
          0.0,
          0.671226,
          0.0,
          0.0,
          0.0,
          1.0
        ],
        [
          0.246925,
          0.0,
          -0.969035,
          0.011318,
          -0.969035,
          0.0,
          -0.246925,
          1.882226,
          0.0,
          1.0,
          0.0,
          0.671226,
          0.0,
          0.0,
          0.0,
          1.0
        ],
        [
          0.241459,
          0.0,
          -0.970411,
          0.011318,
          -0.970411,
          0.0,
          -0.241459,
          1.892919,
          0.0,
          1.0,
          0.0,
          0.671226,
          0.0,
          0.0,
          0.0,
          1.0
        ],
        [
          0.241459,
          0.0,
          -0.970411,
          0.011318,
          -0.970411,
          0.0,
          -0.241459,
          1.892919,
          0.0,
          1.0,
          0.0,
          0.671226,
          0.0,
          0.0,
          0.0,
          1.0
        ],
        [
          0.241459,
          0.0,
          -0.970411,
          0.011318,
          -0.970411,
          0.0,
          -0.241459,
          1.892919,
          0.0,
          1.0,
          0.0,
          0.671226,
          0.0,
          0.0,
          0.0,
          1.0
        ],
        [
          0.241459,
          0.0,
          -0.970411,
          0.011318,
          -0.970411,
          0.0,
          -0.241459,
          1.892919,
          0.0,
          1.0,
          0.0,
          0.671226,
          0.0,
          0.0,
          0.0,
          1.0
        ],
        [
          0.241459,
          0.0,
          -0.970411,
          0.011318,
          -0.970411,
          0.0,
          -0.241459,
          1.892919,
          0.0,
          1.0,
          0.0,
          0.671226,
          0.0,
          0.0,
          0.0,
          1.0
        ],
        [
          0.241459,
          0.0,
          -0.970411,
          0.011318,
          -0.970411,
          0.0,
          -0.241459,
          1.892919,
          0.0,
          1.0,
          0.0,
          0.671226,
          0.0,
          0.0,
          0.0,
          1.0
        ],
        [
          0.241459,
          0.0,
          -0.970411,
          0.011318,
          -0.970411,
          0.0,
          -0.241459,
          1.892919,
          0.0,
          1.0,
          0.0,
          0.671226,
          0.0,
          0.0,
          0.0,
          1.0
        ],
        [
          0.241459,
          0.0,
          -0.970411,
          0.011318,
          -0.970411,
          0.0,
          -0.241459,
          1.892919,
          0.0,
          1.0,
          0.0,
          0.671226,
          0.0,
          0.0,
          0.0,
          1.0
        ],
        [
          0.241459,
          0.0,
          -0.970411,
          0.011318,
          -0.970411,
          0.0,
          -0.241459,
          1.892919,
          0.0,
          1.0,
          0.0,
          0.671226,
          0.0,
          0.0,
          0.0,
          1.0
        ],
        [
          0.241459,
          0.0,
          -0.970411,
          0.011318,
          -0.970411,
          0.0,
          -0.241459,
          1.892919,
          0.0,
          1.0,
          0.0,
          0.671226,
          0.0,
          0.0,
          0.0,
          1.0
        ],
        [
          0.241459,
          0.0,
          -0.970411,
          0.011318,
          -0.970411,
          0.0,
          -0.241459,
          1.892919,
          0.0,
          1.0,
          0.0,
          0.671226,
          0.0,
          0.0,
          0.0,
          1.0
        ],
        [
          0.241459,
          0.0,
          -0.970411,
          0.011318,
          -0.970411,
          0.0,
          -0.241459,
          1.892919,
          0.0,
          1.0,
          0.0,
          0.671226,
          0.0,
          0.0,
          0.0,
          1.0
        ],
        [
          0.241459,
          0.0,
          -0.970411,
          0.011318,
          -0.970411,
          0.0,
          -0.241459,
          1.892919,
          0.0,
          1.0,
          0.0,
          0.671226,
          0.0,
          0.0,
          0.0,
          1.0
        ],
        [
          0.241459,
          0.0,
          -0.970411,
          0.011318,
          -0.970411,
          0.0,
          -0.241459,
          1.892919,
          0.0,
          1.0,
          0.0,
          0.671226,
          0.0,
          0.0,
          0.0,
          1.0
        ],
        [
          0.241459,
          0.0,
          -0.970411,
          0.011318,
          -0.970411,
          0.0,
          -0.241459,
          1.892919,
          0.0,
          1.0,
          0.0,
          0.671226,
          0.0,
          0.0,
          0.0,
          1.0
        ],
        [
          0.241459,
          0.0,
          -0.970411,
          0.011318,
          -0.970411,
          0.0,
          -0.241459,
          1.892919,
          0.0,
          1.0,
          0.0,
          0.671226,
          0.0,
          0.0,
          0.0,
          1.0
        ],
        [
          0.241459,
          0.0,
          -0.970411,
          0.011318,
          -0.970411,
          0.0,
          -0.241459,
          1.892919,
          0.0,
          1.0,
          0.0,
          0.671226,
          0.0,
          0.0,
          0.0,
          1.0
        ],
        [
          0.241459,
          0.0,
          -0.970411,
          0.011318,
          -0.970411,
          0.0,
          -0.241459,
          1.892919,
          0.0,
          1.0,
          0.0,
          0.671226,
          0.0,
          0.0,
          0.0,
          1.0
        ],
        [
          0.241459,
          0.0,
          -0.970411,
          0.011318,
          -0.970411,
          0.0,
          -0.241459,
          1.892919,
          0.0,
          1.0,
          0.0,
          0.671226,
          0.0,
          0.0,
          0.0,
          1.0
        ],
        [
          0.241459,
          0.0,
          -0.970411,
          0.011318,
          -0.970411,
          0.0,
          -0.241459,
          1.892919,
          0.0,
          1.0,
          0.0,
          0.671226,
          0.0,
          0.0,
          0.0,
          1.0
        ],
        [
          0.241459,
          0.0,
          -0.970411,
          0.011318,
          -0.970411,
          0.0,
          -0.241459,
          1.892919,
          0.0,
          1.0,
          0.0,
          0.671226,
          0.0,
          0.0,
          0.0,
          1.0
        ],
        [
          0.244072,
          0.0,
          -0.969757,
          0.011281,
          -0.969757,
          0.0,
          -0.244072,
          1.893298,
          0.0,
          1.0,
          0.0,
          0.671274,
          0.0,
          0.0,
          0.0,
          1.0
        ],
        [
          0.251672,
          0.0,
          -0.967813,
          0.011174,
          -0.967813,
          0.0,
          -0.251672,
          1.894402,
          0.0,
          1.0,
          0.0,
          0.671414,
          0.0,
          0.0,
          0.0,
          1.0
        ],
        [
          0.263897,
          0.0,
          -0.964551,
          0.011001,
          -0.964551,
          0.0,
          -0.263897,
          1.896178,
          0.0,
          1.0,
          0.0,
          0.67164,
          0.0,
          0.0,
          0.0,
          1.0
        ],
        [
          0.280377,
          0.0,
          -0.95989,
          0.010768,
          -0.95989,
          0.0,
          -0.280377,
          1.898574,
          0.0,
          1.0,
          0.0,
          0.671945,
          0.0,
          0.0,
          0.0,
          1.0
        ],
        [
          0.30073,
          0.0,
          -0.953709,
          0.010479,
          -0.953709,
          0.0,
          -0.30073,
          1.90154,
          0.0,
          1.0,
          0.0,
          0.672322,
          0.0,
          0.0,
          0.0,
          1.0
        ],
        [
          0.32456,
          0.0,
          -0.945865,
          0.010141,
          -0.945865,
          0.0,
          -0.32456,
          1.905023,
          0.0,
          1.0,
          0.0,
          0.672765,
          0.0,
          0.0,
          0.0,
          1.0
        ],
        [
          0.351449,
          0.0,
          -0.936207,
          0.009757,
          -0.936207,
          0.0,
          -0.351449,
          1.908971,
          0.0,
          1.0,
          0.0,
          0.673266,
          0.0,
          0.0,
          0.0,
          1.0
        ],
        [
          0.380959,
          0.0,
          -0.924592,
          0.009332,
          -0.924592,
          0.0,
          -0.380959,
          1.913334,
          0.0,
          1.0,
          0.0,
          0.673821,
          0.0,
          0.0,
          0.0,
          1.0
        ],
        [
          0.412632,
          0.0,
          -0.910898,
          0.008872,
          -0.910898,
          0.0,
          -0.412632,
          1.918058,
          0.0,
          1.0,
          0.0,
          0.674422,
          0.0,
          0.0,
          0.0,
          1.0
        ],
        [
          0.445987,
          0.0,
          -0.895039,
          0.008383,
          -0.895039,
          0.0,
          -0.445987,
          1.923093,
          0.0,
          1.0,
          0.0,
          0.675062,
          0.0,
          0.0,
          0.0,
          1.0
        ],
        [
          0.480533,
          0.0,
          -0.876976,
          0.007868,
          -0.876976,
          0.0,
          -0.480533,
          1.928386,
          0.0,
          1.0,
          0.0,
          0.675734,
          0.0,
          0.0,
          0.0,
          1.0
        ],
        [
          0.515772,
          0.0,
          -0.856726,
          0.007333,
          -0.856726,
          0.0,
          -0.515772,
          1.933886,
          0.0,
          1.0,
          0.0,
          0.676434,
          0.0,
          0.0,
          0.0,
          1.0
        ],
        [
          0.551208,
          0.0,
          -0.834368,
          0.006782,
          -0.834368,
          0.0,
          -0.551208,
          1.939542,
          0.0,
          1.0,
          0.0,
          0.677153,
          0.0,
          0.0,
          0.0,
          1.0
        ],
        [
          0.58636,
          0.0,
          -0.81005,
          0.006222,
          -0.81005,
          0.0,
          -0.58636,
          1.945301,
          0.0,
          1.0,
          0.0,
          0.677885,
          0.0,
          0.0,
          0.0,
          1.0
        ],
        [
          0.620774,
          0.0,
          -0.78399,
          0.005657,
          -0.78399,
          0.0,
          -0.620774,
          1.951111,
          0.0,
          1.0,
          0.0,
          0.678623,
          0.0,
          0.0,
          0.0,
          1.0
        ],
        [
          0.65403,
          0.0,
          -0.756468,
          0.005092,
          -0.756468,
          0.0,
          -0.65403,
          1.956922,
          0.0,
          1.0,
          0.0,
          0.679362,
          0.0,
          0.0,
          0.0,
          1.0
        ],
        [
          0.68576,
          0.0,
          -0.727828,
          0.004531,
          -0.727828,
          0.0,
          -0.68576,
          1.962681,
          0.0,
          1.0,
          0.0,
          0.680094,
          0.0,
          0.0,
          0.0,
          1.0
        ],
        [
          0.715647,
          0.0,
          -0.698462,
          0.003981,
          -0.698462,
          0.0,
          -0.715647,
          1.968336,
          0.0,
          1.0,
          0.0,
          0.680813,
          0.0,
          0.0,
          0.0,
          1.0
        ],
        [
          0.743438,
          0.0,
          -0.668805,
          0.003446,
          -0.668805,
          0.0,
          -0.743438,
          1.973836,
          0.0,
          1.0,
          0.0,
          0.681512,
          0.0,
          0.0,
          0.0,
          1.0
        ],
        [
          0.76894,
          0.0,
          -0.639321,
          0.002931,
          -0.639321,
          0.0,
          -0.76894,
          1.97913,
          0.0,
          1.0,
          0.0,
          0.682185,
          0.0,
          0.0,
          0.0,
          1.0
        ],
        [
          0.792024,
          0.0,
          -0.61049,
          0.002441,
          -0.61049,
          0.0,
          -0.792024,
          1.984164,
          0.0,
          1.0,
          0.0,
          0.682825,
          0.0,
          0.0,
          0.0,
          1.0
        ],
        [
          0.812615,
          0.0,
          -0.582801,
          0.001982,
          -0.582801,
          0.0,
          -0.812615,
          1.988889,
          0.0,
          1.0,
          0.0,
          0.683425,
          0.0,
          0.0,
          0.0,
          1.0
        ],
        [
          0.830687,
          0.0,
          -0.55674,
          0.001557,
          -0.55674,
          0.0,
          -0.830687,
          1.993251,
          0.0,
          1.0,
          0.0,
          0.68398,
          0.0,
          0.0,
          0.0,
          1.0
        ],
        [
          0.846253,
          0.0,
          -0.532781,
          0.001173,
          -0.532781,
          0.0,
          -0.846253,
          1.997199,
          0.0,
          1.0,
          0.0,
          0.684482,
          0.0,
          0.0,
          0.0,
          1.0
        ],
        [
          0.859352,
          0.0,
          -0.511385,
          0.000834,
          -0.511385,
          0.0,
          -0.859352,
          2.000683,
          0.0,
          1.0,
          0.0,
          0.684925,
          0.0,
          0.0,
          0.0,
          1.0
        ],
        [
          0.870034,
          0.0,
          -0.492991,
          0.000546,
          -0.492991,
          0.0,
          -0.870034,
          2.003648,
          0.0,
          1.0,
          0.0,
          0.685302,
          0.0,
          0.0,
          0.0,
          1.0
        ],
        [
          0.87835,
          0.0,
          -0.478019,
          0.000312,
          -0.478019,
          0.0,
          -0.87835,
          2.006045,
          0.0,
          1.0,
          0.0,
          0.685606,
          0.0,
          0.0,
          0.0,
          1.0
        ],
        [
          0.884327,
          0.0,
          -0.466868,
          0.00014,
          -0.466868,
          0.0,
          -0.884327,
          2.007821,
          0.0,
          1.0,
          0.0,
          0.685832,
          0.0,
          0.0,
          0.0,
          1.0
        ],
        [
          0.887962,
          0.0,
          -0.459916,
          3.2e-05,
          -0.459916,
          0.0,
          -0.887962,
          2.008924,
          0.0,
          1.0,
          0.0,
          0.685972,
          0.0,
          0.0,
          0.0,
          1.0
        ],
        [
          0.889198,
          0.0,
          -0.457523,
          -5e-06,
          -0.457523,
          0.0,
          -0.889198,
          2.009304,
          0.0,
          1.0,
          0.0,
          0.686021,
          0.0,
          0.0,
          0.0,
          1.0
        ]
      ]
    },
    {
      "name": "Thigh_R",
      "time": [
        0.0,
        0.0167,
        0.0333,
        0.05,
        0.0667,
        0.0833,
        0.1,
        0.1167,
        0.1333,
        0.15,
        0.1667,
        0.1833,
        0.2,
        0.2167,
        0.2333,
        0.25,
        0.2667,
        0.2833,
        0.3,
        0.3167,
        0.3333,
        0.35,
        0.3667,
        0.3833,
        0.4,
        0.4167,
        0.4333,
        0.45,
        0.4667,
        0.4833,
        0.5,
        0.5167,
        0.5333,
        0.55,
        0.5667,
        0.5833,
        0.6,
        0.6167,
        0.6333,
        0.65,
        0.6667,
        0.6833,
        0.7,
        0.7167,
        0.7333,
        0.75,
        0.7667,
        0.7833,
        0.8,
        0.8167,
        0.8333,
        0.85,
        0.8667,
        0.8833,
        0.9,
        0.9167,
        0.9333,
        0.95,
        0.9667,
        0.9833,
        1.0,
        1.0167,
        1.0333,
        1.05,
        1.0667,
        1.0833,
        1.1,
        1.1167,
        1.1333,
        1.15,
        1.1667,
        1.1833,
        1.2,
        1.2167,
        1.2333,
        1.25,
        1.2667,
        1.2833,
        1.3,
        1.3167,
        1.3333
      ],
      "transform": [
        [
          0.964599,
          0.214935,
          0.152808,
          0.124994,
          0.174865,
          -0.955022,
          0.23948,
          -0.002831,
          0.197407,
          -0.20428,
          -0.958802,
          -1.2e-05,
          0.0,
          0.0,
          0.0,
          1.0
        ],
        [
          0.964047,
          0.219187,
          0.15023,
          0.124994,
          0.174068,
          -0.948062,
          0.266222,
          -0.002831,
          0.20078,
          -0.230499,
          -0.952133,
          -1.2e-05,
          0.0,
          0.0,
          0.0,
          1.0
        ],
        [
          0.962518,
          0.230544,
          0.142857,
          0.124994,
          0.171336,
          -0.925175,
          0.338663,
          -0.002831,
          0.210244,
          -0.301491,
          -0.93,
          -1.2e-05,
          0.0,
          0.0,
          0.0,
          1.0
        ],
        [
          0.96024,
          0.246623,
          0.130828,
          0.124994,
          0.165721,
          -0.880667,
          0.443801,
          -0.002831,
          0.224668,
          -0.404473,
          -0.886524,
          -1.2e-05,
          0.0,
          0.0,
          0.0,
          1.0
        ],
        [
          0.95749,
          0.264764,
          0.11451,
          0.124994,
          0.15619,
          -0.809572,
          0.565858,
          -0.002831,
          0.242523,
          -0.523917,
          -0.816513,
          -1.2e-05,
          0.0,
          0.0,
          0.0,
          1.0
        ],
        [
          0.954552,
          0.282425,
          0.095216,
          0.124994,
          0.142247,
          -0.712439,
          0.687164,
          -0.002831,
          0.261908,
          -0.642388,
          -0.720237,
          -1.2e-05,
          0.0,
          0.0,
          0.0,
          1.0
        ],
        [
          0.951626,
          0.297855,
          0.07542,
          0.124994,
          0.124366,
          -0.597854,
          0.791898,
          -0.002831,
          0.280962,
          -0.74421,
          -0.605978,
          -1.2e-05,
          0.0,
          0.0,
          0.0,
          1.0
        ],
        [
          0.948734,
          0.310641,
          0.058353,
          0.124994,
          0.10398,
          -0.481082,
          0.870487,
          -0.002831,
          0.298481,
          -0.819791,
          -0.488721,
          -1.2e-05,
          0.0,
          0.0,
          0.0,
          1.0
        ],
        [
          0.945669,
          0.321661,
          0.047355,
          0.124994,
          0.083058,
          -0.37982,
          0.921324,
          -0.002831,
          0.314341,
          -0.867333,
          -0.385902,
          -1.2e-05,
          0.0,
          0.0,
          0.0,
          1.0
        ],
        [
          0.942023,
          0.332442,
          0.045538,
          0.124994,
          0.063642,
          -0.310264,
          0.948518,
          -0.002831,
          0.329456,
          -0.890626,
          -0.313434,
          -1.2e-05,
          0.0,
          0.0,
          0.0,
          1.0
        ],
        [
          0.937233,
          0.344171,
          0.05603,
          0.124994,
          0.047744,
          -0.285823,
          0.957092,
          -0.002831,
          0.345418,
          -0.894342,
          -0.284317,
          -1.2e-05,
          0.0,
          0.0,
          0.0,
          1.0
        ],
        [
          0.913614,
          0.371827,
          0.164478,
          0.124994,
          -0.002364,
          -0.399673,
          0.916655,
          -0.002831,
          0.406576,
          -0.837855,
          -0.364269,
          -1.2e-05,
          0.0,
          0.0,
          0.0,
          1.0
        ],
        [
          0.834319,
          0.3638,
          0.414198,
          0.124994,
          -0.074163,
          -0.670435,
          0.738251,
          -0.002831,
          0.546269,
          -0.646654,
          -0.532378,
          -1.2e-05,
          0.0,
          0.0,
          0.0,
          1.0
        ],
        [
          0.698272,
          0.224749,
          0.679635,
          0.124994,
          -0.073684,
          -0.921821,
          0.380544,
          -0.002831,
          0.71203,
          -0.3158,
          -0.627123,
          -1.2e-05,
          0.0,
          0.0,
          0.0,
          1.0
        ],
        [
          0.580814,
          0.008051,
          0.813997,
          0.124994,
          0.015302,
          -0.99988,
          -0.001029,
          -0.002831,
          0.813892,
          0.013054,
          -0.580869,
          -1.2e-05,
          0.0,
          0.0,
          0.0,
          1.0
        ],
        [
          0.549358,
          -0.133625,
          0.824833,
          0.124994,
          0.108142,
          -0.967457,
          -0.228755,
          -0.002831,
          0.828559,
          0.214868,
          -0.517031,
          -1.2e-05,
          0.0,
          0.0,
          0.0,
          1.0
        ],
        [
          0.583678,
          -0.116616,
          0.803568,
          0.124994,
          0.211631,
          -0.933579,
          -0.289203,
          -0.002831,
          0.783921,
          0.338861,
          -0.520231,
          -1.2e-05,
          0.0,
          0.0,
          0.0,
          1.0
        ],
        [
          0.626273,
          0.014048,
          0.779477,
          0.124994,
          0.350987,
          -0.897855,
          -0.26582,
          -0.002831,
          0.696124,
          0.440062,
          -0.567235,
          -1.2e-05,
          0.0,
          0.0,
          0.0,
          1.0
        ],
        [
          0.657192,
          0.169624,
          0.734389,
          0.124994,
          0.473037,
          -0.851384,
          -0.226665,
          -0.002831,
          0.5868,
          0.496355,
          -0.639763,
          -1.2e-05,
          0.0,
          0.0,
          0.0,
          1.0
        ],
        [
          0.684118,
          0.305995,
          0.66208,
          0.124994,
          0.513681,
          -0.846559,
          -0.139522,
          -0.002831,
          0.517797,
          0.435547,
          -0.736332,
          -1.2e-05,
          0.0,
          0.0,
          0.0,
          1.0
        ],
        [
          0.718072,
          0.39059,
          0.57603,
          0.124994,
          0.496056,
          -0.867771,
          -0.029963,
          -0.002831,
          0.48816,
          0.307259,
          -0.81688,
          -1.2e-05,
          0.0,
          0.0,
          0.0,
          1.0
        ],
        [
          0.75492,
          0.414368,
          0.508325,
          0.124994,
          0.466564,
          -0.88405,
          0.027749,
          -0.002831,
          0.460884,
          0.216218,
          -0.860718,
          -1.2e-05,
          0.0,
          0.0,
          0.0,
          1.0
        ],
        [
          0.789531,
          0.413604,
          0.453399,
          0.124994,
          0.430209,
          -0.899872,
          0.071743,
          -0.002831,
          0.437675,
          0.138413,
          -0.888416,
          -1.2e-05,
          0.0,
          0.0,
          0.0,
          1.0
        ],
        [
          0.821314,
          0.39494,
          0.41166,
          0.124994,
          0.388147,
          -0.915697,
          0.104104,
          -0.002831,
          0.418071,
          0.074283,
          -0.905372,
          -1.2e-05,
          0.0,
          0.0,
          0.0,
          1.0
        ],
        [
          0.849429,
          0.364031,
          0.382035,
          0.124994,
          0.342085,
          -0.931097,
          0.126619,
          -0.002831,
          0.401805,
          0.023135,
          -0.915433,
          -1.2e-05,
          0.0,
          0.0,
          0.0,
          1.0
        ],
        [
          0.873082,
          0.325853,
          0.362694,
          0.124994,
          0.294283,
          -0.945279,
          0.140862,
          -0.002831,
          0.388748,
          -0.016249,
          -0.921201,
          -1.2e-05,
          0.0,
          0.0,
          0.0,
          1.0
        ],
        [
          0.89176,
          0.284991,
          0.351488,
          0.124994,
          0.247512,
          -0.957457,
          0.14836,
          -0.002831,
          0.378816,
          -0.045303,
          -0.924363,
          -1.2e-05,
          0.0,
          0.0,
          0.0,
          1.0
        ],
        [
          0.905371,
          0.245846,
          0.34621,
          0.124994,
          0.204966,
          -0.96709,
          0.150734,
          -0.002831,
          0.371875,
          -0.065508,
          -0.925969,
          -1.2e-05,
          0.0,
          0.0,
          0.0,
          1.0
        ],
        [
          0.914273,
          0.212716,
          0.344756,
          0.124994,
          0.170117,
          -0.973969,
          0.149804,
          -0.002831,
          0.367647,
          -0.078312,
          -0.926662,
          -1.2e-05,
          0.0,
          0.0,
          0.0,
          1.0
        ],
        [
          0.919136,
          0.189824,
          0.345187,
          0.124994,
          0.146572,
          -0.978123,
          0.147609,
          -0.002831,
          0.365656,
          -0.085078,
          -0.926854,
          -1.2e-05,
          0.0,
          0.0,
          0.0,
          1.0
        ],
        [
          0.920657,
          0.181298,
          0.345718,
          0.124994,
          0.137936,
          -0.979564,
          0.146368,
          -0.002831,
          0.365189,
          -0.087068,
          -0.926853,
          -1.2e-05,
          0.0,
          0.0,
          0.0,
          1.0
        ],
        [
          0.920657,
          0.181298,
          0.345718,
          0.124994,
          0.137936,
          -0.979564,
          0.146368,
          -0.002831,
          0.365189,
          -0.087068,
          -0.926853,
          -1.2e-05,
          0.0,
          0.0,
          0.0,
          1.0
        ],
        [
          0.920657,
          0.181298,
          0.345718,
          0.124994,
          0.137936,
          -0.979564,
          0.146368,
          -0.002831,
          0.365189,
          -0.087068,
          -0.926853,
          -1.2e-05,
          0.0,
          0.0,
          0.0,
          1.0
        ],
        [
          0.920657,
          0.181298,
          0.345718,
          0.124994,
          0.137936,
          -0.979564,
          0.146368,
          -0.002831,
          0.365189,
          -0.087068,
          -0.926853,
          -1.2e-05,
          0.0,
          0.0,
          0.0,
          1.0
        ],
        [
          0.920657,
          0.181298,
          0.345718,
          0.124994,
          0.137936,
          -0.979564,
          0.146368,
          -0.002831,
          0.365189,
          -0.087068,
          -0.926853,
          -1.2e-05,
          0.0,
          0.0,
          0.0,
          1.0
        ],
        [
          0.920657,
          0.181298,
          0.345718,
          0.124994,
          0.137936,
          -0.979564,
          0.146368,
          -0.002831,
          0.365189,
          -0.087068,
          -0.926853,
          -1.2e-05,
          0.0,
          0.0,
          0.0,
          1.0
        ],
        [
          0.920657,
          0.181298,
          0.345718,
          0.124994,
          0.137936,
          -0.979564,
          0.146368,
          -0.002831,
          0.365189,
          -0.087068,
          -0.926853,
          -1.2e-05,
          0.0,
          0.0,
          0.0,
          1.0
        ],
        [
          0.920657,
          0.181298,
          0.345718,
          0.124994,
          0.137936,
          -0.979564,
          0.146368,
          -0.002831,
          0.365189,
          -0.087068,
          -0.926853,
          -1.2e-05,
          0.0,
          0.0,
          0.0,
          1.0
        ],
        [
          0.920657,
          0.181298,
          0.345718,
          0.124994,
          0.137936,
          -0.979564,
          0.146368,
          -0.002831,
          0.365189,
          -0.087068,
          -0.926853,
          -1.2e-05,
          0.0,
          0.0,
          0.0,
          1.0
        ],
        [
          0.920657,
          0.181298,
          0.345718,
          0.124994,
          0.137936,
          -0.979564,
          0.146368,
          -0.002831,
