{
  "constructor": {
    "invocation_command": "(0.2#F,epicfight_dd:biped/onehanded_dash#java.lang.String,epicfight:entity/biped#yesman.epicfight.api.model.Armature,[(0.0#F,0.0#F,2.0#F,8.0#F,20.0#F,20.0#F,MAIN_HAND#net.minecraft.world.InteractionHand,epicfight:entity/biped.Tool_R#yesman.epicfight.api.animation.Joint,(3#IMeshRenderBoost,0.2d#D,0.2d#D,0.8d#D,0.0d#D,0.0d#D,-0.75d#D)#yesman.epicfight.api.collider.MultiOBBCollider)]#yesman.epicfight.api.animation.types.AttackAnimation$Phase)#yesman.epicfight.api.animation.types.DashAttackAnimation"
  },
  "animation": [
    {
      "name": "Root",
      "time": [
        0.0,
        0.0167,
        0.0333,
        0.05,
        0.0667,
        0.0833,
        0.1,
        0.1167,
        0.1333,
        0.15,
        0.1667,
        0.1833,
        0.2,
        0.2167,
        0.2333,
        0.25,
        0.2667,
        0.2833,
        0.3,
        0.3167,
        0.3333
      ],
      "transform": [
        [
          0.839638,
          0.0,
          -0.543146,
          -5e-06,
          -0.543146,
          0.0,
          -0.839638,
          0.250841,
          0.0,
          1.0,
          0.0,
          0.517257,
          0.0,
          0.0,
          0.0,
          1.0
        ],
        [
          0.854881,
          0.0,
          -0.518824,
          -5e-06,
          -0.518824,
          0.0,
          -0.854881,
          0.268522,
          0.0,
          1.0,
          0.0,
          0.527093,
          0.0,
          0.0,
          0.0,
          1.0
        ],
        [
          0.89365,
          0.0,
          -0.448764,
          -5e-06,
          -0.448764,
          0.0,
          -0.89365,
          0.318999,
          0.0,
          1.0,
          0.0,
          0.552635,
          0.0,
          0.0,
          0.0,
          1.0
        ],
        [
          0.941895,
          0.0,
          -0.335908,
          -5e-06,
          -0.335908,
          0.0,
          -0.941895,
          0.398427,
          0.0,
          1.0,
          0.0,
          0.587934,
          0.0,
          0.0,
          0.0,
          1.0
        ],
        [
          0.982927,
          0.0,
          -0.183996,
          -5e-06,
          -0.183996,
          0.0,
          -0.982927,
          0.502959,
          0.0,
          1.0,
          0.0,
          0.627043,
          0.0,
          0.0,
          0.0,
          1.0
        ],
        [
          1.0,
          0.0,
          0.0,
          -5e-06,
          0.0,
          0.0,
          -1.0,
          0.628749,
          0.0,
          1.0,
          0.0,
          0.664013,
          0.0,
          0.0,
          0.0,
          1.0
        ],
        [
          0.978739,
          0.0,
          0.20511,
          -5e-06,
          0.20511,
          0.0,
          -0.978739,
          0.771616,
          0.0,
          1.0,
          0.0,
          0.693974,
          0.0,
          0.0,
          0.0,
          1.0
        ],
        [
          0.909653,
          0.0,
          0.415368,
          -5e-06,
          0.415368,
          0.0,
          -0.909653,
          0.926036,
          0.0,
          1.0,
          0.0,
          0.716369,
          0.0,
          0.0,
          0.0,
          1.0
        ],
        [
          0.792426,
          0.0,
          0.609968,
          -5e-06,
          0.609968,
          0.0,
          -0.792426,
          1.086151,
          0.0,
          1.0,
          0.0,
          0.73172,
          0.0,
          0.0,
          0.0,
          1.0
        ],
        [
          0.638868,
          0.0,
          0.769316,
          -5e-06,
          0.769316,
          0.0,
          -0.638868,
          1.246104,
          0.0,
          1.0,
          0.0,
          0.740548,
          0.0,
          0.0,
          0.0,
          1.0
        ],
        [
          0.470482,
          0.0,
          0.88241,
          -5e-06,
          0.88241,
          0.0,
          -0.470482,
          1.400037,
          0.0,
          1.0,
          0.0,
          0.743375,
          0.0,
          0.0,
          0.0,
          1.0
        ],
        [
          0.309417,
          0.0,
          0.950926,
          -5e-06,
          0.950926,
          0.0,
          -0.309417,
          1.542968,
          0.0,
          1.0,
          0.0,
          0.738224,
          0.0,
          0.0,
          0.0,
          1.0
        ],
        [
          0.165358,
          0.0,
          0.986234,
          -5e-06,
          0.986234,
          0.0,
          -0.165358,
          1.673416,
          0.0,
          1.0,
          0.0,
          0.724244,
          0.0,
          0.0,
          0.0,
          1.0
        ],
        [
          0.041058,
          0.0,
          0.999157,
          -5e-06,
          0.999157,
          0.0,
          -0.041058,
          1.790779,
          0.0,
          1.0,
          0.0,
          0.703642,
          0.0,
          0.0,
          0.0,
          1.0
        ],
        [
          -0.063347,
          0.0,
          0.997991,
          -5e-06,
          0.997991,
          0.0,
          0.063347,
          1.894451,
          0.0,
          1.0,
          0.0,
          0.678625,
          0.0,
          0.0,
          0.0,
          1.0
        ],
        [
          -0.14885,
          0.0,
          0.98886,
          -5e-06,
          0.98886,
          0.0,
          0.14885,
          1.983831,
          0.0,
          1.0,
          0.0,
          0.651401,
          0.0,
          0.0,
          0.0,
          1.0
        ],
        [
          -0.216747,
          0.0,
          0.976228,
          -5e-06,
          0.976228,
          0.0,
          0.216747,
          2.058314,
          0.0,
          1.0,
          0.0,
          0.624177,
          0.0,
          0.0,
          0.0,
          1.0
        ],
        [
          -0.268249,
          0.0,
          0.963349,
          -5e-06,
          0.963349,
          0.0,
          0.268249,
          2.117296,
          0.0,
          1.0,
          0.0,
          0.599161,
          0.0,
          0.0,
          0.0,
          1.0
        ],
        [
          -0.304315,
          0.0,
          0.952572,
          -5e-06,
          0.952572,
          0.0,
          0.304315,
          2.160173,
          0.0,
          1.0,
          0.0,
          0.578559,
          0.0,
          0.0,
          0.0,
          1.0
        ],
        [
          -0.325626,
          0.0,
          0.945499,
          -5e-06,
          0.945499,
          0.0,
          0.325626,
          2.186342,
          0.0,
          1.0,
          0.0,
          0.564579,
          0.0,
          0.0,
          0.0,
          1.0
        ],
        [
          -0.332646,
          0.0,
          0.943052,
          -5e-06,
          0.943052,
          0.0,
          0.332646,
          2.195199,
          0.0,
          1.0,
          0.0,
          0.559428,
          0.0,
          0.0,
          0.0,
          1.0
        ]
      ]
    },
    {
      "name": "Thigh_R",
      "time": [
        0.0,
        0.0167,
        0.0333,
        0.05,
        0.0667,
        0.0833,
        0.1,
        0.1167,
        0.1333,
        0.15,
        0.1667,
        0.1833,
        0.2,
        0.2167,
        0.2333,
        0.25,
        0.2667,
        0.2833,
        0.3,
        0.3167,
        0.3333
      ],
      "transform": [
        [
          0.503314,
          0.554911,
          0.662381,
          0.124994,
          0.767595,
          -0.639147,
          -0.047812,
          -0.002831,
          0.396828,
          0.532504,
          -0.74764,
          -1.2e-05,
          0.0,
          0.0,
          0.0,
          1.0
        ],
        [
          0.495832,
          0.557772,
          0.665613,
          0.124994,
          0.762122,
          -0.646925,
          -0.025611,
          -0.002831,
          0.416317,
          0.519976,
          -0.745858,
          -1.2e-05,
          0.0,
          0.0,
          0.0,
          1.0
        ],
        [
          0.48076,
          0.564006,
          0.671391,
          0.124994,
          0.742971,
          -0.668662,
          0.029699,
          -0.002831,
          0.465684,
          0.484545,
          -0.740509,
          -1.2e-05,
          0.0,
          0.0,
          0.0,
          1.0
        ],
        [
          0.469383,
          0.5698,
          0.674541,
          0.124994,
          0.705847,
          -0.701114,
          0.101082,
          -0.002831,
          0.530527,
          0.428676,
          -0.731285,
          -1.2e-05,
          0.0,
          0.0,
          0.0,
          1.0
        ],
        [
          0.473105,
          0.569865,
          0.671881,
          0.124994,
          0.648692,
          -0.741355,
          0.172017,
          -0.002831,
          0.596129,
          0.354461,
          -0.720407,
          -1.2e-05,
          0.0,
          0.0,
          0.0,
          1.0
        ],
        [
          0.50257,
          0.55629,
          0.661789,
          0.124994,
          0.572177,
          -0.787869,
          0.227757,
          -0.002831,
          0.648102,
          0.264196,
          -0.714257,
          -1.2e-05,
          0.0,
          0.0,
          0.0,
          1.0
        ],
        [
          0.601605,
          0.525172,
          0.601884,
          0.124994,
          0.486549,
          -0.838503,
          0.245314,
          -0.002831,
          0.633515,
          0.145264,
          -0.759972,
          -1.2e-05,
          0.0,
          0.0,
          0.0,
          1.0
        ],
        [
          0.757149,
          0.463577,
          0.46024,
          0.124994,
          0.39871,
          -0.886043,
          0.236547,
          -0.002831,
          0.517451,
          0.004401,
          -0.855702,
          -1.2e-05,
          0.0,
          0.0,
          0.0,
          1.0
        ],
        [
          0.889556,
          0.368313,
          0.270249,
          0.124994,
          0.311426,
          -0.921736,
          0.231112,
          -0.002831,
          0.33422,
          -0.121423,
          -0.934641,
          -1.2e-05,
          0.0,
          0.0,
          0.0,
          1.0
        ],
        [
          0.957359,
          0.270305,
          0.101965,
          0.124994,
          0.239564,
          -0.940044,
          0.242739,
          -0.002831,
          0.161465,
          -0.207961,
          -0.964719,
          -1.2e-05,
          0.0,
          0.0,
          0.0,
          1.0
        ],
        [
          0.976326,
          0.214277,
          0.029536,
          0.124994,
          0.198481,
          -0.941767,
          0.271435,
          -0.002831,
          0.085978,
          -0.259145,
          -0.962004,
          -1.2e-05,
          0.0,
          0.0,
          0.0,
          1.0
        ],
        [
          0.980451,
          0.195003,
          0.026231,
          0.124994,
          0.177899,
          -0.935508,
          0.305243,
          -0.002831,
          0.084062,
          -0.294609,
          -0.951914,
          -1.2e-05,
          0.0,
          0.0,
          0.0,
          1.0
        ],
        [
          0.983452,
          0.179576,
          0.02393,
          0.124994,
          0.161459,
          -0.928709,
          0.333806,
          -0.002831,
          0.082168,
          -0.324418,
          -0.942338,
          -1.2e-05,
          0.0,
          0.0,
          0.0,
          1.0
        ],
        [
          0.985602,
          0.167598,
          0.02232,
          0.124994,
          0.14868,
          -0.921967,
          0.357587,
          -0.002831,
          0.080509,
          -0.349119,
          -0.933614,
          -1.2e-05,
          0.0,
          0.0,
          0.0,
          1.0
        ],
        [
          0.987108,
          0.158647,
          0.021174,
          0.124994,
          0.139084,
          -0.915699,
          0.377025,
          -0.002831,
          0.079203,
          -0.369218,
          -0.925961,
          -1.2e-05,
          0.0,
          0.0,
          0.0,
          1.0
        ],
        [
          0.988126,
          0.15229,
          0.020338,
          0.124994,
          0.132199,
          -0.910186,
          0.392532,
          -0.002831,
          0.07829,
          -0.385181,
          -0.919514,
          -1.2e-05,
          0.0,
          0.0,
          0.0,
          1.0
        ],
        [
          0.988777,
          0.148087,
          0.019714,
          0.124994,
          0.127566,
          -0.905601,
          0.404487,
          -0.002831,
          0.077752,
          -0.397432,
          -0.914332,
          -1.2e-05,
          0.0,
          0.0,
          0.0,
          1.0
        ],
        [
          0.989156,
          0.145597,
          0.019246,
          0.124994,
          0.124734,
          -0.902037,
          0.41324,
          -0.002831,
          0.077527,
          -0.406357,
          -0.910419,
          -1.2e-05,
          0.0,
          0.0,
          0.0,
          1.0
        ],
        [
          0.989342,
          0.144375,
          0.01891,
          0.124994,
          0.123258,
          -0.899525,
          0.419117,
          -0.002831,
          0.07752,
          -0.412318,
          -0.907736,
          -1.2e-05,
          0.0,
          0.0,
          0.0,
          1.0
        ],
        [
          0.989405,
          0.143972,
          0.018701,
          0.124994,
          0.122695,
          -0.898052,
          0.422427,
          -0.002831,
          0.077612,
          -0.415656,
          -0.906204,
          -1.2e-05,
          0.0,
          0.0,
          0.0,
          1.0
        ],
        [
          0.989411,
          0.143938,
          0.018628,
          0.124994,
          0.122606,
          -0.897575,
          0.423466,
          -0.002831,
          0.077673,
          -0.416696,
          -0.905721,
          -1.2e-05,
          0.0,
          0.0,
          0.0,
          1.0
        ]
      ]
    },
    {
      "name": "Leg_R",
      "time": [
        0.0,
        0.0167,
        0.0333,
        0.05,
        0.0667,
        0.0833,
        0.1,
        0.1167,
        0.1333,
        0.15,
        0.1667,
        0.1833,
        0.2,
        0.2167,
        0.2333,
        0.25,
        0.2667,
        0.2833,
        0.3,
        0.3167,
        0.3333
      ],
      "transform": [
        [
          1.0,
          0.0,
          1e-06,
          -0.0,
          -0.0,
          0.97403,
          0.22642,
          0.37472,
          -1e-06,
          -0.22642,
          0.974029,
          -0.0,
          0.0,
          0.0,
          0.0,
          1.0
        ],
        [
          1.0,
          0.0,
          1e-06,
          0.0,
          -0.0,
          0.952634,
          0.30412,
          0.37472,
          -1e-06,
          -0.304121,
          0.952633,
          -0.0,
          0.0,
          0.0,
          0.0,
          1.0
        ],
        [
          1.0,
          -0.0,
          1e-06,
          -0.0,
          -0.0,
          0.867256,
          0.497864,
          0.37472,
          -1e-06,
          -0.497865,
          0.867254,
          -0.0,
          0.0,
          0.0,
          0.0,
          1.0
        ],
        [
          1.0,
          -0.0,
          1e-06,
          -0.0,
          -0.0,
          0.688486,
          0.725249,
          0.37472,
          -1e-06,
          -0.72525,
          0.688485,
          -0.0,
          0.0,
          0.0,
          0.0,
          1.0
        ],
        [
          1.0,
          -1e-06,
          1e-06,
          -0.0,
          -0.0,
          0.468994,
          0.883201,
          0.37472,
          -1e-06,
          -0.883202,
          0.468993,
          0.0,
          0.0,
          0.0,
          0.0,
          1.0
        ],
        [
          1.0,
          -1e-06,
          0.0,
          -0.0,
          -0.0,
          0.360144,
          0.932896,
          0.37472,
          -1e-06,
          -0.932897,
          0.360144,
          -0.0,
          0.0,
          0.0,
          0.0,
          1.0
        ],
        [
          1.0,
          -1e-06,
          1e-06,
          -0.0,
          -0.0,
          0.426486,
          0.904494,
          0.37472,
          -1e-06,
          -0.904495,
          0.426485,
          0.0,
          0.0,
          0.0,
          0.0,
          1.0
        ],
        [
          1.0,
          -0.0,
          1e-06,
          -0.0,
          -0.0,
          0.584071,
          0.811702,
          0.37472,
          -1e-06,
          -0.811704,
          0.58407,
          -0.0,
          0.0,
          0.0,
          0.0,
          1.0
        ],
        [
          1.0,
          -0.0,
          1e-06,
          -0.0,
          -0.0,
          0.758481,
          0.651695,
          0.37472,
          -1e-06,
          -0.651696,
          0.75848,
          -0.0,
          0.0,
          0.0,
          0.0,
          1.0
        ],
        [
          1.0,
          -0.0,
          1e-06,
          -0.0,
          -0.0,
          0.878316,
          0.478081,
          0.37472,
          -1e-06,
          -0.478082,
          0.878315,
          -0.0,
          0.0,
          0.0,
          0.0,
          1.0
        ],
        [
          1.0,
          -0.0,
          1e-06,
          0.0,
          -0.0,
          0.918148,
          0.396239,
          0.37472,
          -1e-06,
          -0.39624,
          0.918146,
          0.0,
          0.0,
          0.0,
          0.0,
          1.0
        ],
        [
          1.0,
          -0.0,
          1e-06,
          -0.0,
          -0.0,
          0.90936,
          0.416011,
          0.37472,
          -1e-06,
          -0.416012,
          0.909359,
          -0.0,
          0.0,
          0.0,
          0.0,
          1.0
        ],
        [
          1.0,
          -0.0,
          1e-06,
          -0.0,
          -0.0,
          0.8829,
          0.469561,
          0.37472,
          -1e-06,
          -0.469562,
          0.882899,
          -0.0,
          0.0,
          0.0,
          0.0,
          1.0
        ],
        [
          1.0,
          -0.0,
          1e-06,
          -0.0,
          -0.0,
          0.836777,
          0.547544,
          0.37472,
          -1e-06,
          -0.547545,
          0.836776,
          -0.0,
          0.0,
          0.0,
          0.0,
          1.0
        ],
        [
          1.0,
          -0.0,
          1e-06,
          -0.0,
          -0.0,
          0.769117,
          0.639108,
          0.37472,
          -1e-06,
          -0.639109,
          0.769116,
          0.0,
          0.0,
          0.0,
          0.0,
          1.0
        ],
        [
          1.0,
          -0.0,
          1e-06,
          -0.0,
          -0.0,
          0.68111,
          0.732181,
          0.37472,
          -1e-06,
          -0.732182,
          0.681109,
          0.0,
          0.0,
          0.0,
          0.0,
          1.0
        ],
        [
          1.0,
          -0.0,
          1e-06,
          -0.0,
          -0.0,
          0.579035,
          0.815302,
          0.37472,
          -1e-06,
          -0.815304,
          0.579034,
          0.0,
          0.0,
          0.0,
          0.0,
          1.0
        ],
        [
          1.0,
          -1e-06,
          1e-06,
          -0.0,
          -0.0,
          0.474364,
          0.880329,
          0.37472,
          -1e-06,
          -0.88033,
          0.474363,
          0.0,
          0.0,
          0.0,
          0.0,
          1.0
        ],
        [
          1.0,
          -1e-06,
          0.0,
          -0.0,
          -0.0,
          0.381788,
          0.924249,
          0.37472,
          -1e-06,
          -0.924251,
          0.381788,
          0.0,
          0.0,
          0.0,
          0.0,
          1.0
        ],
        [
          1.0,
          -1e-06,
          0.0,
          -0.0,
          -0.0,
          0.31643,
          0.948615,
          0.37472,
          -1e-06,
          -0.948617,
          0.316429,
          0.0,
          0.0,
          0.0,
          0.0,
          1.0
        ],
        [
          1.0,
          -1e-06,
          0.0,
          -0.0,
          -0.0,
          0.291943,
          0.956435,
          0.37472,
          -1e-06,
          -0.956436,
          0.291943,
          -0.0,
          0.0,
          0.0,
          0.0,
          1.0
        ]
      ]
    },
    {
      "name": "Knee_R",
      "time": [
        0.0,
        0.0167,
        0.0333,
        0.05,
        0.0667,
        0.0833,
        0.1,
        0.1167,
        0.1333,
        0.15,
        0.1667,
        0.1833,
        0.2,
        0.2167,
        0.2333,
        0.25,
        0.2667,
        0.2833,
        0.3,
        0.3167,
        0.3333
      ],
      "transform": [
        [
          1.0,
          0.0,
          -0.0,
          -0.0,
          -0.0,
          1e-06,
          -1.0,
          0.37472,
          -0.0,
          1.0,
          1e-06,
          -0.0,
          0.0,
          0.0,
          0.0,
          1.0
        ],
        [
          1.0,
          0.0,
          -0.0,
          0.0,
          -0.0,
          1e-06,
          -1.0,
          0.37472,
          -0.0,
          1.0,
          1e-06,
          0.0,
          0.0,
          0.0,
          0.0,
          1.0
        ],
        [
          1.0,
          0.0,
          -0.0,
          0.0,
          -0.0,
          1e-06,
          -1.0,
          0.37472,
          -0.0,
          1.0,
          1e-06,
          0.0,
          0.0,
          0.0,
          0.0,
          1.0
        ],
        [
          1.0,
          0.0,
          -0.0,
          -0.0,
          -0.0,
          1e-06,
          -1.0,
          0.404951,
          -0.0,
          1.0,
          1e-06,
          -0.0,
          0.0,
          0.0,
          0.0,
          1.0
        ],
        [
          1.0,
          0.0,
          -0.0,
          -0.0,
          -0.0,
          1e-06,
          -1.0,
          0.433444,
          -0.0,
          1.0,
          1e-06,
          -0.0,
          0.0,
          0.0,
          0.0,
          1.0
        ],
        [
          1.0,
          -0.0,
          -0.0,
          -0.0,
          -0.0,
          1e-06,
          -1.0,
          0.44602,
          -0.0,
          1.0,
          1e-06,
          -0.0,
          0.0,
          0.0,
          0.0,
          1.0
        ],
        [
          1.0,
          0.0,
          -0.0,
          -0.0,
          -0.0,
          1e-06,
          -1.0,
          0.438438,
          -0.0,
          1.0,
          1e-06,
          -0.0,
          0.0,
          0.0,
          0.0,
          1.0
        ],
        [
          1.0,
          0.0,
          -0.0,
          0.0,
          -0.0,
          1e-06,
          -1.0,
          0.419202,
          -0.0,
          1.0,
          1e-06,
          -0.0,
          0.0,
          0.0,
          0.0,
          1.0
        ],
        [
          1.0,
          0.0,
          -0.0,
          -0.0,
          -0.0,
          1e-06,
          -1.0,
          0.394281,
          -0.0,
          1.0,
          1e-06,
          -0.0,
          0.0,
          0.0,
          0.0,
          1.0
        ],
        [
          1.0,
          0.0,
          -0.0,
          0.0,
          -0.0,
          1e-06,
          -1.0,
          0.37472,
          -0.0,
          1.0,
          1e-06,
          -0.0,
          0.0,
          0.0,
          0.0,
          1.0
        ],
        [
          1.0,
          0.0,
          -0.0,
          -0.0,
          -0.0,
          1e-06,
          -1.0,
          0.37472,
          -0.0,
          1.0,
          1e-06,
          0.0,
          0.0,
          0.0,
          0.0,
          1.0
        ],
        [
          1.0,
          0.0,
          -0.0,
          0.0,
          -0.0,
          1e-06,
          -1.0,
          0.37472,
          -0.0,
          1.0,
          1e-06,
          0.0,
          0.0,
          0.0,
          0.0,
          1.0
        ],
        [
          1.0,
          0.0,
          -0.0,
          -0.0,
          -0.0,
          1e-06,
          -1.0,
          0.37472,
          -0.0,
          1.0,
          1e-06,
          -0.0,
          0.0,
          0.0,
          0.0,
          1.0
        ],
        [
          1.0,
          0.0,
          -0.0,
          -0.0,
          -0.0,
          1e-06,
          -1.0,
          0.380584,
          -0.0,
          1.0,
          1e-06,
          -0.0,
          0.0,
          0.0,
          0.0,
          1.0
        ],
        [
          1.0,
          0.0,
          -0.0,
          -0.0,
          -0.0,
          1e-06,
          -1.0,
          0.39255,
          -0.0,
          1.0,
          1e-06,
          -0.0,
          0.0,
          0.0,
          0.0,
          1.0
        ],
        [
          1.0,
          0.0,
          -0.0,
          -0.0,
          -0.0,
          1e-06,
          -1.0,
          0.406014,
          -0.0,
          1.0,
          1e-06,
          -0.0,
          0.0,
          0.0,
          0.0,
          1.0
        ],
        [
          1.0,
          0.0,
          -0.0,
          0.0,
          -0.0,
          1e-06,
          -1.0,
          0.419852,
          -0.0,
          1.0,
          1e-06,
          0.0,
          0.0,
          0.0,
          0.0,
          1.0
        ],
        [
          1.0,
          0.0,
          -0.0,
          -0.0,
          -0.0,
          1e-06,
          -1.0,
          0.432804,
          -0.0,
          1.0,
          1e-06,
          0.0,
          0.0,
          0.0,
          0.0,
          1.0
        ],
        [
          1.0,
          0.0,
          -0.0,
          -0.0,
          -0.0,
          1e-06,
          -1.0,
          0.443572,
          -0.0,
          1.0,
          1e-06,
          0.0,
          0.0,
          0.0,
          0.0,
          1.0
        ],
        [
          1.0,
          0.0,
          -0.0,
          -0.0,
          -0.0,
          1e-06,
          -1.0,
          0.4509,
          -0.0,
          1.0,
          1e-06,
          0.0,
          0.0,
          0.0,
          0.0,
          1.0
        ],
        [
          1.0,
          0.0,
          -0.0,
          -0.0,
          -0.0,
          1e-06,
          -1.0,
          0.4536,
          -0.0,
          1.0,
          1e-06,
          -0.0,
          0.0,
          0.0,
          0.0,
          1.0
        ]
      ]
    },
    {
      "name": "Thigh_L",
      "time": [
        0.0,
        0.0167,
        0.0333,
        0.05,
        0.0667,
        0.0833,
        0.1,
        0.1167,
        0.1333,
        0.15,
        0.1667,
        0.1833,
        0.2,
        0.2167,
        0.2333,
        0.25,
        0.2667,
        0.2833,
        0.3,
        0.3167,
        0.3333
      ],
      "transform": [
        [
          0.910265,
          -0.23225,
          0.342749,
          -0.125006,
          -0.412979,
          -0.568138,
          0.711805,
          -0.002831,
          0.029412,
          -0.789479,
          -0.613072,
          -1.2e-05,
          0.0,
          0.0,
          0.0,
          1.0
        ],
        [
          0.920879,
          -0.207333,
          0.330143,
          -0.125006,
          -0.386847,
          -0.590851,
          0.707985,
          -0.002831,
          0.048277,
          -0.779683,
          -0.624309,
          -1.2e-05,
          0.0,
          0.0,
          0.0,
          1.0
        ],
        [
          0.942336,
          -0.147014,
          0.300648,
          -0.125006,
          -0.321561,
          -0.646684,
          0.691663,
          -0.002831,
          0.09274,
          -0.748455,
          -0.656668,
          -1.2e-05,
          0.0,
          0.0,
          0.0,
          1.0
        ],
        [
          0.960652,
          -0.07395,
          0.26773,
          -0.125006,
          -0.237802,
          -0.717035,
          0.655217,
          -0.002831,
          0.143518,
          -0.693102,
          -0.706407,
          -1.2e-05,
          0.0,
          0.0,
          0.0,
          1.0
        ],
        [
          0.969746,
          -0.014412,
          0.24369,
          -0.125006,
          -0.160942,
          -0.788324,
          0.593836,
          -0.002831,
          0.183548,
          -0.61509,
          -0.766794,
          -1.2e-05,
          0.0,
          0.0,
          0.0,
          1.0
        ],
        [
          0.971843,
          0.002665,
          0.235612,
          -0.125006,
          -0.120352,
          -0.854045,
          0.506084,
          -0.002831,
          0.202573,
          -0.52019,
          -0.829678,
          -1.2e-05,
          0.0,
          0.0,
          0.0,
          1.0
        ],
        [
          0.982502,
          -0.028271,
          0.184093,
          -0.125006,
          -0.101395,
          -0.910293,
          0.401353,
          -0.002831,
          0.156232,
          -0.412996,
          -0.897232,
          -1.2e-05,
          0.0,
          0.0,
          0.0,
          1.0
        ],
        [
          0.995814,
          -0.073385,
          0.054486,
          -0.125006,
          -0.086218,
          -0.952072,
          0.293467,
          -0.002831,
          0.030338,
          -0.296936,
          -0.954415,
          -1.2e-05,
          0.0,
          0.0,
          0.0,
          1.0
        ],
        [
          0.988036,
          -0.112965,
          -0.104989,
          -0.125006,
          -0.090711,
          -0.976249,
          0.196741,
          -0.002831,
          -0.12472,
          -0.184863,
          -0.974818,
          -1.2e-05,
          0.0,
          0.0,
          0.0,
          1.0
        ],
        [
          0.960888,
          -0.143625,
          -0.23678,
          -0.125006,
          -0.114927,
          -0.984709,
          0.13091,
          -0.002831,
          -0.251962,
          -0.098577,
          -0.962703,
          -1.2e-05,
          0.0,
          0.0,
          0.0,
          1.0
        ],
        [
          0.94104,
          -0.175422,
          -0.289256,
          -0.125006,
          -0.149165,
          -0.982603,
          0.110629,
          -0.002831,
          -0.30363,
          -0.060959,
          -0.950837,
          -1.2e-05,
          0.0,
          0.0,
          0.0,
          1.0
        ],
        [
          0.933792,
          -0.21522,
          -0.285853,
          -0.125006,
          -0.186547,
          -0.974544,
          0.124345,
          -0.002831,
          -0.305339,
          -0.062787,
          -0.950171,
          -1.2e-05,
          0.0,
          0.0,
          0.0,
          1.0
        ],
        [
          0.923981,
          -0.260287,
          -0.280194,
          -0.125006,
          -0.224924,
          -0.962399,
          0.152303,
          -0.002831,
          -0.309301,
          -0.077703,
          -0.947784,
          -1.2e-05,
          0.0,
          0.0,
          0.0,
          1.0
        ],
        [
          0.911727,
          -0.308124,
          -0.271684,
          -0.125006,
          -0.262852,
          -0.945823,
          0.190593,
          -0.002831,
          -0.315691,
          -0.102356,
          -0.943325,
          -1.2e-05,
          0.0,
          0.0,
          0.0,
          1.0
        ],
        [
          0.897479,
          -0.356172,
          -0.26014,
          -0.125006,
          -0.298848,
          -0.924851,
          0.235242,
          -0.002831,
          -0.324377,
          -0.133382,
          -0.936477,
          -1.2e-05,
          0.0,
          0.0,
          0.0,
          1.0
        ],
        [
          0.882022,
          -0.401924,
          -0.245951,
          -0.125006,
          -0.33151,
          -0.900233,
          0.282277,
          -0.002831,
          -0.334868,
          -0.167439,
          -0.927269,
          -1.2e-05,
          0.0,
          0.0,
          0.0,
          1.0
        ],
        [
          0.866441,
          -0.443077,
          -0.230135,
          -0.125006,
          -0.359646,
          -0.873587,
          0.327871,
          -0.002831,
          -0.346315,
          -0.201313,
          -0.916263,
          -1.2e-05,
          0.0,
          0.0,
          0.0,
          1.0
        ],
        [
          0.852019,
          -0.477651,
          -0.21427,
          -0.125006,
          -0.382365,
          -0.847353,
          0.368494,
          -0.002831,
          -0.357574,
          -0.232035,
          -0.904599,
          -1.2e-05,
          0.0,
          0.0,
          0.0,
          1.0
        ],
        [
          0.840131,
          -0.504027,
          -0.200338,
          -0.125006,
          -0.399077,
          -0.824584,
          0.400996,
          -0.002831,
          -0.367308,
          -0.256938,
          -0.893905,
          -1.2e-05,
          0.0,
          0.0,
          0.0,
          1.0
        ],
        [
          0.832122,
          -0.520848,
          -0.190496,
          -0.125006,
          -0.4094,
          -0.80861,
          0.422539,
          -0.002831,
          -0.374116,
          -0.273615,
          -0.886099,
          -1.2e-05,
          0.0,
          0.0,
          0.0,
          1.0
        ],
        [
          0.829213,
          -0.526789,
          -0.186809,
          -0.125006,
          -0.412958,
          -0.80265,
          0.430367,
          -0.002831,
          -0.376655,
          -0.279722,
          -0.883111,
          -1.2e-05,
          0.0,
          0.0,
          0.0,
          1.0
        ]
      ]
    },
    {
      "name": "Leg_L",
      "time": [
        0.0,
        0.0167,
        0.0333,
        0.05,
        0.0667,
        0.0833,
        0.1,
        0.1167,
        0.1333,
        0.15,
        0.1667,
        0.1833,
        0.2,
        0.2167,
        0.2333,
        0.25,
        0.2667,
        0.2833,
        0.3,
        0.3167,
        0.3333
      ],
      "transform": [
        [
          1.0,
          -0.0,
          1e-06,
          0.0,
          -0.0,
          0.736007,
          0.676974,
          0.37472,
          -1e-06,
          -0.676973,
          0.736008,
          -0.0,
          0.0,
          0.0,
          0.0,
          1.0
        ],
        [
          1.0,
          -0.0,
          1e-06,
          0.0,
          -0.0,
          0.74216,
          0.670222,
          0.37472,
          -1e-06,
          -0.670222,
          0.742161,
          0.0,
          0.0,
          0.0,
          0.0,
          1.0
        ],
        [
          1.0,
          -0.0,
          1e-06,
          -0.0,
          -0.0,
          0.759101,
          0.650972,
          0.37472,
          -1e-06,
          -0.650972,
          0.759102,
          0.0,
          0.0,
          0.0,
          0.0,
          1.0
        ],
        [
          1.0,
          -0.0,
          1e-06,
          -0.0,
          -0.0,
          0.784478,
          0.620157,
          0.37472,
          -1e-06,
          -0.620157,
          0.784478,
          0.0,
          0.0,
          0.0,
          0.0,
          1.0
        ],
        [
          1.0,
          -0.0,
          1e-06,
          -0.0,
          -0.0,
          0.814344,
          0.580382,
          0.37472,
          -1e-06,
          -0.580382,
          0.814344,
          -0.0,
          0.0,
          0.0,
          0.0,
          1.0
        ],
        [
          1.0,
          -0.0,
          1e-06,
          -0.0,
          -0.0,
          0.842164,
          0.539222,
          0.37472,
          -1e-06,
          -0.539221,
          0.842164,
          0.0,
          0.0,
          0.0,
          0.0,
          1.0
        ],
        [
          1.0,
          -0.0,
          1e-06,
          -0.0,
          -0.0,
          0.887071,
          0.461633,
          0.37472,
          -1e-06,
          -0.461633,
          0.887072,
          0.0,
          0.0,
          0.0,
          0.0,
          1.0
        ],
        [
          1.0,
          -0.0,
          1e-06,
          0.0,
          -0.0,
          0.932075,
          0.362265,
          0.37472,
          -1e-06,
          -0.362264,
          0.932076,
          0.0,
          0.0,
          0.0,
          0.0,
          1.0
        ],
        [
          1.0,
          0.0,
          1e-06,
          -0.0,
          -0.0,
          0.95711,
          0.289723,
          0.37472,
          -1e-06,
          -0.289723,
          0.957111,
          -0.0,
          0.0,
          0.0,
          0.0,
          1.0
        ],
        [
          1.0,
          0.0,
          1e-06,
          0.0,
          -0.0,
          0.968528,
          0.248905,
          0.37472,
          -1e-06,
          -0.248905,
          0.968528,
          0.0,
          0.0,
          0.0,
          0.0,
          1.0
        ],
        [
          1.0,
          0.0,
          1e-06,
          -0.0,
          -0.0,
          0.971905,
          0.235371,
          0.37472,
          -1e-06,
          -0.235371,
          0.971906,
          0.0,
          0.0,
          0.0,
          0.0,
          1.0
        ],
        [
          1.0,
          0.0,
          1e-06,
          0.0,
          -0.0,
          0.967479,
          0.252952,
          0.37472,
          -1e-06,
          -0.252952,
          0.967479,
          0.0,
          0.0,
          0.0,
          0.0,
          1.0
        ],
        [
          1.0,
          -0.0,
          1e-06,
          0.0,
          -0.0,
          0.953778,
          0.300511,
          0.37472,
          -1e-06,
          -0.30051,
          0.953779,
          -0.0,
          0.0,
          0.0,
          0.0,
          1.0
        ],
        [
          1.0,
          -0.0,
          1e-06,
          0.0,
          -0.0,
          0.929092,
          0.369847,
          0.37472,
          -1e-06,
          -0.369847,
          0.929093,
          0.0,
          0.0,
          0.0,
          0.0,
          1.0
        ],
        [
          1.0,
          -0.0,
          1e-06,
          -0.0,
          -0.0,
          0.89199,
          0.452055,
          0.37472,
          -1e-06,
          -0.452055,
          0.89199,
          0.0,
          0.0,
          0.0,
          0.0,
          1.0
        ],
        [
          1.0,
          -0.0,
          1e-06,
          -0.0,
          -0.0,
          0.843036,
          0.537857,
          0.37472,
          -1e-06,
          -0.537857,
          0.843036,
          -0.0,
          0.0,
          0.0,
          0.0,
          1.0
        ],
        [
          1.0,
          -0.0,
          1e-06,
          0.0,
          -0.0,
          0.78573,
          0.61857,
          0.37472,
          -1e-06,
          -0.61857,
          0.78573,
          -0.0,
          0.0,
          0.0,
          0.0,
          1.0
        ],
        [
          1.0,
          -0.0,
          1e-06,
          0.0,
          -0.0,
          0.72643,
          0.687241,
          0.37472,
          -1e-06,
          -0.68724,
          0.72643,
          -0.0,
          0.0,
          0.0,
          0.0,
          1.0
        ],
        [
          1.0,
