{
    "animation": [
        {
            "name": "Root",
            "time": [0.0, 0.0167, 0.0333, 0.05, 0.0667, 0.0833, 0.1, 0.1167, 0.1333, 0.15, 0.1667, 0.1833, 0.2, 0.2167, 0.2333, 0.25, 0.2667, 0.2833, 0.3, 0.3167, 0.3333, 0.35, 0.3667, 0.3833, 0.4, 0.4167, 0.4333, 0.45, 0.4667, 0.4833, 0.5, 0.5167, 0.5333, 0.55, 0.5667, 0.5833, 0.6, 0.6167, 0.6333, 0.65, 0.6667, 0.6833, 0.7, 0.7167, 0.7333, 0.75, 0.7667, 0.7833, 0.8, 0.8167, 0.8333, 0.85, 0.8667, 0.8833, 0.9, 0.9167, 0.9333, 0.95, 0.9667, 0.9833, 1.0, 1.0167, 1.0333, 1.05, 1.0667, 1.0833, 1.1, 1.1167, 1.1333, 1.15, 1.1667, 1.1833, 1.2, 1.2167, 1.2333, 1.25, 1.2667, 1.2833, 1.3, 1.3167, 1.3333, 1.35, 1.3667, 1.3833, 1.4, 1.4167, 1.4333, 1.45, 1.4667, 1.4833, 1.5, 1.5167, 1.5333, 1.55, 1.5667, 1.5833, 1.6, 1.6167, 1.6333, 1.65, 1.6667, 1.6833, 1.7, 1.7167, 1.7333, 1.75, 1.7667, 1.7833, 1.8, 1.8167, 1.8333, 1.85, 1.8667, 1.8833, 1.9, 1.9167, 1.9333, 1.95, 1.9667, 1.9833, 2.0, 2.0167, 2.0333, 2.05, 2.0667, 2.0833, 2.1, 2.1167, 2.1333, 2.15, 2.1667, 2.1833, 2.2, 2.2167, 2.2333, 2.25, 2.2667, 2.2833, 2.3, 2.3167, 2.3333, 2.35, 2.3667, 2.3833, 2.4, 2.4167, 2.4333, 2.45, 2.4667, 2.4833, 2.5, 2.5167, 2.5333, 2.55, 2.5667, 2.5833, 2.6, 2.6167, 2.6333, 2.65, 2.6667, 2.6833, 2.7, 2.7167, 2.7333, 2.75, 2.7667, 2.7833, 2.8, 2.8167, 2.8333, 2.85, 2.8667, 2.8833, 2.9, 2.9167, 2.9333, 2.95, 2.9667, 2.9833, 3.0, 3.0167, 3.0333, 3.05, 3.0667, 3.0833, 3.1, 3.1167, 3.1333, 3.15, 3.1667, 3.1833, 3.2, 3.2167, 3.2333, 3.25, 3.2667, 3.2833, 3.3, 3.3167, 3.3333],
            "transform": [
                [0.939423, 0.0, -0.342761, -5e-06, -0.342761, 0.0, -0.939423, 0.000946, 0.0, 1.0, 0.0, 0.726511, 0.0, 0.0, 0.0, 1.0],
                [0.939423, 0.0, -0.342761, -5e-06, -0.342761, 0.0, -0.939423, 0.003654, 0.0, 1.0, 0.0, 0.726071, 0.0, 0.0, 0.0, 1.0],
                [0.939423, 0.0, -0.342761, -5e-06, -0.342761, 0.0, -0.939423, 0.011537, 0.0, 1.0, 0.0, 0.724787, 0.0, 0.0, 0.0, 1.0],
                [0.939423, 0.0, -0.342761, -5e-06, -0.342761, 0.0, -0.939423, 0.024239, 0.0, 1.0, 0.0, 0.722719, 0.0, 0.0, 0.0, 1.0],
                [0.939423, 0.0, -0.342761, -5e-06, -0.342761, 0.0, -0.939423, 0.041403, 0.0, 1.0, 0.0, 0.719923, 0.0, 0.0, 0.0, 1.0],
                [0.939423, 0.0, -0.342761, -5e-06, -0.342761, 0.0, -0.939423, 0.06267, 0.0, 1.0, 0.0, 0.716457, 0.0, 0.0, 0.0, 1.0],
                [0.939423, 0.0, -0.342761, -5e-06, -0.342761, 0.0, -0.939423, 0.087685, 0.0, 1.0, 0.0, 0.712379, 0.0, 0.0, 0.0, 1.0],
                [0.939423, 0.0, -0.342761, -5e-06, -0.342761, 0.0, -0.939423, 0.116089, 0.0, 1.0, 0.0, 0.707745, 0.0, 0.0, 0.0, 1.0],
                [0.939423, 0.0, -0.342761, -5e-06, -0.342761, 0.0, -0.939423, 0.147526, 0.0, 1.0, 0.0, 0.702614, 0.0, 0.0, 0.0, 1.0],
                [0.939423, 0.0, -0.342761, -5e-06, -0.342761, 0.0, -0.939423, 0.181637, 0.0, 1.0, 0.0, 0.697043, 0.0, 0.0, 0.0, 1.0],
                [0.939423, 0.0, -0.342761, -5e-06, -0.342761, 0.0, -0.939423, 0.218065, 0.0, 1.0, 0.0, 0.69109, 0.0, 0.0, 0.0, 1.0],
                [0.939423, 0.0, -0.342761, -5e-06, -0.342761, 0.0, -0.939423, 0.256454, 0.0, 1.0, 0.0, 0.684812, 0.0, 0.0, 0.0, 1.0],
                [0.939423, 0.0, -0.342761, -5e-06, -0.342761, 0.0, -0.939423, 0.296446, 0.0, 1.0, 0.0, 0.678267, 0.0, 0.0, 0.0, 1.0],
                [0.939423, 0.0, -0.342761, -5e-06, -0.342761, 0.0, -0.939423, 0.337683, 0.0, 1.0, 0.0, 0.671512, 0.0, 0.0, 0.0, 1.0],
                [0.939423, 0.0, -0.342761, -5e-06, -0.342761, 0.0, -0.939423, 0.379809, 0.0, 1.0, 0.0, 0.664605, 0.0, 0.0, 0.0, 1.0],
                [0.939423, 0.0, -0.342761, -5e-06, -0.342761, 0.0, -0.939423, 0.422466, 0.0, 1.0, 0.0, 0.657603, 0.0, 0.0, 0.0, 1.0],
                [0.939423, 0.0, -0.342761, -5e-06, -0.342761, 0.0, -0.939423, 0.465335, 0.0, 1.0, 0.0, 0.650559, 0.0, 0.0, 0.0, 1.0],
                [0.939423, 0.0, -0.342761, -5e-06, -0.342761, 0.0, -0.939423, 0.508261, 0.0, 1.0, 0.0, 0.643503, 0.0, 0.0, 0.0, 1.0],
                [0.939423, 0.0, -0.342761, -5e-06, -0.342761, 0.0, -0.939423, 0.551126, 0.0, 1.0, 0.0, 0.636461, 0.0, 0.0, 0.0, 1.0],
                [0.939423, 0.0, -0.342761, -5e-06, -0.342761, 0.0, -0.939423, 0.593811, 0.0, 1.0, 0.0, 0.629459, 0.0, 0.0, 0.0, 1.0],
                [0.939423, 0.0, -0.342761, -5e-06, -0.342761, 0.0, -0.939423, 0.636198, 0.0, 1.0, 0.0, 0.622521, 0.0, 0.0, 0.0, 1.0],
                [0.939423, 0.0, -0.342761, -5e-06, -0.342761, 0.0, -0.939423, 0.678172, 0.0, 1.0, 0.0, 0.615673, 0.0, 0.0, 0.0, 1.0],
                [0.939423, 0.0, -0.342761, -5e-06, -0.342761, 0.0, -0.939423, 0.719612, 0.0, 1.0, 0.0, 0.608942, 0.0, 0.0, 0.0, 1.0],
                [0.939423, 0.0, -0.342761, -5e-06, -0.342761, 0.0, -0.939423, 0.760404, 0.0, 1.0, 0.0, 0.602351, 0.0, 0.0, 0.0, 1.0],
                [0.939423, 0.0, -0.342761, -5e-06, -0.342761, 0.0, -0.939423, 0.800427, 0.0, 1.0, 0.0, 0.595927, 0.0, 0.0, 0.0, 1.0],
                [0.939423, 0.0, -0.342761, -5e-06, -0.342761, 0.0, -0.939423, 0.839565, 0.0, 1.0, 0.0, 0.589695, 0.0, 0.0, 0.0, 1.0],
                [0.939423, 0.0, -0.342761, -5e-06, -0.342761, 0.0, -0.939423, 0.8777, 0.0, 1.0, 0.0, 0.583681, 0.0, 0.0, 0.0, 1.0],
                [0.939423, 0.0, -0.342761, -5e-06, -0.342761, 0.0, -0.939423, 0.914715, 0.0, 1.0, 0.0, 0.577909, 0.0, 0.0, 0.0, 1.0],
                [0.939423, 0.0, -0.342761, -5e-06, -0.342761, 0.0, -0.939423, 0.950492, 0.0, 1.0, 0.0, 0.572406, 0.0, 0.0, 0.0, 1.0],
                [0.939423, 0.0, -0.342761, -5e-06, -0.342761, 0.0, -0.939423, 0.984913, 0.0, 1.0, 0.0, 0.567197, 0.0, 0.0, 0.0, 1.0],
                [0.939423, 0.0, -0.342761, -5e-06, -0.342761, 0.0, -0.939423, 1.01786, 0.0, 1.0, 0.0, 0.562307, 0.0, 0.0, 0.0, 1.0],
                [0.939423, 0.0, -0.342761, -5e-06, -0.342761, 0.0, -0.939423, 1.049216, 0.0, 1.0, 0.0, 0.557763, 0.0, 0.0, 0.0, 1.0],
                [0.939423, 0.0, -0.342761, -5e-06, -0.342761, 0.0, -0.939423, 1.078864, 0.0, 1.0, 0.0, 0.553588, 0.0, 0.0, 0.0, 1.0],
                [0.939423, 0.0, -0.342761, -5e-06, -0.342761, 0.0, -0.939423, 1.106685, 0.0, 1.0, 0.0, 0.549809, 0.0, 0.0, 0.0, 1.0],
                [0.939423, 0.0, -0.342761, -5e-06, -0.342761, 0.0, -0.939423, 1.132562, 0.0, 1.0, 0.0, 0.546452, 0.0, 0.0, 0.0, 1.0],
                [0.939423, 0.0, -0.342761, -5e-06, -0.342761, 0.0, -0.939423, 1.156378, 0.0, 1.0, 0.0, 0.543541, 0.0, 0.0, 0.0, 1.0],
                [0.939423, 0.0, -0.342761, -5e-06, -0.342761, 0.0, -0.939423, 1.178014, 0.0, 1.0, 0.0, 0.541102, 0.0, 0.0, 0.0, 1.0],
                [0.939423, 0.0, -0.342761, -5e-06, -0.342761, 0.0, -0.939423, 1.197353, 0.0, 1.0, 0.0, 0.539161, 0.0, 0.0, 0.0, 1.0],
                [0.939423, 0.0, -0.342761, -5e-06, -0.342761, 0.0, -0.939423, 1.214278, 0.0, 1.0, 0.0, 0.537743, 0.0, 0.0, 0.0, 1.0],
                [0.939423, 0.0, -0.342761, -5e-06, -0.342761, 0.0, -0.939423, 1.22867, 0.0, 1.0, 0.0, 0.536874, 0.0, 0.0, 0.0, 1.0],
                [0.939423, 0.0, -0.342761, -5e-06, -0.342761, 0.0, -0.939423, 1.240412, 0.0, 1.0, 0.0, 0.536578, 0.0, 0.0, 0.0, 1.0],
                [0.939423, 0.0, -0.342761, -5e-06, -0.342761, 0.0, -0.939423, 1.249519, 0.0, 1.0, 0.0, 0.539273, 0.0, 0.0, 0.0, 1.0],
                [0.939423, 0.0, -0.342761, -5e-06, -0.342761, 0.0, -0.939423, 1.256529, 0.0, 1.0, 0.0, 0.546857, 0.0, 0.0, 0.0, 1.0],
                [0.939423, 0.0, -0.342761, -5e-06, -0.342761, 0.0, -0.939423, 1.262116, 0.0, 1.0, 0.0, 0.558578, 0.0, 0.0, 0.0, 1.0],
                [0.939423, 0.0, -0.342761, -5e-06, -0.342761, 0.0, -0.939423, 1.26695, 0.0, 1.0, 0.0, 0.573684, 0.0, 0.0, 0.0, 1.0],
                [0.939423, 0.0, -0.342761, -5e-06, -0.342761, 0.0, -0.939423, 1.271704, 0.0, 1.0, 0.0, 0.591422, 0.0, 0.0, 0.0, 1.0],
                [0.939423, 0.0, -0.342761, -5e-06, -0.342761, 0.0, -0.939423, 1.277049, 0.0, 1.0, 0.0, 0.61104, 0.0, 0.0, 0.0, 1.0],
                [0.939423, 0.0, -0.342761, -5e-06, -0.342761, 0.0, -0.939423, 1.283657, 0.0, 1.0, 0.0, 0.631786, 0.0, 0.0, 0.0, 1.0],
                [0.939423, 0.0, -0.342761, -5e-06, -0.342761, 0.0, -0.939423, 1.2922, 0.0, 1.0, 0.0, 0.652909, 0.0, 0.0, 0.0, 1.0],
                [0.939423, 0.0, -0.342761, -5e-06, -0.342761, 0.0, -0.939423, 1.303349, 0.0, 1.0, 0.0, 0.673655, 0.0, 0.0, 0.0, 1.0],
                [0.939423, 0.0, -0.342761, -5e-06, -0.342761, 0.0, -0.939423, 1.317776, 0.0, 1.0, 0.0, 0.693273, 0.0, 0.0, 0.0, 1.0],
                [0.939423, 0.0, -0.342761, -5e-06, -0.342761, 0.0, -0.939423, 1.336153, 0.0, 1.0, 0.0, 0.711011, 0.0, 0.0, 0.0, 1.0],
                [0.939423, 0.0, -0.342761, -5e-06, -0.342761, 0.0, -0.939423, 1.359151, 0.0, 1.0, 0.0, 0.726117, 0.0, 0.0, 0.0, 1.0],
                [0.939423, 0.0, -0.342761, -5e-06, -0.342761, 0.0, -0.939423, 1.387444, 0.0, 1.0, 0.0, 0.737838, 0.0, 0.0, 0.0, 1.0],
                [0.939423, 0.0, -0.342761, -5e-06, -0.342761, 0.0, -0.939423, 1.421701, 0.0, 1.0, 0.0, 0.745422, 0.0, 0.0, 0.0, 1.0],
                [0.939423, 0.0, -0.342761, -5e-06, -0.342761, 0.0, -0.939423, 1.462595, 0.0, 1.0, 0.0, 0.748117, 0.0, 0.0, 0.0, 1.0],
                [0.951229, 0.0, -0.308486, -5e-06, -0.308486, 0.0, -0.951229, 1.534337, 0.0, 1.0, 0.0, 0.735831, 0.0, 0.0, 0.0, 1.0],
                [0.974385, 0.0, -0.224886, -5e-06, -0.224886, 0.0, -0.974385, 1.641652, 0.0, 1.0, 0.0, 0.706182, 0.0, 0.0, 0.0, 1.0],
                [0.992442, 0.0, -0.122718, -5e-06, -0.122718, 0.0, -0.992442, 1.755978, 0.0, 1.0, 0.0, 0.669979, 0.0, 0.0, 0.0, 1.0],
                [0.999343, 0.0, -0.036245, -5e-06, -0.036245, 0.0, -0.999343, 1.848754, 0.0, 1.0, 0.0, 0.638033, 0.0, 0.0, 0.0, 1.0],
                [1.0, 0.0, 0.0, -5e-06, 0.0, 0.0, -1.0, 1.89142, 0.0, 1.0, 0.0, 0.621155, 0.0, 0.0, 0.0, 1.0],
                [1.0, 0.0, -5.3e-05, -5e-06, -5.3e-05, 0.0, -1.0, 1.899454, 0.0, 1.0, 0.0, 0.615969, 0.0, 0.0, 0.0, 1.0],
                [1.0, 0.0, -0.000211, -5e-06, -0.000211, 0.0, -1.0, 1.907373, 0.0, 1.0, 0.0, 0.611816, 0.0, 0.0, 0.0, 1.0],
                [1.0, 0.0, -0.000473, -5e-06, -0.000473, 0.0, -1.0, 1.915178, 0.0, 1.0, 0.0, 0.608582, 0.0, 0.0, 0.0, 1.0],
                [1.0, 0.0, -0.000836, -5e-06, -0.000836, 0.0, -1.0, 1.922869, 0.0, 1.0, 0.0, 0.606152, 0.0, 0.0, 0.0, 1.0],
                [0.999999, 0.0, -0.0013, -5e-06, -0.0013, 0.0, -0.999999, 1.930449, 0.0, 1.0, 0.0, 0.60441, 0.0, 0.0, 0.0, 1.0],
                [0.999998, 0.0, -0.001863, -5e-06, -0.001863, 0.0, -0.999998, 1.937917, 0.0, 1.0, 0.0, 0.603243, 0.0, 0.0, 0.0, 1.0],
                [0.999997, 0.0, -0.002524, -5e-06, -0.002524, 0.0, -0.999997, 1.945274, 0.0, 1.0, 0.0, 0.602535, 0.0, 0.0, 0.0, 1.0],
                [0.999995, 0.0, -0.00328, -5e-06, -0.00328, 0.0, -0.999995, 1.952522, 0.0, 1.0, 0.0, 0.602171, 0.0, 0.0, 0.0, 1.0],
                [0.999991, 0.0, -0.004131, -5e-06, -0.004131, 0.0, -0.999991, 1.959661, 0.0, 1.0, 0.0, 0.602038, 0.0, 0.0, 0.0, 1.0],
                [0.999987, 0.0, -0.005075, -5e-06, -0.005075, 0.0, -0.999987, 1.966691, 0.0, 1.0, 0.0, 0.602018, 0.0, 0.0, 0.0, 1.0],
                [0.999981, 0.0, -0.00611, -5e-06, -0.00611, 0.0, -0.999981, 1.973614, 0.0, 1.0, 0.0, 0.602066, 0.0, 0.0, 0.0, 1.0],
                [0.999974, 0.0, -0.007236, -5e-06, -0.007236, 0.0, -0.999974, 1.980431, 0.0, 1.0, 0.0, 0.602207, 0.0, 0.0, 0.0, 1.0],
                [0.999964, 0.0, -0.008449, -5e-06, -0.008449, 0.0, -0.999964, 1.987142, 0.0, 1.0, 0.0, 0.60244, 0.0, 0.0, 0.0, 1.0],
                [0.999952, 0.0, -0.00975, -5e-06, -0.00975, 0.0, -0.999952, 1.993748, 0.0, 1.0, 0.0, 0.602763, 0.0, 0.0, 0.0, 1.0],
                [0.999938, 0.0, -0.011136, -5e-06, -0.011136, 0.0, -0.999938, 2.00025, 0.0, 1.0, 0.0, 0.603173, 0.0, 0.0, 0.0, 1.0],
                [0.999921, 0.0, -0.012606, -5e-06, -0.012606, 0.0, -0.999921, 2.006649, 0.0, 1.0, 0.0, 0.603669, 0.0, 0.0, 0.0, 1.0],
                [0.9999, 0.0, -0.014159, -5e-06, -0.014159, 0.0, -0.9999, 2.012946, 0.0, 1.0, 0.0, 0.604248, 0.0, 0.0, 0.0, 1.0],
                [0.999875, 0.0, -0.015792, -5e-06, -0.015792, 0.0, -0.999875, 2.01914, 0.0, 1.0, 0.0, 0.604909, 0.0, 0.0, 0.0, 1.0],
                [0.999847, 0.0, -0.017505, -5e-06, -0.017505, 0.0, -0.999847, 2.025234, 0.0, 1.0, 0.0, 0.60565, 0.0, 0.0, 0.0, 1.0],
                [0.999814, 0.0, -0.019295, -5e-06, -0.019295, 0.0, -0.999814, 2.031229, 0.0, 1.0, 0.0, 0.606468, 0.0, 0.0, 0.0, 1.0],
                [0.999776, 0.0, -0.021163, -5e-06, -0.021163, 0.0, -0.999776, 2.037124, 0.0, 1.0, 0.0, 0.607361, 0.0, 0.0, 0.0, 1.0],
                [0.999733, 0.0, -0.023105, -5e-06, -0.023105, 0.0, -0.999733, 2.042921, 0.0, 1.0, 0.0, 0.608327, 0.0, 0.0, 0.0, 1.0],
                [0.999684, 0.0, -0.02512, -5e-06, -0.02512, 0.0, -0.999684, 2.04862, 0.0, 1.0, 0.0, 0.609365, 0.0, 0.0, 0.0, 1.0],
                [0.99963, 0.0, -0.027207, -5e-06, -0.027207, 0.0, -0.99963, 2.054224, 0.0, 1.0, 0.0, 0.610473, 0.0, 0.0, 0.0, 1.0],
                [0.999569, 0.0, -0.029365, -5e-06, -0.029365, 0.0, -0.999569, 2.059731, 0.0, 1.0, 0.0, 0.611647, 0.0, 0.0, 0.0, 1.0],
                [0.999501, 0.0, -0.031592, -5e-06, -0.031592, 0.0, -0.999501, 2.065143, 0.0, 1.0, 0.0, 0.612887, 0.0, 0.0, 0.0, 1.0],
                [0.999426, 0.0, -0.033886, -5e-06, -0.033886, 0.0, -0.999426, 2.070461, 0.0, 1.0, 0.0, 0.61419, 0.0, 0.0, 0.0, 1.0],
                [0.999343, 0.0, -0.036245, -5e-06, -0.036245, 0.0, -0.999343, 2.075686, 0.0, 1.0, 0.0, 0.615554, 0.0, 0.0, 0.0, 1.0],
                [0.999252, 0.0, -0.038669, -5e-06, -0.038669, 0.0, -0.999252, 2.080818, 0.0, 1.0, 0.0, 0.616977, 0.0, 0.0, 0.0, 1.0],
                [0.999153, 0.0, -0.041156, -5e-06, -0.041156, 0.0, -0.999153, 2.085859, 0.0, 1.0, 0.0, 0.618457, 0.0, 0.0, 0.0, 1.0],
                [0.999045, 0.0, -0.043703, -5e-06, -0.043703, 0.0, -0.999045, 2.090809, 0.0, 1.0, 0.0, 0.619992, 0.0, 0.0, 0.0, 1.0],
                [0.998927, 0.0, -0.046311, -5e-06, -0.046311, 0.0, -0.998927, 2.095669, 0.0, 1.0, 0.0, 0.621581, 0.0, 0.0, 0.0, 1.0],
                [0.9988, 0.0, -0.048977, -5e-06, -0.048977, 0.0, -0.9988, 2.100439, 0.0, 1.0, 0.0, 0.62322, 0.0, 0.0, 0.0, 1.0],
                [0.998663, 0.0, -0.051699, -5e-06, -0.051699, 0.0, -0.998663, 2.105122, 0.0, 1.0, 0.0, 0.624908, 0.0, 0.0, 0.0, 1.0],
                [0.998515, 0.0, -0.054476, -5e-06, -0.054476, 0.0, -0.998515, 2.109717, 0.0, 1.0, 0.0, 0.626643, 0.0, 0.0, 0.0, 1.0],
                [0.998357, 0.0, -0.057306, -5e-06, -0.057306, 0.0, -0.998357, 2.114225, 0.0, 1.0, 0.0, 0.628423, 0.0, 0.0, 0.0, 1.0],
                [0.998187, 0.0, -0.060189, -5e-06, -0.060189, 0.0, -0.998187, 2.118647, 0.0, 1.0, 0.0, 0.630246, 0.0, 0.0, 0.0, 1.0],
                [0.998006, 0.0, -0.063122, -5e-06, -0.063122, 0.0, -0.998006, 2.122984, 0.0, 1.0, 0.0, 0.632109, 0.0, 0.0, 0.0, 1.0],
                [0.997813, 0.0, -0.066103, -5e-06, -0.066103, 0.0, -0.997813, 2.127237, 0.0, 1.0, 0.0, 0.634011, 0.0, 0.0, 0.0, 1.0],
                [0.997608, 0.0, -0.069132, -5e-06, -0.069132, 0.0, -0.997608, 2.131407, 0.0, 1.0, 0.0, 0.63595, 0.0, 0.0, 0.0, 1.0],
                [0.99739, 0.0, -0.072207, -5e-06, -0.072207, 0.0, -0.99739, 2.135494, 0.0, 1.0, 0.0, 0.637924, 0.0, 0.0, 0.0, 1.0],
                [0.997159, 0.0, -0.075325, -5e-06, -0.075325, 0.0, -0.997159, 2.139499, 0.0, 1.0, 0.0, 0.63993, 0.0, 0.0, 0.0, 1.0],
                [0.996915, 0.0, -0.078486, -5e-06, -0.078486, 0.0, -0.996915, 2.143424, 0.0, 1.0, 0.0, 0.641967, 0.0, 0.0, 0.0, 1.0],
                [0.996658, 0.0, -0.081688, -5e-06, -0.081688, 0.0, -0.996658, 2.147268, 0.0, 1.0, 0.0, 0.644032, 0.0, 0.0, 0.0, 1.0],
                [0.996387, 0.0, -0.084929, -5e-06, -0.084929, 0.0, -0.996387, 2.151033, 0.0, 1.0, 0.0, 0.646124, 0.0, 0.0, 0.0, 1.0],
                [0.996102, 0.0, -0.088208, -5e-06, -0.088208, 0.0, -0.996102, 2.15472, 0.0, 1.0, 0.0, 0.64824, 0.0, 0.0, 0.0, 1.0],
                [0.995803, 0.0, -0.091523, -5e-06, -0.091523, 0.0, -0.995803, 2.158329, 0.0, 1.0, 0.0, 0.650379, 0.0, 0.0, 0.0, 1.0],
                [0.995489, 0.0, -0.094872, -5e-06, -0.094872, 0.0, -0.995489, 2.161861, 0.0, 1.0, 0.0, 0.652538, 0.0, 0.0, 0.0, 1.0],
                [0.995161, 0.0, -0.098255, -5e-06, -0.098255, 0.0, -0.995161, 2.165317, 0.0, 1.0, 0.0, 0.654716, 0.0, 0.0, 0.0, 1.0],
                [0.994818, 0.0, -0.101668, -5e-06, -0.101668, 0.0, -0.994818, 2.168698, 0.0, 1.0, 0.0, 0.65691, 0.0, 0.0, 0.0, 1.0],
                [0.99446, 0.0, -0.105112, -5e-06, -0.105112, 0.0, -0.99446, 2.172005, 0.0, 1.0, 0.0, 0.659118, 0.0, 0.0, 0.0, 1.0],
                [0.994087, 0.0, -0.108583, -5e-06, -0.108583, 0.0, -0.994087, 2.175238, 0.0, 1.0, 0.0, 0.661338, 0.0, 0.0, 0.0, 1.0],
                [0.993699, 0.0, -0.112081, -5e-06, -0.112081, 0.0, -0.993699, 2.178399, 0.0, 1.0, 0.0, 0.663569, 0.0, 0.0, 0.0, 1.0],
                [0.993295, 0.0, -0.115604, -5e-06, -0.115604, 0.0, -0.993295, 2.181488, 0.0, 1.0, 0.0, 0.665808, 0.0, 0.0, 0.0, 1.0],
                [0.992876, 0.0, -0.11915, -5e-06, -0.11915, 0.0, -0.992876, 2.184506, 0.0, 1.0, 0.0, 0.668053, 0.0, 0.0, 0.0, 1.0],
                [0.992442, 0.0, -0.122718, -5e-06, -0.122718, 0.0, -0.992442, 2.187453, 0.0, 1.0, 0.0, 0.670302, 0.0, 0.0, 0.0, 1.0],
                [0.991991, 0.0, -0.126305, -5e-06, -0.126305, 0.0, -0.991991, 2.190332, 0.0, 1.0, 0.0, 0.672553, 0.0, 0.0, 0.0, 1.0],
                [0.991526, 0.0, -0.129912, -5e-06, -0.129912, 0.0, -0.991526, 2.193142, 0.0, 1.0, 0.0, 0.674805, 0.0, 0.0, 0.0, 1.0],
                [0.991044, 0.0, -0.133535, -5e-06, -0.133535, 0.0, -0.991044, 2.195884, 0.0, 1.0, 0.0, 0.677054, 0.0, 0.0, 0.0, 1.0],
                [0.990547, 0.0, -0.137173, -5e-06, -0.137173, 0.0, -0.990547, 2.198559, 0.0, 1.0, 0.0, 0.679299, 0.0, 0.0, 0.0, 1.0],
                [0.990035, 0.0, -0.140825, -5e-06, -0.140825, 0.0, -0.990035, 2.201168, 0.0, 1.0, 0.0, 0.681538, 0.0, 0.0, 0.0, 1.0],
                [0.989506, 0.0, -0.144488, -5e-06, -0.144488, 0.0, -0.989506, 2.203712, 0.0, 1.0, 0.0, 0.683769, 0.0, 0.0, 0.0, 1.0],
                [0.988963, 0.0, -0.148162, -5e-06, -0.148162, 0.0, -0.988963, 2.206191, 0.0, 1.0, 0.0, 0.68599, 0.0, 0.0, 0.0, 1.0],
                [0.988404, 0.0, -0.151845, -5e-06, -0.151845, 0.0, -0.988404, 2.208607, 0.0, 1.0, 0.0, 0.688199, 0.0, 0.0, 0.0, 1.0],
                [0.98783, 0.0, -0.155535, -5e-06, -0.155535, 0.0, -0.98783, 2.210961, 0.0, 1.0, 0.0, 0.690393, 0.0, 0.0, 0.0, 1.0],
                [0.987241, 0.0, -0.159231, -5e-06, -0.159231, 0.0, -0.987241, 2.213252, 0.0, 1.0, 0.0, 0.692571, 0.0, 0.0, 0.0, 1.0],
                [0.986638, 0.0, -0.16293, -5e-06, -0.16293, 0.0, -0.986638, 2.215482, 0.0, 1.0, 0.0, 0.694731, 0.0, 0.0, 0.0, 1.0],
                [0.986019, 0.0, -0.166632, -5e-06, -0.166632, 0.0, -0.986019, 2.217652, 0.0, 1.0, 0.0, 0.696871, 0.0, 0.0, 0.0, 1.0],
                [0.985386, 0.0, -0.170335, -5e-06, -0.170335, 0.0, -0.985386, 2.219763, 0.0, 1.0, 0.0, 0.698988, 0.0, 0.0, 0.0, 1.0],
                [0.984739, 0.0, -0.174036, -5e-06, -0.174036, 0.0, -0.984739, 2.221815, 0.0, 1.0, 0.0, 0.701081, 0.0, 0.0, 0.0, 1.0],
                [0.984078, 0.0, -0.177735, -5e-06, -0.177735, 0.0, -0.984078, 2.223809, 0.0, 1.0, 0.0, 0.703147, 0.0, 0.0, 0.0, 1.0],
                [0.983404, 0.0, -0.18143, -5e-06, -0.18143, 0.0, -0.983404, 2.225746, 0.0, 1.0, 0.0, 0.705185, 0.0, 0.0, 0.0, 1.0],
                [0.982716, 0.0, -0.18512, -5e-06, -0.18512, 0.0, -0.982716, 2.227627, 0.0, 1.0, 0.0, 0.707192, 0.0, 0.0, 0.0, 1.0],
                [0.982015, 0.0, -0.188802, -5e-06, -0.188802, 0.0, -0.982015, 2.229452, 0.0, 1.0, 0.0, 0.709167, 0.0, 0.0, 0.0, 1.0],
                [0.981302, 0.0, -0.192476, -5e-06, -0.192476, 0.0, -0.981302, 2.231224, 0.0, 1.0, 0.0, 0.711107, 0.0, 0.0, 0.0, 1.0],
                [0.980576, 0.0, -0.196139, -5e-06, -0.196139, 0.0, -0.980576, 2.232941, 0.0, 1.0, 0.0, 0.713011, 0.0, 0.0, 0.0, 1.0],
                [0.979839, 0.0, -0.19979, -5e-06, -0.19979, 0.0, -0.979839, 2.234606, 0.0, 1.0, 0.0, 0.714876, 0.0, 0.0, 0.0, 1.0],
                [0.97909, 0.0, -0.203428, -5e-06, -0.203428, 0.0, -0.97909, 2.236218, 0.0, 1.0, 0.0, 0.7167, 0.0, 0.0, 0.0, 1.0],
                [0.97833, 0.0, -0.207051, -5e-06, -0.207051, 0.0, -0.97833, 2.23778, 0.0, 1.0, 0.0, 0.718482, 0.0, 0.0, 0.0, 1.0],
                [0.97756, 0.0, -0.210657, -5e-06, -0.210657, 0.0, -0.97756, 2.239291, 0.0, 1.0, 0.0, 0.720219, 0.0, 0.0, 0.0, 1.0],
                [0.97678, 0.0, -0.214245, -5e-06, -0.214245, 0.0, -0.97678, 2.240752, 0.0, 1.0, 0.0, 0.721912, 0.0, 0.0, 0.0, 1.0],
                [0.97599, 0.0, -0.217814, -5e-06, -0.217814, 0.0, -0.97599, 2.242165, 0.0, 1.0, 0.0, 0.723561, 0.0, 0.0, 0.0, 1.0],
                [0.975192, 0.0, -0.221361, -5e-06, -0.221361, 0.0, -0.975192, 2.24353, 0.0, 1.0, 0.0, 0.725167, 0.0, 0.0, 0.0, 1.0],
                [0.974385, 0.0, -0.224886, -5e-06, -0.224886, 0.0, -0.974385, 2.244848, 0.0, 1.0, 0.0, 0.72673, 0.0, 0.0, 0.0, 1.0],
                [0.973571, 0.0, -0.228387, -5e-06, -0.228387, 0.0, -0.973571, 2.246119, 0.0, 1.0, 0.0, 0.728251, 0.0, 0.0, 0.0, 1.0],
                [0.972749, 0.0, -0.231862, -5e-06, -0.231862, 0.0, -0.972749, 2.247346, 0.0, 1.0, 0.0, 0.729731, 0.0, 0.0, 0.0, 1.0],
                [0.971921, 0.0, -0.235309, -5e-06, -0.235309, 0.0, -0.971921, 2.248527, 0.0, 1.0, 0.0, 0.731169, 0.0, 0.0, 0.0, 1.0],
                [0.971086, 0.0, -0.238728, -5e-06, -0.238728, 0.0, -0.971086, 2.249665, 0.0, 1.0, 0.0, 0.732567, 0.0, 0.0, 0.0, 1.0],
                [0.970247, 0.0, -0.242117, -5e-06, -0.242117, 0.0, -0.970247, 2.25076, 0.0, 1.0, 0.0, 0.733925, 0.0, 0.0, 0.0, 1.0],
                [0.969403, 0.0, -0.245475, -5e-06, -0.245475, 0.0, -0.969403, 2.251813, 0.0, 1.0, 0.0, 0.735243, 0.0, 0.0, 0.0, 1.0],
                [0.968555, 0.0, -0.248799, -5e-06, -0.248799, 0.0, -0.968555, 2.252825, 0.0, 1.0, 0.0, 0.736522, 0.0, 0.0, 0.0, 1.0],
                [0.967704, 0.0, -0.252089, -5e-06, -0.252089, 0.0, -0.967704, 2.253796, 0.0, 1.0, 0.0, 0.737762, 0.0, 0.0, 0.0, 1.0],
                [0.96685, 0.0, -0.255343, -5e-06, -0.255343, 0.0, -0.96685, 2.254727, 0.0, 1.0, 0.0, 0.738965, 0.0, 0.0, 0.0, 1.0],
                [0.965995, 0.0, -0.25856, -5e-06, -0.25856, 0.0, -0.965995, 2.25562, 0.0, 1.0, 0.0, 0.74013, 0.0, 0.0, 0.0, 1.0],
                [0.965139, 0.0, -0.261738, -5e-06, -0.261738, 0.0, -0.965139, 2.256474, 0.0, 1.0, 0.0, 0.741258, 0.0, 0.0, 0.0, 1.0],
                [0.964283, 0.0, -0.264875, -5e-06, -0.264875, 0.0, -0.964283, 2.257292, 0.0, 1.0, 0.0, 0.74235, 0.0, 0.0, 0.0, 1.0],
                [0.963427, 0.0, -0.267972, -5e-06, -0.267972, 0.0, -0.963427, 2.258073, 0.0, 1.0, 0.0, 0.743406, 0.0, 0.0, 0.0, 1.0],
                [0.962572, 0.0, -0.271025, -5e-06, -0.271025, 0.0, -0.962572, 2.258819, 0.0, 1.0, 0.0, 0.744426, 0.0, 0.0, 0.0, 1.0],
                [0.96172, 0.0, -0.274033, -5e-06, -0.274033, 0.0, -0.96172, 2.25953, 0.0, 1.0, 0.0, 0.745412, 0.0, 0.0, 0.0, 1.0],
                [0.960871, 0.0, -0.276996, -5e-06, -0.276996, 0.0, -0.960871, 2.260207, 0.0, 1.0, 0.0, 0.746363, 0.0, 0.0, 0.0, 1.0],
                [0.960026, 0.0, -0.279912, -5e-06, -0.279912, 0.0, -0.960026, 2.260851, 0.0, 1.0, 0.0, 0.747281, 0.0, 0.0, 0.0, 1.0],
                [0.959185, 0.0, -0.282779, -5e-06, -0.282779, 0.0, -0.959185, 2.261463, 0.0, 1.0, 0.0, 0.748165, 0.0, 0.0, 0.0, 1.0],
                [0.95835, 0.0, -0.285596, -5e-06, -0.285596, 0.0, -0.95835, 2.262044, 0.0, 1.0, 0.0, 0.749017, 0.0, 0.0, 0.0, 1.0],
                [0.957521, 0.0, -0.288362, -5e-06, -0.288362, 0.0, -0.957521, 2.262594, 0.0, 1.0, 0.0, 0.749836, 0.0, 0.0, 0.0, 1.0],
                [0.9567, 0.0, -0.291076, -5e-06, -0.291076, 0.0, -0.9567, 2.263114, 0.0, 1.0, 0.0, 0.750623, 0.0, 0.0, 0.0, 1.0],
                [0.955887, 0.0, -0.293735, -5e-06, -0.293735, 0.0, -0.955887, 2.263605, 0.0, 1.0, 0.0, 0.75138, 0.0, 0.0, 0.0, 1.0],
                [0.955083, 0.0, -0.29634, -5e-06, -0.29634, 0.0, -0.955083, 2.264069, 0.0, 1.0, 0.0, 0.752105, 0.0, 0.0, 0.0, 1.0],
                [0.954288, 0.0, -0.298887, -5e-06, -0.298887, 0.0, -0.954288, 2.264505, 0.0, 1.0, 0.0, 0.752801, 0.0, 0.0, 0.0, 1.0],
                [0.953505, 0.0, -0.301377, -5e-06, -0.301377, 0.0, -0.953505, 2.264915, 0.0, 1.0, 0.0, 0.753467, 0.0, 0.0, 0.0, 1.0],
                [0.952733, 0.0, -0.303807, -5e-06, -0.303807, 0.0, -0.952733, 2.265298, 0.0, 1.0, 0.0, 0.754104, 0.0, 0.0, 0.0, 1.0],
                [0.951974, 0.0, -0.306178, -5e-06, -0.306178, 0.0, -0.951974, 2.265658, 0.0, 1.0, 0.0, 0.754712, 0.0, 0.0, 0.0, 1.0],
                [0.951229, 0.0, -0.308486, -5e-06, -0.308486, 0.0, -0.951229, 2.265993, 0.0, 1.0, 0.0, 0.755292, 0.0, 0.0, 0.0, 1.0],
                [0.950498, 0.0, -0.310731, -5e-06, -0.310731, 0.0, -0.950498, 2.266305, 0.0, 1.0, 0.0, 0.755845, 0.0, 0.0, 0.0, 1.0],
                [0.949782, 0.0, -0.312911, -5e-06, -0.312911, 0.0, -0.949782, 2.266595, 0.0, 1.0, 0.0, 0.75637, 0.0, 0.0, 0.0, 1.0],
                [0.949083, 0.0, -0.315026, -5e-06, -0.315026, 0.0, -0.949083, 2.266864, 0.0, 1.0, 0.0, 0.756869, 0.0, 0.0, 0.0, 1.0],
                [0.948401, 0.0, -0.317074, -5e-06, -0.317074, 0.0, -0.948401, 2.267112, 0.0, 1.0, 0.0, 0.757342, 0.0, 0.0, 0.0, 1.0],
                [0.947737, 0.0, -0.319054, -5e-06, -0.319054, 0.0, -0.947737, 2.267339, 0.0, 1.0, 0.0, 0.75779, 0.0, 0.0, 0.0, 1.0],
                [0.947091, 0.0, -0.320964, -5e-06, -0.320964, 0.0, -0.947091, 2.267549, 0.0, 1.0, 0.0, 0.758213, 0.0, 0.0, 0.0, 1.0],
                [0.946466, 0.0, -0.322803, -5e-06, -0.322803, 0.0, -0.946466, 2.267739, 0.0, 1.0, 0.0, 0.758611, 0.0, 0.0, 0.0, 1.0],
                [0.945862, 0.0, -0.32457, -5e-06, -0.32457, 0.0, -0.945862, 2.267913, 0.0, 1.0, 0.0, 0.758986, 0.0, 0.0, 0.0, 1.0],
                [0.945279, 0.0, -0.326264, -5e-06, -0.326264, 0.0, -0.945279, 2.26807, 0.0, 1.0, 0.0, 0.759337, 0.0, 0.0, 0.0, 1.0],
                [0.944719, 0.0, -0.327882, -5e-06, -0.327882, 0.0, -0.944719, 2.268211, 0.0, 1.0, 0.0, 0.759665, 0.0, 0.0, 0.0, 1.0],
                [0.944182, 0.0, -0.329425, -5e-06, -0.329425, 0.0, -0.944182, 2.268338, 0.0, 1.0, 0.0, 0.759971, 0.0, 0.0, 0.0, 1.0],
                [0.943669, 0.0, -0.330891, -5e-06, -0.330891, 0.0, -0.943669, 2.26845, 0.0, 1.0, 0.0, 0.760255, 0.0, 0.0, 0.0, 1.0],
                [0.943182, 0.0, -0.332278, -5e-06, -0.332278, 0.0, -0.943182, 2.268549, 0.0, 1.0, 0.0, 0.760518, 0.0, 0.0, 0.0, 1.0],
                [0.94272, 0.0, -0.333585, -5e-06, -0.333585, 0.0, -0.94272, 2.268636, 0.0, 1.0, 0.0, 0.76076, 0.0, 0.0, 0.0, 1.0],
                [0.942285, 0.0, -0.334811, -5e-06, -0.334811, 0.0, -0.942285, 2.268712, 0.0, 1.0, 0.0, 0.760982, 0.0, 0.0, 0.0, 1.0],
                [0.941878, 0.0, -0.335954, -5e-06, -0.335954, 0.0, -0.941878, 2.268776, 0.0, 1.0, 0.0, 0.761184, 0.0, 0.0, 0.0, 1.0],
                [0.9415, 0.0, -0.337014, -5e-06, -0.337014, 0.0, -0.9415, 2.268831, 0.0, 1.0, 0.0, 0.761367, 0.0, 0.0, 0.0, 1.0],
                [0.94115, 0.0, -0.337988, -5e-06, -0.337988, 0.0, -0.94115, 2.268876, 0.0, 1.0, 0.0, 0.761532, 0.0, 0.0, 0.0, 1.0],
                [0.940831, 0.0, -0.338877, -5e-06, -0.338877, 0.0, -0.940831, 2.268914, 0.0, 1.0, 0.0, 0.761678, 0.0, 0.0, 0.0, 1.0],
                [0.940542, 0.0, -0.339677, -5e-06, -0.339677, 0.0, -0.940542, 2.268944, 0.0, 1.0, 0.0, 0.761807, 0.0, 0.0, 0.0, 1.0],
                [0.940285, 0.0, -0.340388, -5e-06, -0.340388, 0.0, -0.940285, 2.268967, 0.0, 1.0, 0.0, 0.761918, 0.0, 0.0, 0.0, 1.0],
                [0.94006, 0.0, -0.341009, -5e-06, -0.341009, 0.0, -0.94006, 2.268984, 0.0, 1.0, 0.0, 0.762013, 0.0, 0.0, 0.0, 1.0],
                [0.939868, 0.0, -0.341539, -5e-06, -0.341539, 0.0, -0.939868, 2.268997, 0.0, 1.0, 0.0, 0.762092, 0.0, 0.0, 0.0, 1.0],
                [0.939709, 0.0, -0.341975, -5e-06, -0.341975, 0.0, -0.939709, 2.269005, 0.0, 1.0, 0.0, 0.762156, 0.0, 0.0, 0.0, 1.0],
                [0.939585, 0.0, -0.342316, -5e-06, -0.342316, 0.0, -0.939585, 2.26901, 0.0, 1.0, 0.0, 0.762204, 0.0, 0.0, 0.0, 1.0],
                [0.939495, 0.0, -0.342562, -5e-06, -0.342562, 0.0, -0.939495, 2.269013, 0.0, 1.0, 0.0, 0.762238, 0.0, 0.0, 0.0, 1.0],
                [0.939441, 0.0, -0.342711, -5e-06, -0.342711, 0.0, -0.939441, 2.269014, 0.0, 1.0, 0.0, 0.762258, 0.0, 0.0, 0.0, 1.0],
                [0.939423, 0.0, -0.342761, -5e-06, -0.342761, 0.0, -0.939423, 2.269014, 0.0, 1.0, 0.0, 0.762264, 0.0, 0.0, 0.0, 1.0]
            ]
        },
        {
            "name": "Thigh_R",
            "time": [0.0, 0.0167, 0.0333, 0.05, 0.0667, 0.0833, 0.1, 0.1167, 0.1333, 0.15, 0.1667, 0.1833, 0.2, 0.2167, 0.2333, 0.25, 0.2667, 0.2833, 0.3, 0.3167, 0.3333, 0.35, 0.3667, 0.3833, 0.4, 0.4167, 0.4333, 0.45, 0.4667, 0.4833, 0.5, 0.5167, 0.5333, 0.55, 0.5667, 0.5833, 0.6, 0.6167, 0.6333, 0.65, 0.6667, 0.6833, 0.7, 0.7167, 0.7333, 0.75, 0.7667, 0.7833, 0.8, 0.8167, 0.8333, 0.85, 0.8667, 0.8833, 0.9, 0.9167, 0.9333, 0.95, 0.9667, 0.9833, 1.0, 1.0167, 1.0333, 1.05, 1.0667, 1.0833, 1.1, 1.1167, 1.1333, 1.15, 1.1667, 1.1833, 1.2, 1.2167, 1.2333, 1.25, 1.2667, 1.2833, 1.3, 1.3167, 1.3333, 1.35, 1.3667, 1.3833, 1.4, 1.4167, 1.4333, 1.45, 1.4667, 1.4833, 1.5, 1.5167, 1.5333, 1.55, 1.5667, 1.5833, 1.6, 1.6167, 1.6333, 1.65, 1.6667, 1.6833, 1.7, 1.7167, 1.7333, 1.75, 1.7667, 1.7833, 1.8, 1.8167, 1.8333, 1.85, 1.8667, 1.8833, 1.9, 1.9167, 1.9333, 1.95, 1.9667, 1.9833, 2.0, 2.0167, 2.0333, 2.05, 2.0667, 2.0833, 2.1, 2.1167, 2.1333, 2.15, 2.1667, 2.1833, 2.2, 2.2167, 2.2333, 2.25, 2.2667, 2.2833, 2.3, 2.3167, 2.3333, 2.35, 2.3667, 2.3833, 2.4, 2.4167, 2.4333, 2.45, 2.4667, 2.4833, 2.5, 2.5167, 2.5333, 2.55, 2.5667, 2.5833, 2.6, 2.6167, 2.6333, 2.65, 2.6667, 2.6833, 2.7, 2.7167, 2.7333, 2.75, 2.7667, 2.7833, 2.8, 2.8167, 2.8333, 2.85, 2.8667, 2.8833, 2.9, 2.9167, 2.9333, 2.95, 2.9667, 2.9833, 3.0, 3.0167, 3.0333, 3.05, 3.0667, 3.0833, 3.1, 3.1167, 3.1333, 3.15, 3.1667, 3.1833, 3.2, 3.2167, 3.2333, 3.25, 3.2667, 3.2833, 3.3, 3.3167, 3.3333],
            "transform": [
                [0.969192, 0.013479, 0.245937, 0.124994, -0.029684, -0.984829, 0.170956, -0.002831, 0.244511, -0.172989, -0.954091, -1.2e-05, 0.0, 0.0, 0.0, 1.0],
                [0.969183, 0.016789, 0.245768, 0.124994, -0.025013, -0.985809, 0.165985, -0.002831, 0.245067, -0.167017, -0.955012, -1.2e-05, 0.0, 0.0, 0.0, 1.0],
                [0.969073, 0.026177, 0.245379, 0.124994, -0.011779, -0.988315, 0.151955, -0.002831, 0.24649, -0.150145, -0.957444, -1.2e-05, 0.0, 0.0, 0.0, 1.0],
                [0.968652, 0.040832, 0.24504, 0.124994, 0.008869, -0.991452, 0.130152, -0.002831, 0.24826, -0.123898, -0.960738, -1.2e-05, 0.0, 0.0, 0.0, 1.0],
                [0.967648, 0.059926, 0.24508, 0.124994, 0.035766, -0.994152, 0.101874, -0.002831, 0.249752, -0.089812, -0.964136, -1.2e-05, 0.0, 0.0, 0.0, 1.0],
                [0.965788, 0.082587, 0.24583, 0.124994, 0.067684, -0.995351, 0.068484, -0.002831, 0.250344, -0.049502, -0.966891, -1.2e-05, 0.0, 0.0, 0.0, 1.0],
                [0.962846, 0.107891, 0.24756, 0.124994, 0.103315, -0.994149, 0.031445, -0.002831, 0.249505, -0.004699, -0.968362, -1.2e-05, 0.0, 0.0, 0.0, 1.0],
                [0.958691, 0.134869, 0.250439, 0.124994, 0.141276, -0.989938, -0.007694, -0.002831, 0.246882, 0.042757, -0.968102, -1.2e-05, 0.0, 0.0, 0.0, 1.0],
                [0.953316, 0.16254, 0.254497, 0.124994, 0.18015, -0.982498, -0.047325, -0.002831, 0.242351, 0.090964, -0.965915, -1.2e-05, 0.0, 0.0, 0.0, 1.0],
                [0.946848, 0.189947, 0.259613, 0.124994, 0.21854, -0.972043, -0.085845, -0.002831, 0.236049, 0.138018, -0.96189, -1.2e-05, 0.0, 0.0, 0.0, 1.0],
                [0.939552, 0.216202, 0.265516, 0.124994, 0.255125, -0.959215, -0.121716, -0.002831, 0.228371, 0.182098, -0.956393, -1.2e-05, 0.0, 0.0, 0.0, 1.0],
                [0.931811, 0.24052, 0.271804, 0.124994, 0.288712, -0.945027, -0.153514, -0.002831, 0.219939, 0.221519, -0.95003, -1.2e-05, 0.0, 0.0, 0.0, 1.0],
                [0.924101, 0.26223, 0.277978, 0.124994, 0.318254, -0.930767, -0.179953, -0.002831, 0.211544, 0.254763, -0.943581, -1.2e-05, 0.0, 0.0, 0.0, 1.0],
                [0.916956, 0.280767, 0.283479, 0.124994, 0.342842, -0.917882, -0.199872, -0.002831, 0.204083, 0.280463, -0.937918, -1.2e-05, 0.0, 0.0, 0.0, 1.0],
                [0.910939, 0.295638, 0.287728, 0.124994, 0.361655, -0.907843, -0.212184, -0.002831, 0.198482, 0.297345, -0.933911, -1.2e-05, 0.0, 0.0, 0.0, 1.0],
                [0.906608, 0.306369, 0.290169, 0.124994, 0.373887, -0.902019, -0.215794, -0.002831, 0.195625, 0.304131, -0.932328, -1.2e-05, 0.0, 0.0, 0.0, 1.0],
                [0.90587, 0.316451, 0.281525, 0.124994, 0.380628, -0.899778, -0.213349, -0.002831, 0.185796, 0.300423, -0.935535, -1.2e-05, 0.0, 0.0, 0.0, 1.0],
                [0.90919, 0.329195, 0.254956, 0.124994, 0.384012, -0.899635, -0.207815, -0.002831, 0.160956, 0.28685, -0.944357, -1.2e-05, 0.0, 0.0, 0.0, 1.0],
                [0.914586, 0.343491, 0.213412, 0.124994, 0.384827, -0.901429, -0.198317, -0.002831, 0.124256, 0.263505, -0.956622, -1.2e-05, 0.0, 0.0, 0.0, 1.0],
                [0.919964, 0.357915, 0.159882, 0.124994, 0.383985, -0.904853, -0.183827, -0.002831, 0.078875, 0.230506, -0.969869, -1.2e-05, 0.0, 0.0, 0.0, 1.0],
                [0.923516, 0.370922, 0.097643, 0.124994, 0.382519, -0.909404, -0.16328, -0.002831, 0.028233, 0.188142, -0.981736, -1.2e-05, 0.0, 0.0, 0.0, 1.0],
                [0.924055, 0.381049, 0.030378, 0.124994, 0.38151, -0.914351, -0.135677, -0.002831, -0.023923, 0.136962, -0.990287, -1.2e-05, 0.0, 0.0, 0.0, 1.0],
                [0.921238, 0.387149, -0.037875, 0.124994, 0.381978, -0.918727, -0.100151, -0.002831, -0.07357, 0.077795, -0.994251, -1.2e-05, 0.0, 0.0, 0.0, 1.0],
                [0.915647, 0.388595, -0.102873, 0.124994, 0.38472, -0.921332, -0.055983, -0.002831, -0.116536, 0.011683, -0.993118, -1.2e-05, 0.0, 0.0, 0.0, 1.0],
                [0.908687, 0.38545, -0.16036, 0.124994, 0.39012, -0.920758, -0.002564, -0.002831, -0.148641, -0.060229, -0.987056, -1.2e-05, 0.0, 0.0, 0.0, 1.0],
                [0.902312, 0.378567, -0.206201, 0.124994, 0.397929, -0.915406, 0.060676, -0.002831, -0.165788, -0.136802, -0.976627, -1.2e-05, 0.0, 0.0, 0.0, 1.0],
                [0.897587, 0.367285, -0.2438, 0.124994, 0.406003, -0.904202, 0.132576, -0.002831, -0.171752, -0.217982, -0.960721, -1.2e-05, 0.0, 0.0, 0.0, 1.0],
                [0.894301, 0.350101, -0.278662, 0.124994, 0.412484, -0.886396, 0.210132, -0.002831, -0.173438, -0.302864, -0.937119, -1.2e-05, 0.0, 0.0, 0.0, 1.0],
                [0.892597, 0.327467, -0.309896, 0.124994, 0.416928, -0.861117, 0.290939, -0.002831, -0.171584, -0.388894, -0.905163, -1.2e-05, 0.0, 0.0, 0.0, 1.0],
                [0.892519, 0.300115, -0.33666, 0.124994, 0.418939, -0.828129, 0.37241, -0.002831, -0.167033, -0.473422, -0.864853, -1.2e-05, 0.0, 0.0, 0.0, 1.0],
                [0.894011, 0.269036, -0.358279, 0.124994, 0.418235, -0.787913, 0.451963, -0.002831, -0.160699, -0.553903, -0.816925, -1.2e-05, 0.0, 0.0, 0.0, 1.0],
                [0.896918, 0.23539, -0.374336, 0.124994, 0.41469, -0.741652, 0.52724, -0.002831, -0.153521, -0.628123, -0.762818, -1.2e-05, 0.0, 0.0, 0.0, 1.0],
                [0.901007, 0.200408, -0.384736, 0.124994, 0.408355, -0.69113, 0.596309, -0.002831, -0.146398, -0.694386, -0.704552, -1.2e-05, 0.0, 0.0, 0.0, 1.0],
                [0.905987, 0.165272, -0.389708, 0.124994, 0.399437, -0.638551, 0.6578, -0.002831, -0.140133, -0.75162, -0.644537, -1.2e-05, 0.0, 0.0, 0.0, 1.0],
                [0.911544, 0.131017, -0.38977, 0.124994, 0.388272, -0.58634, 0.710949, -0.002831, -0.135392, -0.799397, -0.585347, -1.2e-05, 0.0, 0.0, 0.0, 1.0],
                [0.917372, 0.098465, -0.385657, 0.124994, 0.375263, -0.536945, 0.755557, -0.002831, -0.132682, -0.837848, -0.529531, -1.2e-05, 0.0, 0.0, 0.0, 1.0],
                [0.923191, 0.068196, -0.378242, 0.124994, 0.360832, -0.492697, 0.791864, -0.002831, -0.132357, -0.867522, -0.479462, -1.2e-05, 0.0, 0.0, 0.0, 1.0],
                [0.928761, 0.040555, -0.368453, 0.124994, 0.34536, -0.455729, 0.820388, -0.002831, -0.134644, -0.889192, -0.437271, -1.2e-05, 0.0, 0.0, 0.0, 1.0],
                [0.933891, 0.01569, -0.357213, 0.124994, 0.329151, -0.427963, 0.841728, -0.002831, -0.139668, -0.903657, -0.404837, -1.2e-05, 0.0, 0.0, 0.0, 1.0],
                [0.938432, -0.0064, -0.345403, 0.124994, 0.312396, -0.411138, 0.856372, -0.002831, -0.147489, -0.911548, -0.383827, -1.2e-05, 0.0, 0.0, 0.0, 1.0],
                [0.942275, -0.025802, -0.333842, 0.124994, 0.295145, -0.406861, 0.864496, -0.002831, -0.158133, -0.913123, -0.375761, -1.2e-05, 0.0, 0.0, 0.0, 1.0],
                [0.945619, -0.042869, -0.322438, 0.124994, 0.276796, -0.414596, 0.866887, -0.002831, -0.170844, -0.908993, -0.380185, -1.2e-05, 0.0, 0.0, 0.0, 1.0],
                [0.948626, -0.057968, -0.311041, 0.124994, 0.257052, -0.431979, 0.864475, -0.002831, -0.184476, -0.900016, -0.394887, -1.2e-05, 0.0, 0.0, 0.0, 1.0],
                [0.951196, -0.071236, -0.300251, 0.124994, 0.236289, -0.457672, 0.857148, -0.002831, -0.198477, -0.88626, -0.418505, -1.2e-05, 0.0, 0.0, 0.0, 1.0],
                [0.95327, -0.082789, -0.290554, 0.124994, 0.214884, -0.490225, 0.844691, -0.002831, -0.212369, -0.867652, -0.449529, -1.2e-05, 0.0, 0.0, 0.0, 1.0],
                [0.954825, -0.092702, -0.282337, 0.124994, 0.193225, -0.528153, 0.826872, -0.002831, -0.22577, -0.844071, -0.486383, -1.2e-05, 0.0, 0.0, 0.0, 1.0],
                [0.955864, -0.100995, -0.275902, 0.124994, 0.1717, -0.569997, 0.803506, -0.002831, -0.238414, -0.815413, -0.527501, -1.2e-05, 0.0, 0.0, 0.0, 1.0],
                [0.956406, -0.107634, -0.271482, 0.124994, 0.150699, -0.614381, 0.774484, -0.002831, -0.250155, -0.781631, -0.571379, -1.2e-05, 0.0, 0.0, 0.0, 1.0],
                [0.956473, -0.112531, -0.26925, 0.124994, 0.130596, -0.660047, 0.739785, -0.002831, -0.260967, -0.742745, -0.616623, -1.2e-05, 0.0, 0.0, 0.0, 1.0],
                [0.956088, -0.115543, -0.269342, 0.124994, 0.11174, -0.705882, 0.699459, -0.002831, -0.270942, -0.698838, -0.661977, -1.2e-05, 0.0, 0.0, 0.0, 1.0],
                [0.955262, -0.116471, -0.271862, 0.124994, 0.09445, -0.750931, 0.653589, -0.002831, -0.280274, -0.650025, -0.706338, -1.2e-05, 0.0, 0.0, 0.0, 1.0],
                [0.953985, -0.115053, -0.276901, 0.124994, 0.079003, -0.794386, 0.602252, -0.002831, -0.289257, -0.596414, -0.748745, -1.2e-05, 0.0, 0.0, 0.0, 1.0],
                [0.952219, -0.11095, -0.284548, 0.124994, 0.065638, -0.835564, 0.545454, -0.002831, -0.298277, -0.538068, -0.78836, -1.2e-05, 0.0, 0.0, 0.0, 1.0],
                [0.949881, -0.103722, -0.294901, 0.124994, 0.054554, -0.873874, 0.483079, -0.002831, -0.307812, -0.474955, -0.82442, -1.2e-05, 0.0, 0.0, 0.0, 1.0],
                [0.946906, -0.090409, -0.308536, 0.124994, 0.046404, -0.911167, 0.409411, -0.002831, -0.318143, -0.40199, -0.858597, -1.2e-05, 0.0, 0.0, 0.0, 1.0],
                [0.944673, -0.054536, -0.323447, 0.124994, 0.04726, -0.953162, 0.298739, -0.002831, -0.32459, -0.297496, -0.897851, -1.2e-05, 0.0, 0.0, 0.0, 1.0],
                [0.959863, 0.022414, -0.27957, 0.124994, 0.060867, -0.98969, 0.12963, -0.002831, -0.273783, -0.141443, -0.951334, -1.2e-05, 0.0, 0.0, 0.0, 1.0],
                [0.984098, 0.109512, -0.139849, 0.124994, 0.100427, -0.992444, -0.070469, -0.002831, -0.14651, 0.055304, -0.987662, -1.2e-05, 0.0, 0.0, 0.0, 1.0],
                [0.985536, 0.16373, 0.043706, 0.124994, 0.16946, -0.95383, -0.247968, -0.002831, 0.001089, 0.251788, -0.967782, -1.2e-05, 0.0, 0.0, 0.0, 1.0],
                [0.964216, 0.177699, 0.196747, 0.124994, 0.239681, -0.901466, -0.360429, -0.002831, 0.113313, 0.394688, -0.911801, -1.2e-05, 0.0, 0.0, 0.0, 1.0],
                [0.949765, 0.17624, 0.258623, 0.124994, 0.270993, -0.876487, -0.397906, -0.002831, 0.156553, 0.448002, -0.880219, -1.2e-05, 0.0, 0.0, 0.0, 1.0],
                [0.949624, 0.17605, 0.259268, 0.124994, 0.271088, -0.876544, -0.397716, -0.002831, 0.157242, 0.447965, -0.880115, -1.2e-05, 0.0, 0.0, 0.0, 1.0],
