{
    "animation": [
        {
            "name": "Root",
            "time": [0.0, 0.0167, 0.0333, 0.05, 0.0667, 0.0833, 0.1, 0.1167, 0.1333, 0.15, 0.1667, 0.1833, 0.2, 0.2167, 0.2333, 0.25, 0.2667, 0.2833, 0.3, 0.3167, 0.3333, 0.35, 0.3667, 0.3833, 0.4, 0.4167, 0.4333, 0.45, 0.4667, 0.4833, 0.5, 0.5167, 0.5333, 0.55, 0.5667, 0.5833, 0.6, 0.6167, 0.6333, 0.65, 0.6667, 0.6833, 0.7, 0.7167, 0.7333, 0.75, 0.7667, 0.7833, 0.8, 0.8167, 0.8333, 0.85, 0.8667, 0.8833, 0.9, 0.9167, 0.9333, 0.95, 0.9667, 0.9833, 1.0, 1.0167, 1.0333, 1.05, 1.0667, 1.0833, 1.1, 1.1167, 1.1333, 1.15, 1.1667, 1.1833, 1.2, 1.2167, 1.2333, 1.25, 1.2667, 1.2833, 1.3, 1.3167, 1.3333, 1.35, 1.3667, 1.3833, 1.4, 1.4167, 1.4333, 1.45, 1.4667, 1.4833, 1.5, 1.5167, 1.5333, 1.55, 1.5667, 1.5833, 1.6, 1.6167, 1.6333, 1.65, 1.6667, 1.6833, 1.7, 1.7167, 1.7333, 1.75, 1.7667, 1.7833, 1.8, 1.8167, 1.8333, 1.85, 1.8667, 1.8833, 1.9, 1.9167, 1.9333, 1.95, 1.9667, 1.9833, 2.0, 2.0167, 2.0333, 2.05, 2.0667, 2.0833, 2.1, 2.1167, 2.1333, 2.15, 2.1667, 2.1833, 2.2, 2.2167, 2.2333, 2.25, 2.2667, 2.2833, 2.3, 2.3167, 2.3333, 2.35, 2.3667, 2.3833, 2.4, 2.4167, 2.4333, 2.45, 2.4667, 2.4833, 2.5, 2.5167, 2.5333, 2.55, 2.5667, 2.5833, 2.6, 2.6167, 2.6333, 2.65, 2.6667, 2.6833, 2.7, 2.7167, 2.7333, 2.75, 2.7667, 2.7833, 2.8, 2.8167, 2.8333, 2.85, 2.8667, 2.8833, 2.9, 2.9167, 2.9333, 2.95, 2.9667, 2.9833, 3.0, 3.0167, 3.0333, 3.05, 3.0667, 3.0833, 3.1, 3.1167, 3.1333, 3.15, 3.1667, 3.1833, 3.2, 3.2167, 3.2333, 3.25, 3.2667, 3.2833, 3.3, 3.3167, 3.3333, 3.35, 3.3667, 3.3833, 3.4, 3.4167, 3.4333, 3.45, 3.4667, 3.4833, 3.5, 3.5167, 3.5333, 3.55, 3.5667, 3.5833, 3.6, 3.6167, 3.6333, 3.65, 3.6667, 3.6833, 3.7, 3.7167, 3.7333, 3.75, 3.7667, 3.7833, 3.8, 3.8167, 3.8333, 3.85, 3.8667, 3.8833, 3.9, 3.9167, 3.9333, 3.95, 3.9667, 3.9833, 4.0, 4.0167, 4.0333, 4.05, 4.0667, 4.0833, 4.1, 4.1167, 4.1333, 4.15, 4.1667, 4.1833, 4.2, 4.2167, 4.2333, 4.25, 4.2667, 4.2833, 4.3, 4.3167, 4.3333, 4.35, 4.3667, 4.3833, 4.4, 4.4167, 4.4333, 4.45, 4.4667, 4.4833, 4.5, 4.5167, 4.5333, 4.55, 4.5667, 4.5833, 4.6, 4.6167, 4.6333, 4.65, 4.6667, 4.6833, 4.7, 4.7167, 4.7333, 4.75, 4.7667, 4.7833, 4.8, 4.8167, 4.8333, 4.85, 4.8667, 4.8833, 4.9, 4.9167, 4.9333, 4.95, 4.9667, 4.9833, 5.0, 5.0167, 5.0333, 5.05, 5.0667, 5.0833, 5.1, 5.1167, 5.1333, 5.15, 5.1667, 5.1833, 5.2],
            "transform": [
                [1.0, 0.0, 0.0, -5e-06, 0.0, 0.0, -1.0, 0.000946, 0.0, 1.0, 0.0, 0.700842, 0.0, 0.0, 0.0, 1.0],
                [1.0, 0.0, -8e-05, -5e-06, -8e-05, 0.0, -1.0, 0.002527, 0.0, 1.0, 0.0, 0.700362, 0.0, 0.0, 0.0, 1.0],
                [1.0, 0.0, -0.000641, -5e-06, -0.000641, 0.0, -1.0, 0.006955, 0.0, 1.0, 0.0, 0.698986, 0.0, 0.0, 0.0, 1.0],
                [0.999998, 0.0, -0.002163, -5e-06, -0.002163, 0.0, -0.999998, 0.013758, 0.0, 1.0, 0.0, 0.696815, 0.0, 0.0, 0.0, 1.0],
                [0.999987, 0.0, -0.005127, -5e-06, -0.005127, 0.0, -0.999987, 0.022465, 0.0, 1.0, 0.0, 0.693947, 0.0, 0.0, 0.0, 1.0],
                [0.99995, 0.0, -0.010015, -5e-06, -0.010015, 0.0, -0.99995, 0.032605, 0.0, 1.0, 0.0, 0.690483, 0.0, 0.0, 0.0, 1.0],
                [0.99985, 0.0, -0.017306, -5e-06, -0.017306, 0.0, -0.99985, 0.043706, 0.0, 1.0, 0.0, 0.686521, 0.0, 0.0, 0.0, 1.0],
                [0.999622, 0.0, -0.027482, -5e-06, -0.027482, 0.0, -0.999622, 0.055296, 0.0, 1.0, 0.0, 0.682161, 0.0, 0.0, 0.0, 1.0],
                [0.999158, 0.0, -0.041021, -5e-06, -0.041021, 0.0, -0.999158, 0.066905, 0.0, 1.0, 0.0, 0.677504, 0.0, 0.0, 0.0, 1.0],
                [0.998294, 0.0, -0.058395, -5e-06, -0.058395, 0.0, -0.998294, 0.07806, 0.0, 1.0, 0.0, 0.672647, 0.0, 0.0, 0.0, 1.0],
                [0.99679, 0.0, -0.080066, -5e-06, -0.080066, 0.0, -0.99679, 0.08829, 0.0, 1.0, 0.0, 0.667691, 0.0, 0.0, 0.0, 1.0],
                [0.994316, 0.0, -0.106474, -5e-06, -0.106474, 0.0, -0.994316, 0.097125, 0.0, 1.0, 0.0, 0.662735, 0.0, 0.0, 0.0, 1.0],
                [0.990131, 0.0, -0.140143, -5e-06, -0.140143, 0.0, -0.990131, 0.10426, 0.0, 1.0, 0.0, 0.657878, 0.0, 0.0, 0.0, 1.0],
                [0.983445, 0.0, -0.181205, -5e-06, -0.181205, 0.0, -0.983445, 0.110067, 0.0, 1.0, 0.0, 0.65322, 0.0, 0.0, 0.0, 1.0],
                [0.974022, 0.0, -0.226453, -5e-06, -0.226453, 0.0, -0.974022, 0.115085, 0.0, 1.0, 0.0, 0.648861, 0.0, 0.0, 0.0, 1.0],
                [0.962107, 0.0, -0.272671, -5e-06, -0.272671, 0.0, -0.962107, 0.119855, 0.0, 1.0, 0.0, 0.644899, 0.0, 0.0, 0.0, 1.0],
                [0.948519, 0.0, -0.31672, -5e-06, -0.31672, 0.0, -0.948519, 0.124916, 0.0, 1.0, 0.0, 0.641435, 0.0, 0.0, 0.0, 1.0],
                [0.934629, 0.0, -0.355624, -5e-06, -0.355624, 0.0, -0.934629, 0.130807, 0.0, 1.0, 0.0, 0.638567, 0.0, 0.0, 0.0, 1.0],
                [0.922242, 0.0, -0.386613, -5e-06, -0.386613, 0.0, -0.922242, 0.138069, 0.0, 1.0, 0.0, 0.636395, 0.0, 0.0, 0.0, 1.0],
                [0.913388, 0.0, -0.40709, -5e-06, -0.40709, 0.0, -0.913388, 0.147241, 0.0, 1.0, 0.0, 0.63502, 0.0, 0.0, 0.0, 1.0],
                [0.910048, 0.0, -0.414502, -5e-06, -0.414502, 0.0, -0.910048, 0.158863, 0.0, 1.0, 0.0, 0.634539, 0.0, 0.0, 0.0, 1.0],
                [0.910104, 0.0, -0.414381, -5e-06, -0.414381, 0.0, -0.910104, 0.173388, 0.0, 1.0, 0.0, 0.637051, 0.0, 0.0, 0.0, 1.0],
                [0.910407, 0.0, -0.413713, -5e-06, -0.413713, 0.0, -0.910407, 0.190932, 0.0, 1.0, 0.0, 0.643996, 0.0, 0.0, 0.0, 1.0],
                [0.911164, 0.0, -0.412044, -5e-06, -0.412044, 0.0, -0.911164, 0.211523, 0.0, 1.0, 0.0, 0.654488, 0.0, 0.0, 0.0, 1.0],
                [0.912572, 0.0, -0.408917, -5e-06, -0.408917, 0.0, -0.912572, 0.235189, 0.0, 1.0, 0.0, 0.66764, 0.0, 0.0, 0.0, 1.0],
                [0.914816, 0.0, -0.40387, -5e-06, -0.40387, 0.0, -0.914816, 0.26196, 0.0, 1.0, 0.0, 0.682565, 0.0, 0.0, 0.0, 1.0],
                [0.918065, 0.0, -0.39643, -5e-06, -0.39643, 0.0, -0.918065, 0.291863, 0.0, 1.0, 0.0, 0.698377, 0.0, 0.0, 0.0, 1.0],
                [0.922452, 0.0, -0.386112, -5e-06, -0.386112, 0.0, -0.922452, 0.324929, 0.0, 1.0, 0.0, 0.714188, 0.0, 0.0, 0.0, 1.0],
                [0.928069, 0.0, -0.372408, -5e-06, -0.372408, 0.0, -0.928069, 0.361185, 0.0, 1.0, 0.0, 0.729114, 0.0, 0.0, 0.0, 1.0],
                [0.934949, 0.0, -0.354781, -5e-06, -0.354781, 0.0, -0.934949, 0.400661, 0.0, 1.0, 0.0, 0.742265, 0.0, 0.0, 0.0, 1.0],
                [0.943045, 0.0, -0.332666, -5e-06, -0.332666, 0.0, -0.943045, 0.443384, 0.0, 1.0, 0.0, 0.752757, 0.0, 0.0, 0.0, 1.0],
                [0.952204, 0.0, -0.305462, -5e-06, -0.305462, 0.0, -0.952204, 0.489385, 0.0, 1.0, 0.0, 0.759703, 0.0, 0.0, 0.0, 1.0],
                [0.962145, 0.0, -0.272538, -5e-06, -0.272538, 0.0, -0.962145, 0.538691, 0.0, 1.0, 0.0, 0.762215, 0.0, 0.0, 0.0, 1.0],
                [0.972686, 0.0, -0.232125, -5e-06, -0.232125, 0.0, -0.972686, 0.590821, 0.0, 1.0, 0.0, 0.756711, 0.0, 0.0, 0.0, 1.0],
                [0.982619, 0.0, -0.185635, -5e-06, -0.185635, 0.0, -0.982619, 0.643252, 0.0, 1.0, 0.0, 0.742516, 0.0, 0.0, 0.0, 1.0],
                [0.990515, 0.0, -0.137402, -5e-06, -0.137402, 0.0, -0.990515, 0.692952, 0.0, 1.0, 0.0, 0.723107, 0.0, 0.0, 0.0, 1.0],
                [0.995762, 0.0, -0.091963, -5e-06, -0.091963, 0.0, -0.995762, 0.736887, 0.0, 1.0, 0.0, 0.70196, 0.0, 0.0, 0.0, 1.0],
                [0.998545, 0.0, -0.053924, -5e-06, -0.053924, 0.0, -0.998545, 0.772024, 0.0, 1.0, 0.0, 0.682551, 0.0, 0.0, 0.0, 1.0],
                [0.999613, 0.0, -0.027833, -5e-06, -0.027833, 0.0, -0.999613, 0.795331, 0.0, 1.0, 0.0, 0.668357, 0.0, 0.0, 0.0, 1.0],
                [0.999835, 0.0, -0.018153, -5e-06, -0.018153, 0.0, -0.999835, 0.803774, 0.0, 1.0, 0.0, 0.662853, 0.0, 0.0, 0.0, 1.0],
                [0.999835, 0.0, -0.018153, -5e-06, -0.018153, 0.0, -0.999835, 0.803774, 0.0, 1.0, 0.0, 0.662853, 0.0, 0.0, 0.0, 1.0],
                [0.999835, 0.0, -0.018153, -5e-06, -0.018153, 0.0, -0.999835, 0.803774, 0.0, 1.0, 0.0, 0.662853, 0.0, 0.0, 0.0, 1.0],
                [0.999835, 0.0, -0.018153, -5e-06, -0.018153, 0.0, -0.999835, 0.803774, 0.0, 1.0, 0.0, 0.662853, 0.0, 0.0, 0.0, 1.0],
                [0.999835, 0.0, -0.018153, -5e-06, -0.018153, 0.0, -0.999835, 0.803774, 0.0, 1.0, 0.0, 0.662853, 0.0, 0.0, 0.0, 1.0],
                [0.999835, 0.0, -0.018153, -5e-06, -0.018153, 0.0, -0.999835, 0.803774, 0.0, 1.0, 0.0, 0.662853, 0.0, 0.0, 0.0, 1.0],
                [0.999835, 0.0, -0.018153, -5e-06, -0.018153, 0.0, -0.999835, 0.803774, 0.0, 1.0, 0.0, 0.662853, 0.0, 0.0, 0.0, 1.0],
                [0.999835, 0.0, -0.018153, -5e-06, -0.018153, 0.0, -0.999835, 0.803774, 0.0, 1.0, 0.0, 0.662853, 0.0, 0.0, 0.0, 1.0],
                [0.999835, 0.0, -0.018153, -5e-06, -0.018153, 0.0, -0.999835, 0.803774, 0.0, 1.0, 0.0, 0.662853, 0.0, 0.0, 0.0, 1.0],
                [0.999835, 0.0, -0.018153, -5e-06, -0.018153, 0.0, -0.999835, 0.803774, 0.0, 1.0, 0.0, 0.662853, 0.0, 0.0, 0.0, 1.0],
                [0.999835, 0.0, -0.018153, -5e-06, -0.018153, 0.0, -0.999835, 0.803774, 0.0, 1.0, 0.0, 0.662853, 0.0, 0.0, 0.0, 1.0],
                [0.999835, 0.0, -0.018153, -5e-06, -0.018153, 0.0, -0.999835, 0.803774, 0.0, 1.0, 0.0, 0.662853, 0.0, 0.0, 0.0, 1.0],
                [0.999835, 0.0, -0.018153, -5e-06, -0.018153, 0.0, -0.999835, 0.803774, 0.0, 1.0, 0.0, 0.662853, 0.0, 0.0, 0.0, 1.0],
                [0.999835, 0.0, -0.018153, -5e-06, -0.018153, 0.0, -0.999835, 0.803774, 0.0, 1.0, 0.0, 0.662853, 0.0, 0.0, 0.0, 1.0],
                [0.999835, 0.0, -0.018153, -5e-06, -0.018153, 0.0, -0.999835, 0.803774, 0.0, 1.0, 0.0, 0.662853, 0.0, 0.0, 0.0, 1.0],
                [0.999835, 0.0, -0.018153, -5e-06, -0.018153, 0.0, -0.999835, 0.803774, 0.0, 1.0, 0.0, 0.662853, 0.0, 0.0, 0.0, 1.0],
                [0.999835, 0.0, -0.018153, -5e-06, -0.018153, 0.0, -0.999835, 0.803774, 0.0, 1.0, 0.0, 0.662853, 0.0, 0.0, 0.0, 1.0],
                [0.999835, 0.0, -0.018153, -5e-06, -0.018153, 0.0, -0.999835, 0.803774, 0.0, 1.0, 0.0, 0.662853, 0.0, 0.0, 0.0, 1.0],
                [0.999835, 0.0, -0.018153, -5e-06, -0.018153, 0.0, -0.999835, 0.803774, 0.0, 1.0, 0.0, 0.662853, 0.0, 0.0, 0.0, 1.0],
                [0.999835, 0.0, -0.018153, -5e-06, -0.018153, 0.0, -0.999835, 0.803774, 0.0, 1.0, 0.0, 0.662853, 0.0, 0.0, 0.0, 1.0],
                [0.999835, 0.0, -0.018153, -5e-06, -0.018153, 0.0, -0.999835, 0.803774, 0.0, 1.0, 0.0, 0.662853, 0.0, 0.0, 0.0, 1.0],
                [0.999835, 0.0, -0.018153, -5e-06, -0.018153, 0.0, -0.999835, 0.803774, 0.0, 1.0, 0.0, 0.662853, 0.0, 0.0, 0.0, 1.0],
                [0.999835, 0.0, -0.018153, -5e-06, -0.018153, 0.0, -0.999835, 0.803774, 0.0, 1.0, 0.0, 0.662853, 0.0, 0.0, 0.0, 1.0],
                [0.999835, 0.0, -0.018153, -5e-06, -0.018153, 0.0, -0.999835, 0.803774, 0.0, 1.0, 0.0, 0.662853, 0.0, 0.0, 0.0, 1.0],
                [0.999835, 0.0, -0.018153, -5e-06, -0.018153, 0.0, -0.999835, 0.803774, 0.0, 1.0, 0.0, 0.662853, 0.0, 0.0, 0.0, 1.0],
                [0.999835, 0.0, -0.018153, -5e-06, -0.018153, 0.0, -0.999835, 0.803774, 0.0, 1.0, 0.0, 0.662853, 0.0, 0.0, 0.0, 1.0],
                [0.999835, 0.0, -0.018153, -5e-06, -0.018153, 0.0, -0.999835, 0.803774, 0.0, 1.0, 0.0, 0.662853, 0.0, 0.0, 0.0, 1.0],
                [0.999812, 0.0, -0.019397, -5e-06, -0.019397, 0.0, -0.999812, 0.806438, 0.0, 1.0, 0.0, 0.664, 0.0, 0.0, 0.0, 1.0],
                [0.999737, 0.0, -0.02293, -5e-06, -0.02293, 0.0, -0.999737, 0.814005, 0.0, 1.0, 0.0, 0.667194, 0.0, 0.0, 0.0, 1.0],
                [0.999595, 0.0, -0.028454, -5e-06, -0.028454, 0.0, -0.999595, 0.825834, 0.0, 1.0, 0.0, 0.672062, 0.0, 0.0, 0.0, 1.0],
                [0.999364, 0.0, -0.035669, -5e-06, -0.035669, 0.0, -0.999364, 0.841287, 0.0, 1.0, 0.0, 0.678232, 0.0, 0.0, 0.0, 1.0],
                [0.999019, 0.0, -0.044275, -5e-06, -0.044275, 0.0, -0.999019, 0.859724, 0.0, 1.0, 0.0, 0.685332, 0.0, 0.0, 0.0, 1.0],
                [0.998542, 0.0, -0.053974, -5e-06, -0.053974, 0.0, -0.998542, 0.880505, 0.0, 1.0, 0.0, 0.692991, 0.0, 0.0, 0.0, 1.0],
                [0.99792, 0.0, -0.064464, -5e-06, -0.064464, 0.0, -0.99792, 0.902992, 0.0, 1.0, 0.0, 0.700836, 0.0, 0.0, 0.0, 1.0],
                [0.99715, 0.0, -0.075444, -5e-06, -0.075444, 0.0, -0.99715, 0.926544, 0.0, 1.0, 0.0, 0.708495, 0.0, 0.0, 0.0, 1.0],
                [0.996242, 0.0, -0.086612, -5e-06, -0.086612, 0.0, -0.996242, 0.950522, 0.0, 1.0, 0.0, 0.715595, 0.0, 0.0, 0.0, 1.0],
                [0.995219, 0.0, -0.09767, -5e-06, -0.09767, 0.0, -0.995219, 0.974288, 0.0, 1.0, 0.0, 0.721765, 0.0, 0.0, 0.0, 1.0],
                [0.994116, 0.0, -0.108319, -5e-06, -0.108319, 0.0, -0.994116, 0.9972, 0.0, 1.0, 0.0, 0.726633, 0.0, 0.0, 0.0, 1.0],
                [0.992983, 0.0, -0.118261, -5e-06, -0.118261, 0.0, -0.992983, 1.018621, 0.0, 1.0, 0.0, 0.729827, 0.0, 0.0, 0.0, 1.0],
                [0.991877, 0.0, -0.127202, -5e-06, -0.127202, 0.0, -0.991877, 1.037911, 0.0, 1.0, 0.0, 0.730974, 0.0, 0.0, 0.0, 1.0],
                [0.990857, 0.0, -0.134916, -5e-06, -0.134916, 0.0, -0.990857, 1.054572, 0.0, 1.0, 0.0, 0.730959, 0.0, 0.0, 0.0, 1.0],
                [0.989945, 0.0, -0.141454, -5e-06, -0.141454, 0.0, -0.989945, 1.06868, 0.0, 1.0, 0.0, 0.73091, 0.0, 0.0, 0.0, 1.0],
                [0.989147, 0.0, -0.146931, -5e-06, -0.146931, 0.0, -0.989147, 1.080452, 0.0, 1.0, 0.0, 0.730824, 0.0, 0.0, 0.0, 1.0],
                [0.988463, 0.0, -0.151463, -5e-06, -0.151463, 0.0, -0.988463, 1.090106, 0.0, 1.0, 0.0, 0.730698, 0.0, 0.0, 0.0, 1.0],
                [0.987888, 0.0, -0.155166, -5e-06, -0.155166, 0.0, -0.987888, 1.097858, 0.0, 1.0, 0.0, 0.730529, 0.0, 0.0, 0.0, 1.0],
                [0.987415, 0.0, -0.158153, -5e-06, -0.158153, 0.0, -0.987415, 1.103927, 0.0, 1.0, 0.0, 0.730313, 0.0, 0.0, 0.0, 1.0],
                [0.987029, 0.0, -0.16054, -5e-06, -0.16054, 0.0, -0.987029, 1.108531, 0.0, 1.0, 0.0, 0.730047, 0.0, 0.0, 0.0, 1.0],
                [0.986719, 0.0, -0.162439, -5e-06, -0.162439, 0.0, -0.986719, 1.111885, 0.0, 1.0, 0.0, 0.729728, 0.0, 0.0, 0.0, 1.0],
                [0.986466, 0.0, -0.163965, -5e-06, -0.163965, 0.0, -0.986466, 1.114209, 0.0, 1.0, 0.0, 0.729351, 0.0, 0.0, 0.0, 1.0],
                [0.986255, 0.0, -0.165229, -5e-06, -0.165229, 0.0, -0.986255, 1.115719, 0.0, 1.0, 0.0, 0.728914, 0.0, 0.0, 0.0, 1.0],
                [0.986068, 0.0, -0.166344, -5e-06, -0.166344, 0.0, -0.986068, 1.116633, 0.0, 1.0, 0.0, 0.728414, 0.0, 0.0, 0.0, 1.0],
                [0.985885, 0.0, -0.167424, -5e-06, -0.167424, 0.0, -0.985885, 1.117168, 0.0, 1.0, 0.0, 0.727847, 0.0, 0.0, 0.0, 1.0],
                [0.985688, 0.0, -0.168581, -5e-06, -0.168581, 0.0, -0.985688, 1.117541, 0.0, 1.0, 0.0, 0.72721, 0.0, 0.0, 0.0, 1.0],
                [0.985457, 0.0, -0.169928, -5e-06, -0.169928, 0.0, -0.985457, 1.117972, 0.0, 1.0, 0.0, 0.726499, 0.0, 0.0, 0.0, 1.0],
                [0.985171, 0.0, -0.171576, -5e-06, -0.171576, 0.0, -0.985171, 1.118676, 0.0, 1.0, 0.0, 0.725711, 0.0, 0.0, 0.0, 1.0],
                [0.984809, 0.0, -0.173639, -5e-06, -0.173639, 0.0, -0.984809, 1.119871, 0.0, 1.0, 0.0, 0.724843, 0.0, 0.0, 0.0, 1.0],
                [0.984349, 0.0, -0.176229, -5e-06, -0.176229, 0.0, -0.984349, 1.121775, 0.0, 1.0, 0.0, 0.723891, 0.0, 0.0, 0.0, 1.0],
                [0.983766, 0.0, -0.179456, -5e-06, -0.179456, 0.0, -0.983766, 1.124605, 0.0, 1.0, 0.0, 0.722852, 0.0, 0.0, 0.0, 1.0],
                [0.983032, 0.0, -0.183434, -5e-06, -0.183434, 0.0, -0.983032, 1.128578, 0.0, 1.0, 0.0, 0.721723, 0.0, 0.0, 0.0, 1.0],
                [0.982117, 0.0, -0.188271, -5e-06, -0.188271, 0.0, -0.982117, 1.133913, 0.0, 1.0, 0.0, 0.7205, 0.0, 0.0, 0.0, 1.0],
                [0.980986, 0.0, -0.194079, -5e-06, -0.194079, 0.0, -0.980986, 1.140826, 0.0, 1.0, 0.0, 0.71918, 0.0, 0.0, 0.0, 1.0],
                [0.979599, 0.0, -0.200964, -5e-06, -0.200964, 0.0, -0.979599, 1.149536, 0.0, 1.0, 0.0, 0.717759, 0.0, 0.0, 0.0, 1.0],
                [0.977908, 0.0, -0.209034, -5e-06, -0.209034, 0.0, -0.977908, 1.160259, 0.0, 1.0, 0.0, 0.716235, 0.0, 0.0, 0.0, 1.0],
                [0.975861, 0.0, -0.218393, -5e-06, -0.218393, 0.0, -0.975861, 1.173213, 0.0, 1.0, 0.0, 0.714603, 0.0, 0.0, 0.0, 1.0],
                [0.973393, 0.0, -0.229141, -5e-06, -0.229141, 0.0, -0.973393, 1.188615, 0.0, 1.0, 0.0, 0.712861, 0.0, 0.0, 0.0, 1.0],
                [0.970432, 0.0, -0.241374, -5e-06, -0.241374, 0.0, -0.970432, 1.206683, 0.0, 1.0, 0.0, 0.711005, 0.0, 0.0, 0.0, 1.0],
                [0.965709, 0.0, -0.259625, -5e-06, -0.259625, 0.0, -0.965709, 1.228108, 0.0, 1.0, 0.0, 0.70903, 0.0, 0.0, 0.0, 1.0],
                [0.95792, 0.0, -0.287035, -5e-06, -0.287035, 0.0, -0.95792, 1.25285, 0.0, 1.0, 0.0, 0.706916, 0.0, 0.0, 0.0, 1.0],
                [0.946884, 0.0, -0.321575, -5e-06, -0.321575, 0.0, -0.946884, 1.280035, 0.0, 1.0, 0.0, 0.704645, 0.0, 0.0, 0.0, 1.0],
                [0.932498, 0.0, -0.361174, -5e-06, -0.361174, 0.0, -0.932498, 1.308786, 0.0, 1.0, 0.0, 0.702195, 0.0, 0.0, 0.0, 1.0],
                [0.914874, 0.0, -0.40374, -5e-06, -0.40374, 0.0, -0.914874, 1.338229, 0.0, 1.0, 0.0, 0.699546, 0.0, 0.0, 0.0, 1.0],
                [0.894428, 0.0, -0.447212, -5e-06, -0.447212, 0.0, -0.894428, 1.367487, 0.0, 1.0, 0.0, 0.696678, 0.0, 0.0, 0.0, 1.0],
                [0.87193, 0.0, -0.48963, -5e-06, -0.48963, 0.0, -0.87193, 1.395684, 0.0, 1.0, 0.0, 0.69357, 0.0, 0.0, 0.0, 1.0],
                [0.848497, 0.0, -0.5292, -5e-06, -0.5292, 0.0, -0.848497, 1.421946, 0.0, 1.0, 0.0, 0.690203, 0.0, 0.0, 0.0, 1.0],
                [0.825545, 0.0, -0.564337, -5e-06, -0.564337, 0.0, -0.825545, 1.445397, 0.0, 1.0, 0.0, 0.686554, 0.0, 0.0, 0.0, 1.0],
                [0.804706, 0.0, -0.593674, -5e-06, -0.593674, 0.0, -0.804706, 1.46516, 0.0, 1.0, 0.0, 0.682605, 0.0, 0.0, 0.0, 1.0],
                [0.787727, 0.0, -0.616024, -5e-06, -0.616024, 0.0, -0.787727, 1.480361, 0.0, 1.0, 0.0, 0.678335, 0.0, 0.0, 0.0, 1.0],
                [0.776361, 0.0, -0.630289, -5e-06, -0.630289, 0.0, -0.776361, 1.490124, 0.0, 1.0, 0.0, 0.673723, 0.0, 0.0, 0.0, 1.0],
                [0.772243, 0.0, -0.635327, -5e-06, -0.635327, 0.0, -0.772243, 1.493572, 0.0, 1.0, 0.0, 0.668748, 0.0, 0.0, 0.0, 1.0],
                [0.772243, 0.0, -0.635327, -5e-06, -0.635327, 0.0, -0.772243, 1.493572, 0.0, 1.0, 0.0, 0.663399, 0.0, 0.0, 0.0, 1.0],
                [0.772243, 0.0, -0.635327, -5e-06, -0.635327, 0.0, -0.772243, 1.493572, 0.0, 1.0, 0.0, 0.657693, 0.0, 0.0, 0.0, 1.0],
                [0.772243, 0.0, -0.635327, -5e-06, -0.635327, 0.0, -0.772243, 1.493572, 0.0, 1.0, 0.0, 0.651656, 0.0, 0.0, 0.0, 1.0],
                [0.772243, 0.0, -0.635327, -5e-06, -0.635327, 0.0, -0.772243, 1.493572, 0.0, 1.0, 0.0, 0.645312, 0.0, 0.0, 0.0, 1.0],
                [0.772243, 0.0, -0.635327, -5e-06, -0.635327, 0.0, -0.772243, 1.493572, 0.0, 1.0, 0.0, 0.638689, 0.0, 0.0, 0.0, 1.0],
                [0.772243, 0.0, -0.635327, -5e-06, -0.635327, 0.0, -0.772243, 1.493572, 0.0, 1.0, 0.0, 0.631811, 0.0, 0.0, 0.0, 1.0],
                [0.772243, 0.0, -0.635327, -5e-06, -0.635327, 0.0, -0.772243, 1.493572, 0.0, 1.0, 0.0, 0.624703, 0.0, 0.0, 0.0, 1.0],
                [0.772243, 0.0, -0.635327, -5e-06, -0.635327, 0.0, -0.772243, 1.493572, 0.0, 1.0, 0.0, 0.617393, 0.0, 0.0, 0.0, 1.0],
                [0.772243, 0.0, -0.635327, -5e-06, -0.635327, 0.0, -0.772243, 1.493572, 0.0, 1.0, 0.0, 0.609904, 0.0, 0.0, 0.0, 1.0],
                [0.772243, 0.0, -0.635327, -5e-06, -0.635327, 0.0, -0.772243, 1.493572, 0.0, 1.0, 0.0, 0.602263, 0.0, 0.0, 0.0, 1.0],
                [0.772243, 0.0, -0.635327, -5e-06, -0.635327, 0.0, -0.772243, 1.493572, 0.0, 1.0, 0.0, 0.594495, 0.0, 0.0, 0.0, 1.0],
                [0.772243, 0.0, -0.635327, -5e-06, -0.635327, 0.0, -0.772243, 1.493572, 0.0, 1.0, 0.0, 0.586626, 0.0, 0.0, 0.0, 1.0],
                [0.772243, 0.0, -0.635327, -5e-06, -0.635327, 0.0, -0.772243, 1.493572, 0.0, 1.0, 0.0, 0.578682, 0.0, 0.0, 0.0, 1.0],
                [0.772243, 0.0, -0.635327, -5e-06, -0.635327, 0.0, -0.772243, 1.493572, 0.0, 1.0, 0.0, 0.570687, 0.0, 0.0, 0.0, 1.0],
                [0.772243, 0.0, -0.635327, -5e-06, -0.635327, 0.0, -0.772243, 1.493572, 0.0, 1.0, 0.0, 0.562669, 0.0, 0.0, 0.0, 1.0],
                [0.772243, 0.0, -0.635327, -5e-06, -0.635327, 0.0, -0.772243, 1.493572, 0.0, 1.0, 0.0, 0.554651, 0.0, 0.0, 0.0, 1.0],
                [0.772243, 0.0, -0.635327, -5e-06, -0.635327, 0.0, -0.772243, 1.493572, 0.0, 1.0, 0.0, 0.54666, 0.0, 0.0, 0.0, 1.0],
                [0.772243, 0.0, -0.635327, -5e-06, -0.635327, 0.0, -0.772243, 1.493572, 0.0, 1.0, 0.0, 0.538721, 0.0, 0.0, 0.0, 1.0],
                [0.772243, 0.0, -0.635327, -5e-06, -0.635327, 0.0, -0.772243, 1.493572, 0.0, 1.0, 0.0, 0.53086, 0.0, 0.0, 0.0, 1.0],
                [0.772243, 0.0, -0.635327, -5e-06, -0.635327, 0.0, -0.772243, 1.493572, 0.0, 1.0, 0.0, 0.523103, 0.0, 0.0, 0.0, 1.0],
                [0.772243, 0.0, -0.635327, -5e-06, -0.635327, 0.0, -0.772243, 1.493572, 0.0, 1.0, 0.0, 0.515475, 0.0, 0.0, 0.0, 1.0],
                [0.772243, 0.0, -0.635327, -5e-06, -0.635327, 0.0, -0.772243, 1.493572, 0.0, 1.0, 0.0, 0.508001, 0.0, 0.0, 0.0, 1.0],
                [0.772243, 0.0, -0.635327, -5e-06, -0.635327, 0.0, -0.772243, 1.493572, 0.0, 1.0, 0.0, 0.500708, 0.0, 0.0, 0.0, 1.0],
                [0.772243, 0.0, -0.635327, -5e-06, -0.635327, 0.0, -0.772243, 1.493572, 0.0, 1.0, 0.0, 0.49362, 0.0, 0.0, 0.0, 1.0],
                [0.772243, 0.0, -0.635327, -5e-06, -0.635327, 0.0, -0.772243, 1.493572, 0.0, 1.0, 0.0, 0.486764, 0.0, 0.0, 0.0, 1.0],
                [0.772243, 0.0, -0.635327, -5e-06, -0.635327, 0.0, -0.772243, 1.493572, 0.0, 1.0, 0.0, 0.480165, 0.0, 0.0, 0.0, 1.0],
                [0.772243, 0.0, -0.635327, -5e-06, -0.635327, 0.0, -0.772243, 1.493572, 0.0, 1.0, 0.0, 0.473848, 0.0, 0.0, 0.0, 1.0],
                [0.772243, 0.0, -0.635327, -5e-06, -0.635327, 0.0, -0.772243, 1.493572, 0.0, 1.0, 0.0, 0.467839, 0.0, 0.0, 0.0, 1.0],
                [0.772243, 0.0, -0.635327, -5e-06, -0.635327, 0.0, -0.772243, 1.493572, 0.0, 1.0, 0.0, 0.462164, 0.0, 0.0, 0.0, 1.0],
                [0.772243, 0.0, -0.635327, -5e-06, -0.635327, 0.0, -0.772243, 1.493572, 0.0, 1.0, 0.0, 0.456849, 0.0, 0.0, 0.0, 1.0],
                [0.772243, 0.0, -0.635327, -5e-06, -0.635327, 0.0, -0.772243, 1.493572, 0.0, 1.0, 0.0, 0.451918, 0.0, 0.0, 0.0, 1.0],
                [0.772243, 0.0, -0.635327, -5e-06, -0.635327, 0.0, -0.772243, 1.493572, 0.0, 1.0, 0.0, 0.447397, 0.0, 0.0, 0.0, 1.0],
                [0.772243, 0.0, -0.635327, -5e-06, -0.635327, 0.0, -0.772243, 1.493572, 0.0, 1.0, 0.0, 0.443313, 0.0, 0.0, 0.0, 1.0],
                [0.772243, 0.0, -0.635327, -5e-06, -0.635327, 0.0, -0.772243, 1.493572, 0.0, 1.0, 0.0, 0.43969, 0.0, 0.0, 0.0, 1.0],
                [0.772243, 0.0, -0.635327, -5e-06, -0.635327, 0.0, -0.772243, 1.493572, 0.0, 1.0, 0.0, 0.436554, 0.0, 0.0, 0.0, 1.0],
                [0.772243, 0.0, -0.635327, -5e-06, -0.635327, 0.0, -0.772243, 1.493572, 0.0, 1.0, 0.0, 0.433932, 0.0, 0.0, 0.0, 1.0],
                [0.772243, 0.0, -0.635327, -5e-06, -0.635327, 0.0, -0.772243, 1.493572, 0.0, 1.0, 0.0, 0.431847, 0.0, 0.0, 0.0, 1.0],
                [0.772243, 0.0, -0.635327, -5e-06, -0.635327, 0.0, -0.772243, 1.493572, 0.0, 1.0, 0.0, 0.430326, 0.0, 0.0, 0.0, 1.0],
                [0.772243, 0.0, -0.635327, -5e-06, -0.635327, 0.0, -0.772243, 1.493572, 0.0, 1.0, 0.0, 0.429395, 0.0, 0.0, 0.0, 1.0],
                [0.772243, 0.0, -0.635327, -5e-06, -0.635327, 0.0, -0.772243, 1.493572, 0.0, 1.0, 0.0, 0.429079, 0.0, 0.0, 0.0, 1.0],
                [0.765699, 0.0, -0.643199, -5e-06, -0.643199, 0.0, -0.765699, 1.486258, 0.0, 1.0, 0.0, 0.451858, 0.0, 0.0, 0.0, 1.0],
                [0.748982, 0.0, -0.66259, -5e-06, -0.66259, 0.0, -0.748982, 1.467197, 0.0, 1.0, 0.0, 0.508835, 0.0, 0.0, 0.0, 1.0],
                [0.726508, 0.0, -0.687158, -5e-06, -0.687158, 0.0, -0.726508, 1.44071, 0.0, 1.0, 0.0, 0.58297, 0.0, 0.0, 0.0, 1.0],
                [0.703228, 0.0, -0.710965, -5e-06, -0.710965, 0.0, -0.703228, 1.411119, 0.0, 1.0, 0.0, 0.657224, 0.0, 0.0, 0.0, 1.0],
                [0.684796, 0.0, -0.728735, -5e-06, -0.728735, 0.0, -0.684796, 1.382744, 0.0, 1.0, 0.0, 0.714559, 0.0, 0.0, 0.0, 1.0],
                [0.677301, 0.0, -0.735706, -5e-06, -0.735706, 0.0, -0.677301, 1.359908, 0.0, 1.0, 0.0, 0.737934, 0.0, 0.0, 0.0, 1.0],
                [0.677488, 0.0, -0.735534, -5e-06, -0.735534, 0.0, -0.677488, 1.341569, 0.0, 1.0, 0.0, 0.738643, 0.0, 0.0, 0.0, 1.0],
                [0.678044, 0.0, -0.735021, -5e-06, -0.735021, 0.0, -0.678044, 1.323799, 0.0, 1.0, 0.0, 0.739337, 0.0, 0.0, 0.0, 1.0],
                [0.678961, 0.0, -0.734175, -5e-06, -0.734175, 0.0, -0.678961, 1.306588, 0.0, 1.0, 0.0, 0.740016, 0.0, 0.0, 0.0, 1.0],
                [0.680229, 0.0, -0.733, -5e-06, -0.733, 0.0, -0.680229, 1.289925, 0.0, 1.0, 0.0, 0.740682, 0.0, 0.0, 0.0, 1.0],
                [0.68184, 0.0, -0.731501, -5e-06, -0.731501, 0.0, -0.68184, 1.273801, 0.0, 1.0, 0.0, 0.741333, 0.0, 0.0, 0.0, 1.0],
                [0.683785, 0.0, -0.729684, -5e-06, -0.729684, 0.0, -0.683785, 1.258205, 0.0, 1.0, 0.0, 0.74197, 0.0, 0.0, 0.0, 1.0],
                [0.686053, 0.0, -0.727552, -5e-06, -0.727552, 0.0, -0.686053, 1.243129, 0.0, 1.0, 0.0, 0.742593, 0.0, 0.0, 0.0, 1.0],
                [0.688635, 0.0, -0.725108, -5e-06, -0.725108, 0.0, -0.688635, 1.228561, 0.0, 1.0, 0.0, 0.743203, 0.0, 0.0, 0.0, 1.0],
                [0.69152, 0.0, -0.722357, -5e-06, -0.722357, 0.0, -0.69152, 1.214492, 0.0, 1.0, 0.0, 0.743799, 0.0, 0.0, 0.0, 1.0],
                [0.694699, 0.0, -0.719301, -5e-06, -0.719301, 0.0, -0.694699, 1.200912, 0.0, 1.0, 0.0, 0.744382, 0.0, 0.0, 0.0, 1.0],
                [0.698159, 0.0, -0.715943, -5e-06, -0.715943, 0.0, -0.698159, 1.18781, 0.0, 1.0, 0.0, 0.744951, 0.0, 0.0, 0.0, 1.0],
                [0.70189, 0.0, -0.712285, -5e-06, -0.712285, 0.0, -0.70189, 1.175178, 0.0, 1.0, 0.0, 0.745507, 0.0, 0.0, 0.0, 1.0],
                [0.705882, 0.0, -0.70833, -5e-06, -0.70833, 0.0, -0.705882, 1.163004, 0.0, 1.0, 0.0, 0.746051, 0.0, 0.0, 0.0, 1.0],
                [0.710122, 0.0, -0.704079, -5e-06, -0.704079, 0.0, -0.710122, 1.15128, 0.0, 1.0, 0.0, 0.746581, 0.0, 0.0, 0.0, 1.0],
                [0.714598, 0.0, -0.699535, -5e-06, -0.699535, 0.0, -0.714598, 1.139994, 0.0, 1.0, 0.0, 0.747099, 0.0, 0.0, 0.0, 1.0],
                [0.719299, 0.0, -0.6947, -5e-06, -0.6947, 0.0, -0.719299, 1.129137, 0.0, 1.0, 0.0, 0.747605, 0.0, 0.0, 0.0, 1.0],
                [0.724213, 0.0, -0.689576, -5e-06, -0.689576, 0.0, -0.724213, 1.1187, 0.0, 1.0, 0.0, 0.748098, 0.0, 0.0, 0.0, 1.0],
                [0.729328, 0.0, -0.684165, -5e-06, -0.684165, 0.0, -0.729328, 1.108671, 0.0, 1.0, 0.0, 0.748579, 0.0, 0.0, 0.0, 1.0],
                [0.73463, 0.0, -0.678468, -5e-06, -0.678468, 0.0, -0.73463, 1.099041, 0.0, 1.0, 0.0, 0.749048, 0.0, 0.0, 0.0, 1.0],
                [0.740108, 0.0, -0.672488, -5e-06, -0.672488, 0.0, -0.740108, 1.089801, 0.0, 1.0, 0.0, 0.749505, 0.0, 0.0, 0.0, 1.0],
                [0.745748, 0.0, -0.666228, -5e-06, -0.666228, 0.0, -0.745748, 1.080939, 0.0, 1.0, 0.0, 0.74995, 0.0, 0.0, 0.0, 1.0],
                [0.751539, 0.0, -0.659689, -5e-06, -0.659689, 0.0, -0.751539, 1.072447, 0.0, 1.0, 0.0, 0.750384, 0.0, 0.0, 0.0, 1.0],
                [0.757466, 0.0, -0.652874, -5e-06, -0.652874, 0.0, -0.757466, 1.064313, 0.0, 1.0, 0.0, 0.750806, 0.0, 0.0, 0.0, 1.0],
                [0.763518, 0.0, -0.645787, -5e-06, -0.645787, 0.0, -0.763518, 1.056529, 0.0, 1.0, 0.0, 0.751217, 0.0, 0.0, 0.0, 1.0],
                [0.76968, 0.0, -0.63843, -5e-06, -0.63843, 0.0, -0.76968, 1.049084, 0.0, 1.0, 0.0, 0.751617, 0.0, 0.0, 0.0, 1.0],
                [0.77594, 0.0, -0.630806, -5e-06, -0.630806, 0.0, -0.77594, 1.041968, 0.0, 1.0, 0.0, 0.752006, 0.0, 0.0, 0.0, 1.0],
                [0.782285, 0.0, -0.62292, -5e-06, -0.62292, 0.0, -0.782285, 1.035172, 0.0, 1.0, 0.0, 0.752385, 0.0, 0.0, 0.0, 1.0],
                [0.788702, 0.0, -0.614776, -5e-06, -0.614776, 0.0, -0.788702, 1.028684, 0.0, 1.0, 0.0, 0.752752, 0.0, 0.0, 0.0, 1.0],
                [0.795177, 0.0, -0.606378, -5e-06, -0.606378, 0.0, -0.795177, 1.022496, 0.0, 1.0, 0.0, 0.753109, 0.0, 0.0, 0.0, 1.0],
                [0.801697, 0.0, -0.59773, -5e-06, -0.59773, 0.0, -0.801697, 1.016598, 0.0, 1.0, 0.0, 0.753456, 0.0, 0.0, 0.0, 1.0],
                [0.808251, 0.0, -0.588839, -5e-06, -0.588839, 0.0, -0.808251, 1.010978, 0.0, 1.0, 0.0, 0.753793, 0.0, 0.0, 0.0, 1.0],
                [0.814824, 0.0, -0.579709, -5e-06, -0.579709, 0.0, -0.814824, 1.005628, 0.0, 1.0, 0.0, 0.754119, 0.0, 0.0, 0.0, 1.0],
                [0.821404, 0.0, -0.570347, -5e-06, -0.570347, 0.0, -0.821404, 1.000537, 0.0, 1.0, 0.0, 0.754436, 0.0, 0.0, 0.0, 1.0],
                [0.827978, 0.0, -0.56076, -5e-06, -0.56076, 0.0, -0.827978, 0.995696, 0.0, 1.0, 0.0, 0.754743, 0.0, 0.0, 0.0, 1.0],
                [0.834536, 0.0, -0.550954, -5e-06, -0.550954, 0.0, -0.834536, 0.991094, 0.0, 1.0, 0.0, 0.75504, 0.0, 0.0, 0.0, 1.0],
                [0.841063, 0.0, -0.540937, -5e-06, -0.540937, 0.0, -0.841063, 0.986721, 0.0, 1.0, 0.0, 0.755328, 0.0, 0.0, 0.0, 1.0],
                [0.847549, 0.0, -0.530717, -5e-06, -0.530717, 0.0, -0.847549, 0.982568, 0.0, 1.0, 0.0, 0.755606, 0.0, 0.0, 0.0, 1.0],
                [0.853982, 0.0, -0.520302, -5e-06, -0.520302, 0.0, -0.853982, 0.978625, 0.0, 1.0, 0.0, 0.755876, 0.0, 0.0, 0.0, 1.0],
                [0.860351, 0.0, -0.509701, -5e-06, -0.509701, 0.0, -0.860351, 0.974881, 0.0, 1.0, 0.0, 0.756136, 0.0, 0.0, 0.0, 1.0],
                [0.866646, 0.0, -0.498924, -5e-06, -0.498924, 0.0, -0.866646, 0.971326, 0.0, 1.0, 0.0, 0.756388, 0.0, 0.0, 0.0, 1.0],
                [0.872855, 0.0, -0.48798, -5e-06, -0.48798, 0.0, -0.872855, 0.967951, 0.0, 1.0, 0.0, 0.756631, 0.0, 0.0, 0.0, 1.0],
                [0.878969, 0.0, -0.47688, -5e-06, -0.47688, 0.0, -0.878969, 0.964745, 0.0, 1.0, 0.0, 0.756865, 0.0, 0.0, 0.0, 1.0],
                [0.884978, 0.0, -0.465633, -5e-06, -0.465633, 0.0, -0.884978, 0.961699, 0.0, 1.0, 0.0, 0.757091, 0.0, 0.0, 0.0, 1.0],
                [0.890873, 0.0, -0.454252, -5e-06, -0.454252, 0.0, -0.890873, 0.958803, 0.0, 1.0, 0.0, 0.757309, 0.0, 0.0, 0.0, 1.0],
                [0.896646, 0.0, -0.442747, -5e-06, -0.442747, 0.0, -0.896646, 0.956046, 0.0, 1.0, 0.0, 0.757519, 0.0, 0.0, 0.0, 1.0],
                [0.902289, 0.0, -0.431131, -5e-06, -0.431131, 0.0, -0.902289, 0.953419, 0.0, 1.0, 0.0, 0.75772, 0.0, 0.0, 0.0, 1.0],
                [0.907794, 0.0, -0.419416, -5e-06, -0.419416, 0.0, -0.907794, 0.950912, 0.0, 1.0, 0.0, 0.757914, 0.0, 0.0, 0.0, 1.0],
                [0.913155, 0.0, -0.407613, -5e-06, -0.407613, 0.0, -0.913155, 0.948515, 0.0, 1.0, 0.0, 0.758101, 0.0, 0.0, 0.0, 1.0],
                [0.918364, 0.0, -0.395737, -5e-06, -0.395737, 0.0, -0.918364, 0.946217, 0.0, 1.0, 0.0, 0.75828, 0.0, 0.0, 0.0, 1.0],
                [0.923417, 0.0, -0.383799, -5e-06, -0.383799, 0.0, -0.923417, 0.944008, 0.0, 1.0, 0.0, 0.758452, 0.0, 0.0, 0.0, 1.0],
                [0.928307, 0.0, -0.371814, -5e-06, -0.371814, 0.0, -0.928307, 0.94188, 0.0, 1.0, 0.0, 0.758616, 0.0, 0.0, 0.0, 1.0],
                [0.933031, 0.0, -0.359795, -5e-06, -0.359795, 0.0, -0.933031, 0.939822, 0.0, 1.0, 0.0, 0.758774, 0.0, 0.0, 0.0, 1.0],
                [0.937585, 0.0, -0.347756, -5e-06, -0.347756, 0.0, -0.937585, 0.937823, 0.0, 1.0, 0.0, 0.758924, 0.0, 0.0, 0.0, 1.0],
                [0.941965, 0.0, -0.33571, -5e-06, -0.33571, 0.0, -0.941965, 0.935874, 0.0, 1.0, 0.0, 0.759068, 0.0, 0.0, 0.0, 1.0],
                [0.946169, 0.0, -0.323672, -5e-06, -0.323672, 0.0, -0.946169, 0.933965, 0.0, 1.0, 0.0, 0.759206, 0.0, 0.0, 0.0, 1.0],
                [0.950195, 0.0, -0.311655, -5e-06, -0.311655, 0.0, -0.950195, 0.932086, 0.0, 1.0, 0.0, 0.759337, 0.0, 0.0, 0.0, 1.0],
                [0.954041, 0.0, -0.299675, -5e-06, -0.299675, 0.0, -0.954041, 0.930227, 0.0, 1.0, 0.0, 0.759462, 0.0, 0.0, 0.0, 1.0],
                [0.957707, 0.0, -0.287745, -5e-06, -0.287745, 0.0, -0.957707, 0.928377, 0.0, 1.0, 0.0, 0.759581, 0.0, 0.0, 0.0, 1.0],
                [0.961192, 0.0, -0.275879, -5e-06, -0.275879, 0.0, -0.961192, 0.926528, 0.0, 1.0, 0.0, 0.759693, 0.0, 0.0, 0.0, 1.0],
                [0.964498, 0.0, -0.264092, -5e-06, -0.264092, 0.0, -0.964498, 0.924669, 0.0, 1.0, 0.0, 0.7598, 0.0, 0.0, 0.0, 1.0],
                [0.967623, 0.0, -0.252398, -5e-06, -0.252398, 0.0, -0.967623, 0.922789, 0.0, 1.0, 0.0, 0.759902, 0.0, 0.0, 0.0, 1.0],
                [0.970572, 0.0, -0.240811, -5e-06, -0.240811, 0.0, -0.970572, 0.92088, 0.0, 1.0, 0.0, 0.759998, 0.0, 0.0, 0.0, 1.0],
                [0.973345, 0.0, -0.229346, -5e-06, -0.229346, 0.0, -0.973345, 0.918931, 0.0, 1.0, 0.0, 0.760088, 0.0, 0.0, 0.0, 1.0],
                [0.975945, 0.0, -0.218015, -5e-06, -0.218015, 0.0, -0.975945, 0.916932, 0.0, 1.0, 0.0, 0.760174, 0.0, 0.0, 0.0, 1.0],
                [0.978376, 0.0, -0.206833, -5e-06, -0.206833, 0.0, -0.978376, 0.914873, 0.0, 1.0, 0.0, 0.760254, 0.0, 0.0, 0.0, 1.0],
                [0.980641, 0.0, -0.195814, -5e-06, -0.195814, 0.0, -0.980641, 0.912744, 0.0, 1.0, 0.0, 0.76033, 0.0, 0.0, 0.0, 1.0],
                [0.982744, 0.0, -0.184971, -5e-06, -0.184971, 0.0, -0.982744, 0.910535, 0.0, 1.0, 0.0, 0.7604, 0.0, 0.0, 0.0, 1.0],
                [0.98469, 0.0, -0.174316, -5e-06, -0.174316, 0.0, -0.98469, 0.908236, 0.0, 1.0, 0.0, 0.760467, 0.0, 0.0, 0.0, 1.0],
                [0.986483, 0.0, -0.163864, -5e-06, -0.163864, 0.0, -0.986483, 0.905838, 0.0, 1.0, 0.0, 0.760528, 0.0, 0.0, 0.0, 1.0],
                [0.988129, 0.0, -0.153628, -5e-06, -0.153628, 0.0, -0.988129, 0.90333, 0.0, 1.0, 0.0, 0.760586, 0.0, 0.0, 0.0, 1.0],
                [0.989633, 0.0, -0.143618, -5e-06, -0.143618, 0.0, -0.989633, 0.900702, 0.0, 1.0, 0.0, 0.760639, 0.0, 0.0, 0.0, 1.0],
                [0.991002, 0.0, -0.133849, -5e-06, -0.133849, 0.0, -0.991002, 0.897944, 0.0, 1.0, 0.0, 0.760689, 0.0, 0.0, 0.0, 1.0],
                [0.992241, 0.0, -0.124333, -5e-06, -0.124333, 0.0, -0.992241, 0.895046, 0.0, 1.0, 0.0, 0.760735, 0.0, 0.0, 0.0, 1.0],
                [0.993356, 0.0, -0.11508, -5e-06, -0.11508, 0.0, -0.993356, 0.891999, 0.0, 1.0, 0.0, 0.760777, 0.0, 0.0, 0.0, 1.0],
                [0.994355, 0.0, -0.106104, -5e-06, -0.106104, 0.0, -0.994355, 0.888793, 0.0, 1.0, 0.0, 0.760815, 0.0, 0.0, 0.0, 1.0],
                [0.995244, 0.0, -0.097415, -5e-06, -0.097415, 0.0, -0.995244, 0.885416, 0.0, 1.0, 0.0, 0.76085, 0.0, 0.0, 0.0, 1.0],
                [0.996029, 0.0, -0.089025, -5e-06, -0.089025, 0.0, -0.996029, 0.88186, 0.0, 1.0, 0.0, 0.760882, 0.0, 0.0, 0.0, 1.0],
                [0.996719, 0.0, -0.080945, -5e-06, -0.080945, 0.0, -0.996719, 0.878114, 0.0, 1.0, 0.0, 0.760911, 0.0, 0.0, 0.0, 1.0],
                [0.997318, 0.0, -0.073186, -5e-06, -0.073186, 0.0, -0.997318, 0.874169, 0.0, 1.0, 0.0, 0.760937, 0.0, 0.0, 0.0, 1.0],
                [0.997836, 0.0, -0.065758, -5e-06, -0.065758, 0.0, -0.997836, 0.870014, 0.0, 1.0, 0.0, 0.760961, 0.0, 0.0, 0.0, 1.0],
                [0.998277, 0.0, -0.058672, -5e-06, -0.058672, 0.0, -0.998277, 0.86564, 0.0, 1.0, 0.0, 0.760981, 0.0, 0.0, 0.0, 1.0],
                [0.99865, 0.0, -0.051939, -5e-06, -0.051939, 0.0, -0.99865, 0.861036, 0.0, 1.0, 0.0, 0.761, 0.0, 0.0, 0.0, 1.0],
                [0.998961, 0.0, -0.045568, -5e-06, -0.045568, 0.0, -0.998961, 0.856193, 0.0, 1.0, 0.0, 0.761016, 0.0, 0.0, 0.0, 1.0],
                [0.999217, 0.0, -0.03957, -5e-06, -0.03957, 0.0, -0.999217, 0.8511, 0.0, 1.0, 0.0, 0.76103, 0.0, 0.0, 0.0, 1.0],
                [0.999423, 0.0, -0.033954, -5e-06, -0.033954, 0.0, -0.999423, 0.845748, 0.0, 1.0, 0.0, 0.761041, 0.0, 0.0, 0.0, 1.0],
                [0.999587, 0.0, -0.028731, -5e-06, -0.028731, 0.0, -0.999587, 0.840126, 0.0, 1.0, 0.0, 0.761052, 0.0, 0.0, 0.0, 1.0],
                [0.999714, 0.0, -0.023911, -5e-06, -0.023911, 0.0, -0.999714, 0.834225, 0.0, 1.0, 0.0, 0.76106, 0.0, 0.0, 0.0, 1.0],
                [0.99981, 0.0, -0.019503, -5e-06, -0.019503, 0.0, -0.99981, 0.828035, 0.0, 1.0, 0.0, 0.761067, 0.0, 0.0, 0.0, 1.0],
                [0.99988, 0.0, -0.015516, -5e-06, -0.015516, 0.0, -0.99988, 0.821545, 0.0, 1.0, 0.0, 0.761072, 0.0, 0.0, 0.0, 1.0],
                [0.999928, 0.0, -0.011962, -5e-06, -0.011962, 0.0, -0.999928, 0.814746, 0.0, 1.0, 0.0, 0.761077, 0.0, 0.0, 0.0, 1.0],
                [0.999961, 0.0, -0.008849, -5e-06, -0.008849, 0.0, -0.999961, 0.807628, 0.0, 1.0, 0.0, 0.76108, 0.0, 0.0, 0.0, 1.0],
                [0.999981, 0.0, -0.006187, -5e-06, -0.006187, 0.0, -0.999981, 0.80018, 0.0, 1.0, 0.0, 0.761082, 0.0, 0.0, 0.0, 1.0],
                [0.999992, 0.0, -0.003987, -5e-06, -0.003987, 0.0, -0.999992, 0.792393, 0.0, 1.0, 0.0, 0.761084, 0.0, 0.0, 0.0, 1.0],
                [0.999997, 0.0, -0.002258, -5e-06, -0.002258, 0.0, -0.999997, 0.784257, 0.0, 1.0, 0.0, 0.761085, 0.0, 0.0, 0.0, 1.0],
                [0.999999, 0.0, -0.001011, -5e-06, -0.001011, 0.0, -0.999999, 0.775762, 0.0, 1.0, 0.0, 0.761085, 0.0, 0.0, 0.0, 1.0],
                [1.0, 0.0, -0.000254, -5e-06, -0.000254, 0.0, -1.0, 0.766897, 0.0, 1.0, 0.0, 0.761085, 0.0, 0.0, 0.0, 1.0],
                [1.0, 0.0, 0.0, -5e-06, 0.0, 0.0, -1.0, 0.757653, 0.0, 1.0, 0.0, 0.761085, 0.0, 0.0, 0.0, 1.0],
                [1.0, 0.0, 0.0, -5e-06, 0.0, 0.0, -1.0, 0.748048, 0.0, 1.0, 0.0, 0.760625, 0.0, 0.0, 0.0, 1.0],
                [1.0, 0.0, 0.0, -5e-06, 0.0, 0.0, -1.0, 0.738205, 0.0, 1.0, 0.0, 0.759338, 0.0, 0.0, 0.0, 1.0],
                [1.0, 0.0, 0.0, -5e-06, 0.0, 0.0, -1.0, 0.728276, 0.0, 1.0, 0.0, 0.75736, 0.0, 0.0, 0.0, 1.0],
                [1.0, 0.0, 0.0, -5e-06, 0.0, 0.0, -1.0, 0.718414, 0.0, 1.0, 0.0, 0.754831, 0.0, 0.0, 0.0, 1.0],
                [1.0, 0.0, 0.0, -5e-06, 0.0, 0.0, -1.0, 0.708771, 0.0, 1.0, 0.0, 0.751887, 0.0, 0.0, 0.0, 1.0],
                [1.0, 0.0, 0.0, -5e-06, 0.0, 0.0, -1.0, 0.699497, 0.0, 1.0, 0.0, 0.748668, 0.0, 0.0, 0.0, 1.0],
                [1.0, 0.0, 0.0, -5e-06, 0.0, 0.0, -1.0, 0.690746, 0.0, 1.0, 0.0, 0.745311, 0.0, 0.0, 0.0, 1.0],
                [1.0, 0.0, 0.0, -5e-06, 0.0, 0.0, -1.0, 0.682669, 0.0, 1.0, 0.0, 0.741953, 0.0, 0.0, 0.0, 1.0],
                [1.0, 0.0, 0.0, -5e-06, 0.0, 0.0, -1.0, 0.675418, 0.0, 1.0, 0.0, 0.738734, 0.0, 0.0, 0.0, 1.0],
                [1.0, 0.0, 0.0, -5e-06, 0.0, 0.0, -1.0, 0.669145, 0.0, 1.0, 0.0, 0.735791, 0.0, 0.0, 0.0, 1.0],
                [1.0, 0.0, 0.0, -5e-06, 0.0, 0.0, -1.0, 0.664001, 0.0, 1.0, 0.0, 0.733261, 0.0, 0.0, 0.0, 1.0],
                [1.0, 0.0, 0.0, -5e-06, 0.0, 0.0, -1.0, 0.660139, 0.0, 1.0, 0.0, 0.731284, 0.0, 0.0, 0.0, 1.0],
                [1.0, 0.0, 0.0, -5e-06, 0.0, 0.0, -1.0, 0.65771, 0.0, 1.0, 0.0, 0.729996, 0.0, 0.0, 0.0, 1.0],
                [1.0, 0.0, 0.0, -5e-06, 0.0, 0.0, -1.0, 0.656867, 0.0, 1.0, 0.0, 0.729536, 0.0, 0.0, 0.0, 1.0],
                [1.0, 0.0, 0.0, -5e-06, 0.0, 0.0, -1.0, 0.656867, 0.0, 1.0, 0.0, 0.729536, 0.0, 0.0, 0.0, 1.0],
                [1.0, 0.0, 0.0, -5e-06, 0.0, 0.0, -1.0, 0.656867, 0.0, 1.0, 0.0, 0.729536, 0.0, 0.0, 0.0, 1.0],
                [1.0, 0.0, 0.0, -5e-06, 0.0, 0.0, -1.0, 0.656867, 0.0, 1.0, 0.0, 0.729536, 0.0, 0.0, 0.0, 1.0],
                [1.0, 0.0, 0.0, -5e-06, 0.0, 0.0, -1.0, 0.656867, 0.0, 1.0, 0.0, 0.729536, 0.0, 0.0, 0.0, 1.0],
                [1.0, 0.0, 0.0, -5e-06, 0.0, 0.0, -1.0, 0.656867, 0.0, 1.0, 0.0, 0.729536, 0.0, 0.0, 0.0, 1.0],
                [1.0, 0.0, 0.0, -5e-06, 0.0, 0.0, -1.0, 0.656867, 0.0, 1.0, 0.0, 0.729536, 0.0, 0.0, 0.0, 1.0],
                [1.0, 0.0, 0.0, -5e-06, 0.0, 0.0, -1.0, 0.656867, 0.0, 1.0, 0.0, 0.729536, 0.0, 0.0, 0.0, 1.0],
                [1.0, 0.0, 0.0, -5e-06, 0.0, 0.0, -1.0, 0.656867, 0.0, 1.0, 0.0, 0.729536, 0.0, 0.0, 0.0, 1.0],
                [1.0, 0.0, 0.0, -5e-06, 0.0, 0.0, -1.0, 0.656867, 0.0, 1.0, 0.0, 0.729536, 0.0, 0.0, 0.0, 1.0],
                [1.0, 0.0, 0.0, -5e-06, 0.0, 0.0, -1.0, 0.656867, 0.0, 1.0, 0.0, 0.729536, 0.0, 0.0, 0.0, 1.0],
                [1.0, 0.0, 0.0, -5e-06, 0.0, 0.0, -1.0, 0.656867, 0.0, 1.0, 0.0, 0.729536, 0.0, 0.0, 0.0, 1.0],
