{
    "animation": [
        {
            "name": "Root",
            "time": [0.0, 0.0167, 0.0333, 0.05, 0.0667, 0.0833, 0.1, 0.1167, 0.1333, 0.15, 0.1667, 0.1833, 0.2, 0.2167, 0.2333, 0.25, 0.2667, 0.2833, 0.3, 0.3167, 0.3333, 0.35, 0.3667, 0.3833, 0.4, 0.4167, 0.4333, 0.45, 0.4667, 0.4833, 0.5, 0.5167, 0.5333, 0.55, 0.5667, 0.5833, 0.6, 0.6167, 0.6333, 0.65, 0.6667, 0.6833, 0.7, 0.7167, 0.7333, 0.75, 0.7667, 0.7833, 0.8, 0.8167, 0.8333, 0.85, 0.8667, 0.8833, 0.9, 0.9167, 0.9333, 0.95, 0.9667, 0.9833, 1.0, 1.0167, 1.0333, 1.05, 1.0667, 1.0833, 1.1, 1.1167, 1.1333, 1.15, 1.1667, 1.1833, 1.2, 1.2167, 1.2333, 1.25, 1.2667, 1.2833, 1.3, 1.3167, 1.3333, 1.35, 1.3667, 1.3833, 1.4, 1.4167, 1.4333, 1.45, 1.4667, 1.4833, 1.5, 1.5167, 1.5333, 1.55, 1.5667, 1.5833, 1.6, 1.6167, 1.6333, 1.65, 1.6667, 1.6833, 1.7, 1.7167, 1.7333, 1.75, 1.7667, 1.7833, 1.8, 1.8167, 1.8333, 1.85, 1.8667, 1.8833, 1.9, 1.9167, 1.9333, 1.95, 1.9667, 1.9833, 2.0, 2.0167, 2.0333, 2.05, 2.0667, 2.0833, 2.1, 2.1167, 2.1333, 2.15, 2.1667, 2.1833, 2.2, 2.2167, 2.2333, 2.25, 2.2667, 2.2833, 2.3, 2.3167, 2.3333, 2.35, 2.3667, 2.3833, 2.4, 2.4167, 2.4333, 2.45, 2.4667, 2.4833, 2.5, 2.5167, 2.5333, 2.55, 2.5667, 2.5833, 2.6, 2.6167, 2.6333, 2.65, 2.6667, 2.6833, 2.7, 2.7167, 2.7333, 2.75, 2.7667, 2.7833, 2.8, 2.8167, 2.8333, 2.85, 2.8667, 2.8833, 2.9, 2.9167, 2.9333, 2.95, 2.9667, 2.9833, 3.0, 3.0167, 3.0333, 3.05, 3.0667, 3.0833, 3.1, 3.1167, 3.1333, 3.15, 3.1667, 3.1833, 3.2, 3.2167, 3.2333, 3.25, 3.2667, 3.2833, 3.3, 3.3167, 3.3333, 3.35, 3.3667, 3.3833, 3.4, 3.4167, 3.4333, 3.45, 3.4667, 3.4833, 3.5, 3.5167, 3.5333, 3.55, 3.5667, 3.5833, 3.6, 3.6167, 3.6333, 3.65, 3.6667, 3.6833, 3.7, 3.7167, 3.7333, 3.75, 3.7667, 3.7833, 3.8, 3.8167, 3.8333, 3.85, 3.8667, 3.8833, 3.9, 3.9167, 3.9333, 3.95, 3.9667, 3.9833, 4.0],
            "transform": [
                [0.910048, 0.0, -0.414502, -5e-06, -0.414502, 0.0, -0.910048, 0.000946, 0.0, 1.0, 0.0, 0.700842, 0.0, 0.0, 0.0, 1.0],
                [0.910048, 0.0, -0.414502, -5e-06, -0.414502, 0.0, -0.910048, 0.003777, 0.0, 1.0, 0.0, 0.699998, 0.0, 0.0, 0.0, 1.0],
                [0.910048, 0.0, -0.414502, -5e-06, -0.414502, 0.0, -0.910048, 0.01151, 0.0, 1.0, 0.0, 0.697621, 0.0, 0.0, 0.0, 1.0],
                [0.910048, 0.0, -0.414502, -5e-06, -0.414502, 0.0, -0.910048, 0.023007, 0.0, 1.0, 0.0, 0.693947, 0.0, 0.0, 0.0, 1.0],
                [0.910048, 0.0, -0.414502, -5e-06, -0.414502, 0.0, -0.910048, 0.037131, 0.0, 1.0, 0.0, 0.689212, 0.0, 0.0, 0.0, 1.0],
                [0.910048, 0.0, -0.414502, -5e-06, -0.414502, 0.0, -0.910048, 0.052742, 0.0, 1.0, 0.0, 0.683653, 0.0, 0.0, 0.0, 1.0],
                [0.910048, 0.0, -0.414502, -5e-06, -0.414502, 0.0, -0.910048, 0.068704, 0.0, 1.0, 0.0, 0.677504, 0.0, 0.0, 0.0, 1.0],
                [0.910048, 0.0, -0.414502, -5e-06, -0.414502, 0.0, -0.910048, 0.083877, 0.0, 1.0, 0.0, 0.671001, 0.0, 0.0, 0.0, 1.0],
                [0.910048, 0.0, -0.414502, -5e-06, -0.414502, 0.0, -0.910048, 0.097125, 0.0, 1.0, 0.0, 0.66438, 0.0, 0.0, 0.0, 1.0],
                [0.910048, 0.0, -0.414502, -5e-06, -0.414502, 0.0, -0.910048, 0.107653, 0.0, 1.0, 0.0, 0.657878, 0.0, 0.0, 0.0, 1.0],
                [0.910048, 0.0, -0.414502, -5e-06, -0.414502, 0.0, -0.910048, 0.116053, 0.0, 1.0, 0.0, 0.651729, 0.0, 0.0, 0.0, 1.0],
                [0.910048, 0.0, -0.414502, -5e-06, -0.414502, 0.0, -0.910048, 0.12326, 0.0, 1.0, 0.0, 0.646169, 0.0, 0.0, 0.0, 1.0],
                [0.910048, 0.0, -0.414502, -5e-06, -0.414502, 0.0, -0.910048, 0.130208, 0.0, 1.0, 0.0, 0.641435, 0.0, 0.0, 0.0, 1.0],
                [0.910048, 0.0, -0.414502, -5e-06, -0.414502, 0.0, -0.910048, 0.137835, 0.0, 1.0, 0.0, 0.637761, 0.0, 0.0, 0.0, 1.0],
                [0.910048, 0.0, -0.414502, -5e-06, -0.414502, 0.0, -0.910048, 0.147074, 0.0, 1.0, 0.0, 0.635384, 0.0, 0.0, 0.0, 1.0],
                [0.910048, 0.0, -0.414502, -5e-06, -0.414502, 0.0, -0.910048, 0.158863, 0.0, 1.0, 0.0, 0.634539, 0.0, 0.0, 0.0, 1.0],
                [0.910133, 0.0, -0.414315, -5e-06, -0.414315, 0.0, -0.910133, 0.174051, 0.0, 1.0, 0.0, 0.638114, 0.0, 0.0, 0.0, 1.0],
                [0.910628, 0.0, -0.413227, -5e-06, -0.413227, 0.0, -0.910628, 0.193155, 0.0, 1.0, 0.0, 0.647817, 0.0, 0.0, 0.0, 1.0],
                [0.911887, 0.0, -0.410441, -5e-06, -0.410441, 0.0, -0.911887, 0.216605, 0.0, 1.0, 0.0, 0.662117, 0.0, 0.0, 0.0, 1.0],
                [0.914246, 0.0, -0.405159, -5e-06, -0.405159, 0.0, -0.914246, 0.244833, 0.0, 1.0, 0.0, 0.679481, 0.0, 0.0, 0.0, 1.0],
                [0.918007, 0.0, -0.396563, -5e-06, -0.396563, 0.0, -0.918007, 0.278271, 0.0, 1.0, 0.0, 0.698377, 0.0, 0.0, 0.0, 1.0],
                [0.923413, 0.0, -0.383808, -5e-06, -0.383808, 0.0, -0.923413, 0.317349, 0.0, 1.0, 0.0, 0.717273, 0.0, 0.0, 0.0, 1.0],
                [0.930613, 0.0, -0.366004, -5e-06, -0.366004, 0.0, -0.930613, 0.362499, 0.0, 1.0, 0.0, 0.734637, 0.0, 0.0, 0.0, 1.0],
                [0.939624, 0.0, -0.342208, -5e-06, -0.342208, 0.0, -0.939624, 0.414151, 0.0, 1.0, 0.0, 0.748936, 0.0, 0.0, 0.0, 1.0],
                [0.950276, 0.0, -0.311409, -5e-06, -0.311409, 0.0, -0.950276, 0.472738, 0.0, 1.0, 0.0, 0.75864, 0.0, 0.0, 0.0, 1.0],
                [0.962145, 0.0, -0.272538, -5e-06, -0.272538, 0.0, -0.962145, 0.538691, 0.0, 1.0, 0.0, 0.762215, 0.0, 0.0, 0.0, 1.0],
                [0.9758, 0.0, -0.218666, -5e-06, -0.218666, 0.0, -0.9758, 0.610918, 0.0, 1.0, 0.0, 0.751881, 0.0, 0.0, 0.0, 1.0],
                [0.988338, 0.0, -0.152279, -5e-06, -0.152279, 0.0, -0.988338, 0.682241, 0.0, 1.0, 0.0, 0.727239, 0.0, 0.0, 0.0, 1.0],
                [0.996192, 0.0, -0.087184, -5e-06, -0.087184, 0.0, -0.996192, 0.743958, 0.0, 1.0, 0.0, 0.697828, 0.0, 0.0, 0.0, 1.0],
                [0.999288, 0.0, -0.03774, -5e-06, -0.03774, 0.0, -0.999288, 0.78737, 0.0, 1.0, 0.0, 0.673186, 0.0, 0.0, 0.0, 1.0],
                [0.999835, 0.0, -0.018153, -5e-06, -0.018153, 0.0, -0.999835, 0.803774, 0.0, 1.0, 0.0, 0.662853, 0.0, 0.0, 0.0, 1.0],
                [0.999835, 0.0, -0.018153, -5e-06, -0.018153, 0.0, -0.999835, 0.803774, 0.0, 1.0, 0.0, 0.662853, 0.0, 0.0, 0.0, 1.0],
                [0.999835, 0.0, -0.018153, -5e-06, -0.018153, 0.0, -0.999835, 0.803774, 0.0, 1.0, 0.0, 0.662853, 0.0, 0.0, 0.0, 1.0],
                [0.999835, 0.0, -0.018153, -5e-06, -0.018153, 0.0, -0.999835, 0.803774, 0.0, 1.0, 0.0, 0.662853, 0.0, 0.0, 0.0, 1.0],
                [0.999835, 0.0, -0.018153, -5e-06, -0.018153, 0.0, -0.999835, 0.803774, 0.0, 1.0, 0.0, 0.662853, 0.0, 0.0, 0.0, 1.0],
                [0.999835, 0.0, -0.018153, -5e-06, -0.018153, 0.0, -0.999835, 0.803774, 0.0, 1.0, 0.0, 0.662853, 0.0, 0.0, 0.0, 1.0],
                [0.999835, 0.0, -0.018153, -5e-06, -0.018153, 0.0, -0.999835, 0.803774, 0.0, 1.0, 0.0, 0.662853, 0.0, 0.0, 0.0, 1.0],
                [0.999835, 0.0, -0.018153, -5e-06, -0.018153, 0.0, -0.999835, 0.803774, 0.0, 1.0, 0.0, 0.662853, 0.0, 0.0, 0.0, 1.0],
                [0.999835, 0.0, -0.018153, -5e-06, -0.018153, 0.0, -0.999835, 0.803774, 0.0, 1.0, 0.0, 0.662853, 0.0, 0.0, 0.0, 1.0],
                [0.999835, 0.0, -0.018153, -5e-06, -0.018153, 0.0, -0.999835, 0.803774, 0.0, 1.0, 0.0, 0.662853, 0.0, 0.0, 0.0, 1.0],
                [0.999835, 0.0, -0.018153, -5e-06, -0.018153, 0.0, -0.999835, 0.803774, 0.0, 1.0, 0.0, 0.662853, 0.0, 0.0, 0.0, 1.0],
                [0.999835, 0.0, -0.018153, -5e-06, -0.018153, 0.0, -0.999835, 0.803774, 0.0, 1.0, 0.0, 0.662853, 0.0, 0.0, 0.0, 1.0],
                [0.999835, 0.0, -0.018153, -5e-06, -0.018153, 0.0, -0.999835, 0.803774, 0.0, 1.0, 0.0, 0.662853, 0.0, 0.0, 0.0, 1.0],
                [0.999835, 0.0, -0.018153, -5e-06, -0.018153, 0.0, -0.999835, 0.803774, 0.0, 1.0, 0.0, 0.662853, 0.0, 0.0, 0.0, 1.0],
                [0.999835, 0.0, -0.018153, -5e-06, -0.018153, 0.0, -0.999835, 0.803774, 0.0, 1.0, 0.0, 0.662853, 0.0, 0.0, 0.0, 1.0],
                [0.999835, 0.0, -0.018153, -5e-06, -0.018153, 0.0, -0.999835, 0.803774, 0.0, 1.0, 0.0, 0.662853, 0.0, 0.0, 0.0, 1.0],
                [0.999835, 0.0, -0.018153, -5e-06, -0.018153, 0.0, -0.999835, 0.803774, 0.0, 1.0, 0.0, 0.662853, 0.0, 0.0, 0.0, 1.0],
                [0.999835, 0.0, -0.018153, -5e-06, -0.018153, 0.0, -0.999835, 0.803774, 0.0, 1.0, 0.0, 0.662853, 0.0, 0.0, 0.0, 1.0],
                [0.999835, 0.0, -0.018153, -5e-06, -0.018153, 0.0, -0.999835, 0.803774, 0.0, 1.0, 0.0, 0.662853, 0.0, 0.0, 0.0, 1.0],
                [0.999835, 0.0, -0.018153, -5e-06, -0.018153, 0.0, -0.999835, 0.803774, 0.0, 1.0, 0.0, 0.662853, 0.0, 0.0, 0.0, 1.0],
                [0.999835, 0.0, -0.018153, -5e-06, -0.018153, 0.0, -0.999835, 0.803774, 0.0, 1.0, 0.0, 0.662853, 0.0, 0.0, 0.0, 1.0],
                [0.999795, 0.0, -0.020231, -5e-06, -0.020231, 0.0, -0.999795, 0.808222, 0.0, 1.0, 0.0, 0.66476, 0.0, 0.0, 0.0, 1.0],
                [0.999661, 0.0, -0.026025, -5e-06, -0.026025, 0.0, -0.999661, 0.820632, 0.0, 1.0, 0.0, 0.669937, 0.0, 0.0, 0.0, 1.0],
                [0.999391, 0.0, -0.03488, -5e-06, -0.03488, 0.0, -0.999391, 0.839597, 0.0, 1.0, 0.0, 0.677567, 0.0, 0.0, 0.0, 1.0],
                [0.998935, 0.0, -0.046137, -5e-06, -0.046137, 0.0, -0.998935, 0.863713, 0.0, 1.0, 0.0, 0.686831, 0.0, 0.0, 0.0, 1.0],
                [0.99825, 0.0, -0.059139, -5e-06, -0.059139, 0.0, -0.99825, 0.891575, 0.0, 1.0, 0.0, 0.696913, 0.0, 0.0, 0.0, 1.0],
                [0.997316, 0.0, -0.073223, -5e-06, -0.073223, 0.0, -0.997316, 0.921779, 0.0, 1.0, 0.0, 0.706996, 0.0, 0.0, 0.0, 1.0],
                [0.996144, 0.0, -0.087728, -5e-06, -0.087728, 0.0, -0.996144, 0.952919, 0.0, 1.0, 0.0, 0.71626, 0.0, 0.0, 0.0, 1.0],
                [0.994785, 0.0, -0.101996, -5e-06, -0.101996, 0.0, -0.994785, 0.983591, 0.0, 1.0, 0.0, 0.72389, 0.0, 0.0, 0.0, 1.0],
                [0.993323, 0.0, -0.11537, -5e-06, -0.11537, 0.0, -0.993323, 1.01239, 0.0, 1.0, 0.0, 0.729067, 0.0, 0.0, 0.0, 1.0],
                [0.991877, 0.0, -0.127202, -5e-06, -0.127202, 0.0, -0.991877, 1.037911, 0.0, 1.0, 0.0, 0.730974, 0.0, 0.0, 0.0, 1.0],
                [0.990572, 0.0, -0.136996, -5e-06, -0.136996, 0.0, -0.990572, 1.059063, 0.0, 1.0, 0.0, 0.730946, 0.0, 0.0, 0.0, 1.0],
                [0.989452, 0.0, -0.14486, -5e-06, -0.14486, 0.0, -0.989452, 1.07601, 0.0, 1.0, 0.0, 0.730856, 0.0, 0.0, 0.0, 1.0],
                [0.988526, 0.0, -0.151049, -5e-06, -0.151049, 0.0, -0.988526, 1.089229, 0.0, 1.0, 0.0, 0.730698, 0.0, 0.0, 0.0, 1.0],
                [0.987786, 0.0, -0.155817, -5e-06, -0.155817, 0.0, -0.987786, 1.0992, 0.0, 1.0, 0.0, 0.730464, 0.0, 0.0, 0.0, 1.0],
                [0.987212, 0.0, -0.159415, -5e-06, -0.159415, 0.0, -0.987212, 1.106399, 0.0, 1.0, 0.0, 0.730149, 0.0, 0.0, 0.0, 1.0],
                [0.986775, 0.0, -0.162093, -5e-06, -0.162093, 0.0, -0.986775, 1.111304, 0.0, 1.0, 0.0, 0.729745, 0.0, 0.0, 0.0, 1.0],
                [0.986444, 0.0, -0.164101, -5e-06, -0.164101, 0.0, -0.986444, 1.114393, 0.0, 1.0, 0.0, 0.729246, 0.0, 0.0, 0.0, 1.0],
                [0.986179, 0.0, -0.165686, -5e-06, -0.165686, 0.0, -0.986179, 1.116144, 0.0, 1.0, 0.0, 0.728645, 0.0, 0.0, 0.0, 1.0],
                [0.98594, 0.0, -0.167097, -5e-06, -0.167097, 0.0, -0.98594, 1.117034, 0.0, 1.0, 0.0, 0.727935, 0.0, 0.0, 0.0, 1.0],
                [0.985688, 0.0, -0.168581, -5e-06, -0.168581, 0.0, -0.985688, 1.117541, 0.0, 1.0, 0.0, 0.727109, 0.0, 0.0, 0.0, 1.0],
                [0.985378, 0.0, -0.170385, -5e-06, -0.170385, 0.0, -0.985378, 1.118144, 0.0, 1.0, 0.0, 0.726161, 0.0, 0.0, 0.0, 1.0],
                [0.984964, 0.0, -0.172757, -5e-06, -0.172757, 0.0, -0.984964, 1.11932, 0.0, 1.0, 0.0, 0.725084, 0.0, 0.0, 0.0, 1.0],
                [0.9844, 0.0, -0.175943, -5e-06, -0.175943, 0.0, -0.9844, 1.121546, 0.0, 1.0, 0.0, 0.723871, 0.0, 0.0, 0.0, 1.0],
                [0.983632, 0.0, -0.180188, -5e-06, -0.180188, 0.0, -0.983632, 1.125301, 0.0, 1.0, 0.0, 0.722515, 0.0, 0.0, 0.0, 1.0],
                [0.982599, 0.0, -0.185738, -5e-06, -0.185738, 0.0, -0.982599, 1.131062, 0.0, 1.0, 0.0, 0.721009, 0.0, 0.0, 0.0, 1.0],
                [0.981231, 0.0, -0.192835, -5e-06, -0.192835, 0.0, -0.981231, 1.139307, 0.0, 1.0, 0.0, 0.719348, 0.0, 0.0, 0.0, 1.0],
                [0.979444, 0.0, -0.201716, -5e-06, -0.201716, 0.0, -0.979444, 1.150514, 0.0, 1.0, 0.0, 0.717524, 0.0, 0.0, 0.0, 1.0],
                [0.977136, 0.0, -0.212617, -5e-06, -0.212617, 0.0, -0.977136, 1.16516, 0.0, 1.0, 0.0, 0.71553, 0.0, 0.0, 0.0, 1.0],
                [0.974182, 0.0, -0.225764, -5e-06, -0.225764, 0.0, -0.974182, 1.183724, 0.0, 1.0, 0.0, 0.713359, 0.0, 0.0, 0.0, 1.0],
                [0.970432, 0.0, -0.241374, -5e-06, -0.241374, 0.0, -0.970432, 1.206683, 0.0, 1.0, 0.0, 0.711005, 0.0, 0.0, 0.0, 1.0],
                [0.963703, 0.0, -0.266978, -5e-06, -0.266978, 0.0, -0.963703, 1.235222, 0.0, 1.0, 0.0, 0.708454, 0.0, 0.0, 0.0, 1.0],
                [0.951698, 0.0, -0.307035, -5e-06, -0.307035, 0.0, -0.951698, 1.268924, 0.0, 1.0, 0.0, 0.705664, 0.0, 0.0, 0.0, 1.0],
                [0.934087, 0.0, -0.357046, -5e-06, -0.357046, 0.0, -0.934087, 1.305866, 0.0, 1.0, 0.0, 0.702584, 0.0, 0.0, 0.0, 1.0],
                [0.910991, 0.0, -0.412426, -5e-06, -0.412426, 0.0, -0.910991, 1.344123, 0.0, 1.0, 0.0, 0.699165, 0.0, 0.0, 0.0, 1.0],
                [0.883374, 0.0, -0.468669, -5e-06, -0.468669, 0.0, -0.883374, 1.381773, 0.0, 1.0, 0.0, 0.695357, 0.0, 0.0, 0.0, 1.0],
                [0.853194, 0.0, -0.521593, -5e-06, -0.521593, 0.0, -0.853194, 1.416891, 0.0, 1.0, 0.0, 0.691111, 0.0, 0.0, 0.0, 1.0],
                [0.823337, 0.0, -0.567552, -5e-06, -0.567552, 0.0, -0.823337, 1.447554, 0.0, 1.0, 0.0, 0.686377, 0.0, 0.0, 0.0, 1.0],
                [0.797352, 0.0, -0.603514, -5e-06, -0.603514, 0.0, -0.797352, 1.471837, 0.0, 1.0, 0.0, 0.681105, 0.0, 0.0, 0.0, 1.0],
                [0.779081, 0.0, -0.626924, -5e-06, -0.626924, 0.0, -0.779081, 1.487818, 0.0, 1.0, 0.0, 0.675245, 0.0, 0.0, 0.0, 1.0],
                [0.772243, 0.0, -0.635327, -5e-06, -0.635327, 0.0, -0.772243, 1.493572, 0.0, 1.0, 0.0, 0.668748, 0.0, 0.0, 0.0, 1.0],
                [0.772243, 0.0, -0.635327, -5e-06, -0.635327, 0.0, -0.772243, 1.493572, 0.0, 1.0, 0.0, 0.661583, 0.0, 0.0, 0.0, 1.0],
                [0.772243, 0.0, -0.635327, -5e-06, -0.635327, 0.0, -0.772243, 1.493572, 0.0, 1.0, 0.0, 0.653792, 0.0, 0.0, 0.0, 1.0],
                [0.772243, 0.0, -0.635327, -5e-06, -0.635327, 0.0, -0.772243, 1.493572, 0.0, 1.0, 0.0, 0.645436, 0.0, 0.0, 0.0, 1.0],
                [0.772243, 0.0, -0.635327, -5e-06, -0.635327, 0.0, -0.772243, 1.493572, 0.0, 1.0, 0.0, 0.636576, 0.0, 0.0, 0.0, 1.0],
                [0.772243, 0.0, -0.635327, -5e-06, -0.635327, 0.0, -0.772243, 1.493572, 0.0, 1.0, 0.0, 0.627273, 0.0, 0.0, 0.0, 1.0],
                [0.772243, 0.0, -0.635327, -5e-06, -0.635327, 0.0, -0.772243, 1.493572, 0.0, 1.0, 0.0, 0.617588, 0.0, 0.0, 0.0, 1.0],
                [0.772243, 0.0, -0.635327, -5e-06, -0.635327, 0.0, -0.772243, 1.493572, 0.0, 1.0, 0.0, 0.607582, 0.0, 0.0, 0.0, 1.0],
                [0.772243, 0.0, -0.635327, -5e-06, -0.635327, 0.0, -0.772243, 1.493572, 0.0, 1.0, 0.0, 0.597316, 0.0, 0.0, 0.0, 1.0],
                [0.772243, 0.0, -0.635327, -5e-06, -0.635327, 0.0, -0.772243, 1.493572, 0.0, 1.0, 0.0, 0.586851, 0.0, 0.0, 0.0, 1.0],
                [0.772243, 0.0, -0.635327, -5e-06, -0.635327, 0.0, -0.772243, 1.493572, 0.0, 1.0, 0.0, 0.576248, 0.0, 0.0, 0.0, 1.0],
                [0.772243, 0.0, -0.635327, -5e-06, -0.635327, 0.0, -0.772243, 1.493572, 0.0, 1.0, 0.0, 0.565567, 0.0, 0.0, 0.0, 1.0],
                [0.772243, 0.0, -0.635327, -5e-06, -0.635327, 0.0, -0.772243, 1.493572, 0.0, 1.0, 0.0, 0.554871, 0.0, 0.0, 0.0, 1.0],
                [0.772243, 0.0, -0.635327, -5e-06, -0.635327, 0.0, -0.772243, 1.493572, 0.0, 1.0, 0.0, 0.544219, 0.0, 0.0, 0.0, 1.0],
                [0.772243, 0.0, -0.635327, -5e-06, -0.635327, 0.0, -0.772243, 1.493572, 0.0, 1.0, 0.0, 0.533673, 0.0, 0.0, 0.0, 1.0],
                [0.772243, 0.0, -0.635327, -5e-06, -0.635327, 0.0, -0.772243, 1.493572, 0.0, 1.0, 0.0, 0.523294, 0.0, 0.0, 0.0, 1.0],
                [0.772243, 0.0, -0.635327, -5e-06, -0.635327, 0.0, -0.772243, 1.493572, 0.0, 1.0, 0.0, 0.513143, 0.0, 0.0, 0.0, 1.0],
                [0.772243, 0.0, -0.635327, -5e-06, -0.635327, 0.0, -0.772243, 1.493572, 0.0, 1.0, 0.0, 0.50328, 0.0, 0.0, 0.0, 1.0],
                [0.772243, 0.0, -0.635327, -5e-06, -0.635327, 0.0, -0.772243, 1.493572, 0.0, 1.0, 0.0, 0.493767, 0.0, 0.0, 0.0, 1.0],
                [0.772243, 0.0, -0.635327, -5e-06, -0.635327, 0.0, -0.772243, 1.493572, 0.0, 1.0, 0.0, 0.484664, 0.0, 0.0, 0.0, 1.0],
                [0.772243, 0.0, -0.635327, -5e-06, -0.635327, 0.0, -0.772243, 1.493572, 0.0, 1.0, 0.0, 0.476034, 0.0, 0.0, 0.0, 1.0],
                [0.772243, 0.0, -0.635327, -5e-06, -0.635327, 0.0, -0.772243, 1.493572, 0.0, 1.0, 0.0, 0.467935, 0.0, 0.0, 0.0, 1.0],
                [0.772243, 0.0, -0.635327, -5e-06, -0.635327, 0.0, -0.772243, 1.493572, 0.0, 1.0, 0.0, 0.460431, 0.0, 0.0, 0.0, 1.0],
                [0.772243, 0.0, -0.635327, -5e-06, -0.635327, 0.0, -0.772243, 1.493572, 0.0, 1.0, 0.0, 0.453581, 0.0, 0.0, 0.0, 1.0],
                [0.772243, 0.0, -0.635327, -5e-06, -0.635327, 0.0, -0.772243, 1.493572, 0.0, 1.0, 0.0, 0.447446, 0.0, 0.0, 0.0, 1.0],
                [0.772243, 0.0, -0.635327, -5e-06, -0.635327, 0.0, -0.772243, 1.493572, 0.0, 1.0, 0.0, 0.442088, 0.0, 0.0, 0.0, 1.0],
                [0.772243, 0.0, -0.635327, -5e-06, -0.635327, 0.0, -0.772243, 1.493572, 0.0, 1.0, 0.0, 0.437568, 0.0, 0.0, 0.0, 1.0],
                [0.772243, 0.0, -0.635327, -5e-06, -0.635327, 0.0, -0.772243, 1.493572, 0.0, 1.0, 0.0, 0.433945, 0.0, 0.0, 0.0, 1.0],
                [0.772243, 0.0, -0.635327, -5e-06, -0.635327, 0.0, -0.772243, 1.493572, 0.0, 1.0, 0.0, 0.431283, 0.0, 0.0, 0.0, 1.0],
                [0.772243, 0.0, -0.635327, -5e-06, -0.635327, 0.0, -0.772243, 1.493572, 0.0, 1.0, 0.0, 0.42964, 0.0, 0.0, 0.0, 1.0],
                [0.772243, 0.0, -0.635327, -5e-06, -0.635327, 0.0, -0.772243, 1.493572, 0.0, 1.0, 0.0, 0.429079, 0.0, 0.0, 0.0, 1.0],
                [0.763032, 0.0, -0.64636, -5e-06, -0.64636, 0.0, -0.763032, 1.483578, 0.0, 1.0, 0.0, 0.46105, 0.0, 0.0, 0.0, 1.0],
                [0.740422, 0.0, -0.672142, -5e-06, -0.672142, 0.0, -0.740422, 1.458242, 0.0, 1.0, 0.0, 0.537346, 0.0, 0.0, 0.0, 1.0],
                [0.712289, 0.0, -0.701887, -5e-06, -0.701887, 0.0, -0.712289, 1.424537, 0.0, 1.0, 0.0, 0.628541, 0.0, 0.0, 0.0, 1.0],
                [0.687805, 0.0, -0.725896, -5e-06, -0.725896, 0.0, -0.687805, 1.389435, 0.0, 1.0, 0.0, 0.705213, 0.0, 0.0, 0.0, 1.0],
                [0.677301, 0.0, -0.735706, -5e-06, -0.735706, 0.0, -0.677301, 1.359908, 0.0, 1.0, 0.0, 0.737934, 0.0, 0.0, 0.0, 1.0],
                [0.677622, 0.0, -0.735411, -5e-06, -0.735411, 0.0, -0.677622, 1.33598, 0.0, 1.0, 0.0, 0.73886, 0.0, 0.0, 0.0, 1.0],
                [0.678572, 0.0, -0.734534, -5e-06, -0.734534, 0.0, -0.678572, 1.313014, 0.0, 1.0, 0.0, 0.739761, 0.0, 0.0, 0.0, 1.0],
                [0.680132, 0.0, -0.733089, -5e-06, -0.733089, 0.0, -0.680132, 1.290986, 0.0, 1.0, 0.0, 0.740637, 0.0, 0.0, 0.0, 1.0],
                [0.682283, 0.0, -0.731088, -5e-06, -0.731088, 0.0, -0.682283, 1.269876, 0.0, 1.0, 0.0, 0.741489, 0.0, 0.0, 0.0, 1.0],
                [0.685002, 0.0, -0.728541, -5e-06, -0.728541, 0.0, -0.685002, 1.249661, 0.0, 1.0, 0.0, 0.742317, 0.0, 0.0, 0.0, 1.0],
                [0.688268, 0.0, -0.725457, -5e-06, -0.725457, 0.0, -0.688268, 1.230319, 0.0, 1.0, 0.0, 0.743121, 0.0, 0.0, 0.0, 1.0],
                [0.692058, 0.0, -0.721842, -5e-06, -0.721842, 0.0, -0.692058, 1.211829, 0.0, 1.0, 0.0, 0.743902, 0.0, 0.0, 0.0, 1.0],
                [0.696347, 0.0, -0.717705, -5e-06, -0.717705, 0.0, -0.696347, 1.194167, 0.0, 1.0, 0.0, 0.74466, 0.0, 0.0, 0.0, 1.0],
                [0.701113, 0.0, -0.713051, -5e-06, -0.713051, 0.0, -0.701113, 1.177312, 0.0, 1.0, 0.0, 0.745396, 0.0, 0.0, 0.0, 1.0],
                [0.706328, 0.0, -0.707884, -5e-06, -0.707884, 0.0, -0.706328, 1.161243, 0.0, 1.0, 0.0, 0.746109, 0.0, 0.0, 0.0, 1.0],
                [0.711969, 0.0, -0.702211, -5e-06, -0.702211, 0.0, -0.711969, 1.145936, 0.0, 1.0, 0.0, 0.7468, 0.0, 0.0, 0.0, 1.0],
                [0.718007, 0.0, -0.696036, -5e-06, -0.696036, 0.0, -0.718007, 1.13137, 0.0, 1.0, 0.0, 0.747469, 0.0, 0.0, 0.0, 1.0],
                [0.724417, 0.0, -0.689362, -5e-06, -0.689362, 0.0, -0.724417, 1.117524, 0.0, 1.0, 0.0, 0.748118, 0.0, 0.0, 0.0, 1.0],
                [0.73117, 0.0, -0.682196, -5e-06, -0.682196, 0.0, -0.73117, 1.104374, 0.0, 1.0, 0.0, 0.748745, 0.0, 0.0, 0.0, 1.0],
                [0.738238, 0.0, -0.67454, -5e-06, -0.67454, 0.0, -0.738238, 1.091899, 0.0, 1.0, 0.0, 0.749352, 0.0, 0.0, 0.0, 1.0],
                [0.745594, 0.0, -0.666401, -5e-06, -0.666401, 0.0, -0.745594, 1.080077, 0.0, 1.0, 0.0, 0.749938, 0.0, 0.0, 0.0, 1.0],
                [0.753208, 0.0, -0.657783, -5e-06, -0.657783, 0.0, -0.753208, 1.068886, 0.0, 1.0, 0.0, 0.750505, 0.0, 0.0, 0.0, 1.0],
                [0.76105, 0.0, -0.648693, -5e-06, -0.648693, 0.0, -0.76105, 1.058303, 0.0, 1.0, 0.0, 0.751052, 0.0, 0.0, 0.0, 1.0],
                [0.769093, 0.0, -0.639137, -5e-06, -0.639137, 0.0, -0.769093, 1.048307, 0.0, 1.0, 0.0, 0.75158, 0.0, 0.0, 0.0, 1.0],
                [0.777305, 0.0, -0.629123, -5e-06, -0.629123, 0.0, -0.777305, 1.038877, 0.0, 1.0, 0.0, 0.752089, 0.0, 0.0, 0.0, 1.0],
                [0.785659, 0.0, -0.61866, -5e-06, -0.61866, 0.0, -0.785659, 1.029988, 0.0, 1.0, 0.0, 0.75258, 0.0, 0.0, 0.0, 1.0],
                [0.794123, 0.0, -0.607757, -5e-06, -0.607757, 0.0, -0.794123, 1.021621, 0.0, 1.0, 0.0, 0.753052, 0.0, 0.0, 0.0, 1.0],
                [0.80267, 0.0, -0.596424, -5e-06, -0.596424, 0.0, -0.80267, 1.013752, 0.0, 1.0, 0.0, 0.753507, 0.0, 0.0, 0.0, 1.0],
                [0.811269, 0.0, -0.584673, -5e-06, -0.584673, 0.0, -0.811269, 1.00636, 0.0, 1.0, 0.0, 0.753944, 0.0, 0.0, 0.0, 1.0],
                [0.819892, 0.0, -0.572518, -5e-06, -0.572518, 0.0, -0.819892, 0.999422, 0.0, 1.0, 0.0, 0.754364, 0.0, 0.0, 0.0, 1.0],
                [0.828511, 0.0, -0.559973, -5e-06, -0.559973, 0.0, -0.828511, 0.992917, 0.0, 1.0, 0.0, 0.754767, 0.0, 0.0, 0.0, 1.0],
                [0.837098, 0.0, -0.547053, -5e-06, -0.547053, 0.0, -0.837098, 0.986823, 0.0, 1.0, 0.0, 0.755154, 0.0, 0.0, 0.0, 1.0],
                [0.845626, 0.0, -0.533776, -5e-06, -0.533776, 0.0, -0.845626, 0.981116, 0.0, 1.0, 0.0, 0.755524, 0.0, 0.0, 0.0, 1.0],
                [0.854069, 0.0, -0.52016, -5e-06, -0.52016, 0.0, -0.854069, 0.975777, 0.0, 1.0, 0.0, 0.755879, 0.0, 0.0, 0.0, 1.0],
                [0.862401, 0.0, -0.506225, -5e-06, -0.506225, 0.0, -0.862401, 0.970782, 0.0, 1.0, 0.0, 0.756219, 0.0, 0.0, 0.0, 1.0],
                [0.8706, 0.0, -0.491992, -5e-06, -0.491992, 0.0, -0.8706, 0.96611, 0.0, 1.0, 0.0, 0.756543, 0.0, 0.0, 0.0, 1.0],
                [0.878641, 0.0, -0.477484, -5e-06, -0.477484, 0.0, -0.878641, 0.961737, 0.0, 1.0, 0.0, 0.756853, 0.0, 0.0, 0.0, 1.0],
                [0.886503, 0.0, -0.462724, -5e-06, -0.462724, 0.0, -0.886503, 0.957644, 0.0, 1.0, 0.0, 0.757148, 0.0, 0.0, 0.0, 1.0],
                [0.894165, 0.0, -0.447737, -5e-06, -0.447737, 0.0, -0.894165, 0.953806, 0.0, 1.0, 0.0, 0.757429, 0.0, 0.0, 0.0, 1.0],
                [0.90161, 0.0, -0.43255, -5e-06, -0.43255, 0.0, -0.90161, 0.950203, 0.0, 1.0, 0.0, 0.757696, 0.0, 0.0, 0.0, 1.0],
                [0.90882, 0.0, -0.417189, -5e-06, -0.417189, 0.0, -0.90882, 0.946812, 0.0, 1.0, 0.0, 0.75795, 0.0, 0.0, 0.0, 1.0],
                [0.915779, 0.0, -0.401683, -5e-06, -0.401683, 0.0, -0.915779, 0.943612, 0.0, 1.0, 0.0, 0.758191, 0.0, 0.0, 0.0, 1.0],
                [0.922473, 0.0, -0.386062, -5e-06, -0.386062, 0.0, -0.922473, 0.94058, 0.0, 1.0, 0.0, 0.75842, 0.0, 0.0, 0.0, 1.0],
                [0.928891, 0.0, -0.370354, -5e-06, -0.370354, 0.0, -0.928891, 0.937694, 0.0, 1.0, 0.0, 0.758636, 0.0, 0.0, 0.0, 1.0],
                [0.935022, 0.0, -0.354591, -5e-06, -0.354591, 0.0, -0.935022, 0.934932, 0.0, 1.0, 0.0, 0.75884, 0.0, 0.0, 0.0, 1.0],
                [0.940858, 0.0, -0.338802, -5e-06, -0.338802, 0.0, -0.940858, 0.932272, 0.0, 1.0, 0.0, 0.759032, 0.0, 0.0, 0.0, 1.0],
                [0.946392, 0.0, -0.323021, -5e-06, -0.323021, 0.0, -0.946392, 0.929693, 0.0, 1.0, 0.0, 0.759213, 0.0, 0.0, 0.0, 1.0],
                [0.95162, 0.0, -0.307279, -5e-06, -0.307279, 0.0, -0.95162, 0.927172, 0.0, 1.0, 0.0, 0.759383, 0.0, 0.0, 0.0, 1.0],
                [0.956538, 0.0, -0.291607, -5e-06, -0.291607, 0.0, -0.956538, 0.924686, 0.0, 1.0, 0.0, 0.759543, 0.0, 0.0, 0.0, 1.0],
                [0.961147, 0.0, -0.276039, -5e-06, -0.276039, 0.0, -0.961147, 0.922215, 0.0, 1.0, 0.0, 0.759692, 0.0, 0.0, 0.0, 1.0],
                [0.965445, 0.0, -0.260605, -5e-06, -0.260605, 0.0, -0.965445, 0.919736, 0.0, 1.0, 0.0, 0.759831, 0.0, 0.0, 0.0, 1.0],
                [0.969437, 0.0, -0.245338, -5e-06, -0.245338, 0.0, -0.969437, 0.917227, 0.0, 1.0, 0.0, 0.759961, 0.0, 0.0, 0.0, 1.0],
                [0.973127, 0.0, -0.23027, -5e-06, -0.23027, 0.0, -0.973127, 0.914665, 0.0, 1.0, 0.0, 0.760081, 0.0, 0.0, 0.0, 1.0],
                [0.976519, 0.0, -0.215433, -5e-06, -0.215433, 0.0, -0.976519, 0.91203, 0.0, 1.0, 0.0, 0.760193, 0.0, 0.0, 0.0, 1.0],
                [0.979621, 0.0, -0.200856, -5e-06, -0.200856, 0.0, -0.979621, 0.909299, 0.0, 1.0, 0.0, 0.760296, 0.0, 0.0, 0.0, 1.0],
                [0.982441, 0.0, -0.186571, -5e-06, -0.186571, 0.0, -0.982441, 0.906449, 0.0, 1.0, 0.0, 0.76039, 0.0, 0.0, 0.0, 1.0],
                [0.984991, 0.0, -0.172607, -5e-06, -0.172607, 0.0, -0.984991, 0.90346, 0.0, 1.0, 0.0, 0.760477, 0.0, 0.0, 0.0, 1.0],
                [0.987279, 0.0, -0.158995, -5e-06, -0.158995, 0.0, -0.987279, 0.900308, 0.0, 1.0, 0.0, 0.760556, 0.0, 0.0, 0.0, 1.0],
                [0.98932, 0.0, -0.145763, -5e-06, -0.145763, 0.0, -0.98932, 0.896972, 0.0, 1.0, 0.0, 0.760628, 0.0, 0.0, 0.0, 1.0],
                [0.991124, 0.0, -0.132938, -5e-06, -0.132938, 0.0, -0.991124, 0.89343, 0.0, 1.0, 0.0, 0.760693, 0.0, 0.0, 0.0, 1.0],
                [0.992707, 0.0, -0.120549, -5e-06, -0.120549, 0.0, -0.992707, 0.88966, 0.0, 1.0, 0.0, 0.760752, 0.0, 0.0, 0.0, 1.0],
                [0.994083, 0.0, -0.108623, -5e-06, -0.108623, 0.0, -0.994083, 0.885639, 0.0, 1.0, 0.0, 0.760805, 0.0, 0.0, 0.0, 1.0],
                [0.995266, 0.0, -0.097184, -5e-06, -0.097184, 0.0, -0.995266, 0.881346, 0.0, 1.0, 0.0, 0.760851, 0.0, 0.0, 0.0, 1.0],
                [0.996273, 0.0, -0.08626, -5e-06, -0.08626, 0.0, -0.996273, 0.876759, 0.0, 1.0, 0.0, 0.760892, 0.0, 0.0, 0.0, 1.0],
                [0.997117, 0.0, -0.075875, -5e-06, -0.075875, 0.0, -0.997117, 0.871855, 0.0, 1.0, 0.0, 0.760929, 0.0, 0.0, 0.0, 1.0],
                [0.997816, 0.0, -0.066052, -5e-06, -0.066052, 0.0, -0.997816, 0.866614, 0.0, 1.0, 0.0, 0.76096, 0.0, 0.0, 0.0, 1.0],
                [0.998385, 0.0, -0.056817, -5e-06, -0.056817, 0.0, -0.998385, 0.861011, 0.0, 1.0, 0.0, 0.760987, 0.0, 0.0, 0.0, 1.0],
                [0.998838, 0.0, -0.048192, -5e-06, -0.048192, 0.0, -0.998838, 0.855026, 0.0, 1.0, 0.0, 0.761009, 0.0, 0.0, 0.0, 1.0],
                [0.999192, 0.0, -0.0402, -5e-06, -0.0402, 0.0, -0.999192, 0.848637, 0.0, 1.0, 0.0, 0.761028, 0.0, 0.0, 0.0, 1.0],
                [0.99946, 0.0, -0.032863, -5e-06, -0.032863, 0.0, -0.99946, 0.841821, 0.0, 1.0, 0.0, 0.761044, 0.0, 0.0, 0.0, 1.0],
                [0.999657, 0.0, -0.026205, -5e-06, -0.026205, 0.0, -0.999657, 0.834557, 0.0, 1.0, 0.0, 0.761056, 0.0, 0.0, 0.0, 1.0],
                [0.999795, 0.0, -0.020247, -5e-06, -0.020247, 0.0, -0.999795, 0.826823, 0.0, 1.0, 0.0, 0.761066, 0.0, 0.0, 0.0, 1.0],
                [0.999887, 0.0, -0.015011, -5e-06, -0.015011, 0.0, -0.999887, 0.818595, 0.0, 1.0, 0.0, 0.761073, 0.0, 0.0, 0.0, 1.0],
                [0.999945, 0.0, -0.010519, -5e-06, -0.010519, 0.0, -0.999945, 0.809853, 0.0, 1.0, 0.0, 0.761078, 0.0, 0.0, 0.0, 1.0],
                [0.999977, 0.0, -0.006793, -5e-06, -0.006793, 0.0, -0.999977, 0.800574, 0.0, 1.0, 0.0, 0.761082, 0.0, 0.0, 0.0, 1.0],
                [0.999993, 0.0, -0.003855, -5e-06, -0.003855, 0.0, -0.999993, 0.790737, 0.0, 1.0, 0.0, 0.761084, 0.0, 0.0, 0.0, 1.0],
                [0.999999, 0.0, -0.001729, -5e-06, -0.001729, 0.0, -0.999999, 0.78032, 0.0, 1.0, 0.0, 0.761085, 0.0, 0.0, 0.0, 1.0],
                [1.0, 0.0, -0.000436, -5e-06, -0.000436, 0.0, -1.0, 0.769299, 0.0, 1.0, 0.0, 0.761085, 0.0, 0.0, 0.0, 1.0],
                [1.0, 0.0, 0.0, -5e-06, 0.0, 0.0, -1.0, 0.757653, 0.0, 1.0, 0.0, 0.761085, 0.0, 0.0, 0.0, 1.0],
                [0.999994, 0.0, -0.003325, -5e-06, -0.003325, 0.0, -0.999994, 0.745418, 0.0, 1.0, 0.0, 0.76035, 0.0, 0.0, 0.0, 1.0],
                [0.999923, 0.0, -0.012443, -5e-06, -0.012443, 0.0, -0.999923, 0.73285, 0.0, 1.0, 0.0, 0.758336, 0.0, 0.0, 0.0, 1.0],
                [0.99966, 0.0, -0.026068, -5e-06, -0.026068, 0.0, -0.99966, 0.720267, 0.0, 1.0, 0.0, 0.755325, 0.0, 0.0, 0.0, 1.0],
                [0.999079, 0.0, -0.042911, -5e-06, -0.042911, 0.0, -0.999079, 0.707983, 0.0, 1.0, 0.0, 0.751604, 0.0, 0.0, 0.0, 1.0],
                [0.998096, 0.0, -0.061675, -5e-06, -0.061675, 0.0, -0.998096, 0.696314, 0.0, 1.0, 0.0, 0.747456, 0.0, 0.0, 0.0, 1.0],
                [0.996709, 0.0, -0.081061, -5e-06, -0.081061, 0.0, -0.996709, 0.685575, 0.0, 1.0, 0.0, 0.743166, 0.0, 0.0, 0.0, 1.0],
                [0.99501, 0.0, -0.099773, -5e-06, -0.099773, 0.0, -0.99501, 0.676081, 0.0, 1.0, 0.0, 0.739018, 0.0, 0.0, 0.0, 1.0],
                [0.993187, 0.0, -0.116527, -5e-06, -0.116527, 0.0, -0.993187, 0.668148, 0.0, 1.0, 0.0, 0.735296, 0.0, 0.0, 0.0, 1.0],
                [0.991507, 0.0, -0.130051, -5e-06, -0.130051, 0.0, -0.991507, 0.662091, 0.0, 1.0, 0.0, 0.732286, 0.0, 0.0, 0.0, 1.0],
                [0.99028, 0.0, -0.139087, -5e-06, -0.139087, 0.0, -0.99028, 0.658225, 0.0, 1.0, 0.0, 0.730271, 0.0, 0.0, 0.0, 1.0],
                [0.989812, 0.0, -0.142378, -5e-06, -0.142378, 0.0, -0.989812, 0.656867, 0.0, 1.0, 0.0, 0.729536, 0.0, 0.0, 0.0, 1.0],
                [0.989812, 0.0, -0.142378, -5e-06, -0.142378, 0.0, -0.989812, 0.656867, 0.0, 1.0, 0.0, 0.729536, 0.0, 0.0, 0.0, 1.0],
                [0.989812, 0.0, -0.142378, -5e-06, -0.142378, 0.0, -0.989812, 0.656867, 0.0, 1.0, 0.0, 0.729536, 0.0, 0.0, 0.0, 1.0],
                [0.989812, 0.0, -0.142378, -5e-06, -0.142378, 0.0, -0.989812, 0.656867, 0.0, 1.0, 0.0, 0.729536, 0.0, 0.0, 0.0, 1.0],
                [0.989812, 0.0, -0.142378, -5e-06, -0.142378, 0.0, -0.989812, 0.656867, 0.0, 1.0, 0.0, 0.729536, 0.0, 0.0, 0.0, 1.0],
                [0.989812, 0.0, -0.142378, -5e-06, -0.142378, 0.0, -0.989812, 0.656867, 0.0, 1.0, 0.0, 0.729536, 0.0, 0.0, 0.0, 1.0],
                [0.989812, 0.0, -0.142378, -5e-06, -0.142378, 0.0, -0.989812, 0.656867, 0.0, 1.0, 0.0, 0.729536, 0.0, 0.0, 0.0, 1.0],
                [0.989812, 0.0, -0.142378, -5e-06, -0.142378, 0.0, -0.989812, 0.656867, 0.0, 1.0, 0.0, 0.729536, 0.0, 0.0, 0.0, 1.0],
                [0.989812, 0.0, -0.142378, -5e-06, -0.142378, 0.0, -0.989812, 0.656867, 0.0, 1.0, 0.0, 0.729536, 0.0, 0.0, 0.0, 1.0],
                [0.989812, 0.0, -0.142378, -5e-06, -0.142378, 0.0, -0.989812, 0.656867, 0.0, 1.0, 0.0, 0.729536, 0.0, 0.0, 0.0, 1.0],
                [0.989812, 0.0, -0.142378, -5e-06, -0.142378, 0.0, -0.989812, 0.656867, 0.0, 1.0, 0.0, 0.729536, 0.0, 0.0, 0.0, 1.0],
                [0.989812, 0.0, -0.142378, -5e-06, -0.142378, 0.0, -0.989812, 0.656867, 0.0, 1.0, 0.0, 0.729536, 0.0, 0.0, 0.0, 1.0],
                [0.989812, 0.0, -0.142378, -5e-06, -0.142378, 0.0, -0.989812, 0.656867, 0.0, 1.0, 0.0, 0.729536, 0.0, 0.0, 0.0, 1.0],
                [0.989812, 0.0, -0.142378, -5e-06, -0.142378, 0.0, -0.989812, 0.656867, 0.0, 1.0, 0.0, 0.729536, 0.0, 0.0, 0.0, 1.0],
                [0.989812, 0.0, -0.142378, -5e-06, -0.142378, 0.0, -0.989812, 0.656867, 0.0, 1.0, 0.0, 0.729536, 0.0, 0.0, 0.0, 1.0],
                [0.989812, 0.0, -0.142378, -5e-06, -0.142378, 0.0, -0.989812, 0.656867, 0.0, 1.0, 0.0, 0.729536, 0.0, 0.0, 0.0, 1.0],
                [0.989812, 0.0, -0.142378, -5e-06, -0.142378, 0.0, -0.989812, 0.656867, 0.0, 1.0, 0.0, 0.729536, 0.0, 0.0, 0.0, 1.0],
                [0.989812, 0.0, -0.142378, -5e-06, -0.142378, 0.0, -0.989812, 0.656867, 0.0, 1.0, 0.0, 0.729536, 0.0, 0.0, 0.0, 1.0],
                [0.989812, 0.0, -0.142378, -5e-06, -0.142378, 0.0, -0.989812, 0.656867, 0.0, 1.0, 0.0, 0.729536, 0.0, 0.0, 0.0, 1.0],
                [0.989812, 0.0, -0.142378, -5e-06, -0.142378, 0.0, -0.989812, 0.656867, 0.0, 1.0, 0.0, 0.729536, 0.0, 0.0, 0.0, 1.0],
                [0.989812, 0.0, -0.142378, -5e-06, -0.142378, 0.0, -0.989812, 0.656867, 0.0, 1.0, 0.0, 0.729536, 0.0, 0.0, 0.0, 1.0],
                [0.989812, 0.0, -0.142378, -5e-06, -0.142378, 0.0, -0.989812, 0.656867, 0.0, 1.0, 0.0, 0.729536, 0.0, 0.0, 0.0, 1.0],
                [0.989812, 0.0, -0.142378, -5e-06, -0.142378, 0.0, -0.989812, 0.656867, 0.0, 1.0, 0.0, 0.729536, 0.0, 0.0, 0.0, 1.0],
                [0.989812, 0.0, -0.142378, -5e-06, -0.142378, 0.0, -0.989812, 0.656867, 0.0, 1.0, 0.0, 0.729536, 0.0, 0.0, 0.0, 1.0],
                [0.989812, 0.0, -0.142378, -5e-06, -0.142378, 0.0, -0.989812, 0.656867, 0.0, 1.0, 0.0, 0.729536, 0.0, 0.0, 0.0, 1.0],
                [0.989812, 0.0, -0.142378, -5e-06, -0.142378, 0.0, -0.989812, 0.656867, 0.0, 1.0, 0.0, 0.729536, 0.0, 0.0, 0.0, 1.0],
                [0.989812, 0.0, -0.142378, -5e-06, -0.142378, 0.0, -0.989812, 0.656867, 0.0, 1.0, 0.0, 0.729536, 0.0, 0.0, 0.0, 1.0],
                [0.989812, 0.0, -0.142378, -5e-06, -0.142378, 0.0, -0.989812, 0.656867, 0.0, 1.0, 0.0, 0.729536, 0.0, 0.0, 0.0, 1.0],
                [0.989812, 0.0, -0.142378, -5e-06, -0.142378, 0.0, -0.989812, 0.656867, 0.0, 1.0, 0.0, 0.729536, 0.0, 0.0, 0.0, 1.0],
                [0.989812, 0.0, -0.142378, -5e-06, -0.142378, 0.0, -0.989812, 0.656867, 0.0, 1.0, 0.0, 0.729536, 0.0, 0.0, 0.0, 1.0],
                [0.989812, 0.0, -0.142378, -5e-06, -0.142378, 0.0, -0.989812, 0.656867, 0.0, 1.0, 0.0, 0.729536, 0.0, 0.0, 0.0, 1.0]
            ]
        },
        {
            "name": "Thigh_R",
            "time": [0.0, 0.0167, 0.0333, 0.05, 0.0667, 0.0833, 0.1, 0.1167, 0.1333, 0.15, 0.1667, 0.1833, 0.2, 0.2167, 0.2333, 0.25, 0.2667, 0.2833, 0.3, 0.3167, 0.3333, 0.35, 0.3667, 0.3833, 0.4, 0.4167, 0.4333, 0.45, 0.4667, 0.4833, 0.5, 0.5167, 0.5333, 0.55, 0.5667, 0.5833, 0.6, 0.6167, 0.6333, 0.65, 0.6667, 0.6833, 0.7, 0.7167, 0.7333, 0.75, 0.7667, 0.7833, 0.8, 0.8167, 0.8333, 0.85, 0.8667, 0.8833, 0.9, 0.9167, 0.9333, 0.95, 0.9667, 0.9833, 1.0, 1.0167, 1.0333, 1.05, 1.0667, 1.0833, 1.1, 1.1167, 1.1333, 1.15, 1.1667, 1.1833, 1.2, 1.2167, 1.2333, 1.25, 1.2667, 1.2833, 1.3, 1.3167, 1.3333, 1.35, 1.3667, 1.3833, 1.4, 1.4167, 1.4333, 1.45, 1.4667, 1.4833, 1.5, 1.5167, 1.5333, 1.55, 1.5667, 1.5833, 1.6, 1.6167, 1.6333, 1.65, 1.6667, 1.6833, 1.7, 1.7167, 1.7333, 1.75, 1.7667, 1.7833, 1.8, 1.8167, 1.8333, 1.85, 1.8667, 1.8833, 1.9, 1.9167, 1.9333, 1.95, 1.9667, 1.9833, 2.0, 2.0167, 2.0333, 2.05, 2.0667, 2.0833, 2.1, 2.1167, 2.1333, 2.15, 2.1667, 2.1833, 2.2, 2.2167, 2.2333, 2.25, 2.2667, 2.2833, 2.3, 2.3167, 2.3333, 2.35, 2.3667, 2.3833, 2.4, 2.4167, 2.4333, 2.45, 2.4667, 2.4833, 2.5, 2.5167, 2.5333, 2.55, 2.5667, 2.5833, 2.6, 2.6167, 2.6333, 2.65, 2.6667, 2.6833, 2.7, 2.7167, 2.7333, 2.75, 2.7667, 2.7833, 2.8, 2.8167, 2.8333, 2.85, 2.8667, 2.8833, 2.9, 2.9167, 2.9333, 2.95, 2.9667, 2.9833, 3.0, 3.0167, 3.0333, 3.05, 3.0667, 3.0833, 3.1, 3.1167, 3.1333, 3.15, 3.1667, 3.1833, 3.2, 3.2167, 3.2333, 3.25, 3.2667, 3.2833, 3.3, 3.3167, 3.3333, 3.35, 3.3667, 3.3833, 3.4, 3.4167, 3.4333, 3.45, 3.4667, 3.4833, 3.5, 3.5167, 3.5333, 3.55, 3.5667, 3.5833, 3.6, 3.6167, 3.6333, 3.65, 3.6667, 3.6833, 3.7, 3.7167, 3.7333, 3.75, 3.7667, 3.7833, 3.8, 3.8167, 3.8333, 3.85, 3.8667, 3.8833, 3.9, 3.9167, 3.9333, 3.95, 3.9667, 3.9833, 4.0],
            "transform": [
                [0.885584, 0.303899, 0.351261, 0.124994, 0.241962, -0.947371, 0.209614, -0.002831, 0.396477, -0.100639, -0.912512, -1.2e-05, 0.0, 0.0, 0.0, 1.0],
                [0.885337, 0.304249, 0.351581, 0.124994, 0.243245, -0.947522, 0.207435, -0.002831, 0.396243, -0.098128, -0.912887, -1.2e-05, 0.0, 0.0, 0.0, 1.0],
                [0.884627, 0.305333, 0.352427, 0.124994, 0.246968, -0.947881, 0.201308, -0.002831, 0.395525, -0.091043, -0.913931, -1.2e-05, 0.0, 0.0, 0.0, 1.0],
                [0.883499, 0.307198, 0.353634, 0.124994, 0.252931, -0.94827, 0.191846, -0.002831, 0.394276, -0.08005, -0.915499, -1.2e-05, 0.0, 0.0, 0.0, 1.0],
                [0.881993, 0.30989, 0.355044, 0.124994, 0.260934, -0.948489, 0.179659, -0.002831, 0.39243, -0.065814, -0.917424, -1.2e-05, 0.0, 0.0, 0.0, 1.0],
                [0.880141, 0.313458, 0.356503, 0.124994, 0.270767, -0.948334, 0.16536, -0.002831, 0.389918, -0.049011, -0.919545, -1.2e-05, 0.0, 0.0, 0.0, 1.0],
                [0.877974, 0.317957, 0.35786, 0.124994, 0.282215, -0.947618, 0.14957, -0.002831, 0.386672, -0.030324, -0.921719, -1.2e-05, 0.0, 0.0, 0.0, 1.0],
                [0.875515, 0.323445, 0.358966, 0.124994, 0.295059, -0.946187, 0.132915, -0.002831, 0.38264, -0.010453, -0.923838, -1.2e-05, 0.0, 0.0, 0.0, 1.0],
                [0.872781, 0.329989, 0.359666, 0.124994, 0.309076, -0.94393, 0.116031, -0.002831, 0.377789, 0.009895, -0.925839, -1.2e-05, 0.0, 0.0, 0.0, 1.0],
                [0.869785, 0.337663, 0.359801, 0.124994, 0.324045, -0.940786, 0.099556, -0.002831, 0.372113, 0.03, -0.927703, -1.2e-05, 0.0, 0.0, 0.0, 1.0],
                [0.866533, 0.346543, 0.359202, 0.124994, 0.339751, -0.936743, 0.084126, -0.002831, 0.365634, 0.049142, -0.929461, -1.2e-05, 0.0, 0.0, 0.0, 1.0],
                [0.863028, 0.356709, 0.357688, 0.124994, 0.355985, -0.931836, 0.070372, -0.002831, 0.35841, 0.066599, -0.931186, -1.2e-05, 0.0, 0.0, 0.0, 1.0],
                [0.859263, 0.368237, 0.355059, 0.124994, 0.372552, -0.926137, 0.058916, -0.002831, 0.350529, 0.081654, -0.932986, -1.2e-05, 0.0, 0.0, 0.0, 1.0],
                [0.855233, 0.381196, 0.351092, 0.124994, 0.389274, -0.919742, 0.050368, -0.002831, 0.342114, 0.093595, -0.934986, -1.2e-05, 0.0, 0.0, 0.0, 1.0],
                [0.850923, 0.395642, 0.345537, 0.124994, 0.405988, -0.912752, 0.04532, -0.002831, 0.333321, 0.10172, -0.93731, -1.2e-05, 0.0, 0.0, 0.0, 1.0],
                [0.846322, 0.411607, 0.338108, 0.124994, 0.42255, -0.905252, 0.044352, -0.002831, 0.324329, 0.105331, -0.940062, -1.2e-05, 0.0, 0.0, 0.0, 1.0],
                [0.842895, 0.428976, 0.324818, 0.124994, 0.439456, -0.89716, 0.044476, -0.002831, 0.310493, 0.105255, -0.944731, -1.2e-05, 0.0, 0.0, 0.0, 1.0],
                [0.841678, 0.447264, 0.302542, 0.124994, 0.45689, -0.888507, 0.042455, -0.002831, 0.287799, 0.102495, -0.952191, -1.2e-05, 0.0, 0.0, 0.0, 1.0],
                [0.841942, 0.46587, 0.272207, 0.124994, 0.47423, -0.879556, 0.038522, -0.002831, 0.257368, 0.096656, -0.961468, -1.2e-05, 0.0, 0.0, 0.0, 1.0],
                [0.842926, 0.484125, 0.234727, 0.124994, 0.490847, -0.870619, 0.032985, -0.002831, 0.220327, 0.087411, -0.971502, -1.2e-05, 0.0, 0.0, 0.0, 1.0],
                [0.843915, 0.501306, 0.191042, 0.124994, 0.506138, -0.862051, 0.026254, -0.002831, 0.17785, 0.074537, -0.981231, -1.2e-05, 0.0, 0.0, 0.0, 1.0],
                [0.844311, 0.516651, 0.14216, 0.124994, 0.519548, -0.854231, 0.018858, -0.002831, 0.13118, 0.057937, -0.989664, -1.2e-05, 0.0, 0.0, 0.0, 1.0],
                [0.843685, 0.529382, 0.089159, 0.124994, 0.530597, -0.847545, 0.011447, -0.002831, 0.081626, 0.03765, -0.995952, -1.2e-05, 0.0, 0.0, 0.0, 1.0],
                [0.84182, 0.538735, 0.033187, 0.124994, 0.538893, -0.842359, 0.00479, -0.002831, 0.030535, 0.013852, -0.999438, -1.2e-05, 0.0, 0.0, 0.0, 1.0],
                [0.838736, 0.543983, -0.024563, 0.124994, 0.544143, -0.83899, -0.000245, -0.002831, -0.020742, -0.013159, -0.999699, -1.2e-05, 0.0, 0.0, 0.0, 1.0],
