{
    "animation": [
        {
            "name": "Root",
            "time": [0.0, 0.0167, 0.0333, 0.05, 0.0667, 0.0833, 0.1, 0.1167, 0.1333, 0.15, 0.1667, 0.1833, 0.2, 0.2167, 0.2333, 0.25, 0.2667, 0.2833, 0.3, 0.3167, 0.3333, 0.35, 0.3667, 0.3833, 0.4, 0.4167, 0.4333, 0.45, 0.4667, 0.4833, 0.5, 0.5167, 0.5333, 0.55, 0.5667, 0.5833, 0.6, 0.6167, 0.6333, 0.65, 0.6667, 0.6833, 0.7, 0.7167, 0.7333, 0.75, 0.7667, 0.7833, 0.8, 0.8167, 0.8333, 0.85, 0.8667, 0.8833, 0.9, 0.9167, 0.9333, 0.95, 0.9667, 0.9833, 1.0, 1.0167, 1.0333, 1.05, 1.0667, 1.0833, 1.1, 1.1167, 1.1333, 1.15, 1.1667, 1.1833, 1.2, 1.2167, 1.2333, 1.25, 1.2667, 1.2833, 1.3, 1.3167, 1.3333, 1.35, 1.3667, 1.3833, 1.4, 1.4167, 1.4333, 1.45, 1.4667, 1.4833, 1.5, 1.5167, 1.5333, 1.55, 1.5667, 1.5833, 1.6, 1.6167, 1.6333, 1.65, 1.6667, 1.6833, 1.7, 1.7167, 1.7333, 1.75, 1.7667, 1.7833, 1.8, 1.8167, 1.8333, 1.85, 1.8667, 1.8833, 1.9, 1.9167, 1.9333, 1.95, 1.9667, 1.9833, 2.0, 2.0167, 2.0333, 2.05, 2.0667, 2.0833, 2.1, 2.1167, 2.1333, 2.15, 2.1667, 2.1833, 2.2, 2.2167, 2.2333, 2.25, 2.2667, 2.2833, 2.3, 2.3167, 2.3333, 2.35, 2.3667, 2.3833, 2.4, 2.4167, 2.4333, 2.45, 2.4667, 2.4833, 2.5, 2.5167, 2.5333, 2.55, 2.5667, 2.5833, 2.6, 2.6167, 2.6333, 2.65, 2.6667, 2.6833, 2.7, 2.7167, 2.7333, 2.75, 2.7667, 2.7833, 2.8, 2.8167, 2.8333, 2.85, 2.8667, 2.8833, 2.9, 2.9167, 2.9333, 2.95, 2.9667, 2.9833, 3.0, 3.0167, 3.0333, 3.05, 3.0667, 3.0833, 3.1, 3.1167, 3.1333, 3.15, 3.1667, 3.1833, 3.2, 3.2167, 3.2333, 3.25, 3.2667, 3.2833, 3.3, 3.3167, 3.3333, 3.35, 3.3667, 3.3833, 3.4, 3.4167, 3.4333, 3.45, 3.4667, 3.4833, 3.5, 3.5167, 3.5333, 3.55, 3.5667, 3.5833, 3.6, 3.6167, 3.6333, 3.65, 3.6667, 3.6833, 3.7, 3.7167, 3.7333, 3.75, 3.7667, 3.7833, 3.8, 3.8167, 3.8333, 3.85, 3.8667, 3.8833, 3.9, 3.9167, 3.9333, 3.95, 3.9667, 3.9833, 4.0, 4.0167, 4.0333, 4.05, 4.0667, 4.0833, 4.1, 4.1167, 4.1333, 4.15, 4.1667, 4.1833, 4.2, 4.2167, 4.2333, 4.25, 4.2667, 4.2833, 4.3, 4.3167, 4.3333, 4.35, 4.3667, 4.3833, 4.4, 4.4167, 4.4333, 4.45, 4.4667, 4.4833, 4.5, 4.5167, 4.5333, 4.55, 4.5667, 4.5833, 4.6, 4.6167, 4.6333, 4.65, 4.6667, 4.6833, 4.7, 4.7167, 4.7333, 4.75, 4.7667, 4.7833, 4.8, 4.8167, 4.8333, 4.85, 4.8667, 4.8833, 4.9, 4.9167, 4.9333, 4.95, 4.9667, 4.9833, 5.0, 5.0167, 5.0333, 5.05, 5.0667, 5.0833, 5.1, 5.1167, 5.1333, 5.15, 5.1667, 5.1833, 5.2],
            "transform": [
                [1.0, 0.0, 0.0, -5e-06, 0.0, 0.0, -1.0, 0.000946, 0.0, 1.0, 0.0, 0.686021, 0.0, 0.0, 0.0, 1.0],
                [0.999999, 0.0, -0.001118, -5e-06, -0.001118, 0.0, -0.999999, 0.000451, 0.0, 1.0, 0.0, 0.686021, 0.0, 0.0, 0.0, 1.0],
                [0.999991, 0.0, -0.004355, -5e-06, -0.004355, 0.0, -0.999991, -0.000985, 0.0, 1.0, 0.0, 0.686021, 0.0, 0.0, 0.0, 1.0],
                [0.999955, 0.0, -0.009535, -5e-06, -0.009535, 0.0, -0.999955, -0.003281, 0.0, 1.0, 0.0, 0.686021, 0.0, 0.0, 0.0, 1.0],
                [0.999864, 0.0, -0.016483, -5e-06, -0.016483, 0.0, -0.999864, -0.006361, 0.0, 1.0, 0.0, 0.686021, 0.0, 0.0, 0.0, 1.0],
                [0.999687, 0.0, -0.025024, -5e-06, -0.025024, 0.0, -0.999687, -0.010145, 0.0, 1.0, 0.0, 0.686021, 0.0, 0.0, 0.0, 1.0],
                [0.999388, 0.0, -0.034981, -5e-06, -0.034981, 0.0, -0.999388, -0.014556, 0.0, 1.0, 0.0, 0.686021, 0.0, 0.0, 0.0, 1.0],
                [0.998933, 0.0, -0.046177, -5e-06, -0.046177, 0.0, -0.998933, -0.019514, 0.0, 1.0, 0.0, 0.686021, 0.0, 0.0, 0.0, 1.0],
                [0.998291, 0.0, -0.058432, -5e-06, -0.058432, 0.0, -0.998291, -0.024942, 0.0, 1.0, 0.0, 0.686021, 0.0, 0.0, 0.0, 1.0],
                [0.997436, 0.0, -0.071567, -5e-06, -0.071567, 0.0, -0.997436, -0.030762, 0.0, 1.0, 0.0, 0.686021, 0.0, 0.0, 0.0, 1.0],
                [0.996347, 0.0, -0.085402, -5e-06, -0.085402, 0.0, -0.996347, -0.036895, 0.0, 1.0, 0.0, 0.686021, 0.0, 0.0, 0.0, 1.0],
                [0.995012, 0.0, -0.099753, -5e-06, -0.099753, 0.0, -0.995012, -0.043263, 0.0, 1.0, 0.0, 0.686021, 0.0, 0.0, 0.0, 1.0],
                [0.99343, 0.0, -0.114438, -5e-06, -0.114438, 0.0, -0.99343, -0.049787, 0.0, 1.0, 0.0, 0.686021, 0.0, 0.0, 0.0, 1.0],
                [0.991609, 0.0, -0.129276, -5e-06, -0.129276, 0.0, -0.991609, -0.05639, 0.0, 1.0, 0.0, 0.686021, 0.0, 0.0, 0.0, 1.0],
                [0.989565, 0.0, -0.144085, -5e-06, -0.144085, 0.0, -0.989565, -0.062993, 0.0, 1.0, 0.0, 0.686021, 0.0, 0.0, 0.0, 1.0],
                [0.987329, 0.0, -0.158685, -5e-06, -0.158685, 0.0, -0.987329, -0.069517, 0.0, 1.0, 0.0, 0.686021, 0.0, 0.0, 0.0, 1.0],
                [0.98494, 0.0, -0.172899, -5e-06, -0.172899, 0.0, -0.98494, -0.075885, 0.0, 1.0, 0.0, 0.686021, 0.0, 0.0, 0.0, 1.0],
                [0.982446, 0.0, -0.18655, -5e-06, -0.18655, 0.0, -0.982446, -0.082018, 0.0, 1.0, 0.0, 0.686021, 0.0, 0.0, 0.0, 1.0],
                [0.979905, 0.0, -0.199465, -5e-06, -0.199465, 0.0, -0.979905, -0.087837, 0.0, 1.0, 0.0, 0.686021, 0.0, 0.0, 0.0, 1.0],
                [0.977383, 0.0, -0.211476, -5e-06, -0.211476, 0.0, -0.977383, -0.093266, 0.0, 1.0, 0.0, 0.686021, 0.0, 0.0, 0.0, 1.0],
                [0.974952, 0.0, -0.222413, -5e-06, -0.222413, 0.0, -0.974952, -0.098224, 0.0, 1.0, 0.0, 0.686021, 0.0, 0.0, 0.0, 1.0],
                [0.972689, 0.0, -0.232114, -5e-06, -0.232114, 0.0, -0.972689, -0.102635, 0.0, 1.0, 0.0, 0.686021, 0.0, 0.0, 0.0, 1.0],
                [0.97067, 0.0, -0.240415, -5e-06, -0.240415, 0.0, -0.97067, -0.106419, 0.0, 1.0, 0.0, 0.686021, 0.0, 0.0, 0.0, 1.0],
                [0.968976, 0.0, -0.247154, -5e-06, -0.247154, 0.0, -0.968976, -0.109498, 0.0, 1.0, 0.0, 0.686021, 0.0, 0.0, 0.0, 1.0],
                [0.967683, 0.0, -0.252171, -5e-06, -0.252171, 0.0, -0.967683, -0.111795, 0.0, 1.0, 0.0, 0.686021, 0.0, 0.0, 0.0, 1.0],
                [0.966861, 0.0, -0.255302, -5e-06, -0.255302, 0.0, -0.966861, -0.11323, 0.0, 1.0, 0.0, 0.686021, 0.0, 0.0, 0.0, 1.0],
                [0.966575, 0.0, -0.256382, -5e-06, -0.256382, 0.0, -0.966575, -0.113726, 0.0, 1.0, 0.0, 0.686021, 0.0, 0.0, 0.0, 1.0],
                [0.966575, 0.0, -0.256382, -5e-06, -0.256382, 0.0, -0.966575, -0.113726, 0.0, 1.0, 0.0, 0.686021, 0.0, 0.0, 0.0, 1.0],
                [0.966575, 0.0, -0.256382, -5e-06, -0.256382, 0.0, -0.966575, -0.113726, 0.0, 1.0, 0.0, 0.686021, 0.0, 0.0, 0.0, 1.0],
                [0.966575, 0.0, -0.256382, -5e-06, -0.256382, 0.0, -0.966575, -0.113726, 0.0, 1.0, 0.0, 0.686021, 0.0, 0.0, 0.0, 1.0],
                [0.966575, 0.0, -0.256382, -5e-06, -0.256382, 0.0, -0.966575, -0.113726, 0.0, 1.0, 0.0, 0.686021, 0.0, 0.0, 0.0, 1.0],
                [0.966575, 0.0, -0.256382, 0.003989, -0.256382, 0.0, -0.966575, -0.120667, 0.0, 1.0, 0.0, 0.687064, 0.0, 0.0, 0.0, 1.0],
                [0.966575, 0.0, -0.256382, 0.014692, -0.256382, 0.0, -0.966575, -0.139269, 0.0, 1.0, 0.0, 0.689965, 0.0, 0.0, 0.0, 1.0],
                [0.966575, 0.0, -0.256382, 0.030188, -0.256382, 0.0, -0.966575, -0.166201, 0.0, 1.0, 0.0, 0.694378, 0.0, 0.0, 0.0, 1.0],
                [0.966575, 0.0, -0.256382, 0.048558, -0.256382, 0.0, -0.966575, -0.19813, 0.0, 1.0, 0.0, 0.699959, 0.0, 0.0, 0.0, 1.0],
                [0.966575, 0.0, -0.256382, 0.067888, -0.256382, 0.0, -0.966575, -0.231725, 0.0, 1.0, 0.0, 0.706363, 0.0, 0.0, 0.0, 1.0],
                [0.966575, 0.0, -0.256382, 0.086259, -0.256382, 0.0, -0.966575, -0.263654, 0.0, 1.0, 0.0, 0.713245, 0.0, 0.0, 0.0, 1.0],
                [0.966575, 0.0, -0.256382, 0.101754, -0.256382, 0.0, -0.966575, -0.290585, 0.0, 1.0, 0.0, 0.720261, 0.0, 0.0, 0.0, 1.0],
                [0.966575, 0.0, -0.256382, 0.112457, -0.256382, 0.0, -0.966575, -0.309187, 0.0, 1.0, 0.0, 0.727065, 0.0, 0.0, 0.0, 1.0],
                [0.966575, 0.0, -0.256382, 0.116451, -0.256382, 0.0, -0.966575, -0.316128, 0.0, 1.0, 0.0, 0.733314, 0.0, 0.0, 0.0, 1.0],
                [0.966575, 0.0, -0.256382, 0.116444, -0.256382, 0.0, -0.966575, -0.316128, 0.0, 1.0, 0.0, 0.738739, 0.0, 0.0, 0.0, 1.0],
                [0.966575, 0.0, -0.256382, 0.116398, -0.256382, 0.0, -0.966575, -0.316128, 0.0, 1.0, 0.0, 0.743382, 0.0, 0.0, 0.0, 1.0],
                [0.966575, 0.0, -0.256382, 0.116271, -0.256382, 0.0, -0.966575, -0.316128, 0.0, 1.0, 0.0, 0.747364, 0.0, 0.0, 0.0, 1.0],
                [0.966575, 0.0, -0.256382, 0.116025, -0.256382, 0.0, -0.966575, -0.316128, 0.0, 1.0, 0.0, 0.750805, 0.0, 0.0, 0.0, 1.0],
                [0.966575, 0.0, -0.256382, 0.115619, -0.256382, 0.0, -0.966575, -0.316128, 0.0, 1.0, 0.0, 0.753823, 0.0, 0.0, 0.0, 1.0],
                [0.966575, 0.0, -0.256382, 0.115014, -0.256382, 0.0, -0.966575, -0.316128, 0.0, 1.0, 0.0, 0.756538, 0.0, 0.0, 0.0, 1.0],
                [0.966575, 0.0, -0.256382, 0.11417, -0.256382, 0.0, -0.966575, -0.316128, 0.0, 1.0, 0.0, 0.75907, 0.0, 0.0, 0.0, 1.0],
                [0.966575, 0.0, -0.256382, 0.113046, -0.256382, 0.0, -0.966575, -0.316128, 0.0, 1.0, 0.0, 0.761539, 0.0, 0.0, 0.0, 1.0],
                [0.966575, 0.0, -0.256382, 0.111603, -0.256382, 0.0, -0.966575, -0.316128, 0.0, 1.0, 0.0, 0.764065, 0.0, 0.0, 0.0, 1.0],
                [0.966575, 0.0, -0.256382, 0.109801, -0.256382, 0.0, -0.966575, -0.316128, 0.0, 1.0, 0.0, 0.766766, 0.0, 0.0, 0.0, 1.0],
                [0.966575, 0.0, -0.256382, 0.1076, -0.256382, 0.0, -0.966575, -0.316128, 0.0, 1.0, 0.0, 0.769763, 0.0, 0.0, 0.0, 1.0],
                [0.966575, 0.0, -0.256382, 0.10496, -0.256382, 0.0, -0.966575, -0.316128, 0.0, 1.0, 0.0, 0.773175, 0.0, 0.0, 0.0, 1.0],
                [0.966575, 0.0, -0.256382, 0.101842, -0.256382, 0.0, -0.966575, -0.316128, 0.0, 1.0, 0.0, 0.777122, 0.0, 0.0, 0.0, 1.0],
                [0.966575, 0.0, -0.256382, 0.098204, -0.256382, 0.0, -0.966575, -0.316128, 0.0, 1.0, 0.0, 0.781723, 0.0, 0.0, 0.0, 1.0],
                [0.966575, 0.0, -0.256382, 0.094008, -0.256382, 0.0, -0.966575, -0.316128, 0.0, 1.0, 0.0, 0.787099, 0.0, 0.0, 0.0, 1.0],
                [0.966575, 0.0, -0.256382, 0.089214, -0.256382, 0.0, -0.966575, -0.316128, 0.0, 1.0, 0.0, 0.793368, 0.0, 0.0, 0.0, 1.0],
                [0.966575, 0.0, -0.256382, 0.083781, -0.256382, 0.0, -0.966575, -0.316128, 0.0, 1.0, 0.0, 0.800651, 0.0, 0.0, 0.0, 1.0],
                [0.966575, 0.0, -0.256382, 0.07767, -0.256382, 0.0, -0.966575, -0.316128, 0.0, 1.0, 0.0, 0.809067, 0.0, 0.0, 0.0, 1.0],
                [0.966575, 0.0, -0.256382, 0.070841, -0.256382, 0.0, -0.966575, -0.316128, 0.0, 1.0, 0.0, 0.818735, 0.0, 0.0, 0.0, 1.0],
                [0.966575, 0.0, -0.256382, 0.063254, -0.256382, 0.0, -0.966575, -0.316128, 0.0, 1.0, 0.0, 0.829776, 0.0, 0.0, 0.0, 1.0],
                [0.966575, 0.0, -0.256382, 0.054869, -0.256382, 0.0, -0.966575, -0.316128, 0.0, 1.0, 0.0, 0.842309, 0.0, 0.0, 0.0, 1.0],
                [0.966575, 0.0, -0.256382, 0.045646, -0.256382, 0.0, -0.966575, -0.316128, 0.0, 1.0, 0.0, 0.856453, 0.0, 0.0, 0.0, 1.0],
                [0.966575, 0.0, -0.256382, 0.035545, -0.256382, 0.0, -0.966575, -0.316128, 0.0, 1.0, 0.0, 0.872329, 0.0, 0.0, 0.0, 1.0],
                [0.966575, 0.0, -0.256382, 0.024527, -0.256382, 0.0, -0.966575, -0.316128, 0.0, 1.0, 0.0, 0.890056, 0.0, 0.0, 0.0, 1.0],
                [0.966575, 0.0, -0.256382, 0.012551, -0.256382, 0.0, -0.966575, -0.316128, 0.0, 1.0, 0.0, 0.909753, 0.0, 0.0, 0.0, 1.0],
                [0.966575, 0.0, -0.256382, -0.000423, -0.256382, 0.0, -0.966575, -0.316128, 0.0, 1.0, 0.0, 0.93154, 0.0, 0.0, 0.0, 1.0],
                [0.966575, 0.0, -0.256382, -0.01581, -0.256382, -0.0, -0.966575, -0.31939, -0.0, 1.0, -0.0, 0.96345, 0.0, 0.0, 0.0, 1.0],
                [0.966575, 0.0, -0.256382, -0.034479, -0.256382, -3e-06, -0.966575, -0.328655, -1e-06, 1.0, -3e-06, 1.011971, 0.0, 0.0, 0.0, 1.0],
                [0.966575, 0.0, -0.256382, -0.055643, -0.256382, -9e-06, -0.966575, -0.343138, -2e-06, 1.0, -9e-06, 1.074911, 0.0, 0.0, 0.0, 1.0],
                [0.966575, 0.0, -0.256382, -0.078518, -0.256382, -2.2e-05, -0.966575, -0.362058, -6e-06, 1.0, -2.2e-05, 1.150074, 0.0, 0.0, 0.0, 1.0],
                [0.966575, 0.0, -0.256382, -0.102319, -0.256382, -4.4e-05, -0.966575, -0.384631, -1.1e-05, 1.0, -4.2e-05, 1.235267, 0.0, 0.0, 0.0, 1.0],
                [0.966575, 0.0, -0.256382, -0.12626, -0.256382, -7.6e-05, -0.966575, -0.410075, -1.9e-05, 1.0, -7.3e-05, 1.328295, 0.0, 0.0, 0.0, 1.0],
                [0.966575, 0.0, -0.256382, -0.149556, -0.256382, -0.00012, -0.966575, -0.437606, -3.1e-05, 1.0, -0.000116, 1.426965, 0.0, 0.0, 0.0, 1.0],
                [0.966575, 0.0, -0.256382, -0.171422, -0.256382, -0.000179, -0.966575, -0.466443, -4.6e-05, 1.0, -0.000173, 1.529082, 0.0, 0.0, 0.0, 1.0],
                [0.966575, 0.0, -0.256382, -0.191073, -0.256382, -0.000255, -0.966575, -0.495801, -6.5e-05, 1.0, -0.000247, 1.632452, 0.0, 0.0, 0.0, 1.0],
                [0.966575, 0.0, -0.256382, -0.207724, -0.256382, -0.00035, -0.966575, -0.524898, -9e-05, 1.0, -0.000338, 1.734881, 0.0, 0.0, 0.0, 1.0],
                [0.966575, 0.0, -0.256382, -0.22059, -0.256382, -0.000466, -0.966575, -0.552952, -0.000119, 1.0, -0.00045, 1.834176, 0.0, 0.0, 0.0, 1.0],
                [0.966575, 0.0, -0.256382, -0.228885, -0.256382, -0.000605, -0.966575, -0.579178, -0.000155, 1.0, -0.000585, 1.928141, 0.0, 0.0, 0.0, 1.0],
                [0.966575, 0.0, -0.256382, -0.231825, -0.256382, -0.000769, -0.966575, -0.602796, -0.000197, 1.0, -0.000744, 2.014583, 0.0, 0.0, 0.0, 1.0],
                [0.966575, 0.0, -0.256382, -0.231252, -0.256382, -0.000961, -0.966575, -0.623195, -0.000246, 1.0, -0.000929, 2.093421, 0.0, 0.0, 0.0, 1.0],
                [0.966575, 0.0, -0.256382, -0.229596, -0.256382, -0.001183, -0.966575, -0.640464, -0.000303, 0.999999, -0.001143, 2.166197, 0.0, 0.0, 0.0, 1.0],
                [0.966575, 0.0, -0.256382, -0.226947, -0.256382, -0.001436, -0.966574, -0.654868, -0.000368, 0.999999, -0.001388, 2.233155, 0.0, 0.0, 0.0, 1.0],
                [0.966575, 0.0, -0.256382, -0.223394, -0.256382, -0.001724, -0.966574, -0.66667, -0.000442, 0.999999, -0.001666, 2.294536, 0.0, 0.0, 0.0, 1.0],
                [0.966575, 0.0, -0.256382, -0.219028, -0.256382, -0.002047, -0.966573, -0.676133, -0.000525, 0.999998, -0.001979, 2.350583, 0.0, 0.0, 0.0, 1.0],
                [0.966575, 0.0, -0.256382, -0.21394, -0.256382, -0.002409, -0.966573, -0.68352, -0.000618, 0.999997, -0.002329, 2.401539, 0.0, 0.0, 0.0, 1.0],
                [0.966575, 0.0, -0.256382, -0.208219, -0.256381, -0.002812, -0.966572, -0.689095, -0.000721, 0.999996, -0.002718, 2.447645, 0.0, 0.0, 0.0, 1.0],
                [0.966575, 0.0, -0.256382, -0.201956, -0.256381, -0.003258, -0.96657, -0.693121, -0.000835, 0.999995, -0.003149, 2.489145, 0.0, 0.0, 0.0, 1.0],
                [0.966575, 0.0, -0.256382, -0.195242, -0.256381, -0.00375, -0.966569, -0.695861, -0.000961, 0.999993, -0.003624, 2.526281, 0.0, 0.0, 0.0, 1.0],
                [0.966575, 0.0, -0.256382, -0.188167, -0.25638, -0.004289, -0.966567, -0.69758, -0.0011, 0.999991, -0.004145, 2.559295, 0.0, 0.0, 0.0, 1.0],
                [0.966575, 0.0, -0.256382, -0.18082, -0.256379, -0.004878, -0.966564, -0.69854, -0.001251, 0.999988, -0.004715, 2.588429, 0.0, 0.0, 0.0, 1.0],
                [0.966575, 0.0, -0.256382, -0.173293, -0.256378, -0.00552, -0.966561, -0.699004, -0.001415, 0.999985, -0.005336, 2.613928, 0.0, 0.0, 0.0, 1.0],
                [0.966575, 0.0, -0.256382, -0.165675, -0.256377, -0.006217, -0.966557, -0.699237, -0.001594, 0.999981, -0.006009, 2.636031, 0.0, 0.0, 0.0, 1.0],
                [0.966575, 0.0, -0.256382, -0.158058, -0.256376, -0.006972, -0.966552, -0.699501, -0.001788, 0.999976, -0.006739, 2.654983, 0.0, 0.0, 0.0, 1.0],
                [0.966575, 0.0, -0.256382, -0.15053, -0.256375, -0.007788, -0.966546, -0.700059, -0.001997, 0.99997, -0.007527, 2.671026, 0.0, 0.0, 0.0, 1.0],
                [0.966575, 0.0, -0.256382, -0.143184, -0.256373, -0.008666, -0.966539, -0.701176, -0.002222, 0.999962, -0.008376, 2.684401, 0.0, 0.0, 0.0, 1.0],
                [0.966575, 0.0, -0.256382, -0.136108, -0.25637, -0.00961, -0.966531, -0.703115, -0.002464, 0.999954, -0.009289, 2.695352, 0.0, 0.0, 0.0, 1.0],
                [0.966575, 0.0, -0.256382, -0.129394, -0.256368, -0.010623, -0.966521, -0.706138, -0.002724, 0.999944, -0.010268, 2.70412, 0.0, 0.0, 0.0, 1.0],
                [0.966575, 0.0, -0.256382, -0.123131, -0.256365, -0.011708, -0.966509, -0.71051, -0.003002, 0.999931, -0.011317, 2.71095, 0.0, 0.0, 0.0, 1.0],
                [0.966575, 0.0, -0.256382, -0.117411, -0.256361, -0.012867, -0.966495, -0.716494, -0.003299, 0.999917, -0.012437, 2.716081, 0.0, 0.0, 0.0, 1.0],
                [0.966575, 0.0, -0.256382, -0.112322, -0.256357, -0.014104, -0.966479, -0.724352, -0.003616, 0.999901, -0.013633, 2.719759, 0.0, 0.0, 0.0, 1.0],
                [0.966575, 0.0, -0.256382, -0.107956, -0.256352, -0.015422, -0.966461, -0.73435, -0.003954, 0.999881, -0.014907, 2.722224, 0.0, 0.0, 0.0, 1.0],
                [0.966575, 0.0, -0.256382, -0.104404, -0.256346, -0.016825, -0.966439, -0.746749, -0.004314, 0.999858, -0.016262, 2.723719, 0.0, 0.0, 0.0, 1.0],
                [0.966575, 0.0, -0.256382, -0.101754, -0.256339, -0.018315, -0.966413, -0.761813, -0.004696, 0.999832, -0.017703, 2.724486, 0.0, 0.0, 0.0, 1.0],
                [0.966575, 0.0, -0.256382, -0.100098, -0.256331, -0.019896, -0.966384, -0.779806, -0.005101, 0.999802, -0.019231, 2.724769, 0.0, 0.0, 0.0, 1.0],
                [0.966575, 0.0, -0.256382, -0.099526, -0.256323, -0.021573, -0.96635, -0.800991, -0.005531, 0.999767, -0.020852, 2.72481, 0.0, 0.0, 0.0, 1.0],
                [0.966575, 0.0, -0.256382, -0.125869, -0.256059, -0.050225, -0.965356, -0.867474, -0.012877, 0.998738, -0.048546, 2.653168, 0.0, 0.0, 0.0, 1.0],
                [0.966575, 0.0, -0.256382, -0.19127, -0.2543, -0.127198, -0.958724, -0.992939, -0.032611, 0.991877, -0.122947, 2.461368, 0.0, 0.0, 0.0, 1.0],
                [0.966575, 0.0, -0.256382, -0.27529, -0.248664, -0.243528, -0.937476, -1.135016, -0.062436, 0.969894, -0.235388, 2.184098, 0.0, 0.0, 0.0, 1.0],
                [0.966575, 0.0, -0.256382, -0.35749, -0.236419, -0.386873, -0.891311, -1.251334, -0.099187, 0.922133, -0.373942, 1.856047, 0.0, 0.0, 0.0, 1.0],
                [0.966575, -0.0, -0.256382, -0.41743, -0.215759, -0.540179, -0.813422, -1.299522, -0.138492, 0.84155, -0.522124, 1.511903, 0.0, 0.0, 0.0, 1.0],
                [0.966575, 0.0, -0.256382, -0.454397, -0.186915, -0.684462, -0.704681, -1.280645, -0.175484, 0.729049, -0.661584, 1.181571, 0.0, 0.0, 0.0, 1.0],
                [0.966575, -0.0, -0.256382, -0.482176, -0.152095, -0.805028, -0.573408, -1.229321, -0.206395, 0.593236, -0.778121, 0.875831, 0.0, 0.0, 0.0, 1.0],
                [0.966576, -0.0, -0.256382, -0.502081, -0.114911, -0.893932, -0.433222, -1.153503, -0.229188, 0.448203, -0.864053, 0.600677, 0.0, 0.0, 0.0, 1.0],
                [0.966575, -0.0, -0.256382, -0.515424, -0.079309, -0.950952, -0.298999, -1.06115, -0.243807, 0.309339, -0.919167, 0.362106, 0.0, 0.0, 0.0, 1.0],
                [0.966575, -0.0, -0.256382, -0.523517, -0.048582, -0.981883, -0.183155, -0.960218, -0.251737, 0.189489, -0.949064, 0.166113, 0.0, 0.0, 0.0, 1.0],
                [0.966575, -0.0, -0.256382, -0.527673, -0.024998, -0.995235, -0.094244, -0.858662, -0.255161, 0.097503, -0.96197, 0.018694, 0.0, 0.0, 0.0, 1.0],
                [0.966576, -0.0, -0.256382, -0.529204, -0.010009, -0.999238, -0.037735, -0.76444, -0.256187, 0.03904, -0.965839, -0.074154, 0.0, 0.0, 0.0, 1.0],
                [0.966576, -0.0, -0.256382, -0.529423, -0.004744, -0.999829, -0.017884, -0.685507, -0.256338, 0.018503, -0.96641, -0.106436, 0.0, 0.0, 0.0, 1.0],
                [0.966576, -0.0, -0.256382, -0.526367, -0.004744, -0.999829, -0.017884, -0.626209, -0.256338, 0.018503, -0.96641, -0.092899, 0.0, 0.0, 0.0, 1.0],
                [0.966576, -0.0, -0.256382, -0.518486, -0.004744, -0.999829, -0.017884, -0.58372, -0.256338, 0.018503, -0.96641, -0.057989, 0.0, 0.0, 0.0, 1.0],
                [0.966576, -0.0, -0.256382, -0.507711, -0.004744, -0.999829, -0.017884, -0.555238, -0.256338, 0.018503, -0.96641, -0.010255, 0.0, 0.0, 0.0, 1.0],
                [0.966576, -0.0, -0.256382, -0.49597, -0.004744, -0.999829, -0.017884, -0.537963, -0.256338, 0.018503, -0.96641, 0.041755, 0.0, 0.0, 0.0, 1.0],
                [0.966576, -0.0, -0.256382, -0.485195, -0.004744, -0.999829, -0.017884, -0.529091, -0.256338, 0.018503, -0.96641, 0.089489, 0.0, 0.0, 0.0, 1.0],
                [0.966576, -0.0, -0.256382, -0.477314, -0.004744, -0.999829, -0.017884, -0.525823, -0.256338, 0.018503, -0.96641, 0.124399, 0.0, 0.0, 0.0, 1.0],
                [0.966576, -0.0, -0.256382, -0.474258, -0.004744, -0.999829, -0.017884, -0.525356, -0.256338, 0.018503, -0.96641, 0.137936, 0.0, 0.0, 0.0, 1.0],
                [0.966576, -0.0, -0.256382, -0.474258, -0.004744, -0.999829, -0.017884, -0.525356, -0.256338, 0.018503, -0.96641, 0.137936, 0.0, 0.0, 0.0, 1.0],
                [0.966576, -0.0, -0.256382, -0.474258, -0.004744, -0.999829, -0.017884, -0.525356, -0.256338, 0.018503, -0.96641, 0.137936, 0.0, 0.0, 0.0, 1.0],
                [0.966576, -0.0, -0.256382, -0.474258, -0.004744, -0.999829, -0.017884, -0.525356, -0.256338, 0.018503, -0.96641, 0.137936, 0.0, 0.0, 0.0, 1.0],
                [0.966576, -0.0, -0.256382, -0.474258, -0.004744, -0.999829, -0.017884, -0.525356, -0.256338, 0.018503, -0.96641, 0.137936, 0.0, 0.0, 0.0, 1.0],
                [0.966576, -0.0, -0.256382, -0.474258, -0.004744, -0.999829, -0.017884, -0.525356, -0.256338, 0.018503, -0.96641, 0.137936, 0.0, 0.0, 0.0, 1.0],
                [0.966576, -0.0, -0.256382, -0.474258, -0.004744, -0.999829, -0.017884, -0.525356, -0.256338, 0.018503, -0.96641, 0.137936, 0.0, 0.0, 0.0, 1.0],
                [0.966576, -0.0, -0.256382, -0.474258, -0.004744, -0.999829, -0.017884, -0.525356, -0.256338, 0.018503, -0.96641, 0.137936, 0.0, 0.0, 0.0, 1.0],
                [0.966576, -0.0, -0.256382, -0.474258, -0.004744, -0.999829, -0.017884, -0.525356, -0.256338, 0.018503, -0.96641, 0.137936, 0.0, 0.0, 0.0, 1.0],
                [0.966576, -0.0, -0.256382, -0.474258, -0.004744, -0.999829, -0.017884, -0.525356, -0.256338, 0.018503, -0.96641, 0.137936, 0.0, 0.0, 0.0, 1.0],
                [0.966576, -0.0, -0.256382, -0.474258, -0.004744, -0.999829, -0.017884, -0.525356, -0.256338, 0.018503, -0.96641, 0.137936, 0.0, 0.0, 0.0, 1.0],
                [0.966576, -0.0, -0.256382, -0.474258, -0.004744, -0.999829, -0.017884, -0.525356, -0.256338, 0.018503, -0.96641, 0.137936, 0.0, 0.0, 0.0, 1.0],
                [0.966576, -0.0, -0.256382, -0.474258, -0.004744, -0.999829, -0.017884, -0.525356, -0.256338, 0.018503, -0.96641, 0.137936, 0.0, 0.0, 0.0, 1.0],
                [0.966576, -0.0, -0.256382, -0.474258, -0.004744, -0.999829, -0.017884, -0.525356, -0.256338, 0.018503, -0.96641, 0.137936, 0.0, 0.0, 0.0, 1.0],
                [0.966576, -0.0, -0.256382, -0.474258, -0.004744, -0.999829, -0.017884, -0.525356, -0.256338, 0.018503, -0.96641, 0.137936, 0.0, 0.0, 0.0, 1.0],
                [0.966576, -0.0, -0.256382, -0.474258, -0.004744, -0.999829, -0.017884, -0.525356, -0.256338, 0.018503, -0.96641, 0.137936, 0.0, 0.0, 0.0, 1.0],
                [0.966576, -0.0, -0.256382, -0.474258, -0.004744, -0.999829, -0.017884, -0.525356, -0.256338, 0.018503, -0.96641, 0.137936, 0.0, 0.0, 0.0, 1.0],
                [0.966576, -0.0, -0.256382, -0.474258, -0.004744, -0.999829, -0.017884, -0.525356, -0.256338, 0.018503, -0.96641, 0.137936, 0.0, 0.0, 0.0, 1.0],
                [0.966576, -0.0, -0.256382, -0.474258, -0.004744, -0.999829, -0.017884, -0.525356, -0.256338, 0.018503, -0.96641, 0.137936, 0.0, 0.0, 0.0, 1.0],
                [0.966576, -0.0, -0.256382, -0.474258, -0.004744, -0.999829, -0.017884, -0.525356, -0.256338, 0.018503, -0.96641, 0.137936, 0.0, 0.0, 0.0, 1.0],
                [0.966576, -0.0, -0.256382, -0.474258, -0.004744, -0.999829, -0.017884, -0.525356, -0.256338, 0.018503, -0.96641, 0.137936, 0.0, 0.0, 0.0, 1.0],
                [0.966576, -0.0, -0.256382, -0.474258, -0.004744, -0.999829, -0.017884, -0.525356, -0.256338, 0.018503, -0.96641, 0.137936, 0.0, 0.0, 0.0, 1.0],
                [0.966576, -0.0, -0.256382, -0.474258, -0.004744, -0.999829, -0.017884, -0.525356, -0.256338, 0.018503, -0.96641, 0.137936, 0.0, 0.0, 0.0, 1.0],
                [0.966576, -0.0, -0.256382, -0.474258, -0.004744, -0.999829, -0.017884, -0.525356, -0.256338, 0.018503, -0.96641, 0.137936, 0.0, 0.0, 0.0, 1.0],
                [0.966576, -0.0, -0.256382, -0.474258, -0.004744, -0.999829, -0.017884, -0.525356, -0.256338, 0.018503, -0.96641, 0.137936, 0.0, 0.0, 0.0, 1.0],
                [0.966576, -0.0, -0.256382, -0.474258, -0.004744, -0.999829, -0.017884, -0.525356, -0.256338, 0.018503, -0.96641, 0.137936, 0.0, 0.0, 0.0, 1.0],
                [0.966576, -0.0, -0.256382, -0.474258, -0.004744, -0.999829, -0.017884, -0.525356, -0.256338, 0.018503, -0.96641, 0.137936, 0.0, 0.0, 0.0, 1.0],
                [0.966576, -0.0, -0.256382, -0.474258, -0.004744, -0.999829, -0.017884, -0.525356, -0.256338, 0.018503, -0.96641, 0.137936, 0.0, 0.0, 0.0, 1.0],
                [0.966576, -0.0, -0.256382, -0.474258, -0.004744, -0.999829, -0.017884, -0.525356, -0.256338, 0.018503, -0.96641, 0.137936, 0.0, 0.0, 0.0, 1.0],
                [0.966576, -0.0, -0.256382, -0.474258, -0.004744, -0.999829, -0.017884, -0.525356, -0.256338, 0.018503, -0.96641, 0.137936, 0.0, 0.0, 0.0, 1.0],
                [0.966576, -0.0, -0.256382, -0.474258, -0.004744, -0.999829, -0.017884, -0.525356, -0.256338, 0.018503, -0.96641, 0.137936, 0.0, 0.0, 0.0, 1.0],
                [0.966576, -0.0, -0.256382, -0.474258, -0.004744, -0.999829, -0.017884, -0.525356, -0.256338, 0.018503, -0.96641, 0.137936, 0.0, 0.0, 0.0, 1.0],
                [0.966576, -0.0, -0.256382, -0.474258, -0.004744, -0.999829, -0.017884, -0.525356, -0.256338, 0.018503, -0.96641, 0.137936, 0.0, 0.0, 0.0, 1.0],
                [0.966576, -0.0, -0.256382, -0.474258, -0.004744, -0.999829, -0.017884, -0.525356, -0.256338, 0.018503, -0.96641, 0.137936, 0.0, 0.0, 0.0, 1.0],
                [0.966576, -0.0, -0.256382, -0.474258, -0.004744, -0.999829, -0.017884, -0.525356, -0.256338, 0.018503, -0.96641, 0.147716, 0.0, 0.0, 0.0, 1.0],
                [0.966576, -0.0, -0.256382, -0.474258, -0.004744, -0.999829, -0.017884, -0.525356, -0.256338, 0.018503, -0.96641, 0.172653, 0.0, 0.0, 0.0, 1.0],
                [0.966576, -0.0, -0.256382, -0.474258, -0.004744, -0.999829, -0.017884, -0.525356, -0.256338, 0.018503, -0.96641, 0.206137, 0.0, 0.0, 0.0, 1.0],
                [0.966576, -0.0, -0.256382, -0.474258, -0.004744, -0.999829, -0.017884, -0.525356, -0.256338, 0.018503, -0.96641, 0.24156, 0.0, 0.0, 0.0, 1.0],
                [0.966576, -0.0, -0.256382, -0.474258, -0.004744, -0.999829, -0.017884, -0.525356, -0.256338, 0.018503, -0.96641, 0.272313, 0.0, 0.0, 0.0, 1.0],
                [0.966576, -0.0, -0.256382, -0.474258, -0.004744, -0.999829, -0.017884, -0.525356, -0.256338, 0.018503, -0.96641, 0.28791, 0.0, 0.0, 0.0, 1.0],
                [0.966576, -0.0, -0.256382, -0.474258, -0.004744, -0.999829, -0.017884, -0.525356, -0.256338, 0.018503, -0.96641, 0.284354, 0.0, 0.0, 0.0, 1.0],
                [0.966576, -0.0, -0.256382, -0.474258, -0.004744, -0.999829, -0.017884, -0.525356, -0.256338, 0.018503, -0.96641, 0.274453, 0.0, 0.0, 0.0, 1.0],
                [0.966576, -0.0, -0.256382, -0.474258, -0.004744, -0.999829, -0.017884, -0.525356, -0.256338, 0.018503, -0.96641, 0.259362, 0.0, 0.0, 0.0, 1.0],
                [0.966576, -0.0, -0.256382, -0.474258, -0.004744, -0.999829, -0.017884, -0.525356, -0.256338, 0.018503, -0.96641, 0.240233, 0.0, 0.0, 0.0, 1.0],
                [0.966576, -0.0, -0.256382, -0.474258, -0.004744, -0.999829, -0.017884, -0.525356, -0.256338, 0.018503, -0.96641, 0.218221, 0.0, 0.0, 0.0, 1.0],
                [0.966576, -0.0, -0.256382, -0.474258, -0.004744, -0.999829, -0.017884, -0.525356, -0.256338, 0.018503, -0.96641, 0.194478, 0.0, 0.0, 0.0, 1.0],
                [0.966576, -0.0, -0.256382, -0.474258, -0.004744, -0.999829, -0.017884, -0.525356, -0.256338, 0.018503, -0.96641, 0.170159, 0.0, 0.0, 0.0, 1.0],
                [0.966576, -0.0, -0.256382, -0.474258, -0.004744, -0.999829, -0.017884, -0.525356, -0.256338, 0.018503, -0.96641, 0.146417, 0.0, 0.0, 0.0, 1.0],
                [0.966576, -0.0, -0.256382, -0.474258, -0.004744, -0.999829, -0.017884, -0.525356, -0.256338, 0.018503, -0.96641, 0.124405, 0.0, 0.0, 0.0, 1.0],
                [0.966576, -0.0, -0.256382, -0.474258, -0.004744, -0.999829, -0.017884, -0.525356, -0.256338, 0.018503, -0.96641, 0.105276, 0.0, 0.0, 0.0, 1.0],
                [0.966576, -0.0, -0.256382, -0.474258, -0.004744, -0.999829, -0.017884, -0.525356, -0.256338, 0.018503, -0.96641, 0.090185, 0.0, 0.0, 0.0, 1.0],
                [0.966576, -0.0, -0.256382, -0.474258, -0.004744, -0.999829, -0.017884, -0.525356, -0.256338, 0.018503, -0.96641, 0.080284, 0.0, 0.0, 0.0, 1.0],
                [0.966576, -0.0, -0.256382, -0.474258, -0.004744, -0.999829, -0.017884, -0.525356, -0.256338, 0.018503, -0.96641, 0.076727, 0.0, 0.0, 0.0, 1.0],
                [0.966576, -0.0, -0.256382, -0.474258, -0.004744, -0.999829, -0.017884, -0.525356, -0.256338, 0.018503, -0.96641, 0.076727, 0.0, 0.0, 0.0, 1.0],
                [0.966576, -0.0, -0.256382, -0.474258, -0.004744, -0.999829, -0.017884, -0.525356, -0.256338, 0.018503, -0.96641, 0.076727, 0.0, 0.0, 0.0, 1.0],
                [0.966576, -0.0, -0.256382, -0.474258, -0.004744, -0.999829, -0.017884, -0.525356, -0.256338, 0.018503, -0.96641, 0.076727, 0.0, 0.0, 0.0, 1.0],
                [0.966576, -0.0, -0.256382, -0.474258, -0.004744, -0.999829, -0.017884, -0.525356, -0.256338, 0.018503, -0.96641, 0.076727, 0.0, 0.0, 0.0, 1.0],
                [0.966576, -0.0, -0.256382, -0.474258, -0.004744, -0.999829, -0.017884, -0.525356, -0.256338, 0.018503, -0.96641, 0.076727, 0.0, 0.0, 0.0, 1.0],
                [0.966576, -0.0, -0.256382, -0.474258, -0.004744, -0.999829, -0.017884, -0.525356, -0.256338, 0.018503, -0.96641, 0.076727, 0.0, 0.0, 0.0, 1.0],
                [0.966576, -0.0, -0.256382, -0.474258, -0.004744, -0.999829, -0.017884, -0.525356, -0.256338, 0.018503, -0.96641, 0.076727, 0.0, 0.0, 0.0, 1.0],
                [0.966576, -0.0, -0.256382, -0.474258, -0.004744, -0.999829, -0.017884, -0.525356, -0.256338, 0.018503, -0.96641, 0.076727, 0.0, 0.0, 0.0, 1.0],
                [0.966576, -0.0, -0.256382, -0.474258, -0.004744, -0.999829, -0.017884, -0.525356, -0.256338, 0.018503, -0.96641, 0.076727, 0.0, 0.0, 0.0, 1.0],
                [0.966576, -0.0, -0.256382, -0.474258, -0.004744, -0.999829, -0.017884, -0.525356, -0.256338, 0.018503, -0.96641, 0.076727, 0.0, 0.0, 0.0, 1.0],
                [0.966576, -0.0, -0.256382, -0.474258, -0.004744, -0.999829, -0.017884, -0.525356, -0.256338, 0.018503, -0.96641, 0.076727, 0.0, 0.0, 0.0, 1.0],
                [0.966576, -0.0, -0.256382, -0.474258, -0.004744, -0.999829, -0.017884, -0.525356, -0.256338, 0.018503, -0.96641, 0.076727, 0.0, 0.0, 0.0, 1.0],
                [0.966576, -0.0, -0.256382, -0.474258, -0.004744, -0.999829, -0.017884, -0.525356, -0.256338, 0.018503, -0.96641, 0.076727, 0.0, 0.0, 0.0, 1.0],
                [0.966576, -0.0, -0.256382, -0.474258, -0.004744, -0.999829, -0.017884, -0.525356, -0.256338, 0.018503, -0.96641, 0.076727, 0.0, 0.0, 0.0, 1.0],
                [0.966576, -0.0, -0.256382, -0.474258, -0.004744, -0.999829, -0.017884, -0.525356, -0.256338, 0.018503, -0.96641, 0.076727, 0.0, 0.0, 0.0, 1.0],
                [0.966576, -0.0, -0.256382, -0.474258, -0.004744, -0.999829, -0.017884, -0.525356, -0.256338, 0.018503, -0.96641, 0.076727, 0.0, 0.0, 0.0, 1.0],
                [0.966576, -0.0, -0.256382, -0.474258, -0.004744, -0.999829, -0.017884, -0.525356, -0.256338, 0.018503, -0.96641, 0.076727, 0.0, 0.0, 0.0, 1.0],
                [0.966576, -0.0, -0.256382, -0.474258, -0.004744, -0.999829, -0.017884, -0.525356, -0.256338, 0.018503, -0.96641, 0.076727, 0.0, 0.0, 0.0, 1.0],
                [0.966576, -0.0, -0.256382, -0.474258, -0.004744, -0.999829, -0.017884, -0.525356, -0.256338, 0.018503, -0.96641, 0.076727, 0.0, 0.0, 0.0, 1.0],
                [0.966576, -0.0, -0.256382, -0.474258, -0.004744, -0.999829, -0.017884, -0.525356, -0.256338, 0.018503, -0.96641, 0.076727, 0.0, 0.0, 0.0, 1.0],
                [0.966576, -0.0, -0.256382, -0.474258, -0.004744, -0.999829, -0.017884, -0.525356, -0.256338, 0.018503, -0.96641, 0.076727, 0.0, 0.0, 0.0, 1.0],
                [0.966576, -0.0, -0.256382, -0.474258, -0.004744, -0.999829, -0.017884, -0.525356, -0.256338, 0.018503, -0.96641, 0.076727, 0.0, 0.0, 0.0, 1.0],
                [0.966576, -0.0, -0.256382, -0.474258, -0.004744, -0.999829, -0.017884, -0.525356, -0.256338, 0.018503, -0.96641, 0.076727, 0.0, 0.0, 0.0, 1.0],
                [0.966576, -0.0, -0.256382, -0.474258, -0.004744, -0.999829, -0.017884, -0.525356, -0.256338, 0.018503, -0.96641, 0.076727, 0.0, 0.0, 0.0, 1.0],
                [0.966576, -0.0, -0.256382, -0.474258, -0.004744, -0.999829, -0.017884, -0.525356, -0.256338, 0.018503, -0.96641, 0.076727, 0.0, 0.0, 0.0, 1.0],
                [0.966576, -0.0, -0.256382, -0.474258, -0.004744, -0.999829, -0.017884, -0.525356, -0.256338, 0.018503, -0.96641, 0.076727, 0.0, 0.0, 0.0, 1.0],
                [0.966576, -0.0, -0.256382, -0.474258, -0.004744, -0.999829, -0.017884, -0.525356, -0.256338, 0.018503, -0.96641, 0.076727, 0.0, 0.0, 0.0, 1.0],
                [0.966576, -0.0, -0.256382, -0.474258, -0.004744, -0.999829, -0.017884, -0.525356, -0.256338, 0.018503, -0.96641, 0.076727, 0.0, 0.0, 0.0, 1.0],
                [0.966576, -0.0, -0.256382, -0.474258, -0.004744, -0.999829, -0.017884, -0.525356, -0.256338, 0.018503, -0.96641, 0.076727, 0.0, 0.0, 0.0, 1.0],
                [0.966576, -0.0, -0.256382, -0.474258, -0.004744, -0.999829, -0.017884, -0.525356, -0.256338, 0.018503, -0.96641, 0.076727, 0.0, 0.0, 0.0, 1.0],
                [0.966576, -0.0, -0.256382, -0.474258, -0.004744, -0.999829, -0.017884, -0.525356, -0.256338, 0.018503, -0.96641, 0.076727, 0.0, 0.0, 0.0, 1.0],
                [0.966576, -0.0, -0.256382, -0.474258, -0.004744, -0.999829, -0.017884, -0.525356, -0.256338, 0.018503, -0.96641, 0.076727, 0.0, 0.0, 0.0, 1.0],
                [0.966576, -0.0, -0.256382, -0.474258, -0.004744, -0.999829, -0.017884, -0.525356, -0.256338, 0.018503, -0.96641, 0.076727, 0.0, 0.0, 0.0, 1.0],
                [0.966576, -0.0, -0.256382, -0.474258, -0.004744, -0.999829, -0.017884, -0.525356, -0.256338, 0.018503, -0.96641, 0.076727, 0.0, 0.0, 0.0, 1.0],
                [0.966576, -0.0, -0.256382, -0.474258, -0.004744, -0.999829, -0.017884, -0.525356, -0.256338, 0.018503, -0.96641, 0.076727, 0.0, 0.0, 0.0, 1.0],
                [0.966576, -0.0, -0.256382, -0.474258, -0.004744, -0.999829, -0.017884, -0.525356, -0.256338, 0.018503, -0.96641, 0.076727, 0.0, 0.0, 0.0, 1.0],
                [0.966576, -0.0, -0.256382, -0.474258, -0.004744, -0.999829, -0.017884, -0.525356, -0.256338, 0.018503, -0.96641, 0.076727, 0.0, 0.0, 0.0, 1.0],
                [0.966576, -0.0, -0.256382, -0.474258, -0.004744, -0.999829, -0.017884, -0.525356, -0.256338, 0.018503, -0.96641, 0.076727, 0.0, 0.0, 0.0, 1.0],
                [0.966576, -0.0, -0.256382, -0.474258, -0.004744, -0.999829, -0.017884, -0.525356, -0.256338, 0.018503, -0.96641, 0.076727, 0.0, 0.0, 0.0, 1.0],
                [0.966576, -0.0, -0.256382, -0.474258, -0.004744, -0.999829, -0.017884, -0.525356, -0.256338, 0.018503, -0.96641, 0.076727, 0.0, 0.0, 0.0, 1.0],
                [0.966576, -0.0, -0.256382, -0.474258, -0.004744, -0.999829, -0.017884, -0.525356, -0.256338, 0.018503, -0.96641, 0.076727, 0.0, 0.0, 0.0, 1.0],
                [0.966576, -0.0, -0.256382, -0.474258, -0.004744, -0.999829, -0.017884, -0.525356, -0.256338, 0.018503, -0.96641, 0.076727, 0.0, 0.0, 0.0, 1.0],
                [0.966576, -0.0, -0.256382, -0.474258, -0.004744, -0.999829, -0.017884, -0.525356, -0.256338, 0.018503, -0.96641, 0.076727, 0.0, 0.0, 0.0, 1.0],
                [0.966576, -0.0, -0.256382, -0.474258, -0.004744, -0.999829, -0.017884, -0.525356, -0.256338, 0.018503, -0.96641, 0.076727, 0.0, 0.0, 0.0, 1.0],
                [0.966576, -0.0, -0.256382, -0.474258, -0.004744, -0.999829, -0.017884, -0.525356, -0.256338, 0.018503, -0.96641, 0.076727, 0.0, 0.0, 0.0, 1.0],
                [0.966576, -0.0, -0.256382, -0.474258, -0.004744, -0.999829, -0.017884, -0.525356, -0.256338, 0.018503, -0.96641, 0.076727, 0.0, 0.0, 0.0, 1.0],
                [0.966576, -0.0, -0.256382, -0.474258, -0.004744, -0.999829, -0.017884, -0.525356, -0.256338, 0.018503, -0.96641, 0.076727, 0.0, 0.0, 0.0, 1.0],
                [0.966576, -0.0, -0.256382, -0.474258, -0.004744, -0.999829, -0.017884, -0.525356, -0.256338, 0.018503, -0.96641, 0.076727, 0.0, 0.0, 0.0, 1.0],
                [0.966576, -0.0, -0.256382, -0.474258, -0.004744, -0.999829, -0.017884, -0.525356, -0.256338, 0.018503, -0.96641, 0.076727, 0.0, 0.0, 0.0, 1.0],
                [0.966576, -0.0, -0.256382, -0.474258, -0.004744, -0.999829, -0.017884, -0.525356, -0.256338, 0.018503, -0.96641, 0.076727, 0.0, 0.0, 0.0, 1.0],
                [0.966576, -0.0, -0.256382, -0.474258, -0.004744, -0.999829, -0.017884, -0.525356, -0.256338, 0.018503, -0.96641, 0.076727, 0.0, 0.0, 0.0, 1.0],
                [0.966576, -0.0, -0.256382, -0.474258, -0.004744, -0.999829, -0.017884, -0.525356, -0.256338, 0.018503, -0.96641, 0.076727, 0.0, 0.0, 0.0, 1.0],
                [0.966576, -0.0, -0.256382, -0.474258, -0.004744, -0.999829, -0.017884, -0.525356, -0.256338, 0.018503, -0.96641, 0.076727, 0.0, 0.0, 0.0, 1.0],
                [0.966576, -0.0, -0.256382, -0.474258, -0.004744, -0.999829, -0.017884, -0.525356, -0.256338, 0.018503, -0.96641, 0.076727, 0.0, 0.0, 0.0, 1.0],
                [0.966576, -0.0, -0.256382, -0.474258, -0.004744, -0.999829, -0.017884, -0.525356, -0.256338, 0.018503, -0.96641, 0.076727, 0.0, 0.0, 0.0, 1.0],
                [0.966576, -0.0, -0.256382, -0.474258, -0.004744, -0.999829, -0.017884, -0.525356, -0.256338, 0.018503, -0.96641, 0.076727, 0.0, 0.0, 0.0, 1.0],
                [0.966576, -0.0, -0.256382, -0.474258, -0.004744, -0.999829, -0.017884, -0.525356, -0.256338, 0.018503, -0.96641, 0.076727, 0.0, 0.0, 0.0, 1.0],
                [0.966576, -0.0, -0.256382, -0.474258, -0.004744, -0.999829, -0.017884, -0.525356, -0.256338, 0.018503, -0.96641, 0.076727, 0.0, 0.0, 0.0, 1.0],
                [0.966576, -0.0, -0.256382, -0.474258, -0.004744, -0.999829, -0.017884, -0.525356, -0.256338, 0.018503, -0.96641, 0.076727, 0.0, 0.0, 0.0, 1.0],
                [0.966576, -0.0, -0.256382, -0.474258, -0.004744, -0.999829, -0.017884, -0.525356, -0.256338, 0.018503, -0.96641, 0.076727, 0.0, 0.0, 0.0, 1.0],
                [0.966576, -0.0, -0.256382, -0.474258, -0.004744, -0.999829, -0.017884, -0.525356, -0.256338, 0.018503, -0.96641, 0.076727, 0.0, 0.0, 0.0, 1.0],
                [0.966576, -0.0, -0.256382, -0.474258, -0.004744, -0.999829, -0.017884, -0.525356, -0.256338, 0.018503, -0.96641, 0.076727, 0.0, 0.0, 0.0, 1.0],
                [0.966576, -0.0, -0.256382, -0.474258, -0.004744, -0.999829, -0.017884, -0.525356, -0.256338, 0.018503, -0.96641, 0.076727, 0.0, 0.0, 0.0, 1.0],
                [0.966576, -0.0, -0.256382, -0.474258, -0.004744, -0.999829, -0.017884, -0.525356, -0.256338, 0.018503, -0.96641, 0.076727, 0.0, 0.0, 0.0, 1.0],
                [0.966576, -0.0, -0.256382, -0.474258, -0.004744, -0.999829, -0.017884, -0.525356, -0.256338, 0.018503, -0.96641, 0.076727, 0.0, 0.0, 0.0, 1.0],
                [0.966576, -0.0, -0.256382, -0.474258, -0.004744, -0.999829, -0.017884, -0.525356, -0.256338, 0.018503, -0.96641, 0.076727, 0.0, 0.0, 0.0, 1.0],
                [0.966576, -0.0, -0.256382, -0.474258, -0.004744, -0.999829, -0.017884, -0.525356, -0.256338, 0.018503, -0.96641, 0.076727, 0.0, 0.0, 0.0, 1.0],
                [0.966576, -0.0, -0.256382, -0.474258, -0.004744, -0.999829, -0.017884, -0.525356, -0.256338, 0.018503, -0.96641, 0.076727, 0.0, 0.0, 0.0, 1.0],
