{
    "animation": [
        {
            "name": "Root",
            "time": [0.0, 0.0167, 0.0333, 0.05, 0.0667, 0.0833, 0.1, 0.1167, 0.1333, 0.15, 0.1667, 0.1833, 0.2, 0.2167, 0.2333, 0.25, 0.2667, 0.2833, 0.3, 0.3167, 0.3333, 0.35, 0.3667, 0.3833, 0.4, 0.4167, 0.4333, 0.45, 0.4667, 0.4833, 0.5, 0.5167, 0.5333, 0.55, 0.5667, 0.5833, 0.6, 0.6167, 0.6333, 0.65, 0.6667, 0.6833, 0.7, 0.7167, 0.7333, 0.75, 0.7667, 0.7833, 0.8, 0.8167, 0.8333, 0.85, 0.8667, 0.8833, 0.9, 0.9167, 0.9333, 0.95, 0.9667, 0.9833, 1.0, 1.0167, 1.0333, 1.05, 1.0667, 1.0833, 1.1, 1.1167, 1.1333, 1.15, 1.1667, 1.1833, 1.2, 1.2167, 1.2333, 1.25, 1.2667, 1.2833, 1.3, 1.3167, 1.3333, 1.35, 1.3667, 1.3833, 1.4, 1.4167, 1.4333, 1.45, 1.4667, 1.4833, 1.5, 1.5167, 1.5333, 1.55, 1.5667, 1.5833, 1.6, 1.6167, 1.6333, 1.65, 1.6667, 1.6833, 1.7, 1.7167, 1.7333, 1.75, 1.7667, 1.7833, 1.8, 1.8167, 1.8333, 1.85, 1.8667, 1.8833, 1.9, 1.9167, 1.9333, 1.95, 1.9667, 1.9833, 2.0, 2.0167, 2.0333, 2.05, 2.0667, 2.0833, 2.1, 2.1167, 2.1333, 2.15, 2.1667, 2.1833, 2.2, 2.2167, 2.2333, 2.25, 2.2667, 2.2833, 2.3, 2.3167, 2.3333, 2.35, 2.3667, 2.3833, 2.4, 2.4167, 2.4333, 2.45, 2.4667, 2.4833, 2.5, 2.5167, 2.5333, 2.55, 2.5667, 2.5833, 2.6, 2.6167, 2.6333, 2.65, 2.6667, 2.6833, 2.7, 2.7167, 2.7333, 2.75, 2.7667, 2.7833, 2.8, 2.8167, 2.8333, 2.85, 2.8667, 2.8833, 2.9, 2.9167, 2.9333, 2.95, 2.9667, 2.9833, 3.0, 3.0167, 3.0333, 3.05, 3.0667, 3.0833, 3.1, 3.1167, 3.1333, 3.15, 3.1667, 3.1833, 3.2, 3.2167, 3.2333, 3.25, 3.2667, 3.2833, 3.3, 3.3167, 3.3333, 3.35, 3.3667, 3.3833, 3.4, 3.4167, 3.4333, 3.45, 3.4667, 3.4833, 3.5, 3.5167, 3.5333, 3.55, 3.5667, 3.5833, 3.6, 3.6167, 3.6333, 3.65, 3.6667, 3.6833, 3.7, 3.7167, 3.7333, 3.75, 3.7667, 3.7833, 3.8, 3.8167, 3.8333, 3.85, 3.8667, 3.8833, 3.9, 3.9167, 3.9333, 3.95, 3.9667, 3.9833, 4.0, 4.0167, 4.0333, 4.05, 4.0667, 4.0833, 4.1, 4.1167, 4.1333, 4.15, 4.1667],
            "transform": [
                [1.0, 0.0, 0.0, -5e-06, 0.0, 0.0, -1.0, 0.000946, 0.0, 1.0, 0.0, 0.420562, 0.0, 0.0, 0.0, 1.0],
                [1.0, 0.0, 0.0, -5e-06, 0.0, 0.0, -1.0, 0.000946, 0.0, 1.0, 0.0, 0.420562, 0.0, 0.0, 0.0, 1.0],
                [1.0, 0.0, 0.0, -5e-06, 0.0, 0.0, -1.0, 0.000946, 0.0, 1.0, 0.0, 0.420562, 0.0, 0.0, 0.0, 1.0],
                [1.0, 0.0, 0.0, -5e-06, 0.0, 0.0, -1.0, 0.000946, 0.0, 1.0, 0.0, 0.420562, 0.0, 0.0, 0.0, 1.0],
                [1.0, 0.0, 0.0, -5e-06, 0.0, 0.0, -1.0, 0.000946, 0.0, 1.0, 0.0, 0.420562, 0.0, 0.0, 0.0, 1.0],
                [1.0, 0.0, 0.0, -5e-06, 0.0, 0.0, -1.0, 0.000946, 0.0, 1.0, 0.0, 0.420562, 0.0, 0.0, 0.0, 1.0],
                [1.0, 0.0, 0.0, -5e-06, 0.0, 0.0, -1.0, 0.000946, 0.0, 1.0, 0.0, 0.420562, 0.0, 0.0, 0.0, 1.0],
                [1.0, 0.0, 0.0, -5e-06, 0.0, 0.0, -1.0, 0.000946, 0.0, 1.0, 0.0, 0.420562, 0.0, 0.0, 0.0, 1.0],
                [1.0, 0.0, 0.0, -5e-06, 0.0, 0.0, -1.0, 0.000946, 0.0, 1.0, 0.0, 0.420861, 0.0, 0.0, 0.0, 1.0],
                [1.0, 0.0, 0.0, -5e-06, 0.0, 0.0, -1.0, 0.000946, 0.0, 1.0, 0.0, 0.421762, 0.0, 0.0, 0.0, 1.0],
                [1.0, 0.0, 0.0, -5e-06, 0.0, 0.0, -1.0, 0.000946, 0.0, 1.0, 0.0, 0.423271, 0.0, 0.0, 0.0, 1.0],
                [1.0, 0.0, 0.0, -5e-06, 0.0, 0.0, -1.0, 0.000946, 0.0, 1.0, 0.0, 0.42539, 0.0, 0.0, 0.0, 1.0],
                [1.0, 0.0, 0.0, -5e-06, 0.0, 0.0, -1.0, 0.000946, 0.0, 1.0, 0.0, 0.428126, 0.0, 0.0, 0.0, 1.0],
                [1.0, 0.0, 0.0, -5e-06, 0.0, 0.0, -1.0, 0.000946, 0.0, 1.0, 0.0, 0.431483, 0.0, 0.0, 0.0, 1.0],
                [1.0, 0.0, 0.0, -5e-06, 0.0, 0.0, -1.0, 0.000946, 0.0, 1.0, 0.0, 0.435466, 0.0, 0.0, 0.0, 1.0],
                [1.0, 0.0, 0.0, -5e-06, 0.0, 0.0, -1.0, 0.000946, 0.0, 1.0, 0.0, 0.44008, 0.0, 0.0, 0.0, 1.0],
                [1.0, 0.0, 0.0, -5e-06, 0.0, 0.0, -1.0, 0.000946, 0.0, 1.0, 0.0, 0.445328, 0.0, 0.0, 0.0, 1.0],
                [1.0, 0.0, 0.0, -5e-06, 0.0, 0.0, -1.0, 0.000946, 0.0, 1.0, 0.0, 0.451217, 0.0, 0.0, 0.0, 1.0],
                [1.0, 0.0, 0.0, -5e-06, 0.0, 0.0, -1.0, 0.000946, 0.0, 1.0, 0.0, 0.457751, 0.0, 0.0, 0.0, 1.0],
                [1.0, 0.0, 0.0, -5e-06, 0.0, 0.0, -1.0, 0.000946, 0.0, 1.0, 0.0, 0.464935, 0.0, 0.0, 0.0, 1.0],
                [1.0, 0.0, 0.0, -5e-06, 0.0, 0.0, -1.0, 0.000946, 0.0, 1.0, 0.0, 0.472773, 0.0, 0.0, 0.0, 1.0],
                [1.0, 0.0, 0.0, -5e-06, 0.0, 0.0, -1.0, 0.000946, 0.0, 1.0, 0.0, 0.48127, 0.0, 0.0, 0.0, 1.0],
                [1.0, 0.0, 0.0, -5e-06, 0.0, 0.0, -1.0, 0.000946, 0.0, 1.0, 0.0, 0.490431, 0.0, 0.0, 0.0, 1.0],
                [1.0, 0.0, 0.0, -5e-06, 0.0, 0.0, -1.0, 0.000946, 0.0, 1.0, 0.0, 0.50026, 0.0, 0.0, 0.0, 1.0],
                [1.0, 0.0, 0.0, -5e-06, 0.0, 0.0, -1.0, 0.000946, 0.0, 1.0, 0.0, 0.510764, 0.0, 0.0, 0.0, 1.0],
                [1.0, 0.0, 0.0, -5e-06, 0.0, 0.0, -1.0, 0.000946, 0.0, 1.0, 0.0, 0.521945, 0.0, 0.0, 0.0, 1.0],
                [1.0, 0.0, 0.0, -5e-06, 0.0, 0.0, -1.0, 0.000946, 0.0, 1.0, 0.0, 0.53381, 0.0, 0.0, 0.0, 1.0],
                [1.0, 0.0, 0.0, -5e-06, 0.0, 0.0, -1.0, 0.000946, 0.0, 1.0, 0.0, 0.546362, 0.0, 0.0, 0.0, 1.0],
                [1.0, 0.0, 0.0, -5e-06, 0.0, 0.0, -1.0, 0.000946, 0.0, 1.0, 0.0, 0.559571, 0.0, 0.0, 0.0, 1.0],
                [1.0, 0.0, 0.0, -5e-06, 0.0, 0.0, -1.0, 0.000946, 0.0, 1.0, 0.0, 0.573266, 0.0, 0.0, 0.0, 1.0],
                [1.0, 0.0, 0.0, -5e-06, 0.0, 0.0, -1.0, 0.000946, 0.0, 1.0, 0.0, 0.58724, 0.0, 0.0, 0.0, 1.0],
                [1.0, 0.0, 0.0, -5e-06, 0.0, 0.0, -1.0, 0.000946, 0.0, 1.0, 0.0, 0.601285, 0.0, 0.0, 0.0, 1.0],
                [1.0, 0.0, 0.0, -5e-06, 0.0, 0.0, -1.0, 0.000946, 0.0, 1.0, 0.0, 0.615195, 0.0, 0.0, 0.0, 1.0],
                [1.0, 0.0, 0.0, -5e-06, 0.0, 0.0, -1.0, 0.000946, 0.0, 1.0, 0.0, 0.628763, 0.0, 0.0, 0.0, 1.0],
                [1.0, 0.0, 0.0, -5e-06, 0.0, 0.0, -1.0, 0.000946, 0.0, 1.0, 0.0, 0.641781, 0.0, 0.0, 0.0, 1.0],
                [1.0, 0.0, 0.0, -5e-06, 0.0, 0.0, -1.0, 0.000946, 0.0, 1.0, 0.0, 0.654042, 0.0, 0.0, 0.0, 1.0],
                [1.0, 0.0, 0.0, -5e-06, 0.0, 0.0, -1.0, 0.000946, 0.0, 1.0, 0.0, 0.665341, 0.0, 0.0, 0.0, 1.0],
                [1.0, 0.0, 0.0, -5e-06, 0.0, 0.0, -1.0, 0.000946, 0.0, 1.0, 0.0, 0.675469, 0.0, 0.0, 0.0, 1.0],
                [1.0, 0.0, 0.0, -5e-06, 0.0, 0.0, -1.0, 0.000946, 0.0, 1.0, 0.0, 0.68422, 0.0, 0.0, 0.0, 1.0],
                [1.0, 0.0, 0.0, -5e-06, 0.0, 0.0, -1.0, 0.000946, 0.0, 1.0, 0.0, 0.691386, 0.0, 0.0, 0.0, 1.0],
                [1.0, 0.0, 0.0, -5e-06, 0.0, 0.0, -1.0, 0.000946, 0.0, 1.0, 0.0, 0.696761, 0.0, 0.0, 0.0, 1.0],
                [1.0, 0.0, 0.0, -5e-06, 0.0, 0.0, -1.0, 0.000946, 0.0, 1.0, 0.0, 0.700138, 0.0, 0.0, 0.0, 1.0],
                [1.0, 0.0, 0.0, -5e-06, 0.0, 0.0, -1.0, 0.000946, 0.0, 1.0, 0.0, 0.70131, 0.0, 0.0, 0.0, 1.0],
                [1.0, 0.0, 0.0, -5e-06, 0.0, 0.0, -1.0, -0.01094, 0.0, 1.0, 0.0, 0.70131, 0.0, 0.0, 0.0, 1.0],
                [1.0, 0.0, 0.0, -5e-06, 0.0, 0.0, -1.0, -0.044989, 0.0, 1.0, 0.0, 0.70131, 0.0, 0.0, 0.0, 1.0],
                [1.0, 0.0, 0.0, -5e-06, 0.0, 0.0, -1.0, -0.09879, 0.0, 1.0, 0.0, 0.70131, 0.0, 0.0, 0.0, 1.0],
                [1.0, 0.0, 0.0, -5e-06, 0.0, 0.0, -1.0, -0.169927, 0.0, 1.0, 0.0, 0.70131, 0.0, 0.0, 0.0, 1.0],
                [1.0, 0.0, 0.0, -5e-06, 0.0, 0.0, -1.0, -0.255989, 0.0, 1.0, 0.0, 0.70131, 0.0, 0.0, 0.0, 1.0],
                [1.0, 0.0, 0.0, -5e-06, 0.0, -0.020348, -0.999793, -0.354238, 0.0, 0.999793, -0.020348, 0.681602, 0.0, 0.0, 0.0, 1.0],
                [1.0, 0.0, 0.0, -5e-06, 0.0, -0.075871, -0.997118, -0.460642, 0.0, 0.997118, -0.075871, 0.62811, 0.0, 0.0, 0.0, 1.0],
                [1.0, 0.0, 0.0, -5e-06, 0.0, -0.158027, -0.987435, -0.570844, 0.0, 0.987435, -0.158027, 0.549279, 0.0, 0.0, 0.0, 1.0],
                [1.0, 0.0, 0.0, -5e-06, 0.0, -0.257212, -0.966355, -0.680486, 0.0, 0.966355, -0.257212, 0.453556, 0.0, 0.0, 0.0, 1.0],
                [1.0, 0.0, 0.0, -5e-06, 0.0, -0.362702, -0.931905, -0.785214, 0.0, 0.931905, -0.362702, 0.349387, 0.0, 0.0, 0.0, 1.0],
                [1.0, 0.0, 0.0, -5e-06, 0.0, -0.463725, -0.885979, -0.88067, 0.0, 0.885979, -0.463725, 0.245218, 0.0, 0.0, 0.0, 1.0],
                [1.0, 0.0, 0.0, -5e-06, 0.0, -0.551064, -0.834463, -0.962497, 0.0, 0.834463, -0.551064, 0.149495, 0.0, 0.0, 0.0, 1.0],
                [1.0, 0.0, 0.0, -5e-06, 0.0, -0.618151, -0.78606, -1.026339, 0.0, 0.78606, -0.618151, 0.070664, 0.0, 0.0, 0.0, 1.0],
                [1.0, 0.0, 0.0, -5e-06, 0.0, -0.660873, -0.750497, -1.067839, 0.0, 0.750497, -0.660873, 0.017172, 0.0, 0.0, 0.0, 1.0],
                [1.0, 0.0, 0.0, -5e-06, 0.0, -0.676008, -0.736895, -1.08264, 0.0, 0.736895, -0.676008, -0.002536, 0.0, 0.0, 0.0, 1.0],
                [1.0, 0.0, 0.0, -5e-06, 0.0, -0.676008, -0.736895, -1.08264, 0.0, 0.736895, -0.676008, 0.001811, 0.0, 0.0, 0.0, 1.0],
                [1.0, 0.0, 0.0, -5e-06, 0.0, -0.676008, -0.736895, -1.08264, 0.0, 0.736895, -0.676008, 0.012177, 0.0, 0.0, 0.0, 1.0],
                [1.0, 0.0, 0.0, -5e-06, 0.0, -0.676008, -0.736895, -1.08264, 0.0, 0.736895, -0.676008, 0.024548, 0.0, 0.0, 0.0, 1.0],
                [1.0, 0.0, 0.0, -5e-06, 0.0, -0.676008, -0.736895, -1.08264, 0.0, 0.736895, -0.676008, 0.034914, 0.0, 0.0, 0.0, 1.0],
                [1.0, 0.0, 0.0, -5e-06, 0.0, -0.676008, -0.736895, -1.08264, 0.0, 0.736895, -0.676008, 0.03926, 0.0, 0.0, 0.0, 1.0],
                [1.0, 0.0, 0.0, -5e-06, 0.0, -0.676008, -0.736895, -1.08264, 0.0, 0.736895, -0.676008, 0.03926, 0.0, 0.0, 0.0, 1.0],
                [1.0, 0.0, 0.0, -5e-06, 0.0, -0.676008, -0.736895, -1.08264, 0.0, 0.736895, -0.676008, 0.03926, 0.0, 0.0, 0.0, 1.0],
                [1.0, 0.0, 0.0, -5e-06, 0.0, -0.676008, -0.736895, -1.08264, 0.0, 0.736895, -0.676008, 0.03926, 0.0, 0.0, 0.0, 1.0],
                [1.0, 0.0, 0.0, -5e-06, 0.0, -0.676008, -0.736895, -1.08264, 0.0, 0.736895, -0.676008, 0.03926, 0.0, 0.0, 0.0, 1.0],
                [1.0, 0.0, 0.0, -5e-06, 0.0, -0.676008, -0.736895, -1.08264, 0.0, 0.736895, -0.676008, 0.03926, 0.0, 0.0, 0.0, 1.0],
                [1.0, 0.0, 0.0, -5e-06, 0.0, -0.676008, -0.736895, -1.08264, 0.0, 0.736895, -0.676008, 0.03926, 0.0, 0.0, 0.0, 1.0],
                [1.0, 0.0, 0.0, -5e-06, 0.0, -0.676008, -0.736895, -1.08264, 0.0, 0.736895, -0.676008, 0.03926, 0.0, 0.0, 0.0, 1.0],
                [1.0, 0.0, 0.0, -5e-06, 0.0, -0.676008, -0.736895, -1.08264, 0.0, 0.736895, -0.676008, 0.03926, 0.0, 0.0, 0.0, 1.0],
                [1.0, 0.0, 0.0, -5e-06, 0.0, -0.676008, -0.736895, -1.08264, 0.0, 0.736895, -0.676008, 0.03926, 0.0, 0.0, 0.0, 1.0],
                [1.0, 0.0, 0.0, -5e-06, 0.0, -0.676008, -0.736895, -1.08264, 0.0, 0.736895, -0.676008, 0.03926, 0.0, 0.0, 0.0, 1.0],
                [1.0, 0.0, 0.0, -5e-06, 0.0, -0.676008, -0.736895, -1.08264, 0.0, 0.736895, -0.676008, 0.03926, 0.0, 0.0, 0.0, 1.0],
                [1.0, 0.0, 0.0, -5e-06, 0.0, -0.676008, -0.736895, -1.08264, 0.0, 0.736895, -0.676008, 0.03926, 0.0, 0.0, 0.0, 1.0],
                [1.0, 0.0, 0.0, -5e-06, 0.0, -0.676008, -0.736895, -1.08264, 0.0, 0.736895, -0.676008, 0.03926, 0.0, 0.0, 0.0, 1.0],
                [1.0, 0.0, 0.0, -5e-06, 0.0, -0.676008, -0.736895, -1.08264, 0.0, 0.736895, -0.676008, 0.03926, 0.0, 0.0, 0.0, 1.0],
                [1.0, 0.0, 0.0, -5e-06, 0.0, -0.676008, -0.736895, -1.08264, 0.0, 0.736895, -0.676008, 0.03926, 0.0, 0.0, 0.0, 1.0],
                [1.0, 0.0, 0.0, -5e-06, 0.0, -0.676008, -0.736895, -1.08264, 0.0, 0.736895, -0.676008, 0.03926, 0.0, 0.0, 0.0, 1.0],
                [1.0, 0.0, 0.0, -5e-06, 0.0, -0.676008, -0.736895, -1.08264, 0.0, 0.736895, -0.676008, 0.03926, 0.0, 0.0, 0.0, 1.0],
                [1.0, 0.0, 0.0, -5e-06, 0.0, -0.676008, -0.736895, -1.08264, 0.0, 0.736895, -0.676008, 0.03926, 0.0, 0.0, 0.0, 1.0],
                [1.0, 0.0, 0.0, -5e-06, 0.0, -0.676008, -0.736895, -1.08264, 0.0, 0.736895, -0.676008, 0.03926, 0.0, 0.0, 0.0, 1.0],
                [1.0, 0.0, 0.0, -5e-06, 0.0, -0.676008, -0.736895, -1.08264, 0.0, 0.736895, -0.676008, 0.03926, 0.0, 0.0, 0.0, 1.0],
                [1.0, 0.0, 0.0, -5e-06, 0.0, -0.676008, -0.736895, -1.08264, 0.0, 0.736895, -0.676008, 0.03926, 0.0, 0.0, 0.0, 1.0],
                [1.0, 0.0, 0.0, -5e-06, 0.0, -0.676008, -0.736895, -1.08264, 0.0, 0.736895, -0.676008, 0.03926, 0.0, 0.0, 0.0, 1.0],
                [1.0, 0.0, 0.0, -5e-06, 0.0, -0.676008, -0.736895, -1.08264, 0.0, 0.736895, -0.676008, 0.03926, 0.0, 0.0, 0.0, 1.0],
                [1.0, 0.0, 0.0, -5e-06, 0.0, -0.676008, -0.736895, -1.08264, 0.0, 0.736895, -0.676008, 0.03926, 0.0, 0.0, 0.0, 1.0],
                [1.0, 0.0, 0.0, -5e-06, 0.0, -0.676008, -0.736895, -1.08264, 0.0, 0.736895, -0.676008, 0.03926, 0.0, 0.0, 0.0, 1.0],
                [1.0, 0.0, 0.0, -5e-06, 0.0, -0.676008, -0.736895, -1.08264, 0.0, 0.736895, -0.676008, 0.03926, 0.0, 0.0, 0.0, 1.0],
                [1.0, 0.0, 0.0, -5e-06, 0.0, -0.676008, -0.736895, -1.08264, 0.0, 0.736895, -0.676008, 0.03926, 0.0, 0.0, 0.0, 1.0],
                [1.0, 0.0, 0.0, -5e-06, 0.0, -0.676008, -0.736895, -1.08264, 0.0, 0.736895, -0.676008, 0.03926, 0.0, 0.0, 0.0, 1.0],
                [1.0, 0.0, 0.0, -5e-06, 0.0, -0.676008, -0.736895, -1.08264, 0.0, 0.736895, -0.676008, 0.03926, 0.0, 0.0, 0.0, 1.0],
                [1.0, 0.0, 0.0, -5e-06, 0.0, -0.676008, -0.736895, -1.08264, 0.0, 0.736895, -0.676008, 0.03926, 0.0, 0.0, 0.0, 1.0],
                [1.0, 0.0, 0.0, -5e-06, 0.0, -0.676008, -0.736895, -1.08264, 0.0, 0.736895, -0.676008, 0.03926, 0.0, 0.0, 0.0, 1.0],
                [1.0, 0.0, 0.0, -5e-06, 0.0, -0.676008, -0.736895, -1.08264, 0.0, 0.736895, -0.676008, 0.03926, 0.0, 0.0, 0.0, 1.0],
                [1.0, 0.0, 0.0, -5e-06, 0.0, -0.676008, -0.736895, -1.08264, 0.0, 0.736895, -0.676008, 0.03926, 0.0, 0.0, 0.0, 1.0],
                [1.0, 0.0, 0.0, -5e-06, 0.0, -0.676008, -0.736895, -1.08264, 0.0, 0.736895, -0.676008, 0.03926, 0.0, 0.0, 0.0, 1.0],
                [1.0, 0.0, 0.0, -5e-06, 0.0, -0.676008, -0.736895, -1.08264, 0.0, 0.736895, -0.676008, 0.03926, 0.0, 0.0, 0.0, 1.0],
                [1.0, 0.0, 0.0, -5e-06, 0.0, -0.676008, -0.736895, -1.08264, 0.0, 0.736895, -0.676008, 0.03926, 0.0, 0.0, 0.0, 1.0],
                [1.0, 0.0, 0.0, -5e-06, 0.0, -0.676008, -0.736895, -1.08264, 0.0, 0.736895, -0.676008, 0.03926, 0.0, 0.0, 0.0, 1.0],
                [1.0, 0.0, 0.0, -5e-06, 0.0, -0.676008, -0.736895, -1.08264, 0.0, 0.736895, -0.676008, 0.03926, 0.0, 0.0, 0.0, 1.0],
                [1.0, 0.0, 0.0, -5e-06, 0.0, -0.676008, -0.736895, -1.08264, 0.0, 0.736895, -0.676008, 0.03926, 0.0, 0.0, 0.0, 1.0],
                [1.0, 0.0, 0.0, -5e-06, 0.0, -0.676008, -0.736895, -1.08264, 0.0, 0.736895, -0.676008, 0.03926, 0.0, 0.0, 0.0, 1.0],
                [1.0, 0.0, 0.0, -5e-06, 0.0, -0.676008, -0.736895, -1.08264, 0.0, 0.736895, -0.676008, 0.03926, 0.0, 0.0, 0.0, 1.0],
                [1.0, 0.0, 0.0, -5e-06, 0.0, -0.676008, -0.736895, -1.08264, 0.0, 0.736895, -0.676008, 0.03926, 0.0, 0.0, 0.0, 1.0],
                [1.0, 0.0, 0.0, -5e-06, 0.0, -0.676008, -0.736895, -1.08264, 0.0, 0.736895, -0.676008, 0.03926, 0.0, 0.0, 0.0, 1.0],
                [1.0, 0.0, 0.0, -5e-06, 0.0, -0.676008, -0.736895, -1.08264, 0.0, 0.736895, -0.676008, 0.03926, 0.0, 0.0, 0.0, 1.0],
                [1.0, 0.0, 0.0, -5e-06, 0.0, -0.676008, -0.736895, -1.08264, 0.0, 0.736895, -0.676008, 0.03926, 0.0, 0.0, 0.0, 1.0],
                [1.0, 0.0, 0.0, -5e-06, 0.0, -0.676008, -0.736895, -1.08264, 0.0, 0.736895, -0.676008, 0.03926, 0.0, 0.0, 0.0, 1.0],
                [1.0, 0.0, 0.0, -5e-06, 0.0, -0.676008, -0.736895, -1.08264, 0.0, 0.736895, -0.676008, 0.03926, 0.0, 0.0, 0.0, 1.0],
                [1.0, 0.0, 0.0, -5e-06, 0.0, -0.676008, -0.736895, -1.08264, 0.0, 0.736895, -0.676008, 0.03926, 0.0, 0.0, 0.0, 1.0],
                [1.0, 0.0, 0.0, -5e-06, 0.0, -0.676008, -0.736895, -1.08264, 0.0, 0.736895, -0.676008, 0.03926, 0.0, 0.0, 0.0, 1.0],
                [1.0, 0.0, 0.0, -5e-06, 0.0, -0.676008, -0.736895, -1.08264, 0.0, 0.736895, -0.676008, 0.03926, 0.0, 0.0, 0.0, 1.0],
                [1.0, 0.0, 0.0, -5e-06, 0.0, -0.676008, -0.736895, -1.08264, 0.0, 0.736895, -0.676008, 0.03926, 0.0, 0.0, 0.0, 1.0],
                [1.0, 0.0, 0.0, -5e-06, 0.0, -0.676008, -0.736895, -1.08264, 0.0, 0.736895, -0.676008, 0.03926, 0.0, 0.0, 0.0, 1.0],
                [1.0, 0.0, 0.0, -5e-06, 0.0, -0.676008, -0.736895, -1.08264, 0.0, 0.736895, -0.676008, 0.03926, 0.0, 0.0, 0.0, 1.0],
                [1.0, 0.0, 0.0, -5e-06, 0.0, -0.676008, -0.736895, -1.08264, 0.0, 0.736895, -0.676008, 0.03926, 0.0, 0.0, 0.0, 1.0],
                [1.0, 0.0, 0.0, -5e-06, 0.0, -0.676008, -0.736895, -1.08264, 0.0, 0.736895, -0.676008, 0.03926, 0.0, 0.0, 0.0, 1.0],
                [1.0, 0.0, 0.0, -5e-06, 0.0, -0.676008, -0.736895, -1.08264, 0.0, 0.736895, -0.676008, 0.03926, 0.0, 0.0, 0.0, 1.0],
                [1.0, 0.0, 0.0, -5e-06, 0.0, -0.676008, -0.736895, -1.08264, 0.0, 0.736895, -0.676008, 0.03926, 0.0, 0.0, 0.0, 1.0],
                [1.0, 0.0, 0.0, -5e-06, 0.0, -0.676008, -0.736895, -1.08264, 0.0, 0.736895, -0.676008, 0.03926, 0.0, 0.0, 0.0, 1.0],
                [1.0, 0.0, 0.0, -5e-06, 0.0, -0.676008, -0.736895, -1.08264, 0.0, 0.736895, -0.676008, 0.03926, 0.0, 0.0, 0.0, 1.0],
                [1.0, 0.0, 0.0, -5e-06, 0.0, -0.676008, -0.736895, -1.08264, 0.0, 0.736895, -0.676008, 0.03926, 0.0, 0.0, 0.0, 1.0],
                [1.0, 0.0, 0.0, -5e-06, 0.0, -0.676008, -0.736895, -1.08264, 0.0, 0.736895, -0.676008, 0.03926, 0.0, 0.0, 0.0, 1.0],
                [1.0, 0.0, 0.0, -5e-06, 0.0, -0.676008, -0.736895, -1.08264, 0.0, 0.736895, -0.676008, 0.03926, 0.0, 0.0, 0.0, 1.0],
                [1.0, 0.0, 0.0, -5e-06, 0.0, -0.676008, -0.736895, -1.08264, 0.0, 0.736895, -0.676008, 0.03926, 0.0, 0.0, 0.0, 1.0],
                [1.0, 0.0, 0.0, -5e-06, 0.0, -0.676008, -0.736895, -1.08264, 0.0, 0.736895, -0.676008, 0.03926, 0.0, 0.0, 0.0, 1.0],
                [1.0, 0.0, 0.0, -5e-06, 0.0, -0.676008, -0.736895, -1.08264, 0.0, 0.736895, -0.676008, 0.03926, 0.0, 0.0, 0.0, 1.0],
                [1.0, 0.0, 0.0, -5e-06, 0.0, -0.676008, -0.736895, -1.08264, 0.0, 0.736895, -0.676008, 0.03926, 0.0, 0.0, 0.0, 1.0],
                [1.0, 0.0, 0.0, -5e-06, 0.0, -0.676008, -0.736895, -1.08264, 0.0, 0.736895, -0.676008, 0.03926, 0.0, 0.0, 0.0, 1.0],
                [1.0, 0.0, 0.0, -5e-06, 0.0, -0.676008, -0.736895, -1.08264, 0.0, 0.736895, -0.676008, 0.03926, 0.0, 0.0, 0.0, 1.0],
                [1.0, 0.0, 0.0, -5e-06, 0.0, -0.676008, -0.736895, -1.08264, 0.0, 0.736895, -0.676008, 0.03926, 0.0, 0.0, 0.0, 1.0],
                [1.0, 0.0, 0.0, -5e-06, 0.0, -0.676008, -0.736895, -1.08264, 0.0, 0.736895, -0.676008, 0.03926, 0.0, 0.0, 0.0, 1.0],
                [1.0, 0.0, 0.0, -5e-06, 0.0, -0.676008, -0.736895, -1.08264, 0.0, 0.736895, -0.676008, 0.03926, 0.0, 0.0, 0.0, 1.0],
                [1.0, 0.0, 0.0, -5e-06, 0.0, -0.676008, -0.736895, -1.08264, 0.0, 0.736895, -0.676008, 0.03926, 0.0, 0.0, 0.0, 1.0],
                [1.0, 0.0, 0.0, -5e-06, 0.0, -0.676008, -0.736895, -1.08264, 0.0, 0.736895, -0.676008, 0.03926, 0.0, 0.0, 0.0, 1.0],
                [1.0, 0.0, 0.0, -5e-06, 0.0, -0.676008, -0.736895, -1.08264, 0.0, 0.736895, -0.676008, 0.03926, 0.0, 0.0, 0.0, 1.0],
                [1.0, 0.0, 0.0, -5e-06, 0.0, -0.676008, -0.736895, -1.08264, 0.0, 0.736895, -0.676008, 0.03926, 0.0, 0.0, 0.0, 1.0],
                [1.0, 0.0, 0.0, -5e-06, 0.0, -0.676008, -0.736895, -1.08264, 0.0, 0.736895, -0.676008, 0.03926, 0.0, 0.0, 0.0, 1.0],
                [1.0, 0.0, 0.0, -5e-06, 0.0, -0.676008, -0.736895, -1.083265, 0.0, 0.736895, -0.676008, 0.03926, 0.0, 0.0, 0.0, 1.0],
                [1.0, 0.0, 0.0, -5e-06, 0.0, -0.676008, -0.736895, -1.085065, 0.0, 0.736895, -0.676008, 0.03926, 0.0, 0.0, 0.0, 1.0],
                [1.0, 0.0, 0.0, -5e-06, 0.0, -0.676008, -0.736895, -1.087927, 0.0, 0.736895, -0.676008, 0.03926, 0.0, 0.0, 0.0, 1.0],
                [1.0, 0.0, 0.0, -5e-06, 0.0, -0.676008, -0.736895, -1.091741, 0.0, 0.736895, -0.676008, 0.03926, 0.0, 0.0, 0.0, 1.0],
                [1.0, 0.0, 0.0, -5e-06, 0.0, -0.676008, -0.736895, -1.096394, 0.0, 0.736895, -0.676008, 0.03926, 0.0, 0.0, 0.0, 1.0],
                [1.0, 0.0, 0.0, -5e-06, 0.0, -0.676008, -0.736895, -1.101774, 0.0, 0.736895, -0.676008, 0.03926, 0.0, 0.0, 0.0, 1.0],
                [1.0, 0.0, 0.0, -5e-06, 0.0, -0.676008, -0.736895, -1.10777, 0.0, 0.736895, -0.676008, 0.03926, 0.0, 0.0, 0.0, 1.0],
                [1.0, 0.0, 0.0, -5e-06, 0.0, -0.676008, -0.736895, -1.114269, 0.0, 0.736895, -0.676008, 0.03926, 0.0, 0.0, 0.0, 1.0],
                [1.0, 0.0, 0.0, -5e-06, 0.0, -0.676008, -0.736895, -1.12116, 0.0, 0.736895, -0.676008, 0.03926, 0.0, 0.0, 0.0, 1.0],
                [1.0, 0.0, 0.0, -5e-06, 0.0, -0.676008, -0.736895, -1.128331, 0.0, 0.736895, -0.676008, 0.03926, 0.0, 0.0, 0.0, 1.0],
                [1.0, 0.0, 0.0, -5e-06, 0.0, -0.676008, -0.736895, -1.135669, 0.0, 0.736895, -0.676008, 0.03926, 0.0, 0.0, 0.0, 1.0],
                [1.0, 0.0, 0.0, -5e-06, 0.0, -0.676008, -0.736895, -1.143064, 0.0, 0.736895, -0.676008, 0.03926, 0.0, 0.0, 0.0, 1.0],
                [1.0, 0.0, 0.0, -5e-06, 0.0, -0.676008, -0.736895, -1.150402, 0.0, 0.736895, -0.676008, 0.03926, 0.0, 0.0, 0.0, 1.0],
                [1.0, 0.0, 0.0, -5e-06, 0.0, -0.676008, -0.736895, -1.157573, 0.0, 0.736895, -0.676008, 0.03926, 0.0, 0.0, 0.0, 1.0],
                [1.0, 0.0, 0.0, -5e-06, 0.0, -0.676008, -0.736895, -1.164464, 0.0, 0.736895, -0.676008, 0.03926, 0.0, 0.0, 0.0, 1.0],
                [1.0, 0.0, 0.0, -5e-06, 0.0, -0.676008, -0.736895, -1.170963, 0.0, 0.736895, -0.676008, 0.03926, 0.0, 0.0, 0.0, 1.0],
                [1.0, 0.0, 0.0, -5e-06, 0.0, -0.676008, -0.736895, -1.176959, 0.0, 0.736895, -0.676008, 0.03926, 0.0, 0.0, 0.0, 1.0],
                [1.0, 0.0, 0.0, -5e-06, 0.0, -0.676008, -0.736895, -1.182339, 0.0, 0.736895, -0.676008, 0.03926, 0.0, 0.0, 0.0, 1.0],
                [1.0, 0.0, 0.0, -5e-06, 0.0, -0.676008, -0.736895, -1.186992, 0.0, 0.736895, -0.676008, 0.03926, 0.0, 0.0, 0.0, 1.0],
                [1.0, 0.0, 0.0, -5e-06, 0.0, -0.676008, -0.736895, -1.190806, 0.0, 0.736895, -0.676008, 0.03926, 0.0, 0.0, 0.0, 1.0],
                [1.0, 0.0, 0.0, -5e-06, 0.0, -0.676008, -0.736895, -1.193668, 0.0, 0.736895, -0.676008, 0.03926, 0.0, 0.0, 0.0, 1.0],
                [1.0, 0.0, 0.0, -5e-06, 0.0, -0.676008, -0.736895, -1.195468, 0.0, 0.736895, -0.676008, 0.03926, 0.0, 0.0, 0.0, 1.0],
                [1.0, 0.0, 0.0, -5e-06, 0.0, -0.676008, -0.736895, -1.196093, 0.0, 0.736895, -0.676008, 0.03926, 0.0, 0.0, 0.0, 1.0],
                [1.0, 0.0, 0.0, -5e-06, 0.0, -0.675212, -0.737624, -1.196093, 0.0, 0.737624, -0.675212, 0.039773, 0.0, 0.0, 0.0, 1.0],
                [1.0, 0.0, 0.0, -5e-06, 0.0, -0.672871, -0.73976, -1.196093, 0.0, 0.73976, -0.672871, 0.041281, 0.0, 0.0, 0.0, 1.0],
                [1.0, 0.0, 0.0, -5e-06, 0.0, -0.669048, -0.743219, -1.196093, 0.0, 0.743219, -0.669048, 0.04374, 0.0, 0.0, 0.0, 1.0],
                [1.0, 0.0, 0.0, -5e-06, 0.0, -0.663799, -0.747911, -1.196093, 0.0, 0.747911, -0.663799, 0.047104, 0.0, 0.0, 0.0, 1.0],
                [1.0, 0.0, 0.0, -5e-06, 0.0, -0.657175, -0.753738, -1.196093, 0.0, 0.753738, -0.657175, 0.051329, 0.0, 0.0, 0.0, 1.0],
                [1.0, 0.0, 0.0, -5e-06, 0.0, -0.649222, -0.760599, -1.196093, 0.0, 0.760599, -0.649222, 0.05637, 0.0, 0.0, 0.0, 1.0],
                [1.0, 0.0, 0.0, -5e-06, 0.0, -0.639986, -0.768387, -1.196093, 0.0, 0.768387, -0.639986, 0.062182, 0.0, 0.0, 0.0, 1.0],
                [1.0, 0.0, 0.0, -5e-06, 0.0, -0.629509, -0.776993, -1.196093, 0.0, 0.776993, -0.629509, 0.068719, 0.0, 0.0, 0.0, 1.0],
                [1.0, 0.0, 0.0, -5e-06, 0.0, -0.617836, -0.786307, -1.196093, 0.0, 0.786307, -0.617836, 0.075937, 0.0, 0.0, 0.0, 1.0],
                [1.0, 0.0, 0.0, -5e-06, 0.0, -0.605012, -0.796216, -1.196093, 0.0, 0.796216, -0.605012, 0.083791, 0.0, 0.0, 0.0, 1.0],
                [1.0, 0.0, 0.0, -5e-06, 0.0, -0.591086, -0.806609, -1.196093, 0.0, 0.806609, -0.591086, 0.092236, 0.0, 0.0, 0.0, 1.0],
                [1.0, 0.0, 0.0, -5e-06, 0.0, -0.57611, -0.817372, -1.196093, 0.0, 0.817372, -0.57611, 0.101227, 0.0, 0.0, 0.0, 1.0],
                [1.0, 0.0, 0.0, -5e-06, 0.0, -0.560141, -0.828397, -1.196093, 0.0, 0.828397, -0.560141, 0.110719, 0.0, 0.0, 0.0, 1.0],
                [1.0, 0.0, 0.0, -5e-06, 0.0, -0.543242, -0.839576, -1.196093, 0.0, 0.839576, -0.543242, 0.120667, 0.0, 0.0, 0.0, 1.0],
                [1.0, 0.0, 0.0, -5e-06, 0.0, -0.525478, -0.850807, -1.196093, 0.0, 0.850807, -0.525478, 0.131026, 0.0, 0.0, 0.0, 1.0],
                [1.0, 0.0, 0.0, -5e-06, 0.0, -0.506925, -0.86199, -1.196093, 0.0, 0.86199, -0.506925, 0.141751, 0.0, 0.0, 0.0, 1.0],
                [1.0, 0.0, 0.0, -5e-06, 0.0, -0.487662, -0.873033, -1.196093, 0.0, 0.873033, -0.487662, 0.152798, 0.0, 0.0, 0.0, 1.0],
                [1.0, 0.0, 0.0, -5e-06, 0.0, -0.467772, -0.883849, -1.196093, 0.0, 0.883849, -0.467772, 0.164121, 0.0, 0.0, 0.0, 1.0],
                [1.0, 0.0, 0.0, -5e-06, 0.0, -0.447348, -0.89436, -1.196093, 0.0, 0.89436, -0.447348, 0.175675, 0.0, 0.0, 0.0, 1.0],
                [1.0, 0.0, 0.0, -5e-06, 0.0, -0.426484, -0.904495, -1.196093, 0.0, 0.904495, -0.426484, 0.187416, 0.0, 0.0, 0.0, 1.0],
                [1.0, 0.0, 0.0, -5e-06, 0.0, -0.40528, -0.914193, -1.196093, 0.0, 0.914193, -0.40528, 0.199298, 0.0, 0.0, 0.0, 1.0],
                [1.0, 0.0, 0.0, -5e-06, 0.0, -0.383841, -0.923399, -1.196093, 0.0, 0.923399, -0.383841, 0.211276, 0.0, 0.0, 0.0, 1.0],
                [1.0, 0.0, 0.0, -5e-06, 0.0, -0.362274, -0.932072, -1.196093, 0.0, 0.932072, -0.362274, 0.223306, 0.0, 0.0, 0.0, 1.0],
                [1.0, 0.0, 0.0, -5e-06, 0.0, -0.340688, -0.940176, -1.196093, 0.0, 0.940176, -0.340688, 0.235343, 0.0, 0.0, 0.0, 1.0],
                [1.0, 0.0, 0.0, -5e-06, 0.0, -0.319195, -0.947689, -1.196093, 0.0, 0.947689, -0.319195, 0.247341, 0.0, 0.0, 0.0, 1.0],
                [1.0, 0.0, 0.0, -5e-06, 0.0, -0.297907, -0.954595, -1.196093, 0.0, 0.954595, -0.297907, 0.259256, 0.0, 0.0, 0.0, 1.0],
                [1.0, 0.0, 0.0, -5e-06, 0.0, -0.276937, -0.960888, -1.196093, 0.0, 0.960888, -0.276937, 0.271043, 0.0, 0.0, 0.0, 1.0],
                [1.0, 0.0, 0.0, -5e-06, 0.0, -0.256397, -0.966572, -1.196093, 0.0, 0.966572, -0.256397, 0.282656, 0.0, 0.0, 0.0, 1.0],
                [1.0, 0.0, 0.0, -5e-06, 0.0, -0.236398, -0.971656, -1.196093, 0.0, 0.971656, -0.236398, 0.294052, 0.0, 0.0, 0.0, 1.0],
                [1.0, 0.0, 0.0, -5e-06, 0.0, -0.21705, -0.976161, -1.196093, 0.0, 0.976161, -0.21705, 0.305184, 0.0, 0.0, 0.0, 1.0],
                [1.0, 0.0, 0.0, -5e-06, 0.0, -0.198461, -0.980109, -1.196093, 0.0, 0.980109, -0.198461, 0.316008, 0.0, 0.0, 0.0, 1.0],
                [1.0, 0.0, 0.0, -5e-06, 0.0, -0.180738, -0.983531, -1.196093, 0.0, 0.983531, -0.180738, 0.326479, 0.0, 0.0, 0.0, 1.0],
                [1.0, 0.0, 0.0, -5e-06, 0.0, -0.163984, -0.986463, -1.196093, 0.0, 0.986463, -0.163984, 0.336552, 0.0, 0.0, 0.0, 1.0],
                [1.0, 0.0, 0.0, -5e-06, 0.0, -0.148261, -0.988948, -1.195871, 0.0, 0.988948, -0.148261, 0.346194, 0.0, 0.0, 0.0, 1.0],
                [1.0, 0.0, 0.0, -5e-06, 0.0, -0.133542, -0.991043, -1.195202, 0.0, 0.991043, -0.133542, 0.355419, 0.0, 0.0, 0.0, 1.0],
                [1.0, 0.0, 0.0, -5e-06, 0.0, -0.119806, -0.992797, -1.194081, 0.0, 0.992797, -0.119806, 0.364251, 0.0, 0.0, 0.0, 1.0],
                [1.0, 0.0, 0.0, -5e-06, 0.0, -0.107026, -0.994256, -1.192504, 0.0, 0.994256, -0.107026, 0.372717, 0.0, 0.0, 0.0, 1.0],
                [1.0, 0.0, 0.0, -5e-06, 0.0, -0.095174, -0.995461, -1.190466, 0.0, 0.995461, -0.095174, 0.380841, 0.0, 0.0, 0.0, 1.0],
                [1.0, 0.0, 0.0, -5e-06, 0.0, -0.084219, -0.996447, -1.187963, 0.0, 0.996447, -0.084219, 0.38865, 0.0, 0.0, 0.0, 1.0],
                [1.0, 0.0, 0.0, -5e-06, 0.0, -0.07413, -0.997249, -1.184989, 0.0, 0.997249, -0.07413, 0.396168, 0.0, 0.0, 0.0, 1.0],
                [1.0, 0.0, 0.0, -5e-06, 0.0, -0.064875, -0.997893, -1.181541, 0.0, 0.997893, -0.064875, 0.403421, 0.0, 0.0, 0.0, 1.0],
                [1.0, 0.0, 0.0, -5e-06, 0.0, -0.056418, -0.998407, -1.177613, 0.0, 0.998407, -0.056418, 0.410435, 0.0, 0.0, 0.0, 1.0],
                [1.0, 0.0, 0.0, -5e-06, 0.0, -0.048727, -0.998812, -1.173201, 0.0, 0.998812, -0.048727, 0.417235, 0.0, 0.0, 0.0, 1.0],
                [1.0, 0.0, 0.0, -5e-06, 0.0, -0.041765, -0.999127, -1.168301, 0.0, 0.999127, -0.041765, 0.423846, 0.0, 0.0, 0.0, 1.0],
                [1.0, 0.0, 0.0, -5e-06, 0.0, -0.035498, -0.99937, -1.162907, 0.0, 0.99937, -0.035498, 0.430293, 0.0, 0.0, 0.0, 1.0],
                [1.0, 0.0, 0.0, -5e-06, 0.0, -0.029889, -0.999553, -1.157015, 0.0, 0.999553, -0.029889, 0.436603, 0.0, 0.0, 0.0, 1.0],
                [1.0, 0.0, 0.0, -5e-06, 0.0, -0.024902, -0.99969, -1.150621, 0.0, 0.99969, -0.024902, 0.4428, 0.0, 0.0, 0.0, 1.0],
                [1.0, 0.0, 0.0, -5e-06, 0.0, -0.020501, -0.99979, -1.14372, 0.0, 0.99979, -0.020501, 0.448911, 0.0, 0.0, 0.0, 1.0],
                [1.0, 0.0, 0.0, -5e-06, 0.0, -0.01665, -0.999861, -1.136307, 0.0, 0.999861, -0.01665, 0.454959, 0.0, 0.0, 0.0, 1.0],
                [1.0, 0.0, 0.0, -5e-06, 0.0, -0.013312, -0.999911, -1.128377, 0.0, 0.999911, -0.013312, 0.460972, 0.0, 0.0, 0.0, 1.0],
                [1.0, 0.0, 0.0, -5e-06, 0.0, -0.01045, -0.999945, -1.119927, 0.0, 0.999945, -0.01045, 0.466973, 0.0, 0.0, 0.0, 1.0],
                [1.0, 0.0, 0.0, -5e-06, 0.0, -0.008029, -0.999968, -1.110951, 0.0, 0.999968, -0.008029, 0.47299, 0.0, 0.0, 0.0, 1.0],
                [1.0, 0.0, 0.0, -5e-06, 0.0, -0.006011, -0.999982, -1.101444, 0.0, 0.999982, -0.006011, 0.479046, 0.0, 0.0, 0.0, 1.0],
                [1.0, 0.0, 0.0, -5e-06, 0.0, -0.004361, -0.99999, -1.091403, 0.0, 0.99999, -0.004361, 0.485168, 0.0, 0.0, 0.0, 1.0],
                [1.0, 0.0, 0.0, -5e-06, 0.0, -0.003041, -0.999995, -1.080822, 0.0, 0.999995, -0.003041, 0.491381, 0.0, 0.0, 0.0, 1.0],
                [1.0, 0.0, 0.0, -5e-06, 0.0, -0.002016, -0.999998, -1.069697, 0.0, 0.999998, -0.002016, 0.49771, 0.0, 0.0, 0.0, 1.0],
                [1.0, 0.0, 0.0, -5e-06, 0.0, -0.001248, -0.999999, -1.058024, 0.0, 0.999999, -0.001248, 0.504181, 0.0, 0.0, 0.0, 1.0],
                [1.0, 0.0, 0.0, -5e-06, 0.0, -0.000702, -1.0, -1.045797, 0.0, 1.0, -0.000702, 0.510819, 0.0, 0.0, 0.0, 1.0],
                [1.0, 0.0, 0.0, -5e-06, 0.0, -0.00034, -1.0, -1.033012, 0.0, 1.0, -0.00034, 0.51765, 0.0, 0.0, 0.0, 1.0],
                [1.0, 0.0, 0.0, -5e-06, 0.0, -0.000127, -1.0, -1.019664, 0.0, 1.0, -0.000127, 0.524699, 0.0, 0.0, 0.0, 1.0],
                [1.0, 0.0, 0.0, -5e-06, 0.0, -2.6e-05, -1.0, -1.005749, 0.0, 1.0, -2.6e-05, 0.531991, 0.0, 0.0, 0.0, 1.0],
                [1.0, 0.0, 0.0, -5e-06, 0.0, 0.0, -1.0, -0.991263, 0.0, 1.0, 0.0, 0.539552, 0.0, 0.0, 0.0, 1.0],
                [1.0, 0.0, 0.0, -5e-06, 0.0, 0.0, -1.0, -0.976214, 0.0, 1.0, 0.0, 0.547396, 0.0, 0.0, 0.0, 1.0],
                [1.0, 0.0, 0.0, -5e-06, 0.0, 0.0, -1.0, -0.960672, 0.0, 1.0, 0.0, 0.555491, 0.0, 0.0, 0.0, 1.0],
                [1.0, 0.0, 0.0, -5e-06, 0.0, 0.0, -1.0, -0.944721, 0.0, 1.0, 0.0, 0.563795, 0.0, 0.0, 0.0, 1.0],
                [1.0, 0.0, 0.0, -5e-06, 0.0, 0.0, -1.0, -0.928442, 0.0, 1.0, 0.0, 0.572264, 0.0, 0.0, 0.0, 1.0],
                [1.0, 0.0, 0.0, -5e-06, 0.0, 0.0, -1.0, -0.91192, 0.0, 1.0, 0.0, 0.580856, 0.0, 0.0, 0.0, 1.0],
                [1.0, 0.0, 0.0, -5e-06, 0.0, 0.0, -1.0, -0.895238, 0.0, 1.0, 0.0, 0.589527, 0.0, 0.0, 0.0, 1.0],
                [1.0, 0.0, 0.0, -5e-06, 0.0, 0.0, -1.0, -0.878478, 0.0, 1.0, 0.0, 0.598235, 0.0, 0.0, 0.0, 1.0],
                [1.0, 0.0, 0.0, -5e-06, 0.0, 0.0, -1.0, -0.861725, 0.0, 1.0, 0.0, 0.606937, 0.0, 0.0, 0.0, 1.0],
                [1.0, 0.0, 0.0, -5e-06, 0.0, 0.0, -1.0, -0.845061, 0.0, 1.0, 0.0, 0.615589, 0.0, 0.0, 0.0, 1.0],
                [1.0, 0.0, 0.0, -5e-06, 0.0, 0.0, -1.0, -0.82857, 0.0, 1.0, 0.0, 0.62415, 0.0, 0.0, 0.0, 1.0],
                [1.0, 0.0, 0.0, -5e-06, 0.0, 0.0, -1.0, -0.812334, 0.0, 1.0, 0.0, 0.632575, 0.0, 0.0, 0.0, 1.0],
                [1.0, 0.0, 0.0, -5e-06, 0.0, 0.0, -1.0, -0.796438, 0.0, 1.0, 0.0, 0.640822, 0.0, 0.0, 0.0, 1.0],
                [1.0, 0.0, 0.0, -5e-06, 0.0, 0.0, -1.0, -0.780964, 0.0, 1.0, 0.0, 0.648849, 0.0, 0.0, 0.0, 1.0],
                [1.0, 0.0, 0.0, -5e-06, 0.0, 0.0, -1.0, -0.765996, 0.0, 1.0, 0.0, 0.656611, 0.0, 0.0, 0.0, 1.0],
                [1.0, 0.0, 0.0, -5e-06, 0.0, 0.0, -1.0, -0.751616, 0.0, 1.0, 0.0, 0.664067, 0.0, 0.0, 0.0, 1.0],
                [1.0, 0.0, 0.0, -5e-06, 0.0, 0.0, -1.0, -0.737909, 0.0, 1.0, 0.0, 0.671173, 0.0, 0.0, 0.0, 1.0],
                [1.0, 0.0, 0.0, -5e-06, 0.0, 0.0, -1.0, -0.724956, 0.0, 1.0, 0.0, 0.677887, 0.0, 0.0, 0.0, 1.0],
                [1.0, 0.0, 0.0, -5e-06, 0.0, 0.0, -1.0, -0.712843, 0.0, 1.0, 0.0, 0.684164, 0.0, 0.0, 0.0, 1.0],
                [1.0, 0.0, 0.0, -5e-06, 0.0, 0.0, -1.0, -0.701651, 0.0, 1.0, 0.0, 0.689964, 0.0, 0.0, 0.0, 1.0],
                [1.0, 0.0, 0.0, -5e-06, 0.0, 0.0, -1.0, -0.691464, 0.0, 1.0, 0.0, 0.695241, 0.0, 0.0, 0.0, 1.0],
                [1.0, 0.0, 0.0, -5e-06, 0.0, 0.0, -1.0, -0.682365, 0.0, 1.0, 0.0, 0.699955, 0.0, 0.0, 0.0, 1.0],
                [1.0, 0.0, 0.0, -5e-06, 0.0, 0.0, -1.0, -0.674438, 0.0, 1.0, 0.0, 0.704061, 0.0, 0.0, 0.0, 1.0],
                [1.0, 0.0, 0.0, -5e-06, 0.0, 0.0, -1.0, -0.667765, 0.0, 1.0, 0.0, 0.707517, 0.0, 0.0, 0.0, 1.0],
                [1.0, 0.0, 0.0, -5e-06, 0.0, 0.0, -1.0, -0.66243, 0.0, 1.0, 0.0, 0.710279, 0.0, 0.0, 0.0, 1.0],
                [1.0, 0.0, 0.0, -5e-06, 0.0, 0.0, -1.0, -0.658517, 0.0, 1.0, 0.0, 0.712305, 0.0, 0.0, 0.0, 1.0],
                [1.0, 0.0, 0.0, -5e-06, 0.0, 0.0, -1.0, -0.656107, 0.0, 1.0, 0.0, 0.713553, 0.0, 0.0, 0.0, 1.0],
                [1.0, 0.0, 0.0, -5e-06, 0.0, 0.0, -1.0, -0.655286, 0.0, 1.0, 0.0, 0.713978, 0.0, 0.0, 0.0, 1.0]
            ]
        },
        {
            "name": "Thigh_R",
            "time": [0.0, 0.0167, 0.0333, 0.05, 0.0667, 0.0833, 0.1, 0.1167, 0.1333, 0.15, 0.1667, 0.1833, 0.2, 0.2167, 0.2333, 0.25, 0.2667, 0.2833, 0.3, 0.3167, 0.3333, 0.35, 0.3667, 0.3833, 0.4, 0.4167, 0.4333, 0.45, 0.4667, 0.4833, 0.5, 0.5167, 0.5333, 0.55, 0.5667, 0.5833, 0.6, 0.6167, 0.6333, 0.65, 0.6667, 0.6833, 0.7, 0.7167, 0.7333, 0.75, 0.7667, 0.7833, 0.8, 0.8167, 0.8333, 0.85, 0.8667, 0.8833, 0.9, 0.9167, 0.9333, 0.95, 0.9667, 0.9833, 1.0, 1.0167, 1.0333, 1.05, 1.0667, 1.0833, 1.1, 1.1167, 1.1333, 1.15, 1.1667, 1.1833, 1.2, 1.2167, 1.2333, 1.25, 1.2667, 1.2833, 1.3, 1.3167, 1.3333, 1.35, 1.3667, 1.3833, 1.4, 1.4167, 1.4333, 1.45, 1.4667, 1.4833, 1.5, 1.5167, 1.5333, 1.55, 1.5667, 1.5833, 1.6, 1.6167, 1.6333, 1.65, 1.6667, 1.6833, 1.7, 1.7167, 1.7333, 1.75, 1.7667, 1.7833, 1.8, 1.8167, 1.8333, 1.85, 1.8667, 1.8833, 1.9, 1.9167, 1.9333, 1.95, 1.9667, 1.9833, 2.0, 2.0167, 2.0333, 2.05, 2.0667, 2.0833, 2.1, 2.1167, 2.1333, 2.15, 2.1667, 2.1833, 2.2, 2.2167, 2.2333, 2.25, 2.2667, 2.2833, 2.3, 2.3167, 2.3333, 2.35, 2.3667, 2.3833, 2.4, 2.4167, 2.4333, 2.45, 2.4667, 2.4833, 2.5, 2.5167, 2.5333, 2.55, 2.5667, 2.5833, 2.6, 2.6167, 2.6333, 2.65, 2.6667, 2.6833, 2.7, 2.7167, 2.7333, 2.75, 2.7667, 2.7833, 2.8, 2.8167, 2.8333, 2.85, 2.8667, 2.8833, 2.9, 2.9167, 2.9333, 2.95, 2.9667, 2.9833, 3.0, 3.0167, 3.0333, 3.05, 3.0667, 3.0833, 3.1, 3.1167, 3.1333, 3.15, 3.1667, 3.1833, 3.2, 3.2167, 3.2333, 3.25, 3.2667, 3.2833, 3.3, 3.3167, 3.3333, 3.35, 3.3667, 3.3833, 3.4, 3.4167, 3.4333, 3.45, 3.4667, 3.4833, 3.5, 3.5167, 3.5333, 3.55, 3.5667, 3.5833, 3.6, 3.6167, 3.6333, 3.65, 3.6667, 3.6833, 3.7, 3.7167, 3.7333, 3.75, 3.7667, 3.7833, 3.8, 3.8167, 3.8333, 3.85, 3.8667, 3.8833, 3.9, 3.9167, 3.9333, 3.95, 3.9667, 3.9833, 4.0, 4.0167, 4.0333, 4.05, 4.0667, 4.0833, 4.1, 4.1167, 4.1333, 4.15, 4.1667],
            "transform": [
                [0.970664, 0.202566, -0.129525, 0.124994, 0.210908, -0.976003, 0.054154, -0.002831, -0.115447, -0.079883, -0.990097, -1.2e-05, 0.0, 0.0, 0.0, 1.0],
                [0.970664, 0.202566, -0.129525, 0.124994, 0.210908, -0.976003, 0.054154, -0.002831, -0.115447, -0.079883, -0.990097, -1.2e-05, 0.0, 0.0, 0.0, 1.0],
                [0.970664, 0.202566, -0.129525, 0.124994, 0.210908, -0.976003, 0.054154, -0.002831, -0.115447, -0.079883, -0.990097, -1.2e-05, 0.0, 0.0, 0.0, 1.0],
                [0.970664, 0.202566, -0.129525, 0.124994, 0.210908, -0.976003, 0.054154, -0.002831, -0.115447, -0.079883, -0.990097, -1.2e-05, 0.0, 0.0, 0.0, 1.0],
                [0.970664, 0.202566, -0.129525, 0.124994, 0.210908, -0.976003, 0.054154, -0.002831, -0.115447, -0.079883, -0.990097, -1.2e-05, 0.0, 0.0, 0.0, 1.0],
                [0.970664, 0.202566, -0.129525, 0.124994, 0.210908, -0.976003, 0.054154, -0.002831, -0.115447, -0.079883, -0.990097, -1.2e-05, 0.0, 0.0, 0.0, 1.0],
                [0.970664, 0.202566, -0.129525, 0.124994, 0.210908, -0.976003, 0.054154, -0.002831, -0.115447, -0.079883, -0.990097, -1.2e-05, 0.0, 0.0, 0.0, 1.0],
                [0.970664, 0.202566, -0.129525, 0.124994, 0.210908, -0.976003, 0.054154, -0.002831, -0.115447, -0.079883, -0.990097, -1.2e-05, 0.0, 0.0, 0.0, 1.0],
                [0.970664, 0.202566, -0.129525, 0.124994, 0.211276, -0.975742, 0.057324, -0.002831, -0.114771, -0.083007, -0.989918, -1.2e-05, 0.0, 0.0, 0.0, 1.0],
                [0.970664, 0.202566, -0.129525, 0.124994, 0.21232, -0.97494, 0.066399, -0.002831, -0.112829, -0.091951, -0.989351, -1.2e-05, 0.0, 0.0, 0.0, 1.0],
                [0.970664, 0.202566, -0.129525, 0.124994, 0.213932, -0.973505, 0.080728, -0.002831, -0.109741, -0.106069, -0.988285, -1.2e-05, 0.0, 0.0, 0.0, 1.0],
                [0.970664, 0.202566, -0.129525, 0.124994, 0.215996, -0.971293, 0.099655, -0.002831, -0.10562, -0.124708, -0.986556, -1.2e-05, 0.0, 0.0, 0.0, 1.0],
                [0.970664, 0.202566, -0.129525, 0.124994, 0.218388, -0.968139, 0.122515, -0.002831, -0.100581, -0.147207, -0.983979, -1.2e-05, 0.0, 0.0, 0.0, 1.0],
                [0.970664, 0.202566, -0.129525, 0.124994, 0.220985, -0.963884, 0.148623, -0.002831, -0.094741, -0.172885, -0.980375, -1.2e-05, 0.0, 0.0, 0.0, 1.0],
                [0.970664, 0.202566, -0.129525, 0.124994, 0.223665, -0.958406, 0.177281, -0.002831, -0.088226, -0.20105, -0.9756, -1.2e-05, 0.0, 0.0, 0.0, 1.0],
                [0.970664, 0.202566, -0.129525, 0.124994, 0.226321, -0.951632, 0.207777, -0.002831, -0.081172, -0.230995, -0.969563, -1.2e-05, 0.0, 0.0, 0.0, 1.0],
                [0.970664, 0.202566, -0.129525, 0.124994, 0.228856, -0.943564, 0.23939, -0.002831, -0.073723, -0.262009, -0.962246, -1.2e-05, 0.0, 0.0, 0.0, 1.0],
                [0.970664, 0.202566, -0.129525, 0.124994, 0.231191, -0.934284, 0.271403, -0.002831, -0.066036, -0.293386, -0.953711, -1.2e-05, 0.0, 0.0, 0.0, 1.0],
                [0.970664, 0.202566, -0.129525, 0.124994, 0.233268, -0.923961, 0.303114, -0.002831, -0.058276, -0.324435, -0.944111, -1.2e-05, 0.0, 0.0, 0.0, 1.0],
                [0.970664, 0.202566, -0.129525, 0.124994, 0.23505, -0.912851, 0.333843, -0.002831, -0.050612, -0.354493, -0.933688, -1.2e-05, 0.0, 0.0, 0.0, 1.0],
                [0.970664, 0.202566, -0.129525, 0.124994, 0.236521, -0.90129, 0.362948, -0.002831, -0.043219, -0.382935, -0.922764, -1.2e-05, 0.0, 0.0, 0.0, 1.0],
                [0.970664, 0.202566, -0.129525, 0.124994, 0.237686, -0.889684, 0.389826, -0.002831, -0.036271, -0.409176, -0.911734, -1.2e-05, 0.0, 0.0, 0.0, 1.0],
                [0.970664, 0.202566, -0.129525, 0.124994, 0.238566, -0.878495, 0.41392, -0.002831, -0.029941, -0.432676, -0.901052, -1.2e-05, 0.0, 0.0, 0.0, 1.0],
                [0.970664, 0.202566, -0.129525, 0.124994, 0.239196, -0.868221, 0.434711, -0.002831, -0.024399, -0.452939, -0.891207, -1.2e-05, 0.0, 0.0, 0.0, 1.0],
                [0.970664, 0.202566, -0.129525, 0.124994, 0.23962, -0.85938, 0.451713, -0.002831, -0.019809, -0.469497, -0.882711, -1.2e-05, 0.0, 0.0, 0.0, 1.0],
                [0.970664, 0.202566, -0.129525, 0.124994, 0.239882, -0.852487, 0.464456, -0.002831, -0.016335, -0.481901, -0.876073, -1.2e-05, 0.0, 0.0, 0.0, 1.0],
