{
    "animation": [
        {
            "name": "Root",
            "time": [0.0, 0.0167, 0.0333, 0.05, 0.0667, 0.0833, 0.1, 0.1167, 0.1333, 0.15, 0.1667, 0.1833, 0.2, 0.2167, 0.2333, 0.25, 0.2667, 0.2833, 0.3, 0.3167, 0.3333, 0.35, 0.3667, 0.3833, 0.4, 0.4167, 0.4333, 0.45, 0.4667, 0.4833, 0.5, 0.5167, 0.5333, 0.55, 0.5667, 0.5833, 0.6, 0.6167, 0.6333, 0.65, 0.6667, 0.6833, 0.7, 0.7167, 0.7333, 0.75, 0.7667, 0.7833, 0.8, 0.8167, 0.8333, 0.85, 0.8667, 0.8833, 0.9, 0.9167, 0.9333, 0.95, 0.9667, 0.9833, 1.0, 1.0167, 1.0333, 1.05, 1.0667, 1.0833, 1.1, 1.1167, 1.1333, 1.15, 1.1667, 1.1833, 1.2, 1.2167, 1.2333, 1.25, 1.2667, 1.2833, 1.3, 1.3167, 1.3333, 1.35, 1.3667, 1.3833, 1.4, 1.4167, 1.4333, 1.45, 1.4667, 1.4833, 1.5, 1.5167, 1.5333, 1.55, 1.5667, 1.5833, 1.6, 1.6167, 1.6333, 1.65, 1.6667, 1.6833, 1.7, 1.7167, 1.7333, 1.75, 1.7667, 1.7833, 1.8, 1.8167, 1.8333, 1.85, 1.8667, 1.8833, 1.9, 1.9167, 1.9333, 1.95, 1.9667, 1.9833, 2.0, 2.0167, 2.0333, 2.05, 2.0667, 2.0833, 2.1, 2.1167, 2.1333, 2.15, 2.1667, 2.1833, 2.2, 2.2167, 2.2333, 2.25, 2.2667, 2.2833, 2.3, 2.3167, 2.3333, 2.35, 2.3667, 2.3833, 2.4, 2.4167, 2.4333, 2.45, 2.4667, 2.4833, 2.5, 2.5167, 2.5333, 2.55, 2.5667, 2.5833, 2.6, 2.6167, 2.6333, 2.65, 2.6667, 2.6833, 2.7, 2.7167, 2.7333, 2.75, 2.7667, 2.7833, 2.8, 2.8167, 2.8333, 2.85, 2.8667, 2.8833, 2.9, 2.9167, 2.9333, 2.95, 2.9667, 2.9833, 3.0, 3.0167, 3.0333, 3.05, 3.0667, 3.0833, 3.1, 3.1167, 3.1333, 3.15, 3.1667, 3.1833, 3.2, 3.2167, 3.2333, 3.25, 3.2667, 3.2833, 3.3, 3.3167, 3.3333, 3.35, 3.3667, 3.3833, 3.4, 3.4167, 3.4333, 3.45, 3.4667, 3.4833, 3.5, 3.5167, 3.5333, 3.55, 3.5667, 3.5833, 3.6, 3.6167, 3.6333, 3.65, 3.6667, 3.6833, 3.7, 3.7167, 3.7333, 3.75, 3.7667, 3.7833, 3.8, 3.8167, 3.8333, 3.85, 3.8667, 3.8833, 3.9, 3.9167, 3.9333, 3.95, 3.9667, 3.9833, 4.0],
            "transform": [
                [1.0, 0.0, 0.0, -5e-06, 0.0, 0.0, -1.0, 0.000946, 0.0, 1.0, 0.0, 0.686021, 0.0, 0.0, 0.0, 1.0],
                [0.999998, 0.0, -0.001875, -5e-06, -0.001875, 0.0, -0.999998, 0.000115, 0.0, 1.0, 0.0, 0.686021, 0.0, 0.0, 0.0, 1.0],
                [0.999974, 0.0, -0.007241, -5e-06, -0.007241, 0.0, -0.999974, -0.002264, 0.0, 1.0, 0.0, 0.686021, 0.0, 0.0, 0.0, 1.0],
                [0.999876, 0.0, -0.015714, -5e-06, -0.015714, 0.0, -0.999876, -0.00602, 0.0, 1.0, 0.0, 0.686021, 0.0, 0.0, 0.0, 1.0],
                [0.999638, 0.0, -0.026908, -5e-06, -0.026908, 0.0, -0.999638, -0.01098, 0.0, 1.0, 0.0, 0.686021, 0.0, 0.0, 0.0, 1.0],
                [0.999182, 0.0, -0.040435, -5e-06, -0.040435, 0.0, -0.999182, -0.016971, 0.0, 1.0, 0.0, 0.686021, 0.0, 0.0, 0.0, 1.0],
                [0.998436, 0.0, -0.055905, -5e-06, -0.055905, 0.0, -0.998436, -0.023823, 0.0, 1.0, 0.0, 0.686021, 0.0, 0.0, 0.0, 1.0],
                [0.997338, 0.0, -0.072922, -5e-06, -0.072922, 0.0, -0.997338, -0.031363, 0.0, 1.0, 0.0, 0.686021, 0.0, 0.0, 0.0, 1.0],
                [0.995843, 0.0, -0.09109, -5e-06, -0.09109, 0.0, -0.995843, -0.039418, 0.0, 1.0, 0.0, 0.686021, 0.0, 0.0, 0.0, 1.0],
                [0.993931, 0.0, -0.110008, -5e-06, -0.110008, 0.0, -0.993931, -0.047818, 0.0, 1.0, 0.0, 0.686021, 0.0, 0.0, 0.0, 1.0],
                [0.991609, 0.0, -0.129276, -5e-06, -0.129276, 0.0, -0.991609, -0.05639, 0.0, 1.0, 0.0, 0.686021, 0.0, 0.0, 0.0, 1.0],
                [0.988913, 0.0, -0.148495, -5e-06, -0.148495, 0.0, -0.988913, -0.064962, 0.0, 1.0, 0.0, 0.686021, 0.0, 0.0, 0.0, 1.0],
                [0.985911, 0.0, -0.167271, -5e-06, -0.167271, 0.0, -0.985911, -0.073361, 0.0, 1.0, 0.0, 0.686021, 0.0, 0.0, 0.0, 1.0],
                [0.982698, 0.0, -0.185215, -5e-06, -0.185215, 0.0, -0.982698, -0.081417, 0.0, 1.0, 0.0, 0.686021, 0.0, 0.0, 0.0, 1.0],
                [0.979397, 0.0, -0.201945, -5e-06, -0.201945, 0.0, -0.979397, -0.088957, 0.0, 1.0, 0.0, 0.686021, 0.0, 0.0, 0.0, 1.0],
                [0.976152, 0.0, -0.217089, -5e-06, -0.217089, 0.0, -0.976152, -0.095809, 0.0, 1.0, 0.0, 0.686021, 0.0, 0.0, 0.0, 1.0],
                [0.973124, 0.0, -0.230281, -5e-06, -0.230281, 0.0, -0.973124, -0.1018, 0.0, 1.0, 0.0, 0.686021, 0.0, 0.0, 0.0, 1.0],
                [0.970485, 0.0, -0.241162, -5e-06, -0.241162, 0.0, -0.970485, -0.10676, 0.0, 1.0, 0.0, 0.686021, 0.0, 0.0, 0.0, 1.0],
                [0.968407, 0.0, -0.249377, -5e-06, -0.249377, 0.0, -0.968407, -0.110515, 0.0, 1.0, 0.0, 0.686021, 0.0, 0.0, 0.0, 1.0],
                [0.967054, 0.0, -0.25457, -5e-06, -0.25457, 0.0, -0.967054, -0.112895, 0.0, 1.0, 0.0, 0.686021, 0.0, 0.0, 0.0, 1.0],
                [0.966575, 0.0, -0.256382, -5e-06, -0.256382, 0.0, -0.966575, -0.113726, 0.0, 1.0, 0.0, 0.686021, 0.0, 0.0, 0.0, 1.0],
                [0.966575, 0.0, -0.256382, -5e-06, -0.256382, 0.0, -0.966575, -0.113726, 0.0, 1.0, 0.0, 0.686021, 0.0, 0.0, 0.0, 1.0],
                [0.966575, 0.0, -0.256382, -5e-06, -0.256382, 0.0, -0.966575, -0.113726, 0.0, 1.0, 0.0, 0.686021, 0.0, 0.0, 0.0, 1.0],
                [0.966575, 0.0, -0.256382, -5e-06, -0.256382, 0.0, -0.966575, -0.113726, 0.0, 1.0, 0.0, 0.686021, 0.0, 0.0, 0.0, 1.0],
                [0.966575, 0.0, -0.256382, 0.006446, -0.256382, 0.0, -0.966575, -0.124938, 0.0, 1.0, 0.0, 0.687721, 0.0, 0.0, 0.0, 1.0],
                [0.966575, 0.0, -0.256382, 0.023083, -0.256382, 0.0, -0.966575, -0.153853, 0.0, 1.0, 0.0, 0.692332, 0.0, 0.0, 0.0, 1.0],
                [0.966575, 0.0, -0.256382, 0.045831, -0.256382, 0.0, -0.966575, -0.193389, 0.0, 1.0, 0.0, 0.699119, 0.0, 0.0, 0.0, 1.0],
                [0.966575, 0.0, -0.256382, 0.070616, -0.256382, 0.0, -0.966575, -0.236466, 0.0, 1.0, 0.0, 0.707346, 0.0, 0.0, 0.0, 1.0],
                [0.966575, 0.0, -0.256382, 0.093363, -0.256382, 0.0, -0.966575, -0.276002, 0.0, 1.0, 0.0, 0.716278, 0.0, 0.0, 0.0, 1.0],
                [0.966575, 0.0, -0.256382, 0.11, -0.256382, 0.0, -0.966575, -0.304917, 0.0, 1.0, 0.0, 0.725179, 0.0, 0.0, 0.0, 1.0],
                [0.966575, 0.0, -0.256382, 0.116451, -0.256382, 0.0, -0.966575, -0.316128, 0.0, 1.0, 0.0, 0.733314, 0.0, 0.0, 0.0, 1.0],
                [0.966575, 0.0, -0.256382, 0.116436, -0.256382, 0.0, -0.966575, -0.316128, 0.0, 1.0, 0.0, 0.740113, 0.0, 0.0, 0.0, 1.0],
                [0.966575, 0.0, -0.256382, 0.116334, -0.256382, 0.0, -0.966575, -0.316128, 0.0, 1.0, 0.0, 0.745673, 0.0, 0.0, 0.0, 1.0],
                [0.966575, 0.0, -0.256382, 0.116056, -0.256382, 0.0, -0.966575, -0.316128, 0.0, 1.0, 0.0, 0.750254, 0.0, 0.0, 0.0, 1.0],
                [0.966575, 0.0, -0.256382, 0.115516, -0.256382, 0.0, -0.966575, -0.316128, 0.0, 1.0, 0.0, 0.754117, 0.0, 0.0, 0.0, 1.0],
                [0.966575, 0.0, -0.256382, 0.114625, -0.256382, 0.0, -0.966575, -0.316128, 0.0, 1.0, 0.0, 0.757524, 0.0, 0.0, 0.0, 1.0],
                [0.966575, 0.0, -0.256382, 0.113295, -0.256382, 0.0, -0.966575, -0.316128, 0.0, 1.0, 0.0, 0.760736, 0.0, 0.0, 0.0, 1.0],
                [0.966575, 0.0, -0.256382, 0.11144, -0.256382, 0.0, -0.966575, -0.316128, 0.0, 1.0, 0.0, 0.764014, 0.0, 0.0, 0.0, 1.0],
                [0.966575, 0.0, -0.256382, 0.108971, -0.256382, 0.0, -0.966575, -0.316128, 0.0, 1.0, 0.0, 0.76762, 0.0, 0.0, 0.0, 1.0],
                [0.966575, 0.0, -0.256382, 0.105801, -0.256382, 0.0, -0.966575, -0.316128, 0.0, 1.0, 0.0, 0.771814, 0.0, 0.0, 0.0, 1.0],
                [0.966575, 0.0, -0.256382, 0.101842, -0.256382, 0.0, -0.966575, -0.316128, 0.0, 1.0, 0.0, 0.776859, 0.0, 0.0, 0.0, 1.0],
                [0.966575, 0.0, -0.256382, 0.097006, -0.256382, 0.0, -0.966575, -0.316128, 0.0, 1.0, 0.0, 0.783015, 0.0, 0.0, 0.0, 1.0],
                [0.966575, 0.0, -0.256382, 0.091206, -0.256382, 0.0, -0.966575, -0.316128, 0.0, 1.0, 0.0, 0.790544, 0.0, 0.0, 0.0, 1.0],
                [0.966575, 0.0, -0.256382, 0.084354, -0.256382, 0.0, -0.966575, -0.316128, 0.0, 1.0, 0.0, 0.799706, 0.0, 0.0, 0.0, 1.0],
                [0.966575, 0.0, -0.256382, 0.076363, -0.256382, 0.0, -0.966575, -0.316128, 0.0, 1.0, 0.0, 0.810764, 0.0, 0.0, 0.0, 1.0],
                [0.966575, 0.0, -0.256382, 0.067145, -0.256382, 0.0, -0.966575, -0.316128, 0.0, 1.0, 0.0, 0.823978, 0.0, 0.0, 0.0, 1.0],
                [0.966575, 0.0, -0.256382, 0.056611, -0.256382, 0.0, -0.966575, -0.316128, 0.0, 1.0, 0.0, 0.83961, 0.0, 0.0, 0.0, 1.0],
                [0.966575, 0.0, -0.256382, 0.044676, -0.256382, 0.0, -0.966575, -0.316128, 0.0, 1.0, 0.0, 0.857921, 0.0, 0.0, 0.0, 1.0],
                [0.966575, 0.0, -0.256382, 0.03125, -0.256382, 0.0, -0.966575, -0.316128, 0.0, 1.0, 0.0, 0.879172, 0.0, 0.0, 0.0, 1.0],
                [0.966575, 0.0, -0.256382, 0.016246, -0.256382, 0.0, -0.966575, -0.316128, 0.0, 1.0, 0.0, 0.903625, 0.0, 0.0, 0.0, 1.0],
                [0.966575, 0.0, -0.256382, -0.000423, -0.256382, 0.0, -0.966575, -0.316128, 0.0, 1.0, 0.0, 0.93154, 0.0, 0.0, 0.0, 1.0],
                [0.966575, 0.0, -0.256382, -0.021102, -0.256382, -1e-06, -0.966575, -0.321575, -0.0, 1.0, -1e-06, 0.976362, 0.0, 0.0, 0.0, 1.0],
                [0.966575, 0.0, -0.256382, -0.046928, -0.256382, -6e-06, -0.966575, -0.336768, -2e-06, 1.0, -6e-06, 1.048145, 0.0, 0.0, 0.0, 1.0],
                [0.966575, 0.0, -0.256382, -0.076176, -0.256382, -2.1e-05, -0.966575, -0.359989, -5e-06, 1.0, -2e-05, 1.14207, 0.0, 0.0, 0.0, 1.0],
                [0.966575, 0.0, -0.256382, -0.107121, -0.256382, -4.9e-05, -0.966575, -0.389515, -1.3e-05, 1.0, -4.8e-05, 1.253316, 0.0, 0.0, 0.0, 1.0],
                [0.966575, 0.0, -0.256382, -0.138037, -0.256382, -9.6e-05, -0.966575, -0.423629, -2.5e-05, 1.0, -9.3e-05, 1.377062, 0.0, 0.0, 0.0, 1.0],
                [0.966575, 0.0, -0.256382, -0.167201, -0.256382, -0.000166, -0.966575, -0.460609, -4.3e-05, 1.0, -0.00016, 1.508488, 0.0, 0.0, 0.0, 1.0],
                [0.966575, 0.0, -0.256382, -0.192886, -0.256382, -0.000264, -0.966575, -0.498735, -6.8e-05, 1.0, -0.000255, 1.642773, 0.0, 0.0, 0.0, 1.0],
                [0.966575, 0.0, -0.256382, -0.213369, -0.256382, -0.000394, -0.966575, -0.536289, -0.000101, 1.0, -0.00038, 1.775098, 0.0, 0.0, 0.0, 1.0],
                [0.966575, 0.0, -0.256382, -0.226923, -0.256382, -0.000561, -0.966575, -0.571549, -0.000144, 1.0, -0.000542, 1.900641, 0.0, 0.0, 0.0, 1.0],
                [0.966575, 0.0, -0.256382, -0.231825, -0.256382, -0.000769, -0.966575, -0.602796, -0.000197, 1.0, -0.000744, 2.014583, 0.0, 0.0, 0.0, 1.0],
                [0.966575, 0.0, -0.256382, -0.230865, -0.256382, -0.001025, -0.966575, -0.628692, -0.000263, 0.999999, -0.00099, 2.115879, 0.0, 0.0, 0.0, 1.0],
                [0.966575, 0.0, -0.256382, -0.22812, -0.256382, -0.001331, -0.966575, -0.649434, -0.000341, 0.999999, -0.001286, 2.207055, 0.0, 0.0, 0.0, 1.0],
                [0.966575, 0.0, -0.256382, -0.223787, -0.256382, -0.001693, -0.966574, -0.6656, -0.000434, 0.999999, -0.001637, 2.288642, 0.0, 0.0, 0.0, 1.0],
                [0.966575, 0.0, -0.256382, -0.218065, -0.256382, -0.002116, -0.966573, -0.677768, -0.000543, 0.999998, -0.002046, 2.361174, 0.0, 0.0, 0.0, 1.0],
                [0.966575, 0.0, -0.256382, -0.211153, -0.256381, -0.002606, -0.966572, -0.686517, -0.000668, 0.999997, -0.002518, 2.425183, 0.0, 0.0, 0.0, 1.0],
                [0.966575, 0.0, -0.256382, -0.203248, -0.256381, -0.003165, -0.966571, -0.692427, -0.000812, 0.999995, -0.00306, 2.481202, 0.0, 0.0, 0.0, 1.0],
                [0.966575, 0.0, -0.256382, -0.194549, -0.25638, -0.003801, -0.966568, -0.696075, -0.000975, 0.999993, -0.003674, 2.529764, 0.0, 0.0, 0.0, 1.0],
                [0.966575, 0.0, -0.256382, -0.185255, -0.25638, -0.004518, -0.966566, -0.69804, -0.001158, 0.99999, -0.004367, 2.571401, 0.0, 0.0, 0.0, 1.0],
                [0.966575, 0.0, -0.256382, -0.175565, -0.256379, -0.005322, -0.966562, -0.698901, -0.001364, 0.999986, -0.005144, 2.606646, 0.0, 0.0, 0.0, 1.0],
                [0.966575, 0.0, -0.256382, -0.165675, -0.256377, -0.006217, -0.966557, -0.699237, -0.001594, 0.999981, -0.006009, 2.636031, 0.0, 0.0, 0.0, 1.0],
                [0.966575, 0.0, -0.256382, -0.155786, -0.256376, -0.00721, -0.96655, -0.699625, -0.001849, 0.999974, -0.006969, 2.66009, 0.0, 0.0, 0.0, 1.0],
                [0.966575, 0.0, -0.256382, -0.146095, -0.256373, -0.008307, -0.966542, -0.700646, -0.00213, 0.999965, -0.008029, 2.679355, 0.0, 0.0, 0.0, 1.0],
                [0.966575, 0.0, -0.256382, -0.136801, -0.256371, -0.009513, -0.966532, -0.702877, -0.002439, 0.999955, -0.009195, 2.694359, 0.0, 0.0, 0.0, 1.0],
                [0.966575, 0.0, -0.256382, -0.128102, -0.256367, -0.010834, -0.966519, -0.706896, -0.002778, 0.999941, -0.010472, 2.705634, 0.0, 0.0, 0.0, 1.0],
                [0.966575, 0.0, -0.256382, -0.120198, -0.256363, -0.012278, -0.966503, -0.713284, -0.003148, 0.999925, -0.011868, 2.713712, 0.0, 0.0, 0.0, 1.0],
                [0.966575, 0.0, -0.256382, -0.113285, -0.256358, -0.01385, -0.966483, -0.722618, -0.003551, 0.999904, -0.013387, 2.719128, 0.0, 0.0, 0.0, 1.0],
                [0.966575, 0.0, -0.256382, -0.107563, -0.256351, -0.015559, -0.966458, -0.735477, -0.003989, 0.999879, -0.015038, 2.722413, 0.0, 0.0, 0.0, 1.0],
                [0.966575, 0.0, -0.256382, -0.10323, -0.256343, -0.01741, -0.966429, -0.75244, -0.004464, 0.999848, -0.016828, 2.724099, 0.0, 0.0, 0.0, 1.0],
                [0.966575, 0.0, -0.256382, -0.100485, -0.256334, -0.019412, -0.966393, -0.774085, -0.004977, 0.999812, -0.018763, 2.724721, 0.0, 0.0, 0.0, 1.0],
                [0.966575, 0.0, -0.256382, -0.099526, -0.256323, -0.021573, -0.96635, -0.800991, -0.005531, 0.999767, -0.020852, 2.72481, 0.0, 0.0, 0.0, 1.0],
                [0.966575, 0.0, -0.256382, -0.138699, -0.255855, -0.064128, -0.964586, -0.895609, -0.016441, 0.997942, -0.061984, 2.616807, 0.0, 0.0, 0.0, 1.0],
                [0.966575, 0.0, -0.256382, -0.23048, -0.252291, -0.177945, -0.951149, -1.065121, -0.045622, 0.98404, -0.171997, 2.335725, 0.0, 0.0, 0.0, 1.0],
                [0.966575, 0.0, -0.256382, -0.33626, -0.240564, -0.345816, -0.90694, -1.227201, -0.088661, 0.938303, -0.334257, 1.945959, 0.0, 0.0, 0.0, 1.0],
                [0.966575, -0.0, -0.256382, -0.41743, -0.215759, -0.540179, -0.813422, -1.299522, -0.138492, 0.84155, -0.522124, 1.511903, 0.0, 0.0, 0.0, 1.0],
                [0.966575, -0.0, -0.256382, -0.464612, -0.176864, -0.723959, -0.666785, -1.26737, -0.18561, 0.689843, -0.699761, 1.090124, 0.0, 0.0, 0.0, 1.0],
                [0.966575, -0.0, -0.256382, -0.49624, -0.128878, -0.864473, -0.485877, -1.182991, -0.221636, 0.502679, -0.835579, 0.7059, 0.0, 0.0, 0.0, 1.0],
                [0.966575, -0.0, -0.256382, -0.515424, -0.080685, -0.94919, -0.304185, -1.0645, -0.243355, 0.314704, -0.917464, 0.37668, 0.0, 0.0, 0.0, 1.0],
                [0.966575, -0.0, -0.256382, -0.525275, -0.040646, -0.987353, -0.153238, -0.930012, -0.25314, 0.158537, -0.954351, 0.119917, 0.0, 0.0, 0.0, 1.0],
                [0.966576, -0.0, -0.256382, -0.528904, -0.014224, -0.99846, -0.053624, -0.797643, -0.255987, 0.055479, -0.965087, -0.046939, 0.0, 0.0, 0.0, 1.0],
                [0.966576, -0.0, -0.256382, -0.529423, -0.004744, -0.999829, -0.017884, -0.685507, -0.256338, 0.018503, -0.96641, -0.106436, 0.0, 0.0, 0.0, 1.0],
                [0.966576, -0.0, -0.256382, -0.523686, -0.004744, -0.999829, -0.017884, -0.607423, -0.256338, 0.018503, -0.96641, -0.081021, 0.0, 0.0, 0.0, 1.0],
                [0.966576, -0.0, -0.256382, -0.510005, -0.004744, -0.999829, -0.017884, -0.560027, -0.256338, 0.018503, -0.96641, -0.020417, 0.0, 0.0, 0.0, 1.0],
                [0.966576, -0.0, -0.256382, -0.493676, -0.004744, -0.999829, -0.017884, -0.535658, -0.256338, 0.018503, -0.96641, 0.051917, 0.0, 0.0, 0.0, 1.0],
                [0.966576, -0.0, -0.256382, -0.479995, -0.004744, -0.999829, -0.017884, -0.526655, -0.256338, 0.018503, -0.96641, 0.112521, 0.0, 0.0, 0.0, 1.0],
                [0.966576, -0.0, -0.256382, -0.474258, -0.004744, -0.999829, -0.017884, -0.525356, -0.256338, 0.018503, -0.96641, 0.137936, 0.0, 0.0, 0.0, 1.0],
                [0.966576, -0.0, -0.256382, -0.474258, -0.004744, -0.999829, -0.017884, -0.525356, -0.256338, 0.018503, -0.96641, 0.137936, 0.0, 0.0, 0.0, 1.0],
                [0.966576, -0.0, -0.256382, -0.474258, -0.004744, -0.999829, -0.017884, -0.525356, -0.256338, 0.018503, -0.96641, 0.137936, 0.0, 0.0, 0.0, 1.0],
                [0.966576, -0.0, -0.256382, -0.474258, -0.004744, -0.999829, -0.017884, -0.525356, -0.256338, 0.018503, -0.96641, 0.137936, 0.0, 0.0, 0.0, 1.0],
                [0.966576, -0.0, -0.256382, -0.474258, -0.004744, -0.999829, -0.017884, -0.525356, -0.256338, 0.018503, -0.96641, 0.137936, 0.0, 0.0, 0.0, 1.0],
                [0.966576, -0.0, -0.256382, -0.474258, -0.004744, -0.999829, -0.017884, -0.525356, -0.256338, 0.018503, -0.96641, 0.137936, 0.0, 0.0, 0.0, 1.0],
                [0.966576, -0.0, -0.256382, -0.474258, -0.004744, -0.999829, -0.017884, -0.525356, -0.256338, 0.018503, -0.96641, 0.137936, 0.0, 0.0, 0.0, 1.0],
                [0.966576, -0.0, -0.256382, -0.474258, -0.004744, -0.999829, -0.017884, -0.525356, -0.256338, 0.018503, -0.96641, 0.137936, 0.0, 0.0, 0.0, 1.0],
                [0.966576, -0.0, -0.256382, -0.474258, -0.004744, -0.999829, -0.017884, -0.525356, -0.256338, 0.018503, -0.96641, 0.137936, 0.0, 0.0, 0.0, 1.0],
                [0.966576, -0.0, -0.256382, -0.474258, -0.004744, -0.999829, -0.017884, -0.525356, -0.256338, 0.018503, -0.96641, 0.137936, 0.0, 0.0, 0.0, 1.0],
                [0.966576, -0.0, -0.256382, -0.474258, -0.004744, -0.999829, -0.017884, -0.525356, -0.256338, 0.018503, -0.96641, 0.137936, 0.0, 0.0, 0.0, 1.0],
                [0.966576, -0.0, -0.256382, -0.474258, -0.004744, -0.999829, -0.017884, -0.525356, -0.256338, 0.018503, -0.96641, 0.137936, 0.0, 0.0, 0.0, 1.0],
                [0.966576, -0.0, -0.256382, -0.474258, -0.004744, -0.999829, -0.017884, -0.525356, -0.256338, 0.018503, -0.96641, 0.137936, 0.0, 0.0, 0.0, 1.0],
                [0.966576, -0.0, -0.256382, -0.474258, -0.004744, -0.999829, -0.017884, -0.525356, -0.256338, 0.018503, -0.96641, 0.137936, 0.0, 0.0, 0.0, 1.0],
                [0.966576, -0.0, -0.256382, -0.474258, -0.004744, -0.999829, -0.017884, -0.525356, -0.256338, 0.018503, -0.96641, 0.137936, 0.0, 0.0, 0.0, 1.0],
                [0.966576, -0.0, -0.256382, -0.474258, -0.004744, -0.999829, -0.017884, -0.525356, -0.256338, 0.018503, -0.96641, 0.137936, 0.0, 0.0, 0.0, 1.0],
                [0.966576, -0.0, -0.256382, -0.474258, -0.004744, -0.999829, -0.017884, -0.525356, -0.256338, 0.018503, -0.96641, 0.137936, 0.0, 0.0, 0.0, 1.0],
                [0.966576, -0.0, -0.256382, -0.474258, -0.004744, -0.999829, -0.017884, -0.525356, -0.256338, 0.018503, -0.96641, 0.137936, 0.0, 0.0, 0.0, 1.0],
                [0.966576, -0.0, -0.256382, -0.474258, -0.004744, -0.999829, -0.017884, -0.525356, -0.256338, 0.018503, -0.96641, 0.137936, 0.0, 0.0, 0.0, 1.0],
                [0.966576, -0.0, -0.256382, -0.474258, -0.004744, -0.999829, -0.017884, -0.525356, -0.256338, 0.018503, -0.96641, 0.137936, 0.0, 0.0, 0.0, 1.0],
                [0.966576, -0.0, -0.256382, -0.474258, -0.004744, -0.999829, -0.017884, -0.525356, -0.256338, 0.018503, -0.96641, 0.137936, 0.0, 0.0, 0.0, 1.0],
                [0.966576, -0.0, -0.256382, -0.474258, -0.004744, -0.999829, -0.017884, -0.525356, -0.256338, 0.018503, -0.96641, 0.137936, 0.0, 0.0, 0.0, 1.0],
                [0.966576, -0.0, -0.256382, -0.474258, -0.004744, -0.999829, -0.017884, -0.525356, -0.256338, 0.018503, -0.96641, 0.137936, 0.0, 0.0, 0.0, 1.0],
                [0.966576, -0.0, -0.256382, -0.474258, -0.004744, -0.999829, -0.017884, -0.525356, -0.256338, 0.018503, -0.96641, 0.137936, 0.0, 0.0, 0.0, 1.0],
                [0.966576, -0.0, -0.256382, -0.474258, -0.004744, -0.999829, -0.017884, -0.525356, -0.256338, 0.018503, -0.96641, 0.137936, 0.0, 0.0, 0.0, 1.0],
                [0.966576, -0.0, -0.256382, -0.474258, -0.004744, -0.999829, -0.017884, -0.525356, -0.256338, 0.018503, -0.96641, 0.137936, 0.0, 0.0, 0.0, 1.0],
                [0.966576, -0.0, -0.256382, -0.474258, -0.004744, -0.999829, -0.017884, -0.525356, -0.256338, 0.018503, -0.96641, 0.153533, 0.0, 0.0, 0.0, 1.0],
                [0.966576, -0.0, -0.256382, -0.474258, -0.004744, -0.999829, -0.017884, -0.525356, -0.256338, 0.018503, -0.96641, 0.190727, 0.0, 0.0, 0.0, 1.0],
                [0.966576, -0.0, -0.256382, -0.474258, -0.004744, -0.999829, -0.017884, -0.525356, -0.256338, 0.018503, -0.96641, 0.235119, 0.0, 0.0, 0.0, 1.0],
                [0.966576, -0.0, -0.256382, -0.474258, -0.004744, -0.999829, -0.017884, -0.525356, -0.256338, 0.018503, -0.96641, 0.272313, 0.0, 0.0, 0.0, 1.0],
                [0.966576, -0.0, -0.256382, -0.474258, -0.004744, -0.999829, -0.017884, -0.525356, -0.256338, 0.018503, -0.96641, 0.28791, 0.0, 0.0, 0.0, 1.0],
                [0.966576, -0.0, -0.256382, -0.474258, -0.004744, -0.999829, -0.017884, -0.525356, -0.256338, 0.018503, -0.96641, 0.281997, 0.0, 0.0, 0.0, 1.0],
                [0.966576, -0.0, -0.256382, -0.474258, -0.004744, -0.999829, -0.017884, -0.525356, -0.256338, 0.018503, -0.96641, 0.265947, 0.0, 0.0, 0.0, 1.0],
                [0.966576, -0.0, -0.256382, -0.474258, -0.004744, -0.999829, -0.017884, -0.525356, -0.256338, 0.018503, -0.96641, 0.242295, 0.0, 0.0, 0.0, 1.0],
                [0.966576, -0.0, -0.256382, -0.474258, -0.004744, -0.999829, -0.017884, -0.525356, -0.256338, 0.018503, -0.96641, 0.213574, 0.0, 0.0, 0.0, 1.0],
                [0.966576, -0.0, -0.256382, -0.474258, -0.004744, -0.999829, -0.017884, -0.525356, -0.256338, 0.018503, -0.96641, 0.182319, 0.0, 0.0, 0.0, 1.0],
                [0.966576, -0.0, -0.256382, -0.474258, -0.004744, -0.999829, -0.017884, -0.525356, -0.256338, 0.018503, -0.96641, 0.151064, 0.0, 0.0, 0.0, 1.0],
                [0.966576, -0.0, -0.256382, -0.474258, -0.004744, -0.999829, -0.017884, -0.525356, -0.256338, 0.018503, -0.96641, 0.122343, 0.0, 0.0, 0.0, 1.0],
                [0.966576, -0.0, -0.256382, -0.474258, -0.004744, -0.999829, -0.017884, -0.525356, -0.256338, 0.018503, -0.96641, 0.098691, 0.0, 0.0, 0.0, 1.0],
                [0.966576, -0.0, -0.256382, -0.474258, -0.004744, -0.999829, -0.017884, -0.525356, -0.256338, 0.018503, -0.96641, 0.082641, 0.0, 0.0, 0.0, 1.0],
                [0.966576, -0.0, -0.256382, -0.474258, -0.004744, -0.999829, -0.017884, -0.525356, -0.256338, 0.018503, -0.96641, 0.076727, 0.0, 0.0, 0.0, 1.0],
                [0.966576, -0.0, -0.256382, -0.474258, -0.004744, -0.999829, -0.017884, -0.525356, -0.256338, 0.018503, -0.96641, 0.076727, 0.0, 0.0, 0.0, 1.0],
                [0.966576, -0.0, -0.256382, -0.474258, -0.004744, -0.999829, -0.017884, -0.525356, -0.256338, 0.018503, -0.96641, 0.076727, 0.0, 0.0, 0.0, 1.0],
                [0.966576, -0.0, -0.256382, -0.474258, -0.004744, -0.999829, -0.017884, -0.525356, -0.256338, 0.018503, -0.96641, 0.076727, 0.0, 0.0, 0.0, 1.0],
                [0.966576, -0.0, -0.256382, -0.474258, -0.004744, -0.999829, -0.017884, -0.525356, -0.256338, 0.018503, -0.96641, 0.076727, 0.0, 0.0, 0.0, 1.0],
                [0.966576, -0.0, -0.256382, -0.474258, -0.004744, -0.999829, -0.017884, -0.525356, -0.256338, 0.018503, -0.96641, 0.076727, 0.0, 0.0, 0.0, 1.0],
                [0.966576, -0.0, -0.256382, -0.474258, -0.004744, -0.999829, -0.017884, -0.525356, -0.256338, 0.018503, -0.96641, 0.076727, 0.0, 0.0, 0.0, 1.0],
                [0.966576, -0.0, -0.256382, -0.474258, -0.004744, -0.999829, -0.017884, -0.525356, -0.256338, 0.018503, -0.96641, 0.076727, 0.0, 0.0, 0.0, 1.0],
                [0.966576, -0.0, -0.256382, -0.474258, -0.004744, -0.999829, -0.017884, -0.525356, -0.256338, 0.018503, -0.96641, 0.076727, 0.0, 0.0, 0.0, 1.0],
                [0.966576, -0.0, -0.256382, -0.474258, -0.004744, -0.999829, -0.017884, -0.525356, -0.256338, 0.018503, -0.96641, 0.076727, 0.0, 0.0, 0.0, 1.0],
                [0.966576, -0.0, -0.256382, -0.474258, -0.004744, -0.999829, -0.017884, -0.525356, -0.256338, 0.018503, -0.96641, 0.076727, 0.0, 0.0, 0.0, 1.0],
                [0.966576, -0.0, -0.256382, -0.474258, -0.004744, -0.999829, -0.017884, -0.525356, -0.256338, 0.018503, -0.96641, 0.076727, 0.0, 0.0, 0.0, 1.0],
                [0.966576, -0.0, -0.256382, -0.474258, -0.004744, -0.999829, -0.017884, -0.525356, -0.256338, 0.018503, -0.96641, 0.076727, 0.0, 0.0, 0.0, 1.0],
                [0.966576, -0.0, -0.256382, -0.474258, -0.004744, -0.999829, -0.017884, -0.525356, -0.256338, 0.018503, -0.96641, 0.076727, 0.0, 0.0, 0.0, 1.0],
                [0.966576, -0.0, -0.256382, -0.474258, -0.004744, -0.999829, -0.017884, -0.525356, -0.256338, 0.018503, -0.96641, 0.076727, 0.0, 0.0, 0.0, 1.0],
                [0.966576, -0.0, -0.256382, -0.474258, -0.004744, -0.999829, -0.017884, -0.525356, -0.256338, 0.018503, -0.96641, 0.076727, 0.0, 0.0, 0.0, 1.0],
                [0.966576, -0.0, -0.256382, -0.474258, -0.004744, -0.999829, -0.017884, -0.525356, -0.256338, 0.018503, -0.96641, 0.076727, 0.0, 0.0, 0.0, 1.0],
                [0.966576, -0.0, -0.256382, -0.474258, -0.004744, -0.999829, -0.017884, -0.525356, -0.256338, 0.018503, -0.96641, 0.076727, 0.0, 0.0, 0.0, 1.0],
                [0.966576, -0.0, -0.256382, -0.474258, -0.004744, -0.999829, -0.017884, -0.525356, -0.256338, 0.018503, -0.96641, 0.076727, 0.0, 0.0, 0.0, 1.0],
                [0.966576, -0.0, -0.256382, -0.474258, -0.004744, -0.999829, -0.017884, -0.525356, -0.256338, 0.018503, -0.96641, 0.076727, 0.0, 0.0, 0.0, 1.0],
                [0.966576, -0.0, -0.256382, -0.474258, -0.004744, -0.999829, -0.017884, -0.525356, -0.256338, 0.018503, -0.96641, 0.076727, 0.0, 0.0, 0.0, 1.0],
                [0.966576, -0.0, -0.256382, -0.474258, -0.004744, -0.999829, -0.017884, -0.525356, -0.256338, 0.018503, -0.96641, 0.076727, 0.0, 0.0, 0.0, 1.0],
                [0.966576, -0.0, -0.256382, -0.474258, -0.004744, -0.999829, -0.017884, -0.525356, -0.256338, 0.018503, -0.96641, 0.076727, 0.0, 0.0, 0.0, 1.0],
                [0.966576, -0.0, -0.256382, -0.474258, -0.004744, -0.999829, -0.017884, -0.525356, -0.256338, 0.018503, -0.96641, 0.076727, 0.0, 0.0, 0.0, 1.0],
                [0.966576, -0.0, -0.256382, -0.474258, -0.004744, -0.999829, -0.017884, -0.525356, -0.256338, 0.018503, -0.96641, 0.076727, 0.0, 0.0, 0.0, 1.0],
                [0.966576, -0.0, -0.256382, -0.474258, -0.004744, -0.999829, -0.017884, -0.525356, -0.256338, 0.018503, -0.96641, 0.076727, 0.0, 0.0, 0.0, 1.0],
                [0.966576, -0.0, -0.256382, -0.474258, -0.004744, -0.999829, -0.017884, -0.525356, -0.256338, 0.018503, -0.96641, 0.076727, 0.0, 0.0, 0.0, 1.0],
                [0.966576, -0.0, -0.256382, -0.474258, -0.004744, -0.999829, -0.017884, -0.525356, -0.256338, 0.018503, -0.96641, 0.076727, 0.0, 0.0, 0.0, 1.0],
                [0.966576, -0.0, -0.256382, -0.474258, -0.004744, -0.999829, -0.017884, -0.525356, -0.256338, 0.018503, -0.96641, 0.076727, 0.0, 0.0, 0.0, 1.0],
                [0.966576, -0.0, -0.256382, -0.474258, -0.004744, -0.999829, -0.017884, -0.525356, -0.256338, 0.018503, -0.96641, 0.076727, 0.0, 0.0, 0.0, 1.0],
                [0.966576, -0.0, -0.256382, -0.474258, -0.004744, -0.999829, -0.017884, -0.525356, -0.256338, 0.018503, -0.96641, 0.076727, 0.0, 0.0, 0.0, 1.0],
                [0.966576, -0.0, -0.256382, -0.474258, -0.004744, -0.999829, -0.017884, -0.525356, -0.256338, 0.018503, -0.96641, 0.076727, 0.0, 0.0, 0.0, 1.0],
                [0.966576, -0.0, -0.256382, -0.474258, -0.004744, -0.999829, -0.017884, -0.525356, -0.256338, 0.018503, -0.96641, 0.076727, 0.0, 0.0, 0.0, 1.0],
                [0.966576, -0.0, -0.256382, -0.474258, -0.004744, -0.999829, -0.017884, -0.525356, -0.256338, 0.018503, -0.96641, 0.076727, 0.0, 0.0, 0.0, 1.0],
                [0.966576, -0.0, -0.256382, -0.474258, -0.004744, -0.999829, -0.017884, -0.525356, -0.256338, 0.018503, -0.96641, 0.076727, 0.0, 0.0, 0.0, 1.0],
                [0.966576, -0.0, -0.256382, -0.474258, -0.004744, -0.999829, -0.017884, -0.525356, -0.256338, 0.018503, -0.96641, 0.076727, 0.0, 0.0, 0.0, 1.0],
                [0.966576, -0.0, -0.256382, -0.474258, -0.004744, -0.999829, -0.017884, -0.525356, -0.256338, 0.018503, -0.96641, 0.076727, 0.0, 0.0, 0.0, 1.0],
                [0.966576, -0.0, -0.256382, -0.474258, -0.004744, -0.999829, -0.017884, -0.525356, -0.256338, 0.018503, -0.96641, 0.076727, 0.0, 0.0, 0.0, 1.0],
                [0.966576, -0.0, -0.256382, -0.474258, -0.004744, -0.999829, -0.017884, -0.525356, -0.256338, 0.018503, -0.96641, 0.076727, 0.0, 0.0, 0.0, 1.0],
                [0.966576, -0.0, -0.256382, -0.474258, -0.004744, -0.999829, -0.017884, -0.525356, -0.256338, 0.018503, -0.96641, 0.076727, 0.0, 0.0, 0.0, 1.0],
                [0.966576, -0.0, -0.256382, -0.474258, -0.004744, -0.999829, -0.017884, -0.525356, -0.256338, 0.018503, -0.96641, 0.076727, 0.0, 0.0, 0.0, 1.0],
                [0.966576, -0.0, -0.256382, -0.474258, -0.004744, -0.999829, -0.017884, -0.525356, -0.256338, 0.018503, -0.96641, 0.076727, 0.0, 0.0, 0.0, 1.0],
                [0.966576, -0.0, -0.256382, -0.474258, -0.004744, -0.999829, -0.017884, -0.525356, -0.256338, 0.018503, -0.96641, 0.076727, 0.0, 0.0, 0.0, 1.0],
                [0.966576, -0.0, -0.256382, -0.474258, -0.004744, -0.999829, -0.017884, -0.525356, -0.256338, 0.018503, -0.96641, 0.076727, 0.0, 0.0, 0.0, 1.0],
                [0.966576, -0.0, -0.256382, -0.474258, -0.004744, -0.999829, -0.017884, -0.525356, -0.256338, 0.018503, -0.96641, 0.076727, 0.0, 0.0, 0.0, 1.0],
                [0.966576, -0.0, -0.256382, -0.474258, -0.004744, -0.999829, -0.017884, -0.525356, -0.256338, 0.018503, -0.96641, 0.076727, 0.0, 0.0, 0.0, 1.0],
                [0.966576, -0.0, -0.256382, -0.474258, -0.004744, -0.999829, -0.017884, -0.525356, -0.256338, 0.018503, -0.96641, 0.076727, 0.0, 0.0, 0.0, 1.0],
                [0.966576, -0.0, -0.256382, -0.474258, -0.004744, -0.999829, -0.017884, -0.525356, -0.256338, 0.018503, -0.96641, 0.076727, 0.0, 0.0, 0.0, 1.0],
                [0.966576, -0.0, -0.256382, -0.474258, -0.004744, -0.999829, -0.017884, -0.525356, -0.256338, 0.018503, -0.96641, 0.076727, 0.0, 0.0, 0.0, 1.0],
                [0.966576, -0.0, -0.256382, -0.474258, -0.004744, -0.999829, -0.017884, -0.525356, -0.256338, 0.018503, -0.96641, 0.076727, 0.0, 0.0, 0.0, 1.0],
                [0.966576, -0.0, -0.256382, -0.474258, -0.004744, -0.999829, -0.017884, -0.525356, -0.256338, 0.018503, -0.96641, 0.076727, 0.0, 0.0, 0.0, 1.0],
                [0.966576, -0.0, -0.256382, -0.474258, -0.004744, -0.999829, -0.017884, -0.525356, -0.256338, 0.018503, -0.96641, 0.076727, 0.0, 0.0, 0.0, 1.0],
                [0.966576, -0.0, -0.256382, -0.474258, -0.004744, -0.999829, -0.017884, -0.525356, -0.256338, 0.018503, -0.96641, 0.076727, 0.0, 0.0, 0.0, 1.0],
                [0.966576, -0.0, -0.256382, -0.474258, -0.004744, -0.999829, -0.017884, -0.525356, -0.256338, 0.018503, -0.96641, 0.076727, 0.0, 0.0, 0.0, 1.0],
                [0.966576, -0.0, -0.256382, -0.474258, -0.004744, -0.999829, -0.017884, -0.525356, -0.256338, 0.018503, -0.96641, 0.076727, 0.0, 0.0, 0.0, 1.0],
                [0.966576, -0.0, -0.256382, -0.474258, -0.004744, -0.999829, -0.017884, -0.525356, -0.256338, 0.018503, -0.96641, 0.076727, 0.0, 0.0, 0.0, 1.0],
                [0.966576, -0.0, -0.256382, -0.474258, -0.004744, -0.999829, -0.017884, -0.525356, -0.256338, 0.018503, -0.96641, 0.076727, 0.0, 0.0, 0.0, 1.0],
                [0.966576, -0.0, -0.256382, -0.474258, -0.004744, -0.999829, -0.017884, -0.525356, -0.256338, 0.018503, -0.96641, 0.076727, 0.0, 0.0, 0.0, 1.0],
                [0.966576, -0.0, -0.256382, -0.474258, -0.004744, -0.999829, -0.017884, -0.525356, -0.256338, 0.018503, -0.96641, 0.076727, 0.0, 0.0, 0.0, 1.0],
                [0.966576, -0.0, -0.256382, -0.474258, -0.004744, -0.999829, -0.017884, -0.525356, -0.256338, 0.018503, -0.96641, 0.076727, 0.0, 0.0, 0.0, 1.0],
                [0.966576, -0.0, -0.256382, -0.474258, -0.004744, -0.999829, -0.017884, -0.525356, -0.256338, 0.018503, -0.96641, 0.076727, 0.0, 0.0, 0.0, 1.0],
                [0.966576, -0.0, -0.256382, -0.474258, -0.004744, -0.999829, -0.017884, -0.525356, -0.256338, 0.018503, -0.96641, 0.076727, 0.0, 0.0, 0.0, 1.0],
                [0.966576, -0.0, -0.256382, -0.474258, -0.004744, -0.999829, -0.017884, -0.525356, -0.256338, 0.018503, -0.96641, 0.076727, 0.0, 0.0, 0.0, 1.0],
                [0.966576, -0.0, -0.256382, -0.474258, -0.004744, -0.999829, -0.017884, -0.525356, -0.256338, 0.018503, -0.96641, 0.076727, 0.0, 0.0, 0.0, 1.0],
                [0.966576, -0.0, -0.256382, -0.474258, -0.004744, -0.999829, -0.017884, -0.525356, -0.256338, 0.018503, -0.96641, 0.076727, 0.0, 0.0, 0.0, 1.0],
                [0.966576, -0.0, -0.256382, -0.474258, -0.004744, -0.999829, -0.017884, -0.525356, -0.256338, 0.018503, -0.96641, 0.076727, 0.0, 0.0, 0.0, 1.0],
                [0.966576, -0.0, -0.256382, -0.474258, -0.004744, -0.999829, -0.017884, -0.525356, -0.256338, 0.018503, -0.96641, 0.076727, 0.0, 0.0, 0.0, 1.0],
                [0.966576, -0.0, -0.256382, -0.474258, -0.004744, -0.999829, -0.017884, -0.525356, -0.256338, 0.018503, -0.96641, 0.076727, 0.0, 0.0, 0.0, 1.0],
                [0.966576, -0.0, -0.256382, -0.474258, -0.004744, -0.999829, -0.017884, -0.525356, -0.256338, 0.018503, -0.96641, 0.076727, 0.0, 0.0, 0.0, 1.0],
                [0.966576, -0.0, -0.256382, -0.474258, -0.004744, -0.999829, -0.017884, -0.525356, -0.256338, 0.018503, -0.96641, 0.076727, 0.0, 0.0, 0.0, 1.0],
                [0.966576, -0.0, -0.256382, -0.474258, -0.004744, -0.999829, -0.017884, -0.525356, -0.256338, 0.018503, -0.96641, 0.076727, 0.0, 0.0, 0.0, 1.0],
                [0.966576, -0.0, -0.256382, -0.474258, -0.004744, -0.999829, -0.017884, -0.525356, -0.256338, 0.018503, -0.96641, 0.076727, 0.0, 0.0, 0.0, 1.0],
                [0.966576, -0.0, -0.256382, -0.474258, -0.004744, -0.999829, -0.017884, -0.525356, -0.256338, 0.018503, -0.96641, 0.076727, 0.0, 0.0, 0.0, 1.0],
                [0.966576, -0.0, -0.256382, -0.474258, -0.004744, -0.999829, -0.017884, -0.525356, -0.256338, 0.018503, -0.96641, 0.076727, 0.0, 0.0, 0.0, 1.0],
                [0.966576, -0.0, -0.256382, -0.474258, -0.004744, -0.999829, -0.017884, -0.525356, -0.256338, 0.018503, -0.96641, 0.076727, 0.0, 0.0, 0.0, 1.0],
                [0.966576, -0.0, -0.256382, -0.474258, -0.004744, -0.999829, -0.017884, -0.525356, -0.256338, 0.018503, -0.96641, 0.076727, 0.0, 0.0, 0.0, 1.0],
                [0.966576, -0.0, -0.256382, -0.474258, -0.004744, -0.999829, -0.017884, -0.525356, -0.256338, 0.018503, -0.96641, 0.076727, 0.0, 0.0, 0.0, 1.0],
                [0.966576, -0.0, -0.256382, -0.474258, -0.004744, -0.999829, -0.017884, -0.525356, -0.256338, 0.018503, -0.96641, 0.076727, 0.0, 0.0, 0.0, 1.0],
                [0.966576, -0.0, -0.256382, -0.474258, -0.004744, -0.999829, -0.017884, -0.525356, -0.256338, 0.018503, -0.96641, 0.076727, 0.0, 0.0, 0.0, 1.0],
                [0.966576, -0.0, -0.256382, -0.474258, -0.004744, -0.999829, -0.017884, -0.525356, -0.256338, 0.018503, -0.96641, 0.076727, 0.0, 0.0, 0.0, 1.0],
                [0.966576, -0.0, -0.256382, -0.474258, -0.004744, -0.999829, -0.017884, -0.525356, -0.256338, 0.018503, -0.96641, 0.076727, 0.0, 0.0, 0.0, 1.0],
                [0.966576, -0.0, -0.256382, -0.474258, -0.004744, -0.999829, -0.017884, -0.525356, -0.256338, 0.018503, -0.96641, 0.076727, 0.0, 0.0, 0.0, 1.0],
                [0.966576, -0.0, -0.256382, -0.474258, -0.004744, -0.999829, -0.017884, -0.525356, -0.256338, 0.018503, -0.96641, 0.076727, 0.0, 0.0, 0.0, 1.0],
                [0.966576, -0.0, -0.256382, -0.474258, -0.004744, -0.999829, -0.017884, -0.525356, -0.256338, 0.018503, -0.96641, 0.076727, 0.0, 0.0, 0.0, 1.0],
                [0.966576, -0.0, -0.256382, -0.474258, -0.004744, -0.999829, -0.017884, -0.525356, -0.256338, 0.018503, -0.96641, 0.076727, 0.0, 0.0, 0.0, 1.0],
                [0.966576, -0.0, -0.256382, -0.474258, -0.004744, -0.999829, -0.017884, -0.525356, -0.256338, 0.018503, -0.96641, 0.076727, 0.0, 0.0, 0.0, 1.0],
                [0.966576, -0.0, -0.256382, -0.474258, -0.004744, -0.999829, -0.017884, -0.525356, -0.256338, 0.018503, -0.96641, 0.076727, 0.0, 0.0, 0.0, 1.0],
                [0.966576, -0.0, -0.256382, -0.474258, -0.004744, -0.999829, -0.017884, -0.525356, -0.256338, 0.018503, -0.96641, 0.076727, 0.0, 0.0, 0.0, 1.0],
                [0.966576, -0.0, -0.256382, -0.474258, -0.004744, -0.999829, -0.017884, -0.525356, -0.256338, 0.018503, -0.96641, 0.076727, 0.0, 0.0, 0.0, 1.0],
                [0.966576, -0.0, -0.256382, -0.474258, -0.004744, -0.999829, -0.017884, -0.525356, -0.256338, 0.018503, -0.96641, 0.076727, 0.0, 0.0, 0.0, 1.0],
                [0.966576, -0.0, -0.256382, -0.474258, -0.004744, -0.999829, -0.017884, -0.525356, -0.256338, 0.018503, -0.96641, 0.076727, 0.0, 0.0, 0.0, 1.0],
                [0.966576, -0.0, -0.256382, -0.474258, -0.004744, -0.999829, -0.017884, -0.525356, -0.256338, 0.018503, -0.96641, 0.076727, 0.0, 0.0, 0.0, 1.0],
                [0.966576, -0.0, -0.256382, -0.474258, -0.004744, -0.999829, -0.017884, -0.525356, -0.256338, 0.018503, -0.96641, 0.076727, 0.0, 0.0, 0.0, 1.0],
                [0.966576, -0.0, -0.256382, -0.474258, -0.004744, -0.999829, -0.017884, -0.525356, -0.256338, 0.018503, -0.96641, 0.076727, 0.0, 0.0, 0.0, 1.0],
                [0.966576, -0.0, -0.256382, -0.474258, -0.004744, -0.999829, -0.017884, -0.525356, -0.256338, 0.018503, -0.96641, 0.076727, 0.0, 0.0, 0.0, 1.0],
                [0.966576, -0.0, -0.256382, -0.474258, -0.004744, -0.999829, -0.017884, -0.525356, -0.256338, 0.018503, -0.96641, 0.076727, 0.0, 0.0, 0.0, 1.0],
                [0.966576, -0.0, -0.256382, -0.474258, -0.004744, -0.999829, -0.017884, -0.525356, -0.256338, 0.018503, -0.96641, 0.076727, 0.0, 0.0, 0.0, 1.0],
                [0.966576, -0.0, -0.256382, -0.474258, -0.004744, -0.999829, -0.017884, -0.525356, -0.256338, 0.018503, -0.96641, 0.076727, 0.0, 0.0, 0.0, 1.0],
                [0.966576, -0.0, -0.256382, -0.474258, -0.004744, -0.999829, -0.017884, -0.525356, -0.256338, 0.018503, -0.96641, 0.076727, 0.0, 0.0, 0.0, 1.0],
                [0.966576, -0.0, -0.256382, -0.474258, -0.004744, -0.999829, -0.017884, -0.525356, -0.256338, 0.018503, -0.96641, 0.076727, 0.0, 0.0, 0.0, 1.0],
                [0.966576, -0.0, -0.256382, -0.474258, -0.004744, -0.999829, -0.017884, -0.525356, -0.256338, 0.018503, -0.96641, 0.076727, 0.0, 0.0, 0.0, 1.0],
                [0.966576, -0.0, -0.256382, -0.474258, -0.004744, -0.999829, -0.017884, -0.525356, -0.256338, 0.018503, -0.96641, 0.076727, 0.0, 0.0, 0.0, 1.0],
                [0.966576, -0.0, -0.256382, -0.474258, -0.004744, -0.999829, -0.017884, -0.525356, -0.256338, 0.018503, -0.96641, 0.076727, 0.0, 0.0, 0.0, 1.0],
                [0.966576, -0.0, -0.256382, -0.474258, -0.004744, -0.999829, -0.017884, -0.525356, -0.256338, 0.018503, -0.96641, 0.076727, 0.0, 0.0, 0.0, 1.0],
                [0.966576, -0.0, -0.256382, -0.474258, -0.004744, -0.999829, -0.017884, -0.525356, -0.256338, 0.018503, -0.96641, 0.076727, 0.0, 0.0, 0.0, 1.0],
                [0.966576, -0.0, -0.256382, -0.474258, -0.004744, -0.999829, -0.017884, -0.525356, -0.256338, 0.018503, -0.96641, 0.076727, 0.0, 0.0, 0.0, 1.0]
            ]
        },
        {
            "name": "Thigh_R",
