{
    "animation": [
        {
            "name": "Root",
            "time": [0.0, 0.0167, 0.0333, 0.05, 0.0667, 0.0833, 0.1, 0.1167, 0.1333, 0.15, 0.1667, 0.1833, 0.2, 0.2167, 0.2333, 0.25, 0.2667, 0.2833, 0.3, 0.3167, 0.3333, 0.35, 0.3667, 0.3833, 0.4, 0.4167, 0.4333, 0.45, 0.4667, 0.4833, 0.5, 0.5167, 0.5333, 0.55, 0.5667, 0.5833, 0.6, 0.6167, 0.6333, 0.65, 0.6667, 0.6833, 0.7, 0.7167, 0.7333, 0.75, 0.7667, 0.7833, 0.8, 0.8167, 0.8333, 0.85, 0.8667, 0.8833, 0.9, 0.9167, 0.9333, 0.95, 0.9667, 0.9833, 1.0, 1.0167, 1.0333, 1.05, 1.0667, 1.0833, 1.1, 1.1167, 1.1333, 1.15, 1.1667, 1.1833, 1.2, 1.2167, 1.2333, 1.25, 1.2667, 1.2833, 1.3, 1.3167, 1.3333],
            "transform": [
                [0.999791, -0.015068, -0.013807, 0.021751, -0.01404, -0.015517, -0.999781, -0.900969, 0.01485, 0.999766, -0.015725, 0.616158, 0.0, 0.0, 0.0, 1.0],
                [0.999791, -0.015068, -0.013807, 0.021751, -0.01404, -0.015517, -0.999781, -0.971014, 0.01485, 0.999766, -0.015725, 0.614818, 0.0, 0.0, 0.0, 1.0],
                [0.999791, -0.015068, -0.013807, 0.021751, -0.01404, -0.015517, -0.999781, -1.167748, 0.01485, 0.999766, -0.015725, 0.611113, 0.0, 0.0, 0.0, 1.0],
                [0.999791, -0.015068, -0.013807, 0.021751, -0.01404, -0.015517, -0.999781, -1.471068, 0.01485, 0.999766, -0.015725, 0.605515, 0.0, 0.0, 0.0, 1.0],
                [0.999791, -0.015068, -0.013807, 0.021751, -0.01404, -0.015517, -0.999781, -1.860872, 0.01485, 0.999766, -0.015725, 0.598498, 0.0, 0.0, 0.0, 1.0],
                [0.999791, -0.015068, -0.013807, 0.021751, -0.01404, -0.015517, -0.999781, -2.31706, 0.01485, 0.999766, -0.015725, 0.590535, 0.0, 0.0, 0.0, 1.0],
                [0.999791, -0.015068, -0.013807, 0.021751, -0.01404, -0.015517, -0.999781, -2.819529, 0.01485, 0.999766, -0.015725, 0.5821, 0.0, 0.0, 0.0, 1.0],
                [0.999791, -0.015068, -0.013807, 0.021751, -0.01404, -0.015517, -0.999781, -3.348177, 0.01485, 0.999766, -0.015725, 0.573664, 0.0, 0.0, 0.0, 1.0],
                [0.999791, -0.015068, -0.013807, 0.021751, -0.01404, -0.015517, -0.999781, -3.882902, 0.01485, 0.999766, -0.015725, 0.565701, 0.0, 0.0, 0.0, 1.0],
                [0.999791, -0.015068, -0.013807, 0.021751, -0.01404, -0.015517, -0.999781, -4.403603, 0.01485, 0.999766, -0.015725, 0.558684, 0.0, 0.0, 0.0, 1.0],
                [0.999791, -0.015068, -0.013807, 0.021751, -0.01404, -0.015517, -0.999781, -4.890177, 0.01485, 0.999766, -0.015725, 0.553087, 0.0, 0.0, 0.0, 1.0],
                [0.999791, -0.015068, -0.013807, 0.021751, -0.014139, -0.022162, -0.999654, -5.327004, 0.014756, 0.999641, -0.02237, 0.549233, 0.0, 0.0, 0.0, 1.0],
                [0.999791, -0.015068, -0.013807, 0.021751, -0.014404, -0.040314, -0.999083, -5.716384, 0.014497, 0.999073, -0.040522, 0.546858, 0.0, 0.0, 0.0, 1.0],
                [0.999791, -0.015068, -0.013807, 0.021751, -0.014791, -0.067287, -0.997624, -6.0651, 0.014103, 0.99762, -0.067496, 0.545546, 0.0, 0.0, 0.0, 1.0],
                [0.999791, -0.015068, -0.013807, 0.021751, -0.015251, -0.100361, -0.994834, -6.379933, 0.013604, 0.994837, -0.100569, 0.544883, 0.0, 0.0, 0.0, 1.0],
                [0.999791, -0.015068, -0.013807, 0.021751, -0.015739, -0.136776, -0.990477, -6.667666, 0.013036, 0.990487, -0.136984, 0.544456, 0.0, 0.0, 0.0, 1.0],
                [0.999791, -0.015068, -0.013807, 0.021751, -0.016216, -0.173769, -0.984653, -6.93508, 0.012437, 0.984671, -0.173977, 0.543849, 0.0, 0.0, 0.0, 1.0],
                [0.999791, -0.015068, -0.013807, 0.021751, -0.016648, -0.208623, -0.977854, -7.188957, 0.011854, 0.97788, -0.20883, 0.542649, 0.0, 0.0, 0.0, 1.0],
                [0.999791, -0.015068, -0.013807, 0.021751, -0.017006, -0.238716, -0.970941, -7.436079, 0.011334, 0.970973, -0.238922, 0.540441, 0.0, 0.0, 0.0, 1.0],
                [0.999791, -0.015068, -0.013807, 0.021751, -0.017268, -0.261533, -0.96504, -7.683228, 0.01093, 0.965077, -0.261739, 0.53681, 0.0, 0.0, 0.0, 1.0],
                [0.999791, -0.015068, -0.013807, 0.021751, -0.017415, -0.274636, -0.96139, -7.937185, 0.010694, 0.96143, -0.274841, 0.531344, 0.0, 0.0, 0.0, 1.0],
                [0.999791, -0.015066, -0.013802, 0.021751, -0.017484, -0.281337, -0.95945, -8.203242, 0.010573, 0.959491, -0.281541, 0.510129, 0.0, 0.0, 0.0, 1.0],
                [0.999791, -0.015063, -0.013789, 0.021751, -0.01753, -0.286673, -0.957868, -8.480724, 0.010475, 0.95791, -0.286878, 0.463823, 0.0, 0.0, 0.0, 1.0],
                [0.999792, -0.015059, -0.013772, 0.021751, -0.017558, -0.290808, -0.95662, -8.767466, 0.0104, 0.956663, -0.291011, 0.398861, 0.0, 0.0, 0.0, 1.0],
                [0.999792, -0.015054, -0.013755, 0.021751, -0.017573, -0.293899, -0.955675, -9.061302, 0.010344, 0.955718, -0.294102, 0.321678, 0.0, 0.0, 0.0, 1.0],
                [0.999792, -0.015049, -0.013739, 0.021751, -0.017581, -0.296105, -0.954994, -9.360065, 0.010304, 0.955037, -0.296308, 0.238712, 0.0, 0.0, 0.0, 1.0],
                [0.999793, -0.015047, -0.013729, 0.021751, -0.017586, -0.297583, -0.954534, -9.661594, 0.010277, 0.954577, -0.297786, 0.156399, 0.0, 0.0, 0.0, 1.0],
                [0.999793, -0.015046, -0.013727, 0.021751, -0.017594, -0.298489, -0.954251, -9.96372, 0.01026, 0.954294, -0.298692, 0.081173, 0.0, 0.0, 0.0, 1.0],
                [0.999792, -0.015049, -0.013737, 0.021751, -0.01761, -0.298979, -0.954097, -10.264277, 0.010251, 0.954141, -0.299182, 0.019472, 0.0, 0.0, 0.0, 1.0],
                [0.999792, -0.015056, -0.013763, 0.021751, -0.017639, -0.299207, -0.954025, -10.561103, 0.010246, 0.954069, -0.299411, -0.022268, 0.0, 0.0, 0.0, 1.0],
                [0.999791, -0.015068, -0.013807, 0.021751, -0.017685, -0.299329, -0.953986, -10.852029, 0.010242, 0.954031, -0.299533, -0.037612, 0.0, 0.0, 0.0, 1.0],
                [0.999678, -0.016728, -0.019102, 0.021751, -0.023236, -0.299339, -0.953864, -11.134981, 0.010238, 0.954, -0.299631, -0.037612, 0.0, 0.0, 0.0, 1.0],
                [0.999217, -0.021209, -0.03339, 0.021751, -0.03821, -0.299112, -0.953453, -11.408242, 0.010234, 0.953982, -0.299688, -0.037612, 0.0, 0.0, 0.0, 1.0],
                [0.998131, -0.027802, -0.05442, 0.021751, -0.060248, -0.298594, -0.952477, -11.670188, 0.010231, 0.953975, -0.299711, -0.037612, 0.0, 0.0, 0.0, 1.0],
                [0.996158, -0.03579, -0.079921, 0.021751, -0.086969, -0.297739, -0.950678, -11.919191, 0.010229, 0.953976, -0.299707, -0.037612, 0.0, 0.0, 0.0, 1.0],
                [0.9932, -0.044451, -0.107601, 0.021751, -0.115971, -0.296546, -0.947951, -12.153625, 0.010228, 0.953984, -0.299684, -0.037612, 0.0, 0.0, 0.0, 1.0],
                [0.989399, -0.053068, -0.135176, 0.021751, -0.144859, -0.29509, -0.944425, -12.371865, 0.01023, 0.953995, -0.299649, -0.037612, 0.0, 0.0, 0.0, 1.0],
                [0.98517, -0.060939, -0.160392, 0.021751, -0.171273, -0.293525, -0.940483, -12.572285, 0.010233, 0.954007, -0.299609, -0.037612, 0.0, 0.0, 0.0, 1.0],
                [0.981163, -0.067379, -0.18105, 0.021751, -0.19291, -0.292075, -0.936738, -12.753255, 0.010237, 0.954019, -0.299572, -0.037612, 0.0, 0.0, 0.0, 1.0],
                [0.978176, -0.071726, -0.195003, 0.021751, -0.207524, -0.29101, -0.933942, -12.913155, 0.01024, 0.954027, -0.299544, -0.037612, 0.0, 0.0, 0.0, 1.0],
                [0.977022, -0.073322, -0.20013, 0.021751, -0.212892, -0.290601, -0.93286, -13.050355, 0.010242, 0.954031, -0.299533, -0.037612, 0.0, 0.0, 0.0, 1.0],
                [0.977992, -0.071983, -0.195831, 0.021751, -0.20839, -0.290936, -0.933772, -13.163894, 0.010242, 0.954031, -0.299533, -0.037612, 0.0, 0.0, 0.0, 1.0],
                [0.980521, -0.06834, -0.18414, 0.021751, -0.196145, -0.291813, -0.936148, -13.255466, 0.010242, 0.954031, -0.299533, -0.037612, 0.0, 0.0, 0.0, 1.0],
                [0.983971, -0.062948, -0.16685, 0.021751, -0.178035, -0.293023, -0.939383, -13.327432, 0.010242, 0.954031, -0.299533, -0.037612, 0.0, 0.0, 0.0, 1.0],
                [0.987711, -0.05637, -0.14577, 0.021751, -0.155953, -0.29436, -0.942884, -13.382147, 0.010242, 0.954031, -0.299533, -0.037612, 0.0, 0.0, 0.0, 1.0],
                [0.99122, -0.049177, -0.12274, 0.021751, -0.131828, -0.295646, -0.946158, -13.421973, 0.010242, 0.954031, -0.299533, -0.037612, 0.0, 0.0, 0.0, 1.0],
                [0.994139, -0.041955, -0.099638, 0.021751, -0.107624, -0.296757, -0.948869, -13.449269, 0.010242, 0.954031, -0.299533, -0.037612, 0.0, 0.0, 0.0, 1.0],
                [0.9963, -0.035298, -0.078362, 0.021751, -0.085332, -0.297623, -0.950862, -13.466392, 0.010242, 0.954031, -0.299533, -0.037612, 0.0, 0.0, 0.0, 1.0],
                [0.997704, -0.029805, -0.060818, 0.021751, -0.06695, -0.298223, -0.952145, -13.475702, 0.010242, 0.954031, -0.299533, -0.037612, 0.0, 0.0, 0.0, 1.0],
                [0.998463, -0.026074, -0.048908, 0.021751, -0.05447, -0.298572, -0.952831, -13.47956, 0.010242, 0.954031, -0.299533, -0.037612, 0.0, 0.0, 0.0, 1.0],
                [0.998703, -0.024699, -0.044519, 0.021751, -0.049871, -0.298689, -0.953047, -13.480321, 0.010242, 0.954031, -0.299533, -0.037612, 0.0, 0.0, 0.0, 1.0],
                [0.998703, -0.024699, -0.044519, 0.021751, -0.049871, -0.298689, -0.953047, -13.480321, 0.010242, 0.954031, -0.299533, -0.037612, 0.0, 0.0, 0.0, 1.0],
                [0.998703, -0.024699, -0.044519, 0.021751, -0.049871, -0.298689, -0.953047, -13.480321, 0.010242, 0.954031, -0.299533, -0.037612, 0.0, 0.0, 0.0, 1.0],
                [0.998703, -0.024699, -0.044519, 0.021751, -0.049871, -0.298689, -0.953047, -13.480321, 0.010242, 0.954031, -0.299533, -0.037612, 0.0, 0.0, 0.0, 1.0],
                [0.998703, -0.024699, -0.044519, 0.021751, -0.049871, -0.298689, -0.953047, -13.480321, 0.010242, 0.954031, -0.299533, -0.037612, 0.0, 0.0, 0.0, 1.0],
                [0.998703, -0.024699, -0.044519, 0.021751, -0.049871, -0.298689, -0.953047, -13.480321, 0.010242, 0.954031, -0.299533, -0.037612, 0.0, 0.0, 0.0, 1.0],
                [0.998703, -0.024699, -0.044519, 0.021751, -0.049871, -0.298689, -0.953047, -13.480321, 0.010242, 0.954031, -0.299533, -0.037612, 0.0, 0.0, 0.0, 1.0],
                [0.998703, -0.024699, -0.044519, 0.021751, -0.049871, -0.298689, -0.953047, -13.480321, 0.010242, 0.954031, -0.299533, -0.037612, 0.0, 0.0, 0.0, 1.0],
                [0.998703, -0.024699, -0.044519, 0.021751, -0.049871, -0.298689, -0.953047, -13.480321, 0.010242, 0.954031, -0.299533, -0.037612, 0.0, 0.0, 0.0, 1.0],
                [0.998703, -0.024699, -0.044519, 0.021751, -0.049871, -0.298689, -0.953047, -13.480321, 0.010242, 0.954031, -0.299533, -0.037612, 0.0, 0.0, 0.0, 1.0],
                [0.998703, -0.024699, -0.044519, 0.021751, -0.049871, -0.298689, -0.953047, -13.480321, 0.010242, 0.954031, -0.299533, -0.037612, 0.0, 0.0, 0.0, 1.0],
                [0.998703, -0.024699, -0.044519, 0.021751, -0.049871, -0.298689, -0.953047, -13.480321, 0.010242, 0.954031, -0.299533, -0.037612, 0.0, 0.0, 0.0, 1.0],
                [0.998703, -0.024699, -0.044519, 0.021751, -0.049871, -0.298689, -0.953047, -13.480321, 0.010242, 0.954031, -0.299533, -0.037612, 0.0, 0.0, 0.0, 1.0],
                [0.998703, -0.024699, -0.044519, 0.021751, -0.049871, -0.298689, -0.953047, -13.480321, 0.010242, 0.954031, -0.299533, -0.037612, 0.0, 0.0, 0.0, 1.0],
                [0.998703, -0.024699, -0.044519, 0.021751, -0.049871, -0.298689, -0.953047, -13.480321, 0.010242, 0.954031, -0.299533, -0.037612, 0.0, 0.0, 0.0, 1.0],
                [0.998703, -0.024699, -0.044519, 0.021751, -0.049871, -0.298689, -0.953047, -13.480321, 0.010242, 0.954031, -0.299533, -0.037612, 0.0, 0.0, 0.0, 1.0],
                [0.998703, -0.024699, -0.044519, 0.021751, -0.049871, -0.298689, -0.953047, -13.480321, 0.010242, 0.954031, -0.299533, -0.037612, 0.0, 0.0, 0.0, 1.0],
                [0.998703, -0.024699, -0.044519, 0.021751, -0.049871, -0.298689, -0.953047, -13.480321, 0.010242, 0.954031, -0.299533, -0.037612, 0.0, 0.0, 0.0, 1.0],
                [0.998703, -0.024699, -0.044519, 0.021751, -0.049871, -0.298689, -0.953047, -13.480321, 0.010242, 0.954031, -0.299533, -0.037612, 0.0, 0.0, 0.0, 1.0],
                [0.998703, -0.024699, -0.044519, 0.021751, -0.049871, -0.298689, -0.953047, -13.480321, 0.010242, 0.954031, -0.299533, -0.037612, 0.0, 0.0, 0.0, 1.0],
                [0.998703, -0.024699, -0.044519, 0.021751, -0.049871, -0.298689, -0.953047, -13.480321, 0.010242, 0.954031, -0.299533, -0.037612, 0.0, 0.0, 0.0, 1.0],
                [0.998703, -0.024699, -0.044519, 0.021751, -0.049871, -0.298689, -0.953047, -13.480321, 0.010242, 0.954031, -0.299533, -0.037612, 0.0, 0.0, 0.0, 1.0],
                [0.998703, -0.024699, -0.044519, 0.021751, -0.049871, -0.298689, -0.953047, -13.480321, 0.010242, 0.954031, -0.299533, -0.037612, 0.0, 0.0, 0.0, 1.0],
                [0.998703, -0.024699, -0.044519, 0.021751, -0.049871, -0.298689, -0.953047, -13.480321, 0.010242, 0.954031, -0.299533, -0.037612, 0.0, 0.0, 0.0, 1.0],
                [0.998703, -0.024699, -0.044519, 0.021751, -0.049871, -0.298689, -0.953047, -13.480321, 0.010242, 0.954031, -0.299533, -0.037612, 0.0, 0.0, 0.0, 1.0],
                [0.998703, -0.024699, -0.044519, 0.021751, -0.049871, -0.298689, -0.953047, -13.480321, 0.010242, 0.954031, -0.299533, -0.037612, 0.0, 0.0, 0.0, 1.0],
                [0.998703, -0.024699, -0.044519, 0.021751, -0.049871, -0.298689, -0.953047, -13.480321, 0.010242, 0.954031, -0.299533, -0.037612, 0.0, 0.0, 0.0, 1.0],
                [0.998703, -0.024699, -0.044519, 0.021751, -0.049871, -0.298689, -0.953047, -13.480321, 0.010242, 0.954031, -0.299533, -0.037612, 0.0, 0.0, 0.0, 1.0],
                [0.998703, -0.024699, -0.044519, 0.021751, -0.049871, -0.298689, -0.953047, -13.480321, 0.010242, 0.954031, -0.299533, -0.037612, 0.0, 0.0, 0.0, 1.0],
                [0.998703, -0.024699, -0.044519, 0.021751, -0.049871, -0.298689, -0.953047, -13.480321, 0.010242, 0.954031, -0.299533, -0.037612, 0.0, 0.0, 0.0, 1.0],
                [0.998703, -0.024699, -0.044519, 0.021751, -0.049871, -0.298689, -0.953047, -13.480321, 0.010242, 0.954031, -0.299533, -0.037612, 0.0, 0.0, 0.0, 1.0]
            ]
        },
        {
            "name": "Thigh_R",
            "time": [0.0, 0.0167, 0.0333, 0.05, 0.0667, 0.0833, 0.1, 0.1167, 0.1333, 0.15, 0.1667, 0.1833, 0.2, 0.2167, 0.2333, 0.25, 0.2667, 0.2833, 0.3, 0.3167, 0.3333, 0.35, 0.3667, 0.3833, 0.4, 0.4167, 0.4333, 0.45, 0.4667, 0.4833, 0.5, 0.5167, 0.5333, 0.55, 0.5667, 0.5833, 0.6, 0.6167, 0.6333, 0.65, 0.6667, 0.6833, 0.7, 0.7167, 0.7333, 0.75, 0.7667, 0.7833, 0.8, 0.8167, 0.8333, 0.85, 0.8667, 0.8833, 0.9, 0.9167, 0.9333, 0.95, 0.9667, 0.9833, 1.0, 1.0167, 1.0333, 1.05, 1.0667, 1.0833, 1.1, 1.1167, 1.1333, 1.15, 1.1667, 1.1833, 1.2, 1.2167, 1.2333, 1.25, 1.2667, 1.2833, 1.3, 1.3167, 1.3333],
            "transform": [
                [0.940366, -0.055183, -0.335657, 0.124994, 0.092394, -0.908219, 0.408163, -0.002831, -0.327375, -0.414835, -0.848963, -1.2e-05, 0.0, 0.0, 0.0, 1.0],
                [0.940001, -0.053729, -0.336913, 0.124994, 0.095685, -0.906367, 0.411509, -0.002831, -0.327477, -0.419056, -0.846848, -1.2e-05, 0.0, 0.0, 0.0, 1.0],
                [0.938938, -0.049414, -0.34052, 0.124994, 0.105447, -0.900694, 0.421459, -0.002831, -0.327531, -0.43163, -0.840487, -1.2e-05, 0.0, 0.0, 0.0, 1.0],
                [0.937173, -0.042357, -0.346283, 0.124994, 0.121494, -0.890837, 0.437774, -0.002831, -0.327025, -0.45234, -0.829724, -1.2e-05, 0.0, 0.0, 0.0, 1.0],
                [0.934647, -0.032724, -0.354068, 0.124994, 0.143614, -0.876182, 0.460084, -0.002831, -0.325285, -0.480864, -0.814223, -1.2e-05, 0.0, 0.0, 0.0, 1.0],
                [0.931245, -0.020719, -0.363803, 0.124994, 0.171564, -0.855869, 0.487904, -0.002831, -0.321478, -0.516773, -0.793472, -1.2e-05, 0.0, 0.0, 0.0, 1.0],
                [0.926807, -0.006571, -0.37548, 0.124994, 0.205044, -0.8288, 0.52062, -0.002831, -0.314619, -0.559503, -0.766792, -1.2e-05, 0.0, 0.0, 0.0, 1.0],
                [0.921126, 0.009456, -0.389148, 0.124994, 0.24366, -0.793635, 0.557468, -0.002831, -0.30357, -0.608317, -0.733344, -1.2e-05, 0.0, 0.0, 0.0, 1.0],
                [0.913955, 0.027055, -0.404913, 0.124994, 0.28687, -0.748812, 0.597481, -0.002831, -0.287039, -0.662226, -0.692144, -1.2e-05, 0.0, 0.0, 0.0, 1.0],
                [0.905002, 0.045857, -0.422929, 0.124994, 0.333908, -0.692566, 0.639418, -0.002831, -0.263585, -0.719893, -0.642087, -1.2e-05, 0.0, 0.0, 0.0, 1.0],
                [0.893941, 0.065402, -0.443387, 0.124994, 0.383684, -0.622979, 0.681676, -0.002831, -0.231638, -0.779497, -0.582001, -1.2e-05, 0.0, 0.0, 0.0, 1.0],
                [0.884329, 0.090052, -0.458097, 0.124994, 0.430445, -0.537201, 0.725348, -0.002831, -0.180772, -0.83863, -0.513826, -1.2e-05, 0.0, 0.0, 0.0, 1.0],
                [0.878506, 0.124188, -0.461308, 0.124994, 0.466193, -0.433795, 0.771029, -0.002831, -0.10436, -0.89241, -0.438988, -1.1e-05, 0.0, 0.0, 0.0, 1.0],
                [0.873909, 0.166957, -0.456518, 0.124994, 0.486034, -0.314287, 0.815472, -0.002831, -0.007329, -0.934529, -0.355806, -1.2e-05, 0.0, 0.0, 0.0, 1.0],
                [0.867939, 0.216755, -0.446876, 0.124994, 0.485698, -0.182344, 0.854896, -0.002831, 0.103818, -0.959043, -0.263541, -1.2e-05, 0.0, 0.0, 0.0, 1.0],
                [0.858567, 0.271055, -0.435191, 0.124994, 0.462623, -0.043683, 0.885478, -0.002831, 0.221003, -0.96157, -0.162901, -1.2e-05, 0.0, 0.0, 0.0, 1.0],
                [0.844854, 0.326552, -0.423774, 0.124994, 0.416856, 0.094685, 0.904027, -0.002831, 0.335337, -0.940423, -0.05613, -1.1e-05, 0.0, 0.0, 0.0, 1.0],
                [0.82725, 0.379597, -0.414201, 0.124994, 0.351352, 0.225749, 0.908619, -0.002831, 0.438415, -0.897184, 0.053379, -1.1e-05, 0.0, 0.0, 0.0, 1.0],
                [0.807529, 0.426753, -0.407157, 0.124994, 0.271493, 0.34389, 0.898905, -0.002831, 0.523629, -0.836431, 0.161841, -1.2e-05, 0.0, 0.0, 0.0, 1.0],
                [0.788426, 0.465236, -0.402416, 0.124994, 0.184023, 0.445843, 0.87599, -0.002831, 0.586957, -0.764706, 0.265901, -1.2e-05, 0.0, 0.0, 0.0, 1.0],
                [0.773133, 0.493045, -0.398961, 0.124994, 0.095871, 0.530957, 0.841958, -0.002831, 0.626955, -0.689193, 0.363233, -1.2e-05, 0.0, 0.0, 0.0, 1.0],
                [0.76242, 0.510835, -0.397193, 0.124994, 0.013568, 0.601065, 0.799084, -0.002831, 0.646939, -0.614626, 0.451334, -1.2e-05, 0.0, 0.0, 0.0, 1.0],
                [0.755094, 0.521361, -0.397509, 0.124994, -0.059891, 0.658631, 0.750077, -0.002831, 0.652874, -0.542571, 0.528555, -1.2e-05, 0.0, 0.0, 0.0, 1.0],
                [0.751114, 0.52617, -0.398713, 0.124994, -0.123788, 0.705492, 0.697822, -0.002831, 0.648463, -0.474788, 0.59504, -1.2e-05, 0.0, 0.0, 0.0, 1.0],
                [0.750097, 0.526658, -0.399981, 0.124994, -0.177884, 0.743199, 0.644989, -0.002831, 0.636954, -0.412654, 0.651157, -1.3e-05, 0.0, 0.0, 0.0, 1.0],
                [0.751445, 0.524094, -0.400818, 0.124994, -0.22228, 0.773064, 0.594105, -0.002831, 0.621226, -0.357342, 0.697413, -1.2e-05, 0.0, 0.0, 0.0, 1.0],
                [0.754422, 0.519641, -0.401023, 0.124994, -0.257327, 0.796187, 0.5476, -0.00283, 0.603846, -0.309927, 0.734381, -1.2e-05, 0.0, 0.0, 0.0, 1.0],
                [0.758217, 0.514388, -0.400638, 0.124994, -0.283545, 0.813465, 0.507813, -0.002831, 0.587119, -0.271433, 0.762637, -1.2e-05, 0.0, 0.0, 0.0, 1.0],
                [0.761984, 0.509371, -0.3999, 0.124994, -0.301554, 0.825566, 0.476973, -0.00283, 0.573101, -0.242853, 0.782673, -1.1e-05, 0.0, 0.0, 0.0, 1.0],
                [0.764866, 0.50561, -0.399171, 0.124994, -0.311984, 0.83287, 0.457154, -0.00283, 0.5636, -0.225126, 0.794779, -1.2e-05, 0.0, 0.0, 0.0, 1.0],
                [0.766013, 0.504126, -0.398849, 0.124994, -0.315372, 0.835382, 0.450194, -0.002831, 0.560146, -0.219069, 0.798903, -1.2e-05, 0.0, 0.0, 0.0, 1.0],
                [0.773079, 0.48465, -0.409222, 0.124994, -0.280026, 0.839637, 0.465393, -0.002831, 0.569152, -0.245192, 0.784823, -1.2e-05, 0.0, 0.0, 0.0, 1.0],
                [0.788424, 0.43, -0.439871, 0.124994, -0.178568, 0.844281, 0.505273, -0.002831, 0.588643, -0.319822, 0.742437, -1.2e-05, 0.0, 0.0, 0.0, 1.0],
                [0.799038, 0.346033, -0.49173, 0.124994, -0.016561, 0.830158, 0.557278, -0.002831, 0.601051, -0.437143, 0.669061, -1.2e-05, 0.0, 0.0, 0.0, 1.0],
                [0.788939, 0.243523, -0.564156, 0.124994, 0.192524, 0.773922, 0.603305, -0.002831, 0.583532, -0.584583, 0.563695, -1.2e-05, 0.0, 0.0, 0.0, 1.0],
                [0.746262, 0.141141, -0.650516, 0.124994, 0.418959, 0.659821, 0.623784, -0.002831, 0.517267, -0.738045, 0.433269, -1.1e-05, 0.0, 0.0, 0.0, 1.0],
                [0.672634, 0.0607, -0.737482, 0.124994, 0.621956, 0.493594, 0.607893, -0.002831, 0.400917, -0.867569, 0.294257, -1.1e-05, 0.0, 0.0, 0.0, 1.0],
                [0.58543, 0.016166, -0.810562, 0.124994, 0.769453, 0.303845, 0.5618, -0.002831, 0.255368, -0.952582, 0.165441, -1.1e-05, 0.0, 0.0, 0.0, 1.0],
                [0.5085, 0.007436, -0.86103, 0.124994, 0.853714, 0.126006, 0.505267, -0.002831, 0.112252, -0.992, 0.057726, -1.2e-05, 0.0, 0.0, 0.0, 1.0],
                [0.461021, 0.024927, -0.887039, 0.124994, 0.887387, -0.014572, 0.460793, -0.002832, -0.00144, -0.999581, -0.028838, -1.3e-05, 0.0, 0.0, 0.0, 1.0],
                [0.4541, 0.058461, -0.889031, 0.124994, 0.888327, -0.106223, 0.446756, -0.002831, -0.068318, -0.99262, -0.100169, -1.2e-05, 0.0, 0.0, 0.0, 1.0],
                [0.474235, 0.097547, -0.874978, 0.124994, 0.87498, -0.162303, 0.456143, -0.002831, -0.097517, -0.981906, -0.162322, -1.2e-05, 0.0, 0.0, 0.0, 1.0],
                [0.501382, 0.135586, -0.854537, 0.124994, 0.858336, -0.20233, 0.471509, -0.002831, -0.108968, -0.969884, -0.217824, -1.2e-05, 0.0, 0.0, 0.0, 1.0],
                [0.532509, 0.172083, -0.828747, 0.124994, 0.839761, -0.23002, 0.491824, -0.002831, -0.105994, -0.957849, -0.266997, -1.1e-05, 0.0, 0.0, 0.0, 1.0],
                [0.564943, 0.206616, -0.798843, 0.124994, 0.820008, -0.24829, 0.515692, -0.002831, -0.091795, -0.946392, -0.309697, -1.2e-05, 0.0, 0.0, 0.0, 1.0],
                [0.596348, 0.238663, -0.766426, 0.124994, 0.799699, -0.259462, 0.541442, -0.002831, -0.069636, -0.935797, -0.345589, -1.1e-05, 0.0, 0.0, 0.0, 1.0],
                [0.624751, 0.267505, -0.733571, 0.124994, 0.779639, -0.265421, 0.567198, -0.002831, -0.042977, -0.926277, -0.374381, -1.3e-05, 0.0, 0.0, 0.0, 1.0],
                [0.648586, 0.292202, -0.702819, 0.124994, 0.760983, -0.267741, 0.590947, -0.002831, -0.015498, -0.918112, -0.396015, -1.1e-05, 0.0, 0.0, 0.0, 1.0],
                [0.666684, 0.31159, -0.677084, 0.124994, 0.745286, -0.267792, 0.610603, -0.00283, 0.00894, -0.911699, -0.410757, -1.4e-05, 0.0, 0.0, 0.0, 1.0],
                [0.678175, 0.324321, -0.659464, 0.124994, 0.734425, -0.266844, 0.62403, -0.002831, 0.026412, -0.907527, -0.419158, -1.3e-05, 0.0, 0.0, 0.0, 1.0],
                [0.682231, 0.328909, -0.652978, 0.124994, 0.730388, -0.266209, 0.629019, -0.002831, 0.033061, -0.906062, -0.421848, -1.1e-05, 0.0, 0.0, 0.0, 1.0],
                [0.682231, 0.328909, -0.652978, 0.124994, 0.730388, -0.266209, 0.629019, -0.002831, 0.033061, -0.906062, -0.421848, -1.1e-05, 0.0, 0.0, 0.0, 1.0],
                [0.682231, 0.328909, -0.652978, 0.124994, 0.730388, -0.266209, 0.629019, -0.002831, 0.033061, -0.906062, -0.421848, -1.1e-05, 0.0, 0.0, 0.0, 1.0],
                [0.682231, 0.328909, -0.652978, 0.124994, 0.730388, -0.266209, 0.629019, -0.002831, 0.033061, -0.906062, -0.421848, -1.1e-05, 0.0, 0.0, 0.0, 1.0],
                [0.682231, 0.328909, -0.652978, 0.124994, 0.730388, -0.266209, 0.629019, -0.002831, 0.033061, -0.906062, -0.421848, -1.1e-05, 0.0, 0.0, 0.0, 1.0],
                [0.682231, 0.328909, -0.652978, 0.124994, 0.730388, -0.266209, 0.629019, -0.002831, 0.033061, -0.906062, -0.421848, -1.1e-05, 0.0, 0.0, 0.0, 1.0],
                [0.682231, 0.328909, -0.652978, 0.124994, 0.730388, -0.266209, 0.629019, -0.002831, 0.033061, -0.906062, -0.421848, -1.1e-05, 0.0, 0.0, 0.0, 1.0],
                [0.682231, 0.328909, -0.652978, 0.124994, 0.730388, -0.266209, 0.629019, -0.002831, 0.033061, -0.906062, -0.421848, -1.1e-05, 0.0, 0.0, 0.0, 1.0],
                [0.682231, 0.328909, -0.652978, 0.124994, 0.730388, -0.266209, 0.629019, -0.002831, 0.033061, -0.906062, -0.421848, -1.1e-05, 0.0, 0.0, 0.0, 1.0],
                [0.682231, 0.328909, -0.652978, 0.124994, 0.730388, -0.266209, 0.629019, -0.002831, 0.033061, -0.906062, -0.421848, -1.1e-05, 0.0, 0.0, 0.0, 1.0],
                [0.682231, 0.328909, -0.652978, 0.124994, 0.730388, -0.266209, 0.629019, -0.002831, 0.033061, -0.906062, -0.421848, -1.1e-05, 0.0, 0.0, 0.0, 1.0],
                [0.682231, 0.328909, -0.652978, 0.124994, 0.730388, -0.266209, 0.629019, -0.002831, 0.033061, -0.906062, -0.421848, -1.1e-05, 0.0, 0.0, 0.0, 1.0],
                [0.682231, 0.328909, -0.652978, 0.124994, 0.730388, -0.266209, 0.629019, -0.002831, 0.033061, -0.906062, -0.421848, -1.1e-05, 0.0, 0.0, 0.0, 1.0],
                [0.682231, 0.328909, -0.652978, 0.124994, 0.730388, -0.266209, 0.629019, -0.002831, 0.033061, -0.906062, -0.421848, -1.1e-05, 0.0, 0.0, 0.0, 1.0],
                [0.682231, 0.328909, -0.652978, 0.124994, 0.730388, -0.266209, 0.629019, -0.002831, 0.033061, -0.906062, -0.421848, -1.1e-05, 0.0, 0.0, 0.0, 1.0],
                [0.682231, 0.328909, -0.652978, 0.124994, 0.730388, -0.266209, 0.629019, -0.002831, 0.033061, -0.906062, -0.421848, -1.1e-05, 0.0, 0.0, 0.0, 1.0],
                [0.682231, 0.328909, -0.652978, 0.124994, 0.730388, -0.266209, 0.629019, -0.002831, 0.033061, -0.906062, -0.421848, -1.1e-05, 0.0, 0.0, 0.0, 1.0],
                [0.682231, 0.328909, -0.652978, 0.124994, 0.730388, -0.266209, 0.629019, -0.002831, 0.033061, -0.906062, -0.421848, -1.1e-05, 0.0, 0.0, 0.0, 1.0],
                [0.682231, 0.328909, -0.652978, 0.124994, 0.730388, -0.266209, 0.629019, -0.002831, 0.033061, -0.906062, -0.421848, -1.1e-05, 0.0, 0.0, 0.0, 1.0],
                [0.682231, 0.328909, -0.652978, 0.124994, 0.730388, -0.266209, 0.629019, -0.002831, 0.033061, -0.906062, -0.421848, -1.1e-05, 0.0, 0.0, 0.0, 1.0],
                [0.682231, 0.328909, -0.652978, 0.124994, 0.730388, -0.266209, 0.629019, -0.002831, 0.033061, -0.906062, -0.421848, -1.1e-05, 0.0, 0.0, 0.0, 1.0],
                [0.682231, 0.328909, -0.652978, 0.124994, 0.730388, -0.266209, 0.629019, -0.002831, 0.033061, -0.906062, -0.421848, -1.1e-05, 0.0, 0.0, 0.0, 1.0],
                [0.682231, 0.328909, -0.652978, 0.124994, 0.730388, -0.266209, 0.629019, -0.002831, 0.033061, -0.906062, -0.421848, -1.1e-05, 0.0, 0.0, 0.0, 1.0],
                [0.682231, 0.328909, -0.652978, 0.124994, 0.730388, -0.266209, 0.629019, -0.002831, 0.033061, -0.906062, -0.421848, -1.1e-05, 0.0, 0.0, 0.0, 1.0],
                [0.682231, 0.328909, -0.652978, 0.124994, 0.730388, -0.266209, 0.629019, -0.002831, 0.033061, -0.906062, -0.421848, -1.1e-05, 0.0, 0.0, 0.0, 1.0],
                [0.682231, 0.328909, -0.652978, 0.124994, 0.730388, -0.266209, 0.629019, -0.002831, 0.033061, -0.906062, -0.421848, -1.1e-05, 0.0, 0.0, 0.0, 1.0],
                [0.682231, 0.328909, -0.652978, 0.124994, 0.730388, -0.266209, 0.629019, -0.002831, 0.033061, -0.906062, -0.421848, -1.1e-05, 0.0, 0.0, 0.0, 1.0],
                [0.682231, 0.328909, -0.652978, 0.124994, 0.730388, -0.266209, 0.629019, -0.002831, 0.033061, -0.906062, -0.421848, -1.1e-05, 0.0, 0.0, 0.0, 1.0],
                [0.682231, 0.328909, -0.652978, 0.124994, 0.730388, -0.266209, 0.629019, -0.002831, 0.033061, -0.906062, -0.421848, -1.1e-05, 0.0, 0.0, 0.0, 1.0],
                [0.682231, 0.328909, -0.652978, 0.124994, 0.730388, -0.266209, 0.629019, -0.002831, 0.033061, -0.906062, -0.421848, -1.1e-05, 0.0, 0.0, 0.0, 1.0],
                [0.682231, 0.328909, -0.652978, 0.124994, 0.730388, -0.266209, 0.629019, -0.002831, 0.033061, -0.906062, -0.421848, -1.1e-05, 0.0, 0.0, 0.0, 1.0]
            ]
        },
        {
            "name": "Leg_R",
            "time": [0.0, 0.0167, 0.0333, 0.05, 0.0667, 0.0833, 0.1, 0.1167, 0.1333, 0.15, 0.1667, 0.1833, 0.2, 0.2167, 0.2333, 0.25, 0.2667, 0.2833, 0.3, 0.3167, 0.3333, 0.35, 0.3667, 0.3833, 0.4, 0.4167, 0.4333, 0.45, 0.4667, 0.4833, 0.5, 0.5167, 0.5333, 0.55, 0.5667, 0.5833, 0.6, 0.6167, 0.6333, 0.65, 0.6667, 0.6833, 0.7, 0.7167, 0.7333, 0.75, 0.7667, 0.7833, 0.8, 0.8167, 0.8333, 0.85, 0.8667, 0.8833, 0.9, 0.9167, 0.9333, 0.95, 0.9667, 0.9833, 1.0, 1.0167, 1.0333, 1.05, 1.0667, 1.0833, 1.1, 1.1167, 1.1333, 1.15, 1.1667, 1.1833, 1.2, 1.2167, 1.2333, 1.25, 1.2667, 1.2833, 1.3, 1.3167, 1.3333],
            "transform": [
                [1.0, 0.0, 1e-06, 0.0, -0.0, 0.990944, 0.134282, 0.37472, -1e-06, -0.134282, 0.990942, 0.0, 0.0, 0.0, 0.0, 1.0],
                [1.0, 0.0, 1e-06, -0.0, -0.0, 0.990944, 0.134282, 0.37472, -1e-06, -0.134282, 0.990942, 0.0, 0.0, 0.0, 0.0, 1.0],
                [1.0, 0.0, 1e-06, 0.0, -0.0, 0.990944, 0.134282, 0.37472, -1e-06, -0.134282, 0.990942, -0.0, 0.0, 0.0, 0.0, 1.0],
                [1.0, 0.0, 1e-06, 0.0, -0.0, 0.990944, 0.134282, 0.37472, -1e-06, -0.134282, 0.990942, 0.0, 0.0, 0.0, 0.0, 1.0],
                [1.0, 0.0, 1e-06, -0.0, -0.0, 0.990944, 0.134282, 0.37472, -1e-06, -0.134282, 0.990942, -0.0, 0.0, 0.0, 0.0, 1.0],
                [1.0, 0.0, 1e-06, -0.0, -0.0, 0.990944, 0.134282, 0.37472, -1e-06, -0.134282, 0.990942, 0.0, 0.0, 0.0, 0.0, 1.0],
                [1.0, 0.0, 1e-06, -0.0, -0.0, 0.990944, 0.134282, 0.37472, -1e-06, -0.134282, 0.990942, 0.0, 0.0, 0.0, 0.0, 1.0],
                [1.0, 0.0, 1e-06, -0.0, -0.0, 0.990944, 0.134282, 0.37472, -1e-06, -0.134282, 0.990942, -0.0, 0.0, 0.0, 0.0, 1.0],
                [1.0, 0.0, 1e-06, 0.0, -0.0, 0.990944, 0.134282, 0.37472, -1e-06, -0.134282, 0.990942, 0.0, 0.0, 0.0, 0.0, 1.0],
                [1.0, 0.0, 1e-06, 0.0, -0.0, 0.990944, 0.134282, 0.37472, -1e-06, -0.134282, 0.990942, 0.0, 0.0, 0.0, 0.0, 1.0],
                [1.0, 0.0, 1e-06, -0.0, -0.0, 0.990944, 0.134282, 0.37472, -1e-06, -0.134282, 0.990942, 0.0, 0.0, 0.0, 0.0, 1.0],
                [1.0, 0.0, 1e-06, 0.0, -0.0, 0.98955, 0.144197, 0.37472, -1e-06, -0.144197, 0.989548, -0.0, 0.0, 0.0, 0.0, 1.0],
                [1.0, 0.0, 1e-06, 0.0, -0.0, 0.985243, 0.171163, 0.374721, -1e-06, -0.171163, 0.985242, -0.0, 0.0, 0.0, 0.0, 1.0],
                [1.0, 0.0, 1e-06, 0.0, -0.0, 0.977488, 0.210996, 0.374719, -1e-06, -0.210996, 0.977486, 0.0, 0.0, 0.0, 0.0, 1.0],
                [1.0, 0.0, 1e-06, -0.0, -1e-06, 0.965776, 0.259383, 0.374719, -1e-06, -0.259383, 0.965774, 0.0, 0.0, 0.0, 0.0, 1.0],
                [1.0, 0.0, 1e-06, -0.0, -0.0, 0.950132, 0.31185, 0.374721, -1e-06, -0.31185, 0.950131, 0.0, 0.0, 0.0, 0.0, 1.0],
                [1.0, 0.0, 1e-06, 0.0, -0.0, 0.931449, 0.363873, 0.374719, -1e-06, -0.363873, 0.931448, -0.0, 0.0, 0.0, 0.0, 1.0],
                [1.0, 0.0, 1e-06, -0.0, -0.0, 0.911607, 0.411065, 0.37472, -1e-06, -0.411065, 0.911606, 0.0, 0.0, 0.0, 0.0, 1.0],
                [1.0, 0.0, 1e-06, 0.0, -0.0, 0.893362, 0.449339, 0.37472, -1e-06, -0.44934, 0.89336, -0.0, 0.0, 0.0, 0.0, 1.0],
                [1.0, 0.0, 1e-06, -0.0, -0.0, 0.880015, 0.474946, 0.37472, -1e-06, -0.474947, 0.880014, 1e-06, 0.0, 0.0, 0.0, 1.0],
                [1.0, 0.0, 1e-06, -1e-06, -0.0, 0.874904, 0.484298, 0.374721, -1e-06, -0.484298, 0.874902, 0.0, 0.0, 0.0, 0.0, 1.0],
                [1.0, 0.0, 1e-06, 0.0, -0.0, 0.874904, 0.484298, 0.37472, -1e-06, -0.484298, 0.874902, 1e-06, 0.0, 0.0, 0.0, 1.0],
                [1.0, 0.0, 1e-06, -0.0, -0.0, 0.874904, 0.484298, 0.37472, -1e-06, -0.484298, 0.874902, -0.0, 0.0, 0.0, 0.0, 1.0],
                [1.0, 0.0, 1e-06, 1e-06, -0.0, 0.874904, 0.484298, 0.37472, -1e-06, -0.484298, 0.874902, 0.0, 0.0, 0.0, 0.0, 1.0],
                [1.0, 0.0, 1e-06, -0.0, -0.0, 0.874904, 0.484298, 0.37472, -1e-06, -0.484298, 0.874903, 1e-06, 0.0, 0.0, 0.0, 1.0],
                [1.0, 0.0, 1e-06, 0.0, -1e-06, 0.874904, 0.484298, 0.37472, -1e-06, -0.484298, 0.874902, 1e-06, 0.0, 0.0, 0.0, 1.0],
                [1.0, 0.0, 1e-06, -0.0, -1e-06, 0.874904, 0.484298, 0.37472, -1e-06, -0.484298, 0.874902, -1e-06, 0.0, 0.0, 0.0, 1.0],
                [1.0, 0.0, 1e-06, 0.0, -0.0, 0.874904, 0.484298, 0.37472, -1e-06, -0.484298, 0.874902, 0.0, 0.0, 0.0, 0.0, 1.0],
                [1.0, 0.0, 1e-06, 0.0, -1e-06, 0.874904, 0.484298, 0.37472, -1e-06, -0.484299, 0.874902, 1e-06, 0.0, 0.0, 0.0, 1.0],
                [1.0, 0.0, 1e-06, 0.0, -0.0, 0.874904, 0.484298, 0.37472, -1e-06, -0.484298, 0.874903, 1e-06, 0.0, 0.0, 0.0, 1.0],
                [1.0, 0.0, 1e-06, 0.0, -0.0, 0.874904, 0.484298, 0.37472, -1e-06, -0.484298, 0.874902, 0.0, 0.0, 0.0, 0.0, 1.0],
                [1.0, -0.0, 1e-06, 0.0, -0.0, 0.874904, 0.484298, 0.37472, -1e-06, -0.484298, 0.874902, 0.0, 0.0, 0.0, 0.0, 1.0],
                [1.0, 0.0, 1e-06, -1e-06, -0.0, 0.874904, 0.484298, 0.37472, -1e-06, -0.484298, 0.874902, 1e-06, 0.0, 0.0, 0.0, 1.0],
                [1.0, 0.0, 1e-06, 0.0, -1e-06, 0.874904, 0.484298, 0.37472, -1e-06, -0.484298, 0.874902, 0.0, 0.0, 0.0, 0.0, 1.0],
                [1.0, 0.0, 1e-06, 0.0, -0.0, 0.874904, 0.484298, 0.37472, -1e-06, -0.484298, 0.874902, -0.0, 0.0, 0.0, 0.0, 1.0],
                [1.0, 0.0, 1e-06, -1e-06, -0.0, 0.874904, 0.484298, 0.37472, -1e-06, -0.484298, 0.874902, -1e-06, 0.0, 0.0, 0.0, 1.0],
                [1.0, 0.0, 1e-06, -1e-06, -0.0, 0.874904, 0.484298, 0.37472, -1e-06, -0.484298, 0.874902, 0.0, 0.0, 0.0, 0.0, 1.0],
                [1.0, 0.0, 1e-06, 1e-06, -0.0, 0.874904, 0.484298, 0.374719, -1e-06, -0.484298, 0.874902, 0.0, 0.0, 0.0, 0.0, 1.0],
                [1.0, 0.0, 1e-06, 0.0, -0.0, 0.874904, 0.484298, 0.37472, -1e-06, -0.484298, 0.874902, -0.0, 0.0, 0.0, 0.0, 1.0],
                [1.0, 0.0, 1e-06, -0.0, -0.0, 0.874904, 0.484298, 0.37472, -1e-06, -0.484298, 0.874902, -0.0, 0.0, 0.0, 0.0, 1.0],
                [1.0, 0.0, 1e-06, 1e-06, -0.0, 0.874904, 0.484298, 0.37472, -1e-06, -0.484298, 0.874903, 0.0, 0.0, 0.0, 0.0, 1.0],
                [1.0, 0.0, 1e-06, 0.0, -0.0, 0.88034, 0.474344, 0.37472, -1e-06, -0.474345, 0.880339, 0.0, 0.0, 0.0, 0.0, 1.0],
                [1.0, 0.0, 1e-06, -0.0, -0.0, 0.894489, 0.447091, 0.37472, -1e-06, -0.447091, 0.894488, -1e-06, 0.0, 0.0, 0.0, 1.0],
                [1.0, 0.0, 1e-06, 0.0, -0.0, 0.913709, 0.406371, 0.374719, -1e-06, -0.406371, 0.913707, -0.0, 0.0, 0.0, 0.0, 1.0],
                [1.0, 0.0, 1e-06, 0.0, -0.0, 0.934406, 0.356212, 0.37472, -1e-06, -0.356213, 0.934404, 0.0, 0.0, 0.0, 0.0, 1.0],
                [1.0, 0.0, 1e-06, -0.0, -0.0, 0.953622, 0.301009, 0.37472, -1e-06, -0.301009, 0.95362, -0.0, 0.0, 0.0, 0.0, 1.0],
                [1.0, 0.0, 1e-06, 0.0, -0.0, 0.969407, 0.245462, 0.37472, -1e-06, -0.245463, 0.969405, -0.0, 0.0, 0.0, 0.0, 1.0],
                [1.0, 0.0, 1e-06, 0.0, -1e-06, 0.980928, 0.194374, 0.374721, -1e-06, -0.194374, 0.980927, -0.0, 0.0, 0.0, 0.0, 1.0],
                [1.0, 0.0, 1e-06, 0.0, -0.0, 0.988315, 0.15243, 0.374719, -1e-06, -0.15243, 0.988314, -0.0, 0.0, 0.0, 0.0, 1.0],
                [1.0, 0.0, 1e-06, 0.0, -0.0, 0.992271, 0.124097, 0.37472, -1e-06, -0.124098, 0.992269, -0.0, 0.0, 0.0, 0.0, 1.0],
                [1.0, 0.0, 1e-06, -0.0, -1e-06, 0.993516, 0.113694, 0.374721, -1e-06, -0.113694, 0.993515, -0.0, 0.0, 0.0, 0.0, 1.0],
                [1.0, 0.0, 1e-06, -0.0, -1e-06, 0.993516, 0.113694, 0.374721, -1e-06, -0.113694, 0.993515, -0.0, 0.0, 0.0, 0.0, 1.0],
                [1.0, 0.0, 1e-06, -0.0, -1e-06, 0.993516, 0.113694, 0.374721, -1e-06, -0.113694, 0.993515, -0.0, 0.0, 0.0, 0.0, 1.0],
                [1.0, 0.0, 1e-06, -0.0, -1e-06, 0.993516, 0.113694, 0.374721, -1e-06, -0.113694, 0.993515, -0.0, 0.0, 0.0, 0.0, 1.0],
                [1.0, 0.0, 1e-06, -0.0, -1e-06, 0.993516, 0.113694, 0.374721, -1e-06, -0.113694, 0.993515, -0.0, 0.0, 0.0, 0.0, 1.0],
                [1.0, 0.0, 1e-06, -0.0, -1e-06, 0.993516, 0.113694, 0.374721, -1e-06, -0.113694, 0.993515, -0.0, 0.0, 0.0, 0.0, 1.0],
                [1.0, 0.0, 1e-06, -0.0, -1e-06, 0.993516, 0.113694, 0.374721, -1e-06, -0.113694, 0.993515, -0.0, 0.0, 0.0, 0.0, 1.0],
                [1.0, 0.0, 1e-06, -0.0, -1e-06, 0.993516, 0.113694, 0.374721, -1e-06, -0.113694, 0.993515, -0.0, 0.0, 0.0, 0.0, 1.0],
                [1.0, 0.0, 1e-06, -0.0, -1e-06, 0.993516, 0.113694, 0.374721, -1e-06, -0.113694, 0.993515, -0.0, 0.0, 0.0, 0.0, 1.0],
                [1.0, 0.0, 1e-06, -0.0, -1e-06, 0.993516, 0.113694, 0.374721, -1e-06, -0.113694, 0.993515, -0.0, 0.0, 0.0, 0.0, 1.0],
                [1.0, 0.0, 1e-06, -0.0, -1e-06, 0.993516, 0.113694, 0.374721, -1e-06, -0.113694, 0.993515, -0.0, 0.0, 0.0, 0.0, 1.0],
                [1.0, 0.0, 1e-06, -0.0, -1e-06, 0.993516, 0.113694, 0.374721, -1e-06, -0.113694, 0.993515, -0.0, 0.0, 0.0, 0.0, 1.0],
                [1.0, 0.0, 1e-06, -0.0, -1e-06, 0.993516, 0.113694, 0.374721, -1e-06, -0.113694, 0.993515, -0.0, 0.0, 0.0, 0.0, 1.0],
                [1.0, 0.0, 1e-06, -0.0, -1e-06, 0.993516, 0.113694, 0.374721, -1e-06, -0.113694, 0.993515, -0.0, 0.0, 0.0, 0.0, 1.0],
                [1.0, 0.0, 1e-06, -0.0, -1e-06, 0.993516, 0.113694, 0.374721, -1e-06, -0.113694, 0.993515, -0.0, 0.0, 0.0, 0.0, 1.0],
                [1.0, 0.0, 1e-06, -0.0, -1e-06, 0.993516, 0.113694, 0.374721, -1e-06, -0.113694, 0.993515, -0.0, 0.0, 0.0, 0.0, 1.0],
                [1.0, 0.0, 1e-06, -0.0, -1e-06, 0.993516, 0.113694, 0.374721, -1e-06, -0.113694, 0.993515, -0.0, 0.0, 0.0, 0.0, 1.0],
                [1.0, 0.0, 1e-06, -0.0, -1e-06, 0.993516, 0.113694, 0.374721, -1e-06, -0.113694, 0.993515, -0.0, 0.0, 0.0, 0.0, 1.0],
                [1.0, 0.0, 1e-06, -0.0, -1e-06, 0.993516, 0.113694, 0.374721, -1e-06, -0.113694, 0.993515, -0.0, 0.0, 0.0, 0.0, 1.0],
                [1.0, 0.0, 1e-06, -0.0, -1e-06, 0.993516, 0.113694, 0.374721, -1e-06, -0.113694, 0.993515, -0.0, 0.0, 0.0, 0.0, 1.0],
                [1.0, 0.0, 1e-06, -0.0, -1e-06, 0.993516, 0.113694, 0.374721, -1e-06, -0.113694, 0.993515, -0.0, 0.0, 0.0, 0.0, 1.0],
                [1.0, 0.0, 1e-06, -0.0, -1e-06, 0.993516, 0.113694, 0.374721, -1e-06, -0.113694, 0.993515, -0.0, 0.0, 0.0, 0.0, 1.0],
                [1.0, 0.0, 1e-06, -0.0, -1e-06, 0.993516, 0.113694, 0.374721, -1e-06, -0.113694, 0.993515, -0.0, 0.0, 0.0, 0.0, 1.0],
                [1.0, 0.0, 1e-06, -0.0, -1e-06, 0.993516, 0.113694, 0.374721, -1e-06, -0.113694, 0.993515, -0.0, 0.0, 0.0, 0.0, 1.0],
                [1.0, 0.0, 1e-06, -0.0, -1e-06, 0.993516, 0.113694, 0.374721, -1e-06, -0.113694, 0.993515, -0.0, 0.0, 0.0, 0.0, 1.0],
                [1.0, 0.0, 1e-06, -0.0, -1e-06, 0.993516, 0.113694, 0.374721, -1e-06, -0.113694, 0.993515, -0.0, 0.0, 0.0, 0.0, 1.0],
                [1.0, 0.0, 1e-06, -0.0, -1e-06, 0.993516, 0.113694, 0.374721, -1e-06, -0.113694, 0.993515, -0.0, 0.0, 0.0, 0.0, 1.0],
                [1.0, 0.0, 1e-06, -0.0, -1e-06, 0.993516, 0.113694, 0.374721, -1e-06, -0.113694, 0.993515, -0.0, 0.0, 0.0, 0.0, 1.0],
                [1.0, 0.0, 1e-06, -0.0, -1e-06, 0.993516, 0.113694, 0.374721, -1e-06, -0.113694, 0.993515, -0.0, 0.0, 0.0, 0.0, 1.0],
                [1.0, 0.0, 1e-06, -0.0, -1e-06, 0.993516, 0.113694, 0.374721, -1e-06, -0.113694, 0.993515, -0.0, 0.0, 0.0, 0.0, 1.0],
                [1.0, 0.0, 1e-06, -0.0, -1e-06, 0.993516, 0.113694, 0.374721, -1e-06, -0.113694, 0.993515, -0.0, 0.0, 0.0, 0.0, 1.0]
            ]
        },
        {
            "name": "Knee_R",
            "time": [0.0, 0.0167, 0.0333, 0.05, 0.0667, 0.0833, 0.1, 0.1167, 0.1333, 0.15, 0.1667, 0.1833, 0.2, 0.2167, 0.2333, 0.25, 0.2667, 0.2833, 0.3, 0.3167, 0.3333, 0.35, 0.3667, 0.3833, 0.4, 0.4167, 0.4333, 0.45, 0.4667, 0.4833, 0.5, 0.5167, 0.5333, 0.55, 0.5667, 0.5833, 0.6, 0.6167, 0.6333, 0.65, 0.6667, 0.6833, 0.7, 0.7167, 0.7333, 0.75, 0.7667, 0.7833, 0.8, 0.8167, 0.8333, 0.85, 0.8667, 0.8833, 0.9, 0.9167, 0.9333, 0.95, 0.9667, 0.9833, 1.0, 1.0167, 1.0333, 1.05, 1.0667, 1.0833, 1.1, 1.1167, 1.1333, 1.15, 1.1667, 1.1833, 1.2, 1.2167, 1.2333, 1.25, 1.2667, 1.2833, 1.3, 1.3167, 1.3333],
            "transform": [
