{
    "animation": [
        {
            "name": "Root",
            "time": [0.0, 0.0167, 0.0333, 0.05, 0.0667, 0.0833, 0.1, 0.1167, 0.1333, 0.15, 0.1667, 0.1833, 0.2, 0.2167, 0.2333, 0.25, 0.2667, 0.2833, 0.3, 0.3167, 0.3333, 0.35, 0.3667, 0.3833, 0.4, 0.4167, 0.4333, 0.45, 0.4667, 0.4833, 0.5, 0.5167, 0.5333, 0.55, 0.5667, 0.5833, 0.6, 0.6167, 0.6333, 0.65, 0.6667, 0.6833, 0.7, 0.7167, 0.7333, 0.75, 0.7667, 0.7833, 0.8, 0.8167, 0.8333, 0.85, 0.8667, 0.8833, 0.9, 0.9167, 0.9333, 0.95, 0.9667, 0.9833, 1.0, 1.0167, 1.0333, 1.05, 1.0667, 1.0833, 1.1, 1.1167, 1.1333, 1.15, 1.1667, 1.1833, 1.2, 1.2167, 1.2333, 1.25],
            "transform": [
                [1.0, 0.0, 0.0, -5e-06, 0.0, -0.126294, -0.991993, -0.133304, 0.0, 0.991993, -0.126294, 0.687972, 0.0, 0.0, 0.0, 1.0],
                [1.0, 0.0, 0.0, -5e-06, 0.0, -0.126294, -0.991993, -0.133304, 0.0, 0.991993, -0.126294, 0.687972, 0.0, 0.0, 0.0, 1.0],
                [1.0, 0.0, 0.0, -5e-06, 0.0, -0.126294, -0.991993, -0.133304, 0.0, 0.991993, -0.126294, 0.687972, 0.0, 0.0, 0.0, 1.0],
                [1.0, 0.0, 0.0, -5e-06, 0.0, -0.113225, -0.993569, -0.131198, 0.0, 0.993569, -0.113225, 0.687972, 0.0, 0.0, 0.0, 1.0],
                [1.0, 0.0, 0.0, -5e-06, 0.0, -0.081971, -0.996635, -0.126176, 0.0, 0.996635, -0.081971, 0.687972, 0.0, 0.0, 0.0, 1.0],
                [1.0, 0.0, 0.0, -5e-06, 0.0, -0.044554, -0.999007, -0.120182, 0.0, 0.999007, -0.044554, 0.687972, 0.0, 0.0, 0.0, 1.0],
                [1.0, 0.0, 0.0, -5e-06, 0.0, -0.013163, -0.999913, -0.11516, 0.0, 0.999913, -0.013163, 0.687972, 0.0, 0.0, 0.0, 1.0],
                [1.0, 0.0, 0.0, -5e-06, 0.0, 0.0, -1.0, -0.113054, 0.0, 1.0, 0.0, 0.687972, 0.0, 0.0, 0.0, 1.0],
                [1.0, 0.0, 0.0, -5e-06, 0.0, -8e-06, -1.0, -0.134689, 0.0, 1.0, -8e-06, 0.687972, 0.0, 0.0, 0.0, 1.0],
                [1.0, 0.0, 0.0, -5e-06, 0.0, -6.4e-05, -1.0, -0.187159, 0.0, 1.0, -6.4e-05, 0.687972, 0.0, 0.0, 0.0, 1.0],
                [1.0, 0.0, 0.0, -5e-06, 0.0, -0.000217, -1.0, -0.251812, 0.0, 1.0, -0.000217, 0.687972, 0.0, 0.0, 0.0, 1.0],
                [1.0, 0.0, 0.0, -5e-06, 0.0, -0.000514, -1.0, -0.309994, 0.0, 1.0, -0.000514, 0.687972, 0.0, 0.0, 0.0, 1.0],
                [1.0, 0.0, 0.0, -5e-06, 0.0, -0.001003, -1.0, -0.343054, 0.0, 1.0, -0.001003, 0.687972, 0.0, 0.0, 0.0, 1.0],
                [1.0, 0.0, 0.0, -5e-06, 0.0, -0.001733, -0.999999, -0.356222, 0.0, 0.999999, -0.001733, 0.687972, 0.0, 0.0, 0.0, 1.0],
                [1.0, 0.0, 0.0, -5e-06, 0.0, -0.002753, -0.999996, -0.367288, 0.0, 0.999996, -0.002753, 0.687972, 0.0, 0.0, 0.0, 1.0],
                [1.0, 0.0, 0.0, -5e-06, 0.0, -0.004109, -0.999992, -0.376435, 0.0, 0.999992, -0.004109, 0.687972, 0.0, 0.0, 0.0, 1.0],
                [1.0, 0.0, 0.0, -5e-06, 0.0, -0.005851, -0.999983, -0.383845, 0.0, 0.999983, -0.005851, 0.687972, 0.0, 0.0, 0.0, 1.0],
                [1.0, 0.0, 0.0, -5e-06, 0.0, -0.008026, -0.999968, -0.389702, 0.0, 0.999968, -0.008026, 0.687972, 0.0, 0.0, 0.0, 1.0],
                [1.0, 0.0, 0.0, -5e-06, 0.0, -0.010683, -0.999943, -0.394187, 0.0, 0.999943, -0.010683, 0.687972, 0.0, 0.0, 0.0, 1.0],
                [1.0, 0.0, 0.0, -5e-06, 0.0, -0.013871, -0.999904, -0.397485, 0.0, 0.999904, -0.013871, 0.687972, 0.0, 0.0, 0.0, 1.0],
                [1.0, 0.0, 0.0, -5e-06, 0.0, -0.017637, -0.999844, -0.399778, 0.0, 0.999844, -0.017637, 0.687972, 0.0, 0.0, 0.0, 1.0],
                [1.0, 0.0, 0.0, -5e-06, 0.0, -0.02203, -0.999757, -0.401247, 0.0, 0.999757, -0.02203, 0.687972, 0.0, 0.0, 0.0, 1.0],
                [1.0, 0.0, 0.0, -5e-06, 0.0, -0.027098, -0.999633, -0.402078, 0.0, 0.999633, -0.027098, 0.687972, 0.0, 0.0, 0.0, 1.0],
                [1.0, 0.0, 0.0, -5e-06, 0.0, -0.032889, -0.999459, -0.402451, 0.0, 0.999459, -0.032889, 0.687972, 0.0, 0.0, 0.0, 1.0],
                [1.0, 0.0, 0.0, -5e-06, 0.0, -0.039451, -0.999222, -0.40255, 0.0, 0.999222, -0.039451, 0.687972, 0.0, 0.0, 0.0, 1.0],
                [1.0, 0.0, 0.0, -5e-06, 0.0, -0.046833, -0.998903, -0.402557, 0.0, 0.998903, -0.046833, 0.687972, 0.0, 0.0, 0.0, 1.0],
                [1.0, 0.0, 0.0, -5e-06, 0.0, -0.05508, -0.998482, -0.402656, 0.0, 0.998482, -0.05508, 0.687972, 0.0, 0.0, 0.0, 1.0],
                [1.0, 0.0, 0.0, -5e-06, 0.0, -0.064241, -0.997934, -0.40303, 0.0, 0.997934, -0.064241, 0.687972, 0.0, 0.0, 0.0, 1.0],
                [1.0, 0.0, 0.0, -5e-06, 0.0, -0.074362, -0.997231, -0.40386, 0.0, 0.997231, -0.074362, 0.687972, 0.0, 0.0, 0.0, 1.0],
                [1.0, 0.0, 0.0, -5e-06, 0.0, -0.085487, -0.996339, -0.40533, 0.0, 0.996339, -0.085487, 0.687972, 0.0, 0.0, 0.0, 1.0],
                [1.0, 0.0, 0.0, -5e-06, 0.0, -0.097659, -0.99522, -0.407622, 0.0, 0.99522, -0.097659, 0.687972, 0.0, 0.0, 0.0, 1.0],
                [1.0, 0.0, 0.0, -5e-06, 0.0, -0.110922, -0.993829, -0.41092, 0.0, 0.993829, -0.110922, 0.687972, 0.0, 0.0, 0.0, 1.0],
                [1.0, 0.0, 0.0, -5e-06, 0.0, -0.125315, -0.992117, -0.415406, 0.0, 0.992117, -0.125315, 0.687972, 0.0, 0.0, 0.0, 1.0],
                [1.0, 0.0, 0.0, -5e-06, 0.0, -0.140874, -0.990027, -0.421262, 0.0, 0.990027, -0.140874, 0.687972, 0.0, 0.0, 0.0, 1.0],
                [1.0, 0.0, 0.0, -5e-06, 0.0, -0.157634, -0.987498, -0.428673, 0.0, 0.987498, -0.157634, 0.687972, 0.0, 0.0, 0.0, 1.0],
                [1.0, 0.0, 0.0, -5e-06, 0.0, -0.175624, -0.984457, -0.437819, 0.0, 0.984457, -0.175624, 0.687972, 0.0, 0.0, 0.0, 1.0],
                [1.0, 0.0, 0.0, -5e-06, 0.0, -0.194869, -0.980829, -0.448886, 0.0, 0.980829, -0.194869, 0.687972, 0.0, 0.0, 0.0, 1.0],
                [1.0, 0.0, 0.0, -5e-06, 0.0, -0.215386, -0.976529, -0.462054, 0.0, 0.976529, -0.215386, 0.687972, 0.0, 0.0, 0.0, 1.0],
                [1.0, 0.0, 0.0, 0.000264, 0.0, -0.262836, -0.964841, -0.498583, 0.0, 0.964841, -0.262836, 0.671643, 0.0, 0.0, 0.0, 1.0],
                [1.0, 0.0, 0.0, 0.000993, 0.0, -0.354727, -0.93497, -0.573049, 0.0, 0.93497, -0.354727, 0.627321, 0.0, 0.0, 0.0, 1.0],
                [1.0, 0.0, 0.0, 0.002067, 0.0, -0.477001, -0.878903, -0.67561, 0.0, 0.878903, -0.477001, 0.562005, 0.0, 0.0, 0.0, 1.0],
                [1.0, 0.0, 0.0, 0.003371, 0.0, -0.611968, -0.790883, -0.796427, 0.0, 0.790883, -0.611968, 0.482693, 0.0, 0.0, 0.0, 1.0],
                [1.0, 0.0, 0.0, 0.00479, 0.0, -0.73992, -0.672695, -0.925656, 0.0, 0.672695, -0.73992, 0.396382, 0.0, 0.0, 0.0, 1.0],
                [1.0, 0.0, 0.0, 0.006209, 0.0, -0.844261, -0.535932, -1.053458, 0.0, 0.535932, -0.844261, 0.310072, 0.0, 0.0, 0.0, 1.0],
                [1.0, 0.0, 0.0, 0.007513, 0.0, -0.916827, -0.399284, -1.16999, 0.0, 0.399284, -0.916827, 0.23076, 0.0, 0.0, 0.0, 1.0],
                [1.0, 0.0, 0.0, 0.008587, 0.0, -0.959193, -0.282752, -1.265412, 0.0, 0.282752, -0.959193, 0.165444, 0.0, 0.0, 0.0, 1.0],
                [1.0, 0.0, 0.0, 0.009316, 0.0, -0.979127, -0.20325, -1.329882, 0.0, 0.20325, -0.979127, 0.121122, 0.0, 0.0, 0.0, 1.0],
                [1.0, 0.0, 0.0, 0.009584, 0.0, -0.984728, -0.1741, -1.353559, 0.0, 0.1741, -0.984728, 0.104793, 0.0, 0.0, 0.0, 1.0],
                [1.0, 0.0, 0.0, 0.009584, 0.0, -0.984728, -0.1741, -1.353559, 0.0, 0.1741, -0.984728, 0.104793, 0.0, 0.0, 0.0, 1.0],
                [1.0, 0.0, 0.0, 0.009584, 0.0, -0.984728, -0.1741, -1.353559, 0.0, 0.1741, -0.984728, 0.104793, 0.0, 0.0, 0.0, 1.0],
                [1.0, 0.0, 0.0, 0.009584, 0.0, -0.984728, -0.1741, -1.353559, 0.0, 0.1741, -0.984728, 0.104793, 0.0, 0.0, 0.0, 1.0],
                [1.0, 0.0, 0.0, 0.009584, 0.0, -0.984728, -0.1741, -1.353559, 0.0, 0.1741, -0.984728, 0.104793, 0.0, 0.0, 0.0, 1.0],
                [1.0, 0.0, 0.0, 0.009584, 0.0, -0.984728, -0.1741, -1.353559, 0.0, 0.1741, -0.984728, 0.104793, 0.0, 0.0, 0.0, 1.0],
                [1.0, 0.0, 0.0, 0.009584, 0.0, -0.984728, -0.1741, -1.353559, 0.0, 0.1741, -0.984728, 0.104793, 0.0, 0.0, 0.0, 1.0],
                [1.0, 0.0, 0.0, 0.009584, 0.0, -0.984728, -0.1741, -1.353559, 0.0, 0.1741, -0.984728, 0.104793, 0.0, 0.0, 0.0, 1.0],
                [1.0, 0.0, 0.0, 0.009584, 0.0, -0.984728, -0.1741, -1.353559, 0.0, 0.1741, -0.984728, 0.104793, 0.0, 0.0, 0.0, 1.0],
                [1.0, 0.0, 0.0, 0.009584, 0.0, -0.984728, -0.1741, -1.353559, 0.0, 0.1741, -0.984728, 0.104793, 0.0, 0.0, 0.0, 1.0],
                [1.0, 0.0, 0.0, 0.009584, 0.0, -0.984728, -0.1741, -1.353559, 0.0, 0.1741, -0.984728, 0.104793, 0.0, 0.0, 0.0, 1.0],
                [1.0, 0.0, 0.0, 0.009584, 0.0, -0.984728, -0.1741, -1.353559, 0.0, 0.1741, -0.984728, 0.104793, 0.0, 0.0, 0.0, 1.0],
                [1.0, 0.0, 0.0, 0.009584, 0.0, -0.984728, -0.1741, -1.353559, 0.0, 0.1741, -0.984728, 0.104793, 0.0, 0.0, 0.0, 1.0],
                [1.0, 0.0, 0.0, 0.009584, 0.0, -0.984728, -0.1741, -1.353559, 0.0, 0.1741, -0.984728, 0.104793, 0.0, 0.0, 0.0, 1.0],
                [1.0, 0.0, 0.0, 0.009584, 0.0, -0.984728, -0.1741, -1.353559, 0.0, 0.1741, -0.984728, 0.104793, 0.0, 0.0, 0.0, 1.0],
                [1.0, 0.0, 0.0, 0.009584, 0.0, -0.984728, -0.1741, -1.353559, 0.0, 0.1741, -0.984728, 0.104793, 0.0, 0.0, 0.0, 1.0],
                [1.0, 0.0, 0.0, 0.009584, 0.0, -0.984728, -0.1741, -1.353559, 0.0, 0.1741, -0.984728, 0.104793, 0.0, 0.0, 0.0, 1.0],
                [1.0, 0.0, 0.0, 0.009584, 0.0, -0.984728, -0.1741, -1.353559, 0.0, 0.1741, -0.984728, 0.104793, 0.0, 0.0, 0.0, 1.0],
                [1.0, 0.0, 0.0, 0.009584, 0.0, -0.984728, -0.1741, -1.353559, 0.0, 0.1741, -0.984728, 0.104793, 0.0, 0.0, 0.0, 1.0],
                [1.0, 0.0, 0.0, 0.009584, 0.0, -0.984728, -0.1741, -1.353559, 0.0, 0.1741, -0.984728, 0.104793, 0.0, 0.0, 0.0, 1.0],
                [1.0, 0.0, 0.0, 0.009584, 0.0, -0.984728, -0.1741, -1.353559, 0.0, 0.1741, -0.984728, 0.104793, 0.0, 0.0, 0.0, 1.0],
                [1.0, 0.0, 0.0, 0.009584, 0.0, -0.984728, -0.1741, -1.353559, 0.0, 0.1741, -0.984728, 0.104793, 0.0, 0.0, 0.0, 1.0],
                [1.0, 0.0, 0.0, 0.009584, 0.0, -0.984728, -0.1741, -1.353559, 0.0, 0.1741, -0.984728, 0.104793, 0.0, 0.0, 0.0, 1.0],
                [1.0, 0.0, 0.0, 0.009584, 0.0, -0.984728, -0.1741, -1.353559, 0.0, 0.1741, -0.984728, 0.104793, 0.0, 0.0, 0.0, 1.0],
                [1.0, 0.0, 0.0, 0.009584, 0.0, -0.984728, -0.1741, -1.353559, 0.0, 0.1741, -0.984728, 0.104793, 0.0, 0.0, 0.0, 1.0],
                [1.0, 0.0, 0.0, 0.009584, 0.0, -0.984728, -0.1741, -1.353559, 0.0, 0.1741, -0.984728, 0.104793, 0.0, 0.0, 0.0, 1.0],
                [1.0, 0.0, 0.0, 0.009584, 0.0, -0.984728, -0.1741, -1.353559, 0.0, 0.1741, -0.984728, 0.104793, 0.0, 0.0, 0.0, 1.0],
                [1.0, 0.0, 0.0, 0.009584, 0.0, -0.984728, -0.1741, -1.353559, 0.0, 0.1741, -0.984728, 0.104793, 0.0, 0.0, 0.0, 1.0],
                [1.0, 0.0, 0.0, 0.009584, 0.0, -0.984728, -0.1741, -1.353559, 0.0, 0.1741, -0.984728, 0.104793, 0.0, 0.0, 0.0, 1.0]
            ]
        },
        {
            "name": "Thigh_R",
            "time": [0.0, 0.0167, 0.0333, 0.05, 0.0667, 0.0833, 0.1, 0.1167, 0.1333, 0.15, 0.1667, 0.1833, 0.2, 0.2167, 0.2333, 0.25, 0.2667, 0.2833, 0.3, 0.3167, 0.3333, 0.35, 0.3667, 0.3833, 0.4, 0.4167, 0.4333, 0.45, 0.4667, 0.4833, 0.5, 0.5167, 0.5333, 0.55, 0.5667, 0.5833, 0.6, 0.6167, 0.6333, 0.65, 0.6667, 0.6833, 0.7, 0.7167, 0.7333, 0.75, 0.7667, 0.7833, 0.8, 0.8167, 0.8333, 0.85, 0.8667, 0.8833, 0.9, 0.9167, 0.9333, 0.95, 0.9667, 0.9833, 1.0, 1.0167, 1.0333, 1.05, 1.0667, 1.0833, 1.1, 1.1167, 1.1333, 1.15, 1.1667, 1.1833, 1.2, 1.2167, 1.2333, 1.25],
            "transform": [
                [0.958212, 0.165163, 0.233562, 0.124994, 0.015402, -0.84508, 0.534414, -0.002831, 0.285644, -0.508484, -0.812312, -1.2e-05, 0.0, 0.0, 0.0, 1.0],
                [0.958212, 0.165163, 0.233562, 0.124994, 0.015402, -0.84508, 0.534414, -0.002831, 0.285644, -0.508484, -0.812312, -1.2e-05, 0.0, 0.0, 0.0, 1.0],
                [0.958212, 0.165163, 0.233562, 0.124994, 0.015402, -0.84508, 0.534414, -0.002831, 0.285644, -0.508484, -0.812312, -1.2e-05, 0.0, 0.0, 0.0, 1.0],
                [0.960083, 0.163443, 0.226995, 0.124994, 0.032546, -0.871284, 0.489696, -0.002831, 0.277815, -0.46276, -0.841826, -1.2e-05, 0.0, 0.0, 0.0, 1.0],
                [0.964215, 0.160793, 0.210795, 0.124994, 0.071851, -0.923817, 0.376027, -0.002831, 0.255199, -0.347424, -0.902314, -1.2e-05, 0.0, 0.0, 0.0, 1.0],
                [0.968403, 0.160434, 0.190934, 0.124994, 0.114612, -0.96627, 0.230613, -0.002831, 0.221492, -0.201442, -0.954129, -1.2e-05, 0.0, 0.0, 0.0, 1.0],
                [0.971182, 0.16249, 0.174363, 0.124994, 0.145864, -0.983784, 0.104352, -0.002831, 0.188492, -0.075911, -0.979137, -1.2e-05, 0.0, 0.0, 0.0, 1.0],
                [0.972133, 0.163968, 0.167545, 0.124994, 0.157536, -0.986189, 0.051077, -0.002831, 0.173606, -0.023259, -0.984541, -1.2e-05, 0.0, 0.0, 0.0, 1.0],
                [0.972008, 0.1646, 0.16765, 0.124994, 0.153349, -0.985081, 0.078073, -0.002831, 0.178, -0.050179, -0.982751, -1.2e-05, 0.0, 0.0, 0.0, 1.0],
                [0.971765, 0.165879, 0.167798, 0.124994, 0.142495, -0.979411, 0.142986, -0.002831, 0.188062, -0.115038, -0.975397, -1.2e-05, 0.0, 0.0, 0.0, 1.0],
                [0.971597, 0.166851, 0.167808, 0.124994, 0.127817, -0.966804, 0.221245, -0.002831, 0.199153, -0.193512, -0.960673, -1.2e-05, 0.0, 0.0, 0.0, 1.0],
                [0.971672, 0.166537, 0.167688, 0.124994, 0.113144, -0.950739, 0.288599, -0.002831, 0.20749, -0.26145, -0.942652, -1.2e-05, 0.0, 0.0, 0.0, 1.0],
                [0.972133, 0.163968, 0.167545, 0.124994, 0.10309, -0.940886, 0.322648, -0.002831, 0.210545, -0.296384, -0.931573, -1.2e-05, 0.0, 0.0, 0.0, 1.0],
                [0.972876, 0.160012, 0.167054, 0.124994, 0.097279, -0.938202, 0.332129, -0.002831, 0.209875, -0.306869, -0.928323, -1.2e-05, 0.0, 0.0, 0.0, 1.0],
                [0.973696, 0.156174, 0.165908, 0.124994, 0.092176, -0.935891, 0.340011, -0.002831, 0.208373, -0.315774, -0.925671, -1.2e-05, 0.0, 0.0, 0.0, 1.0],
                [0.974583, 0.152454, 0.164152, 0.124994, 0.087744, -0.933953, 0.346453, -0.002831, 0.206129, -0.323243, -0.923594, -1.2e-05, 0.0, 0.0, 0.0, 1.0],
                [0.975526, 0.148854, 0.161836, 0.124994, 0.083941, -0.932376, 0.351605, -0.002831, 0.20323, -0.329414, -0.922054, -1.2e-05, 0.0, 0.0, 0.0, 1.0],
                [0.976515, 0.145381, 0.159005, 0.124994, 0.080721, -0.931139, 0.355613, -0.002831, 0.199756, -0.334426, -0.921009, -1.2e-05, 0.0, 0.0, 0.0, 1.0],
                [0.977537, 0.14204, 0.155712, 0.124994, 0.078039, -0.930213, 0.358622, -0.002831, 0.195784, -0.338413, -0.920405, -1.2e-05, 0.0, 0.0, 0.0, 1.0],
                [0.978579, 0.13884, 0.152006, 0.124994, 0.075847, -0.929564, 0.360768, -0.002831, 0.191388, -0.34151, -0.920186, -1.2e-05, 0.0, 0.0, 0.0, 1.0],
                [0.97963, 0.135791, 0.14794, 0.124994, 0.074098, -0.929152, 0.36219, -0.002831, 0.186641, -0.343849, -0.92029, -1.2e-05, 0.0, 0.0, 0.0, 1.0],
                [0.980676, 0.132901, 0.143568, 0.124994, 0.072744, -0.928935, 0.363021, -0.002831, 0.181611, -0.345562, -0.920654, -1.2e-05, 0.0, 0.0, 0.0, 1.0],
                [0.981706, 0.130179, 0.138946, 0.124994, 0.071739, -0.928866, 0.363398, -0.002831, 0.176369, -0.346781, -0.921215, -1.2e-05, 0.0, 0.0, 0.0, 1.0],
                [0.982709, 0.127634, 0.134131, 0.124994, 0.071038, -0.928899, 0.363452, -0.002831, 0.170983, -0.347638, -0.921907, -1.2e-05, 0.0, 0.0, 0.0, 1.0],
                [0.983676, 0.125274, 0.129181, 0.124994, 0.070596, -0.928985, 0.363317, -0.002831, 0.165522, -0.348266, -0.922667, -1.2e-05, 0.0, 0.0, 0.0, 1.0],
                [0.984596, 0.123104, 0.124157, 0.124994, 0.070372, -0.929076, 0.363128, -0.002831, 0.160054, -0.348796, -0.923431, -1.2e-05, 0.0, 0.0, 0.0, 1.0],
                [0.985463, 0.121129, 0.119118, 0.124994, 0.070325, -0.929122, 0.363018, -0.002831, 0.154648, -0.349364, -0.924137, -1.2e-05, 0.0, 0.0, 0.0, 1.0],
                [0.98627, 0.119355, 0.114127, 0.124994, 0.070414, -0.929075, 0.363123, -0.002831, 0.149373, -0.350101, -0.924726, -1.2e-05, 0.0, 0.0, 0.0, 1.0],
                [0.987012, 0.117782, 0.109246, 0.124994, 0.070603, -0.928882, 0.363578, -0.002831, 0.1443, -0.351142, -0.925136, -1.2e-05, 0.0, 0.0, 0.0, 1.0],
                [0.987684, 0.116412, 0.104539, 0.124994, 0.070854, -0.928495, 0.364517, -0.002831, 0.139498, -0.35262, -0.92531, -1.2e-05, 0.0, 0.0, 0.0, 1.0],
                [0.988283, 0.115245, 0.100069, 0.124994, 0.071132, -0.92786, 0.366077, -0.002831, 0.135039, -0.354669, -0.925189, -1.2e-05, 0.0, 0.0, 0.0, 1.0],
                [0.988808, 0.114281, 0.0959, 0.124994, 0.071401, -0.926923, 0.368391, -0.002831, 0.130993, -0.35742, -0.924712, -1.2e-05, 0.0, 0.0, 0.0, 1.0],
                [0.989258, 0.11352, 0.092096, 0.124994, 0.071625, -0.925626, 0.371594, -0.002831, 0.12743, -0.361005, -0.923816, -1.2e-05, 0.0, 0.0, 0.0, 1.0],
                [0.98963, 0.112961, 0.088719, 0.124994, 0.071768, -0.923909, 0.375817, -0.002831, 0.124421, -0.365552, -0.922438, -1.2e-05, 0.0, 0.0, 0.0, 1.0],
                [0.989926, 0.112604, 0.085833, 0.124994, 0.071793, -0.921704, 0.381188, -0.002831, 0.122035, -0.371185, -0.920505, -1.2e-05, 0.0, 0.0, 0.0, 1.0],
                [0.990142, 0.112451, 0.083498, 0.124994, 0.071659, -0.918938, 0.387832, -0.002831, 0.120342, -0.378025, -0.91794, -1.2e-05, 0.0, 0.0, 0.0, 1.0],
                [0.99028, 0.112506, 0.081777, 0.124994, 0.071323, -0.915531, 0.39587, -0.002831, 0.119407, -0.386188, -0.914659, -1.2e-05, 0.0, 0.0, 0.0, 1.0],
                [0.990335, 0.112777, 0.080728, 0.124994, 0.07074, -0.911391, 0.405412, -0.002831, 0.119295, -0.395782, -0.910563, -1.2e-05, 0.0, 0.0, 0.0, 1.0],
                [0.985216, 0.143377, 0.093768, 0.124994, 0.075957, -0.856173, 0.511072, -0.002831, 0.153558, -0.496393, -0.854408, -1.2e-05, 0.0, 0.0, 0.0, 1.0],
                [0.966922, 0.226673, 0.116965, 0.124994, 0.077599, -0.698232, 0.711652, -0.002831, 0.242981, -0.679034, -0.692727, -1.2e-05, 0.0, 0.0, 0.0, 1.0],
                [0.931462, 0.340116, 0.12922, 0.124994, 0.060497, -0.494996, 0.866786, -0.002831, 0.358772, -0.79956, -0.481647, -1.2e-05, 0.0, 0.0, 0.0, 1.0],
                [0.87992, 0.452111, 0.146063, 0.124994, 0.048638, -0.391521, 0.918883, -0.002831, 0.472625, -0.801438, -0.366498, -1.2e-05, 0.0, 0.0, 0.0, 1.0],
                [0.814034, 0.548912, 0.189849, 0.124994, 0.068312, -0.415078, 0.907217, -0.002831, 0.576785, -0.725536, -0.375386, -1.2e-05, 0.0, 0.0, 0.0, 1.0],
                [0.736194, 0.628392, 0.251277, 0.124994, 0.11058, -0.477989, 0.871377, -0.002831, 0.667675, -0.613715, -0.421381, -1.2e-05, 0.0, 0.0, 0.0, 1.0],
                [0.655165, 0.681818, 0.325395, 0.124994, 0.171864, -0.553924, 0.814635, -0.002831, 0.735677, -0.477796, -0.480092, -1.2e-05, 0.0, 0.0, 0.0, 1.0],
                [0.584611, 0.706212, 0.399366, 0.124994, 0.239696, -0.620614, 0.74658, -0.002831, 0.775097, -0.340732, -0.532095, -1.2e-05, 0.0, 0.0, 0.0, 1.0],
                [0.538629, 0.70864, 0.455748, 0.124994, 0.295019, -0.665303, 0.685809, -0.002831, 0.789203, -0.234941, -0.567415, -1.2e-05, 0.0, 0.0, 0.0, 1.0],
                [0.527597, 0.702564, 0.477539, 0.124994, 0.317932, -0.684594, 0.655933, -0.002831, 0.787756, -0.194243, -0.584559, -1.2e-05, 0.0, 0.0, 0.0, 1.0],
                [0.609036, 0.682736, 0.403663, 0.124994, 0.315089, -0.675327, 0.666821, -0.002831, 0.727869, -0.278928, -0.626423, -1.2e-05, 0.0, 0.0, 0.0, 1.0],
                [0.734523, 0.628234, 0.256507, 0.124994, 0.313828, -0.649643, 0.692441, -0.002831, 0.601654, -0.428114, -0.674337, -1.2e-05, 0.0, 0.0, 0.0, 1.0],
                [0.790738, 0.58685, 0.174181, 0.124994, 0.315824, -0.63484, 0.705147, -0.002831, 0.524393, -0.502575, -0.687335, -1.2e-05, 0.0, 0.0, 0.0, 1.0],
                [0.784603, 0.592372, 0.183008, 0.124994, 0.321674, -0.641275, 0.696627, -0.002831, 0.530022, -0.487706, -0.693699, -1.2e-05, 0.0, 0.0, 0.0, 1.0],
                [0.767887, 0.606847, 0.205147, 0.124994, 0.336749, -0.654837, 0.6766, -0.002831, 0.544931, -0.450468, -0.707198, -1.2e-05, 0.0, 0.0, 0.0, 1.0],
                [0.745159, 0.624295, 0.234504, 0.124994, 0.357031, -0.670457, 0.650395, -0.002831, 0.563264, -0.400922, -0.722492, -1.2e-05, 0.0, 0.0, 0.0, 1.0],
                [0.721554, 0.639862, 0.264454, 0.124994, 0.377994, -0.684076, 0.623826, -0.002831, 0.580069, -0.350161, -0.735463, -1.2e-05, 0.0, 0.0, 0.0, 1.0],
                [0.702883, 0.65047, 0.287825, 0.124994, 0.394523, -0.693206, 0.603171, -0.002831, 0.591867, -0.310404, -0.74387, -1.2e-05, 0.0, 0.0, 0.0, 1.0],
                [0.6953, 0.654373, 0.297241, 0.124994, 0.401223, -0.696526, 0.594869, -0.002831, 0.596303, -0.294352, -0.746846, -1.2e-05, 0.0, 0.0, 0.0, 1.0],
                [0.6953, 0.654373, 0.297241, 0.124994, 0.401223, -0.696526, 0.594869, -0.002831, 0.596303, -0.294352, -0.746846, -1.2e-05, 0.0, 0.0, 0.0, 1.0],
                [0.6953, 0.654373, 0.297241, 0.124994, 0.401223, -0.696526, 0.594869, -0.002831, 0.596303, -0.294352, -0.746846, -1.2e-05, 0.0, 0.0, 0.0, 1.0],
                [0.6953, 0.654373, 0.297241, 0.124994, 0.401223, -0.696526, 0.594869, -0.002831, 0.596303, -0.294352, -0.746846, -1.2e-05, 0.0, 0.0, 0.0, 1.0],
                [0.6953, 0.654373, 0.297241, 0.124994, 0.401223, -0.696526, 0.594869, -0.002831, 0.596303, -0.294352, -0.746846, -1.2e-05, 0.0, 0.0, 0.0, 1.0],
                [0.6953, 0.654373, 0.297241, 0.124994, 0.401223, -0.696526, 0.594869, -0.002831, 0.596303, -0.294352, -0.746846, -1.2e-05, 0.0, 0.0, 0.0, 1.0],
                [0.6953, 0.654373, 0.297241, 0.124994, 0.401223, -0.696526, 0.594869, -0.002831, 0.596303, -0.294352, -0.746846, -1.2e-05, 0.0, 0.0, 0.0, 1.0],
                [0.6953, 0.654373, 0.297241, 0.124994, 0.401223, -0.696526, 0.594869, -0.002831, 0.596303, -0.294352, -0.746846, -1.2e-05, 0.0, 0.0, 0.0, 1.0],
                [0.6953, 0.654373, 0.297241, 0.124994, 0.401223, -0.696526, 0.594869, -0.002831, 0.596303, -0.294352, -0.746846, -1.2e-05, 0.0, 0.0, 0.0, 1.0],
                [0.6953, 0.654373, 0.297241, 0.124994, 0.401223, -0.696526, 0.594869, -0.002831, 0.596303, -0.294352, -0.746846, -1.2e-05, 0.0, 0.0, 0.0, 1.0],
                [0.6953, 0.654373, 0.297241, 0.124994, 0.401223, -0.696526, 0.594869, -0.002831, 0.596303, -0.294352, -0.746846, -1.2e-05, 0.0, 0.0, 0.0, 1.0],
                [0.6953, 0.654373, 0.297241, 0.124994, 0.401223, -0.696526, 0.594869, -0.002831, 0.596303, -0.294352, -0.746846, -1.2e-05, 0.0, 0.0, 0.0, 1.0],
                [0.6953, 0.654373, 0.297241, 0.124994, 0.401223, -0.696526, 0.594869, -0.002831, 0.596303, -0.294352, -0.746846, -1.2e-05, 0.0, 0.0, 0.0, 1.0],
                [0.6953, 0.654373, 0.297241, 0.124994, 0.401223, -0.696526, 0.594869, -0.002831, 0.596303, -0.294352, -0.746846, -1.2e-05, 0.0, 0.0, 0.0, 1.0],
                [0.6953, 0.654373, 0.297241, 0.124994, 0.401223, -0.696526, 0.594869, -0.002831, 0.596303, -0.294352, -0.746846, -1.2e-05, 0.0, 0.0, 0.0, 1.0],
                [0.6953, 0.654373, 0.297241, 0.124994, 0.401223, -0.696526, 0.594869, -0.002831, 0.596303, -0.294352, -0.746846, -1.2e-05, 0.0, 0.0, 0.0, 1.0],
                [0.6953, 0.654373, 0.297241, 0.124994, 0.401223, -0.696526, 0.594869, -0.002831, 0.596303, -0.294352, -0.746846, -1.2e-05, 0.0, 0.0, 0.0, 1.0],
                [0.6953, 0.654373, 0.297241, 0.124994, 0.401223, -0.696526, 0.594869, -0.002831, 0.596303, -0.294352, -0.746846, -1.2e-05, 0.0, 0.0, 0.0, 1.0],
                [0.6953, 0.654373, 0.297241, 0.124994, 0.401223, -0.696526, 0.594869, -0.002831, 0.596303, -0.294352, -0.746846, -1.2e-05, 0.0, 0.0, 0.0, 1.0],
                [0.6953, 0.654373, 0.297241, 0.124994, 0.401223, -0.696526, 0.594869, -0.002831, 0.596303, -0.294352, -0.746846, -1.2e-05, 0.0, 0.0, 0.0, 1.0]
            ]
        },
        {
            "name": "Leg_R",
            "time": [0.0, 0.0167, 0.0333, 0.05, 0.0667, 0.0833, 0.1, 0.1167, 0.1333, 0.15, 0.1667, 0.1833, 0.2, 0.2167, 0.2333, 0.25, 0.2667, 0.2833, 0.3, 0.3167, 0.3333, 0.35, 0.3667, 0.3833, 0.4, 0.4167, 0.4333, 0.45, 0.4667, 0.4833, 0.5, 0.5167, 0.5333, 0.55, 0.5667, 0.5833, 0.6, 0.6167, 0.6333, 0.65, 0.6667, 0.6833, 0.7, 0.7167, 0.7333, 0.75, 0.7667, 0.7833, 0.8, 0.8167, 0.8333, 0.85, 0.8667, 0.8833, 0.9, 0.9167, 0.9333, 0.95, 0.9667, 0.9833, 1.0, 1.0167, 1.0333, 1.05, 1.0667, 1.0833, 1.1, 1.1167, 1.1333, 1.15, 1.1667, 1.1833, 1.2, 1.2167, 1.2333, 1.25],
            "transform": [
                [1.0, -0.0, 1e-06, 0.0, -0.0, 0.741237, 0.671243, 0.37472, -1e-06, -0.671244, 0.741236, -0.0, 0.0, 0.0, 0.0, 1.0],
                [1.0, -0.0, 1e-06, 0.0, -0.0, 0.741237, 0.671243, 0.37472, -1e-06, -0.671244, 0.741236, -0.0, 0.0, 0.0, 0.0, 1.0],
                [1.0, -0.0, 1e-06, 0.0, -0.0, 0.741237, 0.671243, 0.37472, -1e-06, -0.671244, 0.741236, -0.0, 0.0, 0.0, 0.0, 1.0],
                [1.0, -0.0, 1e-06, -0.0, -0.0, 0.769144, 0.639075, 0.37472, -1e-06, -0.639076, 0.769143, -0.0, 0.0, 0.0, 0.0, 1.0],
                [1.0, -0.0, 1e-06, -0.0, -0.0, 0.830594, 0.55688, 0.37472, -1e-06, -0.556881, 0.830592, -0.0, 0.0, 0.0, 0.0, 1.0],
                [1.0, 0.0, 1e-06, -0.0, -0.0, 0.893094, 0.449871, 0.37472, -1e-06, -0.449872, 0.893092, 0.0, 0.0, 0.0, 0.0, 1.0],
                [1.0, 0.0, 1e-06, 0.0, -0.0, 0.93514, 0.354281, 0.37472, -1e-06, -0.354281, 0.935138, 0.0, 0.0, 0.0, 0.0, 1.0],
                [1.0, 0.0, 1e-06, -0.0, -0.0, 0.949763, 0.312972, 0.37472, -1e-06, -0.312973, 0.949762, 0.0, 0.0, 0.0, 0.0, 1.0],
                [1.0, 0.0, 1e-06, 0.0, -0.0, 0.949763, 0.312972, 0.37472, -1e-06, -0.312973, 0.949761, 0.0, 0.0, 0.0, 0.0, 1.0],
                [1.0, 0.0, 1e-06, -0.0, -0.0, 0.949763, 0.312972, 0.37472, -1e-06, -0.312973, 0.949762, -0.0, 0.0, 0.0, 0.0, 1.0],
                [1.0, 0.0, 1e-06, 0.0, -0.0, 0.949763, 0.312972, 0.37472, -1e-06, -0.312973, 0.949762, 0.0, 0.0, 0.0, 0.0, 1.0],
                [1.0, 0.0, 1e-06, 0.0, -0.0, 0.949763, 0.312972, 0.37472, -1e-06, -0.312973, 0.949762, -0.0, 0.0, 0.0, 0.0, 1.0],
                [1.0, 0.0, 1e-06, 0.0, -0.0, 0.949763, 0.312972, 0.37472, -1e-06, -0.312973, 0.949761, 0.0, 0.0, 0.0, 0.0, 1.0],
                [1.0, 0.0, 1e-06, 0.0, -0.0, 0.949763, 0.312972, 0.37472, -1e-06, -0.312973, 0.949761, 0.0, 0.0, 0.0, 0.0, 1.0],
                [1.0, 0.0, 1e-06, 0.0, -0.0, 0.949763, 0.312972, 0.37472, -1e-06, -0.312973, 0.949762, 0.0, 0.0, 0.0, 0.0, 1.0],
                [1.0, 0.0, 1e-06, 0.0, -0.0, 0.949763, 0.312972, 0.37472, -1e-06, -0.312973, 0.949762, -0.0, 0.0, 0.0, 0.0, 1.0],
                [1.0, 0.0, 1e-06, 0.0, -0.0, 0.949763, 0.312972, 0.37472, -1e-06, -0.312973, 0.949762, 0.0, 0.0, 0.0, 0.0, 1.0],
                [1.0, 0.0, 1e-06, 0.0, -0.0, 0.949763, 0.312972, 0.37472, -1e-06, -0.312973, 0.949762, 0.0, 0.0, 0.0, 0.0, 1.0],
                [1.0, 0.0, 1e-06, 0.0, -0.0, 0.949763, 0.312972, 0.37472, -1e-06, -0.312973, 0.949761, 0.0, 0.0, 0.0, 0.0, 1.0],
                [1.0, 0.0, 1e-06, -0.0, -0.0, 0.949763, 0.312972, 0.37472, -1e-06, -0.312973, 0.949762, 0.0, 0.0, 0.0, 0.0, 1.0],
                [1.0, 0.0, 1e-06, 0.0, -0.0, 0.949763, 0.312972, 0.37472, -1e-06, -0.312973, 0.949762, -0.0, 0.0, 0.0, 0.0, 1.0],
                [1.0, 0.0, 1e-06, -0.0, -0.0, 0.949763, 0.312972, 0.37472, -1e-06, -0.312973, 0.949761, 0.0, 0.0, 0.0, 0.0, 1.0],
                [1.0, 0.0, 1e-06, -0.0, -0.0, 0.949763, 0.312972, 0.37472, -1e-06, -0.312973, 0.949762, -0.0, 0.0, 0.0, 0.0, 1.0],
                [1.0, 0.0, 1e-06, -0.0, -0.0, 0.949763, 0.312972, 0.37472, -1e-06, -0.312973, 0.949762, -0.0, 0.0, 0.0, 0.0, 1.0],
                [1.0, 0.0, 1e-06, -0.0, -0.0, 0.949763, 0.312972, 0.37472, -1e-06, -0.312973, 0.949762, 0.0, 0.0, 0.0, 0.0, 1.0],
                [1.0, 0.0, 1e-06, -0.0, -0.0, 0.949763, 0.312972, 0.37472, -1e-06, -0.312973, 0.949761, 0.0, 0.0, 0.0, 0.0, 1.0],
                [1.0, 0.0, 1e-06, 0.0, -0.0, 0.949763, 0.312972, 0.37472, -1e-06, -0.312973, 0.949761, 0.0, 0.0, 0.0, 0.0, 1.0],
                [1.0, 0.0, 1e-06, -0.0, -0.0, 0.949763, 0.312972, 0.37472, -1e-06, -0.312973, 0.949761, 0.0, 0.0, 0.0, 0.0, 1.0],
                [1.0, 0.0, 1e-06, -0.0, -0.0, 0.949763, 0.312972, 0.37472, -1e-06, -0.312973, 0.949761, 0.0, 0.0, 0.0, 0.0, 1.0],
                [1.0, 0.0, 1e-06, 0.0, -0.0, 0.949763, 0.312972, 0.37472, -1e-06, -0.312973, 0.949761, -0.0, 0.0, 0.0, 0.0, 1.0],
                [1.0, 0.0, 1e-06, 0.0, -0.0, 0.949763, 0.312972, 0.37472, -1e-06, -0.312973, 0.949762, -0.0, 0.0, 0.0, 0.0, 1.0],
                [1.0, 0.0, 1e-06, 0.0, -0.0, 0.949763, 0.312972, 0.37472, -1e-06, -0.312973, 0.949761, 0.0, 0.0, 0.0, 0.0, 1.0],
                [1.0, 0.0, 1e-06, -0.0, -0.0, 0.949763, 0.312972, 0.37472, -1e-06, -0.312973, 0.949762, 0.0, 0.0, 0.0, 0.0, 1.0],
                [1.0, 0.0, 1e-06, 0.0, -0.0, 0.949763, 0.312972, 0.37472, -1e-06, -0.312973, 0.949762, 0.0, 0.0, 0.0, 0.0, 1.0],
                [1.0, 0.0, 1e-06, 0.0, -0.0, 0.949763, 0.312972, 0.37472, -1e-06, -0.312973, 0.949761, 0.0, 0.0, 0.0, 0.0, 1.0],
                [1.0, 0.0, 1e-06, 0.0, -0.0, 0.949763, 0.312972, 0.37472, -1e-06, -0.312973, 0.949762, 0.0, 0.0, 0.0, 0.0, 1.0],
                [1.0, 0.0, 1e-06, 0.0, -0.0, 0.949763, 0.312972, 0.37472, -1e-06, -0.312973, 0.949762, -0.0, 0.0, 0.0, 0.0, 1.0],
                [1.0, 0.0, 1e-06, 0.0, -0.0, 0.949763, 0.312972, 0.37472, -1e-06, -0.312973, 0.949762, -0.0, 0.0, 0.0, 0.0, 1.0],
                [1.0, 0.0, 1e-06, 0.0, -0.0, 0.949763, 0.312972, 0.37472, -1e-06, -0.312973, 0.949761, -0.0, 0.0, 0.0, 0.0, 1.0],
                [1.0, 0.0, 1e-06, -0.0, -0.0, 0.949763, 0.312972, 0.37472, -1e-06, -0.312973, 0.949761, -0.0, 0.0, 0.0, 0.0, 1.0],
                [1.0, 0.0, 1e-06, 0.0, -0.0, 0.949763, 0.312972, 0.37472, -1e-06, -0.312973, 0.949762, 0.0, 0.0, 0.0, 0.0, 1.0],
                [1.0, 0.0, 1e-06, -0.0, -0.0, 0.949763, 0.312972, 0.37472, -1e-06, -0.312973, 0.949762, -0.0, 0.0, 0.0, 0.0, 1.0],
                [1.0, 0.0, 1e-06, 0.0, -0.0, 0.949763, 0.312972, 0.37472, -1e-06, -0.312973, 0.949761, -0.0, 0.0, 0.0, 0.0, 1.0],
                [1.0, 0.0, 1e-06, -0.0, -0.0, 0.949763, 0.312972, 0.37472, -1e-06, -0.312973, 0.949762, 0.0, 0.0, 0.0, 0.0, 1.0],
                [1.0, 0.0, 1e-06, -0.0, -0.0, 0.949763, 0.312972, 0.37472, -1e-06, -0.312973, 0.949762, 0.0, 0.0, 0.0, 0.0, 1.0],
                [1.0, 0.0, 1e-06, -0.0, -0.0, 0.949763, 0.312972, 0.37472, -1e-06, -0.312973, 0.949762, 0.0, 0.0, 0.0, 0.0, 1.0],
                [1.0, 0.0, 1e-06, -0.0, -1e-06, 0.949763, 0.312972, 0.37472, -1e-06, -0.312973, 0.949762, -0.0, 0.0, 0.0, 0.0, 1.0],
                [1.0, 0.0, 1e-06, 0.0, -0.0, 0.949763, 0.312972, 0.37472, -1e-06, -0.312973, 0.949761, 0.0, 0.0, 0.0, 0.0, 1.0],
                [1.0, 0.0, 1e-06, -0.0, -0.0, 0.949763, 0.312972, 0.37472, -1e-06, -0.312973, 0.949762, -0.0, 0.0, 0.0, 0.0, 1.0],
                [1.0, 0.0, 1e-06, 0.0, -0.0, 0.949763, 0.312972, 0.37472, -1e-06, -0.312973, 0.949762, -0.0, 0.0, 0.0, 0.0, 1.0],
                [1.0, 0.0, 1e-06, -0.0, -0.0, 0.949763, 0.312972, 0.37472, -1e-06, -0.312973, 0.949761, 0.0, 0.0, 0.0, 0.0, 1.0],
                [1.0, 0.0, 1e-06, -0.0, -0.0, 0.949763, 0.312972, 0.37472, -1e-06, -0.312973, 0.949762, 0.0, 0.0, 0.0, 0.0, 1.0],
                [1.0, 0.0, 1e-06, -0.0, -0.0, 0.949763, 0.312972, 0.37472, -1e-06, -0.312973, 0.949761, -0.0, 0.0, 0.0, 0.0, 1.0],
                [1.0, 0.0, 1e-06, -0.0, -1e-06, 0.949763, 0.312972, 0.37472, -1e-06, -0.312973, 0.949762, -0.0, 0.0, 0.0, 0.0, 1.0],
                [1.0, 0.0, 1e-06, 0.0, -1e-06, 0.949763, 0.312972, 0.37472, -1e-06, -0.312973, 0.949761, -0.0, 0.0, 0.0, 0.0, 1.0],
                [1.0, 0.0, 1e-06, 0.0, -0.0, 0.949763, 0.312972, 0.37472, -1e-06, -0.312973, 0.949761, -0.0, 0.0, 0.0, 0.0, 1.0],
                [1.0, 0.0, 1e-06, 0.0, -0.0, 0.949763, 0.312972, 0.37472, -1e-06, -0.312973, 0.949761, 0.0, 0.0, 0.0, 0.0, 1.0],
                [1.0, 0.0, 1e-06, 0.0, -0.0, 0.949763, 0.312972, 0.37472, -1e-06, -0.312973, 0.949761, 0.0, 0.0, 0.0, 0.0, 1.0],
                [1.0, 0.0, 1e-06, 0.0, -0.0, 0.949763, 0.312972, 0.37472, -1e-06, -0.312973, 0.949761, 0.0, 0.0, 0.0, 0.0, 1.0],
                [1.0, 0.0, 1e-06, 0.0, -0.0, 0.949763, 0.312972, 0.37472, -1e-06, -0.312973, 0.949761, 0.0, 0.0, 0.0, 0.0, 1.0],
                [1.0, 0.0, 1e-06, 0.0, -0.0, 0.949763, 0.312972, 0.37472, -1e-06, -0.312973, 0.949761, 0.0, 0.0, 0.0, 0.0, 1.0],
                [1.0, 0.0, 1e-06, 0.0, -0.0, 0.949763, 0.312972, 0.37472, -1e-06, -0.312973, 0.949761, 0.0, 0.0, 0.0, 0.0, 1.0],
                [1.0, 0.0, 1e-06, 0.0, -0.0, 0.949763, 0.312972, 0.37472, -1e-06, -0.312973, 0.949761, 0.0, 0.0, 0.0, 0.0, 1.0],
                [1.0, 0.0, 1e-06, 0.0, -0.0, 0.949763, 0.312972, 0.37472, -1e-06, -0.312973, 0.949761, 0.0, 0.0, 0.0, 0.0, 1.0],
                [1.0, 0.0, 1e-06, 0.0, -0.0, 0.949763, 0.312972, 0.37472, -1e-06, -0.312973, 0.949761, 0.0, 0.0, 0.0, 0.0, 1.0],
                [1.0, 0.0, 1e-06, 0.0, -0.0, 0.949763, 0.312972, 0.37472, -1e-06, -0.312973, 0.949761, 0.0, 0.0, 0.0, 0.0, 1.0],
                [1.0, 0.0, 1e-06, 0.0, -0.0, 0.949763, 0.312972, 0.37472, -1e-06, -0.312973, 0.949761, 0.0, 0.0, 0.0, 0.0, 1.0],
                [1.0, 0.0, 1e-06, 0.0, -0.0, 0.949763, 0.312972, 0.37472, -1e-06, -0.312973, 0.949761, 0.0, 0.0, 0.0, 0.0, 1.0],
                [1.0, 0.0, 1e-06, 0.0, -0.0, 0.949763, 0.312972, 0.37472, -1e-06, -0.312973, 0.949761, 0.0, 0.0, 0.0, 0.0, 1.0],
                [1.0, 0.0, 1e-06, 0.0, -0.0, 0.949763, 0.312972, 0.37472, -1e-06, -0.312973, 0.949761, 0.0, 0.0, 0.0, 0.0, 1.0],
                [1.0, 0.0, 1e-06, 0.0, -0.0, 0.949763, 0.312972, 0.37472, -1e-06, -0.312973, 0.949761, 0.0, 0.0, 0.0, 0.0, 1.0],
                [1.0, 0.0, 1e-06, 0.0, -0.0, 0.949763, 0.312972, 0.37472, -1e-06, -0.312973, 0.949761, 0.0, 0.0, 0.0, 0.0, 1.0],
                [1.0, 0.0, 1e-06, 0.0, -0.0, 0.949763, 0.312972, 0.37472, -1e-06, -0.312973, 0.949761, 0.0, 0.0, 0.0, 0.0, 1.0],
                [1.0, 0.0, 1e-06, 0.0, -0.0, 0.949763, 0.312972, 0.37472, -1e-06, -0.312973, 0.949761, 0.0, 0.0, 0.0, 0.0, 1.0],
                [1.0, 0.0, 1e-06, 0.0, -0.0, 0.949763, 0.312972, 0.37472, -1e-06, -0.312973, 0.949761, 0.0, 0.0, 0.0, 0.0, 1.0],
                [1.0, 0.0, 1e-06, 0.0, -0.0, 0.949763, 0.312972, 0.37472, -1e-06, -0.312973, 0.949761, 0.0, 0.0, 0.0, 0.0, 1.0]
            ]
        },
        {
            "name": "Knee_R",
            "time": [0.0, 0.0167, 0.0333, 0.05, 0.0667, 0.0833, 0.1, 0.1167, 0.1333, 0.15, 0.1667, 0.1833, 0.2, 0.2167, 0.2333, 0.25, 0.2667, 0.2833, 0.3, 0.3167, 0.3333, 0.35, 0.3667, 0.3833, 0.4, 0.4167, 0.4333, 0.45, 0.4667, 0.4833, 0.5, 0.5167, 0.5333, 0.55, 0.5667, 0.5833, 0.6, 0.6167, 0.6333, 0.65, 0.6667, 0.6833, 0.7, 0.7167, 0.7333, 0.75, 0.7667, 0.7833, 0.8, 0.8167, 0.8333, 0.85, 0.8667, 0.8833, 0.9, 0.9167, 0.9333, 0.95, 0.9667, 0.9833, 1.0, 1.0167, 1.0333, 1.05, 1.0667, 1.0833, 1.1, 1.1167, 1.1333, 1.15, 1.1667, 1.1833, 1.2, 1.2167, 1.2333, 1.25],
            "transform": [
                [1.0, 0.0, -0.0, 0.0, -0.0, 0.0, -1.0, 0.397019, -0.0, 1.0, 0.0, -0.0, 0.0, 0.0, 0.0, 1.0],
                [1.0, 0.0, -0.0, 0.0, -0.0, 0.0, -1.0, 0.397019, -0.0, 1.0, 0.0, -0.0, 0.0, 0.0, 0.0, 1.0],
                [1.0, 0.0, -0.0, 0.0, -0.0, 0.0, -1.0, 0.397019, -0.0, 1.0, 0.0, -0.0, 0.0, 0.0, 0.0, 1.0],
                [1.0, 0.0, -1e-06, 0.0, -0.0, 0.0, -1.0, 0.392545, -0.0, 1.0, 0.0, -0.0, 0.0, 0.0, 0.0, 1.0],
                [1.0, 0.0, -0.0, -0.0, -0.0, 0.0, -1.0, 0.381761, -0.0, 1.0, 0.0, -0.0, 0.0, 0.0, 0.0, 1.0],
                [1.0, 0.0, -0.0, -0.0, -0.0, 0.0, -1.0, 0.37472, -0.0, 1.0, 0.0, 0.0, 0.0, 0.0, 0.0, 1.0],
                [1.0, 0.0, -0.0, 0.0, -0.0, 0.0, -1.0, 0.37472, -0.0, 1.0, 0.0, 0.0, 0.0, 0.0, 0.0, 1.0],
                [1.0, 0.0, -0.0, -0.0, -0.0, 0.0, -1.0, 0.37472, -0.0, 1.0, 0.0, 0.0, 0.0, 0.0, 0.0, 1.0],
                [1.0, 0.0, -0.0, 0.0, -0.0, 0.0, -1.0, 0.37472, -0.0, 1.0, 0.0, 0.0, 0.0, 0.0, 0.0, 1.0],
                [1.0, 0.0, -0.0, 0.0, -0.0, 0.0, -1.0, 0.37472, -0.0, 1.0, 0.0, -0.0, 0.0, 0.0, 0.0, 1.0],
                [1.0, 0.0, -0.0, -0.0, -0.0, 0.0, -1.0, 0.37472, -0.0, 1.0, 0.0, 0.0, 0.0, 0.0, 0.0, 1.0],
                [1.0, 0.0, -0.0, 0.0, -0.0, 0.0, -1.0, 0.37472, -0.0, 1.0, 0.0, 0.0, 0.0, 0.0, 0.0, 1.0],
                [1.0, 0.0, -0.0, -0.0, -0.0, 0.0, -1.0, 0.37472, -0.0, 1.0, 0.0, -0.0, 0.0, 0.0, 0.0, 1.0],
                [1.0, 0.0, -0.0, 0.0, -0.0, 0.0, -1.0, 0.37472, -0.0, 1.0, 0.0, 0.0, 0.0, 0.0, 0.0, 1.0],
                [1.0, 0.0, -0.0, 0.0, -0.0, 0.0, -1.0, 0.37472, -0.0, 1.0, 0.0, 0.0, 0.0, 0.0, 0.0, 1.0],
                [1.0, 0.0, -0.0, 0.0, -0.0, 0.0, -1.0, 0.37472, -0.0, 1.0, 0.0, -0.0, 0.0, 0.0, 0.0, 1.0],
                [1.0, 0.0, -0.0, 0.0, -0.0, 0.0, -1.0, 0.37472, -0.0, 1.0, 0.0, -0.0, 0.0, 0.0, 0.0, 1.0],
                [1.0, 0.0, -0.0, 0.0, -0.0, 0.0, -1.0, 0.37472, -0.0, 1.0, 0.0, 0.0, 0.0, 0.0, 0.0, 1.0],
                [1.0, 0.0, -0.0, 0.0, -0.0, 0.0, -1.0, 0.37472, -0.0, 1.0, 0.0, -0.0, 0.0, 0.0, 0.0, 1.0],
                [1.0, 0.0, -0.0, -0.0, -0.0, 0.0, -1.0, 0.37472, -0.0, 1.0, 0.0, 0.0, 0.0, 0.0, 0.0, 1.0],
                [1.0, 0.0, -0.0, 0.0, -0.0, 0.0, -1.0, 0.37472, -0.0, 1.0, 0.0, -0.0, 0.0, 0.0, 0.0, 1.0],
                [1.0, 0.0, -0.0, -0.0, -0.0, 0.0, -1.0, 0.37472, -0.0, 1.0, 0.0, 0.0, 0.0, 0.0, 0.0, 1.0],
                [1.0, 0.0, -0.0, -0.0, -0.0, 0.0, -1.0, 0.37472, -0.0, 1.0, 0.0, -0.0, 0.0, 0.0, 0.0, 1.0],
                [1.0, 0.0, -0.0, -0.0, -0.0, 0.0, -1.0, 0.37472, -0.0, 1.0, 0.0, -0.0, 0.0, 0.0, 0.0, 1.0],
                [1.0, 0.0, -0.0, 0.0, -0.0, 0.0, -1.0, 0.37472, -0.0, 1.0, 0.0, 0.0, 0.0, 0.0, 0.0, 1.0],
                [1.0, 0.0, -0.0, 0.0, -0.0, 0.0, -1.0, 0.37472, -0.0, 1.0, 0.0, 0.0, 0.0, 0.0, 0.0, 1.0],
                [1.0, 0.0, -0.0, -0.0, -0.0, 0.0, -1.0, 0.37472, -0.0, 1.0, 0.0, 0.0, 0.0, 0.0, 0.0, 1.0],
                [1.0, 0.0, -0.0, -0.0, -0.0, 0.0, -1.0, 0.37472, -0.0, 1.0, 0.0, 0.0, 0.0, 0.0, 0.0, 1.0],
                [1.0, 0.0, -0.0, 0.0, -0.0, 0.0, -1.0, 0.37472, -0.0, 1.0, 0.0, 0.0, 0.0, 0.0, 0.0, 1.0],
                [1.0, 0.0, -0.0, 0.0, -0.0, 0.0, -1.0, 0.37472, -0.0, 1.0, 0.0, -0.0, 0.0, 0.0, 0.0, 1.0],
                [1.0, 0.0, -0.0, 0.0, -0.0, 0.0, -1.0, 0.37472, -0.0, 1.0, 0.0, -0.0, 0.0, 0.0, 0.0, 1.0],
                [1.0, 0.0, -0.0, 0.0, -0.0, 0.0, -1.0, 0.37472, -0.0, 1.0, 0.0, -0.0, 0.0, 0.0, 0.0, 1.0],
                [1.0, 0.0, -0.0, 0.0, -0.0, 0.0, -1.0, 0.37472, -0.0, 1.0, 0.0, 0.0, 0.0, 0.0, 0.0, 1.0],
                [1.0, 0.0, -0.0, 0.0, -0.0, 0.0, -1.0, 0.37472, -0.0, 1.0, 0.0, -0.0, 0.0, 0.0, 0.0, 1.0],
                [1.0, 0.0, -0.0, 0.0, -0.0, 0.0, -1.0, 0.37472, -0.0, 1.0, 0.0, 0.0, 0.0, 0.0, 0.0, 1.0],
                [1.0, 0.0, -0.0, 0.0, -0.0, 0.0, -1.0, 0.37472, -0.0, 1.0, 0.0, 0.0, 0.0, 0.0, 0.0, 1.0],
                [1.0, 0.0, -0.0, 0.0, -0.0, 0.0, -1.0, 0.37472, -0.0, 1.0, 0.0, -0.0, 0.0, 0.0, 0.0, 1.0],
                [1.0, 0.0, -0.0, 0.0, -0.0, 0.0, -1.0, 0.37472, -0.0, 1.0, 0.0, -0.0, 0.0, 0.0, 0.0, 1.0],
                [1.0, 0.0, -0.0, 0.0, -0.0, 0.0, -1.0, 0.37472, -0.0, 1.0, 0.0, 0.0, 0.0, 0.0, 0.0, 1.0],
                [1.0, 0.0, -0.0, -0.0, -0.0, 0.0, -1.0, 0.37472, -0.0, 1.0, 0.0, -0.0, 0.0, 0.0, 0.0, 1.0],
                [1.0, 0.0, -0.0, -0.0, -1e-06, 0.0, -1.0, 0.37472, -0.0, 1.0, 0.0, 0.0, 0.0, 0.0, 0.0, 1.0],
                [1.0, 0.0, -0.0, 0.0, -0.0, 0.0, -1.0, 0.37472, -0.0, 1.0, 0.0, -0.0, 0.0, 0.0, 0.0, 1.0],
                [1.0, 0.0, -1e-06, 0.0, -0.0, 0.0, -1.0, 0.37472, -0.0, 1.0, 0.0, -0.0, 0.0, 0.0, 0.0, 1.0],
                [1.0, 0.0, -1e-06, 0.0, -0.0, 0.0, -1.0, 0.37472, -0.0, 1.0, 0.0, 0.0, 0.0, 0.0, 0.0, 1.0],
                [1.0, 0.0, -0.0, -0.0, -0.0, 0.0, -1.0, 0.37472, -0.0, 1.0, 0.0, 0.0, 0.0, 0.0, 0.0, 1.0],
                [1.0, 0.0, -0.0, -0.0, -0.0, 0.0, -1.0, 0.37472, -0.0, 1.0, 0.0, 0.0, 0.0, 0.0, 0.0, 1.0],
                [1.0, 0.0, -0.0, -0.0, -1e-06, 0.0, -1.0, 0.37472, -0.0, 1.0, 0.0, -0.0, 0.0, 0.0, 0.0, 1.0],
                [1.0, 0.0, -1e-06, 0.0, -1e-06, 0.0, -1.0, 0.37472, -0.0, 1.0, 0.0, 0.0, 0.0, 0.0, 0.0, 1.0],
