{
    "animation": [
        {
            "name": "Root",
            "time": [0.0, 0.0167, 0.0333, 0.05, 0.0667, 0.0833, 0.1, 0.1167, 0.1333, 0.15, 0.1667, 0.1833, 0.2, 0.2167, 0.2333, 0.25, 0.2667, 0.2833, 0.3, 0.3167, 0.3333, 0.35, 0.3667, 0.3833, 0.4, 0.4167, 0.4333, 0.45, 0.4667, 0.4833, 0.5, 0.5167, 0.5333, 0.55, 0.5667, 0.5833, 0.6, 0.6167, 0.6333, 0.65, 0.6667, 0.6833, 0.7, 0.7167, 0.7333, 0.75, 0.7667, 0.7833, 0.8, 0.8167, 0.8333, 0.85, 0.8667, 0.8833, 0.9, 0.9167, 0.9333, 0.95, 0.9667, 0.9833, 1.0, 1.0167, 1.0333, 1.05, 1.0667, 1.0833, 1.1, 1.1167, 1.1333, 1.15, 1.1667, 1.1833, 1.2, 1.2167, 1.2333, 1.25, 1.2667, 1.2833, 1.3, 1.3167, 1.3333, 1.35, 1.3667, 1.3833, 1.4, 1.4167, 1.4333, 1.45, 1.4667, 1.4833, 1.5, 1.5167, 1.5333, 1.55, 1.5667, 1.5833, 1.6, 1.6167, 1.6333, 1.65, 1.6667, 1.6833, 1.7, 1.7167, 1.7333, 1.75, 1.7667, 1.7833, 1.8, 1.8167, 1.8333, 1.85, 1.8667, 1.8833, 1.9, 1.9167, 1.9333],
            "transform": [
                [1.0, 0.0, 0.0, -5e-06, 0.0, -0.203046, -0.979169, 0.05344, 0.0, 0.979169, -0.203046, 0.68954, 0.0, 0.0, 0.0, 1.0],
                [1.0, 0.0, 0.0, -5e-06, 0.0, -0.203046, -0.979169, 0.053292, 0.0, 0.979169, -0.203046, 0.68954, 0.0, 0.0, 0.0, 1.0],
                [1.0, 0.0, 0.0, -5e-06, 0.0, -0.203046, -0.979169, 0.052864, 0.0, 0.979169, -0.203046, 0.68954, 0.0, 0.0, 0.0, 1.0],
                [1.0, 0.0, 0.0, -5e-06, 0.0, -0.203046, -0.979169, 0.05218, 0.0, 0.979169, -0.203046, 0.68954, 0.0, 0.0, 0.0, 1.0],
                [1.0, 0.0, 0.0, -5e-06, 0.0, -0.203046, -0.979169, 0.051262, 0.0, 0.979169, -0.203046, 0.68954, 0.0, 0.0, 0.0, 1.0],
                [1.0, 0.0, 0.0, -5e-06, 0.0, -0.203046, -0.979169, 0.050134, 0.0, 0.979169, -0.203046, 0.68954, 0.0, 0.0, 0.0, 1.0],
                [1.0, 0.0, 0.0, -5e-06, 0.0, -0.203046, -0.979169, 0.04882, 0.0, 0.979169, -0.203046, 0.68954, 0.0, 0.0, 0.0, 1.0],
                [1.0, 0.0, 0.0, -5e-06, 0.0, -0.203046, -0.979169, 0.047342, 0.0, 0.979169, -0.203046, 0.68954, 0.0, 0.0, 0.0, 1.0],
                [1.0, 0.0, 0.0, -5e-06, 0.0, -0.203046, -0.979169, 0.045724, 0.0, 0.979169, -0.203046, 0.68954, 0.0, 0.0, 0.0, 1.0],
                [1.0, 0.0, 0.0, -5e-06, 0.0, -0.203046, -0.979169, 0.043989, 0.0, 0.979169, -0.203046, 0.68954, 0.0, 0.0, 0.0, 1.0],
                [1.0, 0.0, 0.0, -5e-06, 0.0, -0.203046, -0.979169, 0.042162, 0.0, 0.979169, -0.203046, 0.68954, 0.0, 0.0, 0.0, 1.0],
                [1.0, 0.0, 0.0, -5e-06, 0.0, -0.203046, -0.979169, 0.040264, 0.0, 0.979169, -0.203046, 0.68954, 0.0, 0.0, 0.0, 1.0],
                [1.0, 0.0, 0.0, -5e-06, 0.0, -0.203046, -0.979169, 0.038319, 0.0, 0.979169, -0.203046, 0.68954, 0.0, 0.0, 0.0, 1.0],
                [1.0, 0.0, 0.0, -5e-06, 0.0, -0.203046, -0.979169, 0.036352, 0.0, 0.979169, -0.203046, 0.68954, 0.0, 0.0, 0.0, 1.0],
                [1.0, 0.0, 0.0, -5e-06, 0.0, -0.203046, -0.979169, 0.034384, 0.0, 0.979169, -0.203046, 0.68954, 0.0, 0.0, 0.0, 1.0],
                [1.0, 0.0, 0.0, -5e-06, 0.0, -0.203046, -0.979169, 0.032439, 0.0, 0.979169, -0.203046, 0.68954, 0.0, 0.0, 0.0, 1.0],
                [1.0, 0.0, 0.0, -5e-06, 0.0, -0.203046, -0.979169, 0.030542, 0.0, 0.979169, -0.203046, 0.68954, 0.0, 0.0, 0.0, 1.0],
                [1.0, 0.0, 0.0, -5e-06, 0.0, -0.203046, -0.979169, 0.028714, 0.0, 0.979169, -0.203046, 0.68954, 0.0, 0.0, 0.0, 1.0],
                [1.0, 0.0, 0.0, -5e-06, 0.0, -0.203046, -0.979169, 0.026979, 0.0, 0.979169, -0.203046, 0.68954, 0.0, 0.0, 0.0, 1.0],
                [1.0, 0.0, 0.0, -5e-06, 0.0, -0.203046, -0.979169, 0.025361, 0.0, 0.979169, -0.203046, 0.68954, 0.0, 0.0, 0.0, 1.0],
                [1.0, 0.0, 0.0, -5e-06, 0.0, -0.203046, -0.979169, 0.023884, 0.0, 0.979169, -0.203046, 0.68954, 0.0, 0.0, 0.0, 1.0],
                [1.0, 0.0, 0.0, -5e-06, 0.0, -0.203046, -0.979169, 0.022569, 0.0, 0.979169, -0.203046, 0.68954, 0.0, 0.0, 0.0, 1.0],
                [1.0, 0.0, 0.0, -5e-06, 0.0, -0.203046, -0.979169, 0.021441, 0.0, 0.979169, -0.203046, 0.68954, 0.0, 0.0, 0.0, 1.0],
                [1.0, 0.0, 0.0, -5e-06, 0.0, -0.203046, -0.979169, 0.020524, 0.0, 0.979169, -0.203046, 0.68954, 0.0, 0.0, 0.0, 1.0],
                [1.0, 0.0, 0.0, -5e-06, 0.0, -0.203046, -0.979169, 0.019839, 0.0, 0.979169, -0.203046, 0.68954, 0.0, 0.0, 0.0, 1.0],
                [1.0, 0.0, 0.0, -5e-06, 0.0, -0.203046, -0.979169, 0.019411, 0.0, 0.979169, -0.203046, 0.68954, 0.0, 0.0, 0.0, 1.0],
                [1.0, 0.0, 0.0, -5e-06, 0.0, -0.203046, -0.979169, 0.019264, 0.0, 0.979169, -0.203046, 0.68954, 0.0, 0.0, 0.0, 1.0],
                [1.0, 0.0, 0.0, -5e-06, 0.0, -0.203046, -0.979169, 0.023034, 0.0, 0.979169, -0.203046, 0.681073, 0.0, 0.0, 0.0, 1.0],
                [1.0, 0.0, 0.0, -5e-06, 0.0, -0.203046, -0.979169, 0.033269, 0.0, 0.979169, -0.203046, 0.658089, 0.0, 0.0, 0.0, 1.0],
                [1.0, 0.0, 0.0, -5e-06, 0.0, -0.203046, -0.979169, 0.048351, 0.0, 0.979169, -0.203046, 0.624219, 0.0, 0.0, 0.0, 1.0],
                [1.0, 0.0, 0.0, -5e-06, 0.0, -0.203046, -0.979169, 0.066665, 0.0, 0.979169, -0.203046, 0.58309, 0.0, 0.0, 0.0, 1.0],
                [1.0, 0.0, 0.0, -5e-06, 0.0, -0.203046, -0.979169, 0.086595, 0.0, 0.979169, -0.203046, 0.538333, 0.0, 0.0, 0.0, 1.0],
                [1.0, 0.0, 0.0, -5e-06, 0.0, -0.203046, -0.979169, 0.106525, 0.0, 0.979169, -0.203046, 0.493576, 0.0, 0.0, 0.0, 1.0],
                [1.0, 0.0, 0.0, -5e-06, 0.0, -0.203046, -0.979169, 0.124839, 0.0, 0.979169, -0.203046, 0.452447, 0.0, 0.0, 0.0, 1.0],
                [1.0, 0.0, 0.0, -5e-06, 0.0, -0.203046, -0.979169, 0.139921, 0.0, 0.979169, -0.203046, 0.418577, 0.0, 0.0, 0.0, 1.0],
                [1.0, 0.0, 0.0, -5e-06, 0.0, -0.203046, -0.979169, 0.150156, 0.0, 0.979169, -0.203046, 0.395593, 0.0, 0.0, 0.0, 1.0],
                [1.0, 0.0, 0.0, -5e-06, 0.0, -0.203046, -0.979169, 0.153926, 0.0, 0.979169, -0.203046, 0.387126, 0.0, 0.0, 0.0, 1.0],
                [1.0, 0.0, 0.0, -5e-06, 0.0, -0.203046, -0.979169, 0.153926, 0.0, 0.979169, -0.203046, 0.387126, 0.0, 0.0, 0.0, 1.0],
                [1.0, 0.0, 0.0, -5e-06, 0.0, -0.203046, -0.979169, 0.153926, 0.0, 0.979169, -0.203046, 0.387126, 0.0, 0.0, 0.0, 1.0],
                [1.0, 0.0, 0.0, -5e-06, 0.0, -0.203046, -0.979169, 0.153926, 0.0, 0.979169, -0.203046, 0.387126, 0.0, 0.0, 0.0, 1.0],
                [1.0, 0.0, 0.0, -5e-06, 0.0, -0.203046, -0.979169, 0.153926, 0.0, 0.979169, -0.203046, 0.387126, 0.0, 0.0, 0.0, 1.0],
                [1.0, 0.0, 0.0, -5e-06, 0.0, -0.203046, -0.979169, 0.153926, 0.0, 0.979169, -0.203046, 0.387126, 0.0, 0.0, 0.0, 1.0],
                [1.0, 0.0, 0.0, -5e-06, 0.0, -0.203046, -0.979169, 0.153926, 0.0, 0.979169, -0.203046, 0.387126, 0.0, 0.0, 0.0, 1.0],
                [1.0, 0.0, 0.0, -5e-06, 0.0, -0.203046, -0.979169, 0.153926, 0.0, 0.979169, -0.203046, 0.387126, 0.0, 0.0, 0.0, 1.0],
                [1.0, 0.0, 0.0, -5e-06, 0.0, -0.203046, -0.979169, 0.153926, 0.0, 0.979169, -0.203046, 0.387126, 0.0, 0.0, 0.0, 1.0],
                [1.0, 0.0, 0.0, -5e-06, 0.0, -0.203046, -0.979169, 0.153926, 0.0, 0.979169, -0.203046, 0.387126, 0.0, 0.0, 0.0, 1.0],
                [1.0, 0.0, 0.0, -5e-06, 0.0, -0.203046, -0.979169, 0.153926, 0.0, 0.979169, -0.203046, 0.387126, 0.0, 0.0, 0.0, 1.0],
                [1.0, 0.0, 0.0, -5e-06, 0.0, -0.203046, -0.979169, 0.153924, 0.0, 0.979169, -0.203046, 0.387173, 0.0, 0.0, 0.0, 1.0],
                [1.0, 0.0, 0.0, -5e-06, 0.0, -0.203046, -0.979169, 0.153905, 0.0, 0.979169, -0.203046, 0.387311, 0.0, 0.0, 0.0, 1.0],
                [1.0, 0.0, 0.0, -5e-06, 0.0, -0.203046, -0.979169, 0.153854, 0.0, 0.979169, -0.203046, 0.387533, 0.0, 0.0, 0.0, 1.0],
                [1.0, 0.0, 0.0, -5e-06, 0.0, -0.203046, -0.979169, 0.153755, 0.0, 0.979169, -0.203046, 0.387832, 0.0, 0.0, 0.0, 1.0],
                [1.0, 0.0, 0.0, -5e-06, 0.0, -0.203046, -0.979169, 0.153591, 0.0, 0.979169, -0.203046, 0.388203, 0.0, 0.0, 0.0, 1.0],
                [1.0, 0.0, 0.0, -5e-06, 0.0, -0.203046, -0.979169, 0.153347, 0.0, 0.979169, -0.203046, 0.388638, 0.0, 0.0, 0.0, 1.0],
                [1.0, 0.0, 0.0, -5e-06, 0.0, -0.203046, -0.979169, 0.153006, 0.0, 0.979169, -0.203046, 0.389132, 0.0, 0.0, 0.0, 1.0],
                [1.0, 0.0, 0.0, -5e-06, 0.0, -0.203046, -0.979169, 0.152552, 0.0, 0.979169, -0.203046, 0.389677, 0.0, 0.0, 0.0, 1.0],
                [1.0, 0.0, 0.0, -5e-06, 0.0, -0.203046, -0.979169, 0.15197, 0.0, 0.979169, -0.203046, 0.390267, 0.0, 0.0, 0.0, 1.0],
                [1.0, 0.0, 0.0, -5e-06, 0.0, -0.203046, -0.979169, 0.151242, 0.0, 0.979169, -0.203046, 0.390896, 0.0, 0.0, 0.0, 1.0],
                [1.0, 0.0, 0.0, -5e-06, 0.0, -0.203046, -0.979169, 0.150354, 0.0, 0.979169, -0.203046, 0.391558, 0.0, 0.0, 0.0, 1.0],
                [1.0, 0.0, 0.0, -5e-06, 0.0, -0.203046, -0.979169, 0.149288, 0.0, 0.979169, -0.203046, 0.392245, 0.0, 0.0, 0.0, 1.0],
                [1.0, 0.0, 0.0, -5e-06, 0.0, -0.203046, -0.979169, 0.148029, 0.0, 0.979169, -0.203046, 0.392952, 0.0, 0.0, 0.0, 1.0],
                [1.0, 0.0, 0.0, -5e-06, 0.0, -0.203046, -0.979169, 0.146561, 0.0, 0.979169, -0.203046, 0.393672, 0.0, 0.0, 0.0, 1.0],
                [1.0, 0.0, 0.0, -5e-06, 0.0, -0.203046, -0.979169, 0.144867, 0.0, 0.979169, -0.203046, 0.394398, 0.0, 0.0, 0.0, 1.0],
                [1.0, 0.0, 0.0, -5e-06, 0.0, -0.203046, -0.979169, 0.142932, 0.0, 0.979169, -0.203046, 0.395124, 0.0, 0.0, 0.0, 1.0],
                [1.0, 0.0, 0.0, -5e-06, 0.0, -0.203046, -0.979169, 0.140739, 0.0, 0.979169, -0.203046, 0.395844, 0.0, 0.0, 0.0, 1.0],
                [1.0, 0.0, 0.0, -5e-06, 0.0, -0.203046, -0.979169, 0.138273, 0.0, 0.979169, -0.203046, 0.396551, 0.0, 0.0, 0.0, 1.0],
                [1.0, 0.0, 0.0, -5e-06, 0.0, -0.203046, -0.979169, 0.135516, 0.0, 0.979169, -0.203046, 0.397238, 0.0, 0.0, 0.0, 1.0],
                [1.0, 0.0, 0.0, -5e-06, 0.0, -0.203046, -0.979169, 0.132453, 0.0, 0.979169, -0.203046, 0.397899, 0.0, 0.0, 0.0, 1.0],
                [1.0, 0.0, 0.0, -5e-06, 0.0, -0.203046, -0.979169, 0.129069, 0.0, 0.979169, -0.203046, 0.398529, 0.0, 0.0, 0.0, 1.0],
                [1.0, 0.0, 0.0, -5e-06, 0.0, -0.203046, -0.979169, 0.125346, 0.0, 0.979169, -0.203046, 0.399119, 0.0, 0.0, 0.0, 1.0],
                [1.0, 0.0, 0.0, -5e-06, 0.0, -0.203046, -0.979169, 0.121269, 0.0, 0.979169, -0.203046, 0.399664, 0.0, 0.0, 0.0, 1.0],
                [1.0, 0.0, 0.0, -5e-06, 0.0, -0.203046, -0.979169, 0.116821, 0.0, 0.979169, -0.203046, 0.400158, 0.0, 0.0, 0.0, 1.0],
                [1.0, 0.0, 0.0, -5e-06, 0.0, -0.203046, -0.979169, 0.111987, 0.0, 0.979169, -0.203046, 0.400593, 0.0, 0.0, 0.0, 1.0],
                [1.0, 0.0, 0.0, -5e-06, 0.0, -0.203046, -0.979169, 0.10675, 0.0, 0.979169, -0.203046, 0.400964, 0.0, 0.0, 0.0, 1.0],
                [1.0, 0.0, 0.0, -5e-06, 0.0, -0.203046, -0.979169, 0.101095, 0.0, 0.979169, -0.203046, 0.401263, 0.0, 0.0, 0.0, 1.0],
                [1.0, 0.0, 0.0, -5e-06, 0.0, -0.203046, -0.979169, 0.095005, 0.0, 0.979169, -0.203046, 0.401485, 0.0, 0.0, 0.0, 1.0],
                [1.0, 0.0, 0.0, -5e-06, 0.0, -0.203046, -0.979169, 0.088463, 0.0, 0.979169, -0.203046, 0.401623, 0.0, 0.0, 0.0, 1.0],
                [1.0, 0.0, 0.0, -5e-06, 0.0, -0.203046, -0.979169, 0.081455, 0.0, 0.979169, -0.203046, 0.40167, 0.0, 0.0, 0.0, 1.0],
                [1.0, 0.0, 0.0, -5e-06, 0.0, -0.307703, -0.951483, 0.046167, 0.0, 0.951483, -0.307703, 0.362521, 0.0, 0.0, 0.0, 1.0],
                [1.0, 0.0, 0.0, -5e-06, 0.0, -0.548452, -0.836182, -0.027502, 0.0, 0.836182, -0.548452, 0.269167, 0.0, 0.0, 0.0, 1.0],
                [1.0, 0.0, 0.0, -5e-06, 0.0, -0.787671, -0.616097, -0.112998, 0.0, 0.616097, -0.787671, 0.157743, 0.0, 0.0, 0.0, 1.0],
                [1.0, 0.0, 0.0, -5e-06, 0.0, -0.922595, -0.38577, -0.183768, 0.0, 0.38577, -0.922595, 0.064388, 0.0, 0.0, 0.0, 1.0],
                [1.0, 0.0, 0.0, -5e-06, 0.0, -0.95889, -0.283779, -0.213258, 0.0, 0.283779, -0.95889, 0.02524, 0.0, 0.0, 0.0, 1.0],
                [1.0, 0.0, 0.0, -5e-06, 0.0, -0.95889, -0.283779, -0.213258, 0.0, 0.283779, -0.95889, 0.02524, 0.0, 0.0, 0.0, 1.0],
                [1.0, 0.0, 0.0, -5e-06, 0.0, -0.95889, -0.283779, -0.213258, 0.0, 0.283779, -0.95889, 0.02524, 0.0, 0.0, 0.0, 1.0],
                [1.0, 0.0, 0.0, -5e-06, 0.0, -0.95889, -0.283779, -0.213258, 0.0, 0.283779, -0.95889, 0.02524, 0.0, 0.0, 0.0, 1.0],
                [1.0, 0.0, 0.0, -5e-06, 0.0, -0.95889, -0.283779, -0.213258, 0.0, 0.283779, -0.95889, 0.02524, 0.0, 0.0, 0.0, 1.0],
                [1.0, 0.0, 0.0, -5e-06, 0.0, -0.95889, -0.283779, -0.213258, 0.0, 0.283779, -0.95889, 0.02524, 0.0, 0.0, 0.0, 1.0],
                [1.0, 0.0, 0.0, -5e-06, 0.0, -0.95889, -0.283779, -0.213258, 0.0, 0.283779, -0.95889, 0.02524, 0.0, 0.0, 0.0, 1.0],
                [1.0, 0.0, 0.0, -5e-06, 0.0, -0.95889, -0.283779, -0.213258, 0.0, 0.283779, -0.95889, 0.02524, 0.0, 0.0, 0.0, 1.0],
                [1.0, 0.0, 0.0, -5e-06, 0.0, -0.95889, -0.283779, -0.213258, 0.0, 0.283779, -0.95889, 0.02524, 0.0, 0.0, 0.0, 1.0],
                [1.0, 0.0, 0.0, -5e-06, 0.0, -0.95889, -0.283779, -0.213258, 0.0, 0.283779, -0.95889, 0.02524, 0.0, 0.0, 0.0, 1.0],
                [1.0, 0.0, 0.0, -5e-06, 0.0, -0.95889, -0.283779, -0.213258, 0.0, 0.283779, -0.95889, 0.02524, 0.0, 0.0, 0.0, 1.0],
                [1.0, 0.0, 0.0, -5e-06, 0.0, -0.95889, -0.283779, -0.213258, 0.0, 0.283779, -0.95889, 0.02524, 0.0, 0.0, 0.0, 1.0],
                [1.0, 0.0, 0.0, -5e-06, 0.0, -0.95889, -0.283779, -0.213258, 0.0, 0.283779, -0.95889, 0.02524, 0.0, 0.0, 0.0, 1.0],
                [1.0, 0.0, 0.0, -5e-06, 0.0, -0.95889, -0.283779, -0.213258, 0.0, 0.283779, -0.95889, 0.02524, 0.0, 0.0, 0.0, 1.0],
                [1.0, 0.0, 0.0, -5e-06, 0.0, -0.95889, -0.283779, -0.213258, 0.0, 0.283779, -0.95889, 0.02524, 0.0, 0.0, 0.0, 1.0],
                [1.0, 0.0, 0.0, -5e-06, 0.0, -0.95889, -0.283779, -0.213258, 0.0, 0.283779, -0.95889, 0.02524, 0.0, 0.0, 0.0, 1.0],
                [1.0, 0.0, 0.0, -5e-06, 0.0, -0.95889, -0.283779, -0.213258, 0.0, 0.283779, -0.95889, 0.02524, 0.0, 0.0, 0.0, 1.0],
                [1.0, 0.0, 0.0, -5e-06, 0.0, -0.95889, -0.283779, -0.213258, 0.0, 0.283779, -0.95889, 0.02524, 0.0, 0.0, 0.0, 1.0],
                [1.0, 0.0, 0.0, -5e-06, 0.0, -0.95889, -0.283779, -0.213258, 0.0, 0.283779, -0.95889, 0.02524, 0.0, 0.0, 0.0, 1.0],
                [1.0, 0.0, 0.0, -5e-06, 0.0, -0.95889, -0.283779, -0.213258, 0.0, 0.283779, -0.95889, 0.02524, 0.0, 0.0, 0.0, 1.0],
                [1.0, 0.0, 0.0, -5e-06, 0.0, -0.95889, -0.283779, -0.213258, 0.0, 0.283779, -0.95889, 0.02524, 0.0, 0.0, 0.0, 1.0],
                [1.0, 0.0, 0.0, -5e-06, 0.0, -0.95889, -0.283779, -0.213258, 0.0, 0.283779, -0.95889, 0.02524, 0.0, 0.0, 0.0, 1.0],
                [1.0, 0.0, 0.0, -5e-06, 0.0, -0.95889, -0.283779, -0.213258, 0.0, 0.283779, -0.95889, 0.02524, 0.0, 0.0, 0.0, 1.0],
                [1.0, 0.0, 0.0, -5e-06, 0.0, -0.95889, -0.283779, -0.213258, 0.0, 0.283779, -0.95889, 0.02524, 0.0, 0.0, 0.0, 1.0],
                [1.0, 0.0, 0.0, -5e-06, 0.0, -0.95889, -0.283779, -0.213258, 0.0, 0.283779, -0.95889, 0.02524, 0.0, 0.0, 0.0, 1.0],
                [1.0, 0.0, 0.0, -5e-06, 0.0, -0.95889, -0.283779, -0.213258, 0.0, 0.283779, -0.95889, 0.02524, 0.0, 0.0, 0.0, 1.0],
                [1.0, 0.0, 0.0, -5e-06, 0.0, -0.95889, -0.283779, -0.213258, 0.0, 0.283779, -0.95889, 0.02524, 0.0, 0.0, 0.0, 1.0],
                [1.0, 0.0, 0.0, -5e-06, 0.0, -0.95889, -0.283779, -0.213258, 0.0, 0.283779, -0.95889, 0.02524, 0.0, 0.0, 0.0, 1.0],
                [1.0, 0.0, 0.0, -5e-06, 0.0, -0.95889, -0.283779, -0.213258, 0.0, 0.283779, -0.95889, 0.02524, 0.0, 0.0, 0.0, 1.0],
                [1.0, 0.0, 0.0, -5e-06, 0.0, -0.95889, -0.283779, -0.213258, 0.0, 0.283779, -0.95889, 0.02524, 0.0, 0.0, 0.0, 1.0],
                [1.0, 0.0, 0.0, -5e-06, 0.0, -0.95889, -0.283779, -0.213258, 0.0, 0.283779, -0.95889, 0.02524, 0.0, 0.0, 0.0, 1.0],
                [1.0, 0.0, 0.0, -5e-06, 0.0, -0.95889, -0.283779, -0.213258, 0.0, 0.283779, -0.95889, 0.02524, 0.0, 0.0, 0.0, 1.0],
                [1.0, 0.0, 0.0, -5e-06, 0.0, -0.95889, -0.283779, -0.213258, 0.0, 0.283779, -0.95889, 0.02524, 0.0, 0.0, 0.0, 1.0],
                [1.0, 0.0, 0.0, -5e-06, 0.0, -0.95889, -0.283779, -0.213258, 0.0, 0.283779, -0.95889, 0.02524, 0.0, 0.0, 0.0, 1.0],
                [1.0, 0.0, 0.0, -5e-06, 0.0, -0.95889, -0.283779, -0.213258, 0.0, 0.283779, -0.95889, 0.02524, 0.0, 0.0, 0.0, 1.0],
                [1.0, 0.0, 0.0, -5e-06, 0.0, -0.95889, -0.283779, -0.213258, 0.0, 0.283779, -0.95889, 0.02524, 0.0, 0.0, 0.0, 1.0]
            ]
        },
        {
            "name": "Thigh_R",
            "time": [0.0, 0.0167, 0.0333, 0.05, 0.0667, 0.0833, 0.1, 0.1167, 0.1333, 0.15, 0.1667, 0.1833, 0.2, 0.2167, 0.2333, 0.25, 0.2667, 0.2833, 0.3, 0.3167, 0.3333, 0.35, 0.3667, 0.3833, 0.4, 0.4167, 0.4333, 0.45, 0.4667, 0.4833, 0.5, 0.5167, 0.5333, 0.55, 0.5667, 0.5833, 0.6, 0.6167, 0.6333, 0.65, 0.6667, 0.6833, 0.7, 0.7167, 0.7333, 0.75, 0.7667, 0.7833, 0.8, 0.8167, 0.8333, 0.85, 0.8667, 0.8833, 0.9, 0.9167, 0.9333, 0.95, 0.9667, 0.9833, 1.0, 1.0167, 1.0333, 1.05, 1.0667, 1.0833, 1.1, 1.1167, 1.1333, 1.15, 1.1667, 1.1833, 1.2, 1.2167, 1.2333, 1.25, 1.2667, 1.2833, 1.3, 1.3167, 1.3333, 1.35, 1.3667, 1.3833, 1.4, 1.4167, 1.4333, 1.45, 1.4667, 1.4833, 1.5, 1.5167, 1.5333, 1.55, 1.5667, 1.5833, 1.6, 1.6167, 1.6333, 1.65, 1.6667, 1.6833, 1.7, 1.7167, 1.7333, 1.75, 1.7667, 1.7833, 1.8, 1.8167, 1.8333, 1.85, 1.8667, 1.8833, 1.9, 1.9167, 1.9333],
            "transform": [
                [0.983269, 0.099714, 0.152442, 0.124994, 0.073846, -0.983216, 0.166822, -0.002831, 0.166518, -0.152774, -0.974132, -1.2e-05, 0.0, 0.0, 0.0, 1.0],
                [0.983362, 0.099577, 0.151927, 0.124994, 0.074014, -0.983426, 0.165505, -0.002831, 0.16589, -0.151507, -0.974437, -1.2e-05, 0.0, 0.0, 0.0, 1.0],
                [0.983633, 0.099193, 0.150421, 0.124994, 0.07451, -0.984027, 0.161665, -0.002831, 0.164055, -0.147811, -0.975315, -1.2e-05, 0.0, 0.0, 0.0, 1.0],
                [0.984063, 0.098603, 0.147977, 0.124994, 0.075316, -0.984964, 0.155462, -0.002831, 0.161081, -0.141839, -0.976696, -1.2e-05, 0.0, 0.0, 0.0, 1.0],
                [0.984633, 0.097856, 0.144645, 0.124994, 0.076406, -0.986171, 0.147055, -0.002831, 0.157035, -0.133744, -0.978495, -1.2e-05, 0.0, 0.0, 0.0, 1.0],
                [0.98532, 0.097003, 0.140477, 0.124994, 0.07775, -0.987568, 0.1366, -0.002831, 0.151981, -0.123672, -0.980616, -1.2e-05, 0.0, 0.0, 0.0, 1.0],
                [0.986102, 0.0961, 0.135523, 0.124994, 0.079313, -0.989074, 0.12425, -0.002831, 0.145983, -0.111775, -0.982953, -1.2e-05, 0.0, 0.0, 0.0, 1.0],
                [0.986954, 0.095202, 0.129836, 0.124994, 0.081062, -0.9906, 0.110164, -0.002831, 0.139104, -0.098202, -0.985397, -1.2e-05, 0.0, 0.0, 0.0, 1.0],
                [0.987851, 0.094367, 0.12347, 0.124994, 0.082958, -0.99206, 0.0945, -0.002831, 0.131407, -0.083109, -0.987839, -1.2e-05, 0.0, 0.0, 0.0, 1.0],
                [0.988767, 0.093653, 0.11648, 0.124994, 0.084968, -0.993369, 0.077422, -0.002831, 0.122959, -0.066655, -0.990171, -1.2e-05, 0.0, 0.0, 0.0, 1.0],
                [0.989679, 0.093113, 0.108928, 0.124994, 0.087057, -0.994447, 0.059097, -0.002831, 0.113826, -0.049004, -0.992292, -1.2e-05, 0.0, 0.0, 0.0, 1.0],
                [0.990561, 0.0928, 0.100876, 0.124994, 0.089194, -0.995221, 0.039698, -0.002831, 0.104078, -0.030326, -0.994107, -1.2e-05, 0.0, 0.0, 0.0, 1.0],
                [0.991392, 0.092765, 0.09239, 0.124994, 0.091354, -0.995627, 0.019403, -0.002831, 0.093786, -0.010795, -0.995534, -1.2e-05, 0.0, 0.0, 0.0, 1.0],
                [0.99215, 0.093052, 0.08354, 0.124994, 0.093513, -0.995615, -0.001607, -0.002831, 0.083024, 0.009407, -0.996504, -1.2e-05, 0.0, 0.0, 0.0, 1.0],
                [0.992816, 0.093701, 0.074399, 0.124994, 0.095655, -0.995143, -0.023146, -0.002831, 0.071869, 0.030096, -0.99696, -1.2e-05, 0.0, 0.0, 0.0, 1.0],
                [0.993374, 0.094746, 0.065042, 0.124994, 0.097772, -0.994188, -0.045025, -0.002831, 0.060398, 0.051086, -0.996867, -1.2e-05, 0.0, 0.0, 0.0, 1.0],
                [0.993809, 0.096216, 0.055546, 0.124994, 0.09986, -0.992737, -0.067055, -0.002831, 0.048691, 0.072187, -0.996202, -1.2e-05, 0.0, 0.0, 0.0, 1.0],
                [0.99411, 0.098132, 0.04599, 0.124994, 0.101924, -0.990797, -0.089047, -0.002831, 0.036829, 0.093209, -0.994966, -1.2e-05, 0.0, 0.0, 0.0, 1.0],
                [0.994268, 0.100509, 0.036452, 0.124994, 0.103977, -0.988385, -0.11081, -0.002831, 0.024892, 0.113965, -0.993173, -1.2e-05, 0.0, 0.0, 0.0, 1.0],
                [0.994277, 0.103356, 0.027011, 0.124994, 0.106038, -0.985538, -0.13216, -0.002831, 0.012961, 0.134268, -0.990861, -1.2e-05, 0.0, 0.0, 0.0, 1.0],
                [0.994135, 0.106675, 0.017743, 0.124994, 0.108135, -0.982303, -0.152915, -0.002831, 0.001116, 0.153937, -0.98808, -1.2e-05, 0.0, 0.0, 0.0, 1.0],
                [0.993842, 0.110462, 0.008722, 0.124994, 0.110301, -0.978742, -0.172898, -0.002831, -0.010562, 0.172795, -0.984902, -1.2e-05, 0.0, 0.0, 0.0, 1.0],
                [0.993399, 0.114709, 2e-05, 0.124994, 0.11258, -0.974927, -0.191937, -0.002831, -0.021997, 0.190672, -0.981408, -1.2e-05, 0.0, 0.0, 0.0, 1.0],
                [0.992811, 0.119402, -0.008294, 0.124994, 0.115019, -0.970939, -0.209868, -0.002831, -0.033112, 0.207405, -0.977695, -1.2e-05, 0.0, 0.0, 0.0, 1.0],
                [0.992085, 0.124524, -0.016158, 0.124994, 0.11767, -0.966868, -0.226531, -0.002831, -0.043831, 0.222836, -0.97387, -1.2e-05, 0.0, 0.0, 0.0, 1.0],
                [0.991228, 0.130056, -0.023511, 0.124994, 0.120593, -0.962808, -0.241773, -0.002831, -0.05408, 0.236816, -0.970048, -1.2e-05, 0.0, 0.0, 0.0, 1.0],
                [0.990249, 0.135975, -0.030298, 0.124994, 0.123849, -0.958856, -0.255445, -0.002831, -0.063786, 0.249201, -0.966349, -1.2e-05, 0.0, 0.0, 0.0, 1.0],
                [0.989057, 0.142974, -0.036378, 0.124994, 0.128212, -0.954992, -0.267483, -0.002831, -0.072984, 0.259892, -0.962876, -1.2e-05, 0.0, 0.0, 0.0, 1.0],
                [0.987593, 0.151409, -0.04165, 0.124994, 0.134103, -0.951176, -0.277986, -0.002831, -0.081706, 0.268952, -0.959682, -1.2e-05, 0.0, 0.0, 0.0, 1.0],
                [0.985915, 0.160754, -0.046137, 0.124994, 0.141055, -0.947475, -0.287038, -0.002831, -0.089856, 0.276487, -0.956808, -1.2e-05, 0.0, 0.0, 0.0, 1.0],
                [0.984096, 0.170492, -0.049874, 0.124994, 0.148603, -0.943959, -0.29471, -0.002831, -0.097325, 0.282611, -0.954285, -1.2e-05, 0.0, 0.0, 0.0, 1.0],
                [0.982222, 0.18011, -0.052905, 0.124994, 0.156282, -0.940709, -0.301063, -0.002831, -0.103993, 0.287442, -0.952136, -1.2e-05, 0.0, 0.0, 0.0, 1.0],
                [0.9804, 0.1891, -0.055279, 0.124994, 0.163624, -0.937813, -0.306153, -0.002831, -0.109735, 0.291107, -0.950376, -1.2e-05, 0.0, 0.0, 0.0, 1.0],
                [0.97875, 0.196959, -0.057045, 0.124994, 0.170161, -0.935373, -0.31003, -0.002831, -0.114422, 0.293734, -0.949014, -1.2e-05, 0.0, 0.0, 0.0, 1.0],
                [0.977405, 0.203187, -0.058254, 0.124994, 0.175421, -0.933497, -0.31274, -0.002831, -0.117925, 0.295454, -0.948051, -1.2e-05, 0.0, 0.0, 0.0, 1.0],
                [0.976502, 0.207289, -0.05895, 0.124994, 0.17893, -0.932296, -0.314331, -0.002831, -0.120116, 0.296396, -0.947482, -1.2e-05, 0.0, 0.0, 0.0, 1.0],
                [0.976173, 0.208766, -0.059175, 0.124994, 0.180207, -0.931875, -0.31485, -0.002831, -0.120874, 0.296684, -0.947295, -1.2e-05, 0.0, 0.0, 0.0, 1.0],
                [0.976173, 0.208766, -0.059175, 0.124994, 0.180207, -0.931875, -0.31485, -0.002831, -0.120874, 0.296684, -0.947295, -1.2e-05, 0.0, 0.0, 0.0, 1.0],
                [0.976173, 0.208766, -0.059175, 0.124994, 0.180207, -0.931875, -0.31485, -0.002831, -0.120874, 0.296684, -0.947295, -1.2e-05, 0.0, 0.0, 0.0, 1.0],
                [0.976173, 0.208766, -0.059175, 0.124994, 0.180207, -0.931875, -0.31485, -0.002831, -0.120874, 0.296684, -0.947295, -1.2e-05, 0.0, 0.0, 0.0, 1.0],
                [0.976173, 0.208766, -0.059175, 0.124994, 0.180207, -0.931875, -0.31485, -0.002831, -0.120874, 0.296684, -0.947295, -1.2e-05, 0.0, 0.0, 0.0, 1.0],
                [0.976173, 0.208766, -0.059175, 0.124994, 0.180207, -0.931875, -0.31485, -0.002831, -0.120874, 0.296684, -0.947295, -1.2e-05, 0.0, 0.0, 0.0, 1.0],
                [0.976173, 0.208766, -0.059175, 0.124994, 0.180207, -0.931875, -0.31485, -0.002831, -0.120874, 0.296684, -0.947295, -1.2e-05, 0.0, 0.0, 0.0, 1.0],
                [0.976173, 0.208766, -0.059175, 0.124994, 0.180207, -0.931875, -0.31485, -0.002831, -0.120874, 0.296684, -0.947295, -1.2e-05, 0.0, 0.0, 0.0, 1.0],
                [0.976173, 0.208766, -0.059175, 0.124994, 0.180207, -0.931875, -0.31485, -0.002831, -0.120874, 0.296684, -0.947295, -1.2e-05, 0.0, 0.0, 0.0, 1.0],
                [0.976173, 0.208766, -0.059175, 0.124994, 0.180207, -0.931875, -0.31485, -0.002831, -0.120874, 0.296684, -0.947295, -1.2e-05, 0.0, 0.0, 0.0, 1.0],
                [0.976173, 0.208766, -0.059175, 0.124994, 0.180207, -0.931875, -0.31485, -0.002831, -0.120874, 0.296684, -0.947295, -1.2e-05, 0.0, 0.0, 0.0, 1.0],
                [0.976173, 0.208766, -0.059175, 0.124994, 0.180335, -0.932187, -0.313852, -0.002831, -0.120684, 0.295702, -0.947627, -1.2e-05, 0.0, 0.0, 0.0, 1.0],
                [0.976173, 0.208766, -0.059175, 0.124994, 0.180704, -0.933089, -0.310945, -0.002831, -0.12013, 0.292843, -0.948584, -1.2e-05, 0.0, 0.0, 0.0, 1.0],
                [0.976173, 0.208766, -0.059175, 0.124994, 0.181295, -0.934523, -0.306259, -0.002831, -0.119237, 0.288233, -0.950108, -1.2e-05, 0.0, 0.0, 0.0, 1.0],
                [0.976173, 0.208766, -0.059175, 0.124994, 0.182085, -0.936423, -0.299921, -0.002831, -0.118026, 0.281999, -0.952128, -1.2e-05, 0.0, 0.0, 0.0, 1.0],
                [0.976173, 0.208766, -0.059175, 0.124994, 0.183053, -0.938718, -0.292055, -0.002831, -0.11652, 0.274263, -0.95457, -1.2e-05, 0.0, 0.0, 0.0, 1.0],
                [0.976173, 0.208766, -0.059175, 0.124994, 0.184174, -0.941333, -0.282786, -0.002831, -0.114739, 0.265149, -0.957356, -1.2e-05, 0.0, 0.0, 0.0, 1.0],
                [0.976173, 0.208766, -0.059175, 0.124994, 0.185425, -0.944193, -0.272239, -0.002831, -0.112707, 0.254779, -0.960409, -1.2e-05, 0.0, 0.0, 0.0, 1.0],
                [0.976173, 0.208766, -0.059175, 0.124994, 0.186782, -0.947221, -0.26054, -0.002831, -0.110444, 0.243279, -0.963648, -1.2e-05, 0.0, 0.0, 0.0, 1.0],
                [0.976173, 0.208766, -0.059175, 0.124994, 0.188221, -0.950345, -0.247819, -0.002831, -0.107973, 0.230776, -0.966998, -1.2e-05, 0.0, 0.0, 0.0, 1.0],
                [0.976173, 0.208766, -0.059175, 0.124994, 0.189719, -0.953494, -0.234206, -0.002831, -0.105317, 0.217398, -0.970385, -1.2e-05, 0.0, 0.0, 0.0, 1.0],
                [0.976173, 0.208766, -0.059175, 0.124994, 0.191255, -0.956603, -0.219836, -0.002831, -0.102501, 0.20328, -0.973741, -1.2e-05, 0.0, 0.0, 0.0, 1.0],
                [0.976173, 0.208766, -0.059175, 0.124994, 0.192808, -0.959614, -0.204846, -0.002831, -0.09955, 0.188555, -0.977004, -1.2e-05, 0.0, 0.0, 0.0, 1.0],
                [0.976173, 0.208766, -0.059175, 0.124994, 0.194358, -0.962475, -0.189376, -0.002831, -0.09649, 0.173363, -0.98012, -1.2e-05, 0.0, 0.0, 0.0, 1.0],
                [0.976173, 0.208766, -0.059175, 0.124994, 0.195886, -0.965141, -0.173572, -0.002831, -0.093348, 0.157844, -0.983042, -1.2e-05, 0.0, 0.0, 0.0, 1.0],
                [0.976173, 0.208766, -0.059175, 0.124994, 0.197377, -0.967578, -0.157577, -0.002831, -0.090153, 0.142143, -0.985733, -1.2e-05, 0.0, 0.0, 0.0, 1.0],
                [0.976173, 0.208766, -0.059175, 0.124994, 0.198815, -0.96976, -0.141541, -0.002831, -0.086934, 0.126404, -0.988163, -1.2e-05, 0.0, 0.0, 0.0, 1.0],
                [0.976173, 0.208766, -0.059175, 0.124994, 0.200189, -0.971669, -0.125613, -0.002831, -0.083722, 0.110774, -0.990313, -1.2e-05, 0.0, 0.0, 0.0, 1.0],
                [0.976173, 0.208766, -0.059175, 0.124994, 0.201488, -0.973299, -0.109944, -0.002831, -0.080547, 0.095401, -0.992175, -1.2e-05, 0.0, 0.0, 0.0, 1.0],
                [0.976173, 0.208766, -0.059175, 0.124994, 0.202702, -0.97465, -0.094683, -0.002831, -0.077441, 0.080432, -0.993748, -1.2e-05, 0.0, 0.0, 0.0, 1.0],
                [0.976173, 0.208766, -0.059175, 0.124994, 0.203824, -0.975733, -0.079983, -0.002831, -0.074437, 0.066016, -0.995039, -1.2e-05, 0.0, 0.0, 0.0, 1.0],
                [0.976173, 0.208766, -0.059175, 0.124994, 0.20485, -0.976564, -0.065992, -0.002831, -0.071565, 0.052298, -0.996064, -1.2e-05, 0.0, 0.0, 0.0, 1.0],
                [0.976173, 0.208766, -0.059175, 0.124994, 0.205775, -0.977169, -0.052861, -0.002831, -0.068859, 0.039424, -0.996848, -1.2e-05, 0.0, 0.0, 0.0, 1.0],
                [0.976173, 0.208766, -0.059175, 0.124994, 0.206598, -0.977576, -0.040735, -0.002831, -0.066352, 0.027539, -0.997417, -1.2e-05, 0.0, 0.0, 0.0, 1.0],
                [0.976173, 0.208766, -0.059175, 0.124994, 0.207315, -0.977819, -0.029762, -0.002831, -0.064076, 0.016785, -0.997804, -1.2e-05, 0.0, 0.0, 0.0, 1.0],
                [0.976173, 0.208766, -0.059175, 0.124994, 0.207926, -0.977936, -0.020086, -0.002831, -0.062063, 0.007304, -0.998046, -1.2e-05, 0.0, 0.0, 0.0, 1.0],
                [0.976173, 0.208766, -0.059175, 0.124994, 0.208431, -0.977963, -0.011851, -0.002831, -0.060345, -0.000765, -0.998178, -1.2e-05, 0.0, 0.0, 0.0, 1.0],
                [0.976173, 0.208766, -0.059175, 0.124994, 0.208829, -0.977936, -0.005199, -0.002831, -0.058955, -0.007282, -0.998235, -1.2e-05, 0.0, 0.0, 0.0, 1.0],
                [0.976173, 0.208766, -0.059175, 0.124994, 0.209117, -0.977888, -0.000272, -0.002831, -0.057923, -0.012109, -0.998248, -1.2e-05, 0.0, 0.0, 0.0, 1.0],
                [0.976173, 0.208766, -0.059175, 0.124994, 0.209294, -0.977847, 0.002789, -0.002831, -0.057282, -0.015107, -0.998244, -1.2e-05, 0.0, 0.0, 0.0, 1.0],
                [0.976173, 0.208766, -0.059175, 0.124994, 0.209354, -0.97783, 0.003841, -0.002831, -0.057061, -0.016138, -0.998241, -1.2e-05, 0.0, 0.0, 0.0, 1.0],
                [0.976271, 0.208475, -0.058584, 0.124994, 0.208709, -0.977973, -0.002156, -0.002831, -0.057743, -0.010122, -0.998281, -1.2e-05, 0.0, 0.0, 0.0, 1.0],
                [0.976494, 0.207765, -0.057376, 0.124994, 0.207153, -0.978168, -0.016478, -0.002831, -0.059547, 0.004205, -0.998217, -1.2e-05, 0.0, 0.0, 0.0, 1.0],
                [0.976735, 0.2069, -0.056392, 0.124994, 0.205255, -0.978129, -0.033618, -0.002831, -0.062114, 0.021261, -0.997843, -1.2e-05, 0.0, 0.0, 0.0, 1.0],
                [0.976884, 0.20618, -0.056458, 0.124994, 0.203611, -0.977869, -0.048062, -0.002831, -0.065118, 0.035455, -0.997248, -1.2e-05, 0.0, 0.0, 0.0, 1.0],
                [0.976825, 0.20592, -0.058384, 0.124994, 0.202859, -0.977699, -0.054311, -0.002831, -0.068266, 0.041208, -0.996816, -1.2e-05, 0.0, 0.0, 0.0, 1.0],
                [0.970263, 0.219764, -0.101456, 0.124994, 0.221945, -0.974999, 0.01059, -0.002831, -0.096592, -0.032793, -0.994784, -1.2e-05, 0.0, 0.0, 0.0, 1.0],
                [0.949114, 0.240041, -0.203869, 0.124994, 0.274859, -0.947365, 0.164155, -0.002831, -0.153734, -0.211837, -0.965138, -1.2e-05, 0.0, 0.0, 0.0, 1.0],
                [0.91448, 0.239028, -0.326483, 0.124994, 0.348287, -0.875701, 0.334427, -0.002831, -0.205964, -0.419535, -0.884064, -1.2e-05, 0.0, 0.0, 0.0, 1.0],
                [0.87953, 0.217215, -0.423373, 0.124994, 0.414314, -0.787165, 0.45685, -0.002831, -0.23403, -0.577222, -0.782332, -1.2e-05, 0.0, 0.0, 0.0, 1.0],
                [0.863829, 0.202901, -0.461118, 0.124994, 0.44223, -0.743831, 0.501144, -0.002831, -0.241311, -0.636822, -0.732274, -1.2e-05, 0.0, 0.0, 0.0, 1.0],
                [0.863829, 0.202901, -0.461118, 0.124994, 0.44223, -0.743831, 0.501144, -0.002831, -0.241311, -0.636822, -0.732274, -1.2e-05, 0.0, 0.0, 0.0, 1.0],
                [0.863829, 0.202901, -0.461118, 0.124994, 0.44223, -0.743831, 0.501144, -0.002831, -0.241311, -0.636822, -0.732274, -1.2e-05, 0.0, 0.0, 0.0, 1.0],
                [0.863829, 0.202901, -0.461118, 0.124994, 0.44223, -0.743831, 0.501144, -0.002831, -0.241311, -0.636822, -0.732274, -1.2e-05, 0.0, 0.0, 0.0, 1.0],
                [0.863829, 0.202901, -0.461118, 0.124994, 0.44223, -0.743831, 0.501144, -0.002831, -0.241311, -0.636822, -0.732274, -1.2e-05, 0.0, 0.0, 0.0, 1.0],
                [0.863829, 0.202901, -0.461118, 0.124994, 0.44223, -0.743831, 0.501144, -0.002831, -0.241311, -0.636822, -0.732274, -1.2e-05, 0.0, 0.0, 0.0, 1.0],
                [0.863829, 0.202901, -0.461118, 0.124994, 0.44223, -0.743831, 0.501144, -0.002831, -0.241311, -0.636822, -0.732274, -1.2e-05, 0.0, 0.0, 0.0, 1.0],
                [0.863829, 0.202901, -0.461118, 0.124994, 0.44223, -0.743831, 0.501144, -0.002831, -0.241311, -0.636822, -0.732274, -1.2e-05, 0.0, 0.0, 0.0, 1.0],
                [0.863829, 0.202901, -0.461118, 0.124994, 0.44223, -0.743831, 0.501144, -0.002831, -0.241311, -0.636822, -0.732274, -1.2e-05, 0.0, 0.0, 0.0, 1.0],
                [0.863829, 0.202901, -0.461118, 0.124994, 0.44223, -0.743831, 0.501144, -0.002831, -0.241311, -0.636822, -0.732274, -1.2e-05, 0.0, 0.0, 0.0, 1.0],
                [0.863829, 0.202901, -0.461118, 0.124994, 0.44223, -0.743831, 0.501144, -0.002831, -0.241311, -0.636822, -0.732274, -1.2e-05, 0.0, 0.0, 0.0, 1.0],
                [0.863829, 0.202901, -0.461118, 0.124994, 0.44223, -0.743831, 0.501144, -0.002831, -0.241311, -0.636822, -0.732274, -1.2e-05, 0.0, 0.0, 0.0, 1.0],
                [0.863829, 0.202901, -0.461118, 0.124994, 0.44223, -0.743831, 0.501144, -0.002831, -0.241311, -0.636822, -0.732274, -1.2e-05, 0.0, 0.0, 0.0, 1.0],
                [0.863829, 0.202901, -0.461118, 0.124994, 0.44223, -0.743831, 0.501144, -0.002831, -0.241311, -0.636822, -0.732274, -1.2e-05, 0.0, 0.0, 0.0, 1.0],
                [0.863829, 0.202901, -0.461118, 0.124994, 0.44223, -0.743831, 0.501144, -0.002831, -0.241311, -0.636822, -0.732274, -1.2e-05, 0.0, 0.0, 0.0, 1.0],
                [0.863829, 0.202901, -0.461118, 0.124994, 0.44223, -0.743831, 0.501144, -0.002831, -0.241311, -0.636822, -0.732274, -1.2e-05, 0.0, 0.0, 0.0, 1.0],
                [0.863829, 0.202901, -0.461118, 0.124994, 0.44223, -0.743831, 0.501144, -0.002831, -0.241311, -0.636822, -0.732274, -1.2e-05, 0.0, 0.0, 0.0, 1.0],
                [0.863829, 0.202901, -0.461118, 0.124994, 0.44223, -0.743831, 0.501144, -0.002831, -0.241311, -0.636822, -0.732274, -1.2e-05, 0.0, 0.0, 0.0, 1.0],
                [0.863829, 0.202901, -0.461118, 0.124994, 0.44223, -0.743831, 0.501144, -0.002831, -0.241311, -0.636822, -0.732274, -1.2e-05, 0.0, 0.0, 0.0, 1.0],
                [0.863829, 0.202901, -0.461118, 0.124994, 0.44223, -0.743831, 0.501144, -0.002831, -0.241311, -0.636822, -0.732274, -1.2e-05, 0.0, 0.0, 0.0, 1.0],
                [0.863829, 0.202901, -0.461118, 0.124994, 0.44223, -0.743831, 0.501144, -0.002831, -0.241311, -0.636822, -0.732274, -1.2e-05, 0.0, 0.0, 0.0, 1.0],
                [0.863829, 0.202901, -0.461118, 0.124994, 0.44223, -0.743831, 0.501144, -0.002831, -0.241311, -0.636822, -0.732274, -1.2e-05, 0.0, 0.0, 0.0, 1.0],
                [0.863829, 0.202901, -0.461118, 0.124994, 0.44223, -0.743831, 0.501144, -0.002831, -0.241311, -0.636822, -0.732274, -1.2e-05, 0.0, 0.0, 0.0, 1.0],
                [0.863829, 0.202901, -0.461118, 0.124994, 0.44223, -0.743831, 0.501144, -0.002831, -0.241311, -0.636822, -0.732274, -1.2e-05, 0.0, 0.0, 0.0, 1.0],
                [0.863829, 0.202901, -0.461118, 0.124994, 0.44223, -0.743831, 0.501144, -0.002831, -0.241311, -0.636822, -0.732274, -1.2e-05, 0.0, 0.0, 0.0, 1.0],
                [0.863829, 0.202901, -0.461118, 0.124994, 0.44223, -0.743831, 0.501144, -0.002831, -0.241311, -0.636822, -0.732274, -1.2e-05, 0.0, 0.0, 0.0, 1.0],
                [0.863829, 0.202901, -0.461118, 0.124994, 0.44223, -0.743831, 0.501144, -0.002831, -0.241311, -0.636822, -0.732274, -1.2e-05, 0.0, 0.0, 0.0, 1.0],
                [0.863829, 0.202901, -0.461118, 0.124994, 0.44223, -0.743831, 0.501144, -0.002831, -0.241311, -0.636822, -0.732274, -1.2e-05, 0.0, 0.0, 0.0, 1.0],
                [0.863829, 0.202901, -0.461118, 0.124994, 0.44223, -0.743831, 0.501144, -0.002831, -0.241311, -0.636822, -0.732274, -1.2e-05, 0.0, 0.0, 0.0, 1.0],
                [0.863829, 0.202901, -0.461118, 0.124994, 0.44223, -0.743831, 0.501144, -0.002831, -0.241311, -0.636822, -0.732274, -1.2e-05, 0.0, 0.0, 0.0, 1.0],
                [0.863829, 0.202901, -0.461118, 0.124994, 0.44223, -0.743831, 0.501144, -0.002831, -0.241311, -0.636822, -0.732274, -1.2e-05, 0.0, 0.0, 0.0, 1.0]
            ]
        },
        {
            "name": "Leg_R",
            "time": [0.0, 0.0167, 0.0333, 0.05, 0.0667, 0.0833, 0.1, 0.1167, 0.1333, 0.15, 0.1667, 0.1833, 0.2, 0.2167, 0.2333, 0.25, 0.2667, 0.2833, 0.3, 0.3167, 0.3333, 0.35, 0.3667, 0.3833, 0.4, 0.4167, 0.4333, 0.45, 0.4667, 0.4833, 0.5, 0.5167, 0.5333, 0.55, 0.5667, 0.5833, 0.6, 0.6167, 0.6333, 0.65, 0.6667, 0.6833, 0.7, 0.7167, 0.7333, 0.75, 0.7667, 0.7833, 0.8, 0.8167, 0.8333, 0.85, 0.8667, 0.8833, 0.9, 0.9167, 0.9333, 0.95, 0.9667, 0.9833, 1.0, 1.0167, 1.0333, 1.05, 1.0667, 1.0833, 1.1, 1.1167, 1.1333, 1.15, 1.1667, 1.1833, 1.2, 1.2167, 1.2333, 1.25, 1.2667, 1.2833, 1.3, 1.3167, 1.3333, 1.35, 1.3667, 1.3833, 1.4, 1.4167, 1.4333, 1.45, 1.4667, 1.4833, 1.5, 1.5167, 1.5333, 1.55, 1.5667, 1.5833, 1.6, 1.6167, 1.6333, 1.65, 1.6667, 1.6833, 1.7, 1.7167, 1.7333, 1.75, 1.7667, 1.7833, 1.8, 1.8167, 1.8333, 1.85, 1.8667, 1.8833, 1.9, 1.9167, 1.9333],
            "transform": [
                [1.0, 0.0, 1e-06, -0.0, -0.0, 0.990944, 0.134282, 0.37472, -1e-06, -0.134282, 0.990942, 0.0, 0.0, 0.0, 0.0, 1.0],
                [1.0, 0.0, 1e-06, -0.0, -0.0, 0.990944, 0.134282, 0.37472, -1e-06, -0.134282, 0.990942, -0.0, 0.0, 0.0, 0.0, 1.0],
                [1.0, 0.0, 1e-06, -0.0, -0.0, 0.990944, 0.134282, 0.37472, -1e-06, -0.134282, 0.990942, -0.0, 0.0, 0.0, 0.0, 1.0],
                [1.0, 0.0, 1e-06, -0.0, -0.0, 0.990944, 0.134282, 0.37472, -1e-06, -0.134282, 0.990942, -0.0, 0.0, 0.0, 0.0, 1.0],
                [1.0, 0.0, 1e-06, -0.0, -0.0, 0.990944, 0.134282, 0.37472, -1e-06, -0.134282, 0.990943, -0.0, 0.0, 0.0, 0.0, 1.0],
                [1.0, 0.0, 1e-06, -0.0, -0.0, 0.990944, 0.134282, 0.37472, -1e-06, -0.134282, 0.990942, 0.0, 0.0, 0.0, 0.0, 1.0],
                [1.0, 0.0, 1e-06, 0.0, -0.0, 0.990944, 0.134282, 0.37472, -1e-06, -0.134282, 0.990942, 0.0, 0.0, 0.0, 0.0, 1.0],
                [1.0, 0.0, 1e-06, -0.0, -0.0, 0.990944, 0.134282, 0.37472, -1e-06, -0.134282, 0.990942, 0.0, 0.0, 0.0, 0.0, 1.0],
                [1.0, 0.0, 1e-06, 0.0, -0.0, 0.990944, 0.134282, 0.37472, -1e-06, -0.134282, 0.990942, -0.0, 0.0, 0.0, 0.0, 1.0],
                [1.0, 0.0, 1e-06, 0.0, -0.0, 0.990944, 0.134282, 0.37472, -1e-06, -0.134282, 0.990942, -0.0, 0.0, 0.0, 0.0, 1.0],
                [1.0, 0.0, 1e-06, 0.0, -0.0, 0.990944, 0.134282, 0.37472, -1e-06, -0.134282, 0.990942, 0.0, 0.0, 0.0, 0.0, 1.0],
                [1.0, 0.0, 1e-06, 0.0, -0.0, 0.990944, 0.134282, 0.37472, -1e-06, -0.134282, 0.990942, 0.0, 0.0, 0.0, 0.0, 1.0],
                [1.0, 0.0, 1e-06, -0.0, -0.0, 0.990944, 0.134282, 0.37472, -1e-06, -0.134282, 0.990942, -0.0, 0.0, 0.0, 0.0, 1.0],
                [1.0, 0.0, 1e-06, 0.0, -0.0, 0.990944, 0.134282, 0.37472, -1e-06, -0.134282, 0.990942, 0.0, 0.0, 0.0, 0.0, 1.0],
                [1.0, 0.0, 1e-06, 0.0, -0.0, 0.990944, 0.134282, 0.37472, -1e-06, -0.134282, 0.990942, -0.0, 0.0, 0.0, 0.0, 1.0],
                [1.0, 0.0, 1e-06, -0.0, -0.0, 0.990944, 0.134282, 0.37472, -1e-06, -0.134282, 0.990942, -0.0, 0.0, 0.0, 0.0, 1.0],
                [1.0, 0.0, 1e-06, 0.0, -0.0, 0.990944, 0.134282, 0.37472, -1e-06, -0.134282, 0.990942, 0.0, 0.0, 0.0, 0.0, 1.0],
                [1.0, 0.0, 1e-06, -0.0, -0.0, 0.990944, 0.134282, 0.37472, -1e-06, -0.134282, 0.990942, 0.0, 0.0, 0.0, 0.0, 1.0],
                [1.0, 0.0, 1e-06, -0.0, -0.0, 0.990944, 0.134282, 0.37472, -1e-06, -0.134282, 0.990942, -0.0, 0.0, 0.0, 0.0, 1.0],
