{
    "animation": [
        {
            "name": "Root",
            "time": [-0.0333, -0.0167, 0.0, 0.0167, 0.0333, 0.05, 0.0667, 0.0833, 0.1, 0.1167, 0.1333, 0.15, 0.1667, 0.1833, 0.2, 0.2167, 0.2333, 0.25, 0.2667, 0.2833, 0.3, 0.3167, 0.3333, 0.35, 0.3667, 0.3833, 0.4, 0.4167, 0.4333, 0.45, 0.4667, 0.4833, 0.5, 0.5167, 0.5333, 0.55, 0.5667, 0.5833, 0.6, 0.6167, 0.6333, 0.65, 0.6667, 0.6833, 0.7, 0.7167, 0.7333, 0.75, 0.7667, 0.7833, 0.8, 0.8167, 0.8333, 0.85, 0.8667, 0.8833, 0.9, 0.9167, 0.9333, 0.95, 0.9667, 0.9833, 1.0, 1.0167, 1.0333, 1.05, 1.0667, 1.0833, 1.1, 1.1167, 1.1333, 1.15, 1.1667, 1.1833, 1.2, 1.2167, 1.2333, 1.25, 1.2667, 1.2833, 1.3, 1.3167, 1.3333, 1.35, 1.3667, 1.3833, 1.4, 1.4167, 1.4333, 1.45, 1.4667, 1.4833, 1.5, 1.5167, 1.5333, 1.55, 1.5667, 1.5833, 1.6, 1.6167, 1.6333, 1.65, 1.6667, 1.6833, 1.7, 1.7167, 1.7333, 1.75, 1.7667, 1.7833, 1.8, 1.8167, 1.8333, 1.85, 1.8667, 1.8833, 1.9, 1.9167, 1.9333, 1.95, 1.9667, 1.9833, 2.0, 2.0167, 2.0333, 2.05, 2.0667, 2.0833, 2.1, 2.1167, 2.1333, 2.15, 2.1667, 2.1833, 2.2, 2.2167, 2.2333, 2.25, 2.2667, 2.2833, 2.3, 2.3167, 2.3333, 2.35, 2.3667, 2.3833, 2.4, 2.4167, 2.4333, 2.45, 2.4667, 2.4833, 2.5, 2.5167, 2.5333, 2.55, 2.5667, 2.5833, 2.6, 2.6167, 2.6333, 2.65, 2.6667, 2.6833, 2.7, 2.7167, 2.7333, 2.75, 2.7667, 2.7833, 2.8, 2.8167, 2.8333, 2.85, 2.8667, 2.8833, 2.9, 2.9167, 2.9333, 2.95, 2.9667, 2.9833, 3.0, 3.0167, 3.0333, 3.05, 3.0667, 3.0833, 3.1, 3.1167, 3.1333, 3.15, 3.1667, 3.1833, 3.2, 3.2167, 3.2333, 3.25, 3.2667, 3.2833, 3.3, 3.3167, 3.3333, 3.35, 3.3667, 3.3833, 3.4, 3.4167, 3.4333, 3.45, 3.4667, 3.4833, 3.5, 3.5167, 3.5333, 3.55, 3.5667, 3.5833, 3.6, 3.6167, 3.6333, 3.65, 3.6667, 3.6833, 3.7, 3.7167, 3.7333, 3.75, 3.7667, 3.7833, 3.8, 3.8167, 3.8333, 3.85, 3.8667, 3.8833, 3.9, 3.9167, 3.9333, 3.95, 3.9667, 3.9833, 4.0, 4.0167, 4.0333, 4.05, 4.0667, 4.0833, 4.1, 4.1167, 4.1333, 4.15, 4.1667, 4.1833, 4.2, 4.2167, 4.2333, 4.25, 4.2667, 4.2833, 4.3, 4.3167, 4.3333, 4.35, 4.3667, 4.3833, 4.4, 4.4167, 4.4333, 4.45, 4.4667, 4.4833, 4.5, 4.5167, 4.5333, 4.55, 4.5667, 4.5833, 4.6, 4.6167, 4.6333, 4.65, 4.6667, 4.6833, 4.7, 4.7167, 4.7333, 4.75, 4.7667, 4.7833, 4.8, 4.8167, 4.8333, 4.85, 4.8667, 4.8833, 4.9, 4.9167, 4.9333, 4.95, 4.9667, 4.9833, 5.0, 5.0167, 5.0333, 5.05, 5.0667, 5.0833, 5.1, 5.1167, 5.1333, 5.15, 5.1667, 5.1833, 5.2, 5.2167, 5.2333, 5.25, 5.2667, 5.2833, 5.3, 5.3167, 5.3333, 5.35, 5.3667, 5.3833, 5.4, 5.4167, 5.4333, 5.45, 5.4667, 5.4833, 5.5, 5.5167, 5.5333, 5.55, 5.5667, 5.5833, 5.6, 5.6167, 5.6333, 5.65, 5.6667, 5.6833, 5.7, 5.7167, 5.7333, 5.75, 5.7667, 5.7833, 5.8, 5.8167, 5.8333, 5.85, 5.8667, 5.8833, 5.9, 5.9167, 5.9333, 5.95, 5.9667, 5.9833, 6.0, 6.0167, 6.0333, 6.05, 6.0667, 6.0833, 6.1, 6.1167, 6.1333, 6.15, 6.1667, 6.1833],
            "transform": [
                [1.0, 0.0, 0.0, -5e-06, 0.0, 0.0, -1.0, 0.000946, 0.0, 1.0, 0.0, 0.763972, 0.0, 0.0, 0.0, 1.0],
                [0.978511, -0.000147, -0.206193, -5e-06, -0.206193, -0.000457, -0.978511, 0.001213, 5e-05, 1.0, -0.000477, 0.763972, 0.0, 0.0, 0.0, 1.0],
                [0.914961, -0.000385, -0.403543, -5e-06, -0.403543, -0.000873, -0.91496, 0.001992, 0.0, 1.0, -0.000955, 0.763972, 0.0, 0.0, 0.0, 1.0],
                [0.915468, -0.000384, -0.40239, -5e-06, -0.40239, -0.000871, -0.915468, 0.003254, 1e-06, 1.0, -0.000952, 0.763972, 0.0, 0.0, 0.0, 1.0],
                [0.916939, -0.000379, -0.399027, -5e-06, -0.399028, -0.000864, -0.916939, 0.004967, 2e-06, 1.0, -0.000943, 0.763972, 0.0, 0.0, 0.0, 1.0],
                [0.919284, -0.000371, -0.393595, -5e-06, -0.393596, -0.000853, -0.919283, 0.007101, 5e-06, 1.0, -0.00093, 0.763972, 0.0, 0.0, 0.0, 1.0],
                [0.922403, -0.00036, -0.386228, -5e-06, -0.386229, -0.000838, -0.922403, 0.009625, 9e-06, 1.0, -0.000912, 0.763972, 0.0, 0.0, 0.0, 1.0],
                [0.92619, -0.000347, -0.377057, -5e-06, -0.377058, -0.000819, -0.926189, 0.012509, 1.3e-05, 1.0, -0.000889, 0.763972, 0.0, 0.0, 0.0, 1.0],
                [0.930531, -0.000332, -0.366212, -5e-06, -0.366213, -0.000796, -0.930531, 0.015723, 1.7e-05, 1.0, -0.000863, 0.763972, 0.0, 0.0, 0.0, 1.0],
                [0.935312, -0.000315, -0.353824, -5e-06, -0.353824, -0.000771, -0.935312, 0.019235, 2.2e-05, 1.0, -0.000832, 0.763972, 0.0, 0.0, 0.0, 1.0],
                [0.940416, -0.000297, -0.340025, -5e-06, -0.340025, -0.000742, -0.940416, 0.023015, 2.7e-05, 1.0, -0.000799, 0.763972, 0.0, 0.0, 0.0, 1.0],
                [0.945731, -0.000278, -0.324952, -5e-06, -0.324952, -0.00071, -0.94573, 0.027033, 3.2e-05, 1.0, -0.000762, 0.763972, 0.0, 0.0, 0.0, 1.0],
                [0.951145, -0.000258, -0.308746, -5e-06, -0.308746, -0.000676, -0.951144, 0.031257, 3.7e-05, 1.0, -0.000723, 0.763972, 0.0, 0.0, 0.0, 1.0],
                [0.956555, -0.000238, -0.291553, -5e-06, -0.291553, -0.00064, -0.956554, 0.035658, 4.1e-05, 1.0, -0.000681, 0.763972, 0.0, 0.0, 0.0, 1.0],
                [0.961864, -0.000217, -0.273526, -5e-06, -0.273526, -0.000601, -0.961864, 0.040205, 4.4e-05, 1.0, -0.000638, 0.763972, 0.0, 0.0, 0.0, 1.0],
                [0.966988, -0.000196, -0.254823, -5e-06, -0.254823, -0.000561, -0.966987, 0.044866, 4.7e-05, 1.0, -0.000593, 0.763972, 0.0, 0.0, 0.0, 1.0],
                [0.971848, -0.000176, -0.235608, -5e-06, -0.235608, -0.00052, -0.971848, 0.049613, 4.9e-05, 1.0, -0.000547, 0.763972, 0.0, 0.0, 0.0, 1.0],
                [0.976383, -0.000157, -0.216048, -5e-06, -0.216048, -0.000478, -0.976383, 0.054413, 5e-05, 1.0, -0.000501, 0.763972, 0.0, 0.0, 0.0, 1.0],
                [0.980541, -0.000138, -0.196317, -5e-06, -0.196317, -0.000435, -0.98054, 0.059236, 5e-05, 1.0, -0.000454, 0.763972, 0.0, 0.0, 0.0, 1.0],
                [0.984284, -0.00012, -0.176591, -5e-06, -0.176591, -0.000392, -0.984284, 0.064053, 4.9e-05, 1.0, -0.000407, 0.763972, 0.0, 0.0, 0.0, 1.0],
                [0.987591, -0.000103, -0.157048, -5e-06, -0.157048, -0.00035, -0.987591, 0.068832, 4.7e-05, 1.0, -0.000362, 0.763972, 0.0, 0.0, 0.0, 1.0],
                [0.99045, -8.7e-05, -0.137869, -5e-06, -0.137869, -0.000308, -0.99045, 0.073542, 4.4e-05, 1.0, -0.000317, 0.763972, 0.0, 0.0, 0.0, 1.0],
                [0.992866, -7.3e-05, -0.119234, -5e-06, -0.119234, -0.000267, -0.992866, 0.078153, 4.1e-05, 1.0, -0.000273, 0.763972, 0.0, 0.0, 0.0, 1.0],
                [0.994854, -6e-05, -0.101322, -5e-06, -0.101322, -0.000227, -0.994854, 0.082635, 3.7e-05, 1.0, -0.000232, 0.763972, 0.0, 0.0, 0.0, 1.0],
                [0.996439, -4.8e-05, -0.084311, -5e-06, -0.084311, -0.000189, -0.996439, 0.086957, 3.2e-05, 1.0, -0.000193, 0.763972, 0.0, 0.0, 0.0, 1.0],
                [0.99766, -3.8e-05, -0.068377, -5e-06, -0.068377, -0.000154, -0.99766, 0.091088, 2.7e-05, 1.0, -0.000156, 0.763972, 0.0, 0.0, 0.0, 1.0],
                [0.998557, -2.9e-05, -0.053694, -5e-06, -0.053694, -0.000121, -0.998557, 0.094998, 2.2e-05, 1.0, -0.000122, 0.763972, 0.0, 0.0, 0.0, 1.0],
                [0.999182, -2.1e-05, -0.040432, -5e-06, -0.040432, -9.1e-05, -0.999182, 0.098656, 1.7e-05, 1.0, -9.2e-05, 0.763972, 0.0, 0.0, 0.0, 1.0],
                [0.999586, -1.5e-05, -0.028759, -5e-06, -0.028759, -6.5e-05, -0.999586, 0.102031, 1.3e-05, 1.0, -6.5e-05, 0.763972, 0.0, 0.0, 0.0, 1.0],
                [0.999822, -9e-06, -0.018842, -5e-06, -0.018842, -4.3e-05, -0.999822, 0.105093, 9e-06, 1.0, -4.3e-05, 0.763972, 0.0, 0.0, 0.0, 1.0],
                [0.999941, -5e-06, -0.010844, -5e-06, -0.010844, -2.5e-05, -0.999941, 0.107812, 5e-06, 1.0, -2.5e-05, 0.763972, 0.0, 0.0, 0.0, 1.0],
                [0.999988, -2e-06, -0.004929, -5e-06, -0.004929, -1.1e-05, -0.999988, 0.110157, 2e-06, 1.0, -1.1e-05, 0.763972, 0.0, 0.0, 0.0, 1.0],
                [0.999999, -1e-06, -0.00126, -5e-06, -0.00126, -3e-06, -0.999999, 0.112097, 1e-06, 1.0, -3e-06, 0.763972, 0.0, 0.0, 0.0, 1.0],
                [1.0, 0.0, 0.0, -5e-06, 0.0, 0.0, -1.0, 0.113601, 0.0, 1.0, 0.0, 0.763972, 0.0, 0.0, 0.0, 1.0],
                [1.0, 0.0, 0.0, -5e-06, 0.0, 0.0, -1.0, 0.114824, 0.0, 1.0, 0.0, 0.763972, 0.0, 0.0, 0.0, 1.0],
                [1.0, 0.0, 0.0, -5e-06, 0.0, 0.0, -1.0, 0.115943, 0.0, 1.0, 0.0, 0.763972, 0.0, 0.0, 0.0, 1.0],
                [1.0, 0.0, 0.0, -5e-06, 0.0, 0.0, -1.0, 0.116963, 0.0, 1.0, 0.0, 0.763972, 0.0, 0.0, 0.0, 1.0],
                [1.0, 0.0, 0.0, -5e-06, 0.0, 0.0, -1.0, 0.117888, 0.0, 1.0, 0.0, 0.763972, 0.0, 0.0, 0.0, 1.0],
                [1.0, 0.0, 0.0, -5e-06, 0.0, 0.0, -1.0, 0.118722, 0.0, 1.0, 0.0, 0.763972, 0.0, 0.0, 0.0, 1.0],
                [1.0, 0.0, 0.0, -5e-06, 0.0, 0.0, -1.0, 0.119472, 0.0, 1.0, 0.0, 0.763972, 0.0, 0.0, 0.0, 1.0],
                [1.0, 0.0, 0.0, -5e-06, 0.0, 0.0, -1.0, 0.12014, 0.0, 1.0, 0.0, 0.763972, 0.0, 0.0, 0.0, 1.0],
                [1.0, 0.0, 0.0, -5e-06, 0.0, 0.0, -1.0, 0.120732, 0.0, 1.0, 0.0, 0.763972, 0.0, 0.0, 0.0, 1.0],
                [1.0, 0.0, 0.0, -5e-06, 0.0, 0.0, -1.0, 0.121252, 0.0, 1.0, 0.0, 0.763972, 0.0, 0.0, 0.0, 1.0],
                [1.0, 0.0, 0.0, -5e-06, 0.0, 0.0, -1.0, 0.121705, 0.0, 1.0, 0.0, 0.763972, 0.0, 0.0, 0.0, 1.0],
                [1.0, 0.0, 0.0, -5e-06, 0.0, 0.0, -1.0, 0.122096, 0.0, 1.0, 0.0, 0.763972, 0.0, 0.0, 0.0, 1.0],
                [1.0, 0.0, 0.0, -5e-06, 0.0, 0.0, -1.0, 0.122429, 0.0, 1.0, 0.0, 0.763972, 0.0, 0.0, 0.0, 1.0],
                [1.0, 0.0, 0.0, -5e-06, 0.0, 0.0, -1.0, 0.122709, 0.0, 1.0, 0.0, 0.763972, 0.0, 0.0, 0.0, 1.0],
                [1.0, 0.0, 0.0, -5e-06, 0.0, 0.0, -1.0, 0.122941, 0.0, 1.0, 0.0, 0.763972, 0.0, 0.0, 0.0, 1.0],
                [1.0, 0.0, 0.0, -5e-06, 0.0, 0.0, -1.0, 0.123128, 0.0, 1.0, 0.0, 0.763972, 0.0, 0.0, 0.0, 1.0],
                [1.0, 0.0, 0.0, -5e-06, 0.0, 0.0, -1.0, 0.123276, 0.0, 1.0, 0.0, 0.763972, 0.0, 0.0, 0.0, 1.0],
                [1.0, 0.0, 0.0, -5e-06, 0.0, 0.0, -1.0, 0.12339, 0.0, 1.0, 0.0, 0.763972, 0.0, 0.0, 0.0, 1.0],
                [1.0, 0.0, 0.0, -5e-06, 0.0, 0.0, -1.0, 0.123473, 0.0, 1.0, 0.0, 0.763972, 0.0, 0.0, 0.0, 1.0],
                [1.0, 0.0, 0.0, -5e-06, 0.0, 0.0, -1.0, 0.123531, 0.0, 1.0, 0.0, 0.763972, 0.0, 0.0, 0.0, 1.0],
                [1.0, 0.0, 0.0, -5e-06, 0.0, 0.0, -1.0, 0.123568, 0.0, 1.0, 0.0, 0.763972, 0.0, 0.0, 0.0, 1.0],
                [1.0, 0.0, 0.0, -5e-06, 0.0, 0.0, -1.0, 0.123589, 0.0, 1.0, 0.0, 0.763972, 0.0, 0.0, 0.0, 1.0],
                [1.0, 0.0, 0.0, -5e-06, 0.0, 0.0, -1.0, 0.123599, 0.0, 1.0, 0.0, 0.763972, 0.0, 0.0, 0.0, 1.0],
                [1.0, 0.0, 0.0, -5e-06, 0.0, 0.0, -1.0, 0.123601, 0.0, 1.0, 0.0, 0.763972, 0.0, 0.0, 0.0, 1.0],
                [1.0, 0.0, 0.0, -5e-06, 0.0, 0.0, -1.0, 0.123601, 0.0, 1.0, 0.0, 0.763972, 0.0, 0.0, 0.0, 1.0],
                [1.0, 0.0, 0.0, -5e-06, 0.0, 0.0, -1.0, 0.123604, 0.0, 1.0, 0.0, 0.763972, 0.0, 0.0, 0.0, 1.0],
                [1.0, 0.0, 0.0, -5e-06, 0.0, 0.0, -1.0, 0.123613, 0.0, 1.0, 0.0, 0.763972, 0.0, 0.0, 0.0, 1.0],
                [1.0, 0.0, 0.0, -5e-06, 0.0, 0.0, -1.0, 0.123634, 0.0, 1.0, 0.0, 0.763972, 0.0, 0.0, 0.0, 1.0],
                [1.0, 0.0, 0.0, -5e-06, 0.0, 1e-06, -1.0, 0.123671, 0.0, 1.0, 1e-06, 0.763972, 0.0, 0.0, 0.0, 1.0],
                [1.0, 0.0, 0.0, -5e-06, 0.0, 8e-06, -1.0, 0.123729, 0.0, 1.0, 8e-06, 0.763972, 0.0, 0.0, 0.0, 1.0],
                [1.0, 0.0, 0.0, -5e-06, 0.0, 2.8e-05, -1.0, 0.123813, 0.0, 1.0, 2.8e-05, 0.763972, 0.0, 0.0, 0.0, 1.0],
                [1.0, 0.0, 0.0, -5e-06, 0.0, 6.7e-05, -1.0, 0.123926, 0.0, 1.0, 6.7e-05, 0.763972, 0.0, 0.0, 0.0, 1.0],
                [1.0, 0.0, 0.0, -5e-06, 0.0, 0.000131, -1.0, 0.124074, 0.0, 1.0, 0.000131, 0.763972, 0.0, 0.0, 0.0, 1.0],
                [1.0, 0.0, 0.0, -5e-06, 0.0, 0.000227, -1.0, 0.124262, 0.0, 1.0, 0.000227, 0.763972, 0.0, 0.0, 0.0, 1.0],
                [1.0, 0.0, 0.0, -5e-06, 0.0, 0.000361, -1.0, 0.124493, 0.0, 1.0, 0.000361, 0.763972, 0.0, 0.0, 0.0, 1.0],
                [1.0, 0.0, 0.0, -5e-06, 0.0, 0.000538, -1.0, 0.124773, 0.0, 1.0, 0.000538, 0.763972, 0.0, 0.0, 0.0, 1.0],
                [1.0, 0.0, 0.0, -5e-06, 0.0, 0.000767, -1.0, 0.125106, 0.0, 1.0, 0.000767, 0.763972, 0.0, 0.0, 0.0, 1.0],
                [1.0, 0.0, 0.0, -5e-06, 0.0, 0.001052, -0.999999, 0.125497, 0.0, 0.999999, 0.001052, 0.763972, 0.0, 0.0, 0.0, 1.0],
                [1.0, 0.0, 0.0, -5e-06, 0.0, 0.0014, -0.999999, 0.12595, 0.0, 0.999999, 0.0014, 0.763972, 0.0, 0.0, 0.0, 1.0],
                [1.0, 0.0, 0.0, -5e-06, 0.0, 0.001817, -0.999998, 0.126471, 0.0, 0.999998, 0.001817, 0.763972, 0.0, 0.0, 0.0, 1.0],
                [1.0, 0.0, 0.0, -5e-06, 0.0, 0.00231, -0.999997, 0.127063, 0.0, 0.999997, 0.00231, 0.763972, 0.0, 0.0, 0.0, 1.0],
                [1.0, 0.0, 0.0, -5e-06, 0.0, 0.002886, -0.999996, 0.127731, 0.0, 0.999996, 0.002886, 0.763972, 0.0, 0.0, 0.0, 1.0],
                [1.0, 0.0, 0.0, -5e-06, 0.0, 0.003549, -0.999994, 0.12848, 0.0, 0.999994, 0.003549, 0.763972, 0.0, 0.0, 0.0, 1.0],
                [1.0, 0.0, 0.0, -5e-06, 0.0, 0.004307, -0.999991, 0.129315, 0.0, 0.999991, 0.004307, 0.763972, 0.0, 0.0, 0.0, 1.0],
                [1.0, 0.0, 0.0, -5e-06, 0.0, 0.005166, -0.999987, 0.13024, 0.0, 0.999987, 0.005166, 0.763972, 0.0, 0.0, 0.0, 1.0],
                [1.0, 0.0, 0.0, -5e-06, 0.0, 0.006133, -0.999981, 0.131259, 0.0, 0.999981, 0.006133, 0.763972, 0.0, 0.0, 0.0, 1.0],
                [1.0, 0.0, 0.0, -5e-06, 0.0, 0.007213, -0.999974, 0.132378, 0.0, 0.999974, 0.007213, 0.763972, 0.0, 0.0, 0.0, 1.0],
                [1.0, 0.0, 0.0, -5e-06, 0.0, 0.008412, -0.999965, 0.133601, 0.0, 0.999965, 0.008412, 0.763972, 0.0, 0.0, 0.0, 1.0],
                [1.0, 0.0, 0.0, -5e-06, 0.0, 0.015144, -0.999885, 0.146956, 0.0, 0.999885, 0.015144, 0.753341, 0.0, 0.0, 0.0, 1.0],
                [1.0, 0.0, 0.0, -5e-06, 0.0, 0.031047, -0.999518, 0.180578, 0.0, 0.999518, 0.031047, 0.724849, 0.0, 0.0, 0.0, 1.0],
                [1.0, 0.0, 0.0, -5e-06, 0.0, 0.053456, -0.99857, 0.228637, 0.0, 0.99857, 0.053456, 0.683601, 0.0, 0.0, 0.0, 1.0],
                [1.0, 0.0, 0.0, -5e-06, 0.0, 0.079692, -0.996819, 0.285301, 0.0, 0.996819, 0.079692, 0.634699, 0.0, 0.0, 0.0, 1.0],
                [1.0, 0.0, 0.0, -5e-06, 0.0, 0.107062, -0.994252, 0.344739, 0.0, 0.994252, 0.107062, 0.583245, 0.0, 0.0, 0.0, 1.0],
                [1.0, 0.0, 0.0, -5e-06, 0.0, 0.132888, -0.991131, 0.401119, 0.0, 0.991131, 0.132888, 0.534342, 0.0, 0.0, 0.0, 1.0],
                [1.0, 0.0, 0.0, -5e-06, 0.0, 0.15453, -0.987988, 0.44861, 0.0, 0.987988, 0.15453, 0.493094, 0.0, 0.0, 0.0, 1.0],
                [1.0, 0.0, 0.0, -5e-06, 0.0, 0.169397, -0.985548, 0.481381, 0.0, 0.985548, 0.169397, 0.464603, 0.0, 0.0, 0.0, 1.0],
                [1.0, 0.0, 0.0, -5e-06, 0.0, 0.174924, -0.984582, 0.493601, 0.0, 0.984582, 0.174924, 0.453972, 0.0, 0.0, 0.0, 1.0],
                [1.0, 0.0, 0.0, -5e-06, 0.0, 0.174924, -0.984582, 0.493601, 0.0, 0.984582, 0.174924, 0.453972, 0.0, 0.0, 0.0, 1.0],
                [1.0, 0.0, 0.0, -5e-06, 0.0, 0.174924, -0.984582, 0.493601, 0.0, 0.984582, 0.174924, 0.453972, 0.0, 0.0, 0.0, 1.0],
                [1.0, 0.0, 0.0, -5e-06, 0.0, 0.174924, -0.984582, 0.493601, 0.0, 0.984582, 0.174924, 0.453972, 0.0, 0.0, 0.0, 1.0],
                [1.0, 0.0, 0.0, -5e-06, 0.0, 0.174924, -0.984582, 0.493601, 0.0, 0.984582, 0.174924, 0.453972, 0.0, 0.0, 0.0, 1.0],
                [1.0, 0.0, 0.0, -5e-06, 0.0, 0.174924, -0.984582, 0.493601, 0.0, 0.984582, 0.174924, 0.453972, 0.0, 0.0, 0.0, 1.0],
                [1.0, 0.0, 0.0, -5e-06, 0.0, 0.174924, -0.984582, 0.493601, 0.0, 0.984582, 0.174924, 0.453972, 0.0, 0.0, 0.0, 1.0],
                [1.0, 0.0, 0.0, -5e-06, 0.0, 0.174924, -0.984582, 0.493601, 0.0, 0.984582, 0.174924, 0.453972, 0.0, 0.0, 0.0, 1.0],
                [1.0, 0.0, 0.0, -5e-06, 0.0, 0.174924, -0.984582, 0.493601, 0.0, 0.984582, 0.174924, 0.453972, 0.0, 0.0, 0.0, 1.0],
                [1.0, 0.0, 0.0, -5e-06, 0.0, 0.174924, -0.984582, 0.493601, 0.0, 0.984582, 0.174924, 0.453972, 0.0, 0.0, 0.0, 1.0],
                [1.0, 0.0, 0.0, -5e-06, 0.0, 0.174924, -0.984582, 0.493601, 0.0, 0.984582, 0.174924, 0.453972, 0.0, 0.0, 0.0, 1.0],
                [1.0, 0.0, 0.0, -5e-06, 0.0, 0.174924, -0.984582, 0.493601, 0.0, 0.984582, 0.174924, 0.453972, 0.0, 0.0, 0.0, 1.0],
                [1.0, 0.0, 0.0, -5e-06, 0.0, 0.174924, -0.984582, 0.493601, 0.0, 0.984582, 0.174924, 0.453972, 0.0, 0.0, 0.0, 1.0],
                [1.0, 0.0, 0.0, -5e-06, 0.0, 0.174924, -0.984582, 0.493601, 0.0, 0.984582, 0.174924, 0.453972, 0.0, 0.0, 0.0, 1.0],
                [1.0, 0.0, 0.0, -5e-06, 0.0, 0.174924, -0.984582, 0.493601, 0.0, 0.984582, 0.174924, 0.453972, 0.0, 0.0, 0.0, 1.0],
                [1.0, 0.0, 0.0, -5e-06, 0.0, 0.174924, -0.984582, 0.493601, 0.0, 0.984582, 0.174924, 0.453972, 0.0, 0.0, 0.0, 1.0],
                [1.0, 0.0, 0.0, -5e-06, 0.0, 0.174924, -0.984582, 0.493601, 0.0, 0.984582, 0.174924, 0.453972, 0.0, 0.0, 0.0, 1.0],
                [1.0, 0.0, 0.0, -5e-06, 0.0, 0.174924, -0.984582, 0.493601, 0.0, 0.984582, 0.174924, 0.453972, 0.0, 0.0, 0.0, 1.0],
                [1.0, 0.0, 0.0, -5e-06, 0.0, 0.174924, -0.984582, 0.493601, 0.0, 0.984582, 0.174924, 0.453972, 0.0, 0.0, 0.0, 1.0],
                [1.0, 0.0, 0.0, -5e-06, 0.0, 0.174924, -0.984582, 0.493601, 0.0, 0.984582, 0.174924, 0.453972, 0.0, 0.0, 0.0, 1.0],
                [1.0, 0.0, 0.0, -5e-06, 0.0, 0.174924, -0.984582, 0.493601, 0.0, 0.984582, 0.174924, 0.453972, 0.0, 0.0, 0.0, 1.0],
                [1.0, 0.0, 0.0, -5e-06, 0.0, 0.174924, -0.984582, 0.493601, 0.0, 0.984582, 0.174924, 0.453972, 0.0, 0.0, 0.0, 1.0],
                [1.0, 0.0, 0.0, -5e-06, 0.0, 0.174924, -0.984582, 0.493601, 0.0, 0.984582, 0.174924, 0.453972, 0.0, 0.0, 0.0, 1.0],
                [1.0, 0.0, 0.0, -5e-06, 0.0, 0.174924, -0.984582, 0.493601, 0.0, 0.984582, 0.174924, 0.453972, 0.0, 0.0, 0.0, 1.0],
                [1.0, 0.0, 0.0, -5e-06, 0.0, 0.174924, -0.984582, 0.493601, 0.0, 0.984582, 0.174924, 0.453972, 0.0, 0.0, 0.0, 1.0],
                [1.0, 0.0, 0.0, -5e-06, 0.0, 0.174924, -0.984582, 0.493601, 0.0, 0.984582, 0.174924, 0.453972, 0.0, 0.0, 0.0, 1.0],
                [1.0, 0.0, 0.0, -5e-06, 0.0, 0.174924, -0.984582, 0.493601, 0.0, 0.984582, 0.174924, 0.453972, 0.0, 0.0, 0.0, 1.0],
                [1.0, 0.0, 0.0, -5e-06, 0.0, 0.174924, -0.984582, 0.493601, 0.0, 0.984582, 0.174924, 0.453972, 0.0, 0.0, 0.0, 1.0],
                [1.0, 0.0, 0.0, -5e-06, 0.0, 0.174924, -0.984582, 0.493601, 0.0, 0.984582, 0.174924, 0.453972, 0.0, 0.0, 0.0, 1.0],
                [1.0, 0.0, 0.0, -5e-06, 0.0, 0.174924, -0.984582, 0.493601, 0.0, 0.984582, 0.174924, 0.453972, 0.0, 0.0, 0.0, 1.0],
                [1.0, 0.0, 0.0, -5e-06, 0.0, 0.174924, -0.984582, 0.493601, 0.0, 0.984582, 0.174924, 0.453972, 0.0, 0.0, 0.0, 1.0],
                [1.0, 0.0, 0.0, -5e-06, 0.0, 0.174924, -0.984582, 0.493601, 0.0, 0.984582, 0.174924, 0.453972, 0.0, 0.0, 0.0, 1.0],
                [1.0, 0.0, 0.0, -5e-06, 0.0, 0.174924, -0.984582, 0.493601, 0.0, 0.984582, 0.174924, 0.453972, 0.0, 0.0, 0.0, 1.0],
                [1.0, 0.0, 0.0, -5e-06, 0.0, 0.174924, -0.984582, 0.493601, 0.0, 0.984582, 0.174924, 0.453972, 0.0, 0.0, 0.0, 1.0],
                [1.0, 0.0, 0.0, -5e-06, 0.0, 0.174924, -0.984582, 0.493601, 0.0, 0.984582, 0.174924, 0.453972, 0.0, 0.0, 0.0, 1.0],
                [1.0, 0.0, 0.0, -5e-06, 0.0, 0.174924, -0.984582, 0.493601, 0.0, 0.984582, 0.174924, 0.453972, 0.0, 0.0, 0.0, 1.0],
                [1.0, 0.0, 0.0, -5e-06, 0.0, 0.174924, -0.984582, 0.493601, 0.0, 0.984582, 0.174924, 0.453972, 0.0, 0.0, 0.0, 1.0],
                [1.0, 0.0, 0.0, -5e-06, 0.0, 0.174924, -0.984582, 0.493601, 0.0, 0.984582, 0.174924, 0.453972, 0.0, 0.0, 0.0, 1.0],
                [1.0, 0.0, 0.0, -5e-06, 0.0, 0.174924, -0.984582, 0.493601, 0.0, 0.984582, 0.174924, 0.453972, 0.0, 0.0, 0.0, 1.0],
                [1.0, 0.0, 0.0, -5e-06, 0.0, 0.174924, -0.984582, 0.493601, 0.0, 0.984582, 0.174924, 0.453972, 0.0, 0.0, 0.0, 1.0],
                [1.0, 0.0, 0.0, -5e-06, 0.0, 0.174924, -0.984582, 0.493601, 0.0, 0.984582, 0.174924, 0.453972, 0.0, 0.0, 0.0, 1.0],
                [1.0, 0.0, 0.0, -5e-06, 0.0, 0.174924, -0.984582, 0.493601, 0.0, 0.984582, 0.174924, 0.453972, 0.0, 0.0, 0.0, 1.0],
                [1.0, 0.0, 0.0, -5e-06, 0.0, 0.174924, -0.984582, 0.493601, 0.0, 0.984582, 0.174924, 0.453972, 0.0, 0.0, 0.0, 1.0],
                [1.0, 0.0, 0.0, -5e-06, 0.0, 0.174924, -0.984582, 0.493601, 0.0, 0.984582, 0.174924, 0.453972, 0.0, 0.0, 0.0, 1.0],
                [1.0, 0.0, 0.0, -5e-06, 0.0, 0.174924, -0.984582, 0.493601, 0.0, 0.984582, 0.174924, 0.453972, 0.0, 0.0, 0.0, 1.0],
                [1.0, 0.0, 0.0, -5e-06, 0.0, 0.174924, -0.984582, 0.493601, 0.0, 0.984582, 0.174924, 0.453972, 0.0, 0.0, 0.0, 1.0],
                [1.0, 0.0, 0.0, -5e-06, 0.0, 0.174924, -0.984582, 0.493601, 0.0, 0.984582, 0.174924, 0.453972, 0.0, 0.0, 0.0, 1.0],
                [1.0, 0.0, 0.0, -5e-06, 0.0, 0.174924, -0.984582, 0.493601, 0.0, 0.984582, 0.174924, 0.453972, 0.0, 0.0, 0.0, 1.0],
                [1.0, 0.0, 0.0, -5e-06, 0.0, 0.174924, -0.984582, 0.493601, 0.0, 0.984582, 0.174924, 0.453972, 0.0, 0.0, 0.0, 1.0],
                [1.0, 0.0, 0.0, -5e-06, 0.0, 0.174924, -0.984582, 0.493601, 0.0, 0.984582, 0.174924, 0.453972, 0.0, 0.0, 0.0, 1.0],
                [1.0, 0.0, 0.0, -5e-06, 0.0, 0.174924, -0.984582, 0.493601, 0.0, 0.984582, 0.174924, 0.453972, 0.0, 0.0, 0.0, 1.0],
                [1.0, 0.0, 0.0, -5e-06, 0.0, 0.174924, -0.984582, 0.493601, 0.0, 0.984582, 0.174924, 0.453972, 0.0, 0.0, 0.0, 1.0],
                [1.0, 0.0, 0.0, -5e-06, 0.0, 0.174924, -0.984582, 0.493601, 0.0, 0.984582, 0.174924, 0.453972, 0.0, 0.0, 0.0, 1.0],
                [1.0, 0.0, 0.0, -5e-06, 0.0, 0.174924, -0.984582, 0.493601, 0.0, 0.984582, 0.174924, 0.453972, 0.0, 0.0, 0.0, 1.0],
                [1.0, 0.0, 0.0, -5e-06, 0.0, 0.174924, -0.984582, 0.493601, 0.0, 0.984582, 0.174924, 0.453972, 0.0, 0.0, 0.0, 1.0],
                [1.0, 0.0, 0.0, -5e-06, 0.0, 0.174924, -0.984582, 0.493601, 0.0, 0.984582, 0.174924, 0.453972, 0.0, 0.0, 0.0, 1.0],
                [1.0, 0.0, 0.0, -5e-06, 0.0, 0.174924, -0.984582, 0.493601, 0.0, 0.984582, 0.174924, 0.453972, 0.0, 0.0, 0.0, 1.0],
                [1.0, 0.0, 0.0, -5e-06, 0.0, 0.174924, -0.984582, 0.493601, 0.0, 0.984582, 0.174924, 0.453972, 0.0, 0.0, 0.0, 1.0],
                [1.0, 0.0, 0.0, -5e-06, 0.0, 0.174924, -0.984582, 0.493601, 0.0, 0.984582, 0.174924, 0.453972, 0.0, 0.0, 0.0, 1.0],
                [1.0, 0.0, 0.0, -5e-06, 0.0, 0.174924, -0.984582, 0.493601, 0.0, 0.984582, 0.174924, 0.453972, 0.0, 0.0, 0.0, 1.0],
                [1.0, 0.0, 0.0, -5e-06, 0.0, 0.174924, -0.984582, 0.493601, 0.0, 0.984582, 0.174924, 0.453972, 0.0, 0.0, 0.0, 1.0],
                [1.0, 0.0, 0.0, -5e-06, 0.0, 0.174924, -0.984582, 0.493601, 0.0, 0.984582, 0.174924, 0.453972, 0.0, 0.0, 0.0, 1.0],
                [1.0, 0.0, 0.0, -5e-06, 0.0, 0.174924, -0.984582, 0.493601, 0.0, 0.984582, 0.174924, 0.453972, 0.0, 0.0, 0.0, 1.0],
                [1.0, 0.0, 0.0, -5e-06, 0.0, 0.174924, -0.984582, 0.493601, 0.0, 0.984582, 0.174924, 0.453972, 0.0, 0.0, 0.0, 1.0],
                [1.0, 0.0, 0.0, -5e-06, 0.0, 0.174924, -0.984582, 0.493601, 0.0, 0.984582, 0.174924, 0.453972, 0.0, 0.0, 0.0, 1.0],
                [1.0, 0.0, 0.0, -5e-06, 0.0, 0.174924, -0.984582, 0.493601, 0.0, 0.984582, 0.174924, 0.453972, 0.0, 0.0, 0.0, 1.0],
                [1.0, 0.0, 0.0, -5e-06, 0.0, 0.180804, -0.983519, 0.50118, 0.0, 0.983519, 0.180804, 0.450603, 0.0, 0.0, 0.0, 1.0],
                [1.0, 0.0, 0.0, -5e-06, 0.0, 0.197153, -0.980373, 0.522277, 0.0, 0.980373, 0.197153, 0.441227, 0.0, 0.0, 0.0, 1.0],
                [1.0, 0.0, 0.0, -5e-06, 0.0, 0.222006, -0.975045, 0.554434, 0.0, 0.975045, 0.222006, 0.426935, 0.0, 0.0, 0.0, 1.0],
                [1.0, 0.0, 0.0, -5e-06, 0.0, 0.253358, -0.967373, 0.595194, 0.0, 0.967373, 0.253358, 0.408819, 0.0, 0.0, 0.0, 1.0],
                [1.0, 0.0, 0.0, -5e-06, 0.0, 0.289167, -0.957279, 0.642099, 0.0, 0.957279, 0.289167, 0.387972, 0.0, 0.0, 0.0, 1.0],
                [1.0, 0.0, 0.0, -5e-06, 0.0, 0.327384, -0.944891, 0.692691, 0.0, 0.944891, 0.327384, 0.365487, 0.0, 0.0, 0.0, 1.0],
                [1.0, 0.0, 0.0, -5e-06, 0.0, 0.365997, -0.930616, 0.744512, 0.0, 0.930616, 0.365997, 0.342456, 0.0, 0.0, 0.0, 1.0],
                [1.0, 0.0, 0.0, -5e-06, 0.0, 0.403082, -0.915164, 0.795103, 0.0, 0.915164, 0.403082, 0.319971, 0.0, 0.0, 0.0, 1.0],
                [1.0, 0.0, 0.0, -5e-06, 0.0, 0.436845, -0.899537, 0.842008, 0.0, 0.899537, 0.436845, 0.299124, 0.0, 0.0, 0.0, 1.0],
                [1.0, 0.0, 0.0, -5e-06, 0.0, 0.465647, -0.88497, 0.882768, 0.0, 0.88497, 0.465647, 0.281008, 0.0, 0.0, 0.0, 1.0],
                [1.0, 0.0, 0.0, -5e-06, 0.0, 0.487989, -0.87285, 0.914926, 0.0, 0.87285, 0.487989, 0.266716, 0.0, 0.0, 0.0, 1.0],
                [1.0, 0.0, 0.0, -5e-06, 0.0, 0.502453, -0.864604, 0.936023, 0.0, 0.864604, 0.502453, 0.25734, 0.0, 0.0, 0.0, 1.0],
                [1.0, 0.0, 0.0, -5e-06, 0.0, 0.50761, -0.861587, 0.943601, 0.0, 0.861587, 0.50761, 0.253972, 0.0, 0.0, 0.0, 1.0],
                [1.0, 0.0, 0.0, -5e-06, 0.0, 0.50761, -0.861587, 0.943601, 0.0, 0.861587, 0.50761, 0.253972, 0.0, 0.0, 0.0, 1.0],
                [1.0, 0.0, 0.0, -5e-06, 0.0, 0.50761, -0.861587, 0.943601, 0.0, 0.861587, 0.50761, 0.253972, 0.0, 0.0, 0.0, 1.0],
                [1.0, 0.0, 0.0, -5e-06, 0.0, 0.50761, -0.861587, 0.943601, 0.0, 0.861587, 0.50761, 0.253972, 0.0, 0.0, 0.0, 1.0],
                [1.0, 0.0, 0.0, -5e-06, 0.0, 0.50761, -0.861587, 0.943601, 0.0, 0.861587, 0.50761, 0.253972, 0.0, 0.0, 0.0, 1.0],
                [1.0, 0.0, 0.0, -5e-06, 0.0, 0.50761, -0.861587, 0.943601, 0.0, 0.861587, 0.50761, 0.253972, 0.0, 0.0, 0.0, 1.0],
                [1.0, 0.0, 0.0, -5e-06, 0.0, 0.50761, -0.861587, 0.943601, 0.0, 0.861587, 0.50761, 0.253972, 0.0, 0.0, 0.0, 1.0],
                [1.0, 0.0, 0.0, -5e-06, 0.0, 0.50761, -0.861587, 0.943601, 0.0, 0.861587, 0.50761, 0.253972, 0.0, 0.0, 0.0, 1.0],
                [1.0, 0.0, 0.0, -5e-06, 0.0, 0.50761, -0.861587, 0.943601, 0.0, 0.861587, 0.50761, 0.253972, 0.0, 0.0, 0.0, 1.0],
                [1.0, 0.0, 0.0, -5e-06, 0.0, 0.50761, -0.861587, 0.943601, 0.0, 0.861587, 0.50761, 0.253972, 0.0, 0.0, 0.0, 1.0],
                [1.0, 0.0, 0.0, -5e-06, 0.0, 0.50761, -0.861587, 0.943601, 0.0, 0.861587, 0.50761, 0.253972, 0.0, 0.0, 0.0, 1.0],
                [1.0, 0.0, 0.0, -5e-06, 0.0, 0.50761, -0.861587, 0.943601, 0.0, 0.861587, 0.50761, 0.253972, 0.0, 0.0, 0.0, 1.0],
                [1.0, 0.0, 0.0, -5e-06, 0.0, 0.50761, -0.861587, 0.943601, 0.0, 0.861587, 0.50761, 0.253972, 0.0, 0.0, 0.0, 1.0],
                [1.0, 0.0, 0.0, -5e-06, 0.0, 0.50761, -0.861587, 0.943601, 0.0, 0.861587, 0.50761, 0.253972, 0.0, 0.0, 0.0, 1.0],
                [1.0, 0.0, 0.0, -5e-06, 0.0, 0.50761, -0.861587, 0.943601, 0.0, 0.861587, 0.50761, 0.253972, 0.0, 0.0, 0.0, 1.0],
                [1.0, 0.0, 0.0, -5e-06, 0.0, 0.50761, -0.861587, 0.943601, 0.0, 0.861587, 0.50761, 0.253972, 0.0, 0.0, 0.0, 1.0],
                [1.0, 0.0, 0.0, -5e-06, 0.0, 0.50761, -0.861587, 0.943601, 0.0, 0.861587, 0.50761, 0.253972, 0.0, 0.0, 0.0, 1.0],
                [1.0, 0.0, 0.0, -5e-06, 0.0, 0.50761, -0.861587, 0.943601, 0.0, 0.861587, 0.50761, 0.253972, 0.0, 0.0, 0.0, 1.0],
                [1.0, 0.0, 0.0, -5e-06, 0.0, 0.50761, -0.861587, 0.943601, 0.0, 0.861587, 0.50761, 0.253972, 0.0, 0.0, 0.0, 1.0],
                [1.0, 0.0, 0.0, -5e-06, 0.0, 0.50761, -0.861587, 0.943601, 0.0, 0.861587, 0.50761, 0.253972, 0.0, 0.0, 0.0, 1.0],
                [1.0, 0.0, 0.0, -5e-06, 0.0, 0.50761, -0.861587, 0.943601, 0.0, 0.861587, 0.50761, 0.253972, 0.0, 0.0, 0.0, 1.0],
                [1.0, 0.0, 0.0, -5e-06, 0.0, 0.50761, -0.861587, 0.943601, 0.0, 0.861587, 0.50761, 0.253972, 0.0, 0.0, 0.0, 1.0],
                [1.0, 0.0, 0.0, -5e-06, 0.0, 0.50761, -0.861587, 0.943601, 0.0, 0.861587, 0.50761, 0.253972, 0.0, 0.0, 0.0, 1.0],
                [1.0, 0.0, 0.0, -5e-06, 0.0, 0.50761, -0.861587, 0.943601, 0.0, 0.861587, 0.50761, 0.253972, 0.0, 0.0, 0.0, 1.0],
                [1.0, 0.0, 0.0, -5e-06, 0.0, 0.50761, -0.861587, 0.943601, 0.0, 0.861587, 0.50761, 0.253972, 0.0, 0.0, 0.0, 1.0],
                [1.0, 0.0, 0.0, -5e-06, 0.0, 0.50761, -0.861587, 0.943601, 0.0, 0.861587, 0.50761, 0.253972, 0.0, 0.0, 0.0, 1.0],
                [1.0, 0.0, 0.0, -5e-06, 0.0, 0.50761, -0.861587, 0.943601, 0.0, 0.861587, 0.50761, 0.253972, 0.0, 0.0, 0.0, 1.0],
                [1.0, 0.0, 0.0, -5e-06, 0.0, 0.50761, -0.861587, 0.943601, 0.0, 0.861587, 0.50761, 0.253972, 0.0, 0.0, 0.0, 1.0],
                [1.0, 0.0, 0.0, -5e-06, 0.0, 0.50761, -0.861587, 0.943601, 0.0, 0.861587, 0.50761, 0.253972, 0.0, 0.0, 0.0, 1.0],
                [1.0, 0.0, 0.0, -5e-06, 0.0, 0.50761, -0.861587, 0.943601, 0.0, 0.861587, 0.50761, 0.253972, 0.0, 0.0, 0.0, 1.0],
                [1.0, 0.0, 0.0, -5e-06, 0.0, 0.50761, -0.861587, 0.943601, 0.0, 0.861587, 0.50761, 0.253972, 0.0, 0.0, 0.0, 1.0],
                [1.0, 0.0, 0.0, -5e-06, 0.0, 0.50761, -0.861587, 0.943601, 0.0, 0.861587, 0.50761, 0.253972, 0.0, 0.0, 0.0, 1.0],
                [1.0, 0.0, 0.0, -5e-06, 0.0, 0.50761, -0.861587, 0.943601, 0.0, 0.861587, 0.50761, 0.253972, 0.0, 0.0, 0.0, 1.0],
                [1.0, 0.0, 0.0, -5e-06, 0.0, 0.50761, -0.861587, 0.943601, 0.0, 0.861587, 0.50761, 0.253972, 0.0, 0.0, 0.0, 1.0],
                [1.0, 0.0, 0.0, -5e-06, 0.0, 0.50761, -0.861587, 0.943601, 0.0, 0.861587, 0.50761, 0.253972, 0.0, 0.0, 0.0, 1.0],
                [1.0, 0.0, 0.0, -5e-06, 0.0, 0.50761, -0.861587, 0.943601, 0.0, 0.861587, 0.50761, 0.253972, 0.0, 0.0, 0.0, 1.0],
                [1.0, 0.0, 0.0, -5e-06, 0.0, 0.50761, -0.861587, 0.943601, 0.0, 0.861587, 0.50761, 0.253972, 0.0, 0.0, 0.0, 1.0],
                [1.0, 0.0, 0.0, -5e-06, 0.0, 0.50761, -0.861587, 0.943601, 0.0, 0.861587, 0.50761, 0.253972, 0.0, 0.0, 0.0, 1.0],
                [1.0, 0.0, 0.0, -5e-06, 0.0, 0.50761, -0.861587, 0.943601, 0.0, 0.861587, 0.50761, 0.253972, 0.0, 0.0, 0.0, 1.0],
                [1.0, 0.0, 0.0, -5e-06, 0.0, 0.50761, -0.861587, 0.943601, 0.0, 0.861587, 0.50761, 0.253972, 0.0, 0.0, 0.0, 1.0],
                [1.0, 0.0, 0.0, -5e-06, 0.0, 0.50761, -0.861587, 0.943601, 0.0, 0.861587, 0.50761, 0.253972, 0.0, 0.0, 0.0, 1.0],
                [1.0, 0.0, 0.0, -5e-06, 0.0, 0.50761, -0.861587, 0.943601, 0.0, 0.861587, 0.50761, 0.253972, 0.0, 0.0, 0.0, 1.0],
                [1.0, 0.0, 0.0, -5e-06, 0.0, 0.50761, -0.861587, 0.943601, 0.0, 0.861587, 0.50761, 0.253972, 0.0, 0.0, 0.0, 1.0],
                [1.0, 0.0, 0.0, -5e-06, 0.0, 0.50761, -0.861587, 0.943601, 0.0, 0.861587, 0.50761, 0.253972, 0.0, 0.0, 0.0, 1.0],
                [1.0, 0.0, 0.0, -5e-06, 0.0, 0.50761, -0.861587, 0.943601, 0.0, 0.861587, 0.50761, 0.253972, 0.0, 0.0, 0.0, 1.0],
                [1.0, 0.0, 0.0, -5e-06, 0.0, 0.50761, -0.861587, 0.943601, 0.0, 0.861587, 0.50761, 0.253972, 0.0, 0.0, 0.0, 1.0],
                [1.0, 0.0, 0.0, -5e-06, 0.0, 0.50761, -0.861587, 0.943601, 0.0, 0.861587, 0.50761, 0.253972, 0.0, 0.0, 0.0, 1.0],
                [1.0, 0.0, 0.0, -5e-06, 0.0, 0.50761, -0.861587, 0.943601, 0.0, 0.861587, 0.50761, 0.253972, 0.0, 0.0, 0.0, 1.0],
                [1.0, 0.0, 0.0, -5e-06, 0.0, 0.50761, -0.861587, 0.943601, 0.0, 0.861587, 0.50761, 0.253972, 0.0, 0.0, 0.0, 1.0],
                [1.0, 0.0, 0.0, -5e-06, 0.0, 0.50761, -0.861587, 0.943601, 0.0, 0.861587, 0.50761, 0.253972, 0.0, 0.0, 0.0, 1.0],
                [1.0, 0.0, 0.0, -5e-06, 0.0, 0.50761, -0.861587, 0.943601, 0.0, 0.861587, 0.50761, 0.253972, 0.0, 0.0, 0.0, 1.0],
                [1.0, 0.0, 0.0, -5e-06, 0.0, 0.50761, -0.861587, 0.943601, 0.0, 0.861587, 0.50761, 0.253972, 0.0, 0.0, 0.0, 1.0],
                [1.0, 0.0, 0.0, -5e-06, 0.0, 0.50761, -0.861587, 0.943601, 0.0, 0.861587, 0.50761, 0.253972, 0.0, 0.0, 0.0, 1.0],
                [1.0, 0.0, 0.0, -5e-06, 0.0, 0.50761, -0.861587, 0.943601, 0.0, 0.861587, 0.50761, 0.253972, 0.0, 0.0, 0.0, 1.0],
                [1.0, 0.0, 0.0, -5e-06, 0.0, 0.50761, -0.861587, 0.943601, 0.0, 0.861587, 0.50761, 0.253972, 0.0, 0.0, 0.0, 1.0],
                [1.0, 0.0, 0.0, -5e-06, 0.0, 0.50761, -0.861587, 0.943601, 0.0, 0.861587, 0.50761, 0.253972, 0.0, 0.0, 0.0, 1.0],
                [1.0, 0.0, 0.0, -5e-06, 0.0, 0.50761, -0.861587, 0.943601, 0.0, 0.861587, 0.50761, 0.253972, 0.0, 0.0, 0.0, 1.0],
                [1.0, 0.0, 0.0, -5e-06, 0.0, 0.50761, -0.861587, 0.943601, 0.0, 0.861587, 0.50761, 0.253972, 0.0, 0.0, 0.0, 1.0],
                [1.0, 0.0, 0.0, -5e-06, 0.0, 0.50761, -0.861587, 0.943601, 0.0, 0.861587, 0.50761, 0.253972, 0.0, 0.0, 0.0, 1.0],
                [1.0, 0.0, 0.0, -5e-06, 0.0, 0.50761, -0.861587, 0.943601, 0.0, 0.861587, 0.50761, 0.253972, 0.0, 0.0, 0.0, 1.0],
                [1.0, 0.0, 0.0, -5e-06, 0.0, 0.50761, -0.861587, 0.943601, 0.0, 0.861587, 0.50761, 0.253972, 0.0, 0.0, 0.0, 1.0],
                [1.0, 0.0, 0.0, -5e-06, 0.0, 0.50761, -0.861587, 0.943601, 0.0, 0.861587, 0.50761, 0.253972, 0.0, 0.0, 0.0, 1.0],
                [1.0, 0.0, 0.0, -5e-06, 0.0, 0.50761, -0.861587, 0.943601, 0.0, 0.861587, 0.50761, 0.253972, 0.0, 0.0, 0.0, 1.0],
                [1.0, 0.0, 0.0, -5e-06, 0.0, 0.50761, -0.861587, 0.944299, 0.0, 0.861587, 0.50761, 0.254649, 0.0, 0.0, 0.0, 1.0],
                [1.0, 0.0, 0.0, -5e-06, 0.0, 0.50761, -0.861587, 0.94628, 0.0, 0.861587, 0.50761, 0.25657, 0.0, 0.0, 0.0, 1.0],
                [1.0, 0.0, 0.0, -5e-06, 0.0, 0.50761, -0.861587, 0.949372, 0.0, 0.861587, 0.50761, 0.25957, 0.0, 0.0, 0.0, 1.0],
                [1.0, 0.0, 0.0, -5e-06, 0.0, 0.50761, -0.861587, 0.953404, 0.0, 0.861587, 0.50761, 0.263482, 0.0, 0.0, 0.0, 1.0],
                [1.0, 0.0, 0.0, -5e-06, 0.0, 0.50761, -0.861587, 0.958205, 0.0, 0.861587, 0.50761, 0.268141, 0.0, 0.0, 0.0, 1.0],
                [1.0, 0.0, 0.0, -5e-06, 0.0, 0.50761, -0.861587, 0.963605, 0.0, 0.861587, 0.50761, 0.27338, 0.0, 0.0, 0.0, 1.0],
                [1.0, 0.0, 0.0, -5e-06, 0.0, 0.50761, -0.861587, 0.969433, 0.0, 0.861587, 0.50761, 0.279033, 0.0, 0.0, 0.0, 1.0],
                [1.0, 0.0, 0.0, -5e-06, 0.0, 0.50761, -0.861587, 0.975517, 0.0, 0.861587, 0.50761, 0.284936, 0.0, 0.0, 0.0, 1.0],
                [1.0, 0.0, 0.0, -5e-06, 0.0, 0.50761, -0.861587, 0.981686, 0.0, 0.861587, 0.50761, 0.290922, 0.0, 0.0, 0.0, 1.0],
                [1.0, 0.0, 0.0, -5e-06, 0.0, 0.50761, -0.861587, 0.98777, 0.0, 0.861587, 0.50761, 0.296824, 0.0, 0.0, 0.0, 1.0],
                [1.0, 0.0, 0.0, -5e-06, 0.0, 0.50761, -0.861587, 0.993597, 0.0, 0.861587, 0.50761, 0.302478, 0.0, 0.0, 0.0, 1.0],
                [1.0, 0.0, 0.0, -5e-06, 0.0, 0.50761, -0.861587, 0.998997, 0.0, 0.861587, 0.50761, 0.307717, 0.0, 0.0, 0.0, 1.0],
                [1.0, 0.0, 0.0, -5e-06, 0.0, 0.50761, -0.861587, 1.003799, 0.0, 0.861587, 0.50761, 0.312376, 0.0, 0.0, 0.0, 1.0],
                [1.0, 0.0, 0.0, -5e-06, 0.0, 0.50761, -0.861587, 1.007831, 0.0, 0.861587, 0.50761, 0.316288, 0.0, 0.0, 0.0, 1.0],
                [1.0, 0.0, 0.0, -5e-06, 0.0, 0.50761, -0.861587, 1.010923, 0.0, 0.861587, 0.50761, 0.319287, 0.0, 0.0, 0.0, 1.0],
                [1.0, 0.0, 0.0, -5e-06, 0.0, 0.50761, -0.861587, 1.012903, 0.0, 0.861587, 0.50761, 0.321209, 0.0, 0.0, 0.0, 1.0],
                [1.0, 0.0, 0.0, -5e-06, 0.0, 0.50761, -0.861587, 1.013601, 0.0, 0.861587, 0.50761, 0.321886, 0.0, 0.0, 0.0, 1.0],
                [1.0, 0.0, 0.0, -5e-06, 0.0, 0.50761, -0.861587, 1.013601, 0.0, 0.861587, 0.50761, 0.321886, 0.0, 0.0, 0.0, 1.0],
                [1.0, 0.0, 0.0, -5e-06, 0.0, 0.50761, -0.861587, 1.013601, 0.0, 0.861587, 0.50761, 0.321886, 0.0, 0.0, 0.0, 1.0],
                [1.0, 0.0, 0.0, -5e-06, 0.0, 0.50761, -0.861587, 1.013601, 0.0, 0.861587, 0.50761, 0.321886, 0.0, 0.0, 0.0, 1.0],
                [1.0, 0.0, 0.0, -5e-06, 0.0, 0.50761, -0.861587, 1.013601, 0.0, 0.861587, 0.50761, 0.321886, 0.0, 0.0, 0.0, 1.0],
                [1.0, 0.0, 0.0, -5e-06, 0.0, 0.50761, -0.861587, 1.013601, 0.0, 0.861587, 0.50761, 0.321886, 0.0, 0.0, 0.0, 1.0],
                [1.0, 0.0, 0.0, -5e-06, 0.0, 0.50761, -0.861587, 1.013601, 0.0, 0.861587, 0.50761, 0.321886, 0.0, 0.0, 0.0, 1.0],
                [1.0, 0.0, 0.0, -5e-06, 0.0, 0.50761, -0.861587, 1.013601, 0.0, 0.861587, 0.50761, 0.321886, 0.0, 0.0, 0.0, 1.0],
                [1.0, 0.0, 0.0, -5e-06, 0.0, 0.50761, -0.861587, 1.013601, 0.0, 0.861587, 0.50761, 0.321886, 0.0, 0.0, 0.0, 1.0],
                [1.0, 0.0, 0.0, -5e-06, 0.0, 0.50761, -0.861587, 1.013601, 0.0, 0.861587, 0.50761, 0.321886, 0.0, 0.0, 0.0, 1.0],
                [1.0, 0.0, 0.0, -5e-06, 0.0, 0.50761, -0.861587, 1.013601, 0.0, 0.861587, 0.50761, 0.321886, 0.0, 0.0, 0.0, 1.0],
                [1.0, 0.0, 0.0, -5e-06, 0.0, 0.50761, -0.861587, 1.013601, 0.0, 0.861587, 0.50761, 0.321886, 0.0, 0.0, 0.0, 1.0],
                [1.0, 0.0, 0.0, -5e-06, 0.0, 0.50761, -0.861587, 1.013601, 0.0, 0.861587, 0.50761, 0.321886, 0.0, 0.0, 0.0, 1.0],
                [1.0, 0.0, 0.0, -5e-06, 0.0, 0.50761, -0.861587, 1.013601, 0.0, 0.861587, 0.50761, 0.321886, 0.0, 0.0, 0.0, 1.0],
                [1.0, 0.0, 0.0, -5e-06, 0.0, 0.50761, -0.861587, 1.013601, 0.0, 0.861587, 0.50761, 0.321886, 0.0, 0.0, 0.0, 1.0],
                [1.0, 0.0, 0.0, -5e-06, 0.0, 0.50761, -0.861587, 1.013601, 0.0, 0.861587, 0.50761, 0.321886, 0.0, 0.0, 0.0, 1.0],
                [1.0, 0.0, 0.0, -5e-06, 0.0, 0.50761, -0.861587, 1.013601, 0.0, 0.861587, 0.50761, 0.321886, 0.0, 0.0, 0.0, 1.0],
                [1.0, 0.0, 0.0, -5e-06, 0.0, 0.50761, -0.861587, 1.013601, 0.0, 0.861587, 0.50761, 0.321886, 0.0, 0.0, 0.0, 1.0],
                [1.0, 0.0, 0.0, -5e-06, 0.0, 0.50761, -0.861587, 1.013601, 0.0, 0.861587, 0.50761, 0.321886, 0.0, 0.0, 0.0, 1.0],
                [1.0, 0.0, 0.0, -5e-06, 0.0, 0.50761, -0.861587, 1.013601, 0.0, 0.861587, 0.50761, 0.321886, 0.0, 0.0, 0.0, 1.0],
                [1.0, 0.0, 0.0, -5e-06, 0.0, 0.50761, -0.861587, 1.013601, 0.0, 0.861587, 0.50761, 0.321886, 0.0, 0.0, 0.0, 1.0],
                [1.0, 0.0, 0.0, -5e-06, 0.0, 0.50761, -0.861587, 1.013601, 0.0, 0.861587, 0.50761, 0.321886, 0.0, 0.0, 0.0, 1.0],
                [1.0, 0.0, 0.0, -5e-06, 0.0, 0.50761, -0.861587, 1.013601, 0.0, 0.861587, 0.50761, 0.321886, 0.0, 0.0, 0.0, 1.0],
                [1.0, 0.0, 0.0, -5e-06, 0.0, 0.50761, -0.861587, 1.013601, 0.0, 0.861587, 0.50761, 0.321886, 0.0, 0.0, 0.0, 1.0],
                [1.0, 0.0, 0.0, -5e-06, 0.0, 0.50761, -0.861587, 1.013601, 0.0, 0.861587, 0.50761, 0.321886, 0.0, 0.0, 0.0, 1.0],
                [1.0, 0.0, 0.0, -5e-06, 0.0, 0.50761, -0.861587, 1.013601, 0.0, 0.861587, 0.50761, 0.321886, 0.0, 0.0, 0.0, 1.0],
                [1.0, 0.0, 0.0, -5e-06, 0.0, 0.50761, -0.861587, 1.013601, 0.0, 0.861587, 0.50761, 0.321886, 0.0, 0.0, 0.0, 1.0],
                [1.0, 0.0, 0.0, -5e-06, 0.0, 0.50761, -0.861587, 1.013601, 0.0, 0.861587, 0.50761, 0.321886, 0.0, 0.0, 0.0, 1.0],
                [1.0, 0.0, 0.0, -5e-06, 0.0, 0.50761, -0.861587, 1.013601, 0.0, 0.861587, 0.50761, 0.321886, 0.0, 0.0, 0.0, 1.0],
                [1.0, 0.0, 0.0, -5e-06, 0.0, 0.50761, -0.861587, 1.013601, 0.0, 0.861587, 0.50761, 0.321886, 0.0, 0.0, 0.0, 1.0],
                [1.0, 0.0, 0.0, -5e-06, 0.0, 0.50761, -0.861587, 1.013601, 0.0, 0.861587, 0.50761, 0.321886, 0.0, 0.0, 0.0, 1.0],
                [1.0, 0.0, 0.0, -5e-06, 0.0, 0.50761, -0.861587, 1.013601, 0.0, 0.861587, 0.50761, 0.321886, 0.0, 0.0, 0.0, 1.0],
                [1.0, 0.0, 0.0, -5e-06, 0.0, 0.50761, -0.861587, 1.013601, 0.0, 0.861587, 0.50761, 0.321886, 0.0, 0.0, 0.0, 1.0],
                [1.0, 0.0, 0.0, -5e-06, 0.0, 0.50761, -0.861587, 1.013601, 0.0, 0.861587, 0.50761, 0.321886, 0.0, 0.0, 0.0, 1.0],
                [1.0, 0.0, 0.0, -5e-06, 0.0, 0.50761, -0.861587, 1.013601, 0.0, 0.861587, 0.50761, 0.321886, 0.0, 0.0, 0.0, 1.0],
                [1.0, 0.0, 0.0, -5e-06, 0.0, 0.50761, -0.861587, 1.013601, 0.0, 0.861587, 0.50761, 0.321886, 0.0, 0.0, 0.0, 1.0],
                [1.0, 0.0, 0.0, -5e-06, 0.0, 0.50761, -0.861587, 1.013601, 0.0, 0.861587, 0.50761, 0.321886, 0.0, 0.0, 0.0, 1.0],
