{
  "constructor": {
    "invocation_command": "(0.2#F,epicfight_dd:biped/onehanded_auto1#java.lang.String,epicfight:entity/biped#yesman.epicfight.api.model.Armature,[(0.0#F,0.0#F,5.0#F,20.0#F,30.0#F,30.0#F,MAIN_HAND#net.minecraft.world.InteractionHand,epicfight:entity/biped.Tool_R#yesman.epicfight.api.animation.Joint,(3#IMeshRenderBoost,0.4d#D,0.4d#D,0.8d#D,0.0d#D,0.0d#D,-0.75d#D)#yesman.epicfight.api.collider.MultiOBBCollider)]#yesman.epicfight.api.animation.types.AttackAnimation$Phase)#yesman.epicfight.api.animation.types.BasicAttackAnimation"
  },
  "animation": [
    {
      "name": "Root",
      "time": [
        0.0,
        0.0167,
        0.0333,
        0.05,
        0.0667,
        0.0833,
        0.1,
        0.1167,
        0.1333,
        0.15,
        0.1667,
        0.1833,
        0.2,
        0.2167,
        0.2333,
        0.25,
        0.2667,
        0.2833,
        0.3,
        0.3167,
        0.3333,
        0.35,
        0.3667,
        0.3833,
        0.4,
        0.4167,
        0.4333,
        0.45,
        0.4667,
        0.4833,
        0.5,
        0.5167,
        0.5333
      ],
      "transform": [
        [
          0.889198,
          0.0,
          -0.457523,
          -5e-06,
          -0.457523,
          0.0,
          -0.889198,
          0.000946,
          0.0,
          1.0,
          0.0,
          0.710231,
          0.0,
          0.0,
          0.0,
          1.0
        ],
        [
          0.891934,
          0.0,
          -0.452167,
          -5e-06,
          -0.452167,
          0.0,
          -0.891934,
          0.004847,
          0.0,
          1.0,
          0.0,
          0.711931,
          0.0,
          0.0,
          0.0,
          1.0
        ],
        [
          0.899286,
          0.0,
          -0.43736,
          -5e-06,
          -0.43736,
          0.0,
          -0.899286,
          0.015778,
          0.0,
          1.0,
          0.0,
          0.716546,
          0.0,
          0.0,
          0.0,
          1.0
        ],
        [
          0.909851,
          0.0,
          -0.414936,
          -5e-06,
          -0.414936,
          0.0,
          -0.909851,
          0.032583,
          0.0,
          1.0,
          0.0,
          0.723347,
          0.0,
          0.0,
          0.0,
          1.0
        ],
        [
          0.922188,
          0.0,
          -0.386743,
          -5e-06,
          -0.386743,
          0.0,
          -0.922188,
          0.054104,
          0.0,
          1.0,
          0.0,
          0.731605,
          0.0,
          0.0,
          0.0,
          1.0
        ],
        [
          0.934965,
          0.0,
          -0.354739,
          -5e-06,
          -0.354739,
          0.0,
          -0.934965,
          0.079187,
          0.0,
          1.0,
          0.0,
          0.740592,
          0.0,
          0.0,
          0.0,
          1.0
        ],
        [
          0.94707,
          0.0,
          -0.321026,
          -5e-06,
          -0.321026,
          0.0,
          -0.94707,
          0.106673,
          0.0,
          1.0,
          0.0,
          0.749578,
          0.0,
          0.0,
          0.0,
          1.0
        ],
        [
          0.957677,
          0.0,
          -0.287847,
          -5e-06,
          -0.287847,
          0.0,
          -0.957677,
          0.135407,
          0.0,
          1.0,
          0.0,
          0.757836,
          0.0,
          0.0,
          0.0,
          1.0
        ],
        [
          0.966267,
          0.0,
          -0.257541,
          -5e-06,
          -0.257541,
          0.0,
          -0.966267,
          0.164232,
          0.0,
          1.0,
          0.0,
          0.764637,
          0.0,
          0.0,
          0.0,
          1.0
        ],
        [
          0.972597,
          0.0,
          -0.232497,
          -5e-06,
          -0.232497,
          0.0,
          -0.972597,
          0.191991,
          0.0,
          1.0,
          0.0,
          0.769252,
          0.0,
          0.0,
          0.0,
          1.0
        ],
        [
          0.976593,
          0.0,
          -0.215093,
          -5e-06,
          -0.215093,
          0.0,
          -0.976593,
          0.217529,
          0.0,
          1.0,
          0.0,
          0.770952,
          0.0,
          0.0,
          0.0,
          1.0
        ],
        [
          0.978614,
          0.0,
          -0.205707,
          -5e-06,
          -0.205707,
          0.0,
          -0.978614,
          0.24122,
          0.0,
          1.0,
          0.0,
          0.768673,
          0.0,
          0.0,
          0.0,
          1.0
        ],
        [
          0.980439,
          0.0,
          -0.196823,
          -5e-06,
          -0.196823,
          0.0,
          -0.980439,
          0.269577,
          0.0,
          1.0,
          0.0,
          0.761346,
          0.0,
          0.0,
          0.0,
          1.0
        ],
        [
          0.983867,
          0.0,
          -0.178904,
          -5e-06,
          -0.178904,
          0.0,
          -0.983867,
          0.310643,
          0.0,
          1.0,
          0.0,
          0.748234,
          0.0,
          0.0,
          0.0,
          1.0
        ],
        [
          0.989836,
          0.0,
          -0.142214,
          -5e-06,
          -0.142214,
          0.0,
          -0.989836,
          0.372461,
          0.0,
          1.0,
          0.0,
          0.728601,
          0.0,
          0.0,
          0.0,
          1.0
        ],
        [
          0.99706,
          0.0,
          -0.07662,
          -5e-06,
          -0.07662,
          0.0,
          -0.99706,
          0.463076,
          0.0,
          1.0,
          0.0,
          0.701712,
          0.0,
          0.0,
          0.0,
          1.0
        ],
        [
          0.999546,
          0.0,
          0.030129,
          -5e-06,
          0.030129,
          0.0,
          -0.999546,
          0.58725,
          0.0,
          1.0,
          0.0,
          0.667897,
          0.0,
          0.0,
          0.0,
          1.0
        ],
        [
          0.985111,
          0.0,
          0.171921,
          -5e-06,
          0.171921,
          0.0,
          -0.985111,
          0.736624,
          0.0,
          1.0,
          0.0,
          0.631746,
          0.0,
          0.0,
          0.0,
          1.0
        ],
        [
          0.944528,
          0.0,
          0.32843,
          -5e-06,
          0.32843,
          0.0,
          -0.944528,
          0.899557,
          0.0,
          1.0,
          0.0,
          0.598919,
          0.0,
          0.0,
          0.0,
          1.0
        ],
        [
          0.878591,
          0.0,
          0.477575,
          -5e-06,
          0.477575,
          0.0,
          -0.878591,
          1.064409,
          0.0,
          1.0,
          0.0,
          0.575074,
          0.0,
          0.0,
          0.0,
          1.0
        ],
        [
          0.79918,
          0.0,
          0.601092,
          -5e-06,
          0.601092,
          0.0,
          -0.79918,
          1.219538,
          0.0,
          1.0,
          0.0,
          0.565868,
          0.0,
          0.0,
          0.0,
          1.0
        ],
        [
          0.719593,
          0.0,
          0.694396,
          -5e-06,
          0.694396,
          0.0,
          -0.719593,
          1.3555,
          0.0,
          1.0,
          0.0,
          0.568687,
          0.0,
          0.0,
          0.0,
          1.0
        ],
        [
          0.644309,
          0.0,
          0.764766,
          -5e-06,
          0.764766,
          0.0,
          -0.644309,
          1.471626,
          0.0,
          1.0,
          0.0,
          0.576482,
          0.0,
          0.0,
          0.0,
          1.0
        ],
        [
          0.576422,
          0.0,
          0.817152,
          -5e-06,
          0.817152,
          0.0,
          -0.576422,
          1.569445,
          0.0,
          1.0,
          0.0,
          0.588256,
          0.0,
          0.0,
          0.0,
          1.0
        ],
        [
          0.517363,
          0.0,
          0.855766,
          -5e-06,
          0.855766,
          0.0,
          -0.517363,
          1.650482,
          0.0,
          1.0,
          0.0,
          0.603015,
          0.0,
          0.0,
          0.0,
          1.0
        ],
        [
          0.467542,
          0.0,
          0.883971,
          -5e-06,
          0.883971,
          0.0,
          -0.467542,
          1.716266,
          0.0,
          1.0,
          0.0,
          0.619764,
          0.0,
          0.0,
          0.0,
          1.0
        ],
        [
          0.426772,
          0.0,
          0.904359,
          -5e-06,
          0.904359,
          0.0,
          -0.426772,
          1.768324,
          0.0,
          1.0,
          0.0,
          0.637509,
          0.0,
          0.0,
          0.0,
          1.0
        ],
        [
          0.39454,
          0.0,
          0.918879,
          -5e-06,
          0.918879,
          0.0,
          -0.39454,
          1.808183,
          0.0,
          1.0,
          0.0,
          0.655253,
          0.0,
          0.0,
          0.0,
          1.0
        ],
        [
          0.370149,
          0.0,
          0.928972,
          -5e-06,
          0.928972,
          0.0,
          -0.370149,
          1.83737,
          0.0,
          1.0,
          0.0,
          0.672002,
          0.0,
          0.0,
          0.0,
          1.0
        ],
        [
          0.352798,
          0.0,
          0.9357,
          -5e-06,
          0.9357,
          0.0,
          -0.352798,
          1.857412,
          0.0,
          1.0,
          0.0,
          0.686761,
          0.0,
          0.0,
          0.0,
          1.0
        ],
        [
          0.34161,
          0.0,
          0.939842,
          -5e-06,
          0.939842,
          0.0,
          -0.34161,
          1.869837,
          0.0,
          1.0,
          0.0,
          0.698536,
          0.0,
          0.0,
          0.0,
          1.0
        ],
        [
          0.335643,
          0.0,
          0.941989,
          -5e-06,
          0.941989,
          0.0,
          -0.335643,
          1.876173,
          0.0,
          1.0,
          0.0,
          0.70633,
          0.0,
          0.0,
          0.0,
          1.0
        ],
        [
          0.333889,
          0.0,
          0.942612,
          -5e-06,
          0.942612,
          0.0,
          -0.333889,
          1.877945,
          0.0,
          1.0,
          0.0,
          0.709149,
          0.0,
          0.0,
          0.0,
          1.0
        ]
      ]
    },
    {
      "name": "Thigh_R",
      "time": [
        0.0,
        0.0167,
        0.0333,
        0.05,
        0.0667,
        0.0833,
        0.1,
        0.1167,
        0.1333,
        0.15,
        0.1667,
        0.1833,
        0.2,
        0.2167,
        0.2333,
        0.25,
        0.2667,
        0.2833,
        0.3,
        0.3167,
        0.3333,
        0.35,
        0.3667,
        0.3833,
        0.4,
        0.4167,
        0.4333,
        0.45,
        0.4667,
        0.4833,
        0.5,
        0.5167,
        0.5333
      ],
      "transform": [
        [
          0.86106,
          0.295417,
          0.413888,
          0.124994,
          0.252095,
          -0.954866,
          0.157085,
          -0.002831,
          0.441614,
          -0.03092,
          -0.896672,
          -1.2e-05,
          0.0,
          0.0,
          0.0,
          1.0
        ],
        [
          0.859922,
          0.297365,
          0.414858,
          0.124994,
          0.256845,
          -0.954461,
          0.151759,
          -0.002831,
          0.441095,
          -0.023946,
          -0.897141,
          -1.2e-05,
          0.0,
          0.0,
          0.0,
          1.0
        ],
        [
          0.856646,
          0.303005,
          0.417545,
          0.124994,
          0.270103,
          -0.952974,
          0.137409,
          -0.002831,
          0.439546,
          -0.00493,
          -0.898207,
          -1.2e-05,
          0.0,
          0.0,
          0.0,
          1.0
        ],
        [
          0.851392,
          0.311977,
          0.421665,
          0.124994,
          0.290346,
          -0.949803,
          0.116489,
          -0.002831,
          0.436841,
          0.023251,
          -0.899238,
          -1.2e-05,
          0.0,
          0.0,
          0.0,
          1.0
        ],
        [
          0.844273,
          0.323898,
          0.426956,
          0.124994,
          0.316021,
          -0.944329,
          0.091484,
          -0.002831,
          0.432819,
          0.05769,
          -0.899633,
          -1.2e-05,
          0.0,
          0.0,
          0.0,
          1.0
        ],
        [
          0.835392,
          0.338407,
          0.433129,
          0.124994,
          0.345572,
          -0.936143,
          0.064901,
          -0.002831,
          0.427434,
          0.095459,
          -0.898993,
          -1.2e-05,
          0.0,
          0.0,
          0.0,
          1.0
        ],
        [
          0.824853,
          0.355202,
          0.439828,
          0.124994,
          0.377485,
          -0.925182,
          0.039237,
          -0.002831,
          0.420858,
          0.133664,
          -0.897225,
          -1.2e-05,
          0.0,
          0.0,
          0.0,
          1.0
        ],
        [
          0.81278,
          0.374077,
          0.446602,
          0.124994,
          0.410335,
          -0.911775,
          0.016936,
          -0.002831,
          0.413537,
          0.169492,
          -0.894572,
          -1.2e-05,
          0.0,
          0.0,
          0.0,
          1.0
        ],
        [
          0.799318,
          0.394949,
          0.452886,
          0.124994,
          0.442821,
          -0.896608,
          0.000358,
          -0.002831,
          0.406203,
          0.200261,
          -0.891569,
          -1.2e-05,
          0.0,
          0.0,
          0.0,
          1.0
        ],
        [
          0.784637,
          0.417862,
          0.457968,
          0.124994,
          0.473773,
          -0.880606,
          -0.008224,
          -0.002831,
          0.399853,
          0.223426,
          -0.888931,
          -1.2e-05,
          0.0,
          0.0,
          0.0,
          1.0
        ],
        [
          0.768945,
          0.442984,
          0.460965,
          0.124994,
          0.50213,
          -0.864765,
          -0.006576,
          -0.002831,
          0.395713,
          0.236521,
          -0.887394,
          -1.2e-05,
          0.0,
          0.0,
          0.0,
          1.0
        ],
        [
          0.776392,
          0.499201,
          0.384725,
          0.124994,
          0.518703,
          -0.852854,
          0.059862,
          -0.002831,
          0.357998,
          0.153081,
          -0.921089,
          -1.2e-05,
          0.0,
          0.0,
          0.0,
          1.0
        ],
        [
          0.805687,
          0.565619,
          0.175903,
          0.124994,
          0.529796,
          -0.820921,
          0.213075,
          -0.002831,
          0.264922,
          -0.078478,
          -0.961071,
          -1.2e-05,
          0.0,
          0.0,
          0.0,
          1.0
        ],
        [
          0.819444,
          0.565166,
          -0.095379,
          0.124994,
          0.553297,
          -0.736587,
          0.388972,
          -0.002831,
          0.149579,
          -0.371513,
          -0.916299,
          -1.2e-05,
          0.0,
          0.0,
          0.0,
          1.0
        ],
        [
          0.809819,
          0.496355,
          -0.312766,
          0.124994,
          0.583303,
          -0.624096,
          0.519865,
          -0.002831,
          0.062842,
          -0.603433,
          -0.794933,
          -1.2e-05,
          0.0,
          0.0,
          0.0,
          1.0
        ],
        [
          0.803209,
          0.442349,
          -0.398977,
          0.124994,
          0.594311,
          -0.549388,
          0.587337,
          -0.002831,
          0.040614,
          -0.708869,
          -0.704169,
          -1.2e-05,
          0.0,
          0.0,
          0.0,
          1.0
        ],
        [
          0.823371,
          0.416666,
          -0.385291,
          0.124994,
          0.564501,
          -0.531579,
          0.631476,
          -0.002831,
          0.058301,
          -0.737434,
          -0.672897,
          -1.2e-05,
          0.0,
          0.0,
          0.0,
          1.0
        ],
        [
          0.86216,
          0.37813,
          -0.33719,
          0.124994,
          0.501082,
          -0.538147,
          0.677727,
          -0.002831,
          0.074811,
          -0.753267,
          -0.653445,
          -1.2e-05,
          0.0,
          0.0,
          0.0,
          1.0
        ],
        [
          0.901778,
          0.335217,
          -0.27281,
          0.124994,
          0.423122,
          -0.556048,
          0.715386,
          -0.002831,
          0.088114,
          -0.760549,
          -0.643272,
          -1.2e-05,
          0.0,
          0.0,
          0.0,
          1.0
        ],
        [
          0.929887,
          0.298697,
          -0.214685,
          0.124994,
          0.354883,
          -0.574911,
          0.737247,
          -0.002831,
          0.096789,
          -0.761743,
          -0.640607,
          -1.2e-05,
          0.0,
          0.0,
          0.0,
          1.0
        ],
        [
          0.940712,
          0.282286,
          -0.188081,
          0.124994,
          0.324469,
          -0.587195,
          0.741566,
          -0.002831,
          0.098893,
          -0.758625,
          -0.643977,
          -1.2e-05,
          0.0,
          0.0,
          0.0,
          1.0
        ],
        [
          0.939838,
          0.279085,
          -0.197015,
          0.124994,
          0.333157,
          -0.621211,
          0.709297,
          -0.002831,
          0.075566,
          -0.732259,
          -0.676819,
          -1.2e-05,
          0.0,
          0.0,
          0.0,
          1.0
        ],
        [
          0.935246,
          0.275699,
          -0.222045,
          0.124994,
          0.353446,
          -0.692248,
          0.62918,
          -0.002831,
          0.019754,
          -0.666917,
          -0.744869,
          -1.2e-05,
          0.0,
          0.0,
          0.0,
          1.0
        ],
        [
          0.927333,
          0.27667,
          -0.252003,
          0.124994,
          0.370563,
          -0.772943,
          0.515014,
          -0.002831,
          -0.052296,
          -0.570972,
          -0.819302,
          -1.2e-05,
          0.0,
          0.0,
          0.0,
          1.0
        ],
        [
          0.918866,
          0.283307,
          -0.274629,
          0.124994,
          0.375953,
          -0.839899,
          0.39144,
          -0.002831,
          -0.119764,
          -0.462927,
          -0.878268,
          -1.2e-05,
          0.0,
          0.0,
          0.0,
          1.0
        ],
        [
          0.918834,
          0.274667,
          -0.283375,
          0.124994,
          0.354971,
          -0.888983,
          0.289311,
          -0.002831,
          -0.172451,
          -0.366418,
          -0.91433,
          -1.2e-05,
          0.0,
          0.0,
          0.0,
          1.0
        ],
        [
          0.928439,
          0.238395,
          -0.284899,
          0.124994,
          0.304496,
          -0.927688,
          0.21604,
          -0.002831,
          -0.212795,
          -0.287329,
          -0.933895,
          -1.2e-05,
          0.0,
          0.0,
          0.0,
          1.0
        ],
        [
          0.940678,
          0.186361,
          -0.283536,
          0.124994,
          0.240018,
          -0.956146,
          0.167845,
          -0.002831,
          -0.239823,
          -0.225941,
          -0.944159,
          -1.2e-05,
          0.0,
          0.0,
          0.0,
          1.0
        ],
        [
          0.950608,
          0.131785,
          -0.281026,
          0.124994,
          0.176404,
          -0.974338,
          0.139799,
          -0.002831,
          -0.255391,
          -0.182468,
          -0.949464,
          -1.2e-05,
          0.0,
          0.0,
          0.0,
          1.0
        ],
        [
          0.956365,
          0.088669,
          -0.278394,
          0.124994,
          0.128083,
          -0.983633,
          0.126712,
          -0.002831,
          -0.262603,
          -0.156839,
          -0.952072,
          -1.2e-05,
          0.0,
          0.0,
          0.0,
          1.0
        ],
        [
          0.958211,
          0.07117,
          -0.277066,
          0.124994,
          0.108961,
          -0.986346,
          0.123469,
          -0.002831,
          -0.264496,
          -0.148498,
          -0.952885,
          -1.2e-05,
          0.0,
          0.0,
          0.0,
          1.0
        ],
        [
          0.958211,
          0.07117,
          -0.277066,
          0.124994,
          0.108961,
          -0.986346,
          0.123469,
          -0.002831,
          -0.264496,
          -0.148498,
          -0.952885,
          -1.2e-05,
          0.0,
          0.0,
          0.0,
          1.0
        ],
        [
          0.958211,
          0.07117,
          -0.277066,
          0.124994,
          0.108961,
          -0.986346,
          0.123469,
          -0.002831,
          -0.264496,
          -0.148498,
          -0.952885,
          -1.2e-05,
          0.0,
          0.0,
          0.0,
          1.0
        ]
      ]
    },
    {
      "name": "Leg_R",
      "time": [
        0.0,
        0.0167,
        0.0333,
        0.05,
        0.0667,
        0.0833,
        0.1,
        0.1167,
        0.1333,
        0.15,
        0.1667,
        0.1833,
        0.2,
        0.2167,
        0.2333,
        0.25,
        0.2667,
        0.2833,
        0.3,
        0.3167,
        0.3333,
        0.35,
        0.3667,
        0.3833,
        0.4,
        0.4167,
        0.4333,
        0.45,
        0.4667,
        0.4833,
        0.5,
        0.5167,
        0.5333
      ],
      "transform": [
        [
          1.0,
          -0.0,
          1e-06,
          0.0,
          -0.0,
          0.877385,
          0.479788,
          0.37472,
          -1e-06,
          -0.479789,
          0.877383,
          -0.0,
          0.0,
          0.0,
          0.0,
          1.0
        ],
        [
          1.0,
          -0.0,
          1e-06,
          0.0,
          -0.0,
          0.877209,
          0.48011,
          0.37472,
          -1e-06,
          -0.480111,
          0.877207,
          0.0,
          0.0,
          0.0,
          0.0,
          1.0
        ],
        [
          1.0,
          -0.0,
          1e-06,
          0.0,
          -0.0,
          0.875972,
          0.482362,
          0.37472,
          -1e-06,
          -0.482362,
          0.875971,
          0.0,
          0.0,
          0.0,
          0.0,
          1.0
        ],
        [
          1.0,
          -0.0,
          1e-06,
          0.0,
          -0.0,
          0.872586,
          0.488461,
          0.37472,
          -1e-06,
          -0.488461,
          0.872585,
          -0.0,
          0.0,
          0.0,
          0.0,
          1.0
        ],
        [
          1.0,
          -0.0,
          1e-06,
          -0.0,
          -0.0,
          0.865862,
          0.500283,
          0.37472,
          -1e-06,
          -0.500284,
          0.865861,
          -0.0,
          0.0,
          0.0,
          0.0,
          1.0
        ],
        [
          1.0,
          -0.0,
          1e-06,
          0.0,
          -0.0,
          0.854405,
          0.519608,
          0.37472,
          -1e-06,
          -0.519608,
          0.854404,
          0.0,
          0.0,
          0.0,
          0.0,
          1.0
        ],
        [
          1.0,
          -0.0,
          1e-06,
          -0.0,
          -0.0,
          0.836465,
          0.548021,
          0.37472,
          -1e-06,
          -0.548022,
          0.836464,
          0.0,
          0.0,
          0.0,
          0.0,
          1.0
        ],
        [
          1.0,
          -0.0,
          1e-06,
          0.0,
          -0.0,
          0.809765,
          0.586755,
          0.37472,
          -1e-06,
          -0.586756,
          0.809764,
          -0.0,
          0.0,
          0.0,
          0.0,
          1.0
        ],
        [
          1.0,
          -0.0,
          1e-06,
          -0.0,
          -0.0,
          0.771347,
          0.636415,
          0.37472,
          -1e-06,
          -0.636416,
          0.771346,
          -0.0,
          0.0,
          0.0,
          0.0,
          1.0
        ],
        [
          1.0,
          -0.0,
          1e-06,
          0.0,
          -0.0,
          0.717488,
          0.696571,
          0.37472,
          -1e-06,
          -0.696571,
          0.717487,
          -0.0,
          0.0,
          0.0,
          0.0,
          1.0
        ],
        [
          1.0,
          -0.0,
          1e-06,
          -0.0,
          -0.0,
          0.643828,
          0.76517,
          0.37472,
          -1e-06,
          -0.765171,
          0.643827,
          -0.0,
          0.0,
          0.0,
          0.0,
          1.0
        ],
        [
          1.0,
          -1e-06,
          1e-06,
          -0.0,
          -0.0,
          0.497423,
          0.867508,
          0.37472,
          -1e-06,
          -0.867509,
          0.497422,
          -0.0,
          0.0,
          0.0,
          0.0,
          1.0
        ],
        [
          1.0,
          -1e-06,
          0.0,
          0.0,
          -0.0,
          0.24493,
          0.96954,
          0.37472,
          -1e-06,
          -0.969542,
          0.244929,
          0.0,
          0.0,
          0.0,
          0.0,
          1.0
        ],
        [
          1.0,
          -1e-06,
          0.0,
          0.0,
          -0.0,
          -0.052324,
          0.99863,
          0.37472,
          -1e-06,
          -0.998631,
          -0.052324,
          -0.0,
          0.0,
          0.0,
          0.0,
          1.0
        ],
        [
          1.0,
          -1e-06,
          0.0,
          0.0,
          -0.0,
          -0.305552,
          0.952175,
          0.37472,
          -1e-06,
          -0.952176,
          -0.305551,
          0.0,
          0.0,
          0.0,
          0.0,
          1.0
        ],
        [
          1.0,
          -1e-06,
          -0.0,
          -0.0,
          -0.0,
          -0.453849,
          0.891078,
          0.37472,
          -1e-06,
          -0.89108,
          -0.453848,
          0.0,
          0.0,
          0.0,
          0.0,
          1.0
        ],
        [
          1.0,
          -1e-06,
          -0.0,
          0.0,
          -0.0,
          -0.469306,
          0.883035,
          0.37472,
          -1e-06,
          -0.883037,
          -0.469305,
          -0.0,
          0.0,
          0.0,
          0.0,
          1.0
        ],
        [
          1.0,
          -1e-06,
          -0.0,
          0.0,
          -0.0,
          -0.355941,
          0.934508,
          0.37472,
          -1e-06,
          -0.934509,
          -0.355941,
          0.0,
          0.0,
          0.0,
          0.0,
          1.0
        ],
        [
          1.0,
          -1e-06,
          0.0,
          0.0,
          -0.0,
          -0.095012,
          0.995475,
          0.37472,
          -1e-06,
          -0.995477,
          -0.095011,
          -0.0,
          0.0,
          0.0,
          0.0,
          1.0
        ],
        [
          1.0,
          -1e-06,
          0.0,
          -0.0,
          -0.0,
          0.273449,
          0.961886,
          0.37472,
          -1e-06,
          -0.961887,
          0.273449,
          -0.0,
          0.0,
          0.0,
          0.0,
          1.0
        ],
        [
          1.0,
          -0.0,
          1e-06,
          -0.0,
          -0.0,
          0.519771,
          0.854305,
          0.37472,
          -1e-06,
          -0.854306,
          0.51977,
          0.0,
          0.0,
          0.0,
          0.0,
          1.0
        ],
        [
          1.0,
          -0.0,
          1e-06,
          -0.0,
          -0.0,
          0.626435,
          0.779473,
          0.37472,
          -1e-06,
          -0.779474,
          0.626435,
          0.0,
          0.0,
          0.0,
          0.0,
          1.0
        ],
        [
          1.0,
          -0.0,
          1e-06,
          -0.0,
          -0.0,
          0.733898,
          0.67926,
          0.37472,
          -1e-06,
          -0.679261,
          0.733897,
          0.0,
          0.0,
          0.0,
          0.0,
          1.0
        ],
        [
          1.0,
          -0.0,
          1e-06,
          -0.0,
          -0.0,
          0.818699,
          0.574223,
          0.37472,
          -1e-06,
          -0.574224,
          0.818698,
          -0.0,
          0.0,
          0.0,
          0.0,
          1.0
        ],
        [
          1.0,
          -0.0,
          1e-06,
          0.0,
          -0.0,
          0.876384,
          0.481613,
          0.37472,
          -1e-06,
          -0.481614,
          0.876383,
          0.0,
          0.0,
          0.0,
          0.0,
          1.0
        ],
        [
          1.0,
          -0.0,
          1e-06,
          -0.0,
          -0.0,
          0.912727,
          0.40857,
          0.37472,
          -1e-06,
          -0.408571,
          0.912726,
          0.0,
          0.0,
          0.0,
          0.0,
          1.0
        ],
        [
          1.0,
          -0.0,
          1e-06,
          0.0,
          -0.0,
          0.934899,
          0.354915,
          0.37472,
          -1e-06,
          -0.354915,
          0.934898,
          -0.0,
          0.0,
          0.0,
          0.0,
          1.0
        ],
        [
          1.0,
          -0.0,
          1e-06,
          0.0,
          -0.0,
          0.948219,
          0.31762,
          0.37472,
          -1e-06,
          -0.317621,
          0.948217,
          -0.0,
          0.0,
          0.0,
          0.0,
          1.0
        ],
        [
          1.0,
          0.0,
          1e-06,
          -0.0,
          -0.0,
          0.955984,
          0.293421,
          0.37472,
          -1e-06,
          -0.293422,
          0.955983,
          -0.0,
          0.0,
          0.0,
          0.0,
          1.0
        ],
        [
          1.0,
          0.0,
          1e-06,
          -0.0,
          -0.0,
          0.960053,
          0.279821,
          0.37472,
          -1e-06,
          -0.279821,
          0.960051,
          0.0,
          0.0,
          0.0,
          0.0,
          1.0
        ],
        [
          1.0,
          0.0,
          1e-06,
          0.0,
          -0.0,
          0.96133,
          0.2754,
          0.37472,
          -1e-06,
          -0.275401,
          0.961329,
          -0.0,
          0.0,
          0.0,
          0.0,
          1.0
        ],
        [
          1.0,
          0.0,
          1e-06,
          0.0,
          -0.0,
          0.96133,
          0.2754,
          0.37472,
          -1e-06,
          -0.275401,
          0.961329,
          0.0,
          0.0,
          0.0,
          0.0,
          1.0
        ],
        [
          1.0,
          0.0,
          1e-06,
          -0.0,
          -0.0,
          0.96133,
          0.2754,
          0.37472,
          -1e-06,
          -0.275401,
          0.961329,
          0.0,
          0.0,
          0.0,
          0.0,
          1.0
        ]
      ]
    },
    {
      "name": "Knee_R",
      "time": [
        0.0,
        0.0167,
        0.0333,
        0.05,
        0.0667,
        0.0833,
        0.1,
        0.1167,
        0.1333,
        0.15,
        0.1667,
        0.1833,
        0.2,
        0.2167,
        0.2333,
        0.25,
        0.2667,
        0.2833,
        0.3,
        0.3167,
        0.3333,
        0.35,
        0.3667,
        0.3833,
        0.4,
        0.4167,
        0.4333,
        0.45,
        0.4667,
        0.4833,
        0.5,
        0.5167,
        0.5333
      ],
      "transform": [
        [
          1.0,
          0.0,
          -0.0,
          0.0,
          -0.0,
          1e-06,
          -1.0,
          0.37472,
          -0.0,
          1.0,
          1e-06,
          -0.0,
          0.0,
          0.0,
          0.0,
          1.0
        ],
        [
          1.0,
          0.0,
          -0.0,
          0.0,
          -0.0,
          1e-06,
          -1.0,
          0.37472,
          -0.0,
          1.0,
          1e-06,
          -0.0,
          0.0,
          0.0,
          0.0,
          1.0
        ],
        [
          1.0,
          0.0,
          -0.0,
          -0.0,
          -0.0,
          1e-06,
          -1.0,
          0.37472,
          -0.0,
          1.0,
          1e-06,
          0.0,
          0.0,
          0.0,
          0.0,
          1.0
        ],
        [
          1.0,
          0.0,
          -0.0,
          0.0,
          -0.0,
          1e-06,
          -1.0,
          0.37472,
          -0.0,
          1.0,
          1e-06,
          -0.0,
          0.0,
          0.0,
          0.0,
          1.0
        ],
        [
          1.0,
          0.0,
          -0.0,
          -0.0,
          -0.0,
          1e-06,
          -1.0,
          0.374754,
          -0.0,
          1.0,
          1e-06,
          0.0,
          0.0,
          0.0,
          0.0,
          1.0
        ],
        [
          1.0,
          0.0,
          -0.0,
          -0.0,
          -0.0,
          1e-06,
          -1.0,
          0.377114,
          0.0,
          1.0,
          1e-06,
          -0.0,
          0.0,
          0.0,
          0.0,
          1.0
        ],
        [
          1.0,
          0.0,
          -0.0,
          0.0,
          -0.0,
          1e-06,
          -1.0,
          0.380644,
          -0.0,
          1.0,
          1e-06,
          0.0,
          0.0,
          0.0,
          0.0,
          1.0
        ],
        [
          1.0,
          0.0,
          -0.0,
          0.0,
          -0.0,
          1e-06,
          -1.0,
          0.385586,
          -0.0,
          1.0,
          1e-06,
          -0.0,
          0.0,
          0.0,
          0.0,
          1.0
        ],
        [
          1.0,
          0.0,
          -0.0,
          -0.0,
          -0.0,
          1e-06,
          -1.0,
          0.392183,
          -0.0,
          1.0,
          1e-06,
          -0.0,
          0.0,
          0.0,
          0.0,
          1.0
        ],
        [
          1.0,
          0.0,
          -0.0,
          -0.0,
          -0.0,
          1e-06,
          -1.0,
          0.400666,
          -0.0,
          1.0,
          1e-06,
          -0.0,
          0.0,
          0.0,
          0.0,
          1.0
        ],
        [
          1.0,
          -0.0,
          -0.0,
          -0.0,
          -0.0,
          1e-06,
          -1.0,
          0.411244,
          -0.0,
          1.0,
          1e-06,
          -0.0,
          0.0,
          0.0,
          0.0,
          1.0
        ],
        [
          1.0,
          0.0,
          -0.0,
          0.0,
          -0.0,
          1e-06,
          -1.0,
          0.430033,
          -0.0,
          1.0,
          1e-06,
          -0.0,
          0.0,
          0.0,
          0.0,
          1.0
        ],
        [
          1.0,
          0.0,
          -0.0,
          -0.0,
          -0.0,
          1e-06,
          -1.0,
          0.458728,
          -0.0,
          1.0,
          1e-06,
          -0.0,
          0.0,
          0.0,
          0.0,
          1.0
        ],
        [
          1.0,
          0.0,
          -0.0,
          0.0,
          -0.0,
          1e-06,
          -1.0,
          0.48472,
          -0.0,
          1.0,
          1e-06,
          -0.0,
          0.0,
          0.0,
          0.0,
          1.0
        ],
        [
          1.0,
          0.0,
          -0.0,
          0.0,
          -0.0,
          1e-06,
          -1.0,
          0.48472,
          -0.0,
          1.0,
          1e-06,
          -0.0,
          0.0,
          0.0,
          0.0,
          1.0
        ],
        [
          1.0,
          0.0,
          -0.0,
          0.0,
          -0.0,
          1e-06,
          -1.0,
          0.48472,
          -0.0,
          1.0,
          1e-06,
          -0.0,
          0.0,
          0.0,
          0.0,
          1.0
        ],
        [
          1.0,
          0.0,
          -0.0,
          0.0,
          -0.0,
          1e-06,
          -1.0,
          0.48472,
          -0.0,
          1.0,
          1e-06,
          -0.0,
          0.0,
          0.0,
          0.0,
          1.0
        ],
        [
          1.0,
          0.0,
          -0.0,
          0.0,
          -0.0,
          1e-06,
          -1.0,
          0.48472,
          -0.0,
          1.0,
          1e-06,
          -0.0,
          0.0,
          0.0,
          0.0,
          1.0
        ],
        [
          1.0,
          0.0,
          -0.0,
          0.0,
          -0.0,
          1e-06,
          -1.0,
          0.48472,
          -0.0,
          1.0,
          1e-06,
          -0.0,
          0.0,
          0.0,
          0.0,
          1.0
        ],
        [
          1.0,
          0.0,
          -0.0,
          0.0,
          -0.0,
          1e-06,
          -1.0,
          0.455626,
          -0.0,
          1.0,
          1e-06,
          -0.0,
          0.0,
          0.0,
          0.0,
          1.0
        ],
        [
          1.0,
          0.0,
          -0.0,
          0.0,
          -0.0,
          1e-06,
          -1.0,
          0.427306,
          -0.0,
          1.0,
          1e-06,
          -0.0,
          0.0,
          0.0,
          0.0,
          1.0
        ],
        [
          1.0,
          0.0,
          -0.0,
          -0.0,
          -0.0,
          1e-06,
          -1.0,
          0.413609,
          0.0,
          1.0,
          1e-06,
          0.0,
          0.0,
          0.0,
          0.0,
          1.0
        ],
        [
          1.0,
          0.0,
          -0.0,
          -0.0,
          -0.0,
          1e-06,
          -1.0,
          0.398161,
          -0.0,
          1.0,
          1e-06,
          0.0,
          0.0,
          0.0,
          0.0,
          1.0
        ],
        [
          1.0,
          0.0,
          -0.0,
          0.0,
          -0.0,
          1e-06,
          -1.0,
          0.38397,
          -0.0,
          1.0,
          1e-06,
          -0.0,
          0.0,
          0.0,
          0.0,
          1.0
        ],
        [
          1.0,
          0.0,
          -0.0,
          -0.0,
          -0.0,
          1e-06,
          -1.0,
          0.37472,
          -0.0,
          1.0,
          1e-06,
          0.0,
          0.0,
          0.0,
          0.0,
          1.0
        ],
        [
          1.0,
          0.0,
          -0.0,
          0.0,
          -0.0,
          1e-06,
          -1.0,
          0.37472,
          -0.0,
          1.0,
